# 3dvolreg matrices (DICOM-to-DICOM, row-by-row):
     0.999979   -0.00265989   -0.00591658      0.160081    0.00273475      0.999916     0.0126821      -2.12261    0.00588235     -0.012698      0.999902       1.24875
      0.99998   -0.00230078   -0.00591133      0.139543    0.00237177      0.999925     0.0120311      -2.23346    0.00588321    -0.0120449       0.99991       1.21045
      0.99998   -0.00241668   -0.00577436        0.1297    0.00248282      0.999931     0.0114751      -2.18608    0.00574623    -0.0114892      0.999917       1.23235
     0.999982   -0.00230848   -0.00555243      0.144773    0.00237354      0.999928     0.0117397      -2.20003    0.00552493    -0.0117527      0.999916       1.25594
      0.99998   -0.00273813   -0.00573168      0.144919     0.0027993      0.999939      0.010693      -2.19988    0.00570205    -0.0107088      0.999926       1.21088
     0.999983   -0.00250676   -0.00523216       0.15838    0.00256789      0.999928     0.0117105       -2.2036    0.00520243    -0.0117237      0.999918       1.28233
     0.999981   -0.00257095   -0.00559618        0.1396    0.00262964      0.999941      0.010505      -2.20581    0.00556884    -0.0105196      0.999929       1.23034
     0.999982   -0.00254572   -0.00543382      0.152658    0.00260765      0.999931     0.0114206      -2.20109    0.00540438    -0.0114345       0.99992       1.25105
      0.99998   -0.00298164   -0.00553177      0.161372    0.00304155      0.999936     0.0108541      -2.22725    0.00549905    -0.0108707      0.999926       1.18222
     0.999977   -0.00324569   -0.00590875      0.174654    0.00330613      0.999942     0.0102488      -2.19143    0.00587514    -0.0102681       0.99993       1.19474
     0.999982   -0.00230051   -0.00552475      0.161457     0.0023682      0.999922     0.0122772      -2.21733    0.00549608      -0.01229      0.999909       1.18778
     0.999982    -0.0022115   -0.00556481      0.155115    0.00227699      0.999928     0.0117895      -2.17334    0.00553833    -0.0118019      0.999915       1.15818
     0.999982   -0.00207344   -0.00561571      0.151382    0.00213975      0.999928     0.0118283      -2.18758    0.00559078    -0.0118401      0.999914       1.22481
      0.99998   -0.00206286   -0.00598138      0.143166    0.00213085      0.999933     0.0113838      -2.15361    0.00595749    -0.0113963      0.999917       1.18941
     0.999981   -0.00228457   -0.00575915      0.144704    0.00235136       0.99993     0.0116187      -2.17614     0.0057322    -0.0116321      0.999916       1.24159
     0.999981   -0.00229043    -0.0056604       0.14453    0.00235604       0.99993     0.0116104      -2.22768    0.00563341    -0.0116236      0.999917       1.16921
     0.999979   -0.00260748   -0.00586992      0.139475    0.00266716      0.999945     0.0101829      -2.20106    0.00584304    -0.0101983      0.999931       1.19224
     0.999982   -0.00259877   -0.00546357      0.133743    0.00265731      0.999939     0.0107347      -2.23745    0.00543534     -0.010749      0.999927       1.20145
      0.99998   -0.00280796   -0.00562191      0.143193    0.00286367      0.999947    0.00992616      -2.21415    0.00559374   -0.00994206      0.999935       1.15941
      0.99998   -0.00288557   -0.00570707      0.148162    0.00294656      0.999938     0.0107075      -2.22904    0.00567582    -0.0107241      0.999926       1.23481
     0.999979   -0.00290274   -0.00586429       0.14707    0.00296801      0.999933     0.0111529      -2.23602    0.00583153    -0.0111701      0.999921       1.17925
     0.999979   -0.00260107   -0.00591517       0.15507    0.00266816      0.999932     0.0113627      -2.18459    0.00588522    -0.0113782      0.999918       1.18271
     0.999981   -0.00219181   -0.00570299      0.161414    0.00225794       0.99993     0.0116152      -2.22503    0.00567713    -0.0116279      0.999916       1.15291
     0.999978   -0.00228918     -0.006258      0.174025    0.00235474      0.999942     0.0104897      -2.18003    0.00623362    -0.0105042      0.999925       1.14852
      0.99998   -0.00268956   -0.00575344       0.17996    0.00275532      0.999931      0.011454      -2.19248    0.00572224    -0.0114696      0.999918       1.24082
      0.99998   -0.00242403   -0.00590798      0.154997    0.00249564      0.999923     0.0121443      -2.15951    0.00587809    -0.0121588      0.999909       1.16897
      0.99998   -0.00265121   -0.00582143      0.150149    0.00271733      0.999932     0.0113785      -2.21314    0.00579086    -0.0113941      0.999918       1.19096
      0.99998   -0.00241793   -0.00589174      0.141736    0.00248693      0.999928     0.0117318      -2.24073    0.00586295    -0.0117462      0.999914       1.14416
      0.99998   -0.00188886   -0.00610036      0.146665    0.00196067      0.999929     0.0117876      -2.18626    0.00607766    -0.0117993      0.999912       1.11823
     0.999982   -0.00186231   -0.00574036      0.154779     0.0019339       0.99992     0.0124914      -2.23506    0.00571664    -0.0125022      0.999906        1.1367
     0.999981   -0.00259558   -0.00559933      0.178089    0.00265793      0.999934     0.0111566      -2.20915    0.00557001    -0.0111712      0.999922       1.12137
     0.999984   -0.00225429   -0.00520617      0.182685    0.00231946      0.999919     0.0125447      -2.21623    0.00517747    -0.0125566      0.999908       1.15819
     0.999981   -0.00226654   -0.00570191      0.190429    0.00233478      0.999925     0.0119909      -2.18806     0.0056743     -0.012004      0.999912       1.10285
     0.999982   -0.00220452   -0.00558086      0.173015    0.00227388       0.99992     0.0124525      -2.17079    0.00555296     -0.012465      0.999907       1.16348
     0.999984   -0.00209217   -0.00533422      0.170455    0.00215812      0.999921     0.0123887      -2.18982    0.00530788       -0.0124      0.999909       1.12613
     0.999985   -0.00234868   -0.00501197      0.195341    0.00240932      0.999924     0.0121271      -2.17335     0.0049831    -0.0121389      0.999914       1.15904
     0.999984   -0.00227321   -0.00521042       0.17554    0.00233653      0.999923     0.0121789       -2.2061    0.00518234    -0.0121909      0.999912       1.14777
     0.999982   -0.00254748   -0.00545197      0.183196    0.00261017       0.99993     0.0115239      -2.16608    0.00542223    -0.0115379      0.999919        1.1603
     0.999983   -0.00207326   -0.00536596      0.169257    0.00213933      0.999922     0.0123356      -2.21819    0.00533996    -0.0123469       0.99991       1.16382
     0.999981   -0.00216144   -0.00573157      0.157463    0.00223056      0.999925     0.0120809      -2.19486    0.00570503    -0.0120935      0.999911       1.09274
     0.999981     -0.002255   -0.00574462      0.157985    0.00233025      0.999911     0.0131264      -2.18576    0.00571451    -0.0131395      0.999897       1.12077
     0.999982   -0.00241654   -0.00552833      0.169451    0.00248482       0.99992     0.0123779      -2.17505    0.00549798    -0.0123914      0.999908       1.09125
     0.999982   -0.00265182   -0.00529071      0.173687    0.00271593      0.999923     0.0121467      -2.19654    0.00525809    -0.0121608      0.999912       1.14756
     0.999983   -0.00256163    -0.0052356      0.170733    0.00262238      0.999929     0.0116298       -2.1786    0.00520544    -0.0116433      0.999919       1.12033
     0.999983   -0.00230611   -0.00532773      0.170194    0.00236914      0.999927     0.0118558        -2.196        0.0053    -0.0118682      0.999916       1.15263
     0.999984    -0.0022857   -0.00521203      0.181849    0.00234082      0.999941      0.010594      -2.19273    0.00518751    -0.0106061       0.99993        1.1024
     0.999981   -0.00279065   -0.00544622      0.177343    0.00284845      0.999939     0.0106335      -2.23474    0.00541622    -0.0106488      0.999929       1.11366
     0.999982   -0.00279335   -0.00536807       0.17051    0.00284951      0.999941     0.0104839      -2.22161    0.00533847     -0.010499      0.999931        1.0651
     0.999982   -0.00272367   -0.00540529      0.179346    0.00278029      0.999941     0.0104958       -2.2176    0.00537638    -0.0105106       0.99993       1.09083
     0.999984    -0.0023448   -0.00507203      0.192596    0.00240208      0.999933     0.0113151      -2.23692    0.00504516    -0.0113271      0.999923        1.0762
     0.999986   -0.00221867   -0.00483809      0.174675    0.00226941      0.999942     0.0105065      -2.21798     0.0048145    -0.0105174      0.999933       1.08287
     0.999984   -0.00182065   -0.00544543      0.142465    0.00188271      0.999933     0.0114134      -2.21902    0.00542428    -0.0114235       0.99992       1.08087
     0.999983   -0.00165654   -0.00562696      0.141856    0.00171769      0.999939     0.0108806      -2.18678    0.00560859    -0.0108901      0.999925       1.07631
     0.999985   -0.00162415   -0.00528327      0.142216    0.00168311      0.999936     0.0111747      -2.20743    0.00526478    -0.0111834      0.999924        1.0353
     0.999982   -0.00177122   -0.00578513      0.141872    0.00183164      0.999944     0.0104552      -2.17745    0.00576628    -0.0104656      0.999929      0.999841
     0.999982   -0.00153933   -0.00573209      0.130465    0.00160505      0.999933     0.0114783      -2.20939    0.00571403    -0.0114873      0.999918       1.02662
     0.999982   -0.00155815   -0.00577091      0.119184    0.00162058       0.99994     0.0108291      -2.19911    0.00575369    -0.0108382      0.999925      0.957689
     0.999982   -0.00146498   -0.00573181      0.111797    0.00152399      0.999946     0.0103046      -2.20082    0.00571641    -0.0103132       0.99993       1.00727
     0.999983   -0.00144932   -0.00564788      0.115129    0.00150516       0.99995    0.00989647      -2.22594    0.00563326    -0.0099048      0.999935      0.956091
     0.999983    -0.0013354   -0.00562974      0.111884    0.00138788      0.999956    0.00932949      -2.23759    0.00561703   -0.00933715      0.999941       1.00068
     0.999986   -0.00109035   -0.00521711      0.107995    0.00113944      0.999955    0.00941657      -2.26116    0.00520661   -0.00942238      0.999942       0.99837
     0.999984     -0.001626    -0.0055091      0.122033    0.00167365      0.999961    0.00865648      -2.20641    0.00549481   -0.00866555      0.999947      0.987618
     0.999986   -0.00134309   -0.00516253      0.134216    0.00139267      0.999953    0.00961111      -2.26219    0.00514938   -0.00961816       0.99994      0.978824
     0.999986   -0.00138703   -0.00505212      0.128902    0.00143459      0.999955    0.00942136       -2.2332    0.00503883   -0.00942848      0.999943      0.946543
     0.999986   -0.00113684   -0.00521652      0.122311    0.00118482      0.999957    0.00920449      -2.22435    0.00520583   -0.00921054      0.999944       1.01759
     0.999987   -0.00113551   -0.00500957      0.123843    0.00118386      0.999953    0.00965875      -2.30539    0.00499837   -0.00966456      0.999941      0.960976
     0.999985   -0.00139891   -0.00534227      0.122616    0.00144487      0.999962    0.00860752       -2.2342    0.00533003   -0.00861511      0.999949      0.949842
     0.999987   -0.00156528   -0.00486102      0.168107    0.00161394      0.999948     0.0100233      -2.22489    0.00484508     -0.010031      0.999938       0.93995
     0.999986   -0.00221309   -0.00482476      0.164732    0.00225831      0.999953    0.00938742      -2.22295    0.00480376   -0.00939819      0.999944      0.911839
     0.999987   -0.00214187   -0.00469231      0.162277    0.00218369      0.999958    0.00892555      -2.23379      0.004673   -0.00893568      0.999949        1.0058
     0.999987   -0.00165675   -0.00487193      0.151456    0.00169908      0.999961    0.00869793       -2.2277    0.00485733    -0.0087061       0.99995      0.983411
     0.999987    -0.0014092   -0.00489886       0.15817    0.00145281      0.999959    0.00890928      -2.24407    0.00488611   -0.00891629      0.999948       1.03352
     0.999986   -0.00136135   -0.00513668      0.143124    0.00140839      0.999957    0.00916634       -2.2373    0.00512398   -0.00917344      0.999945      0.989673
     0.999985   -0.00140884   -0.00531346      0.131141    0.00145831      0.999956    0.00931816      -2.25619    0.00530009   -0.00932577      0.999942      0.993229
     0.999986   -0.00110144   -0.00509853      0.112878    0.00115011      0.999954    0.00955359      -2.29058    0.00508777   -0.00955932      0.999941       0.99021
     0.999987   -0.00118699   -0.00500614      0.115498    0.00123571      0.999952    0.00973949      -2.20564    0.00499434   -0.00974555       0.99994      0.959725
     0.999985   -0.00158719   -0.00514632      0.134668    0.00163303      0.999959    0.00891531      -2.19656    0.00513196   -0.00892358      0.999947      0.954981
     0.999986   -0.00141788   -0.00504126      0.138184    0.00146462      0.999956    0.00927936      -2.27337    0.00502788   -0.00928662      0.999944      0.997669
     0.999986   -0.00147546   -0.00509445      0.139035    0.00152266      0.999956    0.00927345      -2.27526    0.00508054   -0.00928108      0.999944      0.933731
     0.999985   -0.00164958   -0.00519101      0.144323    0.00169603      0.999958    0.00895543      -2.22003    0.00517602    -0.0089641      0.999946       0.95842
     0.999986   -0.00131369    -0.0051479      0.131705    0.00136472       0.99995     0.0099232      -2.27497    0.00513461   -0.00993008      0.999938       1.00599
     0.999985   -0.00137016   -0.00521962      0.126405    0.00142122      0.999951    0.00979104       -2.2853    0.00520594   -0.00979831      0.999938      0.936341
     0.999984   -0.00180321   -0.00529578      0.141552    0.00184911      0.999961    0.00867615      -2.20473    0.00527993   -0.00868581      0.999948      0.918792
     0.999986   -0.00172631    -0.0049971      0.152646    0.00177335      0.999954    0.00942428      -2.25004     0.0049806   -0.00943301      0.999943      0.976244
     0.999987   -0.00193844   -0.00471199      0.157512     0.0019839      0.999951     0.0096621      -2.28744    0.00469303   -0.00967132      0.999942      0.948163
     0.999986   -0.00206511   -0.00494338      0.142909    0.00211131      0.999954     0.0093575      -2.23866    0.00492383    -0.0093678      0.999944      0.942197
     0.999986   -0.00147846   -0.00499863      0.127162    0.00152863      0.999948     0.0100471      -2.26028    0.00498352    -0.0100546      0.999937      0.977295
     0.999986   -0.00163016   -0.00494787      0.127396    0.00168329      0.999941     0.0107523      -2.22962    0.00493005    -0.0107605       0.99993      0.950459
     0.999984   -0.00182049   -0.00533038      0.141989     0.0018714      0.999953    0.00956279      -2.20572    0.00531272   -0.00957261       0.99994      0.923229
     0.999986   -0.00112513   -0.00517599      0.125762    0.00117634       0.99995    0.00990072      -2.24286    0.00516459   -0.00990667      0.999938       1.00349
     0.999987   -0.00138978   -0.00491062      0.137803    0.00144207      0.999942     0.0106606      -2.28796    0.00489552    -0.0106676      0.999931      0.947087
     0.999985   -0.00148069   -0.00532866      0.116433    0.00153537      0.999946     0.0102723      -2.25903    0.00531316    -0.0102803      0.999933      0.841382
     0.999984   -0.00125302   -0.00557605      0.101134    0.00131086      0.999945     0.0103815      -2.23919    0.00556274    -0.0103886      0.999931      0.855909
     0.999986   -0.00122366   -0.00516671      0.090664    0.00127761      0.999945     0.0104522      -2.32056    0.00515363    -0.0104586      0.999932      0.876945
     0.999984   -0.00128705   -0.00542209     0.0782144    0.00133902      0.999953    0.00959319      -2.29708    0.00540949    -0.0096003      0.999939       0.82616
     0.999981   -0.00148969   -0.00595861     0.0752781    0.00154744      0.999952    0.00969825      -2.31261    0.00594387   -0.00970729      0.999935      0.888984
     0.999983   -0.00120288   -0.00570668     0.0488332    0.00125879      0.999951    0.00980466      -2.30578    0.00569461   -0.00981167      0.999936      0.906997
     0.999984   -0.00102951   -0.00553315     0.0460805    0.00108181      0.999955    0.00945822      -2.29889    0.00552316   -0.00946406       0.99994      0.896966
     0.999982   -0.00131955   -0.00577179     0.0576644    0.00137013      0.999961    0.00876886      -2.28938       0.00576   -0.00877661      0.999945       0.90408
     0.999985   -0.00110301   -0.00539359      0.078601    0.00115486      0.999953    0.00961975      -2.33243    0.00538272   -0.00962583      0.999939      0.895729
     0.999985   -0.00133433   -0.00524418     0.0902722    0.00138648       0.99995    0.00995283      -2.36027    0.00523063   -0.00995995      0.999937      0.862088
     0.999985   -0.00128762   -0.00528968     0.0954133    0.00133347      0.999961    0.00867375      -2.33141    0.00527831   -0.00868068      0.999948      0.836376
     0.999987   -0.00123755    -0.0050463     0.0919539    0.00128393      0.999957    0.00919665      -2.37424     0.0050347     -0.009203      0.999945      0.862726
     0.999986   -0.00110259   -0.00517198     0.0722121     0.0011486       0.99996    0.00890232      -2.34002    0.00516195   -0.00890814      0.999947      0.787707
     0.999987   -0.00109382   -0.00498977      0.052611    0.00113701      0.999962    0.00866128       -2.3428     0.0049801   -0.00866684       0.99995      0.898498
     0.999988   -0.00106534   -0.00471981     0.0652793    0.00110452      0.999965    0.00830804      -2.42306     0.0047108   -0.00831315      0.999954      0.892599
     0.999986   -0.00158548   -0.00497733      0.122077    0.00162533      0.999967     0.0080139       -2.3752    0.00496446   -0.00802188      0.999956      0.831019
     0.999989   -0.00117153   -0.00460091      0.124193    0.00121134      0.999962    0.00865893      -2.43704    0.00459059   -0.00866441      0.999952      0.849847
      0.99999    -0.0017833   -0.00421149      0.142513    0.00181957      0.999961    0.00862429      -2.43314    0.00419595   -0.00863186      0.999954      0.824997
     0.999989   -0.00188565   -0.00427418      0.137388    0.00192178      0.999962    0.00846508      -2.39342    0.00425806    -0.0084732      0.999955      0.839816
     0.999991   -0.00145807    -0.0040059      0.128512    0.00149338       0.99996    0.00882756      -2.45874    0.00399287   -0.00883347      0.999953        0.8537
      0.99999   -0.00137734   -0.00419097      0.130081    0.00141055      0.999968    0.00793135      -2.42814    0.00417991   -0.00793719       0.99996      0.817358
     0.999991   -0.00131075   -0.00411387      0.125722    0.00134469      0.999965    0.00825803      -2.42057    0.00410291   -0.00826349      0.999957      0.835945
     0.999991   -0.00104377    -0.0040583      0.100692    0.00107847      0.999963     0.0085588      -2.46771    0.00404922    -0.0085631      0.999955       0.82692
     0.999991   -0.00129676   -0.00402635      0.098536     0.0013283      0.999968    0.00784017      -2.47715    0.00401605   -0.00784545      0.999961      0.823993
     0.999991   -0.00120904    -0.0040981      0.103941    0.00123757      0.999975    0.00696647      -2.46126    0.00408958   -0.00697148      0.999967      0.815255
     0.999992   -0.00101542   -0.00399303     0.0890761    0.00104563      0.999971    0.00756977      -2.48277    0.00398523   -0.00757388      0.999963      0.830543
     0.999991    -0.0011824   -0.00403791     0.0780493    0.00121267      0.999971    0.00750334      -2.50044    0.00402892   -0.00750817      0.999964      0.771018
     0.999989   -0.00116396   -0.00459988     0.0591406     0.0011942      0.999978    0.00657713      -2.48523    0.00459212   -0.00658255      0.999968      0.838045
     0.999988   -0.00100527   -0.00485496     0.0173607     0.0010453      0.999965    0.00825125      -2.54888    0.00484649   -0.00825623      0.999954      0.830835
     0.999988   -0.00106682   -0.00471051     0.0216068    0.00110288       0.99997    0.00765869      -2.58978     0.0047022   -0.00766379       0.99996      0.766259
     0.999988  -0.000866472   -0.00483827     0.0416344   0.000901278      0.999974     0.0071964      -2.48965    0.00483191   -0.00720067      0.999962      0.814936
     0.999989  -0.000851637   -0.00458883     0.0331822   0.000887774      0.999969    0.00787872      -2.52712    0.00458197    -0.0078827      0.999958      0.861773
      0.99999  -0.000902996   -0.00438214      0.035567   0.000933185      0.999976    0.00689201      -2.57368    0.00437581   -0.00689603      0.999967      0.751949
     0.999991   -0.00126638   -0.00413106     0.0524174    0.00128776      0.999986    0.00517695      -2.56334    0.00412445   -0.00518222      0.999978      0.755373
     0.999992    -0.0018488   -0.00363597     0.0822723    0.00186929      0.999982    0.00563989      -2.62945    0.00362547   -0.00564664      0.999977      0.707134
      0.99999   -0.00191711   -0.00400507      0.090628    0.00194022      0.999981    0.00577382      -2.60323    0.00399393   -0.00578153      0.999975      0.665164
      0.99999    -0.0015656   -0.00411171     0.0741235    0.00159223      0.999978    0.00648216      -2.63361    0.00410147   -0.00648865      0.999971      0.730587
     0.999992   -0.00125129   -0.00388367     0.0396739     0.0012728      0.999984     0.0055393      -2.68746    0.00387668    -0.0055442      0.999977      0.712464
     0.999991   -0.00100363   -0.00418254     0.0542333    0.00102796      0.999983    0.00581934      -2.61736    0.00417663   -0.00582359      0.999974      0.675973
     0.999992  -0.000910509   -0.00401349     0.0793432   0.000935618       0.99998    0.00625878      -2.66332    0.00400771   -0.00626248      0.999972      0.702285
     0.999991   -0.00135315    -0.0039762     0.0857403    0.00137761       0.99998     0.0061552      -2.72404    0.00396779   -0.00616062      0.999973      0.667258
     0.999989  -0.000864681    -0.0045766     0.0286248   0.000891345      0.999983    0.00582737      -2.72478    0.00457148   -0.00583139      0.999973      0.685042
     0.999988  -0.000465025   -0.00481646    -0.0042484   0.000491022      0.999985    0.00539757      -2.75353    0.00481388   -0.00539987      0.999974      0.690933
     0.999987  -0.000320463   -0.00503212    -0.0240791   0.000345339      0.999988    0.00494332      -2.71342    0.00503048     -0.004945      0.999975      0.738203
     0.999987  -9.33269e-05   -0.00506711    -0.0363672   0.000118556      0.999988    0.00497895      -2.68357    0.00506659   -0.00497949      0.999975      0.771498
     0.999986   4.83907e-05   -0.00525934    -0.0404723  -2.08815e-05      0.999986    0.00523046      -2.69538    0.00525953   -0.00523028      0.999972      0.749603
     0.999986   -0.00052147   -0.00518666   -0.00100824   0.000548067      0.999987    0.00512782      -2.66414    0.00518392   -0.00513059      0.999973      0.741493
      0.99999  -0.000573474   -0.00449205     0.0150419   0.000596448      0.999987    0.00511478      -2.74541    0.00448905    -0.0051174      0.999977      0.752873
     0.999989  -0.000811391   -0.00468706     0.0204527   0.000830916      0.999991    0.00416514      -2.75135    0.00468364   -0.00416899       0.99998      0.670772
     0.999982  -0.000754535   -0.00601621    -0.0287998   0.000786925      0.999985    0.00538324      -2.72378    0.00601206   -0.00538787      0.999967      0.716995
      0.99998   0.000292381   -0.00629001     -0.074975    -0.0002535      0.999981    0.00618121      -2.83567    0.00629169    -0.0061795      0.999961      0.800794
     0.999983   0.000449418   -0.00585533    -0.0674626  -0.000407311      0.999974    0.00719042      -2.85528    0.00585841   -0.00718791      0.999957      0.732545
      0.99998   0.000296038   -0.00627095    -0.0716791  -0.000263344      0.999986    0.00521372      -2.88291    0.00627241   -0.00521196      0.999967      0.636952
     0.999976   0.000106916   -0.00695871    -0.0822604  -7.65317e-05       0.99999    0.00436647      -2.86359    0.00695911   -0.00436583      0.999966      0.653354
     0.999978   4.96736e-05   -0.00657401    -0.0755906  -1.53384e-05      0.999986    0.00522281      -2.89806    0.00657418    -0.0052226      0.999965      0.638061
     0.999978  -3.92679e-05    -0.0066219    -0.0646714   7.18462e-05      0.999988    0.00491962      -2.87979    0.00662163   -0.00491999      0.999966      0.569583
     0.999981  -0.000263491   -0.00621639    -0.0390379   0.000294868      0.999987    0.00504714      -2.87306    0.00621498   -0.00504887      0.999968      0.592962
     0.999981  -0.000103156   -0.00621994    -0.0579654    0.00013509      0.999987    0.00513388      -2.90368    0.00621933   -0.00513462      0.999967      0.573129
     0.999975  -0.000336818   -0.00701004    -0.0696785   0.000380356      0.999981    0.00621044      -2.78138    0.00700782   -0.00621296      0.999956      0.496762
     0.999985  -0.000141894   -0.00547414    -0.0399748   0.000178187      0.999978    0.00662989       -2.6395    0.00547308   -0.00663077      0.999963      0.471566
      0.99999   0.000570316   -0.00452079    -0.0616427  -0.000543812      0.999983    0.00586175      -2.66791    0.00452406   -0.00585923      0.999973      0.727177
     0.999988   0.000699536     -0.004876    -0.0485122  -0.000673658      0.999986    0.00530673       -2.7102    0.00487965   -0.00530338      0.999974      0.742575
      0.99999   0.000775216   -0.00433965    -0.0261874  -0.000755898       0.99999     0.0044514      -2.74646    0.00434306   -0.00444807      0.999981      0.708111
     0.999991    0.00058921   -0.00418838    -0.0129827  -0.000571133      0.999991    0.00431577      -2.77663    0.00419088   -0.00431334      0.999982      0.683269
     0.999989   0.000857287   -0.00459272    -0.0369148  -0.000832842      0.999985    0.00532192      -2.85529    0.00459721   -0.00531803      0.999975      0.705751
     0.999986   0.000688412   -0.00524436    -0.0412937  -0.000663548      0.999989    0.00474146      -2.77728    0.00524757   -0.00473791      0.999975      0.646923
     0.999985    0.00124336   -0.00542516    -0.0756247   -0.00121623      0.999987    0.00500083       -2.8139    0.00543131   -0.00499416      0.999973      0.599629
     0.999986    0.00131198   -0.00521475     -0.079515   -0.00128906       0.99999    0.00439665      -2.92603    0.00522047   -0.00438987      0.999977      0.624148
     0.999985   0.000978068   -0.00534498    -0.0833671  -0.000952125      0.999988     0.0048541      -2.92029    0.00534967   -0.00484893      0.999974      0.607633
     0.999986   0.000855892   -0.00516636    -0.0663326  -0.000830705      0.999988    0.00487545      -2.93056    0.00517047   -0.00487109      0.999975      0.557897
     0.999989   0.000524775   -0.00474124    -0.0333972  -0.000503413       0.99999    0.00450563      -2.93531    0.00474356   -0.00450319      0.999979      0.536749
     0.999988   0.000390051     -0.004961    -0.0420619  -0.000364522      0.999987    0.00514589      -2.90055    0.00496294   -0.00514402      0.999974      0.504875
     0.999987   0.000617085   -0.00505049    -0.0592061  -0.000593683      0.999989    0.00463367      -2.93448    0.00505329   -0.00463061      0.999977      0.501403
     0.999987   0.000174951   -0.00500876    -0.0346357  -0.000151086      0.999989    0.00476468      -2.89923    0.00500954   -0.00476386      0.999976      0.488204
     0.999987   0.000292746   -0.00515273     -0.037213  -0.000265606      0.999986    0.00526693      -2.82766     0.0051542   -0.00526549      0.999973      0.500531
     0.999988   0.000876316     -0.004815    -0.0679053  -0.000852399      0.999987      0.004967      -2.96065     0.0048193   -0.00496284      0.999976      0.550041
     0.999987   0.000440569   -0.00499828    -0.0760388  -0.000415912      0.999988    0.00493303      -3.01039     0.0050004   -0.00493089      0.999975      0.564086
     0.999988   0.000429282   -0.00495932    -0.0662194  -0.000404984      0.999988    0.00489934      -3.02791    0.00496136   -0.00489727      0.999976      0.501011
     0.999988   7.52581e-05   -0.00496309    -0.0393901  -5.20948e-05      0.999989    0.00466708      -2.96833    0.00496339   -0.00466677      0.999977      0.486678
     0.999989   0.000347756   -0.00478253    -0.0383769  -0.000325388      0.999989      0.004677      -3.00716    0.00478411   -0.00467539      0.999978      0.539946
     0.999988   0.000542598   -0.00483869    -0.0316988  -0.000518798      0.999988    0.00491863      -3.00618     0.0048413   -0.00491607      0.999976      0.515623
     0.999988   0.000259504   -0.00494898    -0.0217407  -0.000238112      0.999991    0.00432259      -2.88595    0.00495006   -0.00432136      0.999978      0.551151
      0.99999   0.000531433   -0.00436392    0.00772025  -0.000510245      0.999988    0.00485481      -2.94506    0.00436645   -0.00485253      0.999979      0.601335
     0.999992   0.000220538   -0.00401749     0.0409675  -0.000201863      0.999989     0.0046482      -2.95805    0.00401847   -0.00464735      0.999981      0.561183
     0.999992   0.000224684   -0.00406792     0.0355861  -0.000209967      0.999993    0.00361786       -2.9122     0.0040687   -0.00361697      0.999985      0.570238
     0.999992   0.000721066   -0.00404034    0.00133599  -0.000704809      0.999992    0.00402376      -3.01374    0.00404321   -0.00402088      0.999984      0.621167
     0.999991   0.000696509   -0.00419994   -0.00208479  -0.000679863      0.999992    0.00396361      -2.99279    0.00420267   -0.00396072      0.999983      0.570061
     0.999991   0.000571804   -0.00428092    0.00555779  -0.000555998      0.999993    0.00369247      -2.95311      0.004283   -0.00369006      0.999984      0.628358
     0.999991   0.000733933   -0.00408457     0.0146393   -0.00071882      0.999993     0.0037004      -3.00702    0.00408725   -0.00369743      0.999985      0.639535
     0.999992   0.000328353   -0.00394959     0.0423235  -0.000318632      0.999997    0.00246163      -3.03439    0.00395038   -0.00246035      0.999989      0.550283
     0.999986   0.000201269   -0.00534234   0.000806466  -0.000179428      0.999992    0.00408835      -3.06493    0.00534311   -0.00408733      0.999977      0.498792
     0.999984    0.00135072   -0.00543445    -0.0697808   -0.00132462      0.999988    0.00480181      -3.01412    0.00544087   -0.00479453      0.999974      0.545868
     0.999987   0.000720497   -0.00495432    -0.0175451  -0.000700512      0.999992    0.00403447      -3.02285    0.00495718   -0.00403095       0.99998      0.563407
     0.999989   0.000234268   -0.00468828     0.0394553  -0.000217431      0.999994    0.00359142      -2.96311    0.00468909   -0.00359036      0.999983      0.673164
     0.999991   0.000607754   -0.00419011     0.0125531  -0.000591471      0.999992    0.00388619      -3.00551    0.00419244   -0.00388368      0.999984      0.687646
      0.99999   0.000494175   -0.00443524     0.0220127  -0.000482344      0.999996    0.00266822      -2.97202    0.00443654   -0.00266606      0.999987      0.679112
     0.999991   0.000469039   -0.00430075     0.0397907   -0.00045644      0.999996       0.00293      -2.98482     0.0043021   -0.00292801      0.999986      0.704984
     0.999989    0.00101559   -0.00447419    -0.0210526   -0.00100033      0.999994    0.00341191      -3.05158    0.00447763    -0.0034074      0.999984      0.605887
     0.999991   0.000506584   -0.00413432     0.0269024  -0.000494812      0.999996    0.00284773      -2.98689    0.00413574   -0.00284566      0.999987      0.619547
     0.999993   0.000379182   -0.00375802     0.0514013  -0.000372765      0.999998    0.00170833      -2.98145    0.00375867   -0.00170692      0.999991      0.633355
     0.999994   0.000951446   -0.00338345     0.0450209   -0.00094674      0.999999    0.00139201      -3.03425    0.00338477   -0.00138879      0.999993      0.618425
     0.999994   0.000190475   -0.00353479     0.0848711  -0.000188233             1   0.000634404      -2.97264    0.00353491  -0.000633735      0.999994      0.614332
     0.999994   0.000183185     -0.003354      0.105398  -0.000179332      0.999999    0.00114902      -3.05947    0.00335421   -0.00114841      0.999994      0.689165
     0.999995   0.000215871   -0.00313009      0.112696  -0.000213896             1    0.00063137      -3.12766    0.00313023  -0.000630697      0.999995      0.620182
     0.999994  -6.48179e-05   -0.00354124      0.132904   6.68215e-05             1   0.000565691       -3.0134     0.0035412  -0.000565924      0.999994      0.593489
     0.999996   0.000243194   -0.00291819      0.142347  -0.000240387             1   0.000962171      -3.09628    0.00291842  -0.000961465      0.999995      0.631403
     0.999996   0.000407324   -0.00267318      0.145062  -0.000406044             1   0.000479404      -3.11014    0.00267337  -0.000478317      0.999996      0.592435
     0.999995   -0.00050516   -0.00308612      0.159323   0.000505048             1   -3.7128e-05        -3.017    0.00308614   3.55692e-05      0.999995      0.635866
     0.999996  -0.000721771   -0.00279679       0.19427   0.000722286             1   0.000183098      -3.04475    0.00279666  -0.000185118      0.999996      0.751192
     0.999996  -0.000633607   -0.00259311      0.191915   0.000632512             1  -0.000423104       -3.0717    0.00259338   0.000421463      0.999997      0.733625
     0.999995  -0.000420699   -0.00323008      0.152995   0.000418007             1  -0.000833989      -2.97752    0.00323043   0.000832635      0.999994      0.738597
     0.999995  -0.000217529   -0.00309052      0.139717   0.000216904             1  -0.000202585      -3.01361    0.00309057   0.000201913      0.999995      0.743101
     0.999996  -0.000681462   -0.00290968      0.158537   0.000681706             1    8.2842e-05      -3.00643    0.00290962  -8.48252e-05      0.999996       0.69057
     0.999995  -0.000323765   -0.00321122      0.148973   0.000322125             1  -0.000511309      -2.97684    0.00321138   0.000510272      0.999995      0.694689
     0.999996  -0.000296281   -0.00292614      0.155078   0.000292561      0.999999   -0.00127172      -3.06339    0.00292652    0.00127086      0.999995       0.67261
     0.999996  -0.000464667   -0.00292642       0.16368   0.000460954      0.999999   -0.00126908        -3.044      0.002927    0.00126772      0.999995      0.624935
     0.999995  -0.000685035   -0.00323367      0.176243   0.000679487      0.999998   -0.00171649      -2.99008    0.00323484    0.00171429      0.999993      0.620412
     0.999995  -9.08548e-05   -0.00307855      0.154005   8.84427e-05             1  -0.000783659      -3.03746    0.00307862   0.000783383      0.999995      0.664361
     0.999994  -4.55861e-05   -0.00342277      0.153164    4.0515e-05      0.999999   -0.00148163      -3.08792    0.00342284    0.00148148      0.999993      0.589938
     0.999994   0.000150045   -0.00349346      0.148009  -0.000155454      0.999999   -0.00154805      -3.10564    0.00349322    0.00154859      0.999993      0.622083
     0.999995   8.81969e-05   -0.00305605      0.173795  -9.24996e-05      0.999999   -0.00140781      -3.12414    0.00305592    0.00140808      0.999994      0.655786
