# 3dvolreg matrices (DICOM-to-DICOM, row-by-row):
     0.999985   -0.00493932   -0.00243195      0.413886    0.00491827      0.999951   -0.00858598      -3.13401    0.00247424    0.00857389       0.99996      0.937825
     0.999985   -0.00501956   -0.00220796      0.392782    0.00499751      0.999939   -0.00987777      -3.15528    0.00225741    0.00986659      0.999949      0.883663
     0.999986    -0.0049411   -0.00212704      0.391393    0.00492132      0.999945   -0.00920797      -3.17148    0.00217242    0.00919736      0.999955      0.919348
     0.999985   -0.00493925   -0.00216108      0.384488    0.00491803      0.999941    -0.0097196      -3.14589    0.00220896    0.00970883       0.99995      0.893084
     0.999985   -0.00508306   -0.00215043      0.390223    0.00506336      0.999946   -0.00906812      -3.18563    0.00219641    0.00905709      0.999957      0.922862
     0.999984   -0.00498712   -0.00260461      0.376315    0.00496167      0.999941   -0.00968731      -3.16158    0.00265277    0.00967423       0.99995      0.903409
     0.999984   -0.00508667    -0.0023741      0.388331    0.00506407      0.999943   -0.00943031      -3.17954    0.00242193    0.00941814      0.999953      0.957179
     0.999985   -0.00482194   -0.00263994      0.374774    0.00479518      0.999938    -0.0100518      -3.14997    0.00268824      0.010039      0.999946        0.9347
     0.999985   -0.00470033   -0.00269414      0.364582    0.00467671      0.999951   -0.00870649      -3.16139    0.00273493    0.00869377      0.999958      0.928098
     0.999985   -0.00466472    -0.0029201      0.350054    0.00463848      0.999949   -0.00892895      -3.14483     0.0029616    0.00891527      0.999956      0.877252
     0.999985   -0.00467058   -0.00275271      0.352813    0.00464733      0.999954   -0.00839426      -3.18758    0.00279179    0.00838134      0.999961      0.941148
     0.999985   -0.00466482    -0.0028666       0.34063    0.00463784      0.999946   -0.00934717       -3.1406    0.00291005    0.00933373      0.999952      0.912659
     0.999986   -0.00444026   -0.00289248      0.342386    0.00441488      0.999952   -0.00872111      -3.18416    0.00293107    0.00870822      0.999958      0.962505
     0.999987   -0.00417562   -0.00275472      0.327722    0.00415117      0.999952   -0.00881981      -3.16938    0.00279142    0.00880826      0.999957      0.921133
     0.999987   -0.00389982   -0.00340726      0.330762    0.00386334      0.999936    -0.0106501      -3.15324    0.00344857     0.0106368      0.999937      0.951113
     0.999984   -0.00430793   -0.00363626      0.367167    0.00427699      0.999955   -0.00847527       -3.1637    0.00367261    0.00845958      0.999957      0.996762
     0.999985   -0.00413698   -0.00360148       0.34463     0.0041116      0.999967   -0.00702578      -3.11126    0.00363042    0.00701087      0.999969      0.991553
     0.999985   -0.00396699   -0.00367433      0.336849    0.00393888      0.999963   -0.00762685      -3.08192    0.00370445    0.00761226      0.999964       1.01104
     0.999985   -0.00420943   -0.00338011      0.347636    0.00418514      0.999966   -0.00716084      -3.09401    0.00341014    0.00714659      0.999969      0.994806
     0.999984   -0.00436465   -0.00352516      0.343354    0.00433684       0.99996   -0.00785844      -3.07248    0.00355932    0.00784303      0.999963      0.993497
     0.999983    -0.0044517   -0.00363638      0.342292    0.00442573      0.999965   -0.00711907      -3.10343    0.00366794    0.00710286      0.999968      0.986135
     0.999984   -0.00430047   -0.00368687      0.314411    0.00427363      0.999965   -0.00725925      -3.07573    0.00371796    0.00724337      0.999967      0.941691
     0.999984   -0.00446943   -0.00343722      0.349677    0.00444666      0.999968   -0.00660209      -3.09769    0.00346662     0.0065867      0.999972      0.964538
     0.999984    -0.0045314   -0.00331073      0.356428    0.00450583       0.99996   -0.00768921       -3.0865    0.00334544    0.00767417      0.999965       0.97276
     0.999985   -0.00431209   -0.00349608      0.341986    0.00428596      0.999963   -0.00744774      -3.10996    0.00352807    0.00743264      0.999966       0.99223
     0.999985    -0.0040627   -0.00376652      0.330787    0.00403234       0.99996   -0.00803242      -3.07833      0.003799    0.00801711      0.999961       1.01925
     0.999985   -0.00433398    -0.0034166      0.346708    0.00430794      0.999962   -0.00759108      -3.10722    0.00344937    0.00757625      0.999965       1.03535
     0.999984   -0.00427687   -0.00357158      0.313273    0.00424739      0.999957    -0.0082194      -3.08795    0.00360658     0.0082041       0.99996       1.00392
     0.999984    -0.0043798   -0.00354492      0.339705    0.00435408      0.999964   -0.00723057      -3.11802    0.00357646    0.00721502      0.999968       1.02009
     0.999984   -0.00420651   -0.00366591       0.33376    0.00417818      0.999962   -0.00770394      -3.10222    0.00369818     0.0076885      0.999964       1.02159
     0.999985   -0.00409061   -0.00357158      0.337099    0.00406565      0.999967   -0.00696608      -3.11108    0.00359996    0.00695146      0.999969       1.01865
     0.999984   -0.00437749   -0.00362389      0.337666    0.00435034      0.999963   -0.00746835      -3.06457    0.00365645    0.00745246      0.999966      0.970111
     0.999984   -0.00455792   -0.00337583      0.357562    0.00453509      0.999967   -0.00673963      -3.09963    0.00340644    0.00672421      0.999972       1.02951
     0.999983    -0.0045932   -0.00345511      0.352368    0.00456987      0.999967   -0.00673052      -3.08478    0.00348591    0.00671462      0.999971      0.981964
     0.999984   -0.00457556   -0.00346902      0.349044    0.00455153      0.999966    -0.0069037      -3.07817    0.00350049    0.00688779       0.99997       0.99848
     0.999984   -0.00445014   -0.00348852      0.342801    0.00442663      0.999968   -0.00671938      -3.08011    0.00351831    0.00670383      0.999971       0.96059
     0.999984   -0.00454991   -0.00346751      0.340676    0.00452639      0.999967   -0.00676078      -3.08601    0.00349816    0.00674497      0.999971      0.992604
     0.999983   -0.00451539   -0.00355503      0.346795    0.00449176      0.999968    -0.0066265      -3.06727    0.00358484    0.00661042      0.999972       1.00247
     0.999982   -0.00466046   -0.00374249      0.343343    0.00463353      0.999964    -0.0071712      -3.04565    0.00377577    0.00715374      0.999967       1.02927
     0.999983    -0.0048072   -0.00344826      0.363875    0.00478392      0.999966   -0.00672944      -3.08351    0.00348049    0.00671283      0.999971       1.04082
     0.999982   -0.00491924   -0.00330983      0.378123    0.00489462      0.999961   -0.00740576       -3.0674    0.00334614    0.00738943      0.999967       1.03931
     0.999983   -0.00488765   -0.00325692      0.385139    0.00486413      0.999962   -0.00719105      -3.07702    0.00329194    0.00717508      0.999969       1.03895
     0.999982   -0.00500682   -0.00341077      0.384361    0.00497989      0.999957   -0.00785871      -3.04024    0.00344997    0.00784158      0.999963       1.05393
     0.999981   -0.00515371   -0.00331502      0.380404    0.00513081      0.999963   -0.00687794      -3.07962    0.00335034    0.00686081      0.999971       1.05001
     0.999981   -0.00503842   -0.00346615      0.383841    0.00501286       0.99996   -0.00734313      -3.06916    0.00350301    0.00732561      0.999967       1.05901
     0.999981    -0.0051488   -0.00325854      0.395827    0.00512601      0.999963    -0.0069613      -3.09651    0.00329426    0.00694447       0.99997       1.05782
     0.999981   -0.00521673    -0.0033771       0.41195    0.00519141      0.999959    -0.0074657      -3.07213    0.00341591    0.00744802      0.999966       1.04308
     0.999981   -0.00525829   -0.00323162      0.416957    0.00523568      0.999962   -0.00696463      -3.09177    0.00326812    0.00694758      0.999971       1.05205
     0.999982   -0.00506673   -0.00335635      0.400468    0.00504139      0.999959   -0.00751538      -3.07193    0.00339429    0.00749832      0.999966       1.01039
     0.999982   -0.00504368   -0.00336599      0.398514    0.00502158      0.999966   -0.00654069      -3.09272    0.00339887    0.00652366      0.999973       1.00948
     0.999982   -0.00506848   -0.00332313      0.392661    0.00504404       0.99996   -0.00732208       -3.0745    0.00336011    0.00730518      0.999968       1.00798
     0.999981   -0.00521419    -0.0032947      0.414769    0.00519217      0.999964   -0.00665586      -3.10807    0.00332929    0.00663862      0.999972       1.06222
      0.99998   -0.00534556   -0.00326101      0.420849    0.00532353      0.999963   -0.00672561      -3.06464    0.00329684    0.00670811      0.999972       1.02905
     0.999981   -0.00523985   -0.00337499      0.410562      0.005218      0.999966   -0.00644979      -3.06174    0.00340867    0.00643205      0.999974       1.06227
     0.999981   -0.00522618   -0.00341357      0.406305    0.00520505      0.999967   -0.00616909      -3.09452     0.0034457     0.0061512      0.999975       1.05244
     0.999983   -0.00472755   -0.00338205      0.383912    0.00470017      0.999956    -0.0080596      -3.10479       0.00342    0.00804357      0.999962       1.05192
     0.999983   -0.00505651   -0.00299235      0.417017    0.00503678      0.999966   -0.00656341      -3.07335    0.00302544    0.00654822      0.999974       1.05964
     0.999984   -0.00457433   -0.00343429      0.388751    0.00455327      0.999971   -0.00611631      -2.96238    0.00346217    0.00610057      0.999975       1.05328
     0.999987   -0.00367826   -0.00347248      0.335067    0.00365569      0.999972   -0.00648282      -3.02491    0.00349623    0.00647005      0.999973       1.11044
     0.999987   -0.00381647   -0.00333308      0.341964    0.00379402       0.99997    -0.0067146      -3.06759    0.00335861    0.00670187      0.999972       1.11058
     0.999986   -0.00390196   -0.00360644      0.328083    0.00388081      0.999975   -0.00585348      -3.06855    0.00362919     0.0058394      0.999976       1.02996
     0.999984     -0.004207   -0.00365015      0.342443    0.00418215      0.999968    -0.0067877      -3.03013    0.00367859    0.00677233       0.99997       1.01294
     0.999983   -0.00485034   -0.00334867      0.392019    0.00482188      0.999953   -0.00845602      -2.99028    0.00338953    0.00843972      0.999959       1.05972
     0.999984   -0.00469476   -0.00313794      0.406325    0.00467777      0.999974   -0.00540152      -3.02315    0.00316322    0.00538676       0.99998       1.08555
     0.999984   -0.00465642   -0.00325046      0.406417    0.00463844      0.999974   -0.00551761      -3.00024    0.00327607    0.00550244      0.999979       1.04696
     0.999984   -0.00467664   -0.00313992      0.410702    0.00465965      0.999975   -0.00539608      -2.98898    0.00316507    0.00538136      0.999981       1.06677
     0.999981   -0.00523667   -0.00319124      0.432174    0.00522123      0.999975   -0.00482585      -2.99041    0.00321643     0.0048091      0.999983       1.01064
      0.99998   -0.00555728    -0.0030532      0.456512    0.00554169      0.999972   -0.00509375      -2.93523    0.00308142    0.00507673      0.999982       1.01726
      0.99998   -0.00558183   -0.00290201      0.463084    0.00557039      0.999977   -0.00393332      -2.94286     0.0029239    0.00391708      0.999988       1.03975
     0.999978   -0.00578176    -0.0032161      0.461734    0.00576697      0.999973   -0.00458937      -2.90776    0.00324254    0.00457072      0.999984       1.00532
     0.999979    -0.0056547   -0.00329988       0.47282    0.00563989      0.999974   -0.00447962      -2.94494    0.00332513    0.00446091      0.999985       1.05579
      0.99998   -0.00580972   -0.00268882      0.496063    0.00579601       0.99997   -0.00507979      -2.98278    0.00271825     0.0050641      0.999983       1.07426
     0.999978   -0.00600829   -0.00290256      0.489889    0.00599326      0.999969   -0.00515888      -2.92919    0.00293347    0.00514137      0.999982       1.04457
     0.999978   -0.00602803   -0.00290632      0.472703    0.00601258      0.999968   -0.00529535       -2.8962    0.00293815    0.00527775      0.999982       1.06592
     0.999978    -0.0058411   -0.00305689      0.469277     0.0058278      0.999974   -0.00434324      -2.93305    0.00308218    0.00432533      0.999986       1.06979
     0.999978    -0.0059833   -0.00295584      0.458064    0.00596768      0.999968   -0.00526469      -2.91413    0.00298725    0.00524693      0.999982        1.0489
     0.999978   -0.00582685   -0.00312557      0.464405    0.00581276      0.999973    -0.0045009      -2.93662    0.00315172    0.00448264      0.999985        1.1046
     0.999978   -0.00592456   -0.00287474      0.484201    0.00591088      0.999971   -0.00474486      -2.96549    0.00290277    0.00472776      0.999985       1.05364
     0.999978   -0.00602592   -0.00271522      0.488791    0.00601066      0.999966   -0.00559347      -2.91968    0.00274883    0.00557702      0.999981       1.08385
     0.999978   -0.00625683   -0.00239599      0.501189    0.00624527      0.999969   -0.00480189      -2.94983    0.00242596    0.00478682      0.999986       1.10036
     0.999975   -0.00670392   -0.00234523      0.505295    0.00668976       0.99996   -0.00599752      -2.91061    0.00238534    0.00598168      0.999979       1.06395
     0.999973   -0.00691551   -0.00237953       0.50592    0.00690185       0.99996   -0.00569901      -2.92837    0.00241884    0.00568243      0.999981       1.14216
     0.999973   -0.00696378   -0.00213697      0.522872    0.00695302      0.999963   -0.00499846       -3.0074     0.0021717    0.00498347      0.999985        1.0743
     0.999973   -0.00696548   -0.00232979      0.519665     0.0069517      0.999959   -0.00587111      -2.95254    0.00237059    0.00585476       0.99998       1.04736
     0.999975    -0.0066499   -0.00236455      0.494897    0.00663987      0.999969   -0.00422546      -2.97292    0.00239257    0.00420965      0.999988       1.09455
     0.999974   -0.00680936   -0.00240235      0.504449    0.00679892      0.999968   -0.00432615      -2.96647    0.00243173     0.0043097      0.999988       1.02556
     0.999974   -0.00688398   -0.00231048      0.525248      0.006873      0.999965   -0.00472986      -2.93887    0.00234296    0.00471385      0.999986       1.06537
     0.999975   -0.00664094   -0.00253378       0.51009    0.00662837      0.999966   -0.00493757      -2.92311    0.00256648    0.00492065      0.999985       1.03535
     0.999974   -0.00684064   -0.00245433      0.513765    0.00683019      0.999968   -0.00424137      -2.93385    0.00248327    0.00422449      0.999988        1.0742
     0.999972   -0.00702319    -0.0024062      0.509401    0.00701233      0.999965   -0.00449252      -2.91027    0.00243767    0.00447552      0.999987       1.02113
     0.999973   -0.00692265   -0.00241823      0.510123    0.00691222      0.999967   -0.00429737      -2.93664     0.0024479    0.00428053      0.999988       1.07007
     0.999974    -0.0068211   -0.00231469      0.517842    0.00680991      0.999965   -0.00480809      -2.94739    0.00234741     0.0047922      0.999986       1.02081
     0.999974   -0.00684456   -0.00238006      0.511662    0.00683241      0.999964   -0.00507819      -2.91213    0.00241473    0.00506179      0.999984       1.05598
     0.999974   -0.00685317   -0.00235408      0.497827    0.00684332      0.999968   -0.00416946      -2.95943    0.00238258    0.00415324      0.999989       1.09168
     0.999973   -0.00692495   -0.00240143      0.491424    0.00691337      0.999965   -0.00479627      -2.91193    0.00243456    0.00477954      0.999986       1.03099
     0.999974   -0.00689185    -0.0022966      0.500618    0.00688288      0.999969   -0.00389097      -2.93126    0.00232335    0.00387506       0.99999        1.0669
     0.999973   -0.00696493   -0.00250676      0.491869    0.00695559      0.999969    -0.0037132      -2.92383    0.00253254    0.00369566       0.99999       1.03166
     0.999978   -0.00621455    -0.0024422      0.449815    0.00620599      0.999975   -0.00349435       -2.9405    0.00246385    0.00347912      0.999991       1.10572
     0.999983   -0.00514094   -0.00272424       0.44514    0.00513343      0.999983   -0.00275668      -2.96442    0.00273837    0.00274265      0.999992       1.14382
     0.999984   -0.00513759   -0.00253933       0.46521    0.00512391      0.999972   -0.00536462      -2.88112    0.00256682    0.00535152      0.999982       1.10778
     0.999982   -0.00524754   -0.00287022      0.475204    0.00523524      0.999977   -0.00427777      -2.92491     0.0028926    0.00426267      0.999987       1.15019
     0.999981   -0.00554283   -0.00273307      0.461921    0.00552984      0.999973   -0.00474077      -2.92864    0.00275927    0.00472557      0.999985       1.08665
     0.999981   -0.00521959   -0.00312621       0.43191    0.00520705      0.999978   -0.00400635      -2.92908    0.00314705       0.00399      0.999987        1.0972
     0.999981   -0.00524828   -0.00324297      0.430276     0.0052343      0.999977   -0.00430429      -2.89481    0.00326548    0.00428723      0.999985       1.03542
      0.99998    -0.0055193   -0.00308701      0.437665    0.00550766      0.999978    -0.0037658      -2.91467    0.00310773    0.00374872      0.999988       1.09577
      0.99998   -0.00578397   -0.00254786      0.456892    0.00577338      0.999975   -0.00414295      -2.93609    0.00257176    0.00412816      0.999988       1.07792
     0.999979   -0.00558896   -0.00322289      0.443263     0.0055749      0.999975   -0.00435469      -2.89199    0.00324715    0.00433664      0.999985       1.11438
     0.999979    -0.0057114   -0.00320702      0.451029    0.00569963      0.999977   -0.00366693      -2.94178    0.00322789    0.00364858      0.999988       1.08423
     0.999979   -0.00568945   -0.00297094      0.452314    0.00567446      0.999971   -0.00502877      -2.90215    0.00299947    0.00501181      0.999983        1.1039
     0.999981   -0.00526267   -0.00309095      0.423934    0.00524857      0.999976    -0.0045538      -2.93329    0.00311484    0.00453749      0.999985       1.13125
      0.99998   -0.00539226   -0.00329261      0.403568    0.00537501      0.999972   -0.00522563       -2.8911     0.0033207    0.00520782      0.999981       1.07824
     0.999982   -0.00513935   -0.00303157      0.405569    0.00512449      0.999975   -0.00488877      -2.90549    0.00305662    0.00487315      0.999983        1.0956
     0.999982   -0.00521735   -0.00287571      0.422206    0.00520094       0.99997   -0.00568465      -2.90498    0.00290529    0.00566959       0.99998       1.04567
     0.999981   -0.00533966   -0.00292736      0.428767    0.00532473      0.999973   -0.00508483       -2.9312    0.00295443    0.00506914      0.999983       1.12372
      0.99998   -0.00560674   -0.00290381      0.440087    0.00558995      0.999968   -0.00575667      -2.92543      0.002936    0.00574032      0.999979       1.05922
      0.99998   -0.00535424   -0.00344813      0.416623    0.00533335      0.999968   -0.00603914      -2.87891    0.00348035    0.00602063      0.999976       1.07699
      0.99998   -0.00544131   -0.00311041      0.436202     0.0054265      0.999974   -0.00475096      -2.92863    0.00313618    0.00473399      0.999984       1.11365
     0.999979   -0.00564692   -0.00311362      0.434544    0.00562855      0.999967   -0.00587636      -2.91498     0.0031467    0.00585871      0.999978       1.03861
     0.999979   -0.00570055   -0.00305908      0.427215    0.00568367      0.999969   -0.00549902       -2.9358    0.00309033    0.00548152       0.99998       1.06451
      0.99998   -0.00544233   -0.00309948      0.424928    0.00542424      0.999968   -0.00581459      -2.91974    0.00313102    0.00579766      0.999978       1.04176
     0.999982   -0.00513572    -0.0032351      0.413526    0.00511815      0.999972   -0.00541776      -2.91428    0.00326283     0.0054011       0.99998       1.10586
     0.999982   -0.00497352   -0.00327187       0.40661    0.00495391       0.99997   -0.00597394      -2.89032    0.00330148    0.00595763      0.999977       1.07411
     0.999982   -0.00506378   -0.00329637      0.399968    0.00504565      0.999972   -0.00548391      -2.90048    0.00332405    0.00546718       0.99998       1.16355
     0.999982   -0.00482748   -0.00351284      0.384055    0.00480969      0.999976   -0.00505693      -2.93142    0.00353716    0.00503994      0.999981       1.10573
     0.999982   -0.00476125   -0.00371605      0.395159    0.00474035      0.999973   -0.00561311      -2.87934    0.00374268     0.0055954      0.999977        1.1146
     0.999982   -0.00506988   -0.00318966      0.418028    0.00505491      0.999976   -0.00468355      -2.92023    0.00321333    0.00466734      0.999984       1.14147
     0.999982   -0.00519854   -0.00310066      0.428268    0.00518157      0.999972     -0.005455       -2.9035    0.00312893    0.00543883       0.99998       1.08636
     0.999981   -0.00517226   -0.00327237      0.409105    0.00515569      0.999974   -0.00505096      -2.91067    0.00329841    0.00503399      0.999982       1.14031
     0.999982   -0.00519907   -0.00314434      0.407349    0.00518082       0.99997    -0.0057846      -2.91388    0.00317432     0.0057682      0.999978       1.13475
     0.999981   -0.00529401   -0.00300268      0.414117    0.00527927      0.999974   -0.00489387      -2.94786    0.00302851    0.00487793      0.999984       1.16864
     0.999982   -0.00516426   -0.00318474      0.396261    0.00514579       0.99997   -0.00578231      -2.90645    0.00321451    0.00576581      0.999978       1.11828
     0.999981   -0.00521784   -0.00335427      0.391549    0.00519985      0.999972   -0.00535049      -2.91695     0.0033821    0.00533294       0.99998       1.16767
     0.999982     -0.005074   -0.00322157      0.377095    0.00505746      0.999974   -0.00512082      -2.94028    0.00324747    0.00510443      0.999982       1.14208
     0.999981   -0.00516122   -0.00339908      0.368891    0.00514332      0.999973   -0.00525416      -2.91626    0.00342611    0.00523657       0.99998       1.18222
     0.999981    -0.0053169   -0.00324207      0.373376    0.00530097      0.999974   -0.00490163      -2.93143    0.00326805    0.00488435      0.999983        1.1412
      0.99998   -0.00531946   -0.00332019      0.368647     0.0053006       0.99997   -0.00566525      -2.89642    0.00335023    0.00564754      0.999978       1.14813
     0.999982   -0.00506306   -0.00320812      0.368541    0.00504639      0.999974    -0.0051809      -2.92017    0.00323427    0.00516462      0.999981       1.16893
     0.999981   -0.00524658   -0.00329478      0.365983     0.0052282      0.999971   -0.00556139      -2.88715    0.00332387    0.00554405      0.999979       1.14331
     0.999981   -0.00521636   -0.00326312      0.355596    0.00519995      0.999974   -0.00501466      -2.93704     0.0032892     0.0049976      0.999982       1.15269
     0.999981    -0.0052689   -0.00316971      0.342088    0.00525168      0.999972   -0.00541546      -2.93574    0.00319816    0.00539871       0.99998       1.14565
     0.999982   -0.00508338   -0.00331956      0.332626    0.00506621      0.999974   -0.00516081      -2.94181    0.00334571     0.0051439      0.999981       1.11836
     0.999981   -0.00513271   -0.00345799      0.334514    0.00511242       0.99997   -0.00585096      -2.89968    0.00348791    0.00583317      0.999977       1.13639
      0.99998   -0.00507715   -0.00373144       0.32551    0.00506147      0.999978   -0.00419958      -2.95495    0.00375268    0.00418061      0.999984       1.20688
     0.999979     -0.005245   -0.00370116      0.332145    0.00522779      0.999976   -0.00464517      -2.94834    0.00372543    0.00462573      0.999982       1.13988
     0.999981   -0.00512196   -0.00337526      0.328101    0.00510673      0.999977   -0.00450643      -2.91564    0.00339826    0.00448911      0.999984       1.14614
      0.99998    -0.0053128   -0.00356216      0.347092     0.0052994      0.999979   -0.00375924      -2.95618    0.00358205    0.00374029      0.999987       1.16158
     0.999979   -0.00535643   -0.00357663      0.340554    0.00533805      0.999973   -0.00512919      -2.91731    0.00360401    0.00510999       0.99998       1.12247
     0.999979   -0.00531194   -0.00365183      0.351853    0.00529549      0.999976   -0.00449831       -2.9105    0.00367564    0.00447888      0.999983       1.14731
     0.999979   -0.00536926   -0.00351437      0.350936    0.00535414      0.999976   -0.00429954      -2.92755    0.00353737    0.00428063      0.999985       1.11994
     0.999981   -0.00519447    -0.0031807      0.340225    0.00517997      0.999976   -0.00454923      -2.92126    0.00320425    0.00453267      0.999985       1.16656
      0.99998   -0.00525457    -0.0034469      0.341443    0.00523895      0.999976   -0.00452245      -2.97137    0.00347058    0.00450431      0.999984       1.13973
     0.999978   -0.00547674   -0.00382263      0.337151    0.00545703      0.999972   -0.00514731      -2.97773    0.00385072    0.00512634      0.999979       1.09257
     0.999976   -0.00575473   -0.00383096      0.342973    0.00573511       0.99997   -0.00511173      -2.99608    0.00386026    0.00508964       0.99998       1.11158
     0.999976   -0.00577706   -0.00389046      0.341386     0.0057558      0.999969   -0.00545326      -2.96407    0.00392184    0.00543074      0.999978       1.09803
     0.999979   -0.00548495   -0.00357451      0.331613    0.00546777      0.999974    -0.0047989      -2.98727    0.00360074    0.00477925      0.999982       1.14514
     0.999978   -0.00563864   -0.00350923      0.330836    0.00561845      0.999968   -0.00573861       -2.9531    0.00354148    0.00571876      0.999977       1.11199
     0.999976   -0.00571825    -0.0038535      0.333247    0.00570033      0.999973   -0.00464526      -2.98541    0.00387996    0.00462318      0.999982       1.15639
     0.999977   -0.00562813   -0.00387643      0.318372     0.0056066      0.999969   -0.00554403      -2.98767    0.00390751    0.00552217      0.999977       1.08225
     0.999979   -0.00561382   -0.00312837      0.347156    0.00559251      0.999961   -0.00678023      -3.00507    0.00316631     0.0067626      0.999972       1.09417
      0.99998   -0.00559786   -0.00282447      0.369558     0.0055811      0.999967   -0.00590463      -3.00799    0.00285743    0.00588875      0.999979        1.1037
     0.999979   -0.00576985   -0.00310413      0.362023    0.00575066      0.999965   -0.00615349      -2.93338    0.00313952    0.00613551      0.999976       1.08712
     0.999979   -0.00565001   -0.00306228      0.350293    0.00563344       0.99997   -0.00539392      -2.99547    0.00309266    0.00537656      0.999981       1.11653
     0.999979   -0.00589632   -0.00275097      0.379392    0.00588057      0.999966   -0.00569929      -2.95886    0.00278448    0.00568299       0.99998       1.07386
     0.999979    -0.0058906   -0.00266082      0.379464    0.00587568      0.999967   -0.00558045      -3.00019    0.00269361     0.0055647      0.999981       1.10386
     0.999981   -0.00555627   -0.00269993      0.374869    0.00553749      0.999961   -0.00691402       -3.0034    0.00273824    0.00689894      0.999972       1.03874
     0.999979   -0.00573525   -0.00303407      0.360262    0.00571659      0.999965    -0.0061249      -3.02268    0.00306909    0.00610743      0.999977       1.08686
     0.999978   -0.00590053   -0.00310436      0.348706    0.00588237      0.999966   -0.00582802      -3.01556    0.00313864    0.00580963      0.999978       1.06463
     0.999978   -0.00577653   -0.00312053      0.346157     0.0057595      0.999969    -0.0054394        -3.029    0.00315186    0.00542131       0.99998       1.10233
     0.999978   -0.00582727   -0.00325642      0.343411    0.00580683      0.999964    -0.0062511      -3.00659    0.00329273    0.00623205      0.999975       1.05154
     0.999979   -0.00555554   -0.00320901      0.327665    0.00553839       0.99997   -0.00532699      -3.01579    0.00323851    0.00530911      0.999981       1.09627
     0.999979   -0.00544755   -0.00355135      0.318045    0.00542662      0.999968    -0.0058777      -2.99652    0.00358326     0.0058583      0.999976       1.06208
     0.999979   -0.00542153    -0.0035299      0.321335     0.0054035      0.999972   -0.00509836      -2.99875    0.00355745    0.00507918      0.999981       1.12208
     0.999978   -0.00549743   -0.00360476      0.323235    0.00548077      0.999974   -0.00461602      -3.03175    0.00363005    0.00459617      0.999983       1.08102
     0.999978   -0.00581214   -0.00313964      0.351276    0.00579544      0.999969   -0.00530194      -2.97147    0.00317036    0.00528363      0.999981       1.10002
     0.999979    -0.0055254   -0.00326058      0.334149    0.00550899      0.999972   -0.00501999      -2.99601    0.00328822    0.00500192      0.999982         1.109
      0.99998   -0.00537699   -0.00332842      0.318859     0.0053582       0.99997   -0.00562861      -2.97302    0.00335858    0.00561066      0.999979       1.06845
     0.999981     -0.005337   -0.00300359       0.32565    0.00532114      0.999972    -0.0052632      -3.00937     0.0030316    0.00524711      0.999982       1.09839
     0.999981   -0.00542172   -0.00305527      0.333165    0.00540344      0.999968   -0.00595812      -2.99886    0.00308747    0.00594149      0.999978       1.06544
      0.99998   -0.00561277   -0.00283125      0.349185     0.0055978       0.99997   -0.00526863      -3.01286    0.00286074    0.00525268      0.999982       1.09936
     0.999979   -0.00573962   -0.00305161      0.356966    0.00572191      0.999967   -0.00577892      -2.98799    0.00308468    0.00576133      0.999979       1.04778
      0.99998   -0.00563991   -0.00293966      0.361133    0.00562492      0.999971   -0.00508079       -3.0176    0.00296823    0.00506415      0.999983       1.11739
     0.999978   -0.00586902   -0.00294858      0.366816    0.00585255      0.999967   -0.00556228      -3.06811    0.00298112     0.0055449       0.99998       1.07173
     0.999978   -0.00588655   -0.00310159      0.376594    0.00586684      0.999963   -0.00632633      -3.00516    0.00313872    0.00630799      0.999975       1.03061
     0.999979    -0.0058847     -0.002724      0.390001    0.00587077       0.99997   -0.00509369      -3.04834    0.00275389    0.00507759      0.999983       1.07908
     0.999975   -0.00651374   -0.00270854      0.428466    0.00649886      0.999964   -0.00546913      -3.05158    0.00274407    0.00545139      0.999981       1.04231
     0.999976   -0.00617813   -0.00297681      0.411442    0.00616304      0.999968   -0.00505214      -3.04076    0.00300793    0.00503368      0.999983       1.10561
     0.999977   -0.00619449   -0.00260883      0.391454    0.00618237       0.99997   -0.00463014      -3.08613    0.00263744    0.00461391      0.999986       1.08109
     0.999977   -0.00607959   -0.00286897      0.379189    0.00606396      0.999967   -0.00542232      -3.05989    0.00290184     0.0054048      0.999981       1.08975
     0.999977   -0.00581758   -0.00335218      0.366737    0.00580185      0.999972   -0.00468433      -3.06286    0.00337934    0.00466477      0.999983       1.10874
     0.999979   -0.00573687   -0.00311439       0.36537    0.00572045       0.99997   -0.00525716      -2.99233    0.00314446    0.00523923      0.999981       1.15918
      0.99998    -0.0055791   -0.00298775      0.356959    0.00556499      0.999973   -0.00470979      -3.01361    0.00301395    0.00469307      0.999984       1.25495
     0.999981   -0.00544568   -0.00305214       0.35759     0.0054295      0.999971   -0.00528559        -2.997    0.00308083    0.00526892      0.999981       1.15005
     0.999982    -0.0053093   -0.00278999      0.349612    0.00529437      0.999972   -0.00532853      -2.98475    0.00281821    0.00531366      0.999982       1.17113
     0.999982   -0.00515812   -0.00303623      0.322846    0.00514273      0.999974   -0.00505671      -3.03844    0.00306223    0.00504101      0.999983       1.12818
     0.999982   -0.00488088   -0.00336804      0.292213    0.00486263      0.999974   -0.00540452      -3.01586    0.00339433    0.00538804       0.99998       1.12723
     0.999983   -0.00476084   -0.00347871       0.27168    0.00474326      0.999976   -0.00504454      -3.05511    0.00350264    0.00502795      0.999981       1.07773
     0.999981   -0.00487099   -0.00375024      0.275651    0.00484927      0.999972   -0.00577777      -3.01318    0.00377828    0.00575948      0.999976       1.07428
     0.999982    -0.0049678   -0.00350944      0.283795    0.00495161      0.999977   -0.00460569       -3.0526    0.00353224    0.00458823      0.999983       1.14106
      0.99998   -0.00521949   -0.00357595      0.279975    0.00520019      0.999972   -0.00538477      -3.03949    0.00360395    0.00536606      0.999979       1.08089
     0.999981   -0.00505497    -0.0034587       0.28773    0.00503593      0.999972   -0.00549266      -3.05536    0.00348637    0.00547514      0.999979       1.12785
     0.999983   -0.00464851    -0.0034568      0.274965      0.004628      0.999972   -0.00591593      -3.01509    0.00348421    0.00589983      0.999977       1.07135
     0.999984   -0.00474678   -0.00316081       0.28924    0.00473124      0.999977   -0.00490734      -3.05556    0.00318403    0.00489231      0.999983       1.13423
     0.999982   -0.00499772   -0.00331952      0.290577    0.00498025      0.999974   -0.00524981      -3.04275    0.00334567    0.00523318      0.999981        1.0708
     0.999981   -0.00519004   -0.00336059      0.290816    0.00517454      0.999976    -0.0046052      -3.04422    0.00338441    0.00458772      0.999984       1.12966
     0.999981     -0.005119    -0.0033311      0.286013     0.0051032      0.999976   -0.00473605      -3.06325    0.00335526    0.00471896      0.999983        1.0505
     0.999981   -0.00506917    -0.0034043      0.282652    0.00505423      0.999978   -0.00438524      -3.07546    0.00342646    0.00436795      0.999985       1.09115
     0.999981   -0.00503672   -0.00346312      0.271736    0.00502128      0.999977   -0.00445292      -3.09064    0.00348547    0.00443545      0.999984       1.05272
      0.99998   -0.00535984   -0.00339042      0.297017     0.0053466      0.999978   -0.00390418      -3.07924    0.00341127    0.00388597      0.999987       1.08316
      0.99998   -0.00528305   -0.00350212      0.291863    0.00526732      0.999976   -0.00448558      -3.06451    0.00352573    0.00446705      0.999984       1.05049
     0.999981   -0.00496243   -0.00363267      0.285335    0.00494845       0.99998    -0.0038478      -3.11108    0.00365169    0.00382975      0.999986        1.0999
      0.99998   -0.00517173   -0.00362173      0.287293    0.00515545      0.999977   -0.00449061      -3.07202    0.00364487    0.00447184      0.999983       1.05675
     0.999982   -0.00487645    -0.0035764      0.276541    0.00486071      0.999979    -0.0043962      -3.09586    0.00359776    0.00437873      0.999984       1.12873
