# 3dvolreg matrices (DICOM-to-DICOM, row-by-row):
     0.999999   -0.00156535   1.05461e-07     0.0250895    0.00156535      0.999998   -0.00124954     -0.124904    1.8505e-06    0.00124954      0.999999     -0.115844
            1   0.000341551  -3.90511e-05    -0.0100274  -0.000341555             1  -9.15306e-05     0.0260785   3.90198e-05    9.1544e-05             1     0.0259214
            1  -1.80404e-10   6.36807e-11   9.30738e-09   1.80404e-10             1  -3.62451e-10  -7.63193e-09  -6.36807e-11   3.62451e-10             1  -1.75512e-10
            1   0.000153224   0.000187786   -0.00704914  -0.000153289             1   0.000346537   -0.00733656  -0.000187733  -0.000346565             1     0.0696495
            1  -0.000205227   0.000132576   -0.00198351   0.000205222             1   4.14902e-05    -0.0121627  -0.000132584   -4.1463e-05             1     0.0378511
            1  -0.000471307  -0.000133493   -0.00619003   0.000471277             1  -0.000220699    -0.0133809   0.000133597   0.000220636             1     0.0468456
            1   -0.00038996  -6.51986e-05   -0.00471278   0.000389903             1   -0.00088169    -0.0218467   6.55423e-05   0.000881664             1     0.0101533
            1  -0.000477888  -9.66599e-05    0.00118163   0.000477807             1  -0.000838659    -0.0243278   9.70606e-05   0.000838613             1     0.0281753
            1  -0.000687988  -1.90259e-05    0.00472841   0.000687977             1  -0.000582408    -0.0737661   1.94266e-05   0.000582395             1    0.00316264
     0.999999   -0.00104815  -0.000239435      0.027853    0.00104803      0.999999   -0.00048907     0.0133766   0.000239948   0.000488818             1     0.0656601
     0.999999   -0.00105141  -5.81722e-05       0.01635    0.00105139      0.999999  -0.000464144   -0.00231179   5.86602e-05   0.000464082             1      0.018967
     0.999999   -0.00135219   -1.9813e-05     0.0303933    0.00135217      0.999999  -0.000826289    0.00719103   2.09303e-05   0.000826262             1    -0.0158487
     0.999999   -0.00120853    0.00012834     0.0263959    0.00120868      0.999999   -0.00119387     -0.041406  -0.000126897    0.00119402      0.999999   -0.00908456
     0.999999   -0.00146823   0.000131857     0.0359598    0.00146839      0.999998   -0.00128544    -0.0450337  -0.000129969    0.00128563      0.999999    -0.0328482
     0.999998   -0.00174497   0.000130589     0.0491621    0.00174513      0.999998   -0.00121051    -0.0214426  -0.000128477    0.00121073      0.999999     0.0367086
     0.999998   -0.00183744   0.000414497     0.0344578    0.00183818      0.999997   -0.00178232    -0.0904447  -0.000411221    0.00178308      0.999998    -0.0174636
            1  -0.000884621  -0.000208213    -0.0242872   0.000883961      0.999995   -0.00314717     -0.110299   0.000210996    0.00314698      0.999995    -0.0556723
            1   0.000253966  -0.000141183    -0.0869898  -0.000254298      0.999997   -0.00235503     -0.270129   0.000140584    0.00235507      0.999997     -0.123529
            1  -0.000499679  -0.000252605    -0.0788212   0.000498934      0.999996   -0.00293918     -0.296367   0.000254073    0.00293906      0.999996       -0.1317
     0.999999    -0.0014866   4.91878e-05    -0.0346849    0.00148674      0.999994   -0.00300239     -0.248453  -4.47242e-05    0.00300246      0.999995    -0.0555339
     0.999998   -0.00194901    0.00024991    -0.0181143    0.00194972      0.999994   -0.00287488     -0.231648  -0.000244306    0.00287537      0.999996    -0.0415032
     0.999997   -0.00247724   0.000410377   -0.00622208    0.00247854      0.999992   -0.00320286     -0.249165  -0.000402439    0.00320387      0.999995     -0.161561
     0.999997   -0.00245482   0.000468913   -0.00242047    0.00245619      0.999993   -0.00295841     -0.202515  -0.000461647    0.00295955      0.999996     -0.134904
     0.999997   -0.00258056   0.000420841   -0.00678975    0.00258182      0.999992   -0.00301955     -0.228209  -0.000413046    0.00302062      0.999995     -0.160098
     0.999996   -0.00278838    0.00082859    0.00473719    0.00279103      0.999991   -0.00320658     -0.187064  -0.000819641    0.00320888      0.999995     -0.121028
     0.999995   -0.00288116     0.0012173     0.0161553    0.00288511      0.999991   -0.00326091     -0.218607   -0.00120789    0.00326441      0.999994     -0.115617
     0.999993    -0.0034304    0.00122105     0.0468154     0.0034346      0.999988   -0.00345325     -0.245792   -0.00120919    0.00345742      0.999993      -0.15682
     0.999992   -0.00391677    0.00126849     0.0665092     0.0039221      0.999983   -0.00422269     -0.228212   -0.00125193    0.00422763       0.99999     -0.169237
     0.999992   -0.00401842   0.000920832     0.0463782    0.00402242      0.999982   -0.00438082     -0.311266  -0.000903212    0.00438448       0.99999     -0.191772
      0.99999   -0.00439871   0.000617936     0.0468539    0.00440164      0.999979    -0.0048317     -0.291628   -0.00059667    0.00483437      0.999988     -0.211324
     0.999989   -0.00454723   0.000677587     0.0308233    0.00455061      0.999977   -0.00507872      -0.30145  -0.000654477    0.00508175      0.999987     -0.224214
     0.999989   -0.00452997   0.000734463     0.0103811    0.00453353      0.999978   -0.00491696     -0.349321  -0.000712173    0.00492023      0.999988     -0.302195
     0.999988   -0.00482329   0.000879396     0.0359159    0.00482773      0.999975    -0.0051173     -0.318301  -0.000854692    0.00512149      0.999987     -0.293422
     0.999988    -0.0047165   0.000928731     0.0299362    0.00472105      0.999977   -0.00495775     -0.327597  -0.000905326    0.00496208      0.999987     -0.293527
     0.999989   -0.00451363   0.000900882     0.0326011    0.00451869      0.999974   -0.00569632     -0.337428  -0.000875147    0.00570033      0.999983     -0.340905
     0.999988    -0.0046808     0.0011805     0.0566023    0.00468805       0.99997    -0.0062183     -0.415145   -0.00115135    0.00622376       0.99998     -0.325161
     0.999986   -0.00516465   0.000854319     0.0471031    0.00516976      0.999968   -0.00609064     -0.465553  -0.000822836    0.00609498      0.999981     -0.377645
     0.999985   -0.00543461   0.000943732     0.0890402    0.00544066      0.999964    -0.0065298     -0.427769  -0.000908211    0.00653484      0.999978     -0.369218
     0.999984   -0.00554456    0.00124885      0.109171    0.00555204      0.999966   -0.00606818     -0.454019   -0.00121516    0.00607502      0.999981     -0.370194
     0.999985      -0.00534   0.000891022     0.0882775    0.00534604      0.999962   -0.00691896      -0.38407  -0.000854041    0.00692362      0.999976     -0.355613
      0.99999    -0.0044014   0.000726641      0.035359     0.0044063      0.999967   -0.00688571     -0.433896   -0.00069631    0.00688884      0.999976      -0.32346
     0.999991   -0.00421687    0.00035334    0.00357085    0.00421886      0.999974   -0.00584245     -0.478799  -0.000328694    0.00584389      0.999983     -0.344064
     0.999991   -0.00413237  -0.000106242    -0.0291263    0.00413186      0.999982   -0.00446012     -0.427204   0.000124671    0.00445965       0.99999     -0.331874
     0.999992   -0.00391071   0.000132933    -0.0096136    0.00391137      0.999977   -0.00545239     -0.267013  -0.000111607    0.00545287      0.999985     -0.308468
     0.999993   -0.00379712   0.000290732    -0.0115056    0.00379853       0.99998    -0.0050454     -0.200317  -0.000271568    0.00504646      0.999987     -0.182298
     0.999992    -0.0039333   0.000521558    -0.0121853    0.00393635      0.999974   -0.00598036     -0.276395  -0.000498022    0.00598237      0.999982     -0.240365
      0.99999   -0.00439451   0.000605435     0.0103228    0.00439814      0.999971   -0.00614107     -0.302465  -0.000578431    0.00614367      0.999981     -0.309375
     0.999986    -0.0051888   0.000467347     0.0207622    0.00519157      0.999968   -0.00615245     -0.386612  -0.000435408    0.00615479      0.999981     -0.391133
     0.999984   -0.00558057    0.00022598     0.0409241    0.00558192      0.999963   -0.00651031      -0.36321   -0.00018964    0.00651147      0.999979     -0.391905
     0.999982   -0.00597234  -4.87026e-05     0.0784721    0.00597193      0.999964   -0.00610483     -0.278052   8.51609e-05    0.00610443      0.999981     -0.291316
     0.999985   -0.00543605    0.00027106      0.052873     0.0054376      0.999967   -0.00607504     -0.363299  -0.000238027    0.00607643      0.999982     -0.292338
     0.999986    -0.0052633   3.60865e-06     0.0479907    0.00526322      0.999968   -0.00601644     -0.386142   2.80578e-05    0.00601637      0.999982     -0.321593
     0.999988   -0.00488353  -0.000454284      0.057637     0.0048805      0.999967   -0.00644525     -0.348064   0.000485745    0.00644295      0.999979     -0.285595
     0.999989   -0.00471447  -0.000246953     0.0452408    0.00471284       0.99997    -0.0062179      -0.38597   0.000276259    0.00621667      0.999981     -0.265652
     0.999987    -0.0051327  -0.000438773   -0.00590955     0.0051296      0.999964   -0.00679551     -0.411917   0.000473636    0.00679317      0.999977     -0.291895
     0.999984   -0.00559295  -0.000289146    -0.0121374    0.00559055      0.999955   -0.00771472     -0.375367   0.000332281    0.00771298       0.99997     -0.282401
     0.999982   -0.00596557  -0.000347942   0.000271493    0.00596273      0.999953   -0.00765869     -0.420491   0.000393614    0.00765648      0.999971      -0.29455
     0.999975   -0.00703002   5.23701e-05     0.0746796    0.00703021      0.999941   -0.00832072     -0.428094   6.12785e-06    0.00832088      0.999965     -0.347732
     0.999977   -0.00672712  -0.000217678      0.040545    0.00672512      0.999944   -0.00815182     -0.437776   0.000272505    0.00815017      0.999967     -0.291631
     0.999975   -0.00711996  -0.000151182      0.056016     0.0071184      0.999938   -0.00854423     -0.434824   0.000212007    0.00854294      0.999963     -0.329324
     0.999976   -0.00686816  -3.81307e-05     0.0537492    0.00686763      0.999944   -0.00804323     -0.383055   9.33707e-05    0.00804278      0.999968     -0.307449
     0.999977   -0.00675877  -8.19155e-05     0.0510269    0.00675791      0.999945   -0.00798484      -0.40075   0.000135879     0.0079841      0.999968     -0.349228
     0.999977   -0.00676358   0.000244646     0.0542046    0.00676543       0.99994   -0.00856892     -0.393291  -0.000186675    0.00857037      0.999963     -0.322176
     0.999975   -0.00703111    0.00025486     0.0696058    0.00703303      0.999939   -0.00850568     -0.403928  -0.000195041    0.00850726      0.999964     -0.353174
     0.999972   -0.00753522   0.000384023       0.10577    0.00753834      0.999932   -0.00887172     -0.372289  -0.000317147    0.00887436      0.999961     -0.347358
     0.999973   -0.00729427   0.000763584      0.103287    0.00730053      0.999937   -0.00854847     -0.410192  -0.000701181    0.00855381      0.999963     -0.282016
      0.99997   -0.00765675   0.000764677      0.118218    0.00766334       0.99993   -0.00902872     -0.386874  -0.000695493    0.00903432      0.999959     -0.315431
      0.99997   -0.00768965   0.000906851      0.111374    0.00769751       0.99993   -0.00901684      -0.38433  -0.000837451    0.00902355      0.999959     -0.299221
     0.999972   -0.00750046   0.000714081     0.0937102    0.00750662      0.999931   -0.00906043     -0.430519  -0.000646074    0.00906553      0.999959     -0.342574
     0.999973   -0.00736469   0.000773823     0.0857759    0.00737178      0.999927    -0.0095963     -0.406866  -0.000703093    0.00960174      0.999954     -0.354195
     0.999972   -0.00748483   0.000739151     0.0907054    0.00749164      0.999925   -0.00968323     -0.414613  -0.000666618    0.00968849      0.999953     -0.331849
     0.999971   -0.00755136   0.000589793     0.0877586    0.00755663      0.999926   -0.00950849     -0.356421  -0.000517947    0.00951267      0.999955     -0.320556
     0.999972   -0.00740301   0.000817483     0.0799361    0.00741013      0.999931    -0.0090695     -0.401631  -0.000750285     0.0090753      0.999959     -0.309297
     0.999971   -0.00760381   0.000577358     0.0848414    0.00760898      0.999925   -0.00956371     -0.393902  -0.000504594    0.00956782      0.999954     -0.335921
     0.999973   -0.00737528   0.000692101     0.0631864     0.0073816      0.999926   -0.00962424     -0.410011  -0.000621068    0.00962908      0.999953     -0.300394
     0.999974   -0.00722427   0.000181795     0.0344291    0.00722572      0.999925   -0.00993661     -0.410819  -0.000109997    0.00993766      0.999951      -0.35593
     0.999972   -0.00742204   0.000583942     0.0510213    0.00742743      0.999924   -0.00985491      -0.42671  -0.000510754    0.00985897      0.999951     -0.336521
     0.999971   -0.00763622   0.000795344     0.0656946    0.00764399      0.999918    -0.0102731     -0.460856  -0.000716831     0.0102789      0.999947     -0.402853
     0.999973   -0.00728881   0.000308443     0.0335463    0.00729161       0.99992    -0.0103344      -0.44587  -0.000233093     0.0103364      0.999947     -0.404279
     0.999974   -0.00715818   0.000302411     0.0208782    0.00716097      0.999919    -0.0105446     -0.489167  -0.000226906     0.0105465      0.999944     -0.430546
     0.999976   -0.00690759   0.000287246    0.00239949    0.00691038      0.999913    -0.0111928     -0.464516  -0.000209906     0.0111945      0.999937     -0.404696
     0.999977   -0.00671032   0.000187695    0.00174406      0.006712      0.999915    -0.0111946     -0.512378  -0.000112559     0.0111956      0.999937     -0.369832
     0.999977   -0.00682948   0.000151793     0.0117209     0.0068308      0.999906     -0.011847     -0.494227  -7.08705e-05     0.0118477       0.99993     -0.412944
     0.999978   -0.00660356   0.000136655    0.00362075     0.0066047      0.999912    -0.0114891     -0.511084  -6.07737e-05     0.0114897      0.999934     -0.391839
     0.999976   -0.00689778   0.000273786     0.0135032    0.00690052      0.999907    -0.0117273     -0.479363  -0.000192868     0.0117289      0.999931     -0.452366
      0.99998   -0.00628958   0.000420032     0.0198525    0.00629388      0.999918     -0.011155     -0.453573  -0.000349838     0.0111574      0.999938     -0.306432
     0.999986   -0.00527694    0.00025078     0.0484371    0.00527946       0.99992    -0.0114526     -0.394544  -0.000190326     0.0114537      0.999934     -0.264371
     0.999989   -0.00457943   0.000339693     0.0279435    0.00458293      0.999927    -0.0111568     -0.324502  -0.000288577     0.0111583      0.999938     -0.287561
     0.999992   -0.00411114    0.00021123     0.0123961    0.00411303      0.999942   -0.00991115     -0.347626  -0.000170472    0.00991194      0.999951     -0.285249
      0.99999   -0.00448759   0.000464478     0.0371074    0.00449209      0.999938    -0.0101784     -0.326061  -0.000418772     0.0101804      0.999948     -0.337085
      0.99999   -0.00444416   0.000847875     0.0454239    0.00445272      0.999936    -0.0103783     -0.333735  -0.000801698      0.010382      0.999946     -0.312356
     0.999989   -0.00467059    0.00084581      0.046004    0.00467936      0.999932    -0.0106821     -0.415332  -0.000795861     0.0106859      0.999943     -0.362736
     0.999989   -0.00463065   0.000705859     0.0319362    0.00463769      0.999936    -0.0103217     -0.375414  -0.000658017     0.0103249      0.999946     -0.307803
     0.999991   -0.00432689   0.000227932   -0.00849107    0.00432908      0.999934    -0.0106789     -0.342433  -0.000181711     0.0106798      0.999943     -0.308413
     0.999988    -0.0049496   0.000443855     0.0143365     0.0049547      0.999911    -0.0123567     -0.362562  -0.000382655     0.0123588      0.999924     -0.396398
     0.999986   -0.00528664   0.000684828     0.0435261    0.00529456      0.999912    -0.0121313     -0.434755  -0.000620634     0.0121347      0.999926     -0.362131
     0.999985   -0.00545754   0.000456979     0.0395663    0.00546283      0.999907    -0.0125098     -0.422719  -0.000388663     0.0125122      0.999922     -0.446359
     0.999986   -0.00532913    0.00071874     0.0450299    0.00533802      0.999901    -0.0129893     -0.457835  -0.000649447     0.0129929      0.999915     -0.392545
     0.999985   -0.00552767   0.000492302     0.0366915    0.00553399      0.999888    -0.0139339     -0.485878  -0.000415225     0.0139364      0.999903     -0.454774
     0.999986   -0.00525559   0.000396307     0.0261514    0.00526056      0.999891    -0.0138249     -0.497811  -0.000323606     0.0138268      0.999904     -0.387118
     0.999987   -0.00509343  -6.65996e-05   -0.00909897    0.00509202      0.999892    -0.0138166     -0.490703   0.000136966     0.0138161      0.999905     -0.433585
     0.999988   -0.00474704  -0.000692882     -0.059224    0.00473713      0.999895    -0.0136668     -0.409997   0.000757687     0.0136633      0.999906     -0.337262
     0.999985   -0.00552623  -9.76895e-05    -0.0176474    0.00552444      0.999896     -0.013317     -0.427726   0.000171272     0.0133163      0.999911     -0.330378
     0.999987   -0.00501412   0.000330173    -0.0286571    0.00501823       0.99989    -0.0139426     -0.433492  -0.000260227     0.0139441      0.999903     -0.363699
     0.999989   -0.00463058   0.000194104    -0.0272575    0.00463285      0.999891    -0.0140181     -0.419467  -0.000129171     0.0140188      0.999902     -0.393731
     0.999988   -0.00484787   0.000571525   -0.00355012    0.00485573      0.999881    -0.0146591      -0.37348  -0.000500391     0.0146617      0.999892     -0.393188
     0.999988   -0.00487414   0.000837813   -0.00279693     0.0048859      0.999881    -0.0146563      -0.45518  -0.000766276     0.0146603      0.999892     -0.385257
     0.999987   -0.00507695   0.000430235    -0.0260541    0.00508305      0.999865    -0.0156021     -0.454036  -0.000350966     0.0156041      0.999878     -0.453918
     0.999991   -0.00431669   0.000195039     -0.048858    0.00431916      0.999875     -0.015197     -0.491587  -0.000129414     0.0151977      0.999884     -0.432088
     0.999991   -0.00421784  -0.000196833     -0.103791    0.00421431      0.999873    -0.0153863       -0.5072   0.000261705     0.0153854      0.999882      -0.50066
     0.999991   -0.00428038   0.000213083     -0.105341    0.00428323      0.999863    -0.0159762      -0.48752  -0.000144669      0.015977      0.999872      -0.48182
      0.99999   -0.00450867    0.00029612    -0.0931812    0.00451281      0.999864    -0.0158878     -0.570344  -0.000224447     0.0158889      0.999874     -0.482232
     0.999991   -0.00419118  -8.53595e-05     -0.138983    0.00418912      0.999846    -0.0170177     -0.562751    0.00015667     0.0170171      0.999855     -0.523177
     0.999993   -0.00368065  -0.000227757      -0.16514    0.00367643      0.999859    -0.0163652     -0.560577   0.000287959     0.0163642      0.999866     -0.488942
     0.999993   -0.00383653  -0.000285558     -0.180654     0.0038314      0.999861     -0.016204     -0.500182   0.000347686     0.0162028      0.999869     -0.489214
     0.999992   -0.00394027   0.000143219     -0.160461    0.00394203      0.999871     -0.015588     -0.513225  -8.17793e-05     0.0155885      0.999878     -0.411977
     0.999991   -0.00426695  -1.00253e-05     -0.164237    0.00426624      0.999861     -0.016142     -0.523266   7.89011e-05     0.0161418       0.99987     -0.477661
      0.99999   -0.00454116  -3.85951e-05     -0.157642    0.00453995      0.999859    -0.0161497      -0.53221   0.000111928     0.0161494       0.99987     -0.417685
     0.999988   -0.00497489   0.000280889     -0.134442    0.00497881      0.999854    -0.0163175     -0.570916   -0.00019967     0.0163187      0.999867     -0.466769
      0.99999   -0.00446606   1.28709e-05     -0.172049    0.00446566      0.999854      -0.01651      -0.50357   6.08657e-05     0.0165099      0.999864     -0.499005
     0.999991   -0.00427463   0.000248036     -0.173423    0.00427818      0.999851     -0.016697     -0.571539  -0.000176626     0.0166979      0.999861     -0.475575
     0.999992    -0.0040036  -3.38332e-05     -0.181917    0.00400245      0.999849     -0.016928     -0.564931   0.000101601     0.0169278      0.999857     -0.521767
     0.999996   -0.00289786  -0.000206481     -0.205417    0.00289413      0.999864    -0.0162274      -0.54326   0.000253477     0.0162268      0.999868     -0.426474
     0.999997   -0.00250531  -0.000518894     -0.235042    0.00249713      0.999881    -0.0151973     -0.454111   0.000556906      0.015196      0.999884     -0.446187
     0.999997   -0.00249902   0.000165159     -0.220732    0.00250133      0.999871    -0.0158898     -0.436173  -0.000125429     0.0158901      0.999874     -0.428621
     0.999996   -0.00290547   0.000348181     -0.214701    0.00291107      0.999845    -0.0173397     -0.487417  -0.000297747     0.0173407       0.99985     -0.504145
     0.999996   -0.00279977    0.00045615     -0.209148    0.00280739       0.99984    -0.0176644     -0.486768  -0.000406621     0.0176656      0.999844     -0.467461
     0.999997   -0.00252367   0.000269535     -0.239685    0.00252805       0.99984    -0.0177281     -0.525418  -0.000224752     0.0177288      0.999843     -0.491864
     0.999997   -0.00256512   0.000593167     -0.227476    0.00257516      0.999842     -0.017591     -0.491982   -0.00054795     0.0175924      0.999845     -0.454002
     0.999995   -0.00306842   0.000479506     -0.191111    0.00307632      0.999843    -0.0174536     -0.500159  -0.000425875      0.017455      0.999848     -0.487511
     0.999995   -0.00313995   0.000750265     -0.168915    0.00315284      0.999836    -0.0178424      -0.45487  -0.000694118     0.0178447      0.999841       -0.4723
     0.999993   -0.00354888    0.00140426     -0.171028    0.00357242      0.999847    -0.0171376     -0.567725   -0.00134322     0.0171425      0.999852     -0.486723
      0.99999   -0.00430456    0.00132822     -0.164154    0.00432558      0.999859    -0.0162497     -0.518195   -0.00125809     0.0162553      0.999867     -0.480534
     0.999993   -0.00364709   0.000637399    -0.0161518    0.00365645      0.999875    -0.0153524     -0.247763  -0.000581328     0.0153546      0.999882     -0.269969
     0.999991   -0.00418579   0.000679619     0.0272523    0.00419555      0.999878    -0.0150615     -0.120311  -0.000616491     0.0150643      0.999886     -0.320663
     0.999993   -0.00386085   0.000119648    0.00573684    0.00386212        0.9999     -0.013614     -0.105826  -6.70745e-05     0.0136144      0.999907     -0.226142
      0.99999   -0.00449407   0.000500672     0.0392552    0.00450043      0.999898    -0.0135242     -0.151693  -0.000439842     0.0135264      0.999908     -0.195609
     0.999989   -0.00447602    0.00159356     0.0331202    0.00449989      0.999873    -0.0153078     -0.158757   -0.00152484     0.0153148      0.999882     -0.272372
     0.999992   -0.00386911    0.00128374   -0.00136519    0.00388978      0.999856    -0.0165071     -0.175778   -0.00121969      0.016512      0.999863      -0.31234
     0.999993   -0.00364791   0.000937799    -0.0172252    0.00366286      0.999858    -0.0164676     -0.204044  -0.000877593     0.0164709      0.999864     -0.279054
     0.999993   -0.00359214    0.00126232     0.0073029     0.0036114      0.999872    -0.0156004     -0.128133   -0.00120612     0.0156049      0.999878      -0.26934
      0.99999   -0.00399974    0.00176238     0.0190871    0.00402695      0.999868    -0.0157129     -0.081757   -0.00169931     0.0157198      0.999875     -0.131149
     0.999992   -0.00381901    0.00139714    -0.0231902    0.00384174      0.999854    -0.0166439     -0.184598   -0.00133337     0.0166492      0.999861     -0.247674
     0.999989   -0.00435736    0.00151851    0.00193674    0.00438388       0.99983     -0.017919     -0.151118   -0.00144018     0.0179255      0.999838     -0.353387
     0.999988   -0.00467782     0.0014361    0.00950336    0.00470226      0.999835    -0.0175205     -0.239644   -0.00135391     0.0175271      0.999845      -0.33666
     0.999988     -0.004638    0.00126803   -0.00592737    0.00466005      0.999828    -0.0179775     -0.261011   -0.00118443     0.0179832      0.999838     -0.351225
     0.999993   -0.00352108    0.00150325     0.0130868    0.00354618      0.999849     -0.017032    -0.0508799   -0.00144305     0.0170372      0.999854     -0.259416
     0.999989    -0.0043857    0.00155345     0.0496504    0.00441194       0.99984     -0.017311    -0.0783306   -0.00147728     0.0173177      0.999849     -0.227388
     0.999983   -0.00548592    0.00188753     0.0690743    0.00552101      0.999802    -0.0191146     -0.170983    -0.0017823     0.0191247      0.999816     -0.355537
     0.999983   -0.00548473    0.00183596     0.0390777     0.0055182      0.999809    -0.0187516     -0.216667   -0.00173276     0.0187614      0.999822     -0.409308
     0.999985    -0.0051902    0.00143726     0.0145924    0.00521608      0.999813    -0.0186317     -0.255491   -0.00134029      0.018639      0.999825     -0.365209
     0.999985   -0.00514807    0.00160633   -0.00651115    0.00517777      0.999805     -0.019068     -0.228328   -0.00150786      0.019076      0.999817     -0.399029
     0.999987   -0.00474368    0.00178517    -0.0230466    0.00477581      0.999818    -0.0184455     -0.280357   -0.00169735     0.0184538      0.999828     -0.335199
     0.999986   -0.00517485    0.00128655    -0.0336735    0.00519793      0.999813    -0.0186324     -0.307182   -0.00118989     0.0186388      0.999826     -0.431921
     0.999984   -0.00536067    0.00152309    -0.0243651    0.00538835      0.999809    -0.0187915     -0.326822   -0.00142206     0.0187994      0.999822     -0.424879
     0.999982   -0.00580684    0.00169235   -0.00847383    0.00583887      0.999791    -0.0195817     -0.335103   -0.00157829     0.0195912      0.999807     -0.468833
     0.999983   -0.00560694    0.00172108    -0.0132022    0.00563881      0.999802    -0.0191086     -0.327841    -0.0016136      0.019118      0.999816        -0.449
     0.999982   -0.00582991    0.00153853    -0.0233773    0.00585779      0.999806    -0.0187895     -0.382399   -0.00142869     0.0187982      0.999822     -0.475869
     0.999981    -0.0058947    0.00174645    -0.0235647    0.00592767      0.999792    -0.0195164     -0.360127   -0.00163104     0.0195263      0.999808     -0.468418
      0.99998   -0.00611558    0.00165891    -0.0110581    0.00614687       0.99979    -0.0195588     -0.386546   -0.00153895     0.0195686      0.999807      -0.45939
      0.99998   -0.00611243    0.00165616    -0.0201685    0.00614461      0.999778    -0.0201752     -0.363794   -0.00153247      0.020185      0.999795     -0.522146
      0.99998   -0.00613738    0.00152924    -0.0240894    0.00616589      0.999793     -0.019399     -0.363093   -0.00140986      0.019408      0.999811     -0.381659
     0.999976   -0.00673789    0.00170322    -0.0158104    0.00676629      0.999828    -0.0172566      -0.23811   -0.00158665     0.0172677       0.99985     -0.284672
     0.999977   -0.00649851    0.00196598     0.0230291    0.00653005      0.999843    -0.0164846     -0.215654   -0.00185855     0.0164971      0.999862    -0.0467379
     0.999978    -0.0064105    0.00157676    -0.0102808    0.00643718      0.999825    -0.0175435     -0.247688   -0.00146402     0.0175533      0.999845     -0.178432
     0.999976   -0.00665352    0.00188874    -0.0212223    0.00668748      0.999805    -0.0185863     -0.260781   -0.00176471     0.0185985      0.999825     -0.213011
     0.999977   -0.00661391    0.00176925    -0.0399225    0.00664605      0.999801    -0.0188188     -0.254955   -0.00164444     0.0188301      0.999821     -0.271699
     0.999981   -0.00605591    0.00127592    -0.0735268    0.00607828      0.999814     -0.018318     -0.273858   -0.00116475     0.0183254      0.999831     -0.234493
     0.999982   -0.00599803   0.000890134     -0.103443    0.00601376      0.999804    -0.0188735     -0.295013  -0.000776755     0.0188785      0.999821     -0.357963
     0.999981   -0.00603704     0.0014379    -0.0768265    0.00606302      0.999805     -0.018804     -0.325741    -0.0013241     0.0188123      0.999822     -0.334539
      0.99998   -0.00632062   0.000841385    -0.0934691    0.00633535      0.999802    -0.0188369     -0.344559  -0.000722158     0.0188418      0.999822     -0.423595
      0.99998   -0.00617661    0.00113582    -0.0901924    0.00619726      0.999797    -0.0191814     -0.354974   -0.00101711     0.0191881      0.999815     -0.413056
     0.999977   -0.00672166    0.00126906    -0.0633102    0.00674459      0.999796     -0.019021     -0.391536   -0.00114095     0.0190292      0.999818     -0.438324
     0.999978   -0.00646983    0.00133403    -0.0758507    0.00649422      0.999795    -0.0191666     -0.381391   -0.00120975     0.0191749      0.999815     -0.386585
     0.999978   -0.00648003    0.00114309    -0.0719843    0.00650049        0.9998    -0.0189124     -0.361002   -0.00102031     0.0189195       0.99982     -0.404918
     0.999977   -0.00665802    0.00141303    -0.0683631    0.00668344      0.999801    -0.0188198     -0.333116   -0.00128745     0.0188288      0.999822     -0.371182
     0.999978   -0.00656115    0.00102249       -0.1054    0.00657937      0.999798    -0.0189706     -0.345899  -0.000897811     0.0189769       0.99982     -0.405715
     0.999978   -0.00645797    0.00140491    -0.0708562    0.00648416      0.999789    -0.0195159      -0.34792   -0.00127858     0.0195246      0.999809     -0.384988
     0.999978    -0.0064886     0.0013781    -0.0731618    0.00651476       0.99978    -0.0199137     -0.347422   -0.00124859     0.0199222      0.999801      -0.42289
     0.999978   -0.00641122     0.0014282    -0.0744711    0.00643818      0.999784    -0.0197514     -0.364123   -0.00130126     0.0197602      0.999804     -0.376469
     0.999978   -0.00649257    0.00153481    -0.0763785    0.00652228      0.999774    -0.0202226      -0.35211   -0.00140317     0.0202321      0.999794     -0.448541
     0.999976    -0.0065747    0.00202497    -0.0546891    0.00661428      0.999774    -0.0202037     -0.346836   -0.00189168     0.0202166      0.999794     -0.376931
     0.999974   -0.00701575    0.00192658    -0.0492833    0.00705281      0.999776    -0.0199565     -0.335909   -0.00178614     0.0199696      0.999799     -0.413907
     0.999975   -0.00686803    0.00191978     -0.063989    0.00690512      0.999776    -0.0200281     -0.291333    -0.0017818     0.0200408      0.999798     -0.401082
     0.999975   -0.00682628    0.00174001    -0.0555853    0.00685954      0.999779    -0.0198894      -0.32891   -0.00160385     0.0199008      0.999801     -0.403571
     0.999974   -0.00704701    0.00127163    -0.0612763    0.00707105      0.999775    -0.0200128     -0.329819   -0.00113031     0.0200213      0.999799     -0.386479
     0.999977    -0.0067028    0.00110635    -0.0795075    0.00672391      0.999771    -0.0203338     -0.363388  -0.000969801     0.0203407      0.999793     -0.355026
     0.999973   -0.00717535     0.0016445    -0.0503479    0.00720367      0.999814    -0.0179181     -0.411549   -0.00151563     0.0179294      0.999838     -0.329247
     0.999977   -0.00661189    0.00130939     -0.068953    0.00663528      0.999802    -0.0187415     -0.316533   -0.00118521     0.0187497      0.999824     -0.357365
      0.99998   -0.00620614    0.00147286    -0.0920273    0.00623325      0.999797    -0.0191812     -0.318505   -0.00135352       0.01919      0.999815     -0.336208
      0.99998    -0.0062883    0.00116646     -0.111873    0.00630992      0.999789    -0.0195667     -0.306242   -0.00104317     0.0195737      0.999808     -0.401238
     0.999982   -0.00585991     0.0013673     -0.129177     0.0058844      0.999809    -0.0186545     -0.253091   -0.00125773     0.0186622      0.999825     -0.329308
     0.999981   -0.00593175    0.00162583     -0.118289    0.00595915      0.999831    -0.0174044     -0.224656   -0.00152231     0.0174138      0.999847     -0.299557
     0.999986   -0.00487999    0.00181701     -0.109339    0.00490936      0.999851    -0.0165266     -0.130888   -0.00173609     0.0165353      0.999862    -0.0744752
     0.999989    -0.0045244    0.00146009     -0.113641    0.00454736       0.99986    -0.0161236    -0.0549298   -0.00138694     0.0161301      0.999869    -0.0469993
     0.999988   -0.00471573     0.0015211     -0.110963    0.00474073      0.999846    -0.0168707    -0.0421719   -0.00144131     0.0168777      0.999857    -0.0978785
     0.999986   -0.00509201    0.00161948     -0.106443    0.00512049      0.999823    -0.0180969     -0.119836   -0.00152704      0.018105      0.999835     -0.142375
     0.999983   -0.00571947    0.00135268      -0.12777    0.00574353      0.999812    -0.0185027    -0.0917789    -0.0012466     0.0185102      0.999828     -0.225264
     0.999981   -0.00588516    0.00159334     -0.118093    0.00591344      0.999814     -0.018367     -0.165555   -0.00148495      0.018376       0.99983     -0.206532
     0.999983   -0.00554629    0.00171449     -0.128901     0.0055772      0.999812    -0.0185794     -0.141985   -0.00161112     0.0185886      0.999826     -0.213304
     0.999983   -0.00566846    0.00164915     -0.123996    0.00569803      0.999812    -0.0185124     -0.201863   -0.00154391     0.0185215      0.999827     -0.185061
     0.999979   -0.00634715    0.00136999     -0.122274    0.00637161      0.999806    -0.0186511     -0.190376   -0.00125134     0.0186594      0.999825      -0.26145
     0.999976   -0.00660659     0.0018456    -0.0866387    0.00664035      0.999799    -0.0189303      -0.17962   -0.00172016     0.0189421      0.999819     -0.198701
     0.999974   -0.00688166    0.00201675    -0.0742988    0.00691801      0.999803    -0.0186085     -0.227042    -0.0018883      0.018622      0.999825     -0.248489
     0.999975   -0.00682453    0.00190176    -0.0957355    0.00686046      0.999785    -0.0195787     -0.191977   -0.00176774     0.0195912      0.999807     -0.285764
     0.999976   -0.00656757    0.00209296    -0.0873109    0.00660613      0.999798    -0.0189797     -0.212349   -0.00196789     0.0189931      0.999818     -0.229301
     0.999976   -0.00656108    0.00211399    -0.0955262    0.00660015      0.999797     -0.019041       -0.1962   -0.00198863     0.0190545      0.999816     -0.282639
     0.999975   -0.00673698    0.00215666    -0.0809573     0.0067772      0.999792    -0.0192207      -0.21357   -0.00202673     0.0192349      0.999813     -0.237162
     0.999972   -0.00704078     0.0024291    -0.0554813    0.00708592      0.999792    -0.0191072     -0.247312   -0.00229406     0.0191239      0.999814     -0.270902
     0.999971   -0.00714157    0.00245724    -0.0536612    0.00718772      0.999788    -0.0193132     -0.173569   -0.00231879     0.0193303       0.99981     -0.311991
     0.999974    -0.0068868    0.00235475    -0.0619248    0.00693005      0.999798    -0.0188786     -0.202812   -0.00222426     0.0188944      0.999819     -0.233525
     0.999973     -0.006917    0.00238405    -0.0744855    0.00696116      0.999795    -0.0190389     -0.190333   -0.00225187      0.019055      0.999816     -0.287548
