# 3dvolreg matrices (DICOM-to-DICOM, row-by-row):
     0.999988    0.00454204    0.00166655       1.19423   -0.00457192      0.999821     0.0183849        3.0904   -0.00158274    -0.0183923       0.99983       1.70497
     0.999988    0.00463182    0.00180559       1.19795   -0.00466353      0.999828     0.0179743       3.14327   -0.00172203    -0.0179825      0.999837       1.71665
     0.999989    0.00454134    0.00123258       1.18241   -0.00456385      0.999811     0.0189163       3.16202   -0.00114644    -0.0189217       0.99982       1.63385
     0.999987     0.0045841    0.00201105       1.21268   -0.00461988      0.999824     0.0181664       3.14057   -0.00192743    -0.0181754      0.999833       1.70206
     0.999988    0.00458308    0.00189017       1.20944   -0.00461637      0.999827     0.0179983       3.11032   -0.00180735    -0.0180068      0.999836       1.66879
     0.999988    0.00451969    0.00190466       1.20448    -0.0045534      0.999826     0.0180803       3.09618   -0.00182262    -0.0180887      0.999835       1.69547
     0.999987    0.00461126    0.00205024       1.21065   -0.00464678      0.999833     0.0176703       3.10694   -0.00196841    -0.0176796      0.999842       1.68119
     0.999988    0.00441292    0.00220503       1.21127   -0.00445203      0.999827     0.0180583       3.08626   -0.00212496    -0.0180679      0.999835       1.71604
     0.999987    0.00439102    0.00252709       1.23001    -0.0044358      0.999828     0.0179961       3.10164   -0.00244764    -0.0180071      0.999835       1.76295
     0.999988      0.004282    0.00232306       1.21922   -0.00432412      0.999821     0.0184416       3.09388   -0.00224368    -0.0184514      0.999827       1.73535
     0.999987    0.00432797    0.00266953       1.22558   -0.00437469      0.999833     0.0177539       3.11372   -0.00259225    -0.0177653      0.999839       1.72815
     0.999989    0.00428802    0.00192826       1.21006   -0.00432312      0.999818     0.0185821       3.09781   -0.00184822    -0.0185902      0.999825       1.67379
     0.999988    0.00442305    0.00217781       1.22105    -0.0044613       0.99983       0.01788       3.12206   -0.00209836    -0.0178895      0.999838       1.69178
     0.999988     0.0045008    0.00199558       1.21316   -0.00453679       0.99982     0.0184117       3.11452   -0.00191236    -0.0184206      0.999828       1.64153
     0.999987    0.00460336    0.00232237       1.22253   -0.00464416      0.999829     0.0178813       3.12215   -0.00223966    -0.0178919      0.999837       1.70048
     0.999988     0.0044727    0.00208638       1.21617   -0.00450949      0.999828     0.0179737       3.09836   -0.00200563    -0.0179829      0.999836       1.66638
     0.999987    0.00442656    0.00234208       1.22585   -0.00446757      0.999831     0.0178049       3.09477   -0.00226287    -0.0178151      0.999839       1.73342
     0.999987    0.00446025    0.00229442       1.23028   -0.00450057       0.99983     0.0178794       3.10021   -0.00221428    -0.0178895      0.999838       1.68237
     0.999988    0.00431656    0.00226606       1.22657   -0.00435798      0.999817     0.0186025       3.08127   -0.00218534    -0.0186122      0.999824       1.68117
     0.999987    0.00433874    0.00260516        1.2439   -0.00438503      0.999828     0.0180325       3.11015   -0.00252648    -0.0180437      0.999834       1.70247
     0.999988    0.00420762    0.00242753       1.23981   -0.00425196      0.999819      0.018561       3.08152   -0.00234899    -0.0185711      0.999825       1.66795
     0.999987    0.00431106    0.00280513       1.25047   -0.00436018      0.999833     0.0177466       3.09641   -0.00272816    -0.0177586      0.999839       1.71509
     0.999989    0.00422168    0.00195628       1.20944   -0.00425685      0.999823     0.0183393       3.12252   -0.00187851    -0.0183475       0.99983       1.65723
     0.999989    0.00422207    0.00187212       1.20544   -0.00425494       0.99983     0.0179143       3.09197   -0.00179617     -0.017922      0.999838       1.67164
     0.999988    0.00433433    0.00228328       1.22208   -0.00437355      0.999838     0.0174609       3.08529   -0.00220722    -0.0174706      0.999845       1.68176
     0.999989    0.00412496    0.00200661       1.21266    -0.0041607      0.999827     0.0181476       3.08957    -0.0019314    -0.0181558      0.999833       1.60515
     0.999988    0.00425949    0.00250915       1.23939   -0.00430249       0.99984     0.0173876       3.07434   -0.00243469    -0.0173982      0.999846       1.70291
     0.999989    0.00418025    0.00219519       1.23081   -0.00421803      0.999838     0.0174954       3.06219    -0.0021217    -0.0175045      0.999845       1.62647
     0.999989    0.00405498    0.00218272       1.22001   -0.00409308      0.999834     0.0177417       3.06794   -0.00211042    -0.0177505       0.99984        1.6678
     0.999989    0.00402331     0.0022776       1.23623   -0.00406206      0.999843     0.0172732       3.06224   -0.00220775    -0.0172823      0.999848       1.64689
      0.99999    0.00402243    0.00215586       1.22302      -0.00406      0.999835     0.0177179        3.0668   -0.00208424    -0.0177265      0.999841       1.65443
     0.999988    0.00422308    0.00239271       1.23377    -0.0042634      0.999845     0.0171032       3.09165   -0.00232011    -0.0171132      0.999851        1.6239
     0.999989    0.00414043    0.00202376       1.21973   -0.00417604      0.999831     0.0179193       3.08229   -0.00194923    -0.0179275      0.999837       1.62576
     0.999989    0.00419049    0.00224855       1.22948   -0.00422867      0.999842     0.0172512       3.09988    -0.0021759    -0.0172605      0.999849       1.62158
     0.999989    0.00412156    0.00230093       1.22294    -0.0041615      0.999836     0.0176335       3.07901   -0.00222787    -0.0176429      0.999842       1.64989
     0.999989    0.00418505    0.00230418       1.22401   -0.00422374      0.999846      0.017052       3.06629   -0.00223246    -0.0170615      0.999852       1.62825
      0.99999    0.00386117    0.00213326       1.21141   -0.00389801      0.999839     0.0175408       3.03474   -0.00206519    -0.0175489      0.999844       1.62388
     0.999988    0.00415487      0.002522       1.23778   -0.00419626      0.999853     0.0166358       3.04815   -0.00245251    -0.0166462      0.999858       1.63604
      0.99999     0.0039441    0.00199169       1.21007   -0.00397861      0.999837     0.0176314       3.02665   -0.00192182    -0.0176392      0.999843       1.60515
     0.999989    0.00408692    0.00228137       1.22291   -0.00412558      0.999843     0.0172093        3.0801   -0.00221068    -0.0172186      0.999849       1.60087
      0.99999    0.00403846    0.00176328       1.20643   -0.00406892      0.999836      0.017624       3.06406   -0.00169182     -0.017631      0.999843       1.59021
      0.99999    0.00398174    0.00203662       1.21924   -0.00401687      0.999838     0.0175458       3.09305   -0.00196642    -0.0175538      0.999844       1.57644
      0.99999    0.00388289    0.00217127       1.21702   -0.00392083      0.999835     0.0177516       3.08034   -0.00210199      -0.01776       0.99984       1.60483
      0.99999    0.00391228    0.00196162       1.21689   -0.00394568      0.999842     0.0173255       3.08012   -0.00189353     -0.017333      0.999848       1.55467
      0.99999    0.00398428    0.00190515       1.22133   -0.00401726      0.999836     0.0176357       3.06655   -0.00183457    -0.0176432      0.999843       1.58822
     0.999988    0.00420641    0.00230699       1.23379   -0.00424475      0.999849     0.0168756       3.08042   -0.00223565    -0.0168852      0.999855       1.60098
      0.99999    0.00397114    0.00190705       1.21788   -0.00400434      0.999835     0.0177278       3.06493   -0.00183634    -0.0177353      0.999841       1.55454
     0.999988    0.00430655    0.00216273       1.22756   -0.00434232      0.999849      0.016816       3.08224   -0.00208998    -0.0168252      0.999856       1.64108
      0.99999    0.00406904    0.00171318       1.19919   -0.00409931      0.999829     0.0180476       3.08384   -0.00163945    -0.0180545      0.999836       1.56047
     0.999988    0.00422847    0.00237343       1.22035   -0.00426818      0.999847     0.0169823       3.10646   -0.00230126    -0.0169923      0.999853       1.60852
     0.999991    0.00403276    0.00157848       1.19495   -0.00406033      0.999832     0.0178774       3.07681   -0.00150612    -0.0178837      0.999839        1.5511
     0.999989    0.00418999    0.00192877         1.209   -0.00422283      0.999841     0.0173477       3.11709   -0.00185578    -0.0173557      0.999848       1.57263
     0.999991    0.00399729    0.00148836       1.19282   -0.00402343       0.99983     0.0179909       3.09315   -0.00141619    -0.0179967      0.999837       1.55105
      0.99999    0.00414902    0.00175748        1.1996   -0.00417909      0.999839     0.0174639       3.12206   -0.00168473    -0.0174711      0.999846       1.59503
     0.999991    0.00403663    0.00149785       1.20374   -0.00406262      0.999834     0.0177691       3.09181   -0.00142588     -0.017775      0.999841       1.52223
      0.99999    0.00416483    0.00189105       1.21639   -0.00419679      0.999843     0.0172261       3.10447   -0.00181901    -0.0172339       0.99985       1.58708
      0.99999    0.00419564    0.00170796        1.2104   -0.00422504      0.999836     0.0175892       3.10004   -0.00163389    -0.0175962      0.999844       1.50897
      0.99999    0.00414825    0.00180438       1.20981   -0.00417894      0.999841     0.0173474       3.08216   -0.00173213    -0.0173548      0.999848       1.57138
     0.999991    0.00405072   0.000887491       1.15961   -0.00406623      0.999825     0.0182348       3.09572  -0.000813472    -0.0182382      0.999833       1.49378
     0.999991    0.00411643    0.00134688       1.17051   -0.00413971      0.999834     0.0177644       3.11542   -0.00127353    -0.0177698      0.999841       1.56978
     0.999992    0.00388571    0.00108807       1.16659   -0.00390481      0.999828     0.0181438       3.09539   -0.00101738    -0.0181479      0.999835       1.47913
     0.999992    0.00376507    0.00122384       1.17006   -0.00378642      0.999832     0.0179394       3.12051   -0.00115609    -0.0179439      0.999838       1.49836
     0.999991    0.00405492    0.00152508        1.1927   -0.00408076      0.999841     0.0173375        3.0578   -0.00145453    -0.0173436      0.999849       1.56052
     0.999992    0.00377168    0.00142911       1.18346   -0.00379649      0.999835     0.0177751         3.065   -0.00136183    -0.0177804      0.999841       1.52475
     0.999992    0.00379618    0.00159553        1.1918   -0.00382318      0.999844     0.0172703       3.07792   -0.00152972    -0.0172763       0.99985       1.52078
     0.999992    0.00365108    0.00156266       1.19016   -0.00367805      0.999838     0.0176195        3.0635   -0.00149807    -0.0176252      0.999844       1.47384
      0.99999    0.00386314     0.0020908       1.21689   -0.00389905       0.99984     0.0174503       3.08527   -0.00202306    -0.0174583      0.999846       1.55634
     0.999991    0.00380049    0.00196789       1.21507    -0.0038349      0.999834     0.0177843       3.08016   -0.00189998    -0.0177917       0.99984       1.46564
     0.999991    0.00375804    0.00208941       1.21641   -0.00379416      0.999839     0.0175636       3.06838   -0.00202307    -0.0175714      0.999844       1.54066
      0.99999    0.00379471    0.00221483       1.22651     -0.003833      0.999839     0.0175446       3.06669    -0.0021479    -0.0175529      0.999844       1.50036
     0.999991    0.00368915    0.00223191       1.22067   -0.00372818      0.999836     0.0177434       3.06598   -0.00216608    -0.0177516       0.99984       1.55586
      0.99999    0.00373136    0.00236668       1.22998   -0.00377238      0.999839     0.0175681       3.08082   -0.00230075    -0.0175769      0.999843        1.5173
      0.99999    0.00370004    0.00241026       1.23379    -0.0037429       0.99983     0.0180294       3.07033   -0.00234314    -0.0180383      0.999835       1.54675
      0.99999    0.00381224    0.00235614       1.22724   -0.00385285       0.99984     0.0174771       3.09581   -0.00228914     -0.017486      0.999844       1.52824
      0.99999    0.00377563    0.00252731       1.23256   -0.00382073      0.999829     0.0180859       3.08711   -0.00245859    -0.0180954      0.999833       1.51312
     0.999988    0.00387942    0.00308368       1.25424   -0.00393173      0.999845     0.0171416       3.08101    -0.0030167    -0.0171536      0.999848       1.52865
     0.999988    0.00378881    0.00311586       1.25487   -0.00384422      0.999831     0.0179743       3.06893   -0.00304724    -0.0179861      0.999834       1.49829
     0.999986    0.00399575    0.00341463       1.25284   -0.00405302      0.999848     0.0169353       3.07413   -0.00334645    -0.0169489      0.999851        1.5343
     0.999989     0.0040983    0.00243381        1.2056   -0.00414106      0.999832     0.0178298       3.07299   -0.00236033    -0.0178397      0.999838       1.49945
     0.999988    0.00420096     0.0024945       1.22974   -0.00424411      0.999837     0.0175542       3.13368   -0.00242035    -0.0175646      0.999843       1.55103
     0.999989    0.00395748    0.00270353       1.23567   -0.00400648      0.999823      0.018364       3.09126   -0.00263038    -0.0183746      0.999828       1.48797
     0.999987    0.00393678     0.0031891       1.25785   -0.00399162      0.999841     0.0173782       3.11877   -0.00312018    -0.0173907      0.999844        1.5231
     0.999989    0.00382792    0.00280782       1.24227   -0.00387837      0.999827     0.0181908       3.10173    -0.0027377    -0.0182015      0.999831       1.45694
     0.999987    0.00391806     0.0032779       1.26017   -0.00397435      0.999842     0.0173457       3.09891   -0.00320942    -0.0173585      0.999844        1.5505
      0.99999    0.00383847    0.00243812       1.22454   -0.00388193      0.999829     0.0180743       3.08505   -0.00236833    -0.0180836      0.999834       1.42704
     0.999988    0.00395916    0.00289895       1.24075   -0.00400911       0.99984     0.0174341       3.08858   -0.00282946    -0.0174455      0.999844       1.55575
      0.99999    0.00378029    0.00254249       1.22821   -0.00382549       0.99983     0.0180125       3.08956   -0.00247397     -0.018022      0.999835       1.46257
     0.999989    0.00374846    0.00285471       1.24687   -0.00379864      0.999835       0.01778       3.07492   -0.00278759    -0.0177906      0.999838       1.52749
     0.999989    0.00386166    0.00276289       1.24642   -0.00390999      0.999836     0.0177087       3.07612   -0.00269405    -0.0177194      0.999839       1.50422
     0.999988    0.00393177    0.00282648       1.23961   -0.00398299      0.999824     0.0183477       3.10479   -0.00275384    -0.0183587      0.999828       1.50708
     0.999987    0.00392987    0.00325455       1.26155   -0.00398714      0.999834     0.0177824       3.09357   -0.00318413    -0.0177952      0.999837       1.49222
     0.999989    0.00383747    0.00274502       1.24113   -0.00388802      0.999818      0.018652       3.08361   -0.00267294    -0.0186625      0.999822       1.43595
     0.999988    0.00409692     0.0028596       1.24366     -0.004147      0.999834     0.0177325       3.08089   -0.00278647    -0.0177441      0.999839       1.50916
      0.99999    0.00386519    0.00238211        1.2324   -0.00390831      0.999824     0.0183741       3.07219   -0.00231067    -0.0183832      0.999828       1.41041
     0.999987    0.00411957    0.00288207       1.24746   -0.00417085      0.999829     0.0180176       3.10558   -0.00280736    -0.0180294      0.999834        1.5129
     0.999989     0.0040622    0.00250973        1.2383    -0.0041074      0.999825     0.0182765       3.11217   -0.00243505    -0.0182866       0.99983       1.42003
     0.999987    0.00412395    0.00285988       1.24629   -0.00417516      0.999827     0.0181379       3.11179   -0.00278458    -0.0181496      0.999831       1.47509
     0.999987    0.00428281    0.00264968       1.24907   -0.00432963       0.99983     0.0179223       3.09741   -0.00257248    -0.0179335      0.999836       1.41713
     0.999988    0.00414289     0.0027919       1.24505   -0.00419328      0.999824     0.0182901       3.12271   -0.00271563    -0.0183016      0.999829        1.4658
     0.999988    0.00412697    0.00277178       1.24429   -0.00417738      0.999821     0.0184333       3.14463   -0.00269521    -0.0184447      0.999826       1.44896
     0.999989    0.00418763    0.00231076       1.22282   -0.00422947      0.999822     0.0184087       3.13473   -0.00223326    -0.0184183      0.999828       1.46962
     0.999987    0.00445341     0.0023887       1.22162   -0.00449639      0.999822     0.0182992       3.14782   -0.00230679    -0.0183097       0.99983       1.42053
     0.999986    0.00437758     0.0029222        1.2428   -0.00443026      0.999823     0.0182717       3.10581    -0.0028417    -0.0182844      0.999829       1.44796
     0.999986    0.00450253    0.00288247       1.24787    -0.0045531      0.999831     0.0177834        3.1174   -0.00280192    -0.0177962      0.999838       1.42711
     0.999986    0.00429204    0.00308313       1.25178   -0.00434653       0.99983      0.017892       3.07838   -0.00300581    -0.0179052      0.999835       1.43684
     0.999984    0.00450146    0.00329021       1.26592   -0.00455883      0.999834      0.017642       3.11009   -0.00321025    -0.0176567      0.999839       1.49018
     0.999987    0.00419804    0.00287235       1.24238   -0.00425048       0.99982        0.0185       3.09722   -0.00279416    -0.0185119      0.999825       1.42132
     0.999986    0.00430767    0.00304363       1.24709   -0.00436237      0.999825     0.0181996       3.12661    -0.0029647    -0.0182126       0.99983       1.47976
     0.999989    0.00400188    0.00239401       1.22194   -0.00404591      0.999817     0.0186789       3.10227   -0.00231883    -0.0186884      0.999823       1.37478
     0.999986     0.0041863    0.00332401       1.26364   -0.00424541      0.999829     0.0179799       3.10305   -0.00324818    -0.0179938      0.999833       1.47838
     0.999987    0.00425723    0.00288681       1.25237   -0.00430945      0.999823     0.0183321       3.09289   -0.00280825    -0.0183443      0.999828       1.43228
     0.999984    0.00436721    0.00347938        1.2705    -0.0044279      0.999835     0.0176279        3.1055   -0.00340182     -0.017643      0.999839       1.49896
     0.999987    0.00425185    0.00295367       1.24942   -0.00430612      0.999817     0.0186171       3.10555   -0.00287398    -0.0186296      0.999822       1.42463
     0.999985    0.00435156    0.00326374       1.25465   -0.00440894      0.999832     0.0177835       3.11747   -0.00318581    -0.0177976      0.999837        1.4938
     0.999985    0.00451639      0.003172       1.25592   -0.00457221      0.999831     0.0178172       3.10456   -0.00309099    -0.0178314      0.999836       1.50182
     0.999987    0.00438086    0.00268226       1.23336   -0.00443077      0.999812      0.018893       3.12783   -0.00259899    -0.0189046      0.999818       1.43683
     0.999985    0.00447956    0.00300778       1.24546   -0.00453282      0.999829     0.0179385       3.13192   -0.00292691    -0.0179518      0.999835       1.49029
     0.999987    0.00438148    0.00254289       1.23241   -0.00442749      0.999821     0.0183792       3.11556   -0.00246191    -0.0183903      0.999828       1.42267
     0.999985     0.0046442    0.00279467       1.23796    -0.0046938      0.999827      0.018011       3.11408   -0.00271054    -0.0180238      0.999834       1.47143
     0.999986    0.00454145    0.00282309       1.24079   -0.00459209      0.999824     0.0181996       3.11996   -0.00273994    -0.0182123       0.99983       1.41343
     0.999986    0.00456361    0.00283122       1.23447   -0.00461552      0.999816     0.0186068       3.13278   -0.00274579    -0.0186196      0.999823       1.46919
     0.999985    0.00473989    0.00270688       1.23794   -0.00478761      0.999828     0.0179033        3.1269   -0.00262156     -0.017916      0.999836       1.41853
     0.999985    0.00475535    0.00263302        1.2328   -0.00480297      0.999819     0.0183855        3.0971   -0.00254511    -0.0183978      0.999828       1.41663
     0.999983    0.00491445    0.00302232       1.24569   -0.00496805      0.999826     0.0179928       3.12422   -0.00293336    -0.0180075      0.999834       1.43174
     0.999985    0.00477361     0.0027037       1.23162   -0.00482189      0.999824     0.0181425       3.11701   -0.00261662    -0.0181553      0.999832       1.46256
     0.999983     0.0048941    0.00300864       1.23778   -0.00494765      0.999825     0.0180568       3.11767   -0.00291974    -0.0180714      0.999832       1.47869
     0.999982    0.00498718     0.0033184       1.26649   -0.00504525       0.99983     0.0177276       3.12471   -0.00322943    -0.0177441      0.999837       1.43719
     0.999984    0.00480084     0.0030889       1.25198     -0.004857      0.999818     0.0184402       3.11897   -0.00299981    -0.0184549      0.999825       1.42746
     0.999981    0.00507472     0.0035402       1.28467   -0.00513726      0.999827      0.017888       3.12035   -0.00344881    -0.0179058      0.999834        1.4447
     0.999982    0.00476539    0.00353454       1.30937   -0.00483801      0.999771     0.0208304         3.195   -0.00343447    -0.0208471      0.999777       1.33155
     0.999983    0.00444282    0.00374616       1.32281   -0.00451953      0.999775     0.0207218       3.25204   -0.00365326    -0.0207384      0.999778       1.42237
     0.999986    0.00453377    0.00284228       1.27425   -0.00459004      0.999787     0.0201137       3.19436   -0.00275048    -0.0201264      0.999794       1.33402
     0.999984    0.00461535    0.00311649       1.27733   -0.00467517        0.9998     0.0194668       3.20441   -0.00302602    -0.0194811      0.999806       1.42192
     0.999984    0.00476985    0.00305026       1.28373   -0.00482876      0.999796     0.0196068        3.1622   -0.00295611    -0.0196213      0.999803       1.34594
     0.999986     0.0045579    0.00278346       1.24902    -0.0046107      0.999804     0.0192678       3.17505   -0.00269509    -0.0192804       0.99981       1.58663
     0.999982    0.00477881    0.00354747        1.2851   -0.00484086      0.999832      0.017695       3.18747   -0.00346231    -0.0177118      0.999837       1.74439
     0.999973    0.00506305    0.00527371       1.39211   -0.00517959      0.999737     0.0223231       3.25476    -0.0051593    -0.0223499      0.999737       1.81978
      0.99998    0.00471534    0.00419578       1.33199   -0.00479336      0.999812     0.0187831        3.2423   -0.00410643    -0.0188029      0.999815       1.65435
     0.999982    0.00451387    0.00384104       1.32087   -0.00458557      0.999812      0.018866       3.16877   -0.00375516    -0.0188832      0.999815       1.55026
     0.999982    0.00472758    0.00366229       1.31543   -0.00479626      0.999808     0.0189766       3.14471   -0.00357188    -0.0189938      0.999813       1.57405
     0.999981    0.00468912    0.00409531       1.34013   -0.00476448      0.999816     0.0185894       3.15402   -0.00400739    -0.0186086      0.999819       1.56175
     0.999983    0.00465649    0.00345857       1.31146   -0.00471957      0.999818     0.0184604       3.12605   -0.00337198    -0.0184764      0.999824       1.48489
     0.999982    0.00466178    0.00373395       1.31512    -0.0047309      0.999814     0.0187215       3.12163   -0.00364598    -0.0187388      0.999818       1.54064
     0.999981    0.00484159    0.00368363       1.32147   -0.00490866      0.999818     0.0184213       3.13265   -0.00359378     -0.018439      0.999824       1.46724
     0.999981    0.00493532     0.0037238        1.3251   -0.00500495      0.999808      0.018926       3.13051   -0.00362969    -0.0189443      0.999814        1.4567
      0.99998    0.00516807    0.00373011       1.33231   -0.00523558      0.999818     0.0183201       3.14036   -0.00363475    -0.0183392      0.999825       1.42482
     0.999981    0.00507789    0.00354236       1.30811   -0.00514222      0.999818     0.0183949       3.09641    -0.0034483    -0.0184128      0.999825       1.42832
     0.999979    0.00537377    0.00352327       1.30734   -0.00543446      0.999833     0.0174497       3.10442   -0.00342892    -0.0174685      0.999842        1.4559
      0.99998    0.00542205    0.00331597       1.29175   -0.00548056      0.999825      0.017899       3.07676   -0.00321834    -0.0179168      0.999834       1.47752
     0.999978    0.00557787    0.00357695       1.29697   -0.00563937      0.999832     0.0174211       3.08273   -0.00347918    -0.0174409      0.999842        1.4774
      0.99998    0.00546379    0.00316318       1.27177   -0.00552007      0.999822      0.018065       3.08278   -0.00306391    -0.0180821      0.999832       1.41689
     0.999973    0.00365065    0.00644482       1.45143   -0.00376207      0.999842     0.0173606       3.13459   -0.00638042    -0.0173844      0.999829        1.4323
     0.999971    0.00316927     0.0068612       1.49379   -0.00328787      0.999844     0.0173431       3.08854   -0.00680517    -0.0173652      0.999826       1.37238
     0.999974    0.00355933    0.00634438       1.47286   -0.00367262      0.999832      0.017936       3.06039   -0.00627948    -0.0179588      0.999819       1.40583
     0.999974    0.00390507    0.00605033       1.45718   -0.00400879      0.999844     0.0172269        3.0706   -0.00598211    -0.0172507      0.999833       1.38345
     0.999978    0.00398841    0.00523242       1.41638    -0.0040833      0.999825     0.0182514        3.0911   -0.00515871    -0.0182723       0.99982        1.3604
     0.999976     0.0040459     0.0055708       1.43292   -0.00414274      0.999839     0.0174848        3.0942   -0.00549916    -0.0175075      0.999832       1.43691
     0.999978    0.00403528    0.00528913       1.41286   -0.00412784      0.999836     0.0176078       3.08455   -0.00521721    -0.0176292      0.999831       1.36353
     0.999978    0.00411656    0.00521034       1.40168   -0.00420925      0.999831     0.0179051        3.0902   -0.00513575    -0.0179266      0.999826       1.39992
     0.999977    0.00413909     0.0053349       1.41729   -0.00422953      0.999846     0.0170556       3.07554   -0.00526348    -0.0170778       0.99984       1.38526
     0.999981    0.00384782    0.00472112       1.39479   -0.00393082      0.999836     0.0176989       3.05627   -0.00465224    -0.0177172      0.999832       1.29273
     0.999978    0.00421456    0.00521318       1.41162   -0.00430173      0.999849     0.0168252       3.07054   -0.00514148    -0.0168472      0.999845       1.41434
     0.999982    0.00423115    0.00415701       1.36115    -0.0043027       0.99984     0.0173544       3.04742   -0.00408292     -0.017372      0.999841       1.29972
     0.999979      0.004272     0.0048975       1.38996    -0.0043543      0.999847     0.0169181       3.06898   -0.00482448    -0.0169391      0.999845        1.3603
     0.999981     0.0041401    0.00449886       1.36604   -0.00421786      0.999839     0.0174135        3.0398   -0.00442604    -0.0174321      0.999838       1.28029
      0.99998    0.00441936    0.00460404       1.37121   -0.00449637      0.999848      0.016853       3.06024   -0.00452886    -0.0168733      0.999847       1.38336
      0.99998    0.00463185    0.00439943       1.36495    -0.0047056      0.999846     0.0169021       3.04614   -0.00432046    -0.0169225      0.999847       1.34607
     0.999981    0.00477026    0.00394614       1.34126   -0.00483679      0.999843     0.0170246       3.04103   -0.00386431    -0.0170434      0.999847       1.38693
     0.999981    0.00496369    0.00355825       1.31867   -0.00502353      0.999843     0.0170095       3.05593   -0.00347326     -0.017027      0.999849       1.30444
      0.99998    0.00507935    0.00372056       1.32756   -0.00514081      0.999847     0.0166982       3.04956   -0.00363518     -0.016717      0.999854       1.37061
      0.99998    0.00520434    0.00349794       1.32411   -0.00526192      0.999847     0.0166571       3.04444   -0.00341072    -0.0166752      0.999855       1.32143
     0.999981    0.00526586    0.00331733       1.29762   -0.00532196      0.999839     0.0171353       3.06979   -0.00322656    -0.0171526      0.999848       1.37009
      0.99998    0.00530443    0.00334598       1.31122   -0.00536013      0.999843     0.0168614       3.08944   -0.00325602     -0.016879      0.999852       1.32567
     0.999981    0.00509169    0.00337015       1.30616   -0.00514984      0.999834     0.0174758       3.08986   -0.00328061    -0.0174928      0.999842       1.30945
      0.99998    0.00511256    0.00368154       1.32617   -0.00517358      0.999846     0.0167617       3.09369   -0.00359528    -0.0167805      0.999853       1.34463
     0.999983    0.00494533     0.0031295       1.30669   -0.00499979      0.999832     0.0176398       3.08226   -0.00304174    -0.0176552       0.99984       1.27009
     0.999981    0.00495421    0.00365581       1.33631   -0.00501597      0.999842     0.0170809       3.09466   -0.00357061    -0.0170989      0.999847       1.33488
     0.999985    0.00500144    0.00241488       1.26065   -0.00504769      0.999796     0.0195416       3.19518   -0.00231665    -0.0195535      0.999806       1.22143
     0.999984    0.00504018    0.00273524       1.27472   -0.00509133      0.999806     0.0190303       3.20632    -0.0026388    -0.0190439      0.999815       1.34864
     0.999983    0.00513282    0.00260509        1.2608   -0.00518259      0.999797     0.0194729       3.19261   -0.00250461     -0.019486      0.999807       1.30433
     0.999982    0.00544144    0.00264465       1.27284   -0.00548849      0.999821     0.0181185       3.20499   -0.00254558    -0.0181326      0.999832       1.26238
     0.999983    0.00534717    0.00243579        1.2557   -0.00539122      0.999815     0.0184528        3.1653   -0.00233667    -0.0184656      0.999827       1.24822
     0.999981    0.00556722    0.00253148       1.26134   -0.00561066      0.999831     0.0174872         3.137   -0.00243369    -0.0175011      0.999844       1.25145
     0.999982    0.00542816    0.00239155       1.25187   -0.00546946       0.99983     0.0176137       3.09642   -0.00229553    -0.0176264      0.999842       1.25036
     0.999981    0.00548889    0.00271819       1.26967   -0.00553509      0.999835       0.01729       3.11862   -0.00262284    -0.0173047      0.999847       1.28747
     0.999983    0.00527228    0.00235709       1.24934   -0.00531225      0.999837     0.0172834       3.08982   -0.00226559    -0.0172956      0.999848       1.23683
      0.99998    0.00552894     0.0030734       1.28975   -0.00557866       0.99985     0.0164122        3.0781    -0.0029822     -0.016429      0.999861       1.32505
     0.999982    0.00537741    0.00278159       1.26913   -0.00542401       0.99984     0.0170262       3.05596   -0.00268959     -0.017041      0.999851       1.24514
     0.999981    0.00539322    0.00292646       1.28122   -0.00544138      0.999846     0.0167084       3.06607    -0.0028359     -0.016724      0.999856       1.31515
      0.99998    0.00353593    0.00525426       1.42423   -0.00362308      0.999854      0.016672        3.0932   -0.00519454    -0.0166907      0.999847       1.17503
     0.999982    0.00438573    0.00418496       1.36718   -0.00445583      0.999847     0.0168921       3.10494   -0.00411024    -0.0169105      0.999849        1.2897
     0.999983    0.00464224    0.00344389       1.32613   -0.00469961      0.999847       0.01684       3.10641   -0.00336519    -0.0168559      0.999852       1.17377
      0.99998    0.00494091    0.00401514       1.34884   -0.00500881      0.999842      0.017081       3.13298    -0.0039301    -0.0171008      0.999846       1.30561
     0.999981    0.00501354    0.00354913       1.32618   -0.00507342      0.999841     0.0170666        3.1209   -0.00346301    -0.0170843      0.999848       1.21171
      0.99998    0.00506733    0.00391125       1.33476   -0.00513187      0.999848     0.0166716       3.09692   -0.00382617    -0.0166913      0.999853       1.30941
     0.999982    0.00486923    0.00356669       1.32459   -0.00492911      0.999844     0.0169751       3.07432   -0.00348348    -0.0169924       0.99985       1.20007
     0.999979     0.0051382    0.00404545       1.33911   -0.00520354      0.999853     0.0163122       3.07105   -0.00396104    -0.0163329      0.999859       1.32963
     0.999981    0.00489144    0.00373421       1.31486   -0.00495426      0.999843      0.017003       3.05009   -0.00365046    -0.0170212      0.999848       1.24732
     0.999978    0.00524956    0.00398928        1.3176   -0.00531347      0.999855     0.0161822       3.05188   -0.00390375     -0.016203      0.999861        1.3377
     0.999979    0.00528429    0.00377234       1.30799   -0.00534599      0.999849     0.0165391        3.0294   -0.00368437    -0.0165589      0.999856       1.26304
     0.999977    0.00541096    0.00419912       1.31469   -0.00547701      0.999859     0.0158822        3.0339   -0.00411259    -0.0159049      0.999865       1.33187
      0.99998    0.00506067    0.00381599       1.26271   -0.00512351      0.999848     0.0166424       3.00234   -0.00373119    -0.0166617      0.999854       1.34529
     0.999978    0.00535706    0.00397488       1.24895   -0.00542301      0.999845     0.0167711       3.03319   -0.00388442    -0.0167922      0.999851       1.39015
      0.99998    0.00568751    0.00268498       1.25772    -0.0057331      0.999834     0.0172893       3.06059    -0.0025862    -0.0173043      0.999847       1.32477
     0.999977    0.00572879    0.00364127       1.30954   -0.00579081      0.999834     0.0172562       3.08248   -0.00354181    -0.0172769      0.999844       1.38765
     0.999978    0.00554929    0.00371459       1.32523   -0.00561189      0.999839     0.0170604       3.05286   -0.00361932    -0.0170809      0.999848       1.28664
     0.999978    0.00556055    0.00366732       1.31095   -0.00562257      0.999838     0.0171237       3.06541   -0.00357151    -0.0171439      0.999847       1.30246
     0.999975    0.00591905    0.00385129       1.31992   -0.00598144      0.999848     0.0163934        3.0378   -0.00375367     -0.016416      0.999858       1.31784
     0.999977    0.00575862    0.00368778       1.30871   -0.00582099      0.999836     0.0171321       3.05235   -0.00358852    -0.0171532      0.999846       1.28212
     0.999973    0.00610017    0.00412934        1.3292   -0.00616714      0.999846     0.0164029       3.05425   -0.00402864     -0.016428      0.999857       1.32522
     0.999975    0.00591776    0.00381036       1.30982   -0.00598133      0.999839     0.0168929       3.04908   -0.00370978    -0.0169153       0.99985       1.25453
     0.999972    0.00604075    0.00446935       1.32017   -0.00611223      0.999851     0.0161548       3.02239   -0.00437109    -0.0161817       0.99986       1.32735
     0.999975     0.0058465    0.00402121       1.30217   -0.00591162      0.999848      0.016378        3.0433   -0.00392484    -0.0164014      0.999858       1.27645
     0.999974    0.00592052    0.00412834       1.29206   -0.00598941       0.99984     0.0168802       3.06816   -0.00402774    -0.0169045      0.999849       1.29331
     0.999973    0.00603912    0.00419233        1.2946   -0.00610667      0.999849     0.0162913       3.06837   -0.00409331    -0.0163164      0.999858        1.3078
     0.999976    0.00583321    0.00381673       1.27407   -0.00589577      0.999845     0.0165897       3.04277   -0.00371937    -0.0166118      0.999855       1.28761
     0.999976    0.00615022    0.00313255       1.24767   -0.00620666      0.999813     0.0183359       3.13578   -0.00301919    -0.0183549      0.999827       1.28282
     0.999984    0.00533744    0.00179024       1.20974   -0.00537301      0.999776     0.0204931       3.22879   -0.00168046    -0.0205024      0.999788       1.23715
     0.999981    0.00589732    0.00203181       1.20906   -0.00593769      0.999773     0.0204725       3.21381   -0.00191062    -0.0204842      0.999788       1.37131
     0.999981    0.00590981    0.00175363       1.21587   -0.00594304       0.99979     0.0195916       3.18906   -0.00163748    -0.0196016      0.999807       1.25829
     0.999981    0.00547159    0.00294308       1.28634   -0.00552516      0.999813     0.0185136       3.15264   -0.00284124    -0.0185295      0.999824       1.30871
     0.999982    0.00503505    0.00329234       1.32314   -0.00509455      0.999819     0.0183206       3.09484   -0.00319949     -0.018337      0.999827       1.22181
      0.99998    0.00529872    0.00356885       1.33885   -0.00536168      0.999826     0.0178694       3.10667   -0.00347354    -0.0178881      0.999834       1.26532
      0.99998    0.00529039    0.00341552       1.32658   -0.00535172       0.99982     0.0182025        3.0919   -0.00331861    -0.0182204      0.999828       1.20722
     0.999979    0.00513607    0.00397162       1.36119   -0.00520596      0.999828     0.0177911       3.11291   -0.00387956    -0.0178114      0.999834       1.26866
     0.999979    0.00550711    0.00344655       1.33498   -0.00556634      0.999833     0.0174186       3.09434   -0.00335005    -0.0174374      0.999842       1.22764
     0.999978    0.00550457    0.00377605        1.3499   -0.00557074      0.999827     0.0177451       3.09979   -0.00367772    -0.0177657      0.999835       1.28149
     0.999977    0.00556928    0.00379384        1.3599   -0.00563432      0.999834     0.0173536       3.11994   -0.00369656    -0.0173746      0.999842       1.25126
     0.999982    0.00495429    0.00343752       1.33712   -0.00502012      0.999799     0.0194136       3.17445   -0.00334065    -0.0194305      0.999806       1.26767
      0.99998    0.00518168    0.00375481       1.36397   -0.00524904      0.999821     0.0181567        3.1324   -0.00366006     -0.018176      0.999828       1.26909
     0.999981    0.00509155     0.0033745       1.34262   -0.00515355      0.999813     0.0186256       3.13094   -0.00327904    -0.0186427      0.999821       1.21002
      0.99998    0.00520082    0.00363733       1.35481   -0.00526408      0.999831     0.0176043       3.15186   -0.00354515    -0.0176231      0.999838        1.3085
     0.999981     0.0051278    0.00344514       1.34356   -0.00518892      0.999825     0.0179729       3.11027   -0.00335237    -0.0179904      0.999833       1.20986
     0.999979    0.00528491    0.00379177       1.35847   -0.00534893       0.99984     0.0170797       3.10342    -0.0037009    -0.0170996      0.999847       1.25642
     0.999979    0.00555008    0.00346034       1.34278   -0.00561065      0.999827     0.0177469       3.10446   -0.00336125    -0.0177659      0.999837       1.20262
     0.999977    0.00562348    0.00372052       1.34982   -0.00568672      0.999836     0.0172105       3.12161   -0.00362313    -0.0172313      0.999845       1.29959
      0.99998    0.00535746    0.00327602       1.32419   -0.00541403      0.999832     0.0175116       3.09364   -0.00318165     -0.017529      0.999841       1.23301
