# 3dvolreg matrices (DICOM-to-DICOM, row-by-row):
     0.999994    0.00094883    0.00345825      0.337633  -0.000999258      0.999893     0.0146093       2.85247   -0.00344401    -0.0146127      0.999887      -2.07998
     0.999994   0.000728162    0.00343398      0.336715  -0.000779074      0.999889     0.0148482       2.80929   -0.00342279    -0.0148508      0.999884      -2.08786
     0.999992   0.000659893     0.0038271      0.357688  -0.000716955      0.999888      0.014928       2.84533   -0.00381682    -0.0149306      0.999881      -2.03964
     0.999992   0.000580112    0.00384552      0.370224  -0.000637571      0.999888     0.0149573       2.83319   -0.00383642    -0.0149596      0.999881      -2.06906
     0.999993   0.000552316    0.00365657      0.356207  -0.000608331      0.999882     0.0153358       2.82067   -0.00364767    -0.0153379      0.999876      -2.07352
     0.999992   0.000585859    0.00396479       0.37353  -0.000645267      0.999887     0.0149993       2.83185   -0.00395555    -0.0150017       0.99988      -2.03188
     0.999992   0.000498913    0.00385623      0.369347  -0.000556743      0.999887       0.01501       2.81353   -0.00384831    -0.0150121       0.99988      -2.09649
     0.999992    0.00038995    0.00398409      0.370668  -0.000451578       0.99988     0.0154792       2.83071   -0.00397758    -0.0154809      0.999872      -2.07548
     0.999991   0.000463456    0.00418003      0.385374   -0.00052713      0.999884     0.0152448       2.84552   -0.00417248    -0.0152468      0.999875      -2.07115
     0.999992   0.000430854    0.00409342      0.383087  -0.000495387      0.999875     0.0157771       2.82666   -0.00408611     -0.015779      0.999867      -2.10314
      0.99999   0.000418779    0.00445923      0.397951  -0.000487162      0.999882     0.0153452       2.84509   -0.00445228    -0.0153473      0.999872      -2.06668
     0.999989   0.000223821    0.00467654      0.406342  -0.000297792      0.999875     0.0158228        2.8681   -0.00467241    -0.0158241      0.999864      -2.12947
     0.999991   9.26102e-05    0.00434904      0.388019  -0.000163142      0.999868     0.0162201       2.87999   -0.00434696    -0.0162207      0.999859      -2.07265
      0.99999   0.000254139    0.00448243      0.397515  -0.000324418      0.999877      0.015685       2.88015   -0.00447789    -0.0156863      0.999867      -2.10548
      0.99999   3.53858e-05    0.00437845      0.395105  -0.000106622      0.999868     0.0162707        2.8847   -0.00437729     -0.016271      0.999858      -2.15388
     0.999988    0.00020565    0.00485843      0.414421  -0.000281759      0.999877     0.0156698       2.90626   -0.00485461     -0.015671      0.999865      -2.12575
      0.99999   0.000186335    0.00442711        0.4012  -0.000260561      0.999859     0.0167716        2.8993   -0.00442336    -0.0167725       0.99985      -2.17878
     0.999988   0.000278138    0.00491006      0.425346  -0.000358083      0.999867     0.0162886       2.91471   -0.00490488    -0.0162901      0.999855      -2.12757
     0.999989   0.000268797    0.00464484      0.413909  -0.000347392      0.999857     0.0169283       2.89606   -0.00463962    -0.0169297      0.999846      -2.18426
      0.99999    0.00051826    0.00441905      0.393261  -0.000591209      0.999863     0.0165226       2.88854   -0.00440989     -0.016525      0.999854      -2.12524
     0.999989    0.00048174    0.00467359      0.416021  -0.000556326      0.999872     0.0159708       2.89849    -0.0046653    -0.0159732      0.999862      -2.13326
      0.99999   0.000123779    0.00440593      0.404491   -0.00019905      0.999854     0.0170877       2.91486   -0.00440317    -0.0170884      0.999844      -2.19241
     0.999989   6.34479e-05    0.00465462      0.416001  -0.000140538      0.999863     0.0165636       2.94141   -0.00465294    -0.0165641      0.999852      -2.14538
      0.99999  -0.000199669    0.00441706      0.414158   0.000124324      0.999855     0.0170516       2.93432   -0.00441983    -0.0170509      0.999845      -2.20943
      0.99999  -0.000275699    0.00449765      0.419516   0.000199992      0.999858     0.0168244       2.93968   -0.00450166    -0.0168233      0.999848       -2.1539
     0.999991  -0.000226637    0.00430369      0.412712   0.000153463      0.999856     0.0169952        2.9163   -0.00430692    -0.0169944      0.999846      -2.21347
      0.99999  -0.000237599    0.00438589      0.415484   0.000163271      0.999857     0.0169396       2.90443   -0.00438928    -0.0169387      0.999847      -2.19026
      0.99999  -0.000173923     0.0044947      0.417892   9.84478e-05      0.999859     0.0167869       2.91727   -0.00449698    -0.0167863      0.999849      -2.21027
     0.999991  -0.000248825    0.00432557      0.400461   0.000174181      0.999851     0.0172481       2.92389   -0.00432922    -0.0172472      0.999842      -2.18293
     0.999988  -6.34756e-05    0.00483668      0.430341  -1.56623e-05      0.999866     0.0163602       2.91718   -0.00483707    -0.0163601      0.999854      -2.10501
      0.99999   6.13187e-05    0.00438883      0.400526  -0.000136648      0.999853     0.0171657        2.8882   -0.00438713    -0.0171661      0.999843      -2.17691
     0.999988  -4.98776e-05    0.00495018      0.427558  -3.49682e-05      0.999853     0.0171384       2.96524   -0.00495031    -0.0171383      0.999841      -2.12676
     0.999989  -3.35731e-05    0.00463877      0.423054  -4.50834e-05      0.999856     0.0169552       2.92575   -0.00463867    -0.0169552      0.999845      -2.19356
     0.999987  -3.52643e-05    0.00501769      0.437656   -4.9449e-05      0.999857     0.0168818       2.93607   -0.00501757    -0.0168818      0.999845      -2.14898
     0.999987  -7.40401e-05    0.00506177      0.442966   -1.1936e-05      0.999856     0.0169832       2.95772    -0.0050623    -0.0169831      0.999843      -2.15981
     0.999988  -0.000180182    0.00481638      0.427523   9.64403e-05      0.999849     0.0173814       2.92611   -0.00481879    -0.0173808      0.999837      -2.18015
     0.999986  -0.000354518    0.00519586       0.44799   0.000266296      0.999856     0.0169702       2.94632   -0.00520112    -0.0169686      0.999842       -2.1655
     0.999988  -0.000231029    0.00496064      0.449984   0.000144462      0.999848     0.0174441       2.92635   -0.00496392    -0.0174432      0.999836      -2.23818
     0.999986  -0.000384016    0.00526586      0.460662   0.000294021      0.999854     0.0170803       2.94021   -0.00527165    -0.0170785       0.99984      -2.18146
     0.999985  -0.000403967    0.00537486      0.478177   0.000314749      0.999862     0.0165895       2.90625   -0.00538082    -0.0165876      0.999848      -2.23234
     0.999987  -0.000494016    0.00507836      0.463359   0.000405832      0.999849     0.0173511       2.92561   -0.00508617    -0.0173488      0.999837      -2.23652
     0.999985  -0.000525308    0.00542048      0.479192    0.00043562      0.999863     0.0165341       2.91849   -0.00542843    -0.0165315      0.999849      -2.19975
     0.999986   -0.00036628    0.00519374      0.464483    0.00027667      0.999851     0.0172437        2.9285   -0.00519929     -0.017242      0.999838      -2.21916
     0.999986  -0.000473907    0.00522427      0.466854   0.000385142      0.999856     0.0169788       2.90827   -0.00523156    -0.0169766      0.999842      -2.18497
     0.999985   -0.00041395    0.00539773      0.478551   0.000323167      0.999859     0.0168088       2.92916   -0.00540392    -0.0168068      0.999844      -2.23019
     0.999987  -0.000339743    0.00502593      0.459404   0.000253088      0.999851     0.0172323       2.89944   -0.00503104    -0.0172308      0.999839      -2.22592
     0.999985  -0.000419815    0.00536926      0.475508   0.000329255      0.999858     0.0168562       2.92766   -0.00537557    -0.0168541      0.999844      -2.20199
     0.999987  -0.000394429    0.00510294      0.462418   0.000306089       0.99985     0.0173009       2.91484     -0.005109    -0.0172991      0.999837      -2.25942
     0.999987  -0.000477531    0.00512555      0.460191   0.000388904      0.999851     0.0172781       2.91921   -0.00513303    -0.0172759      0.999838      -2.21607
     0.999985  -0.000399269    0.00551589      0.481753   0.000305894      0.999857     0.0169189       2.91196   -0.00552186    -0.0169169      0.999842      -2.22705
     0.999986  -0.000362756    0.00526321      0.469419   0.000269824      0.999844     0.0176468        2.9231   -0.00526879    -0.0176451       0.99983      -2.25923
     0.999985  -0.000454891    0.00544544      0.473416   0.000359511      0.999847     0.0175037       2.93688   -0.00545257    -0.0175014      0.999832      -2.22814
     0.999984  -0.000300983    0.00561131      0.493242   0.000204984      0.999854      0.017101       2.92585   -0.00561564    -0.0170995      0.999838      -2.27863
     0.999986  -0.000403702    0.00534569      0.473507   0.000311132       0.99985     0.0173062       2.91852   -0.00535188    -0.0173043      0.999836      -2.26906
     0.999984   -0.00044098    0.00560629      0.485384   0.000344675      0.999853     0.0171673       2.92895   -0.00561304    -0.0171651      0.999837      -2.25701
     0.999985  -0.000247124    0.00546167       0.48436   0.000153652      0.999854      0.017108       2.93572    -0.0054651    -0.0171069      0.999839       -2.2529
     0.999986  -8.68654e-05    0.00523252      0.469171  -5.10484e-06      0.999846     0.0175741       2.94106   -0.00523324    -0.0175739      0.999832      -2.27473
     0.999985  -0.000269223    0.00552538       0.48534   0.000175705      0.999857     0.0169186       2.93294   -0.00552914    -0.0169174      0.999842       -2.2054
     0.999987  -0.000218297    0.00506868      0.462591   0.000130682      0.999851     0.0172794       2.90721   -0.00507169    -0.0172785      0.999838      -2.28252
     0.999985  -0.000151062    0.00541658       0.48494   5.87775e-05      0.999855     0.0170336       2.93306   -0.00541836     -0.017033       0.99984      -2.21466
     0.999985  -9.30616e-05    0.00541885      0.483987   3.07733e-06      0.999862     0.0166034        2.9249   -0.00541965    -0.0166032      0.999847      -2.24139
     0.999986  -0.000185923    0.00523354      0.470966   9.42878e-05      0.999847      0.017504       2.92767     -0.005236    -0.0175032      0.999833      -2.26596
     0.999986  -0.000351604    0.00534869      0.478893   0.000258369      0.999848     0.0174222       2.97412     -0.005354    -0.0174206      0.999834      -2.25194
     0.999986   -0.00016679    0.00529765      0.469207   7.62865e-05      0.999854     0.0170794       2.92458   -0.00529973    -0.0170787       0.99984      -2.27298
     0.999986  -0.000145828    0.00522963      0.462378   5.39384e-05      0.999846     0.0175668       2.95673   -0.00523139    -0.0175663      0.999832      -2.21772
     0.999986  -9.65705e-05    0.00531971      0.472608   5.84333e-06      0.999855     0.0170523       2.96511   -0.00532058     -0.017052       0.99984      -2.24222
     0.999987  -8.12188e-05    0.00514817      0.470113  -9.41988e-06      0.999845     0.0176035       2.94966    -0.0051488    -0.0176033      0.999832      -2.28987
     0.999986  -0.000185334    0.00535868      0.482354   9.53424e-05      0.999859      0.016789       2.95375   -0.00536103    -0.0167883      0.999845      -2.25803
     0.999986  -5.14151e-05    0.00535119      0.476547  -4.10619e-05      0.999851       0.01728       2.94389   -0.00535128      -0.01728      0.999836      -2.26957
     0.999986  -0.000134338    0.00536498      0.474058   3.78707e-05      0.999838     0.0179769       2.97496   -0.00536653    -0.0179765      0.999824      -2.23884
     0.999986   0.000588215    0.00527097      0.462018  -0.000678736      0.999852     0.0171882       2.95774   -0.00526008    -0.0171915      0.999838      -2.23936
     0.999986   0.000574798    0.00531642      0.465704  -0.000669312      0.999841     0.0177931       2.92655   -0.00530535    -0.0177964      0.999828      -2.27949
     0.999984   0.000107251     0.0057132      0.484838  -0.000209485       0.99984     0.0178967        2.9704   -0.00571037    -0.0178976      0.999824      -2.25579
     0.999983   0.000123426     0.0058574         0.502  -0.000229547      0.999836     0.0181202       2.96935   -0.00585421    -0.0181212      0.999819      -2.21093
     0.999985   0.000133644     0.0055311      0.486056  -0.000233957      0.999835     0.0181396       2.95294   -0.00552777    -0.0181406       0.99982      -2.27051
     0.999985   0.000247665    0.00555097      0.481096  -0.000347639      0.999838     0.0180166       2.98851    -0.0055456    -0.0180182      0.999822      -2.19701
     0.999984   0.000124024    0.00565234      0.486016   -0.00022475      0.999841     0.0178231       2.97946   -0.00564923    -0.0178241      0.999825      -2.24361
     0.999985   0.000111038    0.00547474      0.476522   -0.00021204       0.99983     0.0184516       2.97882   -0.00547175    -0.0184525      0.999815      -2.23882
     0.999984   8.75739e-05    0.00561991      0.489421   -0.00019043      0.999832     0.0183041       3.00257   -0.00561736    -0.0183049      0.999817      -2.23265
     0.999985   0.000254236    0.00547773      0.484388  -0.000352169       0.99984     0.0178849       2.97343   -0.00547231    -0.0178866      0.999825      -2.25028
     0.999986   0.000269597    0.00531258      0.472806  -0.000365564      0.999837     0.0180714       2.96672   -0.00530684    -0.0180731      0.999823      -2.20644
     0.999984    0.00015195    0.00562669      0.492153  -0.000253461      0.999837     0.0180447       2.99131   -0.00562303    -0.0180458      0.999821      -2.22588
     0.999986   3.00234e-05    0.00535426      0.482078  -0.000130575      0.999824     0.0187804       2.97616   -0.00535275    -0.0187808      0.999809      -2.25168
     0.999986   0.000296746     0.0052872      0.478375  -0.000393733      0.999832     0.0183522       2.98664   -0.00528086     -0.018354      0.999818      -2.22578
     0.999987   0.000497077    0.00513598      0.475636  -0.000586785      0.999847     0.0174799       2.93586   -0.00512651    -0.0174827      0.999834      -2.23905
     0.999994   0.000857645    0.00346833      0.368328  -0.000916854      0.999853     0.0171059       2.97132   -0.00345315     -0.017109      0.999848      -2.34463
     0.999992    0.00130077    0.00371997      0.387175   -0.00136388      0.999854     0.0170121       2.99452    -0.0036973     -0.017017      0.999848      -2.31895
     0.999991    0.00103532    0.00419344      0.408053   -0.00111157      0.999833     0.0182222        2.9861   -0.00417388    -0.0182267      0.999825      -2.31328
      0.99999   0.000893436    0.00447091      0.442068  -0.000974893      0.999833     0.0182505       3.04961   -0.00445385    -0.0182546      0.999823      -2.29328
      0.99999    0.00116715     0.0043148      0.423922   -0.00124671      0.999828     0.0184815       2.99196   -0.00429249    -0.0184867       0.99982      -2.34863
     0.999988   0.000808925    0.00492141      0.476186  -0.000897008      0.999839     0.0179221        3.0113   -0.00490612    -0.0179263      0.999827      -2.28372
     0.999987   0.000611449    0.00507289      0.486257  -0.000707044      0.999822     0.0188641       2.98554   -0.00506045    -0.0188674      0.999809      -2.33107
     0.999986   0.000479167    0.00527771      0.498402   -0.00057237      0.999844     0.0176725       2.99557   -0.00526842    -0.0176752       0.99983      -2.27565
     0.999985   0.000205526    0.00555177      0.512173  -0.000310651      0.999821     0.0189412        2.9989   -0.00554688    -0.0189426      0.999805       -2.3375
     0.999984   0.000249102    0.00565422      0.528983  -0.000352207      0.999834     0.0182413       3.01748   -0.00564874     -0.018243      0.999818      -2.29743
     0.999984   0.000290667    0.00571483      0.511109   -0.00039765      0.999825      0.018728       2.97898   -0.00570839    -0.0187299      0.999808      -2.37257
     0.999981    8.1734e-05     0.0061856      0.540075  -0.000194479      0.999834     0.0182285       3.00355   -0.00618308    -0.0182294      0.999815       -2.3315
     0.999982    0.00015126    0.00602003      0.534923  -0.000262919      0.999828     0.0185514       2.99589   -0.00601619    -0.0185527       0.99981      -2.35586
     0.999982   4.34395e-05    0.00600445      0.528529  -0.000152489      0.999835     0.0181621       2.99723   -0.00600267    -0.0181627      0.999817      -2.33355
     0.999981   5.32043e-05    0.00620411      0.533628    -0.0001662      0.999834      0.018214        2.9739   -0.00620211    -0.0182147      0.999815      -2.32064
     0.999984   0.000345804    0.00563064      0.495115  -0.000450753      0.999826     0.0186484       2.97004   -0.00562321    -0.0186506       0.99981      -2.32781
     0.999981   0.000425538    0.00611544      0.523126  -0.000536083      0.999836     0.0180863       3.01341   -0.00610675    -0.0180892      0.999818      -2.31302
     0.999982   0.000350006    0.00601491      0.518419  -0.000463076      0.999823     0.0188071       2.99402   -0.00600726    -0.0188095      0.999805         -2.36
     0.999982   0.000278181    0.00603003      0.517989  -0.000387378      0.999836     0.0181154       3.00924     -0.006024    -0.0181174      0.999818      -2.31559
     0.999982   0.000172698    0.00607489      0.526417  -0.000284197      0.999831      0.018358       2.98964   -0.00607069    -0.0183594      0.999813      -2.36001
     0.999984   0.000123981    0.00559793      0.494184  -0.000228674      0.999825     0.0187052       3.01083   -0.00559464    -0.0187061      0.999809      -2.34507
     0.999983   0.000250094    0.00578192      0.512513   -0.00035535      0.999834     0.0182103       3.02449   -0.00577641    -0.0182121      0.999817      -2.31217
     0.999984   0.000316305    0.00561685      0.507444  -0.000421186      0.999825     0.0186811       3.03305   -0.00560996    -0.0186832       0.99981      -2.36954
     0.999986   0.000335696    0.00536199      0.500067  -0.000432853      0.999836     0.0181287       3.01884   -0.00535502    -0.0181307      0.999821       -2.3154
     0.999985   0.000279275     0.0055432      0.510487  -0.000379423      0.999837      0.018074       2.99707   -0.00553724    -0.0180758      0.999821      -2.38472
     0.999987   0.000267522    0.00507784      0.483171  -0.000360335      0.999833     0.0182861       2.98909   -0.00507209    -0.0182876       0.99982      -2.35349
     0.999986   0.000199247    0.00531944       0.50616  -0.000292947      0.999845     0.0176197        2.9842   -0.00531511    -0.0176211      0.999831      -2.38157
     0.999986   0.000184642    0.00523021      0.494644  -0.000282904      0.999823      0.018793       3.02057   -0.00522582    -0.0187942       0.99981      -2.41802
     0.999987   0.000693199     0.0051074      0.476117   -0.00078179      0.999849     0.0173642       3.00119   -0.00509459     -0.017368      0.999836      -2.31862
     0.999985   0.000529682    0.00539002      0.495158  -0.000624864      0.999844     0.0176727       2.94489   -0.00537982    -0.0176758      0.999829      -2.41755
     0.999984   0.000177869    0.00566247       0.50713  -0.000278645      0.999842     0.0178013       3.00106   -0.00565841    -0.0178026      0.999826       -2.4025
     0.999983   0.000317748    0.00577629      0.517107  -0.000421178      0.999839     0.0179136       3.00367   -0.00576967    -0.0179157      0.999823      -2.38976
     0.999985   0.000220514    0.00553973      0.495377   -0.00032007      0.999838     0.0179768       3.00743   -0.00553487    -0.0179783      0.999823      -2.36728
     0.999983   0.000213227    0.00586446      0.519785  -0.000315597      0.999848     0.0174606       3.01373   -0.00585984    -0.0174622       0.99983      -2.36798
     0.999986   0.000244608    0.00522098      0.475139  -0.000338318      0.999839     0.0179553       2.97997   -0.00521575    -0.0179568      0.999825      -2.37519
     0.999988   0.000632175    0.00478967      0.464342  -0.000715821      0.999847     0.0174823       2.98553   -0.00477788    -0.0174855      0.999836      -2.15135
     0.999985   0.000344693    0.00550268         0.479  -0.000445733      0.999831     0.0183715       2.98214   -0.00549541    -0.0183736      0.999816      -2.21242
     0.999984   0.000113781    0.00573339       0.49737  -0.000217057      0.999838     0.0180156       3.03952   -0.00573041    -0.0180166      0.999821      -2.19888
     0.999987   0.000214858    0.00514455      0.459317  -0.000307174      0.999839     0.0179503       3.01476   -0.00513986    -0.0179517      0.999826      -2.27873
     0.999985   0.000302842    0.00555749      0.505695  -0.000402476      0.999839     0.0179354       3.04304   -0.00555116    -0.0179374      0.999824        -2.199
     0.999985   0.000255463    0.00544771      0.484887  -0.000354703      0.999834     0.0182236       2.99482   -0.00544215    -0.0182252      0.999819      -2.23675
     0.999986   0.000532427     0.0052258      0.489464  -0.000621426      0.999855     0.0170439       2.99459   -0.00521596     -0.017047      0.999841      -2.19824
     0.999986   0.000414863    0.00518151      0.471789  -0.000505401      0.999847     0.0174842       2.93712   -0.00517347    -0.0174866      0.999834       -2.2325
     0.999984   0.000172201     0.0056499      0.500128  -0.000271176      0.999846      0.017522       3.00325   -0.00564602    -0.0175232      0.999831      -2.21795
     0.999986   0.000142293     0.0053065      0.475594  -0.000236577      0.999842     0.0177714       2.95241   -0.00530313    -0.0177724      0.999828      -2.28907
     0.999984   9.11953e-05    0.00557202      0.493114  -0.000189232      0.999845     0.0175965       3.00838   -0.00556955    -0.0175973       0.99983      -2.25252
     0.999985  -2.74186e-06    0.00542342      0.485706  -9.43791e-05       0.99984     0.0179074       2.96217    -0.0054226    -0.0179076      0.999825      -2.28119
     0.999984   1.58174e-05    0.00558369      0.492353  -0.000113278      0.999848     0.0174546       2.98422   -0.00558256    -0.0174549      0.999832      -2.20465
     0.999985   4.52264e-05     0.0054708      0.492567  -0.000140617      0.999848     0.0174372       2.96872   -0.00546918    -0.0174377      0.999833      -2.25593
     0.999985  -2.89092e-05    0.00546393      0.480083  -6.91109e-05      0.999839     0.0179385       2.99441   -0.00546357    -0.0179386      0.999824      -2.24088
     0.999985   0.000362782     0.0054213      0.485373  -0.000458391      0.999844      0.017645       3.01806   -0.00541406    -0.0176472       0.99983       -2.2031
     0.999986   0.000229306    0.00523951      0.468157  -0.000324223      0.999836      0.018122       2.99303   -0.00523449    -0.0181235      0.999822      -2.24035
     0.999984   0.000122041    0.00566343      0.492812  -0.000221587      0.999845     0.0175795       2.99537   -0.00566041    -0.0175805      0.999829      -2.21961
     0.999984    0.00013164    0.00558626      0.484365  -0.000232809      0.999836     0.0181135        2.9944   -0.00558296    -0.0181146       0.99982      -2.23423
     0.999986   0.000471375    0.00524588      0.466291  -0.000565183       0.99984     0.0178952       2.96793    -0.0052366    -0.0178979      0.999826      -2.18942
     0.999985    0.00054471    0.00551659      0.485103  -0.000643177       0.99984     0.0178633       2.97263   -0.00550598    -0.0178666      0.999825      -2.14556
     0.999985   0.000297016    0.00551386      0.494197  -0.000401049      0.999822      0.018876       2.98204   -0.00550727    -0.0188779      0.999807      -2.22425
     0.999983    7.7844e-05    0.00578832      0.506453  -0.000189734      0.999813     0.0193323       2.99333   -0.00578573    -0.0193331      0.999796      -2.19246
     0.999991   0.000735898    0.00413457      0.410042  -0.000813467      0.999823     0.0187907       3.00942   -0.00412001    -0.0187939      0.999815      -2.25457
     0.999987   0.000627007    0.00503218      0.460966  -0.000719802      0.999829     0.0184597       3.02293   -0.00501975    -0.0184631      0.999817      -2.17141
     0.999985   0.000330696    0.00545447      0.488335  -0.000432438      0.999826     0.0186622       3.00102   -0.00544735    -0.0186643      0.999811      -2.23448
     0.999984   0.000248138    0.00564762      0.490837  -0.000356061      0.999817     0.0191164       3.02202   -0.00564185    -0.0191181      0.999801      -2.20279
      0.99998   0.000241182    0.00625599      0.538194  -0.000360737      0.999817     0.0191164       3.04817   -0.00625023    -0.0191183      0.999798      -2.17395
     0.999981   0.000438643    0.00613153      0.534974  -0.000556786      0.999814     0.0192797       2.98391   -0.00612193    -0.0192828      0.999795      -2.24161
     0.999979   0.000417426    0.00649179      0.541351  -0.000541969      0.999816     0.0191948       3.03824   -0.00648258     -0.019198      0.999795      -2.16124
      0.99998   0.000718826    0.00622685      0.532332  -0.000834835      0.999826     0.0186479       2.95047   -0.00621236    -0.0186527      0.999807      -2.19864
      0.99998   0.000469935    0.00626184      0.535731  -0.000589917      0.999816     0.0191727       2.99112   -0.00625168    -0.0191761      0.999797      -2.17057
      0.99998   0.000421885    0.00631237      0.539923  -0.000542082      0.999818      0.019052       2.99587   -0.00630319     -0.019055      0.999799      -2.22715
     0.999983   0.000588501    0.00575515      0.503178  -0.000698043      0.999818     0.0190502       2.98347    -0.0057429    -0.0190539      0.999802      -2.17598
      0.99999   0.000652245     0.0044226      0.394191  -0.000734653      0.999826     0.0186574       2.99696   -0.00440966    -0.0186605      0.999816      -2.03255
     0.999983   0.000372824    0.00586524      0.484279  -0.000486144      0.999813     0.0193311       3.02857   -0.00585694    -0.0193336      0.999796      -2.01356
     0.999981   0.000310693     0.0062186      0.507546  -0.000426256      0.999827     0.0185907       3.01073   -0.00621175     -0.018593      0.999808      -2.09981
     0.999982   0.000216673    0.00603201      0.502059  -0.000336029      0.999804     0.0197931       3.04625   -0.00602653    -0.0197948      0.999786      -2.17762
     0.999979   0.000199521    0.00643876       0.52142  -0.000324125      0.999813     0.0193569       3.06632   -0.00643369    -0.0193586      0.999792      -2.10656
     0.999981   0.000684332    0.00620411      0.528547  -0.000803739      0.999814     0.0192644       3.01542   -0.00618978     -0.019269      0.999795      -2.15225
      0.99998   0.000678792    0.00633003      0.532309  -0.000801298      0.999812     0.0193706       3.02989   -0.00631569    -0.0193753      0.999792      -2.08011
     0.999978   0.000596617    0.00659747      0.546051  -0.000725814      0.999808     0.0195978       3.06135   -0.00658451    -0.0196022      0.999786      -2.13924
      0.99998   0.000719499    0.00628008      0.526495  -0.000842048      0.999809     0.0195331       3.03052   -0.00626483     -0.019538      0.999789      -2.09406
     0.999978   0.000756903      0.006605      0.545297  -0.000882542      0.999818     0.0190397       3.03667   -0.00658939    -0.0190451      0.999797      -2.11072
     0.999977   0.000626476    0.00682152       0.55339    -0.0007649      0.999793     0.0203086        3.0619   -0.00680739    -0.0203133       0.99977      -2.13595
     0.999976   0.000493541    0.00693177      0.552265  -0.000629853      0.999806     0.0196764       3.08106   -0.00692072    -0.0196803      0.999782      -2.09502
     0.999976   0.000633532    0.00695969      0.553824  -0.000771183      0.999804     0.0197935       3.03947   -0.00694578    -0.0197984       0.99978      -2.16728
     0.999974   0.000560421    0.00720172       0.56251   -0.00070039      0.999811     0.0194476       3.05375   -0.00718946    -0.0194522      0.999785      -2.07769
     0.999975   0.000721706    0.00703072      0.567466  -0.000859943      0.999806     0.0196788       3.04383   -0.00701515    -0.0196844      0.999782      -2.14021
     0.999975   0.000666609    0.00704238      0.564003  -0.000807976      0.999798       0.02009       3.03506   -0.00702756    -0.0200952      0.999773      -2.12175
     0.999973   0.000733099    0.00729362      0.581675  -0.000875502      0.999809     0.0195403       3.04521    -0.0072779    -0.0195461      0.999782        -2.131
     0.999973   0.000769989    0.00734277      0.578543  -0.000918229      0.999795     0.0202066       3.02168   -0.00732571    -0.0202128      0.999769      -2.15295
     0.999971   0.000691902    0.00753631      0.584101  -0.000839553      0.999807     0.0196065       3.05226   -0.00752129    -0.0196122      0.999779      -2.08956
     0.999978   0.000949477     0.0065334      0.518806   -0.00107881      0.999803     0.0198208        3.0135    -0.0065133    -0.0198274      0.999782      -2.17678
     0.999974    0.00091953    0.00708586      0.546218   -0.00105762      0.999809     0.0195096       3.04096   -0.00706656    -0.0195166      0.999785      -2.11552
     0.999978   0.000970278    0.00658003      0.525883   -0.00110167      0.999799      0.019994       3.01315   -0.00655931    -0.0200008      0.999778      -2.15799
     0.999975   0.000945459    0.00694288        0.5468   -0.00108068      0.999809      0.019499        3.0391   -0.00692312     -0.019506      0.999786      -2.08414
     0.999977    0.00109951    0.00668099      0.531408   -0.00123431      0.999795     0.0202073       3.04713   -0.00665741    -0.0202151      0.999773      -2.11927
     0.999975    0.00138171     0.0069901      0.539931   -0.00152111      0.999799     0.0199759       3.09058   -0.00696109    -0.0199861      0.999776      -1.99459
     0.999977    0.00131833    0.00671198      0.531794   -0.00145148      0.999801     0.0198726       3.05595   -0.00668445    -0.0198818       0.99978      -2.11128
     0.999974    0.00119904    0.00705103      0.542637   -0.00133961        0.9998     0.0199657       3.05456   -0.00702568    -0.0199746      0.999776      -2.10144
     0.999973    0.00116037    0.00731333      0.564385   -0.00130126      0.999813     0.0192889       3.06607   -0.00728959    -0.0192979      0.999787      -2.11475
     0.999978    0.00101016    0.00659107      0.519638     -0.001143      0.999796     0.0201814        3.0572   -0.00656934    -0.0201885      0.999775       -2.1601
     0.999978    0.00109029    0.00648904       0.51166   -0.00121697      0.999808     0.0195511         3.081   -0.00646647    -0.0195586      0.999788       -2.1116
     0.999978   0.000899444    0.00653957      0.516246   -0.00102847      0.999804     0.0197538       3.03421   -0.00652052    -0.0197601      0.999783      -2.17221
     0.999976    0.00113583    0.00676896       0.52821   -0.00126697      0.999811     0.0194005       3.04055   -0.00674565    -0.0194086      0.999789      -2.01998
     0.999979    0.00110515    0.00637204      0.509432   -0.00123206        0.9998     0.0199473        3.0211   -0.00634872    -0.0199548      0.999781         -2.14
     0.999975    0.00103759    0.00695621      0.535185   -0.00117381      0.999807     0.0196072       3.04526   -0.00693452    -0.0196149      0.999784      -2.08131
     0.999976   0.000894443    0.00681679      0.531218    -0.0010296      0.999802     0.0198491       3.00536   -0.00679769    -0.0198557       0.99978      -2.16221
     0.999975    0.00104555    0.00704639      0.547532   -0.00118043      0.999816     0.0191638       3.01373   -0.00702505    -0.0191717      0.999792      -2.08324
     0.999975   0.000955523    0.00695301      0.536322   -0.00109073       0.99981     0.0194681       2.96491   -0.00693309    -0.0194752      0.999786      -2.17503
     0.999974    0.00111907    0.00709583      0.549546   -0.00125077      0.999827     0.0185828       3.01308    -0.0070738    -0.0185912      0.999802      -2.09864
     0.999977   0.000811686    0.00676322      0.525816  -0.000939535      0.999821     0.0189218       2.97248   -0.00674665    -0.0189278      0.999798      -2.08507
     0.999975   0.000865574     0.0070069      0.543584  -0.000997529      0.999822     0.0188506       2.99927   -0.00698934    -0.0188571      0.999798      -2.11017
     0.999975   0.000841071     0.0069785      0.535063  -0.000976364      0.999811     0.0194065       2.98436   -0.00696086    -0.0194128      0.999787      -2.09526
     0.999978    0.00069589    0.00656043      0.521692  -0.000824705      0.999807      0.019653       2.99932   -0.00654549    -0.0196579      0.999785      -2.16803
     0.999976    0.00105033    0.00691261      0.528637    -0.0011833      0.999814     0.0192604       3.02645   -0.00689109    -0.0192681      0.999791      -2.08101
     0.999979    0.00102826    0.00636476      0.507562    -0.0011528      0.999807     0.0195948       3.00458   -0.00634338    -0.0196017      0.999788      -2.17985
     0.999976    0.00115702    0.00677305      0.524762   -0.00128388      0.999823     0.0187564       3.02971   -0.00675015    -0.0187646      0.999801      -2.09121
     0.999979   0.000832396    0.00641218      0.511553  -0.000958272      0.999806     0.0196527       2.98555   -0.00639458    -0.0196584      0.999786      -2.16311
     0.999976    0.00128111    0.00673772      0.519918   -0.00141128      0.999812     0.0193508       3.04542   -0.00671166    -0.0193598       0.99979      -2.11186
      0.99998   0.000841276    0.00621122      0.505472  -0.000965661      0.999799     0.0200501       3.00361    -0.0061931    -0.0200557       0.99978      -2.13945
     0.999978    0.00101178    0.00662571      0.523297   -0.00115527      0.999764     0.0216888       3.10654    -0.0066022     -0.021696      0.999743      -2.11572
     0.999978   0.000962414    0.00658084      0.523143   -0.00109712      0.999789     0.0204963       3.06788   -0.00655972     -0.020503      0.999768      -2.16007
     0.999977   0.000923131    0.00678909       0.52618   -0.00106018      0.999795     0.0202107       3.06177   -0.00676904    -0.0202174      0.999773      -2.08524
     0.999976   0.000816793    0.00689942      0.540052  -0.000956711      0.999793     0.0203008       3.05069   -0.00688141    -0.0203069       0.99977      -2.16642
     0.999976    0.00086412    0.00683104      0.536719   -0.00100293      0.999793      0.020343       3.06758   -0.00681204    -0.0203494       0.99977      -2.11901
     0.999977     0.0010409     0.0067436      0.533218   -0.00117818      0.999792     0.0203844       3.07114   -0.00672097    -0.0203919      0.999769      -2.14151
     0.999978    0.00106907    0.00654405      0.513721   -0.00120431      0.999785     0.0206975       3.07255   -0.00652052    -0.0207049      0.999764      -2.09175
      0.99998    0.00110341    0.00622877      0.503762   -0.00123066       0.99979     0.0204637       3.08412   -0.00620489     -0.020471      0.999771      -2.11895
      0.99998    0.00104555    0.00629659      0.500451   -0.00117474      0.999788     0.0205484       3.06077   -0.00627377    -0.0205554      0.999769      -2.07678
     0.999981     0.0011426     0.0060888      0.499536   -0.00126678       0.99979      0.020431       3.07056   -0.00606418    -0.0204384      0.999773      -2.12045
     0.999981    0.00124499    0.00601912      0.490405   -0.00136965      0.999784     0.0207523       3.06494   -0.00599198    -0.0207602      0.999767      -2.10032
     0.999981    0.00143126    0.00593322      0.486822   -0.00155189      0.999791     0.0203781       3.07683   -0.00590281    -0.0203869      0.999775      -2.13727
     0.999984    0.00127567    0.00554866      0.470475   -0.00139258      0.999776     0.0211182       3.06001   -0.00552048    -0.0211256      0.999762      -2.14584
     0.999983    0.00151871    0.00566606      0.465782   -0.00163307      0.999794     0.0202331       3.08975   -0.00563416     -0.020242      0.999779      -2.11694
     0.999983    0.00124741    0.00562884      0.464161   -0.00136432      0.999782     0.0208133       3.04527   -0.00560165    -0.0208206      0.999768      -2.12625
     0.999983    0.00112262    0.00578748      0.476761   -0.00124091       0.99979     0.0204752       3.05914   -0.00576328     -0.020482      0.999774      -2.17368
     0.999982    0.00109483    0.00584391      0.472537   -0.00121408       0.99979     0.0204422       3.07523    -0.0058203    -0.0204489      0.999774      -2.11314
     0.999982    0.00103886    0.00590097      0.477896   -0.00115774      0.999796     0.0201773       3.07349    -0.0058788    -0.0201838      0.999779      -2.13414
     0.999983    0.00100021     0.0057658      0.464446   -0.00112023      0.999782     0.0208498       3.07277   -0.00574369    -0.0208559      0.999766       -2.1161
     0.999982    0.00111504    0.00582917       0.47465   -0.00123526      0.999786     0.0206605        3.1017   -0.00580488    -0.0206674       0.99977      -2.08242
     0.999985   0.000951016    0.00543513      0.451829   -0.00106589      0.999775     0.0211723        3.0682   -0.00541378    -0.0211778      0.999761      -2.14055
     0.999983    0.00114067    0.00563883      0.460933   -0.00125613      0.999789     0.0205156       3.09018   -0.00561423    -0.0205223      0.999774       -2.0914
     0.999986    0.00107514    0.00513263      0.440773   -0.00118347      0.999776     0.0211499       3.04864   -0.00510874    -0.0211557      0.999763      -2.17144
     0.999984    0.00122114    0.00560303      0.464238   -0.00133455      0.999793     0.0202815       3.08809    -0.0055771    -0.0202887      0.999779        -2.121
     0.999986    0.00127292    0.00513468       0.44888   -0.00137986      0.999781     0.0208758       3.04966   -0.00510699    -0.0208826      0.999769      -2.11027
     0.999984    0.00139041    0.00539621      0.451811    -0.0015003       0.99979     0.0204142       3.08507   -0.00536669     -0.020422      0.999777       -2.0989
     0.999987    0.00130777    0.00495468      0.439137   -0.00141116       0.99978     0.0209226       3.05144   -0.00492623    -0.0209293      0.999769      -2.12112
     0.999985    0.00146454    0.00535858      0.450572    -0.0015729      0.999793     0.0202727       3.07193   -0.00532778    -0.0202809       0.99978       -2.0852
     0.999986    0.00136816    0.00520754      0.441448   -0.00147646      0.999782     0.0208487       3.05854   -0.00517788    -0.0208561      0.999769       -2.1351
     0.999993    0.00174657    0.00328574      0.343482   -0.00181806      0.999759     0.0218822       3.11977   -0.00324673    -0.0218881      0.999755      -2.09103
     0.999991    0.00180929    0.00376158      0.369438   -0.00189122      0.999759     0.0218938       3.12476   -0.00372106    -0.0219007      0.999753      -2.06898
     0.999991    0.00178404    0.00380952      0.369599    -0.0018693      0.999745      0.022495       3.09827   -0.00376841     -0.022502       0.99974      -2.10582
     0.999989    0.00147835    0.00455436      0.402095   -0.00157753       0.99976     0.0218523        3.1672   -0.00452096    -0.0218592      0.999751      -2.05029
     0.999988    0.00148954    0.00475668       0.41368    -0.0015953       0.99975     0.0223072       3.10115   -0.00472226    -0.0223145       0.99974      -2.14121
     0.999984    0.00151147     0.0054531      0.448447   -0.00162888      0.999766     0.0215908        3.1221   -0.00541919    -0.0215993      0.999752      -2.03725
