# 3dvolreg matrices (DICOM-to-DICOM, row-by-row):
            1   2.16999e-05   0.000214759   0.000505598  -2.16597e-05             1   -0.00018721    0.00765731  -0.000214763   0.000187206             1     0.0107019
            1  -1.61337e-05    0.00032534     0.0103723   1.62577e-05             1  -0.000381183     0.0217283  -0.000325334   0.000381188             1    -0.0126543
            1   6.31002e-11   5.98239e-11   2.60437e-09  -6.31002e-11             1   1.84828e-10   8.91787e-09  -5.98239e-11  -1.84828e-10             1   9.38823e-09
            1   0.000136956   0.000369564     0.0164704  -0.000137101             1   0.000391708     0.0568078   -0.00036951  -0.000391759             1     0.0280394
            1  -4.08224e-05  -5.95155e-05   -0.00327212   4.08556e-05             1   0.000558351       0.01379   5.94927e-05  -0.000558354             1    -0.0087167
            1   9.68545e-05   0.000403218     0.0106622  -9.68295e-05             1  -6.21036e-05     0.0495544  -0.000403224   6.20645e-05             1     0.0070777
            1   1.42598e-05  -1.51796e-06   -0.00185176  -1.42588e-05             1   0.000612901     0.0200548    1.5267e-06  -0.000612901             1    -0.0355432
            1   6.16045e-05   0.000449556     0.0168447  -6.14365e-05             1  -0.000373584       0.03922  -0.000449579   0.000373557             1    0.00569371
            1   -0.00013593   0.000334666     0.0144545   0.000135803             1     0.0003786     0.0182335  -0.000334718  -0.000378554             1    -0.0530665
            1  -4.69021e-05    0.00091475     0.0400269   4.71217e-05             1  -0.000240005     0.0382105  -0.000914739   0.000240048             1     0.0299366
            1  -0.000195874   0.000484489     0.0233918   0.000195673             1   0.000414433     0.0265005  -0.000484571  -0.000414338             1    -0.0229547
            1   -9.7038e-05   0.000924638     0.0418603   9.71644e-05             1  -0.000136578     0.0317624  -0.000924624   0.000136668             1     0.0284254
            1   -9.2976e-05   0.000824205     0.0482969   9.27539e-05             1     0.0002695     0.0165264   -0.00082423  -0.000269423             1   -0.00549398
     0.999999  -0.000187438    0.00104315     0.0462717   0.000187185             1   0.000243285     0.0604162    -0.0010432   -0.00024309      0.999999     0.0545514
            1   -0.00015175   0.000821441     0.0460205   0.000151729             1   2.57028e-05     0.0405578  -0.000821444  -2.55782e-05             1     0.0306768
            1  -0.000299701   0.000466457     0.0217014   0.000299445             1   0.000550321     0.0288377  -0.000466622  -0.000550182             1     0.0406054
            1   6.02745e-05   0.000453727     0.0207303  -6.06506e-05             1   0.000828988     0.0648601  -0.000453677  -0.000829015             1     0.0552271
            1   4.02463e-05   0.000264212      0.011118  -4.05099e-05             1   0.000997624     0.0480212  -0.000264172  -0.000997635      0.999999   -0.00963329
            1  -0.000100625   0.000619368     0.0258476   0.000100269             1   0.000575868      0.052318  -0.000619426  -0.000575806             1     0.0878031
            1   3.47579e-05   0.000464484      0.034181  -3.50693e-05             1   0.000670296     0.0221329  -0.000464461  -0.000670312             1     0.0150918
            1   8.97945e-05   0.000482087      0.032372  -9.00596e-05             1    0.00054986     0.0224965  -0.000482037  -0.000549903             1     0.0674474
            1     0.0001826    0.00041737     0.0296662  -0.000182678             1   0.000187135     0.0326296  -0.000417336  -0.000187211             1     0.0429315
            1   8.21724e-05   0.000110228    0.00843617  -8.22537e-05             1   0.000737618     0.0279736  -0.000110167  -0.000737627             1     0.0786306
            1    0.00033555   0.000308192     0.0232073  -0.000335572             1   7.13621e-05     0.0539544  -0.000308168  -7.14655e-05             1     0.0627209
            1   0.000266978  -0.000483436    -0.0106091  -0.000266415      0.999999    0.00116397     0.0353435   0.000483746   -0.00116384      0.999999    0.00169045
            1    0.00014056  -0.000202775    -0.0140356  -0.000140587             1  -0.000136906     0.0741723   0.000202755   0.000136935             1   -0.00486473
            1   0.000160409  -0.000374853    -0.0159357  -0.000160186             1   0.000594128     0.0206974   0.000374948  -0.000594068             1     -0.044683
            1   0.000223914   0.000165261     0.0115275  -0.000223964             1   0.000301498     0.0854632  -0.000165194  -0.000301535             1     0.0288778
            1   0.000267461  -2.74688e-05    0.00886807  -0.000267445             1   0.000597218     0.0407047   2.76285e-05  -0.000597211             1    -0.0266644
            1   0.000376229   0.000161465     0.0133732  -0.000376281             1   0.000319688     0.0733832  -0.000161344  -0.000319749             1     0.0467389
            1   0.000318062  -7.22493e-05    0.00654918  -0.000318022             1   0.000545109     0.0696922   7.24226e-05  -0.000545086             1    0.00478384
            1   0.000368271  -4.28769e-05    0.00160646  -0.000368238             1   0.000773742     0.0903751   4.31618e-05  -0.000773727             1     0.0504819
            1   0.000369589    -6.504e-05    0.00713041  -0.000369582             1   0.000107334     0.0871725   6.50796e-05   -0.00010731             1     0.0332418
            1   0.000413137  -0.000454716    -0.0103418  -0.000412793             1   0.000755033     0.0410668   0.000455027  -0.000754845             1     0.0619775
            1   0.000479356  -0.000159159    0.00483692  -0.000479333             1   0.000150134     0.0677173   0.000159231  -0.000150057             1     0.0632334
            1   0.000353771    -0.0006005    -0.0233155  -0.000353258             1   0.000854372      0.059139   0.000600802   -0.00085416      0.999999     0.0138579
            1   0.000679658  -0.000129911    0.00306106  -0.000679663             1  -4.32231e-05     0.0477354   0.000129882   4.33114e-05             1      0.174783
            1   0.000657271  -0.000403452    0.00251968  -0.000657006             1   0.000654853     0.0356262   0.000403883  -0.000654588             1       0.12925
            1   0.000972952   0.000145048     0.0199726   -0.00097292             1  -0.000223621     0.0598604  -0.000145265    0.00022348             1      0.151278
            1   0.000705565  -0.000317188    0.00730206  -0.000705476             1   0.000281359   -0.00989047   0.000317387  -0.000281135             1      0.132867
            1   0.000894404   -0.00010042     0.0116433  -0.000894445             1  -0.000403828     0.0288054   0.000100059   0.000403918             1      0.172209
            1   0.000632035  -0.000516707   -0.00860068  -0.000631958             1    0.00015015    -0.0299335   0.000516801  -0.000149824             1      0.195678
            1   0.000826383  -0.000321374    -0.0078443  -0.000826447             1   -0.00019966   -0.00486744   0.000321209   0.000199925             1      0.291664
     0.999999   0.000977257  -0.000548129   -0.00844027  -0.000977307             1  -8.95022e-05    -0.0421186   0.000548041   9.00379e-05             1      0.248235
            1   0.000555271   0.000270052     0.0392521  -0.000555119             1  -0.000564769    -0.0117277  -0.000270366   0.000564619             1      0.268735
            1    0.00042915   5.33099e-05     0.0303418  -0.000429123             1  -0.000508875    -0.0326595  -5.35283e-05   0.000508852             1      0.201449
            1   0.000602748  -1.63873e-05     0.0236913  -0.000602752             1  -0.000295889    -0.0290574   1.62089e-05   0.000295899             1      0.266897
            1   0.000701379   -7.9683e-05     0.0304191  -0.000701397             1  -0.000232356    -0.0215947     7.952e-05   0.000232412             1      0.215333
            1   0.000718132    0.00050884     0.0487229  -0.000717869             1  -0.000516957  -0.000647254  -0.000509211   0.000516592             1      0.271945
            1   0.000735231   0.000207749     0.0485615  -0.000735205             1  -0.000125442   -0.00107023  -0.000207841    0.00012529             1      0.210366
            1   0.000747577    0.00013232     0.0459198  -0.000747531             1  -0.000342875     0.0334809  -0.000132576   0.000342776             1      0.256412
            1   0.000946503   1.00503e-05     0.0531899    -0.0009465             1  -0.000291994    0.00591798  -1.03267e-05   0.000291985             1      0.207151
     0.999999    0.00106152   0.000174867     0.0693532    -0.0010614      0.999999  -0.000693144     0.0141262  -0.000175602   0.000692958             1      0.249162
     0.999999     0.0011011  -5.53208e-05     0.0681958   -0.00110112      0.999999   -0.00026459    -0.0168937   5.50294e-05    0.00026465             1      0.192112
     0.999999    0.00117526   0.000157614     0.0782558   -0.00117514      0.999999  -0.000740884   -0.00180163  -0.000158485   0.000740698             1      0.254646
            1   0.000997681  -3.32157e-06     0.0645319  -0.000997682      0.999999   -0.00029848    -0.0615192   3.02378e-06   0.000298483             1      0.255764
     0.999999    0.00101632  -0.000136245     0.0631126   -0.00101638      0.999999   -0.00047179   -0.00221449   0.000135766   0.000471928             1      0.229379
            1    0.00081242   3.58154e-05     0.0470442  -0.000812431             1   0.000290042   -0.00866087  -3.55798e-05  -0.000290071             1      0.171664
     0.999999     0.0010402   0.000317042     0.0764827    -0.0010401      0.999999  -0.000325857     -0.011107  -0.000317381   0.000325527             1      0.219242
     0.999999    0.00114578   0.000112688     0.0754035   -0.00114584      0.999999   0.000516494     0.0012979  -0.000112096  -0.000516623             1      0.163865
     0.999999    0.00115774    0.00031314     0.0778883   -0.00115767      0.999999  -0.000217822    0.00687329  -0.000313392   0.000217459             1      0.208166
     0.999999    0.00116535   8.21384e-05     0.0712402   -0.00116536      0.999999   8.48356e-05    -0.0419059  -8.20395e-05  -8.49313e-05             1      0.170112
     0.999999    0.00151458   0.000282171     0.0811602   -0.00151451      0.999999  -0.000248849    -0.0137762  -0.000282547   0.000248421             1      0.240191
     0.999999    0.00142662   6.33675e-05     0.0732193   -0.00142665      0.999999   0.000402408    -0.0209368  -6.27933e-05  -0.000402498             1      0.189739
     0.999999    0.00145915   0.000114571     0.0691457   -0.00145916      0.999999   6.55879e-05    0.00474185  -0.000114475   -6.5755e-05             1      0.254477
     0.999999     0.0015247   5.17367e-05     0.0672704   -0.00152473      0.999999   0.000533992   -0.00734782  -5.09224e-05  -0.000534071             1      0.194926
     0.999999    0.00157115  -7.86233e-06     0.0607105   -0.00157115      0.999999   0.000348101     0.0188339   8.40924e-06  -0.000348088             1      0.230058
     0.999998    0.00173588  -3.91241e-05     0.0718603   -0.00173585      0.999998   0.000698455     0.0175917   4.03364e-05  -0.000698386             1      0.175215
     0.999999    0.00164668   7.25308e-05     0.0711679   -0.00164671      0.999999   0.000392303     0.0284751  -7.18847e-05  -0.000392422             1      0.207184
     0.999999    0.00168113   0.000114907     0.0731241    -0.0016812      0.999998   0.000584512     0.0220281  -0.000113924  -0.000584705             1      0.185702
     0.999999    0.00162542   1.72652e-05     0.0621579   -0.00162543      0.999998   0.000772782     0.0434054  -1.60091e-05  -0.000772809             1      0.208219
     0.999998    0.00180949  -0.000105993     0.0679688   -0.00180941      0.999998   0.000791192     0.0275369   0.000107425  -0.000790999             1      0.182714
     0.999999     0.0016457  -1.09037e-05     0.0669582   -0.00164569      0.999998    0.00084484     0.0198876   1.22941e-05  -0.000844821             1      0.231482
     0.999998    0.00188524   0.000195801     0.0804903   -0.00188531      0.999998   0.000393588     0.0235273  -0.000195059  -0.000393956             1      0.203162
     0.999999    0.00166999    0.00014147     0.0696776   -0.00167008      0.999998   0.000631746   -0.00931083  -0.000140414  -0.000631982             1      0.194271
     0.999999    0.00171101   0.000206046     0.0805284   -0.00171107      0.999999   0.000265868    0.00860056  -0.000205591  -0.000266221             1      0.210945
     0.999998    0.00175309  -6.60296e-05     0.0674554   -0.00175301      0.999998    0.00113348    -0.0111274   6.80165e-05   -0.00113336      0.999999      0.185176
     0.999998    0.00194061   2.37862e-05     0.0807738   -0.00194064      0.999997    0.00125728     0.0593531  -2.13463e-05   -0.00125732      0.999999      0.147856
     0.999998    0.00174354  -2.62991e-05     0.0723614    -0.0017435      0.999997     0.0014972     0.0268319   2.89095e-05   -0.00149715      0.999999      0.174569
     0.999998     0.0020172  -1.04735e-05     0.0808449   -0.00201719      0.999998   0.000812305     0.0315561   1.21121e-05  -0.000812283             1      0.122279
     0.999998    0.00183743   9.27373e-05     0.0734638   -0.00183754      0.999998     0.0011359    0.00330637    -9.065e-05   -0.00113607      0.999999      0.144883
     0.999998    0.00191514     9.483e-05     0.0830315   -0.00191522      0.999998   0.000790636     0.0331334  -9.33156e-05  -0.000790816             1      0.114933
     0.999998    0.00186107  -2.00507e-05     0.0697685   -0.00186104      0.999998    0.00121797     0.0198718   2.23174e-05   -0.00121794      0.999999      0.142025
     0.999998    0.00193058  -8.25909e-05     0.0777807    -0.0019305      0.999998   0.000923462     0.0316694   8.43735e-05  -0.000923301             1      0.119371
     0.999998    0.00213696   4.09393e-05     0.0716759   -0.00213701      0.999997    0.00118454     0.0325387  -3.84078e-05   -0.00118463      0.999999      0.156689
     0.999998    0.00213746    0.00010438     0.0853541   -0.00213756      0.999997    0.00102637    0.00449693  -0.000102186   -0.00102659      0.999999      0.107956
     0.999999    0.00152117   0.000154266     0.0691533   -0.00152131      0.999998   0.000903286    0.00127903  -0.000152891   -0.00090352             1      0.195465
     0.999999    0.00155418   7.86925e-05     0.0640795   -0.00155427      0.999998    0.00116429     0.0432245  -7.68828e-05   -0.00116441      0.999999      0.143945
     0.999999     0.0016119     4.434e-05     0.0640672   -0.00161196      0.999998    0.00146206     0.0383358  -4.19832e-05   -0.00146213      0.999999      0.166106
     0.999999    0.00168229  -1.07354e-05     0.0736718   -0.00168228      0.999998   0.000873836     0.0580593   1.22054e-05  -0.000873816             1      0.155837
     0.999999    0.00155387   7.86058e-05     0.0697833   -0.00155401      0.999997    0.00181785     0.0533708  -7.57809e-05   -0.00181797      0.999998      0.161166
     0.999999    0.00161149   0.000116193     0.0801256   -0.00161165      0.999998    0.00136174      0.090982  -0.000113998   -0.00136193      0.999999      0.181702
     0.999998    0.00173387  -4.26778e-05      0.077698    -0.0017338      0.999997    0.00152058     0.0496387   4.53142e-05    -0.0015205      0.999999      0.139885
     0.999999    0.00159326   2.19167e-05     0.0759432   -0.00159329      0.999998    0.00120114     0.0647832   -2.0003e-05   -0.00120117      0.999999      0.192406
     0.999998    0.00174324  -2.96462e-05     0.0940213   -0.00174319      0.999997    0.00168093     0.0610357   3.25764e-05   -0.00168088      0.999999      0.137179
     0.999998    0.00174703   0.000290838      0.104785   -0.00174741      0.999998    0.00133921     0.0620385  -0.000288498   -0.00133971      0.999999      0.184704
     0.999998    0.00177346  -0.000131217     0.0928052   -0.00177324      0.999997    0.00163762     0.0691513   0.000134121   -0.00163739      0.999999      0.135435
     0.999998    0.00117863     -0.001898    -0.0202972    -0.0011713      0.999992    0.00386043      0.210131    0.00190253   -0.00385819      0.999991     -0.091625
            1   0.000746704  -0.000501082     0.0273289  -0.000745959      0.999999    0.00148579      0.119926   0.000502191   -0.00148541      0.999999     0.0605519
     0.999999   0.000878573  -0.000832655  -0.000280817  -0.000876591      0.999997    0.00237727       0.11016   0.000834741   -0.00237654      0.999997    -0.0202396
            1   0.000784892  -0.000146957     0.0411807  -0.000784644      0.999998    0.00167772      0.127122   0.000148274    -0.0016776      0.999999  -0.000704956
            1   0.000832721  -0.000240786     0.0451284  -0.000832125      0.999997    0.00246312     0.0581395   0.000242837   -0.00246292      0.999997    -0.0536978
            1   0.000952935  -0.000189329     0.0470207   -0.00095262      0.999998     0.0016576      0.104592   0.000190909   -0.00165742      0.999999   -0.00385128
     0.999999    0.00101994  -0.000263282     0.0485203   -0.00101941      0.999997    0.00203004     0.0575591   0.000265352   -0.00202977      0.999998    -0.0356409
            1   0.000779654   0.000389639     0.0751764  -0.000780332      0.999998    0.00174351     0.0857413  -0.000388279   -0.00174381      0.999998     0.0366697
            1   0.000749614   0.000232089     0.0686539  -0.000750228      0.999996    0.00265695     0.0637629  -0.000230097   -0.00265712      0.999996   -0.00388633
            1   0.000845581   0.000455835     0.0764406  -0.000846582      0.999997    0.00219973      0.100822  -0.000453974   -0.00220012      0.999997      0.111338
            1   0.000978752   0.000139757     0.0708374  -0.000979104      0.999996    0.00254209     0.0776927  -0.000137269   -0.00254223      0.999997     0.0569677
     0.999999    0.00115574   0.000157816     0.0821437   -0.00115614      0.999996    0.00256622     0.0798377  -0.000154849    -0.0025664      0.999997      0.096297
            1   0.000803374   0.000436702     0.0748518    -0.0008044      0.999997      0.002355     0.0546867  -0.000434809   -0.00235535      0.999997      0.133554
     0.999999    0.00111501   0.000134818     0.0615295   -0.00111541      0.999995    0.00298084     0.0745082  -0.000131493   -0.00298099      0.999996      0.103149
            1   0.000846056   0.000444219      0.084457  -0.000847181      0.999996    0.00253851      0.138601  -0.000442069   -0.00253888      0.999997     0.0875965
     0.999999    0.00125575  -6.07704e-05     0.0486731   -0.00125557      0.999995    0.00281466     0.0755999   6.43046e-05   -0.00281458      0.999996      0.104596
     0.999999    0.00134083   0.000192082     0.0601068   -0.00134124      0.999997    0.00215951      0.104358  -0.000189185   -0.00215977      0.999998     0.0949121
     0.999999    0.00127697   0.000231848     0.0700297   -0.00127767      0.999995    0.00301598     0.0752077  -0.000227995   -0.00301627      0.999995     0.0693993
     0.999999    0.00124517   0.000490721     0.0842983   -0.00124632      0.999996    0.00235748     0.0979186  -0.000487784   -0.00235809      0.999997     0.0957523
     0.999999     0.0012295     0.0002099     0.0711138    -0.0012302      0.999994      0.003343     0.0758838  -0.000205789   -0.00334325      0.999994      0.052092
     0.999999    0.00130142   0.000510972      0.091302   -0.00130281      0.999995    0.00272783       0.11473   -0.00050742   -0.00272849      0.999996     0.0932714
     0.999999    0.00116057   0.000486408     0.0933864   -0.00116232      0.999993    0.00360022      0.081293  -0.000482226   -0.00360078      0.999993     0.0347252
     0.999999    0.00103842   0.000875411      0.116182   -0.00104101      0.999995    0.00296153      0.113826  -0.000872332   -0.00296244      0.999995      0.076582
            1   0.000759487   0.000622058      0.098562  -0.000761785      0.999993     0.0037022     0.0853194  -0.000619242   -0.00370267      0.999993     0.0285555
     0.999999   0.000732708   0.000981209      0.111541  -0.000735461      0.999996    0.00280808      0.113644  -0.000979147    -0.0028088      0.999996     0.0661406
            1    0.00056777   0.000767898      0.107912  -0.000570489      0.999994    0.00354479     0.0596005  -0.000765881   -0.00354523      0.999993     0.0318473
     0.999999   0.000662907     0.0010291       0.11933    -0.0006658      0.999996    0.00281332     0.0929372   -0.00102723     -0.002814      0.999996     0.0726929
     0.999999   0.000621587   0.000813883      0.112054  -0.000624455      0.999994    0.00352748     0.0799251  -0.000811685   -0.00352799      0.999993     0.0323863
     0.999999    0.00072103   0.000886604      0.119002  -0.000723661      0.999995    0.00297118      0.107328  -0.000884458   -0.00297181      0.999995      0.088007
            1   0.000720949   0.000664723      0.115011  -0.000723545      0.999992    0.00391357      0.128934  -0.000661896   -0.00391405      0.999992    0.00527386
     0.999999   0.000747023   0.000748632      0.115914  -0.000749502      0.999994    0.00331749      0.126566  -0.000746149   -0.00331805      0.999994     0.0656251
            1   0.000731709   0.000498043      0.112151  -0.000733653      0.999992    0.00391429      0.122279  -0.000495175   -0.00391466      0.999992    -0.0353488
     0.999999   0.000684956   0.000869888      0.116498  -0.000687873      0.999994    0.00335806       0.15003  -0.000867583   -0.00335866      0.999994     0.0526717
            1   0.000728011   0.000642069      0.105038  -0.000730512      0.999992    0.00390348      0.120793  -0.000639222   -0.00390394      0.999992    -0.0220709
     0.999999   0.000599305    0.00105898      0.121687  -0.000602993      0.999994    0.00348635      0.153332   -0.00105688   -0.00348698      0.999993     0.0374196
     0.999999   0.000700379    0.00102063      0.129992  -0.000704268      0.999992    0.00381546      0.148588   -0.00101795   -0.00381618      0.999992    -0.0450416
     0.999999   0.000618173    0.00120106      0.127372  -0.000622641      0.999993     0.0037233      0.128666   -0.00119875   -0.00372405      0.999992     0.0262998
     0.999999   0.000715727   0.000954957      0.130149  -0.000719588      0.999992    0.00404836      0.138958  -0.000952052   -0.00404905      0.999991    -0.0304032
     0.999999   0.000756792    0.00122992      0.133042  -0.000761502      0.999992    0.00383402      0.123541   -0.00122701   -0.00383495      0.999992      0.028043
     0.999999   0.000802916   0.000972502      0.131379  -0.000807245       0.99999    0.00445883      0.135958  -0.000968912   -0.00445961       0.99999    -0.0641685
     0.999999   0.000864066    0.00115874       0.13277  -0.000868639      0.999992    0.00395179      0.171474   -0.00115532   -0.00395279      0.999992    -0.0131334
     0.999999   0.000869774   0.000809654       0.12412  -0.000873436      0.999989    0.00453344      0.149497  -0.000805702   -0.00453415      0.999989    -0.0731432
     0.999999   0.000718748   0.000870946      0.115714  -0.000722528       0.99999    0.00434782      0.165595  -0.000867813   -0.00434845       0.99999    -0.0217366
     0.999999   0.000689598   0.000915229      0.124819  -0.000693612       0.99999     0.0043929      0.146477   -0.00091219   -0.00439353       0.99999    -0.0770777
            1   0.000512345   0.000732215      0.123096  -0.000515907      0.999988    0.00487309      0.151319  -0.000729709   -0.00487346      0.999988    -0.0629018
     0.999999   0.000609661    0.00115298      0.141673  -0.000614489      0.999991    0.00419183      0.175995   -0.00115042   -0.00419254      0.999991    -0.0807866
     0.999999   0.000553897   0.000893677      0.133925  -0.000558504      0.999987    0.00516301      0.149951  -0.000890805    -0.0051635      0.999986    -0.0668012
     0.999999   0.000446151    0.00126919       0.13964  -0.000451064      0.999992    0.00387298     0.0434646   -0.00126745   -0.00387355      0.999992      0.288086
     0.999999   0.000688498    0.00127456      0.134314  -0.000695293      0.999986     0.0053384      0.179101   -0.00127087   -0.00533928      0.999985      0.197688
     0.999999   0.000718293    0.00127253      0.143109  -0.000724746      0.999987    0.00507774      0.162628   -0.00126887   -0.00507866      0.999986      0.044994
     0.999999    0.00083605    0.00117856      0.143003  -0.000842709      0.999984    0.00566062      0.144739   -0.00117381    -0.0056616      0.999983     0.0481653
     0.999999   0.000747204    0.00147032      0.156358  -0.000754713      0.999987    0.00511313      0.179631   -0.00146648   -0.00511424      0.999986     0.0384205
     0.999999   0.000824282     0.0011533      0.152598  -0.000831157      0.999982    0.00597316      0.144092   -0.00114836   -0.00597411      0.999981      0.017891
     0.999999   0.000869209    0.00141286      0.159653  -0.000876758      0.999985    0.00535087      0.207574   -0.00140818    -0.0053521      0.999985       0.04412
     0.999999    0.00101902   0.000998014      0.153117   -0.00102517       0.99998    0.00618378      0.185997  -0.000991693   -0.00618479       0.99998    -0.0453797
     0.999999    0.00107475    0.00128975      0.167137   -0.00108225      0.999982    0.00582931      0.234701   -0.00128347    -0.0058307      0.999982     0.0266599
     0.999999    0.00110776    0.00112725      0.165056   -0.00111441      0.999982    0.00592037      0.190838   -0.00112067   -0.00592162      0.999982    -0.0256966
     0.999999   0.000966694    0.00122963      0.169527  -0.000973978      0.999982    0.00593729      0.232026   -0.00122387   -0.00593848      0.999982     0.0171474
     0.999999   0.000984189    0.00105024      0.160697  -0.000990634      0.999981    0.00615385      0.194134   -0.00104416   -0.00615489      0.999981    -0.0227335
     0.999999     0.0012347    0.00103965      0.168407   -0.00124154      0.999977    0.00660616      0.184046   -0.00103147   -0.00660744      0.999978     0.0277028
     0.999999    0.00126498    0.00100594      0.167318   -0.00127128      0.999979     0.0062892      0.250175  -0.000997963   -0.00629047       0.99998     0.0188736
     0.999999      0.001197   0.000748111      0.152469   -0.00120193      0.999977    0.00663372      0.207693  -0.000740153   -0.00663461      0.999978     0.0413341
     0.999999    0.00105322    0.00118312      0.151792   -0.00106118      0.999977    0.00674646      0.220708   -0.00117599    -0.0067477      0.999977      0.101895
     0.999999    0.00107529   0.000905477       0.14859    -0.0010816      0.999975    0.00699654      0.223058  -0.000897931   -0.00699752      0.999975    -0.0103358
     0.999999    0.00109956    0.00132063       0.16266   -0.00110891      0.999974     0.0071017      0.261936   -0.00131279   -0.00710315      0.999974     0.0819125
     0.999998    0.00106193    0.00138407      0.169454   -0.00107201      0.999973    0.00730172      0.204802   -0.00137628    -0.0073032      0.999972    -0.0465399
     0.999997   0.000910758    0.00217692      0.213185  -0.000926279      0.999974     0.0071394      0.228813   -0.00217036    -0.0071414      0.999972  -0.000784116
     0.999998   0.000826871    0.00201609      0.212597  -0.000841514      0.999973    0.00727287      0.211393   -0.00201003   -0.00727455      0.999972     -0.045266
     0.999997   0.000935974    0.00211378      0.223913  -0.000953334      0.999966    0.00822673      0.250461     -0.002106   -0.00822872      0.999964    -0.0121116
     0.999997   0.000811214    0.00223235      0.215372  -0.000827752      0.999972    0.00741745      0.264524   -0.00222627   -0.00741928       0.99997    -0.0324943
     0.999998   0.000887921    0.00190977      0.210234  -0.000903961      0.999964    0.00841418      0.243373   -0.00190223   -0.00841589      0.999963     -0.113489
     0.999997   0.000991338    0.00216332      0.209628   -0.00100771      0.999971    0.00758049      0.266524   -0.00215575   -0.00758265      0.999969    -0.0687484
     0.999998   0.000908863     0.0018336      0.203714  -0.000924491      0.999963    0.00854039      0.231843   -0.00182577   -0.00854206      0.999962     -0.128929
     0.999998    0.00104934    0.00193648       0.20224   -0.00106458      0.999968    0.00788788      0.285771   -0.00192814   -0.00788993      0.999967    -0.0717761
     0.999999   0.000956629    0.00138235       0.17779  -0.000968908       0.99996    0.00890912       0.28982   -0.00137377   -0.00891044      0.999959     -0.153525
     0.999998    0.00120436    0.00175294      0.188777    -0.0012186      0.999966    0.00814328       0.29447   -0.00174307   -0.00814539      0.999965    -0.0654863
     0.999998    0.00122479    0.00122705      0.173945   -0.00123562       0.99996    0.00885971       0.27348   -0.00121615   -0.00886121       0.99996     -0.167886
     0.999998    0.00142972    0.00107035      0.158308   -0.00143865      0.999964    0.00839122      0.320801   -0.00105831   -0.00839274      0.999964    -0.0972861
     0.999999    0.00143103    0.00071302      0.158201    -0.0014376      0.999956     0.0093126       0.28448  -0.000699661   -0.00931361      0.999956       -0.1847
     0.999999     0.0012724    0.00116123      0.168552   -0.00128259       0.99996    0.00881559      0.324625   -0.00114997   -0.00881707       0.99996     -0.120921
     0.999999    0.00131854    0.00108397      0.176047   -0.00132855      0.999956    0.00928528      0.315499   -0.00107168   -0.00928671      0.999956     -0.223325
     0.999998    0.00129378     0.0014474      0.186055   -0.00130698      0.999957    0.00915631      0.336336   -0.00143549   -0.00915819      0.999957     -0.124928
     0.999998    0.00133425    0.00117143       0.17548   -0.00134505      0.999956    0.00926618      0.322477   -0.00115901   -0.00926774      0.999956     -0.184503
     0.999998    0.00133541    0.00121622      0.170842   -0.00134663      0.999956    0.00926967      0.321915   -0.00120378   -0.00927129      0.999956     -0.125516
     0.999998    0.00125519      0.001303      0.192749   -0.00126702      0.999958    0.00911834      0.311342    -0.0012915   -0.00911998      0.999958        -0.208
     0.999999    0.00115986    0.00128379      0.181047   -0.00117197      0.999954    0.00947296      0.330714   -0.00127274   -0.00947445      0.999954     -0.149429
     0.999998    0.00136712    0.00137013      0.194327   -0.00137976      0.999956    0.00926933      0.349078    -0.0013574   -0.00927121      0.999956     -0.186566
     0.999998    0.00126186    0.00142752      0.194209   -0.00127577      0.999951    0.00978556      0.340532    -0.0014151   -0.00978737      0.999951     -0.181903
     0.999998    0.00124753    0.00137358      0.191416   -0.00126021      0.999956    0.00927452      0.350866   -0.00136195   -0.00927623      0.999956     -0.149005
     0.999999    0.00111096     0.0012806      0.195448   -0.00112356      0.999951     0.0098853        0.3375   -0.00126956   -0.00988673       0.99995     -0.194171
     0.999999    0.00112923    0.00129383      0.194726   -0.00114118      0.999956     0.0092773       0.36804   -0.00128329   -0.00927877      0.999956     -0.146109
     0.999999   0.000962001    0.00120178      0.189965  -0.000973831      0.999951    0.00988171      0.340496   -0.00119221   -0.00988287       0.99995     -0.211882
     0.999998    0.00126863    0.00137673      0.191851   -0.00128151      0.999955    0.00939747      0.374647   -0.00136475   -0.00939922      0.999955     -0.142514
     0.999999    0.00113355    0.00130096      0.194328   -0.00114593      0.999954     0.0095569      0.352389   -0.00129007   -0.00955837      0.999953      -0.19005
     0.999998    0.00117748    0.00149492      0.198639   -0.00119201      0.999952    0.00975434       0.34594   -0.00148336    -0.0097561      0.999951     -0.156937
     0.999998    0.00105944    0.00157415      0.201162   -0.00107446      0.999954    0.00956694       0.36797   -0.00156394   -0.00956862      0.999953     -0.193501
     0.999998    0.00116495    0.00139185      0.193455   -0.00117884      0.999949      0.010019      0.342388   -0.00138011    -0.0100206      0.999949     -0.172194
     0.999998    0.00113789    0.00169304      0.206153   -0.00115359      0.999956    0.00929974      0.359281   -0.00168239   -0.00930167      0.999955     -0.171608
     0.999998    0.00130645    0.00130267      0.190815   -0.00131945      0.999949     0.0100327       0.34276    -0.0012895    -0.0100344      0.999949     -0.172255
     0.999998    0.00106535    0.00193956      0.212404    -0.0010837      0.999954    0.00948159      0.362654   -0.00192937   -0.00948367      0.999953     -0.178835
     0.999998   0.000938261    0.00157127      0.212284  -0.000954856      0.999943     0.0105946      0.352463   -0.00156124    -0.0105961      0.999943     -0.207183
     0.999998    0.00104611     0.0017222      0.208232   -0.00106281      0.999952    0.00972559      0.407976   -0.00171194    -0.0097274      0.999951     -0.148075
     0.999998    0.00127157    0.00144839      0.206962   -0.00128706      0.999942     0.0107386      0.382008   -0.00143465    -0.0107405      0.999941     -0.240124
     0.999998   0.000989786    0.00190994      0.230102   -0.00100967      0.999945     0.0104354      0.413805   -0.00189951    -0.0104373      0.999944     -0.168453
     0.999998   0.000825629    0.00191697      0.234913   -0.00084655       0.99994     0.0109389      0.397547   -0.00190783    -0.0109405      0.999938     -0.245559
     0.999998    0.00106822    0.00189348      0.248614   -0.00108845      0.999942     0.0107118      0.394834   -0.00188193    -0.0107138      0.999941     -0.190252
     0.999998    0.00109698    0.00178202      0.248006   -0.00111612      0.999941     0.0107734      0.368257    -0.0017701    -0.0107754       0.99994     -0.222802
     0.999998    0.00113854     0.0018085      0.244606    -0.0011596      0.999931     0.0116867       0.40345   -0.00179507    -0.0116888       0.99993     -0.216414
     0.999998    0.00102557    0.00178237      0.245333   -0.00104525      0.999938     0.0110789      0.409105   -0.00177089    -0.0110807      0.999937     -0.184083
     0.999999    0.00110086   0.000976507      0.193951   -0.00111225       0.99993     0.0117371      0.385556  -0.000963519    -0.0117381      0.999931     -0.253322
     0.999999   0.000937133    0.00144066      0.208157  -0.000951402       0.99995    0.00993587      0.425232   -0.00143128   -0.00993723       0.99995      -0.19552
     0.999999    0.00105241    0.00136379      0.210788   -0.00106589       0.99995    0.00992241      0.377856   -0.00135328   -0.00992384       0.99995      -0.29497
     0.999998   0.000864185    0.00198231      0.242111  -0.000884271      0.999948     0.0101547      0.412067   -0.00197343    -0.0101564      0.999946     -0.226382
     0.999998    0.00091419    0.00152422      0.224342  -0.000930869      0.999939     0.0109782      0.384234   -0.00151409    -0.0109796      0.999939     -0.288246
     0.999998   0.000907225    0.00158553      0.223549  -0.000924281      0.999941     0.0107902      0.432422   -0.00157565    -0.0107916      0.999941     -0.212376
     0.999999    0.00104787     0.0013724      0.216525   -0.00106344      0.999935     0.0113942      0.412357   -0.00136037    -0.0113956      0.999934     -0.274263
     0.999998   0.000903792     0.0017449      0.221732  -0.000922694      0.999941     0.0108627       0.43204   -0.00173498    -0.0108643      0.999939     -0.190295
     0.999998    0.00090789    0.00155342      0.223479  -0.000925128      0.999938     0.0111318       0.38164   -0.00154322    -0.0111332      0.999937     -0.269448
     0.999998   0.000999595     0.0019097      0.231838   -0.00102055      0.999939     0.0110029      0.439111   -0.00189858    -0.0110048      0.999938     -0.173517
     0.999998   0.000940004    0.00158618      0.219829  -0.000958414      0.999932     0.0116458      0.422779   -0.00157513    -0.0116473      0.999931     -0.229012
     0.999998   0.000746325    0.00176177      0.227809  -0.000766223      0.999936      0.011321      0.437081   -0.00175321    -0.0113224      0.999934     -0.152194
     0.999998   0.000878627    0.00169025      0.226695  -0.000898138      0.999933     0.0115772      0.422053   -0.00167997    -0.0115787      0.999932     -0.218254
     0.999998   0.000986524    0.00157714       0.22036   -0.00100399      0.999938     0.0111133      0.421164   -0.00156608    -0.0111149      0.999937     -0.127437
     0.999998   0.000971747    0.00164492      0.224566  -0.000990869      0.999931      0.011664      0.383757   -0.00163347    -0.0116656      0.999931     -0.223558
     0.999998    0.00100153    0.00157576      0.219038   -0.00101979      0.999932     0.0116269       0.40121   -0.00156401    -0.0116285      0.999931     -0.189392
     0.999997    0.00129567    0.00209087      0.248656   -0.00132151      0.999922     0.0124078      0.413376   -0.00207463    -0.0124105      0.999921      -0.14781
     0.999997    0.00110465    0.00206657      0.246932   -0.00113015      0.999923     0.0123787      0.430946   -0.00205274     -0.012381      0.999921     -0.227341
     0.999997   0.000938042    0.00220515      0.248568  -0.000965114      0.999924     0.0123079      0.456475   -0.00219343      -0.01231      0.999922      -0.18794
     0.999997   0.000984145    0.00202121      0.240188   -0.00100885      0.999924      0.012258      0.457853     -0.002009      -0.01226      0.999923      -0.20838
     0.999998    0.00114611    0.00181948      0.228486   -0.00116931      0.999917     0.0128042      0.461042   -0.00180465    -0.0128063      0.999916      -0.24607
     0.999997    0.00119202    0.00192095      0.234043    -0.0012161       0.99992     0.0125826      0.510662    -0.0019058    -0.0125849      0.999919     -0.171699
     0.999998      0.001424    0.00170204      0.222602   -0.00144541      0.999919     0.0126426      0.464157    -0.0016839    -0.0126451      0.999919     -0.239736
     0.999998     0.0012471    0.00168818      0.217743    -0.0012674      0.999926       0.01208      0.487702     -0.001673    -0.0120821      0.999926     -0.171463
     0.999997    0.00151341     0.0019514      0.227188    -0.0015373      0.999923     0.0123011      0.455635   -0.00193263    -0.0123041      0.999922     -0.281212
     0.999997    0.00147149    0.00194268      0.216417    -0.0014946      0.999927     0.0119503      0.477545   -0.00192496    -0.0119532      0.999927     -0.169776
     0.999998    0.00133921    0.00176457      0.223348   -0.00136171      0.999917     0.0128079      0.447872   -0.00174727    -0.0128102      0.999916     -0.258096
     0.999997     0.0013159    0.00183456      0.219636   -0.00133797      0.999926     0.0120826      0.461783   -0.00181852     -0.012085      0.999925     -0.184597
     0.999998    0.00133897    0.00157447      0.214379   -0.00135909      0.999917     0.0128477       0.42745   -0.00155714    -0.0128498      0.999916     -0.269337
     0.999998    0.00123113    0.00154054      0.211057   -0.00125009      0.999923     0.0123731      0.460919   -0.00152519     -0.012375      0.999922     -0.216717
     0.999998    0.00129512    0.00125764      0.202727   -0.00131148      0.999913      0.013096      0.441982   -0.00124057    -0.0130976      0.999913     -0.271161
