# 3dvolreg matrices (DICOM-to-DICOM, row-by-row):
     0.999992   -0.00109986     0.0037688      0.138297    0.00112638      0.999975   -0.00704139    -0.0649401   -0.00376096    0.00704558      0.999968      0.731534
     0.999991   -0.00149586    0.00387151      0.129071    0.00152455      0.999971   -0.00741612    -0.0257885    -0.0038603    0.00742196      0.999965      0.706255
     0.999991    -0.0020271     0.0037469      0.147019    0.00205264      0.999975   -0.00682509     -0.117109   -0.00373297    0.00683272       0.99997      0.662729
      0.99999   -0.00229297    0.00370745      0.108948    0.00232009       0.99997   -0.00732927    -0.0135268   -0.00369054     0.0073378      0.999966      0.694055
     0.999989    -0.0024656    0.00397297     0.0996739    0.00249587      0.999968    -0.0076304    -0.0736357   -0.00395403    0.00764023      0.999963      0.689089
     0.999987   -0.00276831    0.00423837     0.0858205    0.00279861       0.99997   -0.00716037    -0.0934535   -0.00421842    0.00717214      0.999965       0.67608
     0.999986   -0.00302258    0.00424086     0.0495705    0.00305231      0.999971   -0.00702079    -0.0432581   -0.00421951    0.00703363      0.999966      0.665827
     0.999987   -0.00291448    0.00425967     0.0600206    0.00294526      0.999969   -0.00723836    -0.0658598   -0.00423844    0.00725081      0.999965      0.643327
     0.999986   -0.00300416    0.00425218     0.0741365    0.00303198      0.999974    -0.0065504    -0.0922363   -0.00423239     0.0065632       0.99997      0.612599
     0.999986   -0.00326781    0.00425392     0.0531909     0.0032944      0.999975   -0.00625892    -0.0804489   -0.00423336    0.00627285      0.999971      0.651439
     0.999987   -0.00299863    0.00410463     0.0656795     0.0030274      0.999971   -0.00702115    -0.0375285   -0.00408345    0.00703348      0.999967      0.658611
     0.999987    -0.0029655    0.00416424     0.0737373    0.00299604      0.999969   -0.00734702    -0.0894454   -0.00414232     0.0073594      0.999964      0.631595
     0.999987   -0.00301667     0.0041162     0.0671037    0.00304436      0.999973   -0.00673802    -0.0727251   -0.00409576    0.00675047      0.999969      0.651706
     0.999987   -0.00285178    0.00426017     0.0728658    0.00288087      0.999972   -0.00683583    -0.0476201   -0.00424056    0.00684802      0.999968      0.665193
     0.999987    -0.0028333    0.00423144     0.0678651    0.00286349       0.99997   -0.00714503    -0.0757972   -0.00421107    0.00715705      0.999966      0.656993
     0.999987   -0.00303459    0.00410193     0.0671838    0.00306029      0.999976   -0.00627402    -0.0953601   -0.00408279    0.00628649      0.999972      0.613833
     0.999987   -0.00311793    0.00412812     0.0590668    0.00314526      0.999973   -0.00663078    -0.0651703   -0.00410733    0.00664367      0.999969       0.63947
     0.999985   -0.00338277    0.00429098     0.0474679     0.0034131      0.999969   -0.00708111    -0.0694044    -0.0042669    0.00709565      0.999966       0.62689
     0.999984   -0.00367404    0.00435142     0.0359227    0.00370187      0.999973   -0.00640331     -0.118739   -0.00432778    0.00641931       0.99997      0.588825
     0.999983    -0.0036498    0.00444825     0.0295685    0.00368043      0.999969   -0.00689768    -0.0344354   -0.00442294    0.00691394      0.999966      0.612261
     0.999983   -0.00355012    0.00460002     0.0245344    0.00357996      0.999973   -0.00649453     -0.121571   -0.00457684    0.00651089      0.999968       0.57903
     0.999983   -0.00368674    0.00448921     0.0453897    0.00371294      0.999976   -0.00584222     -0.105698   -0.00446756    0.00585879      0.999973      0.550117
     0.999983   -0.00365253    0.00463521     0.0316462    0.00368173      0.999973   -0.00630715    -0.0716648   -0.00461205    0.00632411      0.999969      0.576385
     0.999983   -0.00362521    0.00455528     0.0231413    0.00365301      0.999975   -0.00610958     -0.107388   -0.00453301    0.00612611      0.999971      0.546462
     0.999983   -0.00369865    0.00447195     0.0313825    0.00372702      0.999973   -0.00635213     -0.117712   -0.00444834    0.00636869       0.99997      0.540572
     0.999982   -0.00368979    0.00479139      0.023438    0.00371876      0.999975   -0.00605086    -0.0847874   -0.00476895    0.00606857       0.99997      0.569969
     0.999982   -0.00375235    0.00470892     0.0104615    0.00378233      0.999973   -0.00637255    -0.0605275   -0.00468488    0.00639024      0.999969      0.574377
     0.999982   -0.00379594    0.00473692     0.0268758    0.00382389      0.999975   -0.00590612     -0.144123   -0.00471438    0.00592413      0.999971      0.545233
     0.999983      -0.00356    0.00459363     0.0283935    0.00358416       0.99998   -0.00526287     -0.137218    -0.0045748    0.00527925      0.999976      0.536994
     0.999981   -0.00379517    0.00489319     0.0154879    0.00382627      0.999972   -0.00636173    -0.0551784   -0.00486892    0.00638033      0.999968      0.573519
     0.999982   -0.00379313    0.00475025     0.0207021    0.00382181      0.999974   -0.00604316     -0.134415   -0.00472721    0.00606121       0.99997      0.561519
     0.999982   -0.00384789    0.00463993     0.0229008    0.00387294      0.999978   -0.00540303     -0.123968   -0.00461903     0.0054209      0.999975       0.55598
     0.999982   -0.00372863    0.00480576     0.0110317    0.00375877      0.999973   -0.00627887    -0.0528391   -0.00478222    0.00629682      0.999969      0.576351
     0.999982    -0.0037298    0.00479455     0.0180251    0.00375579      0.999978   -0.00542325     -0.156618   -0.00477422    0.00544116      0.999974      0.507255
     0.999981   -0.00383037    0.00485287     0.0097091    0.00385861      0.999976   -0.00582413    -0.0763778   -0.00483044    0.00584274      0.999971      0.554833
     0.999981   -0.00368202    0.00497151   -0.00611841    0.00371143      0.999976   -0.00591874    -0.0888667   -0.00494959    0.00593708       0.99997      0.530655
      0.99998   -0.00392645    0.00500395     0.0112581    0.00395355      0.999978   -0.00541865     -0.168308   -0.00498256    0.00543833      0.999973      0.540674
     0.999978    -0.0041628    0.00509165   -0.00332658    0.00419385      0.999973   -0.00610161     -0.052661   -0.00506612    0.00612283      0.999968        0.5558
     0.999979   -0.00384641    0.00522487   -0.00171941    0.00387499      0.999978   -0.00547147     -0.141893    -0.0052037    0.00549161      0.999971        0.5371
     0.999979   -0.00358629    0.00546685    0.00271659    0.00360844      0.999985   -0.00404721     -0.144971   -0.00545226    0.00406685      0.999977      0.520845
      0.99998   -0.00357245    0.00523253     0.0206453    0.00360051      0.999979   -0.00536409     -0.101769   -0.00521326    0.00538282      0.999972      0.503261
     0.999979    -0.0038401    0.00524354   -0.00503475    0.00386633       0.99998   -0.00500184     -0.167566   -0.00522423    0.00502201      0.999974      0.502004
     0.999978   -0.00382991    0.00539001    -0.0091149    0.00385949      0.999977   -0.00548679    -0.0740389   -0.00536888    0.00550748       0.99997      0.540232
      0.99998    -0.0033512    0.00540981    0.00414547    0.00338041       0.99998    -0.0053998     -0.154861    -0.0053916    0.00541798      0.999971      0.534772
     0.999979    -0.0034104    0.00551904   0.000727566    0.00343754      0.999982   -0.00491543     -0.151487   -0.00550218     0.0049343      0.999973      0.524558
     0.999978   -0.00349666    0.00555353   -0.00598393    0.00352514      0.999981   -0.00512601    -0.0788164    -0.0055355    0.00514548      0.999971       0.55259
     0.999979   -0.00411702    0.00507832   -0.00359423    0.00414306      0.999978   -0.00512842     -0.188243    -0.0050571    0.00514935      0.999974      0.520444
     0.999978   -0.00361589    0.00557484    -0.0070033    0.00364623      0.999979   -0.00544056    -0.0879751   -0.00555505    0.00546077       0.99997      0.571693
     0.999978   -0.00414097    0.00517214   -0.00642163    0.00417012      0.999975   -0.00563817     -0.141589   -0.00514867    0.00565962      0.999971      0.545402
     0.999977   -0.00404608    0.00538516    -0.0102877    0.00407542      0.999977   -0.00544762     -0.169296     -0.005363    0.00546944      0.999971      0.552581
     0.999977   -0.00379279    0.00558825    -0.0140631    0.00382493      0.999976   -0.00575176    -0.0758918    -0.0055663      0.005773      0.999968      0.554422
     0.999978   -0.00361852    0.00548633    0.00349078    0.00364869      0.999978   -0.00549853     -0.152591   -0.00546632    0.00551842       0.99997      0.519505
     0.999977   -0.00380401    0.00563431   -0.00580793    0.00383071      0.999981   -0.00473667     -0.149354   -0.00561619    0.00475814      0.999973      0.476183
     0.999978    -0.0033671    0.00567411   -0.00765836    0.00339466      0.999982   -0.00485497     -0.112497   -0.00565767    0.00487413      0.999972      0.482934
     0.999978   -0.00349058     0.0057149   -0.00820534    0.00351796      0.999982   -0.00478767     -0.157565   -0.00569808    0.00480767      0.999972      0.508984
     0.999976   -0.00352188    0.00589179    -0.0164254    0.00354939      0.999983   -0.00466466      -0.17605   -0.00587526    0.00468546      0.999972      0.540176
     0.999977   -0.00380168     0.0056695   -0.00760499    0.00383034       0.99998   -0.00505384    -0.0943255   -0.00565017    0.00507544      0.999971      0.525463
     0.999977    -0.0038402     0.0055514    -0.0223725    0.00386908      0.999979    -0.0052001     -0.172622   -0.00553131    0.00522146      0.999971      0.516982
     0.999976   -0.00381247    0.00574717    -0.0168278    0.00384129       0.99998   -0.00501234     -0.100829   -0.00572794     0.0050343      0.999971      0.528223
     0.999979   -0.00333021    0.00555051    -0.0140202    0.00336012       0.99998   -0.00538732     -0.123976   -0.00553246    0.00540586       0.99997      0.522588
     0.999977   -0.00376223    0.00567043   -0.00166423    0.00378786      0.999983   -0.00451687     -0.181717   -0.00565334    0.00453825      0.999974      0.532416
     0.999979   -0.00367933    0.00535943    -0.0157462    0.00370203      0.999984   -0.00423097     -0.117605   -0.00534377    0.00425072      0.999977      0.560566
     0.999978   -0.00360181    0.00549724   -0.00186559    0.00362965      0.999981   -0.00506299      -0.20052   -0.00547889    0.00508283      0.999972      0.550806
     0.999978   -0.00379279    0.00545001    -0.0102358    0.00382311      0.999977    -0.0055641    -0.0691499   -0.00542878    0.00558481       0.99997      0.577161
     0.999977   -0.00367114    0.00562635   -0.00381272    0.00370051       0.99998   -0.00521751     -0.188236   -0.00560708    0.00523821      0.999971      0.543787
     0.999977   -0.00364406    0.00565305    -0.0161414    0.00367376      0.999979   -0.00525185     -0.125434   -0.00563379     0.0052725       0.99997      0.564096
     0.999978   -0.00344449    0.00563594   -0.00111843    0.00347428       0.99998   -0.00528553     -0.108615   -0.00561762      0.005305       0.99997      0.552768
     0.999978   -0.00334771    0.00564909   -0.00849562    0.00337626      0.999982   -0.00505169     -0.198311   -0.00563207    0.00507066      0.999971      0.553558
     0.999978   -0.00363796    0.00553535     -0.017307     0.0036621      0.999984   -0.00435596     -0.145949   -0.00551942    0.00437614      0.999975      0.536822
     0.999977   -0.00338773     0.0059552    -0.0169368    0.00341407      0.999984   -0.00441881     -0.109161   -0.00594013    0.00443904      0.999973      0.524634
     0.999976   -0.00336609    0.00598464   -0.00165847    0.00339344      0.999984   -0.00456529     -0.196184   -0.00596917    0.00458549      0.999972      0.532813
     0.999978   -0.00319772    0.00583384    0.00260658    0.00322746      0.999982   -0.00509406    -0.0734745   -0.00581744    0.00511278       0.99997       0.56989
     0.999977   -0.00329943    0.00584344    0.00368119    0.00333044       0.99998   -0.00530482     -0.143092   -0.00582583    0.00532416      0.999969      0.554418
     0.999978   -0.00334629    0.00567596   -0.00232654    0.00337427      0.999982   -0.00492782     -0.154009   -0.00565936    0.00494686      0.999972      0.558503
     0.999977   -0.00360729    0.00574891    -0.0148369    0.00363181      0.999984   -0.00426071     -0.163899   -0.00573345    0.00428149      0.999974      0.552052
     0.999975   -0.00392707    0.00592017     -0.034093    0.00395442      0.999982   -0.00461609     -0.146359   -0.00590193    0.00463939      0.999972       0.49009
     0.999975   -0.00393361    0.00595684    -0.0317688    0.00395797      0.999984   -0.00408305     -0.225867   -0.00594068    0.00410652      0.999974      0.493435
     0.999996  -0.000236981     0.0029725      0.207002   0.000262337      0.999964   -0.00853291     0.0383204   -0.00297036    0.00853365      0.999959      0.846308
     0.999995  -0.000362931    0.00313437      0.203383   0.000388625      0.999966   -0.00820087    -0.0302924   -0.00313129    0.00820205      0.999961      0.769966
     0.999993    0.00026836     0.0037723      0.201541  -0.000239739      0.999971   -0.00758561    -0.0604353   -0.00377423    0.00758465      0.999964      0.736063
     0.999991    0.00112933    0.00400407      0.209318   -0.00109729      0.999967   -0.00799504    -0.0288367   -0.00401297    0.00799058       0.99996      0.685184
     0.999992    0.00173067    0.00361239      0.273931   -0.00170021      0.999963   -0.00841878     0.0348781   -0.00362683    0.00841257      0.999958      0.693906
     0.999989    -0.0031109    0.00337411      0.140913    0.00313152      0.999976   -0.00612338     -0.145467   -0.00335498    0.00613388      0.999976      0.803275
     0.999988   -0.00326161    0.00355702     0.0648784     0.0032834      0.999976   -0.00613703    -0.0928766   -0.00353691    0.00614864      0.999975      0.769899
     0.999988   -0.00305102    0.00380764      0.103049    0.00306903      0.999984   -0.00473162      -0.12387   -0.00379314    0.00474325      0.999982      0.719198
      0.99999   -0.00327803    0.00315721     0.0599069    0.00329529       0.99998   -0.00547867     -0.157616   -0.00313919    0.00548902       0.99998      0.755313
      0.99999   -0.00309181    0.00331638     0.0981763    0.00311225      0.999976   -0.00617788    -0.0465518    -0.0032972    0.00618814      0.999975      0.767092
     0.999989    -0.0036248    0.00310263      0.094443    0.00364193      0.999978   -0.00553224     -0.146623   -0.00308251    0.00554348       0.99998      0.736623
     0.999989   -0.00366217    0.00309001     0.0788372    0.00367837      0.999979   -0.00525209     -0.138873   -0.00307071     0.0052634      0.999981      0.778678
      0.99999   -0.00321415    0.00312662     0.0796213    0.00323169      0.999979    -0.0056209    -0.0969906   -0.00310849    0.00563095      0.999979      0.810112
     0.999993   -0.00268212    0.00265498       0.10933     0.0026969      0.999981   -0.00557954     -0.121877   -0.00263996    0.00558666      0.999981      0.774296
     0.999992    -0.0026474    0.00284696      0.149881    0.00266271      0.999982   -0.00538848     -0.140927   -0.00283265    0.00539602      0.999981      0.806024
     0.999993   -0.00240834    0.00282839      0.127474    0.00242505       0.99998   -0.00591909    -0.0717391   -0.00281407     0.0059259      0.999978      0.814472
     0.999994   -0.00237969    0.00246999      0.132878    0.00239239      0.999984    -0.0051544     -0.193806   -0.00245768    0.00516028      0.999984      0.786863
     0.999994   -0.00228542    0.00245744      0.153796    0.00229788      0.999984   -0.00507793    -0.0943266    -0.0024458    0.00508354      0.999984      0.780946
     0.999994   -0.00227325    0.00259485       0.15658    0.00228711      0.999983   -0.00534907     -0.149057   -0.00258265    0.00535498      0.999982      0.768371
     0.999994   -0.00247477    0.00258452      0.152435    0.00248685      0.999986   -0.00468049     -0.176818    -0.0025729    0.00468689      0.999986      0.774412
     0.999994   -0.00231345    0.00267438      0.148552      0.002326      0.999986   -0.00469916    -0.0908126   -0.00266347    0.00470535      0.999985      0.811738
     0.999993   -0.00237961    0.00275717      0.157199    0.00239266      0.999986   -0.00474121     -0.161878   -0.00274585    0.00474778      0.999985      0.776388
     0.999993   -0.00252079    0.00275151       0.14855     0.0025333      0.999986   -0.00455108     -0.143583      -0.00274    0.00455802      0.999986      0.760969
     0.999994   -0.00218323    0.00270589      0.140107    0.00219676      0.999985   -0.00500433     -0.115136   -0.00269492    0.00501024      0.999984      0.827037
     0.999994    -0.0021656    0.00271552      0.163362     0.0021809      0.999982   -0.00564548     -0.084568   -0.00270324    0.00565136       0.99998      0.839007
     0.999994   -0.00207423    0.00282119      0.146858    0.00208749      0.999987    -0.0047059      -0.14925   -0.00281139    0.00471176      0.999985      0.845723
     0.999993   -0.00226943    0.00291706      0.141326    0.00228455      0.999984   -0.00518873     -0.127509   -0.00290524    0.00519535      0.999982       0.82135
     0.999993   -0.00219447    0.00292332      0.141385    0.00220983      0.999984   -0.00526081     -0.108794   -0.00291172    0.00526723      0.999982      0.859035
     0.999994   -0.00215947     0.0028043      0.146833    0.00217403      0.999984   -0.00519934     -0.152165   -0.00279302    0.00520541      0.999983      0.843019
     0.999994   -0.00224586    0.00256895      0.155425    0.00225781      0.999987   -0.00465833     -0.172448   -0.00255846    0.00466411      0.999986      0.816693
     0.999994   -0.00217507    0.00259462      0.162093    0.00218765      0.999986   -0.00485467     -0.132699   -0.00258403    0.00486032      0.999985      0.789864
     0.999993   -0.00236081    0.00273819      0.136045    0.00237623      0.999981   -0.00564283     -0.114501   -0.00272482     0.0056493       0.99998      0.799632
     0.999994   -0.00222719      0.002686      0.145906    0.00224136      0.999984   -0.00528384      -0.13343   -0.00267418    0.00528983      0.999982      0.845888
     0.999993   -0.00262385    0.00267122      0.148801     0.0026351      0.999988   -0.00421428     -0.156082   -0.00266013    0.00422129      0.999988      0.779099
     0.999993   -0.00134042    0.00363318      0.145409    0.00136944      0.999967   -0.00799695     0.0124863   -0.00362234    0.00800186      0.999961      0.703678
     0.999994   -0.00114023     0.0033892      0.162771     0.0011652      0.999972   -0.00737491     -0.094939    -0.0033807    0.00737881      0.999967      0.693371
     0.999994     -0.001209    0.00336876      0.164809    0.00123447      0.999971   -0.00756938    -0.0187084   -0.00335951    0.00757349      0.999966      0.725815
     0.999993     -0.001044    0.00356298      0.154956    0.00107239      0.999968   -0.00797582  -1.21504e-05   -0.00355454    0.00797959      0.999962       0.71477
     0.999993   -0.00112964    0.00342877      0.164289    0.00115547      0.999971   -0.00754091    -0.0702681   -0.00342015    0.00754482      0.999966      0.717748
     0.999992   -0.00125464    0.00370027      0.149232    0.00128056      0.999975   -0.00701053    -0.0618913   -0.00369138    0.00701521      0.999969      0.705851
     0.999992   -0.00114179    0.00393056      0.139643    0.00117109      0.999971   -0.00745959   -0.00395537   -0.00392193    0.00746413      0.999964      0.679327
     0.999993   -0.00130264    0.00353009        0.1473    0.00132878      0.999972   -0.00741353    -0.0532353   -0.00352033    0.00741817      0.999966      0.664421
     0.999994   -0.00122156    0.00321535      0.154769    0.00124316      0.999977   -0.00672427     -0.100681   -0.00320706    0.00672823      0.999972      0.655082
     0.999993   -0.00136063    0.00350199      0.151163    0.00138717       0.99997   -0.00758606      0.026241   -0.00349157    0.00759086      0.999965       0.69072
     0.999994   -0.00120187    0.00337866      0.153102    0.00122663      0.999972   -0.00733487    -0.0762336   -0.00336975    0.00733897      0.999967      0.667077
     0.999994   -0.00106652    0.00332319      0.161846    0.00109026      0.999974   -0.00714997    -0.0480519   -0.00331548    0.00715355      0.999969      0.659566
     0.999993   -0.00107541    0.00345614      0.160211    0.00110139      0.999971   -0.00752395     -0.025254   -0.00344795    0.00752771      0.999966      0.681095
     0.999993  -0.000936797     0.0036333      0.164035   0.000963785      0.999972   -0.00743312    -0.0724365   -0.00362624    0.00743657      0.999966      0.659456
     0.999993   -0.00111149    0.00350556      0.162673    0.00113609      0.999975   -0.00702366     -0.065533   -0.00349767    0.00702759      0.999969      0.645441
     0.999993   -0.00100713     0.0036335      0.145626    0.00103609      0.999968   -0.00797488    0.00898476   -0.00362535    0.00797859      0.999962      0.653445
     0.999993   -0.00101742    0.00370837       0.16037    0.00104255      0.999976   -0.00678026     -0.117712   -0.00370138    0.00678407       0.99997      0.646297
     0.999993   -0.00117599    0.00348135      0.156431    0.00120175      0.999972    -0.0074079    -0.0273235   -0.00347254    0.00741204      0.999967      0.665281
     0.999993  -0.000973413    0.00369224      0.151877    0.00100334      0.999967   -0.00811083    0.00721401   -0.00368422    0.00811448       0.99996      0.689603
     0.999993   -0.00102188    0.00367702      0.150342    0.00104915      0.999972   -0.00742053     -0.105324   -0.00366933    0.00742434      0.999966      0.673131
     0.999993  -0.000892149    0.00362022      0.163864   0.000918009      0.999974   -0.00714789    -0.0584043   -0.00361375    0.00715117      0.999968      0.675375
     0.999993  -0.000884771     0.0036419      0.161016   0.000912295      0.999971   -0.00756278    -0.0241299    -0.0036351    0.00756605      0.999965      0.676893
     0.999993  -0.000883327    0.00376609      0.155381   0.000911658      0.999971   -0.00752759    -0.0992819   -0.00375933    0.00753097      0.999965      0.642515
     0.999993  -0.000969799    0.00362557      0.160437   0.000995736      0.999974   -0.00715905     -0.037509   -0.00361853    0.00716261      0.999968       0.67246
     0.999992   -0.00105738    0.00376478      0.147018    0.00108565      0.999971    -0.0075164   -0.00280435   -0.00375672    0.00752043      0.999965       0.68409
     0.999993  -0.000842388    0.00372145      0.149253   0.000868905      0.999974   -0.00712972     -0.107075   -0.00371535     0.0071329      0.999968      0.642534
     0.999992  -0.000927455    0.00384825      0.161238   0.000955117      0.999974   -0.00719269    -0.0169059   -0.00384148    0.00719631      0.999967      0.663588
     0.999993   -0.00100628    0.00373942       0.14783    0.00103428      0.999971   -0.00749264    -0.0532574   -0.00373177    0.00749645      0.999965      0.615513
     0.999992  -0.000903826     0.0038149      0.160064   0.000929832      0.999976   -0.00682059     -0.102237   -0.00380865    0.00682408      0.999969      0.624465
     0.999993  -0.000753637    0.00368624        0.1558   0.000782038       0.99997   -0.00770917    0.00940446   -0.00368032      0.007712      0.999963      0.641074
     0.999993  -0.000729476    0.00373728      0.175678   0.000755881      0.999975   -0.00706867     -0.114677   -0.00373203    0.00707145      0.999968      0.632278
      0.99999   -0.00133046    0.00420336      0.164926    0.00136035      0.999974   -0.00711596    -0.0510747   -0.00419378    0.00712161      0.999966      0.637755
     0.999992  -0.000830962    0.00383153      0.119941   0.000858929      0.999973    -0.0073035    -0.0188304   -0.00382536    0.00730674      0.999966       0.62858
     0.999993  -0.000564139    0.00358641      0.170595   0.000589068      0.999976   -0.00695377       -0.1075    -0.0035824    0.00695584      0.999969      0.611151
     0.999994   -0.00053401    0.00344435      0.191069   0.000558862      0.999974   -0.00721839    0.00733784    -0.0034404    0.00722027      0.999968      0.660766
     0.999993  -0.000587843    0.00372234      0.174686   0.000613517      0.999976   -0.00690004     -0.101801    -0.0037182    0.00690227      0.999969      0.644326
     0.999993  -0.000532924    0.00379666      0.174372   0.000557729      0.999978   -0.00653528    -0.0675341    -0.0037931    0.00653735      0.999971      0.641705
     0.999993  -0.000619481    0.00367402      0.173738   0.000645265      0.999975   -0.00702092    -0.0358511   -0.00366958    0.00702324      0.999969      0.667831
     0.999993  -0.000723713    0.00361671      0.182569   0.000746437       0.99998   -0.00628566     -0.114735   -0.00361209    0.00628832      0.999974      0.627474
     0.999994  -0.000641382    0.00349176      0.178598   0.000663778      0.999979   -0.00641662    -0.0835746   -0.00348757     0.0064189      0.999973      0.641984
     0.999993  -0.000707347    0.00362013      0.176384   0.000732801      0.999975   -0.00703466    -0.0412955   -0.00361506    0.00703726      0.999969      0.674109
     0.999993  -0.000531166     0.0036705      0.167482   0.000554777      0.999979   -0.00643462    -0.0977469     -0.003667    0.00643661      0.999973      0.647755
     0.999994   -0.00050521    0.00334611      0.180715   0.000528567      0.999975   -0.00698305    -0.0687902    -0.0033425    0.00698478       0.99997      0.657236
     0.999993  -0.000367805    0.00370188       0.18072   0.000393732      0.999975   -0.00700545    -0.0284154   -0.00369921    0.00700686      0.999969      0.642465
     0.999993  -0.000213119    0.00359964      0.194809   0.000235512      0.999981   -0.00622173     -0.149169   -0.00359824    0.00622254      0.999974      0.647426
     0.999994  -0.000222615    0.00357193       0.20557    0.00024501       0.99998   -0.00627052    -0.0257979   -0.00357047    0.00627135      0.999974      0.618284
     0.999994  -0.000110156    0.00348024      0.201494   0.000130038      0.999984   -0.00571312     -0.163385   -0.00347956    0.00571354      0.999978      0.602793
     0.999993  -0.000361704    0.00384183      0.215152   0.000384754      0.999982    -0.0060005   -0.00934621   -0.00383959    0.00600193      0.999975      0.581631
     0.999994  -0.000233118    0.00357632      0.167778   0.000253344      0.999984   -0.00565614     -0.147801   -0.00357494    0.00565701      0.999978      0.582181
     0.999994  -0.000172846    0.00333672      0.219458   0.000190703      0.999986   -0.00535201    -0.0972191   -0.00333575    0.00535262       0.99998      0.599165
     0.999995    0.00034488    0.00319725      0.230171   -0.00032711      0.999985   -0.00555675    -0.0972923   -0.00319912    0.00555568      0.999979      0.560792
     0.999995   0.000255262    0.00324321      0.231932  -0.000238638      0.999987   -0.00512531     -0.171914   -0.00324448    0.00512451      0.999982      0.587436
     0.999994  -0.000198503    0.00331383      0.213144   0.000215275      0.999987   -0.00506163    -0.0998269   -0.00331278    0.00506232      0.999982      0.556404
     0.999994  -1.56933e-05     0.0034048       0.18974   3.14437e-05      0.999989   -0.00462593     -0.170222   -0.00340469    0.00462601      0.999984      0.527947
     0.999994  -0.000133772    0.00348846      0.209237   0.000150436      0.999989   -0.00477705     -0.112741   -0.00348778    0.00477755      0.999983      0.547153
     0.999994  -6.87282e-05    0.00354797       0.20137    8.3204e-05      0.999992   -0.00408005      -0.17229   -0.00354766    0.00408032      0.999985      0.501769
     0.999994  -0.000335559    0.00345897      0.205327   0.000348788      0.999993   -0.00382489     -0.180811   -0.00345766    0.00382607      0.999987      0.469784
     0.999993   -0.00198545    0.00306416      0.149075    0.00201026      0.999965   -0.00811704   -0.00413952   -0.00304794    0.00812315      0.999962      0.856345
     0.999993    -0.0019851    0.00317778      0.140544    0.00201008      0.999967   -0.00787711    -0.0453702   -0.00316204    0.00788344      0.999964      0.786524
     0.999993   -0.00183089    0.00312888      0.138528    0.00185359      0.999972   -0.00726854    -0.0791871   -0.00311548    0.00727429      0.999969      0.780221
     0.999993   -0.00188785    0.00307853      0.158591    0.00191206      0.999967   -0.00788087  -0.000177177   -0.00306355     0.0078867      0.999964      0.793976
     0.999994   -0.00176711    0.00307915      0.152956    0.00179179      0.999966   -0.00803163    -0.0234929   -0.00306485    0.00803709      0.999963      0.808576
     0.999993   -0.00160609    0.00341099      0.137932    0.00163272      0.999968    -0.0078197    -0.0333135   -0.00339833    0.00782521      0.999964       0.81284
     0.999993   -0.00144502    0.00336798       0.15665    0.00147159      0.999968   -0.00790071     -0.030619   -0.00335646    0.00790561      0.999963      0.816647
     0.999994    -0.0014606    0.00301569      0.165528    0.00148479      0.999967   -0.00803504     0.0106817   -0.00300386    0.00803947      0.999963      0.799881
     0.999994   -0.00158467    0.00322824      0.173116    0.00160813      0.999972   -0.00727715    -0.0842659   -0.00321662     0.0072823      0.999968      0.785195
     0.999994   -0.00173959    0.00311779      0.151878    0.00176189      0.999973   -0.00716452    -0.0587957   -0.00310524    0.00716997      0.999969      0.801874
     0.999994   -0.00171504    0.00306359      0.152075    0.00173925      0.999967   -0.00791769   -0.00532131   -0.00304991    0.00792297      0.999964      0.798249
