# 3dvolreg matrices (DICOM-to-DICOM, row-by-row):
            1  -0.000521313  -6.26715e-05    -0.0193329   0.000521343             1   0.000488426   -0.00431705   6.24169e-05  -0.000488458             1   -0.00839538
            1  -0.000402028   0.000117213    -0.0277686   0.000402073             1  -0.000381899     0.0978529  -0.000117059   0.000381946             1     0.0319869
            1   2.91633e-10  -5.48063e-11  -1.12652e-08  -2.91633e-10             1  -1.35287e-10   9.18723e-10   5.48063e-11   1.35287e-10             1  -5.86113e-09
            1  -5.11641e-05  -3.81578e-05   -0.00421956   5.11715e-05             1   0.000193808    0.00622481   3.81478e-05   -0.00019381             1     0.0240242
            1  -0.000333714   0.000286793    -0.0127871   0.000333809             1  -0.000328822     0.0648714  -0.000286684   0.000328918             1     0.0624202
            1  -0.000403784   0.000107316    -0.0244087   0.000403846             1  -0.000575713     0.0311444  -0.000107084   0.000575756             1     0.0541812
            1  -0.000390979   0.000137571     -0.024139   0.000391037             1  -0.000425602      0.033565  -0.000137405   0.000425656             1     0.0739298
            1  -0.000744814   0.000339186    -0.0250255   0.000744957             1  -0.000422558     0.0640293  -0.000338871    0.00042281             1       0.11888
            1  -0.000493229   0.000411849    -0.0461311   0.000493622      0.999999  -0.000953858      0.100993  -0.000411379   0.000954061      0.999999      0.145922
            1  -0.000493782   0.000460062    -0.0343591    0.00049394             1  -0.000343634     0.0513055  -0.000459892   0.000343861             1      0.141513
            1  -0.000518827   0.000536303    -0.0381507   0.000519052             1  -0.000419596     0.0568177  -0.000536085   0.000419874             1      0.170341
            1  -0.000671988   0.000550758    -0.0459241    0.00067236             1  -0.000675382     0.0741804  -0.000550303   0.000675752             1      0.187241
     0.999999  -0.000687874   0.000896463    -0.0570988   0.000687721             1   0.000171698     0.0500142  -0.000896581  -0.000171081             1      0.220336
            1  -0.000494492   0.000737991    -0.0539989   0.000494232             1   0.000353353    0.00973368  -0.000738165  -0.000352988             1      0.232023
     0.999999  -0.000410066    0.00110769    -0.0550814   0.000410271             1  -0.000184809     0.0469455   -0.00110761   0.000185263      0.999999      0.253788
     0.999999  -0.000402448   0.000926303    -0.0536733   0.000402234             1   0.000231477     0.0294874  -0.000926396  -0.000231104             1      0.245883
     0.999999  -0.000152418    0.00105839    -0.0550233   0.000152433             1  -1.38658e-05     0.0340584   -0.00105838   1.40271e-05      0.999999      0.242435
     0.999999  -0.000289752    0.00109548    -0.0420239   0.000289453             1    0.00027242     0.0254824   -0.00109556  -0.000272102      0.999999      0.263143
            1   1.65217e-05   0.000950374    -0.0449606   -1.6162e-05             1   -0.00037852     0.0347179   -0.00095038   0.000378504      0.999999      0.277407
     0.999999  -0.000194364    0.00151642    -0.0610217    0.00019491             1   -0.00036013     0.0864139   -0.00151635   0.000360426      0.999999      0.258968
     0.999999  -0.000226178    0.00123764     -0.058827   0.000226046             1   0.000107189    -0.0357892   -0.00123766  -0.000106909      0.999999      0.227691
     0.999999  -0.000377143    0.00130878    -0.0463044   0.000377282             1  -0.000106256     0.0635177   -0.00130874    0.00010675      0.999999      0.236313
     0.999999  -6.37022e-05    0.00126636    -0.0683979   6.34598e-05             1   0.000191492     0.0177676   -0.00126638  -0.000191411      0.999999      0.228737
            1  -0.000224549   0.000808377    -0.0574352   0.000224553             1  -5.23626e-06     0.0918075  -0.000808375   5.41778e-06             1      0.194538
            1  -0.000348567   0.000853737    -0.0455341   0.000348593             1   -3.1033e-05    -0.0175587  -0.000853726   3.13306e-05             1      0.188907
            1  -0.000417973    0.00080802     -0.044456   0.000418162             1  -0.000234013     0.0509677  -0.000807922   0.000234351             1      0.224622
     0.999999  -0.000445101    0.00110829    -0.0527877   0.000445958             1  -0.000773206       0.11083   -0.00110795     0.0007737      0.999999      0.240092
     0.999999  -0.000492511     0.0013153    -0.0764818   0.000492425             1   6.55928e-05     -0.012881   -0.00131533  -6.49451e-05      0.999999      0.237017
     0.999999  -0.000221987    0.00114243    -0.0562344   0.000221034             1    0.00083432     0.0102246   -0.00114262  -0.000834067      0.999999      0.249356
     0.999999   0.000125769    0.00105017    -0.0604117  -0.000126002             1   0.000221552     0.0344779   -0.00105015  -0.000221684      0.999999      0.230454
            1   0.000451754   0.000644715    -0.0261293  -0.000452377      0.999999   0.000966477     0.0135642  -0.000644278  -0.000966769      0.999999      0.189467
            1   0.000218411   0.000677106   -0.00812469  -0.000219376      0.999999    0.00142612    -0.0619477  -0.000676794   -0.00142627      0.999999      0.211749
            1   0.000293932    0.00072902     -0.022974   -0.00029441             1   0.000656275     0.0614997  -0.000728827   -0.00065649             1      0.237594
            1   0.000311927   0.000755497    -0.0186613  -0.000312511             1    0.00077311     -0.013119  -0.000755256  -0.000773345      0.999999      0.214593
            1   0.000196212   0.000679592    -0.0186768  -0.000196835             1   0.000917086    -0.0241894  -0.000679412  -0.000917219      0.999999      0.206068
            1   0.000358973   0.000609786    -0.0234176  -0.000359325             1   0.000577691     0.0269973  -0.000609578   -0.00057791             1      0.220409
            1   0.000516552   0.000528252    -0.0087811  -0.000516989             1   0.000827637   -0.00908983  -0.000527824   -0.00082791             1        0.1949
            1   0.000437577   0.000603704    0.00102451  -0.000437937             1   0.000596332     0.0441691  -0.000603443  -0.000596596             1      0.211843
            1   0.000360233   0.000465294    -0.0238057  -0.000360346             1   0.000242618       0.03054  -0.000465206  -0.000242786             1      0.244591
     0.999999    0.00122542  -3.74001e-05     0.0223043   -0.00122543      0.999999  -9.65259e-05     0.0881565   3.72818e-05   9.65716e-05             1      0.269656
     0.999999    0.00140666  -0.000149084     0.0578095   -0.00140668      0.999999   -0.00017833     0.0232276   0.000148833    0.00017854             1       0.27484
     0.999999    0.00141451  -0.000429512      0.054742   -0.00141427      0.999999   0.000568781     0.0548676   0.000430316  -0.000568173             1      0.302983
     0.999998    0.00198813  -0.000670719     0.0713293   -0.00198765      0.999998   0.000721086     0.0421317   0.000672151  -0.000719751             1      0.247926
     0.999997    0.00236584   -0.00107404      0.115153    -0.0023654      0.999997   0.000410614   -0.00968694    0.00107501  -0.000408072      0.999999      0.244064
     0.999998   -0.00165399   0.000890218    -0.0825095    0.00165295      0.999998    0.00116387     0.0144959  -0.000892141    -0.0011624      0.999999    -0.0531975
     0.999998   -0.00178091    0.00119474     -0.106189    0.00178004      0.999998   0.000729379    0.00045924   -0.00119604  -0.000727251      0.999999   -0.00852693
     0.999998   -0.00169182   0.000606887    -0.0857468     0.0016917      0.999999   0.000188884    -0.0417815  -0.000607205  -0.000187858             1    -0.0270352
     0.999998   -0.00186147   0.000906998     -0.100033    0.00186097      0.999998    0.00054808   0.000139972  -0.000908017  -0.000546391      0.999999   -0.00503234
     0.999998   -0.00177075   0.000711886    -0.0935746    0.00177043      0.999998   0.000456304   -0.00237784  -0.000712693  -0.000455043             1    -0.0172941
     0.999998   -0.00174606   0.000617251    -0.0892731    0.00174552      0.999998   0.000878103    -0.0350787  -0.000618783  -0.000877024      0.999999    -0.0168164
     0.999998    -0.0018253   0.000837174    -0.0923175    0.00182439      0.999998    0.00108812    -0.0245868  -0.000839158   -0.00108659      0.999999   -0.00363809
     0.999998   -0.00198173   0.000997664     -0.120547     0.0019812      0.999998   0.000529377     0.0290865  -0.000998711  -0.000527399      0.999999    -0.0196648
     0.999997   -0.00213545   0.000862076    -0.0970906     0.0021344      0.999997    0.00121541    -0.0632732  -0.000864669   -0.00121357      0.999999     -0.055309
     0.999998   -0.00185582   0.000703465     -0.101067    0.00185537      0.999998   0.000637384     0.0484059  -0.000704647  -0.000636078             1    0.00293842
     0.999998   -0.00164528   0.000857905    -0.0926227    0.00164514      0.999999   0.000162612    0.00843232  -0.000858171    -0.0001612             1     0.0183908
     0.999998   -0.00175733   0.000876984    -0.0928706    0.00175668      0.999998   0.000741191    0.00547689  -0.000878285  -0.000739649      0.999999     0.0399978
     0.999999   -0.00154862   0.000668634    -0.0893891    0.00154811      0.999999   0.000772408    -0.0201481   -0.00066983  -0.000771372      0.999999     0.0401565
     0.999999   -0.00120958   0.000787945    -0.0858193    0.00120982      0.999999  -0.000294627     0.0645784  -0.000787588   0.000295579             1     0.0773308
     0.999999    -0.0013479   0.000694149    -0.0853471    0.00134793      0.999999  -3.14124e-05     0.0179533  -0.000694106    3.2348e-05             1     0.0734116
     0.999999   -0.00143981   0.000568834    -0.0731192    0.00143961      0.999999   0.000363014    -0.0240487  -0.000569356  -0.000362195             1     0.0651829
     0.999999   -0.00138447   0.000638954    -0.0798107    0.00138449      0.999999  -3.11029e-05     0.0443397  -0.000638911   3.19875e-05             1     0.0988591
     0.999999   -0.00134521   0.000555475    -0.0687976    0.00134479      0.999999    0.00075805    -0.0341933  -0.000556494  -0.000757302             1     0.0946788
     0.999999   -0.00147537   0.000572727    -0.0822537    0.00147549      0.999999  -0.000209201   0.000307302  -0.000572417   0.000210046             1     0.0871912
     0.999999   -0.00139252   0.000639088    -0.0784236    0.00139294      0.999999  -0.000649123     0.0773898  -0.000638184   0.000650013             1     0.0864055
     0.999999   -0.00129332   0.000407854    -0.0617068    0.00129349      0.999999  -0.000404728    -0.0112598   -0.00040733   0.000405255             1     0.0659009
     0.999998   -0.00175267   0.000438807    -0.0886079    0.00175296      0.999998  -0.000649793   -0.00356562  -0.000437667   0.000650561             1     0.0136526
     0.999998   -0.00170187   0.000663378    -0.0799442    0.00170214      0.999998  -0.000404831      0.101077  -0.000662688   0.000405959             1    -0.0104088
     0.999999   -0.00133973   0.000653422    -0.0744734    0.00133987      0.999999  -0.000204266    -0.0177267  -0.000653147   0.000205142             1    0.00236197
     0.999999   -0.00152484     0.0004568    -0.0699804    0.00152519      0.999999  -0.000758612     0.0693668  -0.000455642   0.000759308             1     0.0317375
     0.999999   -0.00146973   0.000611084    -0.0766759    0.00147016      0.999999  -0.000692957     0.0650818  -0.000610065   0.000693855             1     0.0668922
     0.999999   -0.00132978   0.000362169    -0.0771424    0.00133003      0.999999  -0.000675294     0.0553136  -0.000361271   0.000675775             1     0.0573108
     0.999999   -0.00127672   0.000694213    -0.0827683    0.00127689      0.999999  -0.000245445  -0.000811029  -0.000693899   0.000246331             1     0.0637603
     0.999999   -0.00119127   0.000403481    -0.0640234    0.00119122      0.999999    0.00011744    0.00460089  -0.000403621   -0.00011696             1     0.0578219
     0.999999   -0.00125109   0.000247197     -0.053303    0.00125115      0.999999  -0.000235928     0.0475808  -0.000246901   0.000236237             1      0.106409
     0.999999   -0.00114563   0.000134463    -0.0583644    0.00114568      0.999999  -0.000371439     0.0497685  -0.000134037   0.000371592             1     0.0965953
     0.999999   -0.00135444   4.45178e-05    -0.0561061    0.00135448      0.999999   -0.00089225     0.0250223  -4.33093e-05   0.000892309             1     0.0754331
     0.999999   -0.00126907   0.000378696    -0.0614927    0.00126931      0.999999  -0.000651949     0.0289084  -0.000377869   0.000652429             1     0.0732457
     0.999999   -0.00145463    0.00029178    -0.0648415    0.00145491      0.999998  -0.000964154     0.0982778  -0.000290377   0.000964578      0.999999     0.0689028
     0.999999   -0.00139938    0.00019416    -0.0585592    0.00139954      0.999999  -0.000835242    0.00570634  -0.000192991   0.000835513             1     0.0533932
     0.999999   -0.00133292   0.000186608    -0.0618629      0.001333      0.999999  -0.000437631     0.0430601  -0.000186024    0.00043788             1     0.0699696
     0.999999   -0.00116222   0.000302487    -0.0619406    0.00116249      0.999999  -0.000898088     0.0853988  -0.000301443   0.000898439             1     0.0895773
     0.999999   -0.00116322   0.000410101    -0.0563291    0.00116355      0.999999  -0.000796422      0.033662  -0.000409175   0.000796899             1     0.0817577
     0.999999   -0.00127352   0.000286337    -0.0759647    0.00127369      0.999999  -0.000587555      0.046475  -0.000285588   0.000587919             1      0.077528
     0.999999   -0.00119929   0.000603489    -0.0573684    0.00119978      0.999999  -0.000813855     0.0903966  -0.000602513   0.000814579      0.999999      0.108719
     0.999999   -0.00146565   0.000173403    -0.0588975    0.00146572      0.999999  -0.000436907     0.0405116  -0.000172762    0.00043716             1     0.0820999
     0.999999   -0.00132577   0.000414939     -0.061317      0.001326      0.999999  -0.000555731     0.0544089  -0.000414202   0.000556281             1     0.0932547
     0.999999   -0.00127125    0.00051288    -0.0748557    0.00127184      0.999999   -0.00114193     0.0849244  -0.000511428    0.00114258      0.999999      0.103227
     0.999999   -0.00110763    0.00048297    -0.0685335    0.00110805      0.999999  -0.000883154     0.0331343  -0.000481991   0.000883688      0.999999      0.102166
     0.999999   -0.00106265   0.000127644    -0.0492216    0.00106282      0.999998   -0.00137928     0.0806557  -0.000126179    0.00137942      0.999999      0.132842
            1  -0.000889518   0.000254871    -0.0614687   0.000889915      0.999998   -0.00156103      0.107733  -0.000253482    0.00156126      0.999999      0.164176
     0.999999   -0.00117941   0.000158882    -0.0556015    0.00117963      0.999998   -0.00141547     0.0149439  -0.000157212    0.00141566      0.999999         0.154
     0.999999   -0.00123486    4.3513e-05    -0.0491104    0.00123493      0.999998   -0.00171948      0.123868  -4.13896e-05    0.00171953      0.999999      0.174584
     0.999999   -0.00106124   0.000366017    -0.0519476    0.00106186      0.999998   -0.00171576     0.0499982  -0.000364195    0.00171614      0.999998      0.143571
     0.999999   -0.00117144   0.000561985    -0.0605244    0.00117199      0.999999  -0.000992617     0.0198441  -0.000560822   0.000993275      0.999999      0.111254
     0.999999   -0.00131729   0.000251707    -0.0701295    0.00131751      0.999999  -0.000880449     0.0979881  -0.000250547    0.00088078             1      0.149503
     0.999999   -0.00124481   0.000744561    -0.0671017    0.00124554      0.999999  -0.000971305     0.0859294  -0.000743351   0.000972232      0.999999      0.126903
     0.999999   -0.00123429    0.00036297    -0.0634211    0.00123462      0.999999  -0.000913323     0.0317645  -0.000361842    0.00091377             1       0.11104
     0.999999   -0.00123654   0.000209681    -0.0544318    0.00123682      0.999998   -0.00135622       0.11096  -0.000208004    0.00135648      0.999999      0.151735
     0.999999   -0.00114725   0.000363463    -0.0549311    0.00114762      0.999999   -0.00100048     0.0889454  -0.000362315     0.0010009      0.999999      0.166367
     0.999999   -0.00114393   0.000401411     -0.043119    0.00114437      0.999999    -0.0010889     0.0347859  -0.000400165    0.00108936      0.999999      0.141318
     0.999999   -0.00097207   0.000375367    -0.0691193   0.000972545      0.999999   -0.00126692     0.0601251  -0.000374135    0.00126728      0.999999      0.171321
     0.999999   -0.00108125    0.00065007    -0.0668822    0.00108234      0.999998   -0.00168118       0.13014  -0.000648251    0.00168188      0.999998       0.21306
     0.999999   -0.00127751   0.000205757     -0.060716    0.00127787      0.999998   -0.00174987     0.0405264  -0.000203521    0.00175013      0.999998      0.188454
     0.999999   -0.00134265   0.000697043    -0.0643773    0.00134366      0.999998   -0.00145175     0.0888527  -0.000695092    0.00145268      0.999999      0.217854
     0.999999   -0.00147645   0.000747454    -0.0937795    0.00147779      0.999997   -0.00179993     0.0898904  -0.000744795    0.00180103      0.999998      0.198399
     0.999998   -0.00186117    0.00086041    -0.0983978    0.00186241      0.999997   -0.00144901     0.0219519  -0.000857711    0.00145061      0.999999      0.188173
     0.999997   -0.00199582    0.00137064     -0.121463    0.00199784      0.999997   -0.00147229     0.0920329    -0.0013677    0.00147502      0.999998      0.202401
     0.999997   -0.00197267    0.00126265     -0.123881     0.0019748      0.999997   -0.00168809     0.0863844   -0.00125931    0.00169058      0.999998      0.193247
     0.999996   -0.00225167    0.00139253     -0.136969    0.00225375      0.999996   -0.00150021     0.0629305   -0.00138915    0.00150335      0.999998      0.199258
     0.999997   -0.00215187     0.0013802     -0.142735    0.00215415      0.999996   -0.00165251       0.13923   -0.00137664    0.00165548      0.999998      0.199129
     0.999997   -0.00214814    0.00115501     -0.119785    0.00215079      0.999995   -0.00230105     0.0839434   -0.00115006    0.00230353      0.999997      0.212009
     0.999997   -0.00212179    0.00122813     -0.127239    0.00212386      0.999996   -0.00168864     0.0809339   -0.00122454    0.00169124      0.999998      0.210074
     0.999997   -0.00221485     0.0012439     -0.138821    0.00221753      0.999995   -0.00216022      0.138079   -0.00123911    0.00216297      0.999997      0.232548
     0.999997    -0.0020316    0.00158281     -0.153592    0.00203447      0.999996   -0.00181382     0.0697121   -0.00157912    0.00181704      0.999997       0.23616
     0.999997   -0.00200053    0.00111734     -0.119848    0.00200217      0.999997   -0.00146544         0.058    -0.0011144    0.00146767      0.999998      0.190231
     0.999997   -0.00201438    0.00106647     -0.117862    0.00201572      0.999997    -0.0012586     0.0672306   -0.00106393    0.00126075      0.999999      0.229879
     0.999997   -0.00223505    0.00119973     -0.131283    0.00223737      0.999996   -0.00193269      0.108868    -0.0011954    0.00193536      0.999997      0.243397
     0.999996   -0.00237478    0.00129299     -0.127608    0.00237757      0.999995    -0.0021616     0.0633247   -0.00128785    0.00216467      0.999997      0.218679
     0.999996   -0.00249116     0.0013529     -0.146037    0.00249356      0.999995   -0.00177349     0.0912422   -0.00134847    0.00177686      0.999998      0.233559
     0.999996   -0.00227291    0.00144795     -0.146507    0.00227597      0.999995   -0.00211929     0.0995936   -0.00144312    0.00212257      0.999997      0.228993
     0.999995   -0.00259437    0.00151977     -0.151341    0.00259726      0.999995   -0.00190093     0.0407752   -0.00151483    0.00190487      0.999997      0.193172
     0.999995    -0.0027586    0.00141042      -0.16664    0.00276089      0.999995   -0.00162517     0.0733538   -0.00140593    0.00162906      0.999998      0.197286
     0.999996   -0.00248543    0.00152527     -0.149589    0.00248824      0.999995   -0.00184127      0.121984   -0.00152069    0.00184506      0.999997       0.20813
     0.999996   -0.00235171    0.00129443     -0.131697    0.00235419      0.999995   -0.00192493     0.0503791    -0.0012899    0.00192797      0.999997      0.196898
     0.999996   -0.00248233    0.00137127     -0.149024    0.00248542      0.999994   -0.00225603      0.128112   -0.00136567    0.00225943      0.999997      0.241409
     0.999996    -0.0024527    0.00123204     -0.136238    0.00245646      0.999992   -0.00305751      0.181985   -0.00122453    0.00306052      0.999995       0.25039
            1    3.5896e-05  -0.000233479    -0.0101761  -3.55487e-05      0.999999    0.00148707    -0.0510167   0.000233532   -0.00148706      0.999999    -0.0732367
            1   0.000153848  -2.32752e-05      0.015511  -0.000153822      0.999999    0.00111463    0.00653154   2.34467e-05   -0.00111463      0.999999    -0.0155814
            1  -4.11421e-05  -0.000203017   -0.00382927   4.14676e-05      0.999999    0.00160337    -0.0238442   0.000202951   -0.00160338      0.999999    0.00439039
            1  -0.000402033  -0.000267377   -0.00490352   0.000402266             1   0.000872253    -0.0449919   0.000267027  -0.000872361             1    -0.0139114
            1  -0.000486483  -4.51146e-05    -0.0187395   0.000486527      0.999999   0.000986824    -0.0161993   4.46345e-05  -0.000986846             1     0.0261468
            1   -0.00057661  -0.000135033    -0.0106757   0.000576725      0.999999   0.000852748     0.0440345   0.000134541  -0.000852825             1     0.0217883
            1  -0.000600184  -0.000329462    -0.0172211   0.000600652      0.999999    0.00142448     -0.106362   0.000328607   -0.00142468      0.999999    -0.0127817
            1  -0.000614119   -7.3788e-05    -0.0275536   0.000614169             1   0.000690699     0.0654823   7.33638e-05  -0.000690745             1     0.0215167
            1  -0.000779735  -8.54288e-05    -0.0226367   0.000779824      0.999999    0.00104619     -0.113989   8.46129e-05   -0.00104626      0.999999    -0.0182966
            1  -0.000772896   0.000228352    -0.0426336   0.000772787             1    0.00047576     0.0497457   -0.00022872  -0.000475583             1   0.000188864
     0.999999   -0.00156015   0.000365832    -0.0510382    0.00155947      0.999997    0.00185987     -0.120228  -0.000368733    -0.0018593      0.999998    -0.0643657
     0.999998   -0.00186359   0.000249522    -0.0864975    0.00186319      0.999997    0.00159634    -0.0363858  -0.000252496   -0.00159587      0.999999     -0.083428
     0.999999   -0.00146199  -2.30156e-06    -0.0607249    0.00146199      0.999998    0.00128215    0.00339422   4.27071e-07   -0.00128215      0.999999    -0.0209311
     0.999999   -0.00100294   8.80062e-05    -0.0303397    0.00100285      0.999999    0.00110963    -0.0291359   -8.9119e-05   -0.00110954      0.999999    -0.0585146
            1  -0.000896492   0.000159159    -0.0459326    0.00089628      0.999999    0.00132757    -0.0463711  -0.000160349   -0.00132743      0.999999    -0.0480534
            1  -0.000927597   0.000100569    -0.0417111   0.000927417      0.999998    0.00177094    -0.0111545  -0.000102211   -0.00177085      0.999998    -0.0186075
            1  -0.000548949  -5.66178e-05    -0.0245131   0.000549027      0.999999    0.00137819    -0.0293808   5.58612e-05   -0.00137822      0.999999    -0.0229414
     0.999999   -0.00128783   0.000257554    -0.0246288    0.00128756      0.999999    0.00102302    -0.0236294  -0.000258871   -0.00102269      0.999999   -0.00917993
     0.999999   -0.00165571   0.000384592    -0.0806331    0.00165527      0.999998    0.00113947    -0.0659227  -0.000386478   -0.00113883      0.999999    -0.0127795
     0.999999   -0.00129534   1.20144e-05    -0.0727749    0.00129532      0.999998    0.00163754    -0.0353559  -1.41356e-05   -0.00163752      0.999999    -0.0150767
     0.999999   -0.00154462   0.000187813    -0.0568407    0.00154444      0.999998   0.000913285      0.035415  -0.000189224  -0.000912994             1    -0.0134411
     0.999999   -0.00166854   5.34168e-05    -0.0636317    0.00166847      0.999998    0.00120604    -0.0985036   -5.5429e-05   -0.00120595      0.999999     -0.032826
     0.999999   -0.00156381   0.000278729    -0.0805177    0.00156362      0.999999   0.000678732     0.0369346   -0.00027979  -0.000678295             1    0.00417891
     0.999998   -0.00169058   0.000498162    -0.0795137    0.00169021      0.999998   0.000730487    -0.0540267  -0.000499396  -0.000729644             1    -0.0288782
     0.999997   -0.00206823    0.00090765    -0.0963253    0.00206698      0.999997    0.00137832    -0.0611113  -0.000910498   -0.00137644      0.999999     -0.077962
     0.999997   -0.00213412   0.000693938     -0.114106     0.0021331      0.999997    0.00146365    -0.0180277  -0.000697059   -0.00146216      0.999999    -0.0652853
     0.999997   -0.00243615   0.000434739    -0.0948821    0.00243568      0.999996    0.00108524   -0.00848679  -0.000437381   -0.00108418      0.999999    -0.0748461
     0.999997   -0.00243443   0.000471554      -0.11175    0.00243419      0.999997    0.00050407    -0.0198142  -0.000472779   -0.00050292             1    -0.0541793
     0.999996    -0.0026098   0.000469956     -0.116314    0.00260946      0.999996   0.000718146    -0.0340397  -0.000471828  -0.000716917             1    -0.0409057
     0.999997   -0.00244552   0.000528016     -0.115811    0.00244537      0.999997   0.000289069     0.0240676  -0.000528721  -0.000287777             1    -0.0479836
     0.999997    -0.0022386   0.000472554    -0.0928212    0.00223822      0.999997   0.000799438     -0.031971  -0.000474342  -0.000798379             1     -0.041033
     0.999998   -0.00207847   0.000542552    -0.0984653    0.00207778      0.999997    0.00126875     0.0271763  -0.000545187   -0.00126762      0.999999   -0.00552744
     0.999998   -0.00177848    0.00082143    -0.0982596    0.00177743      0.999998    0.00127013    -0.0321743  -0.000823687   -0.00126867      0.999999   -0.00765941
     0.999997   -0.00224477    0.00105015     -0.118027    0.00224424      0.999997   0.000497886    -0.0700346   -0.00105126  -0.000495527      0.999999    -0.0334409
     0.999997   -0.00238226    0.00101469     -0.119801      0.002381      0.999996    0.00124716    -0.0417251   -0.00101766   -0.00124474      0.999999     -0.032181
     0.999997    -0.0022521    0.00124314     -0.145031    0.00225092      0.999997   0.000952104    0.00856241   -0.00124528  -0.000949303      0.999999    -0.0115226
     0.999997   -0.00224214   0.000995659     -0.118466    0.00224141      0.999997   0.000734543    -0.0821408  -0.000997304  -0.000732309      0.999999    -0.0193568
     0.999997    -0.0019306    0.00144193      -0.13441     0.0019293      0.999998   0.000905637     0.0214902   -0.00144367  -0.000902853      0.999999    -0.0320886
     0.999996   -0.00214297    0.00181599      -0.14327    0.00213947      0.999996    0.00192572      -0.12646   -0.00182011   -0.00192182      0.999996     -0.106485
     0.999996    -0.0022386    0.00183362     -0.156614    0.00223643      0.999997    0.00118576     0.0128906   -0.00183627   -0.00118166      0.999998    -0.0640469
     0.999997   -0.00187146     0.0018406      -0.15024    0.00186807      0.999997    0.00184193    -0.0920179   -0.00184404   -0.00183849      0.999997     -0.111665
     0.999998   -0.00110017    0.00183176     -0.118216     0.0010962      0.999997      0.002168    -0.0981129   -0.00183414   -0.00216598      0.999996      -0.12972
     0.999998   -0.00121673    0.00184371      -0.11608    0.00121129      0.999995    0.00295275     -0.075923   -0.00184729   -0.00295051      0.999994     -0.166971
     0.999998   -0.00104836    0.00178557    -0.0971686    0.00104527      0.999998    0.00173042   -0.00468756   -0.00178738   -0.00172855      0.999997      -0.16679
     0.999997   -0.00117492    0.00213224     -0.104788    0.00117075      0.999997     0.0019561     -0.155796   -0.00213453    -0.0019536      0.999996     -0.133305
     0.999998   -0.00110423    0.00194351      -0.12848     0.0011023      0.999999   0.000989817     0.0922054    -0.0019446  -0.000987672      0.999998     -0.105238
     0.999997   -0.00123271    0.00194243     -0.102273    0.00123062      0.999999    0.00107899    -0.0676258   -0.00194376    -0.0010766      0.999998     -0.106688
     0.999998   -0.00114156    0.00153071     -0.117674    0.00113921      0.999998     0.0015399    -0.0303735   -0.00153246   -0.00153816      0.999998    -0.0984947
     0.999997   -0.00127152    0.00186997     -0.104817     0.0012698      0.999999   0.000922248     0.0183965   -0.00187114  -0.000919872      0.999998     -0.117766
     0.999997   -0.00137468    0.00200066     -0.127454    0.00137259      0.999999    0.00104463    -0.0969646   -0.00200209   -0.00104188      0.999997     -0.124799
     0.999997    -0.0015704    0.00182838     -0.133362    0.00156899      0.999998   0.000773029     0.0596967   -0.00182959  -0.000770158      0.999998    -0.0953898
     0.999996    -0.0018172    0.00228849     -0.146244    0.00181596      0.999998    0.00054475    -0.0856772   -0.00228947  -0.000540592      0.999997     -0.108316
     0.999997   -0.00167738    0.00204003      -0.14488    0.00167547      0.999998   0.000939567    -0.0296886    -0.0020416  -0.000936146      0.999997    -0.0898132
