# 3dvolreg matrices (DICOM-to-DICOM, row-by-row):
     0.999892    0.00212224    -0.0145367     -0.408861   -0.00212782      0.999998  -0.000368852      0.675541     0.0145359   0.000399744      0.999894       0.44603
      0.99989    0.00325067    -0.0145055     -0.430761   -0.00324914      0.999995   0.000128935       0.62695     0.0145059    -8.179e-05      0.999895      0.402699
     0.999888    0.00304297    -0.0146502     -0.411554   -0.00304936      0.999995  -0.000413401      0.690155     0.0146488   0.000458029      0.999893      0.389862
     0.999886    0.00338542     -0.014703     -0.417849   -0.00338652      0.999994  -4.99492e-05      0.641399     0.0147027   9.97354e-05      0.999892        0.4362
     0.999886    0.00347903    -0.0147103     -0.419092   -0.00347856      0.999994   5.74142e-05      0.662839     0.0147104  -6.23689e-06      0.999892      0.427891
     0.999886     0.0034163    -0.0146906     -0.420415   -0.00341407      0.999994   0.000176946      0.665277     0.0146911  -0.000126771      0.999892      0.459402
     0.999886    0.00318602    -0.0147908     -0.422997   -0.00318908      0.999995  -0.000183414      0.711481     0.0147901   0.000230562      0.999891      0.410542
     0.999888    0.00305176    -0.0146764     -0.426913   -0.00305044      0.999995   0.000112475      0.696078     0.0146767  -6.76928e-05      0.999892      0.459642
     0.999888     0.0031219    -0.0146276     -0.425035   -0.00312358      0.999995  -9.19163e-05      0.719377     0.0146273   0.000137597      0.999893      0.434465
     0.999887    0.00310207    -0.0147327     -0.430866   -0.00310039      0.999995   0.000136949      0.693765     0.0147331  -9.12559e-05      0.999891      0.452003
     0.999885    0.00308516    -0.0148268     -0.427307   -0.00308548      0.999995    1.3392e-06      0.717078     0.0148267   4.44087e-05       0.99989      0.433069
      0.99989    0.00313169    -0.0145103     -0.434651   -0.00312562      0.999995   0.000440958      0.682077     0.0145116  -0.000395556      0.999895      0.462442
     0.999892     0.0020733     -0.014551     -0.422585   -0.00206314      0.999998    0.00071344      0.705165     0.0145524  -0.000683342      0.999894      0.510468
     0.999896    0.00156828    -0.0143394     -0.444548   -0.00156511      0.999999     0.0002319      0.738738     0.0143397  -0.000209433      0.999897      0.634784
     0.999891    0.00188516    -0.0146096     -0.432607   -0.00189242      0.999998  -0.000483214      0.736867     0.0146087   0.000510809      0.999893      0.568895
     0.999888    0.00186972    -0.0148392     -0.432142    -0.0018748      0.999998  -0.000328599      0.733155     0.0148386   0.000356383       0.99989      0.578117
      0.99989     0.0017774    -0.0147283     -0.429449   -0.00178145      0.999998  -0.000261934      0.721039     0.0147279   0.000288143      0.999891      0.565278
     0.999893    0.00175269    -0.0144931     -0.429126   -0.00176139      0.999998  -0.000587278      0.730917      0.014492   0.000612744      0.999895      0.511106
     0.999896    0.00184761    -0.0143158     -0.427198   -0.00186015      0.999998  -0.000862131      0.687054     0.0143141    0.00088867      0.999897      0.495823
     0.999897    0.00180384    -0.0142549     -0.421562   -0.00182431      0.999997   -0.00142351      0.713146     0.0142522    0.00144937      0.999897      0.512922
       0.9999    0.00192058      -0.01401      -0.43717   -0.00194593      0.999996   -0.00179589      0.697537     0.0140065    0.00182297        0.9999      0.553882
     0.999901    0.00184036    -0.0139312     -0.423235   -0.00186784      0.999996   -0.00195974      0.775603     0.0139275    0.00198557      0.999901      0.530615
     0.999899    0.00158927    -0.0141139     -0.415879   -0.00161483      0.999997   -0.00179964      0.753382      0.014111    0.00182225      0.999899      0.542601
     0.999899    0.00154056     -0.014152      -0.40536   -0.00157987      0.999995   -0.00276645      0.757762     0.0141476    0.00278853      0.999896      0.493345
       0.9999    0.00159038    -0.0140502     -0.399158   -0.00162814      0.999995    -0.0026762      0.754147     0.0140458    0.00269881      0.999898      0.540287
     0.999902    0.00152593      -0.01392     -0.384073   -0.00156844      0.999994   -0.00304322      0.744261     0.0139152    0.00306475      0.999898      0.504623
     0.999901    0.00141293    -0.0139921     -0.378809   -0.00145999      0.999993    -0.0033534      0.800301     0.0139873     0.0033735      0.999896         0.462
     0.999903    0.00144281    -0.0138553     -0.388637   -0.00148353      0.999995   -0.00292872      0.734596      0.013851    0.00294899        0.9999      0.519597
     0.999903    0.00150386    -0.0138566     -0.374902    -0.0015448      0.999994   -0.00294447      0.783873     0.0138521    0.00296559        0.9999      0.497207
     0.999903    0.00143737    -0.0138753     -0.377105   -0.00147464      0.999995   -0.00267593      0.761654     0.0138713    0.00269613        0.9999      0.510328
     0.999903    0.00151565    -0.0138312     -0.371659   -0.00155503      0.999995   -0.00283721      0.762316     0.0138269    0.00285844        0.9999      0.487326
     0.999899    0.00150317    -0.0140973     -0.352602   -0.00154431      0.999995   -0.00290724      0.790758     0.0140929    0.00292872      0.999896      0.515889
     0.999898    0.00158161    -0.0142059      -0.36382    -0.0016217      0.999995    -0.0028113       0.79123     0.0142013    0.00283405      0.999895      0.520465
     0.999897    0.00174426    -0.0142363     -0.360174   -0.00178669      0.999994    -0.0029682      0.816531     0.0142311    0.00299333      0.999894      0.505114
     0.999893    0.00173941    -0.0145351      -0.35481   -0.00178656      0.999993   -0.00323162      0.766014     0.0145293    0.00325725      0.999889      0.517016
     0.999894    0.00120882    -0.0145185       -0.3494   -0.00125376      0.999994   -0.00308663      0.772791     0.0145147     0.0031045       0.99989      0.508503
     0.999899   0.000870022    -0.0142131     -0.330749  -0.000910993      0.999995   -0.00287638      0.743532     0.0142105    0.00288903      0.999895      0.531697
     0.999893   0.000724425    -0.0145897     -0.321124  -0.000772429      0.999994   -0.00328495      0.798982     0.0145872    0.00329587      0.999888      0.494825
     0.999888   0.000645174    -0.0149555     -0.334376  -0.000686652      0.999996   -0.00276847      0.754375     0.0149536    0.00277843      0.999884      0.537209
     0.999888   0.000920417      -0.01492     -0.343021  -0.000965733      0.999995   -0.00303034      0.791125     0.0149171    0.00304441      0.999884      0.501445
     0.999885   0.000964548    -0.0151533     -0.346691   -0.00100701      0.999996   -0.00279475       0.78162     0.0151505    0.00280968      0.999881       0.51924
     0.999883    0.00101351    -0.0152763      -0.35176   -0.00106078      0.999995   -0.00308668      0.775643     0.0152731    0.00310253      0.999879      0.493432
     0.999882   0.000775175    -0.0153571     -0.346816   -0.00082009      0.999995   -0.00291868      0.771996     0.0153547    0.00293092      0.999878      0.470209
     0.999881   0.000880559    -0.0154236     -0.341747  -0.000928347      0.999995   -0.00309148      0.758902     0.0154208    0.00310543      0.999876      0.465947
     0.999883   0.000746157    -0.0152575     -0.340505  -0.000798051      0.999994   -0.00339538      0.803269     0.0152549    0.00340716      0.999878      0.484235
     0.999885   0.000675451    -0.0151757     -0.336547   -0.00073576      0.999992   -0.00396881      0.870947     0.0151729    0.00397952      0.999877      0.362979
     0.999879     0.0006253    -0.0155208     -0.368559  -0.000685144      0.999992   -0.00385071      0.770756     0.0155183    0.00386088      0.999872      0.405371
     0.999884  -0.000626803    -0.0152137     -0.399705   0.000602333      0.999999   -0.00161294      0.789361     0.0152147    0.00160359      0.999883      0.629817
     0.999893  -0.000507945     -0.014619     -0.401184     0.0004935      0.999999  -0.000991693      0.835054     0.0146195   0.000984373      0.999893      0.655221
     0.999882  -0.000122623     -0.015388      -0.40708    8.7174e-05      0.999997   -0.00230431      0.873886     0.0153882     0.0023027      0.999879      0.558023
     0.999875  -0.000613048    -0.0157733       -0.4005   0.000553212      0.999993   -0.00379759      0.872097     0.0157755    0.00378839      0.999868      0.521206
     0.999872   -0.00106078    -0.0159471     -0.386251   0.000983867      0.999988   -0.00483039      0.876204      0.015952    0.00481408      0.999861      0.468354
     0.999873  -0.000643246    -0.0159358      -0.38799   0.000561748      0.999987   -0.00511809      0.920322     0.0159389    0.00510849       0.99986      0.435128
     0.999872  -0.000408241    -0.0159675     -0.384227   0.000326838      0.999987   -0.00510028      0.864916     0.0159694    0.00509441       0.99986      0.450616
     0.999874  -0.000296296    -0.0158529     -0.375256   0.000211818      0.999986    -0.0053303      0.865306     0.0158543    0.00532628       0.99986      0.420333
     0.999875  -0.000160207    -0.0158381     -0.379253   6.90718e-05      0.999983   -0.00575458      0.852021     0.0158388    0.00575277      0.999858      0.440587
     0.999875   -0.00022939    -0.0158353      -0.38487   0.000138135      0.999983   -0.00576359      0.864203     0.0158364    0.00576068      0.999858       0.43734
     0.999876   2.24673e-05    -0.0157263      -0.39068  -0.000109879      0.999985    -0.0055575      0.871342     0.0157259    0.00555854      0.999861      0.400766
     0.999881  -5.60058e-05    -0.0154452     -0.391188  -2.90107e-05      0.999985   -0.00550412      0.838289     0.0154453    0.00550391      0.999866      0.417869
     0.999879  -1.64547e-05    -0.0155355     -0.383216  -7.73367e-05      0.999982   -0.00603662      0.866448     0.0155353    0.00603709      0.999861      0.410339
     0.999876  -0.000200305    -0.0157318     -0.382836   0.000103584      0.999981   -0.00614867      0.864312     0.0157327    0.00614628      0.999857      0.420435
     0.999885  -0.000711229    -0.0151483      -0.36053   0.000624796      0.999984   -0.00570977      0.873058     0.0151522    0.00569965      0.999869      0.402431
     0.999893  -0.000872315    -0.0146294     -0.347248   0.000815553      0.999992   -0.00388553      0.810035     0.0146327    0.00387318      0.999885      0.411498
     0.999891   -0.00236539    -0.0145671     -0.333921      0.002325      0.999993   -0.00278945      0.819632     0.0145736    0.00275527       0.99989       0.46907
     0.999912   -0.00552564    -0.0120692     -0.277802    0.00550814      0.999984   -0.00148261      0.918206     0.0120772      0.001416      0.999926      0.696843
     0.999921   -0.00530609    -0.0113853     -0.305913    0.00528906      0.999985   -0.00152539       0.96247     0.0113932    0.00146506      0.999934       0.85386
     0.999919   -0.00419098    -0.0120549     -0.342566    0.00418236      0.999991  -0.000740994       1.00685     0.0120579   0.000690516      0.999927      0.700434
     0.999914   -0.00394992    -0.0125405      -0.34319    0.00393835      0.999992  -0.000947053      0.939003     0.0125442   0.000897582      0.999921      0.711947
     0.999913   -0.00389891    -0.0126177      -0.34202    0.00388221      0.999992   -0.00134768      0.950761     0.0126229    0.00129858      0.999919      0.653671
     0.999914   -0.00409159    -0.0124788     -0.344938    0.00407383      0.999991   -0.00144878      0.920117     0.0124846    0.00139782      0.999921      0.670854
     0.999916   -0.00398562    -0.0123245     -0.351269    0.00395617      0.999989   -0.00241317      0.981512      0.012334    0.00236421      0.999921      0.556142
      0.99993   -0.00388455    -0.0111537     -0.296038    0.00384072      0.999985   -0.00394795       1.07592     0.0111689    0.00390484       0.99993      0.323091
     0.999931   -0.00403225     -0.011076      -0.23922    0.00400161      0.999988   -0.00278684      0.943817     0.0110871    0.00274232      0.999935      0.393724
     0.999938   -0.00396782    -0.0103892     -0.258996     0.0039546      0.999991   -0.00129289      0.769178     0.0103943    0.00125173      0.999945      0.480354
     0.999947   -0.00410438   -0.00948045     -0.259783    0.00409078      0.999991   -0.00145355      0.814615    0.00948632     0.0014147      0.999954       0.44531
     0.999946   -0.00423906    -0.0095061     -0.250156    0.00422269       0.99999   -0.00174103      0.876062    0.00951338    0.00170079      0.999953      0.414063
     0.999943   -0.00406792   -0.00982712     -0.249452     0.0040479       0.99999   -0.00205566       0.84689    0.00983538    0.00201576       0.99995      0.468104
     0.999942   -0.00407872   -0.00997299     -0.255505    0.00406411      0.999991   -0.00148439      0.865931    0.00997895    0.00144377      0.999949      0.523657
     0.999939   -0.00436043    -0.0101185     -0.269497    0.00434648       0.99999   -0.00139991      0.914133     0.0101245    0.00135585      0.999948       0.46481
     0.999938   -0.00434064    -0.0102918      -0.29352    0.00433216       0.99999  -0.000846288      0.875642     0.0102954    0.00080165      0.999947      0.480044
     0.999936   -0.00385625     -0.010637      -0.32417    0.00384811      0.999992  -0.000785873      0.823499       0.01064   0.000744891      0.999943      0.511287
     0.999931   -0.00343684    -0.0112475     -0.341378    0.00342746      0.999994  -0.000853631      0.888651     0.0112504   0.000815022      0.999936      0.458421
     0.999933   -0.00337007    -0.0110611     -0.340385     0.0033582      0.999994   -0.00109158      0.879852     0.0110647    0.00105436      0.999938      0.388527
     0.999929   -0.00343387    -0.0113824     -0.330038    0.00342482      0.999994  -0.000814607       0.82619     0.0113851   0.000775567      0.999935       0.42418
     0.999926   -0.00341185    -0.0116425     -0.347336    0.00342176      0.999994   0.000830896      0.772721     0.0116396  -0.000870672      0.999932      0.499139
     0.999927    -0.0036204      -0.01151      -0.36146    0.00362831      0.999993   0.000665999      0.779251     0.0115075  -0.000707712      0.999934      0.474818
     0.999925   -0.00474283    -0.0112859     -0.343384    0.00472384      0.999987   -0.00170867      0.914282     0.0112938    0.00165523      0.999935      0.536259
     0.999924   -0.00461724    -0.0114142     -0.312104    0.00460314      0.999989   -0.00126085      0.884462     0.0114199    0.00120821      0.999934      0.582631
     0.999921   -0.00439474      -0.01181       -0.3121    0.00438296       0.99999   -0.00102316      0.900564     0.0118144   0.000971318       0.99993      0.559307
      0.99992   -0.00407163    -0.0120169      -0.33557    0.00407212      0.999992    1.5694e-05      0.905186     0.0120168  -6.46271e-05      0.999928      0.554504
     0.999917    -0.0039175    -0.0122643     -0.350532    0.00391587      0.999992  -0.000156824      0.857482     0.0122649   0.000108785      0.999925      0.544941
     0.999916   -0.00367891    -0.0123993     -0.361873    0.00367956      0.999993   2.96988e-05      0.863488     0.0123992  -7.53204e-05      0.999923      0.514637
     0.999915   -0.00354962    -0.0125542     -0.360393    0.00354522      0.999994  -0.000373119      0.885637     0.0125554    0.00032858      0.999921      0.517279
     0.999913   -0.00357968    -0.0126589     -0.368589    0.00356278      0.999993   -0.00135734      0.861439     0.0126637    0.00131212      0.999919       0.54806
     0.999917   -0.00378773    -0.0123439     -0.382255    0.00375864       0.99999   -0.00237887      0.964262     0.0123528    0.00233227      0.999921      0.444583
     0.999922   -0.00371575    -0.0119312     -0.379096    0.00369302      0.999991     -0.001927       0.94221     0.0119383    0.00188279      0.999927      0.365136
      0.99992   -0.00372532    -0.0121044     -0.367395    0.00370921      0.999992   -0.00135254      0.806774     0.0121094    0.00130753      0.999926      0.488943
      0.99992   -0.00395119    -0.0120548     -0.377706    0.00393798      0.999992   -0.00111949       0.83447     0.0120592    0.00107193      0.999927      0.512885
      0.99992   -0.00371165    -0.0120561     -0.385352    0.00369521      0.999992   -0.00138615      0.890367     0.0120612    0.00134149      0.999926      0.454443
     0.999924   -0.00376607    -0.0117465     -0.392886    0.00375458      0.999992  -0.000999905      0.855607     0.0117502   0.000955725      0.999931      0.492921
     0.999926   -0.00375533    -0.0115967      -0.38842     0.0037496      0.999993  -0.000516027      0.840964     0.0115986   0.000472506      0.999933      0.517522
     0.999923   -0.00495968    -0.0113793     -0.371135    0.00494485      0.999987   -0.00133097      0.909311     0.0113858     0.0012746      0.999934      0.540231
     0.999927   -0.00486637    -0.0110894      -0.38444    0.00484399      0.999986   -0.00204416      0.936198     0.0110992    0.00199029      0.999936      0.602188
     0.999923   -0.00418303    -0.0116935     -0.383982    0.00416143       0.99999    -0.0018711      0.945674     0.0117012    0.00182229       0.99993      0.548225
     0.999925   -0.00434152    -0.0114192     -0.358382    0.00431979      0.999989   -0.00192647      0.928149     0.0114274      0.001877      0.999933      0.526224
     0.999925   -0.00439975    -0.0114172     -0.353209    0.00437916      0.999989   -0.00182817      0.891106     0.0114251    0.00177804      0.999933      0.521731
     0.999925   -0.00433828    -0.0114534     -0.352376    0.00431986      0.999989   -0.00163287      0.889196     0.0114604    0.00158327      0.999933      0.481128
     0.999926   -0.00414748    -0.0114015     -0.382017     0.0041298       0.99999    -0.0015741       0.80897     0.0114079     0.0015269      0.999934      0.452324
     0.999924   -0.00395301    -0.0117055     -0.388167    0.00392977       0.99999    -0.0020076      0.873931     0.0117133    0.00196145      0.999929      0.450889
      0.99992   -0.00401976    -0.0120243     -0.393749    0.00399742       0.99999   -0.00188103      0.892417     0.0120318    0.00183281      0.999926      0.510635
     0.999913   -0.00364376    -0.0126991     -0.432998    0.00362421      0.999992     -0.001562      0.881029     0.0127047    0.00151584      0.999918      0.532001
     0.999908   -0.00344422    -0.0130853     -0.466773    0.00343807      0.999994  -0.000492628      0.904407      0.013087   0.000447594      0.999914      0.545524
     0.999907   -0.00312654    -0.0132731      -0.50146    0.00312881      0.999995   0.000150104      0.871484     0.0132725  -0.000191619      0.999912      0.578035
     0.999906   -0.00306076    -0.0133398     -0.506554    0.00305977      0.999995   -9.4312e-05      0.935298     0.0133401   5.34862e-05      0.999911       0.54524
     0.999913   -0.00365452    -0.0127047     -0.470661    0.00365875      0.999993    0.00030981      0.967732     0.0127035  -0.000356267      0.999919      0.487252
     0.999907   -0.00509831     -0.012611     -0.455555    0.00510773      0.999987    0.00071501      0.932722     0.0126072  -0.000779358       0.99992      0.707641
     0.999908   -0.00458073    -0.0127433     -0.461251    0.00456771      0.999989   -0.00105079      0.943814      0.012748   0.000992482      0.999918      0.739287
     0.999908   -0.00375401    -0.0130382     -0.463334    0.00375009      0.999993  -0.000324772      0.956795     0.0130393   0.000275848      0.999915      0.675689
     0.999907   -0.00373073    -0.0130913     -0.472407    0.00373282      0.999993   0.000135523       0.95366     0.0130907  -0.000184378      0.999914      0.700585
     0.999909   -0.00376477    -0.0129807     -0.467379    0.00375488      0.999993  -0.000786173      0.940128     0.0129835    0.00073736      0.999915       0.70682
      0.99991   -0.00346702    -0.0129564     -0.468764    0.00344783      0.999993   -0.00150345      0.997995     0.0129615    0.00145864      0.999915      0.636938
     0.999911   -0.00342635    -0.0128902     -0.471792    0.00340062      0.999992   -0.00201774       1.00925      0.012897    0.00197373      0.999915        0.5771
     0.999908   -0.00351117    -0.0130785     -0.477323    0.00348223      0.999991   -0.00223456      0.982943     0.0130862    0.00218881      0.999912      0.582082
     0.999908   -0.00332466    -0.0131796     -0.475173    0.00329286      0.999992   -0.00243368      0.999871     0.0131876    0.00239005       0.99991      0.604345
     0.999906   -0.00320172     -0.013359     -0.481438    0.00317775      0.999993   -0.00181517      0.999039     0.0133648    0.00177255      0.999909      0.617938
     0.999908   -0.00357426    -0.0130835      -0.44115     0.0035555      0.999993   -0.00145726       1.04672     0.0130886     0.0014106      0.999913      0.605741
     0.999915   -0.00373069    -0.0124557     -0.372651    0.00370326      0.999991   -0.00222505       1.09849     0.0124639    0.00217874       0.99992      0.398586
     0.999917   -0.00391511    -0.0122651     -0.317579    0.00388986       0.99999   -0.00208157       1.01123     0.0122731    0.00203369      0.999923      0.311631
     0.999915   -0.00397533    -0.0124475     -0.317479    0.00396494      0.999992  -0.000859861      0.884792     0.0124508   0.000810434      0.999922      0.492551
     0.999919   -0.00373952    -0.0121369     -0.334324    0.00373614      0.999993  -0.000301359      0.789175     0.0121379    0.00025599      0.999926      0.511026
      0.99992   -0.00375414    -0.0120757     -0.315381     0.0037479      0.999993  -0.000538978      0.899673     0.0120776   0.000493676      0.999927      0.445515
     0.999915   -0.00361979    -0.0125628     -0.313475    0.00362034      0.999993   2.13232e-05       0.96461     0.0125627  -6.68031e-05      0.999921      0.456357
      0.99991   -0.00349992    -0.0129634     -0.306496    0.00350381      0.999994   0.000277614      0.904731     0.0129623   -0.00032301      0.999916      0.521487
      0.99991   -0.00363668    -0.0128801      -0.30785    0.00364257      0.999993   0.000433915      0.874895     0.0128785  -0.000480793      0.999917      0.572472
     0.999908   -0.00484356    -0.0126342     -0.290775    0.00487306      0.999985    0.00230463       0.85809     0.0126228   -0.00236599      0.999918      0.604071
     0.999932   -0.00573085    -0.0101469     -0.295516    0.00576407      0.999978    0.00324811      0.920689      0.010128   -0.00330638      0.999943      0.774946
     0.999935   -0.00430855    -0.0105766     -0.307703    0.00432464       0.99999    0.00149808      0.879995       0.01057   -0.00154372      0.999943        0.6823
     0.999935   -0.00422424    -0.0105881     -0.326083    0.00424087       0.99999    0.00154912      0.886577     0.0105815   -0.00159392      0.999943      0.633249
     0.999937   -0.00421605    -0.0104085     -0.349565    0.00423087       0.99999    0.00140269      0.879491     0.0104025   -0.00144664      0.999945      0.614696
     0.999938   -0.00432837    -0.0102583      -0.35081       0.00434       0.99999    0.00111235      0.856314     0.0102533   -0.00115681      0.999947      0.577152
     0.999939   -0.00392609    -0.0102798      -0.37298    0.00394054      0.999991    0.00138608      0.854887     0.0102743    -0.0014265      0.999946      0.544206
     0.999941   -0.00332305    -0.0103687      -0.41383    0.00333359      0.999994   0.000999673      0.852746     0.0103653   -0.00103418      0.999946      0.493889
      0.99994   -0.00344545    -0.0103887     -0.406123      0.003452      0.999994    0.00061276      0.832547     0.0103866  -0.000648585      0.999946      0.503224
     0.999935   -0.00355212    -0.0108601     -0.391625    0.00355757      0.999994   0.000482553      0.858648     0.0108583  -0.000521157      0.999941      0.541954
     0.999932   -0.00344497    -0.0111853     -0.392025    0.00345055      0.999994   0.000479658      0.888242     0.0111836  -0.000518221      0.999937      0.561587
      0.99993   -0.00332082    -0.0113886     -0.397927    0.00332432      0.999994    0.00028885      0.873825     0.0113876  -0.000326689      0.999935       0.60365
     0.999923    -0.0033073    -0.0119525     -0.397261    0.00330857      0.999995   8.59542e-05      0.872273     0.0119521  -0.000125493      0.999929      0.634498
      0.99992    -0.0035192    -0.0121838     -0.386595    0.00351907      0.999994  -3.24617e-05      0.944206     0.0121838  -1.04164e-05      0.999926      0.600631
     0.999918   -0.00324635    -0.0123725     -0.390787    0.00324467      0.999995  -0.000155821      0.871094     0.0123729   0.000115663      0.999923      0.633682
     0.999919   -0.00328722    -0.0122733     -0.383221    0.00327735      0.999994  -0.000824433      0.957562      0.012276   0.000784143      0.999924      0.552346
     0.999917   -0.00316116    -0.0125076     -0.395436    0.00316138      0.999995  -2.05584e-06      0.982557     0.0125076  -3.74857e-05      0.999922       0.52451
     0.999905   -0.00354005    -0.0133333     -0.412763    0.00353611      0.999994  -0.000318586      0.813368     0.0133343   0.000271408      0.999911      0.632378
     0.999905   -0.00465287    -0.0129704     -0.404952    0.00465664      0.999989   0.000260267      0.910114      0.012969  -0.000320641      0.999916      0.728244
     0.999915   -0.00424905    -0.0123312     -0.402327     0.0042457      0.999991  -0.000298119       1.03988     0.0123324   0.000245739      0.999924      0.754616
     0.999913   -0.00415607    -0.0125546     -0.369324    0.00413758       0.99999   -0.00149842        1.0238     0.0125607    0.00144634       0.99992      0.693164
     0.999913   -0.00420124    -0.0125187     -0.350644    0.00417948       0.99999   -0.00176373       1.03684      0.012526    0.00171125       0.99992      0.666552
     0.999916   -0.00389064    -0.0123392      -0.37504    0.00387423      0.999992   -0.00135381       1.00259     0.0123444    0.00130589      0.999923      0.624548
      0.99992   -0.00357661    -0.0120924     -0.390759    0.00356041      0.999993   -0.00136083       1.02082     0.0120972    0.00131767      0.999926      0.573385
     0.999922   -0.00365834    -0.0119158     -0.384388    0.00364167      0.999992   -0.00142047      0.982777     0.0119209    0.00137697      0.999928      0.565371
      0.99992    -0.0034052    -0.0121893      -0.37001    0.00338196      0.999992   -0.00192605      0.969508     0.0121957    0.00188467      0.999924      0.571704
     0.999918   -0.00325835    -0.0124015     -0.370635    0.00322918      0.999992   -0.00237185       1.00322     0.0124092    0.00233161       0.99992      0.594526
     0.999918   -0.00375591    -0.0122462     -0.353642    0.00372127      0.999989   -0.00285017       1.09004     0.0122568    0.00280437      0.999921      0.529272
     0.999917   -0.00382197    -0.0123388     -0.344929    0.00379221       0.99999   -0.00243447       1.04727      0.012348    0.00238747      0.999921      0.542338
     0.999926   -0.00356716    -0.0115916     -0.339212    0.00354258      0.999991   -0.00214071      0.873617     0.0115992    0.00209949      0.999931      0.613063
     0.999928   -0.00354595    -0.0114205     -0.347493    0.00350971      0.999989   -0.00319129      0.980732     0.0114317    0.00315098       0.99993      0.583264
     0.999928   -0.00348385     -0.011473     -0.351869    0.00344666      0.999989   -0.00325972       1.05433     0.0114842    0.00321994      0.999929      0.583381
     0.999923   -0.00380417    -0.0118388     -0.344675    0.00377491       0.99999   -0.00249303       1.00923     0.0118482    0.00244815      0.999927      0.627278
     0.999927   -0.00521247    -0.0109387     -0.336717    0.00520771      0.999986  -0.000463363       1.07158     0.0109409   0.000406364       0.99994      0.795737
     0.999943   -0.00377459    -0.0100333     -0.367241    0.00376588      0.999993  -0.000886777       1.19167     0.0100366   0.000848942      0.999949        0.7432
     0.999935   -0.00372434    -0.0107954     -0.345735    0.00370698      0.999992    -0.0016269       1.08999     0.0108014    0.00158678       0.99994      0.648766
      0.99993    -0.0040232    -0.0111476     -0.327745    0.00400007       0.99999   -0.00209622       1.02278     0.0111559    0.00205149      0.999936      0.689642
     0.999933   -0.00362263    -0.0109574     -0.343003    0.00359841      0.999991   -0.00222877       1.03023     0.0109654    0.00218919      0.999937      0.648258
     0.999938   -0.00344785    -0.0105957     -0.332831    0.00342029      0.999991   -0.00261754       1.06524     0.0106046    0.00258113       0.99994      0.553119
     0.999941    -0.0033121    -0.0103807     -0.325595    0.00328254      0.999991   -0.00286263       1.03001     0.0103901    0.00282839      0.999942      0.524629
      0.99994   -0.00311209    -0.0105218     -0.324888    0.00308066      0.999991   -0.00300247       1.02402     0.0105311    0.00296987       0.99994      0.556432
     0.999937   -0.00311672    -0.0108252     -0.323806    0.00308301       0.99999   -0.00312936       1.06672     0.0108349    0.00309579      0.999937      0.607662
     0.999933   -0.00289984    -0.0112123     -0.342755    0.00287098      0.999993   -0.00258924       1.06902     0.0112197    0.00255688      0.999934      0.623172
     0.999936   -0.00308658    -0.0109253     -0.338755    0.00305963      0.999992   -0.00248306       1.09007     0.0109329    0.00244948      0.999937      0.614704
     0.999939   -0.00359194    -0.0104891     -0.331058    0.00356223       0.99999   -0.00284931       1.09022     0.0104992    0.00281177      0.999941      0.641464
     0.999937   -0.00389939    -0.0105684     -0.325562    0.00386627      0.999988   -0.00315253       1.09141     0.0105805    0.00311147      0.999939      0.650063
     0.999935   -0.00401617    -0.0106868     -0.343624    0.00397669      0.999985   -0.00371247       1.12118     0.0107015    0.00366973      0.999936      0.601481
     0.999937   -0.00398803    -0.0104933     -0.356766    0.00393247      0.999978   -0.00531003       1.13892     0.0105143    0.00526844      0.999931      0.598583
     0.999935   -0.00377016    -0.0107399     -0.359228    0.00371479       0.99998   -0.00517129       1.11704     0.0107592    0.00513106      0.999929      0.610298
     0.999937   -0.00363137    -0.0106121     -0.372845      0.003576       0.99998   -0.00523137       1.13272     0.0106309    0.00519309       0.99993      0.569504
     0.999937   -0.00300058    -0.0107874     -0.390489    0.00294781      0.999984   -0.00490401       1.09573      0.010802     0.0048719       0.99993      0.541465
     0.999936    -0.0034262    -0.0108229     -0.380424    0.00337021      0.999981   -0.00518717       1.08564     0.0108404    0.00515036      0.999928      0.545088
     0.999934   -0.00381881    -0.0107926     -0.365146    0.00376209      0.999979   -0.00527115        1.1546     0.0108125     0.0052302      0.999928      0.573942
     0.999933   -0.00378934    -0.0109269     -0.352297    0.00374235      0.999984   -0.00431805       1.11086     0.0109431    0.00427687      0.999931      0.594223
     0.999936   -0.00376398    -0.0106723     -0.348804    0.00372144      0.999985   -0.00400233       1.11815     0.0106872    0.00396236      0.999935      0.595246
     0.999935   -0.00412541     -0.010588     -0.338597    0.00408362      0.999984   -0.00396563       1.11538     0.0106042    0.00392214      0.999936      0.573127
     0.999929   -0.00438918    -0.0110662     -0.333053    0.00434803      0.999984   -0.00373955       1.04467     0.0110824    0.00369117      0.999932      0.605668
     0.999919   -0.00607937    -0.0111476     -0.336877    0.00607029      0.999981  -0.000848266       1.02062     0.0111525   0.000780528      0.999938      0.787988
     0.999927    -0.0055366    -0.0107402     -0.373822    0.00550938      0.999982   -0.00256195       1.12386     0.0107542     0.0025026      0.999939      0.826597
     0.999943   -0.00431557    -0.0097593      -0.36668    0.00424405      0.999964   -0.00733702       1.14867    0.00979061    0.00729519      0.999925      0.600692
     0.999944   -0.00438636   -0.00964149     -0.349042    0.00431118       0.99996   -0.00780519       1.12593    0.00967534    0.00776319      0.999923      0.614953
     0.999942   -0.00454039   -0.00975709     -0.342378    0.00447143      0.999965   -0.00707821       1.12862    0.00978888    0.00703417      0.999927      0.607688
     0.999941   -0.00427894   -0.00993753     -0.352869    0.00421013      0.999967   -0.00693417       1.10304    0.00996687    0.00689193      0.999927      0.580085
     0.999939   -0.00421329    -0.0101813     -0.348514     0.0041408      0.999966    -0.0071297       1.08234      0.010211     0.0070871      0.999923      0.575784
     0.999937   -0.00469911    -0.0102136     -0.309273     0.0046263      0.999964    -0.0071405       1.11003     0.0102468     0.0070928      0.999922      0.583885
     0.999934   -0.00497949     -0.010341     -0.307466    0.00490788      0.999964    -0.0069383       1.05392     0.0103751    0.00688709      0.999922      0.588708
     0.999933   -0.00459653    -0.0106425     -0.314278    0.00451936      0.999963   -0.00726333       1.15873     0.0106755    0.00721475      0.999917      0.502558
     0.999932   -0.00445611    -0.0107351     -0.325016    0.00438808       0.99997   -0.00635291       1.12418     0.0107631    0.00630538      0.999922      0.515292
     0.999929   -0.00468723    -0.0109607     -0.325019    0.00461792      0.999969   -0.00633954       1.06918     0.0109901    0.00628847       0.99992      0.572029
     0.999928    -0.0046216    -0.0110526     -0.331538     0.0045487      0.999968   -0.00661172       1.13302     0.0110828    0.00656097      0.999917      0.573439
     0.999926   -0.00409869    -0.0114684     -0.363834    0.00402953      0.999974   -0.00604712       1.12154     0.0114929    0.00600045      0.999916       0.60054
     0.999921   -0.00350847    -0.0120617      -0.38149    0.00344154      0.999979    -0.0055655       1.10255      0.012081    0.00552355      0.999912      0.595537
     0.999921   -0.00365965    -0.0119949     -0.372081    0.00359346      0.999978   -0.00553518       1.14499     0.0120149    0.00549164      0.999913      0.563182
      0.99992   -0.00316239    -0.0122248     -0.375112    0.00310087      0.999982    -0.0050488       1.11439     0.0122406    0.00501049      0.999913      0.550129
     0.999912   -0.00217394    -0.0130688     -0.399284    0.00211213      0.999987   -0.00474144       1.12937      0.013079    0.00471342      0.999903      0.508908
     0.999913   -0.00208485    -0.0130411     -0.413858    0.00202107      0.999986   -0.00490165       1.10413     0.0130512    0.00487486      0.999903      0.574467
     0.999911   -0.00216974    -0.0131866     -0.418284    0.00209638      0.999982   -0.00557493        1.1223     0.0131984    0.00554679      0.999898      0.581687
     0.999905   -0.00261612    -0.0135561     -0.420612     0.0025421      0.999982    -0.0054747       1.15326     0.0135701    0.00543972      0.999893      0.609098
