# 3dvolreg matrices (DICOM-to-DICOM, row-by-row):
     0.999988   -0.00219812   -0.00446389     0.0114093    0.00219824      0.999998   2.11231e-05       0.11241    0.00446383  -3.09355e-05       0.99999      0.328597
     0.999993   -0.00143585   -0.00346498     0.0368749     0.0014382      0.999999   0.000677023      0.145093      0.003464  -0.000682001      0.999994      0.450976
     0.999993    -0.0014729   -0.00346364     0.0266109    0.00147481      0.999999   0.000546711      0.132017    0.00346283  -0.000551815      0.999994      0.423996
     0.999992   -0.00157768   -0.00371448     0.0225395    0.00157711      0.999999  -0.000155836      0.221648    0.00371472   0.000149977      0.999993      0.330571
     0.999991   -0.00143151   -0.00405876    0.00350068    0.00143272      0.999999   0.000295246      0.112861    0.00405833  -0.000301059      0.999992      0.396098
     0.999988   -0.00138234   -0.00459953    0.00907082    0.00138036      0.999999  -0.000433763      0.163262    0.00460013   0.000427409      0.999989      0.359134
     0.999987   -0.00172729   -0.00485014     0.0194883    0.00172616      0.999998  -0.000236812      0.131574    0.00485055   0.000228437      0.999988      0.389192
     0.999985   -0.00147191   -0.00522085      0.011039    0.00147056      0.999999  -0.000261443      0.127502    0.00522122   0.000253762      0.999986      0.362613
     0.999984   -0.00129504   -0.00548495   -0.00907575    0.00129571      0.999999   0.000118397      0.109023    0.00548479  -0.000125502      0.999985      0.378298
     0.999983   -0.00116165   -0.00573404   0.000300394    0.00116107      0.999999  -0.000104555      0.116345    0.00573416   9.78951e-05      0.999984      0.332078
     0.999983  -0.000997235   -0.00574214    0.00701035   0.000998412      0.999999   0.000202161     0.0887365    0.00574193  -0.000207891      0.999983       0.33768
     0.999983  -0.000953957   -0.00567598   0.000559204   0.000953149             1  -0.000145139     0.0747904    0.00567612   0.000139727      0.999984      0.314127
     0.999984  -0.000861146   -0.00556751   -0.00590669   0.000860242             1  -0.000164719     0.0987798    0.00556765   0.000159927      0.999984      0.314083
     0.999982  -0.000747791   -0.00602046   -0.00985703   0.000744314             1  -0.000579766      0.114278    0.00602089   0.000575274      0.999982      0.302215
     0.999978  -0.000730693   -0.00651765   -0.00420223   0.000724623      0.999999  -0.000933635      0.126306    0.00651833   0.000928893      0.999978      0.299126
     0.999979  -0.000581592    -0.0064467    -0.0235899   0.000577809             1   -0.00058859     0.0938519    0.00644704   0.000584853      0.999979      0.325634
     0.999978  -0.000567897   -0.00661985    -0.0156338   0.000561127      0.999999   -0.00102441      0.165485    0.00662042    0.00102067      0.999978      0.306428
     0.999977  -0.000645421   -0.00677112    -0.0154269   0.000637729      0.999999   -0.00113812      0.120305    0.00677185    0.00113378      0.999976      0.326821
     0.999976   -0.00080576   -0.00691462    -0.0346375   0.000791259      0.999997   -0.00209974      0.187133    0.00691629    0.00209422      0.999974      0.234543
     0.999975  -0.000678147   -0.00703413    -0.0517792   0.000666413      0.999998   -0.00167033     0.0828526    0.00703525     0.0016656      0.999974      0.271366
     0.999976  -0.000754141   -0.00694884    -0.0363513   0.000739452      0.999997   -0.00211615      0.111673    0.00695041    0.00211096      0.999974      0.224695
     0.999973   -0.00101958   -0.00721743    -0.0462882    0.00100615      0.999998   -0.00186456      0.203215    0.00721932    0.00185725      0.999972      0.180188
     0.999976   -0.00111007   -0.00690603    -0.0696721    0.00110193      0.999999   -0.00118217     0.0651999    0.00690734    0.00117453      0.999975      0.241485
     0.999977   -0.00113418   -0.00667929    -0.0780099    0.00112559      0.999999   -0.00129005      0.113697    0.00668075    0.00128251      0.999977      0.204025
     0.999978   -0.00121287   -0.00657106    -0.0591019    0.00120081      0.999998   -0.00183947      0.220789    0.00657328    0.00183154      0.999977      0.111568
     0.999979   -0.00139732   -0.00633073    -0.0694062    0.00138918      0.999998   -0.00129033     0.0471091    0.00633252    0.00128151      0.999979      0.155581
     0.999977   -0.00157878   -0.00652111    -0.0605617    0.00156595      0.999997   -0.00197157      0.122409     0.0065242    0.00196132      0.999977      0.144081
     0.999975   -0.00185027   -0.00679868    -0.0533567    0.00183821      0.999997   -0.00177964      0.199708    0.00680195     0.0017671      0.999975      0.151698
     0.999977   -0.00190554   -0.00647064    -0.0788878    0.00190363      0.999998   -0.00030017     0.0473518     0.0064712   0.000287846      0.999979      0.212538
     0.999977   -0.00223926   -0.00642919    -0.0905761    0.00223967      0.999997   5.71337e-05     0.0309767    0.00642905  -7.15316e-05      0.999979      0.258123
     0.999968   -0.00365106   -0.00705499    -0.0806971    0.00364801      0.999993  -0.000445797        0.1652    0.00705657   0.000420046      0.999975      0.417327
     0.999967    -0.0033551   -0.00736144    -0.0884468    0.00335422      0.999994  -0.000130929      0.169678    0.00736184   0.000106233      0.999973      0.405573
     0.999967    -0.0031479   -0.00754618    -0.0961413    0.00314825      0.999995   3.41547e-05      0.189101    0.00754603  -5.79108e-05      0.999972      0.381542
     0.999964   -0.00312696    -0.0079146    -0.0885403    0.00312754      0.999995    6.0164e-05      0.170491    0.00791438   -8.4915e-05      0.999969      0.350169
     0.999964   -0.00315162   -0.00789536     -0.100474    0.00314702      0.999995   -0.00059479      0.189535    0.00789719   0.000569922      0.999969      0.265447
     0.999963   -0.00308895   -0.00797657     -0.101367      0.003081      0.999995   -0.00100937      0.169935    0.00797964   0.000984753      0.999968      0.242638
      0.99996   -0.00280632    -0.0084443     -0.105749    0.00279448      0.999995   -0.00141304      0.128101    0.00844822    0.00138938      0.999963       0.25909
     0.999957   -0.00265347   -0.00888116     -0.110033    0.00263926      0.999995   -0.00161191      0.192369    0.00888539     0.0015884      0.999959      0.245628
     0.999955    -0.0025807   -0.00907464     -0.125184     0.0025737      0.999996  -0.000783797      0.143184    0.00907663   0.000760407      0.999959      0.282736
     0.999955   -0.00253181    -0.0091751      -0.12828    0.00252348      0.999996  -0.000918507       0.16471     0.0091774   0.000895312      0.999957      0.268913
     0.999958   -0.00264511   -0.00877963     -0.127358    0.00263568      0.999996   -0.00108628      0.148457    0.00878247    0.00106309      0.999961      0.237207
     0.999955   -0.00256404   -0.00917555     -0.120754    0.00254626      0.999995   -0.00194893      0.161052     0.0091805    0.00192548      0.999956      0.234728
     0.999952   -0.00247724   -0.00947495     -0.118578    0.00245648      0.999995   -0.00220152      0.161199    0.00948036    0.00217814      0.999953      0.251609
     0.999954   -0.00234375   -0.00934825     -0.119635    0.00232723      0.999996   -0.00177847      0.155517    0.00935238    0.00175663      0.999955      0.240539
     0.999956   -0.00244552   -0.00910179      -0.14181    0.00242515      0.999995   -0.00224873      0.147253    0.00910724    0.00222656      0.999956      0.236294
     0.999958   -0.00215397   -0.00885769     -0.164922    0.00213148      0.999994   -0.00254754      0.155249    0.00886313    0.00252855      0.999958      0.227323
      0.99996   -0.00219971   -0.00872171     -0.164431    0.00217626      0.999994   -0.00269738      0.167352    0.00872759    0.00267829      0.999958      0.216376
     0.999959   -0.00220548   -0.00878753     -0.175056    0.00217495      0.999992   -0.00348188       0.18557    0.00879513    0.00346263      0.999955      0.199484
     0.999955   -0.00221053   -0.00919862      -0.17655    0.00218217      0.999993     -0.003092      0.199652    0.00920539    0.00307179      0.999953      0.204356
     0.999958   -0.00218194   -0.00894778     -0.189831    0.00215579      0.999993   -0.00293087      0.165942    0.00895412    0.00291146      0.999956      0.199265
     0.999956   -0.00202816   -0.00911031     -0.187395    0.00200284      0.999994   -0.00278802       0.21965    0.00911591    0.00276965      0.999955       0.18369
     0.999957   -0.00195346   -0.00909042     -0.200011    0.00193418      0.999996   -0.00212894      0.133527    0.00909454    0.00211126      0.999956      0.222785
     0.999956   -0.00206326    -0.0091726     -0.190636    0.00203461      0.999993    -0.0031315      0.240778      0.009179     0.0031127      0.999953      0.093109
     0.999952   -0.00224637   -0.00949844     -0.213128    0.00221853      0.999993   -0.00294001      0.194795    0.00950498     0.0029188      0.999951     0.0912876
     0.999956   -0.00192603   -0.00920174     -0.246607     0.0018978      0.999993   -0.00307543     0.0714675     0.0092076    0.00305783      0.999953       0.12398
     0.999953   -0.00192603   -0.00948344     -0.231636    0.00189287      0.999992   -0.00350499      0.163927    0.00949012    0.00348687      0.999949     0.0697983
     0.999952   -0.00230643   -0.00950511     -0.198548    0.00227861      0.999993   -0.00293581      0.171527    0.00951182    0.00291401      0.999951     0.0467787
     0.999949   -0.00229303   -0.00981148     -0.201457     0.0022621      0.999992   -0.00316228      0.144331    0.00981866    0.00313992      0.999947     0.0334792
     0.999948   -0.00229665   -0.00994945     -0.212249    0.00226827      0.999993   -0.00286308      0.132387    0.00995596    0.00284036      0.999946     0.0380714
     0.999947   -0.00232726    -0.0100339     -0.223267     0.0023041      0.999995   -0.00231941      0.113437     0.0100393    0.00229617      0.999947     0.0538862
     0.999946   -0.00230205    -0.0100877     -0.251781     0.0022922      0.999997  -0.000987505     0.0456605     0.0100899   0.000964329      0.999949     0.0832329
      0.99995   -0.00257105   -0.00967618     -0.248378    0.00255925      0.999996   -0.00123114     0.0138554    0.00967931    0.00120632      0.999952      0.104983
     0.999951   -0.00273824   -0.00952041     -0.236491     0.0027117      0.999992   -0.00279949     0.0966867    0.00952801    0.00277354      0.999951     0.0634421
     0.999952   -0.00272554   -0.00942467     -0.225307    0.00270234      0.999993   -0.00247328      0.122664    0.00943135    0.00244769      0.999953      0.048243
      0.99995   -0.00278314   -0.00958059     -0.209838    0.00276527      0.999994   -0.00187776     0.0904424    0.00958576    0.00185117      0.999952     0.0332706
     0.999952   -0.00302575   -0.00928504     -0.209282    0.00300739      0.999993   -0.00199024     0.0832546    0.00929101    0.00196222      0.999955     0.0529602
     0.999955   -0.00313971   -0.00894201     -0.234643    0.00313569      0.999995  -0.000464151     -0.049413    0.00894342    0.00043609       0.99996      0.155296
     0.999953   -0.00293549   -0.00926605     -0.238599    0.00292958      0.999995  -0.000651575   -0.00178126    0.00926792   0.000624399      0.999957      0.102922
     0.999952   -0.00308246    -0.0092918     -0.238044     0.0030766      0.999995  -0.000645258      0.094847    0.00929374    0.00061664      0.999957     0.0518665
      0.99995    -0.0031477   -0.00948484     -0.238232    0.00314692      0.999995  -9.78095e-05     0.0500377     0.0094851   6.79566e-05      0.999955      0.078206
     0.999949   -0.00289652    -0.0097094     -0.242802    0.00289993      0.999996    0.00033672     0.0219195    0.00970838   -0.00036486      0.999953       0.10074
     0.999945   -0.00381117   -0.00979572     -0.243862    0.00379931      0.999992   -0.00122947    -0.0081379    0.00980033    0.00119219      0.999951      0.154324
     0.999949   -0.00478786   -0.00884804     -0.228643     0.0047737      0.999987   -0.00162039     0.0500596    0.00885569    0.00157807       0.99996      0.383776
     0.999946   -0.00378226   -0.00967742      -0.26553    0.00377579      0.999993  -0.000687265      0.100744    0.00967995   0.000650688      0.999953      0.370375
     0.999938   -0.00325408    -0.0106473     -0.263845    0.00324557      0.999994  -0.000816275      0.135209     0.0106499   0.000781668      0.999943      0.316332
     0.999933   -0.00345177    -0.0110528     -0.231838    0.00344252      0.999994  -0.000855746     0.0864798     0.0110557   0.000817639      0.999939      0.330024
     0.999934   -0.00314708     -0.011036     -0.244283    0.00314129      0.999995  -0.000541898      0.138902     0.0110377   0.000507195      0.999939      0.222558
     0.999932    -0.0025257    -0.0113579     -0.260812    0.00251913      0.999997  -0.000592385     0.0858292     0.0113593   0.000563733      0.999935      0.212453
     0.999928   -0.00249422    -0.0117587     -0.256114    0.00247628      0.999996   -0.00153992     0.0708983     0.0117625    0.00151069       0.99993      0.199215
     0.999929    -0.0028347    -0.0115894     -0.226944    0.00280583      0.999993   -0.00250694      0.162475     0.0115964    0.00247425       0.99993      0.119276
     0.999928   -0.00254322    -0.0117004     -0.238851    0.00251801      0.999994   -0.00216853     0.0608785     0.0117059    0.00213891      0.999929      0.160338
     0.999925   -0.00228084    -0.0120004     -0.235149    0.00224534      0.999993   -0.00297056     0.0833149     0.0120071    0.00294339      0.999924      0.118763
     0.999926   -0.00229175    -0.0119828      -0.24057    0.00226308      0.999995   -0.00240607     0.0958583     0.0119883    0.00237877      0.999925      0.148414
     0.999926   -0.00230287    -0.0119408     -0.240361    0.00226778      0.999993   -0.00295138     0.0951485     0.0119475    0.00292408      0.999924        0.1268
     0.999924   -0.00242279    -0.0120976     -0.243301    0.00238503      0.999992   -0.00313442      0.128194     0.0121051    0.00310533      0.999922     0.0690604
     0.999925    -0.0024894     -0.011988     -0.242542    0.00246044      0.999994   -0.00242987     0.0634301      0.011994    0.00240019      0.999925      0.132049
     0.999928   -0.00253383    -0.0117208     -0.242532    0.00250346      0.999993   -0.00260504     0.0602432     0.0117273    0.00257551      0.999928      0.110087
     0.999929   -0.00245641    -0.0116427     -0.249781    0.00242807      0.999994   -0.00244695     0.0663438     0.0116486     0.0024185      0.999929      0.071743
      0.99993   -0.00285084      -0.01148     -0.255155    0.00282406      0.999993    -0.0023489     0.0514157     0.0114866    0.00231632      0.999931      0.130991
     0.999929   -0.00314253     -0.011499     -0.218123    0.00310531       0.99999   -0.00325361      0.179176     0.0115091    0.00321767      0.999929     -0.033504
     0.999926   -0.00335977     -0.011727     -0.212335    0.00333611      0.999992   -0.00203715     0.0722001     0.0117337    0.00199787      0.999929     0.0178854
     0.999925   -0.00329595    -0.0118034     -0.240856    0.00328093      0.999994   -0.00129146    -0.0412354     0.0118076    0.00125263       0.99993      0.141842
     0.999925   -0.00275243    -0.0119618     -0.240008    0.00272794      0.999994    -0.0020634      0.078247     0.0119675    0.00203062      0.999926     0.0014121
     0.999927   -0.00287652    -0.0117564     -0.242699    0.00285133      0.999994   -0.00215893      0.091369     0.0117625    0.00212525      0.999929    0.00171166
     0.999947   -0.00442568   -0.00927968     -0.218207    0.00438068      0.999979   -0.00486412      0.128416      0.009301    0.00482321      0.999945      0.270155
     0.999952   -0.00349786   -0.00919484      -0.22183     0.0034675      0.999988   -0.00331521     0.0519888    0.00920633    0.00328316      0.999952       0.39868
     0.999953   -0.00276886   -0.00926392     -0.245997    0.00275453      0.999995   -0.00155891      0.139756    0.00926819    0.00153332      0.999956      0.325604
     0.999952   -0.00279326   -0.00935447     -0.242634    0.00278313      0.999996   -0.00109488      0.136361    0.00935748    0.00106879      0.999956      0.314009
     0.999951   -0.00275217   -0.00955677     -0.230436    0.00273959      0.999995   -0.00132909      0.043929    0.00956039    0.00130284      0.999953      0.307144
     0.999952   -0.00287817   -0.00932252     -0.219042    0.00286288      0.999995   -0.00165284      0.156588    0.00932723    0.00162607      0.999955      0.250044
     0.999951   -0.00274855   -0.00947229     -0.214668    0.00273012      0.999994   -0.00195861      0.144692    0.00947762    0.00193266      0.999953      0.232073
     0.999949   -0.00266975   -0.00972376     -0.210264    0.00264514      0.999993   -0.00254323     0.0861727    0.00973049    0.00251738      0.999949      0.231273
     0.999948   -0.00284806   -0.00980575     -0.199235    0.00282009      0.999992   -0.00286488      0.161929    0.00981383    0.00283707      0.999948      0.212237
     0.999947   -0.00292776   -0.00987267     -0.197068     0.0029029      0.999993    -0.0025314      0.116099    0.00988001    0.00250261      0.999948      0.252194
     0.999946   -0.00283316   -0.00998324     -0.199807    0.00279972       0.99999   -0.00336173      0.189582    0.00999266     0.0033336      0.999945      0.129768
     0.999942   -0.00299475    -0.0102986     -0.174367    0.00296107       0.99999   -0.00328433      0.218889     0.0103083    0.00325364      0.999942      0.017986
     0.999942   -0.00286531    -0.0104202     -0.193269    0.00284091      0.999993   -0.00235625     0.0263553     0.0104269    0.00232651      0.999943      0.139002
     0.999941   -0.00267113    -0.0105241     -0.199665    0.00264649      0.999994    -0.0023549     0.0937184     0.0105303    0.00232691      0.999942      0.131959
     0.999937   -0.00293363    -0.0107984     -0.178448    0.00290791      0.999993   -0.00239732      0.138504     0.0108053    0.00236577      0.999939      0.129058
     0.999936   -0.00306155    -0.0108792     -0.194293    0.00303518      0.999992   -0.00243961      0.121872     0.0108866    0.00240643      0.999938      0.189951
     0.999937   -0.00304454     -0.010807     -0.210577    0.00302535      0.999994   -0.00179141      0.157974     0.0108124     0.0017586       0.99994      0.208889
     0.999938   -0.00256664    -0.0108561     -0.242535    0.00255728      0.999996  -0.000875551     0.0981716     0.0108583   0.000847734      0.999941       0.21268
     0.999935   -0.00241097    -0.0111225     -0.249472    0.00240166      0.999997  -0.000850515      0.127745     0.0111245   0.000823748      0.999938      0.167327
     0.999935   -0.00272429    -0.0110435     -0.211633    0.00271021      0.999995   -0.00128915       0.18086      0.011047    0.00125913      0.999938      0.130335
     0.999933   -0.00263791    -0.0112938     -0.212027    0.00262917      0.999996  -0.000789011      0.144059     0.0112958   0.000759265      0.999936      0.152155
      0.99993   -0.00324929    -0.0113928     -0.221838    0.00324304      0.999995  -0.000566559      0.129743     0.0113946   0.000529572      0.999935      0.224361
     0.999924   -0.00394405     -0.011653     -0.228878    0.00390872      0.999988   -0.00305333      0.228208     0.0116649    0.00300755      0.999927      0.311056
     0.999919   -0.00326527    -0.0122863     -0.247076    0.00322176      0.999988   -0.00355961      0.212281     0.0122978    0.00351974      0.999918      0.261893
     0.999919   -0.00295034    -0.0123553     -0.262063    0.00291232      0.999991   -0.00309404      0.216646     0.0123644    0.00305781      0.999919      0.206185
     0.999916   -0.00239136    -0.0127201     -0.285232    0.00235828      0.999994   -0.00261468      0.144459     0.0127263    0.00258447      0.999916      0.204063
     0.999914   -0.00219139    -0.0129155     -0.293367    0.00215345      0.999993   -0.00295061      0.198362     0.0129219    0.00292254      0.999912      0.135854
     0.999914   -0.00226384    -0.0128985     -0.288495    0.00223469      0.999995   -0.00227441      0.192191     0.0129035    0.00224539      0.999914      0.133851
     0.999913   -0.00200388    -0.0130524     -0.280339    0.00196333      0.999993   -0.00311853      0.176557     0.0130585    0.00309263       0.99991      0.116541
     0.999911   -0.00176937     -0.013212     -0.286003     0.0017207      0.999992   -0.00369458      0.148625     0.0132184    0.00367152      0.999906      0.116644
     0.999914   -0.00173906    -0.0130122       -0.2969    0.00169441      0.999993   -0.00344167      0.148188     0.0130181    0.00341932      0.999909      0.134466
     0.999908   -0.00146182    -0.0135032      -0.31026    0.00141658      0.999993   -0.00335985      0.219042      0.013508    0.00334041      0.999903     0.0885609
     0.999904   -0.00105823    -0.0138114     -0.325677    0.00100647      0.999992   -0.00375435      0.164166     0.0138152    0.00374009      0.999898     0.0960981
     0.999901   -0.00104617     -0.013997     -0.336756   0.000988126      0.999991   -0.00415298      0.168415     0.0140012    0.00413874      0.999893     0.0963513
     0.999904   -0.00106047    -0.0138031     -0.331665     0.0010008       0.99999   -0.00432912      0.200077     0.0138076    0.00431489      0.999895      0.078209
     0.999899   -0.00129305    -0.0141408     -0.350233    0.00123024      0.999989   -0.00444918      0.160907     0.0141464    0.00443133       0.99989     0.0673071
     0.999898   -0.00127671    -0.0142482     -0.347578    0.00120813      0.999988   -0.00482051      0.194896     0.0142541     0.0048028      0.999887     0.0451618
     0.999897  -0.000557371    -0.0143451     -0.364213   0.000490972      0.999989   -0.00463183      0.178073     0.0143475    0.00462431      0.999886     0.0711354
     0.999893  -0.000832909    -0.0146147     -0.361002   0.000757201      0.999986   -0.00518507      0.200439     0.0146189    0.00517344       0.99988     0.0587234
     0.999892  -0.000658493    -0.0146866     -0.358981   0.000583474      0.999987    -0.0051117      0.152653     0.0146897    0.00510257      0.999879     0.0658512
      0.99989  -0.000885947    -0.0148026     -0.364198   0.000806399      0.999985   -0.00537903      0.204502     0.0148071    0.00536651      0.999876     0.0298294
     0.999893   -0.00137791    -0.0145387      -0.35644    0.00130493      0.999987   -0.00502847      0.161522     0.0145454    0.00500896      0.999882     0.0753449
     0.999892  -0.000916842    -0.0146755     -0.354855   0.000842726      0.999987   -0.00505567      0.163936       0.01468    0.00504275       0.99988      0.040863
     0.999892   -0.00085216    -0.0146968       -0.3663   0.000783142      0.999989   -0.00470123      0.138195     0.0147006    0.00468921      0.999881     0.0561262
     0.999893    -0.0014178    -0.0145466     -0.341246    0.00134079      0.999985   -0.00530197      0.243705     0.0145539     0.0052819       0.99988    -0.0199595
     0.999892    -0.0013785    -0.0146514     -0.313441      0.001299      0.999984   -0.00543422      0.299788     0.0146587     0.0054146      0.999878    -0.0876975
     0.999887   -0.00134158    -0.0149434     -0.344036    0.00126406      0.999986   -0.00519609      0.134446     0.0149501    0.00517661      0.999875   -0.00468095
     0.999888   -0.00101774    -0.0149052     -0.395199   0.000949318      0.999989   -0.00459701     0.0876451     0.0149097    0.00458235      0.999878    0.00293695
     0.999884  -0.000994945    -0.0152086     -0.387468   0.000918182      0.999987   -0.00505347      0.264751     0.0152135    0.00503891      0.999872    -0.0573643
     0.999879  -0.000887409    -0.0155274     -0.411638   0.000817253      0.999989   -0.00452392      0.184719     0.0155312    0.00451068      0.999869    -0.0178971
     0.999881   -0.00101446    -0.0153839     -0.439935   0.000945578      0.999989   -0.00448396      0.133684     0.0153883    0.00446888      0.999872   -0.00878232
     0.999878  -0.000633884    -0.0155978     -0.462284   0.000554427      0.999987   -0.00509787      0.239345     0.0156008    0.00508861      0.999865    -0.0852495
     0.999875  -0.000537048     -0.015792     -0.463735   0.000461204      0.999988   -0.00480594      0.226481     0.0157944    0.00479805      0.999864    -0.0817049
     0.999876   -0.00130667    -0.0156727     -0.459209    0.00124587      0.999992   -0.00388862      0.200968     0.0156776    0.00386861       0.99987     0.0532499
     0.999883   -0.00161177    -0.0151861     -0.469376    0.00155964      0.999993   -0.00344419      0.251079     0.0151915     0.0034201      0.999879      0.273323
     0.999884  -0.000515536    -0.0152142      -0.48598    0.00045836      0.999993   -0.00376134      0.274442      0.015216    0.00375393      0.999877      0.233665
     0.999878  -0.000339909    -0.0156018     -0.498176    0.00026791      0.999989   -0.00461662      0.353141     0.0156032    0.00461188      0.999868      0.158527
     0.999872  -0.000309658    -0.0159844     -0.508849   0.000225425      0.999986    -0.0052712      0.279969     0.0159858    0.00526692      0.999858      0.169316
     0.999868  -0.000636646    -0.0162449     -0.511678   0.000552891      0.999987   -0.00515971      0.298621      0.016248    0.00515004      0.999855      0.128876
     0.999869  -0.000604968    -0.0161472     -0.510051   0.000517173      0.999985    -0.0054408      0.363433     0.0161503    0.00543174      0.999855     0.0461438
      0.99987  -0.000598596    -0.0160844     -0.503477   0.000518386      0.999987   -0.00499055      0.297065     0.0160872    0.00498157      0.999858     0.0863762
     0.999874   -0.00074218    -0.0158406     -0.488962   0.000666675      0.999988   -0.00477129      0.267227      0.015844    0.00476013      0.999863      0.130242
     0.999875  -0.000794814    -0.0157923     -0.484761   0.000721944      0.999989   -0.00461945      0.283222     0.0157958    0.00460747      0.999865      0.137298
     0.999874  -0.000743783    -0.0158371     -0.483925   0.000673069       0.99999   -0.00446997      0.301159     0.0158403    0.00445875      0.999865      0.115495
     0.999875  -0.000920359    -0.0158084     -0.461092   0.000845238      0.999988   -0.00475795      0.312878     0.0158126    0.00474399      0.999864     0.0968834
     0.999873  -0.000591844    -0.0159485     -0.474912   0.000510727      0.999987   -0.00508978        0.2658     0.0159513    0.00508098       0.99986       0.11394
     0.999872  -0.000655557    -0.0160137     -0.446043   0.000566823      0.999984   -0.00554507      0.345946     0.0160171    0.00553529      0.999856     0.0584818
     0.999872  -0.000867877    -0.0160071     -0.441852   0.000790567      0.999988   -0.00483545      0.280062     0.0160111    0.00482218       0.99986      0.116903
     0.999868  -0.000595587    -0.0162154     -0.479138   0.000515094      0.999988   -0.00496768      0.213076     0.0162181    0.00495867      0.999856      0.129594
     0.999872  -0.000951961     -0.015951     -0.460869   0.000876717      0.999988   -0.00472351      0.271451     0.0159553    0.00470892      0.999862      0.100952
     0.999873  -0.000830476    -0.0159122      -0.47423   0.000762864      0.999991   -0.00425468      0.213288     0.0159156      0.004242      0.999864      0.151218
     0.999874   -0.00101363    -0.0158562     -0.474539   0.000932329      0.999986   -0.00513386      0.229991     0.0158612    0.00511843      0.999861      0.147593
     0.999875   -0.00103539    -0.0157622     -0.471568   0.000957559      0.999987   -0.00494434      0.280187     0.0157672    0.00492863      0.999864      0.156007
     0.999873  -0.000720484    -0.0159207     -0.492271   0.000633316      0.999985   -0.00547953      0.293619     0.0159244    0.00546875      0.999858      0.120114
     0.999868  -0.000776994    -0.0162176     -0.483197   0.000679943      0.999982   -0.00598899      0.327644     0.0162219    0.00597717      0.999851     0.0837247
     0.999864   -0.00102873    -0.0164535     -0.468121   0.000938936      0.999985   -0.00546452      0.229443     0.0164588    0.00544833       0.99985      0.120896
     0.999863  -0.000880077    -0.0165267     -0.469613    0.00077731       0.99998   -0.00622367      0.292435     0.0165318    0.00620997      0.999844      0.102048
     0.999862   -0.00093509     -0.016576     -0.478217   0.000828591      0.999979   -0.00643059      0.269303     0.0165816    0.00641597      0.999842      0.123407
     0.999859  -0.000877617    -0.0167817     -0.478382   0.000773677       0.99998   -0.00619913      0.269786     0.0167868    0.00618527       0.99984      0.114424
     0.999861  -0.000839204    -0.0166621     -0.473319   0.000740425      0.999982   -0.00593369      0.289536     0.0166667    0.00592052      0.999844      0.107099
      0.99986  -0.000784724     -0.016687     -0.474049   0.000677154      0.999979   -0.00645101      0.291165     0.0166917    0.00643881       0.99984     0.0528483
     0.999859  -0.000951666    -0.0167786     -0.472806   0.000845309       0.99998    -0.0063448      0.301228     0.0167843    0.00632972      0.999839     0.0477196
     0.999859  -0.000888923    -0.0167759     -0.485472   0.000783997       0.99998   -0.00626011      0.278396     0.0167811    0.00624608       0.99984     0.0640365
     0.999863   -0.00115155    -0.0165037     -0.482282    0.00106539      0.999986   -0.00522854      0.272649     0.0165095    0.00521025       0.99985     0.0758218
     0.999861  -0.000890944    -0.0166697     -0.482354   0.000809414      0.999988   -0.00489702      0.254997     0.0166738    0.00488284      0.999849     0.0602613
     0.999856   -0.00161837    -0.0168845     -0.437955    0.00152111      0.999982     -0.005772      0.335514     0.0168936    0.00574549      0.999841     0.0126152
     0.999852   -0.00193668    -0.0171235     -0.463047    0.00186352      0.999989   -0.00428705      0.302078     0.0171316     0.0042545      0.999844      0.287548
     0.999853  -0.000936906    -0.0171305     -0.474337   0.000856029      0.999988   -0.00472798      0.255129     0.0171347    0.00471262      0.999842      0.251222
     0.999846   -0.00130505    -0.0174921     -0.482047    0.00122732      0.999989   -0.00445353       0.32576     0.0174977    0.00443138      0.999837      0.172855
     0.999847  -0.000408594    -0.0174746     -0.480451   0.000343802      0.999993   -0.00371065      0.283477      0.017476    0.00370408       0.99984      0.170775
      0.99985   -0.00124687    -0.0172561      -0.47151    0.00117237       0.99999   -0.00432665       0.30931     0.0172613    0.00430577      0.999842     0.0969903
     0.999852   -0.00110703     -0.017194     -0.462437    0.00102074      0.999987   -0.00502621      0.286533     0.0171993    0.00500792       0.99984     0.0830323
     0.999847  -0.000852257     -0.017477     -0.487502   0.000761066      0.999986   -0.00522377      0.291897     0.0174812    0.00520967      0.999834     0.0714318
     0.999848  -0.000779752    -0.0174189     -0.494477   0.000694284      0.999988   -0.00491211      0.258435     0.0174225    0.00489927      0.999836     0.0838424
     0.999853  -0.000953756    -0.0171171     -0.470575   0.000877736       0.99999   -0.00444814      0.278036     0.0171212    0.00443246      0.999844      0.104118
     0.999855  -0.000740372    -0.0169928        -0.452   0.000665684       0.99999   -0.00440051      0.274694     0.0169959    0.00438856      0.999846      0.112484
     0.999847  -0.000296047    -0.0175091     -0.454539    0.00020088      0.999985   -0.00543675      0.269114     0.0175105     0.0054324      0.999832     0.0794195
     0.999843  -0.000430157    -0.0177184     -0.456428   0.000333184      0.999985   -0.00547557      0.270969     0.0177205    0.00546881      0.999828      0.103259
     0.999838  -0.000199864    -0.0180063     -0.475815   0.000107795      0.999987   -0.00511399      0.255392     0.0180071    0.00511122      0.999825      0.133217
     0.999834  -1.39147e-05    -0.0182282      -0.47653  -8.33996e-05      0.999986   -0.00533788       0.30234     0.0182281    0.00533852       0.99982      0.128252
     0.999834   2.30174e-05    -0.0182287     -0.488382   -0.00010994      0.999989   -0.00476744      0.266089     0.0182283    0.00476866      0.999822      0.176839
      0.99983   0.000841722    -0.0184442     -0.498197  -0.000919423      0.999991    -0.0042047      0.297718     0.0184405    0.00422094      0.999821      0.164657
     0.999821    0.00105265    -0.0188814     -0.514639   -0.00112987      0.999991   -0.00407927      0.281322     0.0188769    0.00409988      0.999813      0.198148
     0.999822    0.00118334     -0.018822     -0.521419   -0.00126171      0.999991   -0.00415203      0.315731     0.0188169    0.00417504      0.999814      0.160674
     0.999826     0.0010106    -0.0186181      -0.52657   -0.00109025       0.99999   -0.00426851      0.284235     0.0186136    0.00428807      0.999818      0.182253
     0.999832   0.000104989    -0.0183525     -0.513309  -0.000195472      0.999988   -0.00492853       0.28603     0.0183518    0.00493129      0.999819      0.127985
     0.999839    -0.0015835    -0.0178948     -0.478124    0.00150223      0.999989   -0.00455399      0.342005     0.0179018    0.00452637       0.99983      0.208445
     0.999854    -0.0015004    -0.0170298     -0.476641     0.0014442      0.999993   -0.00331215      0.392574     0.0170346    0.00328707      0.999849      0.497814
      0.99985  -0.000941244    -0.0172713     -0.475197   0.000883508      0.999994   -0.00335022      0.434184     0.0172743    0.00333446      0.999845      0.406353
     0.999845   -0.00107736     -0.017598     -0.471651    0.00100149       0.99999   -0.00431958       0.42354     0.0176024    0.00430129      0.999836      0.336733
     0.999842  -0.000982159    -0.0177639      -0.46373   0.000894815      0.999987   -0.00492419      0.426404     0.0177685    0.00490752       0.99983      0.273898
     0.999847     -0.000803     -0.017492     -0.458769   0.000718647      0.999988   -0.00482813      0.435703     0.0174957    0.00481482      0.999835      0.229984
     0.999843   -0.00114727    -0.0176695     -0.458225    0.00105971      0.999987   -0.00496373      0.395067      0.017675    0.00494423      0.999832      0.234272
     0.999836   -0.00117038    -0.0180458     -0.468917    0.00107661      0.999986   -0.00520515      0.406047     0.0180516    0.00518487      0.999824      0.207804
     0.999837   -0.00110995    -0.0180215     -0.479821    0.00102286      0.999988   -0.00484114      0.389284     0.0180267    0.00482192      0.999826      0.227841
     0.999837   -0.00075696    -0.0180432     -0.480112    0.00066936      0.999988   -0.00486053       0.38611     0.0180467    0.00484766      0.999825      0.217087
     0.999833  -0.000471012    -0.0182469     -0.480246   0.000377055      0.999987   -0.00515226      0.363858     0.0182491    0.00514452       0.99982      0.198214
     0.999834  -0.000497441    -0.0181996     -0.471333   0.000406509      0.999987   -0.00499974      0.406899     0.0182019    0.00499151      0.999822      0.204821
