# 3dvolreg matrices (DICOM-to-DICOM, row-by-row):
            1   0.000124343   0.000612537     0.0129171  -0.000124144             1  -0.000324302    -0.0625954  -0.000612578   0.000324226             1    -0.0126804
            1  -0.000149471  -9.90147e-05       0.02157   0.000149428             1   -0.00042692     0.0360658   9.90785e-05   0.000426906             1   -0.00724928
            1   1.50124e-10  -6.32252e-11  -2.34054e-09  -1.50124e-10             1  -5.77736e-12  -2.20873e-09   6.32252e-11   5.77736e-12             1   3.82399e-10
            1   0.000172177   0.000207004    0.00735333  -0.000172107             1  -0.000336113    0.00443967  -0.000207062   0.000336077             1    0.00314402
            1   8.07054e-05   0.000227725    0.00545058  -8.06439e-05             1  -0.000270048     0.0182388  -0.000227747   0.000270029             1     0.0196199
            1  -0.000363324    8.7481e-05    0.00994126   0.000363373             1  -0.000563053     0.0566108  -8.72764e-05   0.000563085             1    -0.0257404
            1  -0.000491517   0.000509287   -0.00815435   0.000491687             1  -0.000333364    -0.0353613  -0.000509123   0.000333614             1    0.00428078
            1  -0.000464547   0.000549275    0.00788733   0.000465058      0.999999  -0.000931165      -0.01279  -0.000548842    0.00093142      0.999999    -0.0101878
            1  -0.000502975   0.000540742    0.00409557   0.000503348             1  -0.000690507    -0.0368635  -0.000540395   0.000690779             1     0.0190759
            1  -0.000499961   0.000605024   6.68496e-05   0.000500278             1  -0.000523918    -0.0353219  -0.000604761   0.000524221             1     0.0029435
            1  -0.000342106   0.000907391    -0.0124045   0.000342099             1   7.75574e-06     -0.058959  -0.000907393  -7.44532e-06             1    -0.0143218
     0.999999  -0.000773741    0.00109796   -0.00536025   0.000773771             1  -2.66759e-05    -0.0725787   -0.00109794   2.75254e-05      0.999999     0.0550597
     0.999999  -0.000932876    0.00129124    0.00118027   0.000933518      0.999999  -0.000496589     -0.118776   -0.00129077   0.000497794      0.999999      0.104671
            1  -0.000685608   0.000620927   -0.00443497   0.000686011             1  -0.000649047    -0.0753025  -0.000620482   0.000649473             1     0.0128942
     0.999999  -0.000796444   0.000683559    -0.0119879   0.000796695             1   -0.00036754    -0.0603134  -0.000683266   0.000368084             1     0.0201157
     0.999999  -0.000713681   0.000829308     -0.020562   0.000713916             1   -0.00028323     -0.103555  -0.000829106   0.000283822             1     0.0060472
     0.999999  -0.000526384   0.000878419    -0.0214296   0.000526642             1  -0.000293334    -0.0689713  -0.000878265   0.000293797             1     -0.042119
     0.999999  -0.000540703   0.000917458    -0.0220734   0.000541253             1  -0.000599173     -0.100386  -0.000917133   0.000599669      0.999999    -0.0411039
            1  -0.000709008   0.000403288    -0.0246836   0.000709654      0.999998   -0.00160567   -0.00429311  -0.000402149    0.00160596      0.999999    -0.0479362
            1  -0.000698989   0.000565814    -0.0340065   0.000699705      0.999999   -0.00126722    -0.0916994  -0.000564927    0.00126761      0.999999    -0.0107853
            1  -0.000548405    0.00048026    -0.0315747   0.000549123      0.999999   -0.00149725    -0.0563324  -0.000479438    0.00149751      0.999999    -0.0431861
            1  -0.000410431   0.000538848    -0.0429765   0.000411041      0.999999   -0.00113223     -0.104359  -0.000538383    0.00113246      0.999999    -0.0601365
            1  -0.000305805   0.000571727    -0.0450518   0.000306658      0.999999   -0.00149348    -0.0929251   -0.00057127    0.00149365      0.999999     -0.101685
            1  -0.000219537   0.000342301    -0.0506589   0.000220044      0.999999   -0.00148183     -0.100614  -0.000341975    0.00148191      0.999999    -0.0798356
            1  -9.24602e-05   0.000184902    -0.0522252   9.27184e-05      0.999999   -0.00139642     -0.130734  -0.000184772    0.00139644      0.999999    -0.0972284
            1  -2.31839e-05   8.00589e-05    -0.0436442   2.32985e-05      0.999999   -0.00143164    -0.0884953  -8.00256e-05    0.00143164      0.999999    -0.0909564
            1   4.60642e-05   8.31346e-05    -0.0410699   -4.5945e-05      0.999999   -0.00143329     -0.134737  -8.32005e-05    0.00143328      0.999999    -0.0735762
            1   2.36915e-05  -1.43816e-05    -0.0287017  -2.37146e-05      0.999999   -0.00160447    -0.0845131   1.43435e-05    0.00160447      0.999999     -0.121694
            1   0.000185076   0.000188803     -0.033392  -0.000184825      0.999999   -0.00132898      -0.13677  -0.000189049    0.00132894      0.999999    -0.0931672
            1   0.000247093   2.15154e-05    -0.0282552  -0.000247062      0.999999   -0.00144507     -0.105101  -2.18725e-05    0.00144506      0.999999     -0.105172
            1    0.00030425  -3.65237e-05    -0.0354781   -0.00030429      0.999999   -0.00107993     -0.170366   3.61951e-05    0.00107994      0.999999    -0.0802488
            1   0.000495601  -0.000513935    -0.0416731  -0.000496137      0.999999   -0.00104226     -0.138618   0.000513418    0.00104251      0.999999     -0.105687
            1   0.000372674  -0.000449297    -0.0445054  -0.000372997             1  -0.000719339     -0.184099   0.000449029   0.000719507             1     -0.061026
            1   0.000289076  -0.000124773    -0.0328726  -0.000289166             1  -0.000720294     -0.168232   0.000124564    0.00072033             1     -0.102145
            1   0.000223649  -1.42729e-05    -0.0398019  -0.000223652             1  -0.000213266      -0.17582   1.42252e-05   0.000213269             1    -0.0960507
            1   0.000235846  -0.000235649     -0.035789   -0.00023599             1  -0.000610929     -0.186897   0.000235504   0.000610985             1    -0.0905051
            1   0.000120804  -0.000227299     -0.035413  -0.000120964             1  -0.000705009     -0.212406   0.000227214   0.000705037             1     -0.074551
            1   7.44166e-05  -0.000353018    -0.0381958  -7.47722e-05      0.999999   -0.00100737     -0.167295   0.000352943    0.00100739      0.999999    -0.0930953
            1   0.000157686  -0.000624103    -0.0523515  -0.000158096             1   -0.00065686     -0.204844   0.000623999   0.000656959             1    -0.0677741
            1   0.000364935   -0.00076908    -0.0540136  -0.000365327             1   -0.00050966     -0.186834   0.000768893    0.00050994             1     -0.109232
            1    0.00040039  -0.000823616    -0.0777101  -0.000400708             1  -0.000386188     -0.210811   0.000823461   0.000386518             1    -0.0960789
     0.999999   0.000543547   -0.00134105    -0.0967462  -0.000544012             1  -0.000346319     -0.213357    0.00134086   0.000347048      0.999999     -0.111388
     0.999998   0.000210661   -0.00197686     -0.102372  -0.000211733             1   -0.00054208      -0.20943    0.00197674   0.000542498      0.999998    -0.0932825
     0.999997   0.000248497   -0.00228917    -0.0987572  -0.000249866             1  -0.000597981     -0.211163    0.00228902   0.000598552      0.999997     -0.110777
     0.999997   8.35967e-05    -0.0023034    -0.0833658  -8.45102e-05             1  -0.000396492     -0.216222    0.00230336   0.000396686      0.999997    -0.0861159
     0.999996   1.68883e-05   -0.00268352    -0.0716911  -1.89412e-05             1  -0.000764969       -0.2137    0.00268351   0.000765017      0.999996     -0.106044
     0.999997  -2.31176e-05   -0.00256683    -0.0886138    2.1693e-05             1  -0.000555043      -0.19944    0.00256684   0.000554986      0.999997     -0.127987
     0.999997  -0.000170655   -0.00246831    -0.0875444   0.000168904             1  -0.000709804     -0.241842    0.00246843   0.000709385      0.999997     -0.142883
     0.999997   -0.00032397   -0.00242857    -0.0720105   0.000321829             1  -0.000881571     -0.243423    0.00242886   0.000880787      0.999997     -0.114379
     0.999997  -0.000328066   -0.00261399    -0.0615087   0.000325794             1   -0.00086928     -0.244346    0.00261428   0.000868426      0.999996     -0.109435
     0.999996  -0.000528369   -0.00269952    -0.0634943   0.000526814             1  -0.000576838     -0.282593    0.00269982   0.000575414      0.999996     -0.131704
     0.999996  -0.000683065   -0.00274263    -0.0541187   0.000680172      0.999999   -0.00105579     -0.230322    0.00274335    0.00105392      0.999996     -0.163713
     0.999996  -0.000386892   -0.00267764    -0.0718496   0.000386002             1  -0.000333112     -0.264571    0.00267777   0.000332077      0.999996     -0.113804
     0.999996  -0.000464368   -0.00274895    -0.0762986   0.000462903             1  -0.000533549     -0.242191    0.00274919   0.000532275      0.999996     -0.145836
     0.999997  -0.000549718   -0.00256498    -0.0847609   0.000550022             1   0.000117868     -0.279053    0.00256491  -0.000119279      0.999997     -0.117686
     0.999997  -0.000439855   -0.00253648    -0.0818354   0.000440057             1   7.92328e-05     -0.236078    0.00253645  -8.03487e-05      0.999997     -0.145166
     0.999997  -0.000528692   -0.00239511    -0.0820349   0.000528901             1   8.68668e-05     -0.230801    0.00239506  -8.81333e-05      0.999997     -0.160188
     0.999997  -0.000638733   -0.00233642    -0.0674744   0.000636713      0.999999  -0.000865338      -0.17963    0.00233697   0.000863848      0.999997     -0.179023
     0.999997  -0.000734689   -0.00233114    -0.0759068   0.000734497             1  -8.31376e-05     -0.267107     0.0023312   8.14251e-05      0.999997     -0.124929
     0.999997  -0.000687576   -0.00236381    -0.0814194   0.000687667             1   3.76443e-05      -0.26235    0.00236378  -3.92697e-05      0.999997     -0.147859
     0.999997  -0.000835311   -0.00235131    -0.0888496   0.000836247             1   0.000397045     -0.257988    0.00235097   -0.00039901      0.999997     -0.137616
     0.999997  -0.000786896   -0.00215763    -0.0941048   0.000786877             1  -9.83981e-06     -0.242204    0.00215764   8.14199e-06      0.999998     -0.200621
     0.999998  -0.000721612   -0.00207485    -0.0902728   0.000722067             1   0.000218543      -0.20689    0.00207469   -0.00022004      0.999998     -0.218143
     0.999996   -0.00124798   -0.00243029     -0.095568    0.00124879      0.999999   0.000330271     -0.308844    0.00242988  -0.000333305      0.999997    -0.0993265
     0.999996    -0.0022032   -0.00192672     -0.102908    0.00220669      0.999996    0.00181095     -0.194326    0.00192272    -0.0018152      0.999997       0.14687
     0.999997   -0.00167673   -0.00163298     -0.118619    0.00168219      0.999993    0.00335164     -0.196227    0.00162735   -0.00335438      0.999993      0.155341
     0.999998   -0.00116966   -0.00158608     -0.127746     0.0011741      0.999995    0.00280113     -0.216337     0.0015828   -0.00280299      0.999995     0.0873495
     0.999997   -0.00112511   -0.00204256     -0.127008    0.00112974      0.999997    0.00226395     -0.176279       0.00204   -0.00226626      0.999995     0.0187602
     0.999997  -0.000653318   -0.00241488     -0.154739   0.000658979      0.999997    0.00234435     -0.249708    0.00241334   -0.00234594      0.999994     0.0153974
     0.999997   -0.00059597    -0.0024305     -0.148524   0.000601259      0.999997    0.00217623      -0.18307     0.0024292   -0.00217768      0.999995    -0.0572411
     0.999997  -0.000770852   -0.00232538     -0.161677     0.0007769      0.999996     0.0026008      -0.22545    0.00232337    -0.0026026      0.999994    -0.0533813
     0.999996  -0.000589494   -0.00262167     -0.188538   0.000594544      0.999998    0.00192588     -0.198826    0.00262053   -0.00192743      0.999995    -0.0754718
     0.999996  -0.000590854   -0.00262719     -0.178148   0.000595387      0.999998     0.0017251     -0.208959    0.00262617   -0.00172666      0.999995    -0.0808307
     0.999996  -0.000761555   -0.00267782     -0.161282   0.000765706      0.999999    0.00154922     -0.245135    0.00267664   -0.00155126      0.999995     -0.113922
     0.999996  -0.000687418   -0.00282474     -0.147903   0.000690074      0.999999   0.000939269     -0.211913    0.00282409  -0.000941215      0.999996     -0.156769
     0.999995  -0.000582789   -0.00298771     -0.158085   0.000585728      0.999999   0.000982952     -0.250111    0.00298713  -0.000984697      0.999995     -0.172554
     0.999995  -0.000352951   -0.00316033     -0.155966   0.000356441      0.999999    0.00110384     -0.226252    0.00315994   -0.00110496      0.999994     -0.169568
     0.999996  -0.000283953   -0.00291472     -0.163104   0.000289287      0.999998    0.00182998     -0.279595     0.0029142   -0.00183082      0.999994      -0.13464
     0.999996  -0.000436619   -0.00267365     -0.152872   0.000441116      0.999998    0.00168146     -0.228956    0.00267291   -0.00168263      0.999995     -0.185428
     0.999996  -0.000461209   -0.00281407     -0.156955    0.00046616      0.999998    0.00175897     -0.267596    0.00281326   -0.00176028      0.999994     -0.166161
     0.999995  -0.000168917   -0.00320228     -0.161255   0.000171992             1   0.000960053     -0.255392    0.00320211  -0.000960598      0.999994     -0.204608
     0.999993   0.000162982   -0.00364455     -0.175967   -0.00015883      0.999999    0.00113954      -0.27853    0.00364473   -0.00113896      0.999993     -0.178844
     0.999991   8.59991e-05   -0.00425532     -0.170671   -8.2741e-05             1   0.000765836     -0.252926    0.00425538  -0.000765477      0.999991     -0.212486
     0.999991   4.88612e-05   -0.00424495     -0.175234  -4.39389e-05      0.999999    0.00115965     -0.297548    0.00424501   -0.00115945       0.99999     -0.193902
     0.999988   0.000515882   -0.00489252     -0.192579  -0.000512163             1   0.000761285     -0.270847    0.00489291   -0.00075877      0.999988     -0.207177
     0.999988   0.000904917   -0.00490722     -0.210204  -0.000900025      0.999999   0.000999105     -0.317625    0.00490812  -0.000994676      0.999987     -0.209872
     0.999987    0.00109918   -0.00501037     -0.215971   -0.00109699      0.999999   0.000440998     -0.297808    0.00501085  -0.000435496      0.999987     -0.246463
     0.999985    0.00128648   -0.00532874     -0.227367   -0.00128384      0.999999    0.00049963     -0.298139    0.00532938  -0.000492781      0.999986     -0.237884
     0.999984    0.00138056   -0.00554585      -0.22724   -0.00138059      0.999999  -1.55758e-06     -0.296715    0.00554584   9.21409e-06      0.999985     -0.256175
     0.999982    0.00148036   -0.00581933     -0.227455   -0.00148215      0.999999  -0.000304493     -0.320027    0.00581888   0.000313112      0.999983     -0.242617
      0.99998    0.00143084   -0.00610874     -0.227014   -0.00143572      0.999999  -0.000796049     -0.338256    0.00610759   0.000804803      0.999981     -0.251571
     0.999978    0.00153609   -0.00647239     -0.224239   -0.00154168      0.999998  -0.000859523     -0.317303    0.00647105   0.000869482      0.999979     -0.229544
     0.999977    0.00177658   -0.00656829     -0.228689   -0.00178538      0.999998   -0.00133309     -0.331769     0.0065659    0.00134479      0.999978     -0.262901
     0.999977    0.00199048    -0.0065544     -0.232169   -0.00200006      0.999997   -0.00145454     -0.294392    0.00655149    0.00146762      0.999977     -0.292304
     0.999976    0.00217599   -0.00663593      -0.24476   -0.00218213      0.999997  -0.000918464     -0.373724    0.00663391   0.000932922      0.999978     -0.236283
     0.999975    0.00217075   -0.00673313     -0.236478   -0.00217568      0.999997  -0.000725416     -0.320214    0.00673154   0.000740047      0.999977     -0.258579
     0.999975     0.0020341   -0.00674658     -0.237749   -0.00203899      0.999998  -0.000716813     -0.299462    0.00674511   0.000730552      0.999977     -0.264768
     0.999977    0.00168077   -0.00649486      -0.21373   -0.00169156      0.999997   -0.00165661     -0.235751    0.00649205    0.00166756      0.999978     -0.336926
     0.999981    0.00125756   -0.00611696     -0.205479   -0.00126468      0.999999   -0.00115876     -0.357973     0.0061155    0.00116647      0.999981     -0.260719
     0.999981    0.00110505   -0.00600053     -0.179687   -0.00110748      0.999999  -0.000401758     -0.340483    0.00600008   0.000408396      0.999982     -0.234338
     0.999982   0.000894446   -0.00599367     -0.171008  -0.000895103             1  -0.000106925     -0.326014    0.00599357   0.000112288      0.999982     -0.234264
     0.999984   0.000732011   -0.00565387     -0.156804  -0.000732855             1  -0.000147227     -0.346341    0.00565376   0.000151368      0.999984     -0.259944
     0.999986    0.00062484   -0.00532506     -0.155009  -0.000621737             1   0.000584343     -0.364559    0.00532543  -0.000581024      0.999986     -0.250595
     0.999986  -4.69286e-05   -0.00531115     -0.115547   4.88089e-05             1   0.000353897     -0.377036    0.00531113  -0.000354151      0.999986     -0.210443
     0.999992  -0.000904681   -0.00397029    -0.0681833   0.000911815      0.999998    0.00179526     -0.295151    0.00396865   -0.00179886      0.999991     0.0873356
     0.999996  -0.000664574   -0.00274017    -0.0679616   0.000677173      0.999989    0.00459944     -0.333872    0.00273708   -0.00460128      0.999986      0.194202
     0.999995  -0.000482536   -0.00310598    -0.0523271   0.000499872      0.999984    0.00558339     -0.242362    0.00310324   -0.00558491       0.99998      0.148695
     0.999996  -0.000205333   -0.00297851    -0.0827229    0.00022514      0.999978    0.00665091     -0.340513    0.00297708   -0.00665155      0.999973      0.243123
     0.999995  -0.000110396   -0.00318337    -0.0810167   0.000129152      0.999983    0.00589199     -0.246265    0.00318267   -0.00589237      0.999978      0.123256
     0.999995  -0.000683918    -0.0031278    -0.0719936   0.000695717      0.999993    0.00377294     -0.267107    0.00312519    -0.0037751      0.999988      0.118812
     0.999995   -0.00153829   -0.00287446    -0.0880172    0.00154284      0.999998    0.00157931     -0.246728    0.00287202   -0.00158373      0.999995      0.157749
     0.999994   -0.00101526   -0.00345637     -0.105099    0.00102462      0.999996     0.0027064     -0.271383    0.00345361   -0.00270993       0.99999      0.132499
     0.999993  -0.000917926   -0.00368123    -0.0963084   0.000925946      0.999997    0.00217739     -0.268472    0.00367922   -0.00218078      0.999991      0.105558
     0.999993  -0.000774306   -0.00362399     -0.103047   0.000783755      0.999996    0.00260683     -0.325809    0.00362196   -0.00260966       0.99999       0.13361
     0.999994  -0.000826863   -0.00343446    -0.0803874   0.000833014      0.999998    0.00178988     -0.295065    0.00343297   -0.00179273      0.999993     0.0557519
     0.999993  -0.000615864   -0.00367828    -0.0925149   0.000620717      0.999999    0.00131835     -0.347898    0.00367747   -0.00132062      0.999992     0.0729043
     0.999992  -0.000512449   -0.00398585    -0.0876913   0.000517033      0.999999    0.00114918     -0.300653    0.00398526   -0.00115123      0.999991     0.0219578
     0.999992  -0.000640906   -0.00394532    -0.0808574   0.000646147      0.999999    0.00132735     -0.322125    0.00394446   -0.00132989      0.999991     0.0271884
     0.999992    -0.0009419   -0.00377686     -0.058175    0.00094542      0.999999   0.000930398     -0.350246    0.00377598  -0.000933962      0.999992    0.00419145
     0.999993   -0.00105201   -0.00368145    -0.0564746    0.00105537      0.999999   0.000910715      -0.31439    0.00368049  -0.000914594      0.999993   -0.00209937
     0.999992   -0.00101962   -0.00386123    -0.0402236    0.00102223      0.999999   0.000674513     -0.248002    0.00386054  -0.000678455      0.999992    -0.0421958
     0.999989    -0.0012427   -0.00452168   -0.00695038    0.00124666      0.999999    0.00087364     -0.242434    0.00452059  -0.000879268      0.999989    -0.0685897
     0.999987   -0.00101673   -0.00506114    -0.0387133    0.00102532      0.999998    0.00169545     -0.386072     0.0050594   -0.00170061      0.999986     0.0910227
     0.999987   -0.00100912   -0.00493342    -0.0361502    0.00101902      0.999997    0.00200376     -0.316442    0.00493138   -0.00200876      0.999986     0.0239834
     0.999987  -0.000678214   -0.00500676    -0.0444395   0.000689449      0.999997     0.0022426     -0.304166    0.00500522   -0.00224603      0.999985   -0.00841067
     0.999986   -0.00053253   -0.00517502    -0.0471853   0.000545242      0.999997    0.00245537     -0.342428     0.0051737   -0.00245816      0.999984    -0.0192408
     0.999988   -0.00227274   -0.00428475     -0.042807    0.00226863      0.999997  -0.000963511     -0.213772    0.00428692   0.000953779       0.99999     0.0994967
     0.999986   -0.00268575    -0.0045103    -0.0552696    0.00267934      0.999995   -0.00142603     -0.260599    0.00451411    0.00141392      0.999989      0.147224
     0.999984   -0.00293902   -0.00478882    -0.0594444    0.00293104      0.999994    -0.0016709     -0.225138    0.00479371    0.00165684      0.999987      0.172043
     0.999983   -0.00295667   -0.00508161    -0.0539554    0.00294951      0.999995   -0.00141482     -0.149997    0.00508577    0.00139981      0.999986      0.140614
     0.999984   -0.00294837   -0.00491352    -0.0421428    0.00294412      0.999995  -0.000873366     -0.200644    0.00491607   0.000858886      0.999988      0.105587
     0.999983   -0.00311605   -0.00496412    -0.0426804    0.00311359      0.999995  -0.000503387     -0.205117    0.00496566   0.000487922      0.999988     0.0830918
     0.999983   -0.00329132   -0.00485878    -0.0449471    0.00329206      0.999995   0.000144199     -0.222738    0.00485828  -0.000160192      0.999988      0.052287
     0.999983   -0.00284589   -0.00501729    -0.0862031    0.00284681      0.999996   0.000177989     -0.332165    0.00501676  -0.000192269      0.999987     0.0561863
     0.999983   -0.00280606   -0.00512316    -0.0663145    0.00280519      0.999996  -0.000178305     -0.207575    0.00512364    0.00016393      0.999987    -0.0426979
     0.999981   -0.00274522   -0.00543242    -0.0640529    0.00274601      0.999996   0.000138536     -0.280415    0.00543202  -0.000153451      0.999985     0.0134301
     0.999982   -0.00269079   -0.00545304    -0.0878978    0.00269029      0.999996  -9.97241e-05     -0.355374    0.00545328    8.5052e-05      0.999985     0.0367597
     0.999983   -0.00268137   -0.00523339     -0.102144    0.00268022      0.999996  -0.000227532     -0.380577    0.00523398   0.000213502      0.999986    0.00973053
     0.999983   -0.00320133   -0.00477793    -0.0643388    0.00319811      0.999995  -0.000681632     -0.296097    0.00478009   0.000666341      0.999988    -0.0555178
     0.999982   -0.00326959   -0.00505452    -0.0568534    0.00326748      0.999995  -0.000425966     -0.338162    0.00505589   0.000409443      0.999987    -0.0203128
     0.999979   -0.00336611    -0.0055105    -0.0496761    0.00336526      0.999994  -0.000163452     -0.307106    0.00551102   0.000144904      0.999985    -0.0611642
     0.999978   -0.00346406   -0.00562002    -0.0668317    0.00346797      0.999994    0.00068774     -0.382774     0.0056176  -0.000707215      0.999984    -0.0520773
      0.99998   -0.00289406   -0.00567072     -0.122826    0.00290181      0.999995    0.00135952     -0.550536    0.00566676   -0.00137595      0.999983    -0.0106023
     0.999979   -0.00255127   -0.00601053     -0.126928    0.00255593      0.999996   0.000767067     -0.375738    0.00600855  -0.000782413      0.999982    -0.0634019
     0.999976   -0.00279312   -0.00629744     -0.110028    0.00279815      0.999996   0.000791201     -0.314834     0.0062952  -0.000808804       0.99998    -0.0884328
     0.999975   -0.00244778   -0.00668607     -0.147441    0.00245502      0.999996    0.00107408     -0.467572    0.00668342   -0.00109047      0.999977    -0.0432842
     0.999972   -0.00186949   -0.00725406     -0.180876    0.00188368      0.999996    0.00194907      -0.46032    0.00725039   -0.00196268      0.999972    -0.0261639
     0.999972   -0.00189941   -0.00729296     -0.191109    0.00191607      0.999996    0.00227865     -0.423476     0.0072886   -0.00229256      0.999971    -0.0362784
     0.999974   -0.00284283   -0.00665876     -0.156594    0.00284891      0.999996   0.000903817     -0.307598    0.00665616  -0.000922764      0.999977    -0.0575837
     0.999973   -0.00277938   -0.00678639     -0.162467    0.00279032      0.999995    0.00160286     -0.420673     0.0067819   -0.00162175      0.999976    -0.0372642
     0.999974   -0.00247646   -0.00683928     -0.182184     0.0024872      0.999996    0.00156252     -0.490803    0.00683538   -0.00157949      0.999975    -0.0560318
     0.999972    -0.0025198    -0.0071103     -0.184577    0.00253488      0.999995    0.00211197     -0.410858    0.00710494   -0.00212993      0.999972    -0.0993457
     0.999972   -0.00255576   -0.00705986     -0.198516    0.00257515      0.999993    0.00273993     -0.496519    0.00705281   -0.00275804      0.999971    -0.0756507
     0.999972   -0.00246507     -0.007113     -0.179844    0.00247944      0.999995    0.00201303     -0.387591      0.007108    -0.0020306      0.999973     -0.114789
     0.999967   -0.00200741   -0.00788135     -0.211408    0.00202677      0.999995    0.00244906     -0.449423    0.00787639   -0.00246495      0.999966    -0.0825213
     0.999966   -0.00217073   -0.00793607     -0.217611    0.00218737      0.999995    0.00208875     -0.429541     0.0079315   -0.00210603      0.999966     -0.131052
     0.999967   -0.00229197   -0.00784725      -0.22042    0.00231156      0.999994    0.00248747     -0.441999    0.00784151   -0.00250552      0.999966     -0.138588
     0.999969   -0.00199343   -0.00757236     -0.238926    0.00201602      0.999994    0.00297766     -0.497771    0.00756638   -0.00299283      0.999967     -0.122433
     0.999966   -0.00202263   -0.00794672     -0.233094    0.00204512      0.999994    0.00282255     -0.463995    0.00794096   -0.00283871      0.999964     -0.125751
     0.999962   -0.00276908     -0.008321      -0.23797    0.00278564      0.999994    0.00197923     -0.479779    0.00831547   -0.00200233      0.999963   -0.00936582
     0.999959   -0.00226695   -0.00876268     -0.270873    0.00228917      0.999994    0.00252684     -0.460368     0.0087569   -0.00254679      0.999958      0.015607
     0.999956   -0.00187069   -0.00923604     -0.264406    0.00188633      0.999997    0.00168569     -0.434159    0.00923286   -0.00170304      0.999956    -0.0563108
     0.999955    -0.0018094   -0.00929451      -0.25505    0.00182861      0.999996    0.00205926     -0.433242    0.00929075   -0.00207617      0.999955    -0.0634024
      0.99996   -0.00170852   -0.00878198     -0.252418    0.00172986      0.999996     0.0024225     -0.470392     0.0087778    -0.0024376      0.999959    -0.0642541
     0.999963    -0.0018191   -0.00835161     -0.246207    0.00183931      0.999995    0.00241313     -0.461178    0.00834718    -0.0024284      0.999962    -0.0900805
     0.999967   -0.00199947   -0.00793314     -0.237241    0.00201725      0.999995    0.00223407     -0.468464    0.00792864   -0.00224999      0.999966     -0.116926
     0.999966   -0.00183338   -0.00802646     -0.240653    0.00184946      0.999996    0.00199636     -0.459516    0.00802277   -0.00201114      0.999966      -0.11885
     0.999965   -0.00173241   -0.00814718     -0.239308    0.00174761      0.999997    0.00185821     -0.472921    0.00814393   -0.00187238      0.999965      -0.10469
     0.999964   -0.00162816   -0.00837866     -0.255992    0.00164063      0.999998    0.00148161     -0.466557    0.00837622    -0.0014953      0.999964     -0.125017
     0.999963     -0.001643   -0.00845406     -0.256765     0.0016492      0.999998   0.000726475     -0.452348    0.00845286   -0.00074039      0.999964     -0.164687
     0.999961   -0.00160014   -0.00865558     -0.274032    0.00160636      0.999998   0.000711158     -0.515138    0.00865443  -0.000725035      0.999962      -0.14376
     0.999958   -0.00189038   -0.00900564     -0.256864    0.00189026      0.999998  -2.20391e-05      -0.43013    0.00900567   5.01513e-06      0.999959     -0.157684
     0.999959   -0.00209683   -0.00880345     -0.289255    0.00209827      0.999998   0.000155078     -0.488077     0.0088031  -0.000173544      0.999961     -0.135089
     0.999957   -0.00242855   -0.00890476     -0.290443    0.00242764      0.999997  -0.000112954     -0.433089    0.00890501   9.13313e-05       0.99996     -0.175203
     0.999957   -0.00240424   -0.00891662     -0.306115    0.00240675      0.999997   0.000270921     -0.443608    0.00891594  -0.000292369       0.99996     -0.158152
     0.999954   -0.00210617   -0.00934486     -0.303666    0.00210641      0.999998   1.61899e-05     -0.450774     0.0093448  -3.58732e-05      0.999956     -0.170647
     0.999954    -0.0020157   -0.00934391     -0.302636    0.00201755      0.999998   0.000189016     -0.425945    0.00934351  -0.000207859      0.999956     -0.160895
     0.999956   -0.00200683   -0.00915834     -0.330375    0.00201358      0.999998   0.000728025     -0.483427    0.00915686  -0.000746434      0.999958     -0.167091
     0.999952   -0.00211396   -0.00959494     -0.334521    0.00211427      0.999998   2.16076e-05     -0.368865    0.00959487  -4.18928e-05      0.999954     -0.228016
     0.999947   -0.00284725   -0.00990392     -0.355847    0.00284867      0.999996   0.000129565     -0.371992    0.00990351  -0.000157771      0.999951    -0.0819526
      0.99995   -0.00255493   -0.00966674     -0.348485    0.00255878      0.999997   0.000386198     -0.466828    0.00966572  -0.000410914      0.999953    -0.0722963
     0.999953   -0.00239999    -0.0094179      -0.33186    0.00240387      0.999997   0.000401029     -0.457848    0.00941691  -0.000423649      0.999956     -0.124859
     0.999953   -0.00269559   -0.00928567      -0.30991     0.0026983      0.999996    0.00027927     -0.414344    0.00928488  -0.000304312      0.999957     -0.157588
     0.999952   -0.00292459   -0.00935407     -0.291261    0.00292614      0.999996   0.000151591     -0.447386    0.00935359  -0.000178955      0.999956     -0.161851
     0.999952   -0.00291101   -0.00931151     -0.281581    0.00291033      0.999996  -8.73574e-05     -0.397849    0.00931173   6.02537e-05      0.999957     -0.207868
     0.999951   -0.00286418   -0.00949158     -0.276129    0.00286538      0.999996   0.000112793     -0.439657    0.00949122  -0.000139984      0.999955     -0.181118
     0.999947   -0.00289977   -0.00991587     -0.267275    0.00289695      0.999996  -0.000298996     -0.435986     0.0099167   0.000270254      0.999951     -0.190928
     0.999949   -0.00271856   -0.00969038     -0.258702    0.00271886      0.999996   1.75781e-05     -0.409432     0.0096903   -4.3924e-05      0.999953     -0.165602
      0.99995   -0.00240274   -0.00971204     -0.275412    0.00240155      0.999997  -0.000134105     -0.474279    0.00971234   0.000110775      0.999953     -0.157478
     0.999946   -0.00234462    -0.0100821     -0.278971    0.00233888      0.999997  -0.000581674     -0.419794     0.0100834   0.000558062      0.999949     -0.187035
     0.999944    -0.0026223    -0.0102065     -0.281366    0.00261765      0.999996  -0.000469076     -0.430675     0.0102077   0.000442333      0.999948     -0.168922
     0.999945   -0.00283944    -0.0100719     -0.270316    0.00282875      0.999995   -0.00107537     -0.362574     0.0100749    0.00104682      0.999949     -0.183806
     0.999943   -0.00292588    -0.0102589      -0.27878      0.002918      0.999995  -0.000782786     -0.449099     0.0102611   0.000752806      0.999947     -0.154792
     0.999945   -0.00306356    -0.0100106     -0.270275    0.00305281      0.999995   -0.00108857     -0.430198     0.0100139    0.00105795      0.999949     -0.201757
     0.999943   -0.00333458     -0.010135     -0.269122    0.00332586      0.999994  -0.000876989     -0.413048     0.0101379   0.000843232      0.999948     -0.238178
     0.999941     -0.003191     -0.010407     -0.278754    0.00318498      0.999995  -0.000594877      -0.46623     0.0104088   0.000561695      0.999946     -0.235524
     0.999942   -0.00316188    -0.0103277     -0.264859    0.00315949      0.999995  -0.000247738     -0.388648     0.0103284   0.000215093      0.999947     -0.268212
     0.999945   -0.00315279    -0.0100495     -0.306716    0.00315931      0.999995   0.000633182     -0.493764     0.0100474  -0.000664896      0.999949     -0.233844
     0.999945   -0.00319142    -0.0100039     -0.310129    0.00319443      0.999995   0.000285002     -0.460419     0.0100029  -0.000316942       0.99995     -0.249075
     0.999939   -0.00355999    -0.0104667     -0.307263    0.00355828      0.999994  -0.000182183     -0.437425     0.0104673   0.000144929      0.999945     -0.247054
      0.99994   -0.00425165    -0.0101282     -0.304412     0.0042404       0.99999   -0.00113196     -0.426574     0.0101329    0.00108895      0.999948    -0.0682305
     0.999938   -0.00395207    -0.0103943     -0.306313    0.00394061      0.999992   -0.00112271     -0.387351     0.0103987    0.00108168      0.999945    -0.0779178
     0.999934   -0.00370144    -0.0108787     -0.310273    0.00369488      0.999993  -0.000623045     -0.364034     0.0108809   0.000582809      0.999941     -0.118528
     0.999932   -0.00369953    -0.0110538     -0.311992    0.00369667      0.999993  -0.000279976     -0.449679     0.0110547   0.000239095      0.999939    -0.0998795
     0.999934   -0.00371206    -0.0108532     -0.326713    0.00371064      0.999993  -0.000151256     -0.412496     0.0108537   0.000110974      0.999941     -0.140687
     0.999936   -0.00348946    -0.0107909     -0.324061    0.00348642      0.999994  -0.000300268     -0.358011     0.0107919   0.000262627      0.999942     -0.176065
     0.999936   -0.00366869    -0.0107465     -0.305793    0.00366119      0.999993  -0.000717395     -0.438233     0.0107491   0.000678004      0.999942     -0.153217
     0.999935   -0.00383606      -0.01075      -0.29068    0.00382287      0.999992   -0.00124652     -0.388307     0.0107547    0.00120535      0.999941     -0.152035
     0.999935     -0.003803    -0.0107262     -0.293664    0.00378704      0.999992   -0.00150769     -0.403184     0.0107318    0.00146697      0.999941     -0.118068
     0.999936   -0.00388925    -0.0105784     -0.305306    0.00386788       0.99999   -0.00204015     -0.372462     0.0105862    0.00199911      0.999942     -0.158583
     0.999944   -0.00331029    -0.0100836     -0.339767    0.00328734      0.999992   -0.00229152     -0.362434     0.0100911    0.00225825      0.999947     -0.191707
     0.999943   -0.00331911    -0.0101084     -0.325414    0.00329488      0.999992   -0.00241334     -0.333268     0.0101163     0.0023799      0.999946     -0.227312
