# 3dvolreg matrices (DICOM-to-DICOM, row-by-row):
            1  -0.000254956    0.00028353    -0.0316987   0.000254827             1   0.000454707     0.0779718  -0.000283646  -0.000454634             1    -0.0142773
            1   0.000372344   0.000312673    -0.0102892  -0.000372346             1   5.77493e-06      0.147508   -0.00031267  -5.89135e-06             1     -0.158907
            1  -8.99494e-11   2.69425e-10     6.236e-09   8.99494e-11             1  -1.03779e-10  -1.50198e-09  -2.69425e-10   1.03779e-10             1   8.74787e-09
            1   0.000475569   0.000213569   -0.00452431  -0.000475363      0.999999  -0.000964436      0.218512  -0.000214027   0.000964335             1     -0.129469
            1   0.000208697   -9.3473e-05     0.0215124  -0.000208771             1  -0.000785703     0.0106961    9.3309e-05   0.000785723             1    -0.0118101
            1   0.000628768   0.000157703     0.0083147  -0.000628485      0.999998   -0.00178901      0.238527  -0.000158828    0.00178891      0.999998     -0.144367
            1  -0.000243996  -0.000345685   -0.00772136   0.000243771             1  -0.000652728      0.014361   0.000345844   0.000652644             1    0.00422308
            1   0.000350933  -8.47987e-05     0.0144902  -0.000351031      0.999999   -0.00115829      0.245471   8.43921e-05    0.00115832      0.999999     -0.045254
            1  -0.000158587  -0.000122461    -0.0126721   0.000158418      0.999999   -0.00138261    -0.0127912    0.00012268    0.00138259      0.999999     0.0593424
            1   0.000624756   7.97429e-05     0.0198848  -0.000624617      0.999998   -0.00173585      0.292976  -8.08272e-05     0.0017358      0.999998    -0.0403306
            1   0.000185804   0.000120439     -0.013825  -0.000185605      0.999999   -0.00164619    0.00195924  -0.000120744    0.00164616      0.999999     0.0762827
            1   0.000659853   0.000413067     0.0134295  -0.000659219      0.999999   -0.00153177      0.284352  -0.000414077    0.00153149      0.999999    -0.0710672
            1    1.7036e-05  -0.000332014     0.0227033  -1.74169e-05      0.999999   -0.00114716     0.0432866   0.000331994    0.00114717      0.999999     0.0747212
            1   0.000731059   0.000294122    0.00123737  -0.000730724      0.999999   -0.00113853       0.24742  -0.000294954    0.00113831      0.999999    -0.0691088
            1   0.000283807  -7.16893e-05     0.0195682  -0.000283912      0.999999   -0.00147183     0.0619336   7.12716e-05    0.00147185      0.999999     0.0811082
     0.999999    0.00100941   2.90921e-05     0.0229642    -0.0010093      0.999993   -0.00353736      0.291313  -3.26625e-05    0.00353733      0.999994    -0.0494085
            1  -0.000632603  -0.000171106    -0.0385258    0.00063256             1  -0.000248523   -0.00444567   0.000171263   0.000248415             1      0.191705
            1   -0.00084366   0.000448745     -0.128806   0.000847839      0.999955   -0.00939623      0.378576  -0.000440798    0.00939661      0.999956      0.397269
            1   5.72725e-05  -0.000332258     0.0245638   -5.6661e-05      0.999998    0.00184029      0.108009   0.000332363   -0.00184027      0.999998     -0.243206
            1  -0.000563619  -0.000803394    0.00978773   0.000569091      0.999977     0.0068275      -0.26384   0.000799527   -0.00682795      0.999976     -0.182035
     0.999999   0.000415474    0.00116919    -0.0287359  -0.000414138      0.999999   -0.00114307      0.268063   -0.00116967    0.00114259      0.999999     -0.102127
            1   3.41311e-05    0.00049773     -0.022835  -3.44274e-05             1   0.000595304    -0.0348648   -0.00049771  -0.000595321             1     0.0373776
            1   0.000363026   0.000792874   -0.00743828  -0.000364016      0.999999    0.00124782      0.210296  -0.000792421   -0.00124811      0.999999    -0.0894668
            1   5.93867e-05    0.00066597    -0.0218233  -6.03734e-05      0.999999    0.00148168    -0.0526139  -0.000665881   -0.00148172      0.999999    -0.0127209
            1    0.00056514   0.000475689    0.00876826  -0.000565554      0.999999   0.000869437      0.250574  -0.000475198  -0.000869706             1     -0.107991
            1   0.000271875   0.000514354  -0.000551309  -0.000272575      0.999999    0.00136209    -0.0176956  -0.000513983   -0.00136223      0.999999    -0.0806675
            1   0.000471886    0.00072356     0.0149246  -0.000472968      0.999999    0.00149564      0.186235  -0.000722853   -0.00149598      0.999999    -0.0796963
            1   0.000113145   0.000672943    -0.0310317  -0.000114576      0.999998    0.00212659    -0.0679017    -0.0006727   -0.00212666      0.999998     -0.103715
     0.999999   0.000649499   0.000971472     0.0212394  -0.000651555      0.999998    0.00211696       0.16898  -0.000970095   -0.00211759      0.999997     -0.113055
            1   0.000595205   0.000313833     0.0182978  -0.000596099      0.999996    0.00285573    -0.0557296  -0.000312132   -0.00285592      0.999996    -0.0304762
            1   0.000624387   0.000655504    0.00373196  -0.000625559      0.999998    0.00178918      0.159362  -0.000654386   -0.00178959      0.999998    -0.0918255
            1       9.2e-05   0.000435236    -0.0277309  -9.27373e-05      0.999999    0.00169422    -0.0471442   -0.00043508   -0.00169426      0.999998    -0.0555848
            1   0.000633998   0.000616762     0.0178162  -0.000634716      0.999999    0.00116388      0.166077  -0.000616023   -0.00116427      0.999999    -0.0767756
            1   0.000486866    0.00041097    0.00605506  -0.000487354      0.999999    0.00118915    -0.0127036  -0.000410391   -0.00118935      0.999999    -0.0237715
     0.999999   0.000907237   0.000660415     0.0203106  -0.000907672      0.999999   0.000658917      0.179466  -0.000659817  -0.000659516             1     -0.109079
     0.999999   0.000594715   0.000809248   -0.00874394  -0.000593268      0.999998   -0.00178791     0.0639903   -0.00081031    0.00178743      0.999998     0.0716421
            1   0.000350525   0.000605606    -0.0677102  -0.000344589      0.999952    -0.0097735      0.374463  -0.000609003    0.00977329      0.999952      0.189092
     0.999999   -0.00101091  -0.000831421    0.00581956    0.00101044      0.999999  -0.000561689      0.141239   0.000831988   0.000560848      0.999999      0.154336
     0.999999     -0.001337  -0.000286158    -0.0809871    0.00133723      0.999999   0.000792629     0.0755403   0.000285097  -0.000793011             1      0.101126
            1  -0.000867084   0.000276065    -0.0219767   0.000865288      0.999979    0.00644259     0.0316181  -0.000281645   -0.00644235      0.999979     -0.100026
            1  -0.000867204  -0.000246173    -0.0183759   0.000867633      0.999998    0.00174856    -0.0752126   0.000244656   -0.00174877      0.999998     0.0697531
            1  -0.000814166  -0.000295688    -0.0588126   0.000815279      0.999993     0.0037828      0.185233   0.000292606   -0.00378304      0.999993     0.0268416
            1  -0.000118379   6.14704e-05   -0.00956315   0.000118361             1   0.000303909    -0.0394068  -6.15064e-05  -0.000303901             1    -0.0530255
            1   0.000366844   0.000106807   -0.00190703  -0.000366858             1   0.000127927      0.250576   -0.00010676  -0.000127966             1    -0.0200219
            1   0.000529725   1.25033e-05    0.00323924  -0.000529736      0.999999   0.000879491    0.00193512  -1.20374e-05  -0.000879498             1    -0.0755896
            1   0.000252997   8.17721e-05     0.0271823  -0.000253118      0.999999    0.00147625       0.18569  -8.13985e-05   -0.00147627      0.999999    -0.0203822
            1   0.000463981  -3.56688e-05    0.00861898  -0.000463883      0.999996    0.00269918     0.0170231    3.6921e-05   -0.00269916      0.999996     -0.169894
            1   0.000578535  -0.000153884     0.0531008  -0.000578144      0.999997    0.00252983     0.0830537   0.000155347   -0.00252974      0.999997     -0.107779
            1   0.000415491   2.67733e-05   0.000471417  -0.000415565      0.999996    0.00281655   -0.00650873   -2.5603e-05   -0.00281656      0.999996     -0.176614
            1   0.000121972  -0.000159866     0.0290091  -0.000121512      0.999996    0.00287415     0.0655249   0.000160216   -0.00287413      0.999996    -0.0722004
            1   0.000400656  -4.41154e-05     -0.012508  -0.000400501      0.999994     0.0034536   -0.00509329   4.54988e-05   -0.00345358      0.999994     -0.164754
            1   0.000280388   0.000231715     0.0466086  -0.000281018      0.999996    0.00272715     0.0757453   -0.00023095   -0.00272722      0.999996    -0.0890511
            1   0.000361608   2.25164e-05    -0.0158814   -0.00036167      0.999996    0.00279453    -0.0316246  -2.15058e-05   -0.00279454      0.999996     -0.149887
            1   0.000413422   9.77813e-05     0.0450298  -0.000413661      0.999997     0.0024563      0.149401  -9.67655e-05   -0.00245634      0.999997    -0.0799862
            1   7.66061e-05   0.000153384     -0.027618  -7.70689e-05      0.999995    0.00301955    -0.0807635  -0.000153152   -0.00301956      0.999995     -0.066913
            1   0.000312633   0.000218089     0.0140757  -0.000313262      0.999996     0.0028894      0.143704  -0.000217185   -0.00288946      0.999996     -0.120573
            1   0.000166007   5.17209e-05   -0.00803447  -0.000166154      0.999996    0.00285552     -0.102111  -5.12466e-05   -0.00285553      0.999996    -0.0577454
            1   0.000693865   0.000536127    0.00505828  -0.000695078      0.999997    0.00226516      0.163244  -0.000534554   -0.00226553      0.999997     -0.147548
            1  -3.20714e-05  -0.000338559     0.0181126   3.29214e-05      0.999997    0.00251084    0.00621509   0.000338477   -0.00251086      0.999997    -0.0380095
            1   0.000660334   0.000187181   -0.00254942   -0.00066058      0.999999    0.00131971       0.11348  -0.000186309   -0.00131983      0.999999     -0.146486
            1   0.000255799    -0.0002205      0.031403  -0.000255548      0.999999     0.0011363    0.00730845   0.000220791   -0.00113625      0.999999   -0.00632932
            1   0.000263697   0.000168098    -0.0625024  -0.000263271      0.999997   -0.00252837      0.140412  -0.000168764    0.00252833      0.999997      0.062153
            1  -0.000470281   -0.00031526   -0.00153411    0.00046844      0.999983   -0.00581514      0.300867   0.000317989    0.00581499      0.999983    -0.0181602
            1  -0.000779619  -0.000406548    -0.0414051   0.000780436      0.999998    0.00201276    -0.0500306   0.000404977   -0.00201308      0.999998      0.184874
            1   -0.00081441  -1.70776e-06     -0.029061     0.0008144      0.999971     0.0075453     0.0871503  -4.43726e-06    -0.0075453      0.999972    -0.0966548
            1  -0.000823682  -0.000185691    -0.0127604   0.000823593             1  -0.000480926   -0.00432729   0.000186087   0.000480773             1      0.167424
            1  -0.000191318   0.000269365    -0.0528469    0.00019116             1   0.000589224      0.138663  -0.000269477  -0.000589172             1      0.038579
            1  -0.000476095  -0.000154135   -0.00653733   0.000476202             1   0.000699424    0.00684128   0.000153802  -0.000699497             1      0.141706
            1     8.332e-05  -9.24974e-05    -0.0149943  -8.31782e-05      0.999999    0.00153184       0.17978   9.26249e-05   -0.00153183      0.999999    -0.0104424
            1   -0.00040232  -0.000388241    -0.0112403   0.000403029      0.999998    0.00182801    -0.0459099   0.000387505   -0.00182816      0.999998     0.0551766
            1   0.000113253   5.57721e-05    0.00289991   -0.00011334      0.999999     0.0015677         0.186  -5.55945e-05   -0.00156771      0.999999    -0.0156923
            1   -9.6793e-05  -0.000490466     0.0112181   9.82294e-05      0.999996    0.00292945     -0.092837    0.00049018    -0.0029295      0.999996      0.038138
            1    0.00012198  -0.000488134     0.0153051   -0.00012087      0.999997    0.00227266       0.17478    0.00048841    -0.0022726      0.999997    -0.0315651
            1  -0.000171317   -0.00057738    0.00250905   0.000172839      0.999997    0.00263654    -0.0859713   0.000576926   -0.00263664      0.999996   -0.00792629
            1    0.00038405  -0.000488179     0.0231189  -0.000383083      0.999998    0.00197933       0.21388   0.000488938   -0.00197914      0.999998    -0.0164251
            1  -0.000105758  -0.000453399    -0.0120687   0.000106755      0.999998    0.00219899    -0.0991466   0.000453165   -0.00219904      0.999997   -0.00597368
            1   6.69473e-05  -0.000293743     0.0166631  -6.64208e-05      0.999998    0.00179223      0.185149   0.000293862   -0.00179221      0.999998    -0.0121394
            1   6.03306e-05  -0.000504756    0.00372379  -5.92569e-05      0.999998      0.002127    -0.0641161   0.000504883   -0.00212697      0.999998    -0.0435795
            1   0.000300309  -0.000350255     0.0401998  -0.000299766      0.999999    0.00154975      0.178182    0.00035072   -0.00154964      0.999999   -0.00959666
            1   -0.00027429  -0.000566226    0.00115839   0.000275571      0.999997    0.00226299    -0.0507784   0.000565604   -0.00226314      0.999997    -0.0219265
            1   0.000131798  -0.000324645      0.021349   -0.00013103      0.999997    0.00236374      0.132797   0.000324956   -0.00236369      0.999997    0.00203537
            1  -0.000269121  -0.000704354   -0.00611298   0.000270986      0.999996    0.00265039    -0.0563343   0.000703638   -0.00265058      0.999996     -0.056322
            1   0.000255678  -0.000179061     0.0169987  -0.000255358      0.999998    0.00178346      0.161617   0.000179517   -0.00178342      0.999998    -0.0232195
            1   -0.00017476  -0.000594307   -0.00067891   0.000176215      0.999997    0.00244967    -0.0526172   0.000593877   -0.00244978      0.999997    -0.0279589
            1   0.000138829  -0.000525402     0.0246315  -0.000137872      0.999998    0.00181999      0.173584   0.000525654   -0.00181992      0.999998    -0.0191554
     0.999999  -0.000299877   -0.00112035    -0.0016901   0.000302994      0.999996    0.00278318    -0.0770953    0.00111951   -0.00278352      0.999995    -0.0220777
            1   0.000154862  -0.000877409     0.0426459  -0.000153172      0.999998    0.00192623      0.204544   0.000877706   -0.00192609      0.999998     0.0115311
            1   0.000278666  -0.000671957   -0.00276571  -0.000277007      0.999997    0.00246664    -0.0943442   0.000672642   -0.00246645      0.999997    -0.0190777
            1   0.000356592  -0.000397252     0.0433615  -0.000355648      0.999997      0.002374      0.213456   0.000398097   -0.00237386      0.999997    0.00957581
            1  -7.87608e-05  -0.000731828    -0.0167032   7.99971e-05      0.999999    0.00168946    -0.0490941   0.000731694   -0.00168952      0.999998   -0.00113623
            1    0.00025951  -0.000547185     0.0445951  -0.000258898      0.999999    0.00111984      0.208382   0.000547476    -0.0011197      0.999999    -0.0376755
            1   -0.00015575  -0.000669835   -0.00764781   0.000157287      0.999997    0.00229608    -0.0834393   0.000669476   -0.00229618      0.999997     0.0199342
            1   0.000252711  -0.000308253     0.0199851  -0.000252081      0.999998    0.00204054      0.187358   0.000308768   -0.00204046      0.999998    -0.0786158
            1  -0.000548417  -0.000736799    0.00637885   0.000550555      0.999996    0.00290468    -0.0983624   0.000735203   -0.00290508      0.999996     0.0253566
            1    0.00013536  -0.000213162   -0.00399133  -0.000134866      0.999997    0.00231638        0.1416   0.000213475   -0.00231635      0.999997    -0.0889971
            1  -0.000385803  -0.000555225     0.0154015   0.000387879      0.999993    0.00374468    -0.0950102   0.000553776    -0.0037449      0.999993    0.00967551
            1   0.000532335  -0.000427217    0.00362134   -0.00053137      0.999997    0.00225594      0.140083   0.000428417   -0.00225572      0.999997     -0.120644
            1  -0.000198629  -0.000764739      0.035639   0.000200379      0.999997    0.00228896    -0.0225247   0.000764283   -0.00228911      0.999997     0.0148965
            1   0.000127862  -0.000934939    0.00320498  -0.000125594      0.999997    0.00242489      0.118502   0.000935246   -0.00242477      0.999997    -0.0847991
            1  -0.000102645   -0.00072769     0.0236066   0.000103973      0.999998    0.00182505  -0.000675292   0.000727501   -0.00182513      0.999998     0.0477346
            1  -6.93315e-06  -0.000236793    -0.0603929   6.67668e-06      0.999999   -0.00108309       0.15284     0.0002368    0.00108309      0.999999      0.121315
     0.999999   0.000407737   -0.00120706      0.041533  -0.000416702      0.999972   -0.00743604      0.349601    0.00120399    0.00743654      0.999972      0.144332
     0.999999   -0.00103474   0.000291918    -0.0505795    0.00103399      0.999996    0.00254969    -0.0601125  -0.000294555   -0.00254939      0.999997      0.105034
            1  -0.000577687   0.000783592    -0.0556504   0.000572294      0.999976    0.00686546     0.0695568   -0.00078754   -0.00686501      0.999976     -0.146225
            1  -0.000439758   7.19467e-06    -0.0153521    0.00043976             1  -0.000246245     0.0263473  -7.08638e-06   0.000246249             1      0.130506
            1   0.000103977   0.000397573    -0.0339211  -0.000104628      0.999999    0.00163736      0.101613  -0.000397402    -0.0016374      0.999999     -0.034861
            1  -0.000574268  -0.000277186    0.00636813   0.000574925      0.999997    0.00237722    0.00997327    0.00027582   -0.00237738      0.999997     0.0506347
            1   5.91342e-05   0.000320223    -0.0355196  -6.03163e-05      0.999993    0.00369252     0.0635615  -0.000320003   -0.00369254      0.999993     -0.139178
     0.999999   -0.00112315  -0.000496174   -0.00325173     0.0011232      0.999999   9.19115e-05     0.0620733   0.000496071  -9.24688e-05             1      0.110964
            1  -0.000420219  -0.000179428    -0.0445025   0.000420214             1  -2.50322e-05      0.192138   0.000179439   2.49568e-05             1    -0.0175416
            1  -0.000665132  -0.000645155    0.00693249   0.000666109      0.999999    0.00151475     0.0202184   0.000644147   -0.00151518      0.999999     0.0540213
            1  -0.000226218  -0.000455054    -0.0276464   0.000226347             1   0.000284529      0.223135    0.00045499  -0.000284632             1   -0.00950346
     0.999999  -0.000962379  -0.000588798    -0.0146261   0.000962859      0.999999   0.000815837     0.0204015   0.000588012  -0.000816404      0.999999     0.0866364
            1  -0.000540868  -0.000486693    -0.0370743    0.00054138      0.999999    0.00105134      0.164238   0.000486124    -0.0010516      0.999999    -0.0196664
     0.999999   -0.00101079  -0.000663866    -0.0152441    0.00101167      0.999999    0.00132516    0.00924847   0.000662526   -0.00132583      0.999999     0.0915304
            1  -0.000388925  -0.000300952    -0.0377438   0.000389145             1   0.000732582       0.16731   0.000300667  -0.000732699             1     -0.047528
     0.999999  -0.000648588  -0.000814582     0.0010562   0.000648695             1   0.000131681     0.0833074   0.000814496  -0.000132209             1     0.0910351
            1  -0.000696056  -0.000198899    -0.0592748   0.000695903      0.999999  -0.000766131      0.170131   0.000199432   0.000765992             1     0.0437222
            1  -0.000560302  -0.000599354   -0.00840518   0.000559664      0.999999   -0.00106328      0.157059   0.000599949    0.00106294      0.999999      0.113936
            1   -0.00080939  -0.000279364     -0.053302   0.000809069      0.999999   -0.00114703     0.0609178   0.000280292    0.00114681      0.999999      0.159506
            1   -4.4603e-05   4.78772e-06    -0.0333356   4.46136e-05      0.999997   -0.00224025      0.237554  -4.68778e-06    0.00224025      0.999997      0.005389
            1  -0.000715105  -0.000629468   -0.00607726    0.00071428      0.999999   -0.00131017      0.042857   0.000630404    0.00130972      0.999999      0.165209
            1  -0.000848973  -0.000416257     -0.100907   0.000847436      0.999993   -0.00368008      0.230645   0.000419378    0.00367973      0.999993      0.219933
            1  -5.76244e-05   0.000116355    0.00842906   5.81281e-05      0.999991   -0.00433367      0.208382  -0.000116105    0.00433367      0.999991    -0.0850688
     0.999999    -0.0011407  -2.16801e-05    -0.0827668    0.00114073      0.999999    0.00108908    -0.0111843   2.04378e-05    -0.0010891      0.999999      0.305078
     0.999999   0.000190502    0.00119292    -0.0637075  -0.000191947      0.999999     0.0012116      0.187229   -0.00119269   -0.00121183      0.999999     -0.241127
            1    0.00056431   0.000591736     0.0644273   -0.00056662      0.999992    0.00390979     0.0302283  -0.000589525   -0.00391012      0.999992     -0.311765
            1  -0.000597116   0.000335669    -0.0587684   0.000596807      0.999999   0.000918058    -0.0652306  -0.000336217  -0.000917857             1       0.13296
            1  -0.000305343   0.000723375    -0.0369464   0.000302213      0.999991    0.00432307       0.14806  -0.000724689   -0.00432285       0.99999     0.0506934
            1  -0.000293739   -0.00012861    -0.0200018   0.000293747             1   5.79296e-05    0.00716819   0.000128593  -5.79674e-05             1   -0.00591324
            1  -0.000535345  -0.000555778     0.0023218   0.000534808      0.999999  -0.000965846      0.259482   0.000556295   0.000965548      0.999999      0.107311
            1  -4.28348e-05  -0.000230738    -0.0248376   4.26958e-05             1  -0.000602176     0.0903534   0.000230764   0.000602166             1    -0.0154245
            1  -0.000384141  -0.000396729    0.00599027    0.00038409             1  -0.000127376      0.134678   0.000396778   0.000127224             1     0.0774165
            1   0.000185672  -0.000377183   -0.00890794  -0.000185667             1   1.44471e-05      0.154618   0.000377185   -1.4377e-05             1    -0.0547408
            1  -0.000426098  -0.000509588     0.0134167    0.00042616             1    0.00012129     0.0867533   0.000509536  -0.000121507             1     0.0104835
            1   3.87843e-05  -0.000255374   -0.00239264  -3.87442e-05             1   0.000157248       0.18846    0.00025538  -0.000157238             1    -0.0702714
            1  -0.000694241  -0.000578311    -0.0069003   0.000694646             1   0.000700772    -0.0104118   0.000577824  -0.000701174             1     0.0150011
            1  -9.21138e-05   -0.00014024    -0.0122811   9.22098e-05             1   0.000684413        0.1813   0.000140177  -0.000684425             1     -0.104288
     0.999999  -0.000847647  -0.000596742   -0.00570884   0.000848999      0.999997    0.00226912     -0.025478   0.000594817   -0.00226963      0.999997    -0.0166124
            1   -0.00048829  -0.000443151    -0.0370456   0.000489609      0.999995    0.00298194      0.140542   0.000441693   -0.00298216      0.999995     -0.119885
     0.999999   -0.00100014  -0.000318189    -0.0265437    0.00100139      0.999992    0.00395181    -0.0497212   0.000314234   -0.00395212      0.999992    -0.0568649
     0.999999     0.0005114   0.000863515   -0.00749249  -0.000511632             1   0.000268329      0.184967  -0.000863378   -0.00026877             1     -0.148036
            1   0.000419586   5.52367e-05     0.0356574  -0.000419637      0.999999   0.000926105     0.0397267  -5.48481e-05  -0.000926129             1    0.00755385
     0.999999   0.000838355   0.000761918   -0.00371949  -0.000838165             1   -0.00024942      0.193946  -0.000762127   0.000248782             1     -0.104579
            1   0.000346654   0.000555368   0.000545877  -0.000346573             1  -0.000145902     0.0587977  -0.000555419    0.00014571             1     0.0240058
     0.999999   0.000711216   0.000782823    -0.0182976  -0.000710734             1  -0.000615828      0.175499  -0.000783261   0.000615271             1    -0.0900181
            1   0.000523306   0.000385757      0.042037  -0.000522859      0.999999   -0.00115951      0.146232  -0.000386364     0.0011593      0.999999      0.023414
     0.999999   0.000967718   0.000588083    -0.0101308  -0.000966901      0.999999     -0.001388     0.0808643  -0.000589425    0.00138743      0.999999     -0.116233
            1   0.000669909   0.000645633     0.0541565  -0.000669485             1  -0.000655726      0.172371  -0.000646072   0.000655293             1   -0.00886877
            1   0.000526665      0.000601    -0.0258673  -0.000526532             1  -0.000221148      0.114428  -0.000601116   0.000220832             1    -0.0954319
            1   0.000633076   0.000691394      0.039755  -0.000633161             1   0.000122846      0.125049  -0.000691316  -0.000123284             1     -0.025221
            1   0.000684467   0.000714942    -0.0128813    -0.0006845             1   4.68516e-05     0.0241068   -0.00071491  -4.73409e-05             1    -0.0961887
            1   0.000670127   0.000352672      0.041779  -0.000669996             1  -0.000372738      0.234244  -0.000352922   0.000372502             1    -0.0416077
            1   0.000333722   0.000234152    -0.0232438  -0.000333756             1   0.000145175   -0.00663582  -0.000234103  -0.000145253             1    -0.0577734
     0.999999    0.00112473   0.000451257     0.0575802   -0.00112408      0.999998   -0.00144852      0.281871  -0.000452886    0.00144801      0.999999     -0.112052
            1   0.000511786   0.000255966     0.0056054  -0.000511499      0.999999   -0.00112138     0.0161327   -0.00025654    0.00112125      0.999999   -0.00367905
     0.999999   0.000939887   0.000355421     0.0242731  -0.000939423      0.999999   -0.00130382      0.239619  -0.000356646    0.00130349      0.999999     -0.113595
            1   0.000303416   0.000156075     0.0290461    -0.0003032      0.999999   -0.00138214     0.0466766  -0.000156494    0.00138209      0.999999      0.034125
     0.999999   0.000478923   0.000881355    -0.0616131  -0.000474382      0.999987   -0.00514586      0.298496  -0.000883808    0.00514544      0.999986     0.0548812
     0.999999  -0.000423381   -0.00125119      0.040193   0.000420212      0.999997   -0.00253174      0.209138    0.00125226    0.00253121      0.999996     0.0415495
     0.999999   -0.00081966    0.00118992     -0.112223   0.000818627      0.999999   0.000868251    -0.0107811   -0.00119063  -0.000867276      0.999999      0.111402
     0.999997  -0.000694454    0.00213592    -0.0957246   0.000691763      0.999999    0.00126019      0.178324   -0.00213679   -0.00125871      0.999997     0.0368788
     0.999999   -0.00023328    0.00127648    -0.0274081   0.000227667       0.99999    0.00439542    -0.0157813    -0.0012775   -0.00439512       0.99999    -0.0354328
            1  -0.000122731  -0.000200175    -0.0349125   0.000122817             1   0.000431213    -0.0407583   0.000200122  -0.000431238             1     0.0317469
            1  -0.000178442  -0.000170522    0.00580998   0.000178666      0.999999    0.00131539      0.250854   0.000170288   -0.00131542      0.999999     0.0156834
            1  -7.12213e-05  -0.000310943    -0.0260602   7.18909e-05      0.999998    0.00215396    -0.0940779   0.000310789   -0.00215398      0.999998    -0.0681347
            1  -1.94821e-05  -0.000207768     0.0390357   1.97158e-05      0.999999    0.00112481       0.20163   0.000207746   -0.00112481      0.999999    -0.0330752
            1   0.000104614  -0.000429308     -0.016447  -0.000103773      0.999998     0.0019579      -0.03716   0.000429512   -0.00195786      0.999998     -0.102511
            1  -3.72595e-05  -0.000486334     0.0208967    3.8201e-05      0.999998    0.00193599      0.186954   0.000486261   -0.00193601      0.999998    -0.0279023
            1   0.000199457  -0.000506883   -0.00762362   -0.00019844      0.999998    0.00200469     0.0254236   0.000507281   -0.00200459      0.999998     -0.140283
            1   0.000190375  -0.000436751      0.048417  -0.000189738      0.999999    0.00145725      0.140711   0.000437028   -0.00145717      0.999999    -0.0569415
            1   0.000293245  -0.000338363   -0.00611163  -0.000292682      0.999999    0.00166033     0.0191494   0.000338849   -0.00166023      0.999999      -0.14806
            1  -6.28425e-05  -0.000658447     0.0506743     6.441e-05      0.999997    0.00238084     0.0786447   0.000658295   -0.00238088      0.999997    -0.0411013
            1  -4.93768e-05   -0.00076455   -0.00167128   5.15937e-05      0.999996    0.00289986    -0.0202441   0.000764403    -0.0028999      0.999996     -0.112708
            1  -5.94702e-05   -0.00063507     0.0321788   6.06886e-05      0.999998    0.00191858      0.133782   0.000634955   -0.00191862      0.999998   -0.00699782
            1  -3.86689e-05  -0.000269653    -0.0331288   3.93164e-05      0.999997    0.00240154    -0.0192497   0.000269559   -0.00240155      0.999997    -0.0348455
            1   0.000329527  -0.000243317     0.0323191  -0.000329164      0.999999    0.00148865      0.191718   0.000243807   -0.00148857      0.999999    -0.0670409
            1  -0.000110215  -0.000520088     -0.026396   0.000110753      0.999999    0.00103403    -0.0402764   0.000519974   -0.00103409      0.999999    -0.0188499
            1   0.000434629  -0.000325537     0.0290056  -0.000435114      0.999999   -0.00149058       0.26942   0.000324889    0.00149073      0.999999    -0.0257613
