# 3dvolreg matrices (DICOM-to-DICOM, row-by-row):
     0.999997    -0.0019745    0.00106673     -0.252042    0.00197864       0.99999   -0.00390188      0.113067   -0.00105902    0.00390398      0.999992      0.456016
     0.999998   -0.00118353     0.0015285     -0.235238    0.00119064      0.999988   -0.00465743      0.204064   -0.00152297    0.00465924      0.999988      0.313631
     0.999998   -0.00161628    0.00121044     -0.225104    0.00162144       0.99999   -0.00426999     0.0366449   -0.00120352    0.00427195       0.99999      0.447605
     0.999998   -0.00113504    0.00164691     -0.250202    0.00114392      0.999985   -0.00540248       0.23576   -0.00164075    0.00540436      0.999984      0.300396
     0.999998   -0.00159323    0.00112514     -0.198215    0.00159881      0.999986   -0.00497447     0.0327596    -0.0011172    0.00497626      0.999987      0.472635
     0.999998   -0.00117634    0.00177045     -0.260649    0.00118524      0.999987    -0.0050332      0.206624    -0.0017645    0.00503529      0.999986         0.359
     0.999998   -0.00189824    0.00116821     -0.237998    0.00190289       0.99999   -0.00399325     0.0226867   -0.00116062    0.00399547      0.999991       0.47657
     0.999998   -0.00124422      0.001408     -0.233785    0.00125001      0.999991   -0.00412047        0.2101   -0.00140286    0.00412222      0.999991      0.321334
     0.999998   -0.00169679   0.000881859     -0.226285    0.00170011      0.999991   -0.00377519     0.0135462  -0.000875446    0.00377668      0.999992       0.35987
     0.999999   -0.00114442    0.00119324     -0.204776    0.00115053      0.999986   -0.00512586      0.254748   -0.00118736    0.00512723      0.999986        0.3192
     0.999998    -0.0017237    0.00101707     -0.259502     0.0017285      0.999987   -0.00473261     0.0295316    -0.0010089    0.00473436      0.999988       0.41402
     0.999999  -0.000939198    0.00137027     -0.202316   0.000947219      0.999982   -0.00586436      0.259385   -0.00136474    0.00586565      0.999982      0.267934
     0.999998   -0.00176223   0.000810087     -0.204004    0.00176519      0.999992   -0.00365767     -0.016615  -0.000803635    0.00365909      0.999993      0.403695
     0.999998   -0.00107744    0.00148021     -0.241555    0.00108402      0.999989   -0.00445611      0.238245    -0.0014754     0.0044577      0.999989         0.303
     0.999998   -0.00166291    0.00102948     -0.229883    0.00166719       0.99999   -0.00417586    -0.0450689   -0.00102253    0.00417757      0.999991      0.381932
     0.999999    -0.0010714    0.00118987     -0.208596    0.00107783      0.999985   -0.00541351      0.322599   -0.00118405    0.00541479      0.999985      0.326399
     0.999999   -0.00135886    0.00101251     -0.231752    0.00136399      0.999986   -0.00508158     0.0212003   -0.00100559    0.00508295      0.999987      0.343456
     0.999999  -0.000930636   0.000971236     -0.193848   0.000936833      0.999979   -0.00639992      0.284977  -0.000965259    0.00640082      0.999979      0.352486
     0.999998   -0.00172411    0.00045195     -0.301839     0.0017303      0.999899    -0.0140933      0.217183  -0.000427606     0.0140941      0.999901      0.691156
     0.999997   -0.00201363    0.00170027     -0.242661      0.002019      0.999993   -0.00316326      0.210382   -0.00169389    0.00316668      0.999994      0.270734
     0.999996   -0.00230838    0.00157072      -0.21356     0.0023033      0.999992    0.00323349     -0.163141   -0.00157817   -0.00322986      0.999994      0.255852
     0.999998   -0.00169432    0.00143147      -0.27425    0.00169852      0.999994   -0.00294008      0.143849   -0.00142648     0.0029425      0.999995      0.334356
     0.999997   -0.00205205    0.00113605     -0.232107    0.00205359      0.999997   -0.00135543      0.018539   -0.00113327    0.00135776      0.999998      0.341794
     0.999998   -0.00183547    0.00119736     -0.260077    0.00183666      0.999998  -0.000991648     0.0393461   -0.00119553   0.000993844      0.999999      0.251903
     0.999997   -0.00234302   0.000729563     -0.226209    0.00234687      0.999983   -0.00531906       0.13117  -0.000717088    0.00532075      0.999986      0.637663
     0.999997   -0.00202512    0.00111193     -0.284969    0.00203038      0.999987   -0.00475601      0.160159   -0.00110228    0.00475825      0.999988      0.486543
     0.999997   -0.00245778   0.000627961     -0.236512    0.00246108      0.999983   -0.00530271      0.124135  -0.000614917    0.00530424      0.999986      0.572508
     0.999997   -0.00204762    0.00100123     -0.265226    0.00205336      0.999981   -0.00576378      0.250616  -0.000989405    0.00576583      0.999983      0.536376
     0.999997   -0.00235239   0.000724618     -0.254321    0.00235607      0.999984   -0.00512713      0.073628  -0.000712546    0.00512882      0.999987      0.576643
     0.999997   -0.00214029   0.000803956     -0.260053    0.00214501       0.99998   -0.00591768      0.236179  -0.000791275    0.00591939      0.999982      0.543114
     0.999997   -0.00242573   0.000762816     -0.281144    0.00242999      0.999981   -0.00564124     0.0451938  -0.000749117    0.00564307      0.999984      0.603483
     0.999998    -0.0016614   0.000801891     -0.236934     0.0016673      0.999971   -0.00741308      0.325246  -0.000789552     0.0074144      0.999972      0.496445
     0.999996   -0.00260923   0.000613792     -0.287097     0.0026144       0.99996   -0.00858436     0.0958871  -0.000591369    0.00858594      0.999963       0.76619
     0.999996   -0.00222665    0.00143005     -0.322309    0.00223697      0.999971   -0.00725017      0.291067   -0.00141386    0.00725334      0.999973      0.421171
     0.999997   -0.00219363   0.000749097     -0.222204    0.00219689      0.999988   -0.00437846       0.05545  -0.000739483    0.00438009       0.99999      0.629525
     0.999997    -0.0018279    0.00161212     -0.255907     0.0018278      0.999998   6.21076e-05     0.0563681   -0.00161223  -5.91607e-05      0.999999      0.415696
     0.999996   -0.00261327   0.000711544     -0.244506    0.00261615      0.999988   -0.00408075     0.0201563  -0.000700871     0.0040826      0.999991      0.616198
     0.999997   -0.00217788    0.00108577     -0.286397    0.00218045      0.999995   -0.00237575      0.123617   -0.00108059    0.00237811      0.999997      0.428532
     0.999996   -0.00286242   0.000442783     -0.248127    0.00286289      0.999995   -0.00107078    -0.0785376  -0.000439716    0.00107204      0.999999      0.459259
     0.999997   -0.00230469   0.000778003     -0.267909     0.0023054      0.999997  -0.000909622      0.156957  -0.000775905   0.000911413      0.999999      0.407641
     0.999997   -0.00229757    0.00116725     -0.254214    0.00230339      0.999985    -0.0050074     0.0427216   -0.00115572    0.00501007      0.999987       0.51871
     0.999997   -0.00207813    0.00137627     -0.267286    0.00208438      0.999987    -0.0045536      0.271992   -0.00136679    0.00455645      0.999989      0.490224
     0.999996   -0.00237829    0.00146837     -0.266463    0.00238217      0.999994    -0.0026474    -0.0521762   -0.00146207    0.00265089      0.999995      0.431104
     0.999997   -0.00213058    0.00145657     -0.273416    0.00213499      0.999993   -0.00303387      0.206275    -0.0014501    0.00303697      0.999994      0.478536
     0.999997   -0.00222025    0.00128135     -0.274513    0.00222386      0.999994   -0.00282557    -0.0212573   -0.00127507    0.00282841      0.999995       0.42953
     0.999996   -0.00237936    0.00125036     -0.260557    0.00238308      0.999993   -0.00298164       0.18854   -0.00124326    0.00298461      0.999995      0.483004
     0.999996   -0.00257413    0.00111908     -0.305451    0.00257732      0.999993   -0.00286206    -0.0170018   -0.00111171    0.00286493      0.999995      0.459063
     0.999997   -0.00188795    0.00139401     -0.251044    0.00189347       0.99999   -0.00396865      0.212552    -0.0013865    0.00397128      0.999991      0.404463
     0.999996   -0.00236358    0.00122871     -0.286766    0.00236817       0.99999   -0.00374907    -0.0173541   -0.00121983    0.00375196      0.999992      0.497777
     0.999996   -0.00200687    0.00180918     -0.283462    0.00201453      0.999989    -0.0042425      0.208234   -0.00180064    0.00424613      0.999989      0.411245
     0.999996   -0.00255084    0.00145249     -0.280993    0.00255648      0.999989   -0.00389038   -0.00470419   -0.00144255    0.00389407      0.999991      0.530613
     0.999997   -0.00197658    0.00158466     -0.292936    0.00198402      0.999987   -0.00470845      0.206699   -0.00157533    0.00471158      0.999988      0.364176
     0.999997   -0.00219409     0.0013921     -0.217302    0.00220246      0.999979   -0.00604509      0.124584   -0.00137881    0.00604813      0.999981      0.536502
     0.999996   -0.00237544    0.00151937      -0.30223     0.0023818      0.999988   -0.00420142      0.111815   -0.00150937    0.00420502       0.99999      0.422321
     0.999996   -0.00233607    0.00145595     -0.248785    0.00234162       0.99999   -0.00381695      0.115934   -0.00144702    0.00382034      0.999992      0.542437
     0.999997   -0.00197105    0.00163097     -0.307788    0.00197749       0.99999   -0.00395868      0.102453   -0.00162315     0.0039619      0.999991      0.405335
     0.999996   -0.00260957    0.00116101     -0.245184    0.00261312      0.999992   -0.00306487       0.07597     -0.001153    0.00306789      0.999995      0.528483
     0.999996   -0.00215141    0.00166167     -0.311439     0.0021561      0.999994   -0.00282753      0.128034   -0.00165557     0.0028311      0.999995      0.367183
     0.999996   -0.00259708    0.00128797     -0.244388    0.00260002      0.999994    -0.0022846     0.0249532   -0.00128203    0.00228794      0.999997      0.505159
     0.999997    -0.0023156    0.00126312     -0.317615    0.00231893      0.999994   -0.00264328      0.127156   -0.00125699     0.0026462      0.999996      0.411226
     0.999997   -0.00183299    0.00132819     -0.227994    0.00183849       0.99999   -0.00415164      0.151479   -0.00132057    0.00415408       0.99999       0.45397
     0.999996   -0.00235058    0.00158957     -0.339278    0.00235937      0.999982   -0.00555177     0.0900751   -0.00157649     0.0055555      0.999983      0.587147
     0.999997   -0.00200843     0.0013892     -0.287684      0.002024      0.999934    -0.0113017      0.350012   -0.00136641     0.0113045      0.999935      0.579698
     0.999996   -0.00241243    0.00155847     -0.343999    0.00241922      0.999988   -0.00436847      0.101304   -0.00154791    0.00437223      0.999989      0.733865
     0.999995   -0.00234007    0.00222937     -0.261826    0.00234497      0.999995   -0.00219847       0.13551   -0.00222421    0.00220369      0.999995      0.558771
     0.999995   -0.00263421    0.00160019     -0.255183    0.00263139      0.999995    0.00176192    -0.0342481   -0.00160482    -0.0017577      0.999997      0.438234
     0.999997   -0.00210433     0.0013912     -0.280104    0.00211002      0.999989   -0.00409809    -0.0245088   -0.00138257    0.00410101      0.999991      0.479595
     0.999997   -0.00190317    0.00158838     -0.247537    0.00190822      0.999993   -0.00318516      0.221368    -0.0015823    0.00318819      0.999994      0.485827
     0.999998   -0.00187093    0.00119649     -0.266037    0.00187354      0.999996   -0.00218705    -0.0461786   -0.00119239    0.00218929      0.999997       0.38345
     0.999998   -0.00181192    0.00124464     -0.225841     0.0018148      0.999996   -0.00232321      0.177298   -0.00124043    0.00232547      0.999997      0.464746
     0.999998    -0.0016201    0.00123404     -0.259218    0.00162258      0.999997   -0.00201148    0.00343113   -0.00123078    0.00201348      0.999997      0.357914
     0.999999   -0.00155536   0.000445723      -0.21464    0.00155658      0.999995   -0.00274804      0.100108  -0.000441446    0.00274873      0.999996      0.489787
     0.999998   -0.00131077    0.00126676     -0.193059    0.00131383      0.999996    -0.0024208      0.155761   -0.00126358    0.00242246      0.999996      0.390104
     0.999998    -0.0019196   0.000705823     -0.230174    0.00192069      0.999997   -0.00153651    -0.0367798  -0.000702872    0.00153786      0.999999      0.477844
     0.999998   -0.00130842    0.00117664     -0.243899    0.00131115      0.999996    -0.0023227      0.206511   -0.00117359    0.00232424      0.999997       0.32845
     0.999998   -0.00198564   0.000365895     -0.195415    0.00198657      0.999995   -0.00257178    -0.0233173  -0.000360787     0.0025725      0.999997      0.474421
     0.999999   -0.00134495   0.000760598     -0.237939    0.00134816       0.99999   -0.00423824      0.183843   -0.00075489    0.00423926      0.999991      0.333289
     0.999998   -0.00187746   0.000108242     -0.226102    0.00187834       0.99996   -0.00876877      0.173195  -9.17748e-05    0.00876896      0.999962      0.632517
     0.999994   -0.00252706    0.00231395     -0.333771    0.00253359      0.999993   -0.00282562      0.107149    -0.0023068    0.00283147      0.999993      0.363294
     0.999996   -0.00213894    0.00203285     -0.224117     0.0021407      0.999997   -0.00086797     0.0591617   -0.00203099   0.000872317      0.999998      0.310403
     0.999997   -0.00237542    0.00102541     -0.276243    0.00237952      0.999989   -0.00401999    -0.0252511   -0.00101585    0.00402241      0.999991       0.54876
     0.999998   -0.00183642    0.00104223     -0.228902    0.00184011      0.999992   -0.00355757      0.253575   -0.00103568    0.00355948      0.999993      0.409376
     0.999997   -0.00252556   0.000680444     -0.248163    0.00252726      0.999994   -0.00249736    -0.0804879  -0.000674132    0.00249907      0.999997      0.473458
     0.999998   -0.00175514    0.00104274     -0.248551    0.00175795      0.999995   -0.00270395      0.202954   -0.00103799    0.00270577      0.999996      0.346461
     0.999997   -0.00235064   0.000714022     -0.240247    0.00235208      0.999995   -0.00202021     -0.039777   -0.00070927    0.00202189      0.999998      0.440703
     0.999998   -0.00151665    0.00118854     -0.252906    0.00151893      0.999997   -0.00192456      0.196154   -0.00118561    0.00192636      0.999997       0.32518
     0.999997   -0.00221622   0.000667283     -0.226601     0.0022179      0.999994   -0.00251728    -0.0248488    -0.0006617    0.00251875      0.999997      0.449488
     0.999998   -0.00162221     0.0011468     -0.249925    0.00162517      0.999995   -0.00258436      0.181989    -0.0011426    0.00258622      0.999996      0.325703
     0.999997   -0.00225373   0.000737647     -0.225665    0.00225525      0.999995    -0.0020728    -0.0270523  -0.000732972    0.00207446      0.999998       0.45594
     0.999998   -0.00160646   0.000980145     -0.252556    0.00160855      0.999996   -0.00212799      0.155049  -0.000976723    0.00212957      0.999997      0.370142
     0.999997   -0.00228593   0.000552391     -0.224406    0.00228719      0.999995    -0.0022954    -0.0459738  -0.000547141    0.00229665      0.999997       0.47214
     0.999998   -0.00161336    0.00099811     -0.261425    0.00161653      0.999994   -0.00318484      0.197638  -0.000992965    0.00318645      0.999994      0.309272
     0.999999   -0.00154053   0.000719012     -0.196924    0.00154486       0.99998    -0.0060601      0.100985  -0.000709663    0.00606121      0.999981       0.54477
     0.999997    -0.0021742   0.000819138     -0.286448    0.00218031      0.999969   -0.00753674      0.236379  -0.000802726     0.0075385      0.999971      0.579298
     0.999998   -0.00161306    0.00127585     -0.234913    0.00162035      0.999982   -0.00573356      0.168668   -0.00126658    0.00573562      0.999983      0.365674
     0.999997   -0.00219338    0.00107093      -0.27029    0.00219998      0.999978   -0.00620132      0.115756   -0.00105731    0.00620365       0.99998      0.567921
     0.999996    -0.0019695    0.00199424      -0.34914     0.0019833      0.999974   -0.00694236      0.244042   -0.00198052    0.00694629      0.999974       0.52423
     0.999997   -0.00180222    0.00137542     -0.186163    0.00181439      0.999959    -0.0089021      0.260855   -0.00135932    0.00890457      0.999959      0.499694
     0.999995   -0.00267931     0.0015906     -0.310586    0.00267778      0.999996   0.000966361     -0.102599   -0.00159318  -0.000962097      0.999998      0.503748
     0.999999   -0.00151652   0.000694242     -0.227893    0.00151881      0.999993   -0.00331464      0.254075   -0.00068921    0.00331569      0.999994      0.276862
     0.999998   -0.00176315   0.000114451      -0.21257    0.00176332      0.999997   -0.00151483    -0.0968642   -0.00011178    0.00151503      0.999999      0.359592
     0.999997   -0.00245114   0.000625163       -0.2664    0.00245424      0.999984   -0.00500701      0.259413   -0.00061288    0.00500853      0.999987      0.555959
     0.999998   -0.00199177   0.000560775     -0.237531    0.00199444      0.999986   -0.00480099     0.0750338  -0.000551205     0.0048021      0.999988      0.444353
     0.999997    -0.0022499   0.000327955      -0.22698    0.00225141      0.999986   -0.00469908       0.22253  -0.000317378     0.0046998      0.999989      0.564415
     0.999998   -0.00221396   0.000255434     -0.264829    0.00221527      0.999984   -0.00523776      0.128884  -0.000243834    0.00523831      0.999986        0.4396
     0.999997   -0.00228321   0.000325163     -0.221378    0.00228472      0.999986   -0.00471545      0.179639  -0.000314392    0.00471618      0.999989      0.532699
     0.999998   -0.00210018   0.000440976     -0.247248     0.0021022      0.999987   -0.00464475      0.137832  -0.000431216    0.00464567      0.999989         0.405
     0.999997   -0.00239501   3.73006e-05     -0.213227    0.00239519      0.999981   -0.00573135      0.142145  -2.35732e-05    0.00573143      0.999984      0.540465
     0.999998   -0.00184236   0.000100666     -0.240414    0.00184289      0.999983   -0.00555038      0.195492  -9.04386e-05    0.00555055      0.999985      0.398496
     0.999996   -0.00262783  -0.000448068     -0.192927    0.00262548      0.999983   -0.00516871      0.113906   0.000461643    0.00516752      0.999987      0.531696
     0.999997   -0.00229605  -0.000160748     -0.257077    0.00229526      0.999986   -0.00473159      0.186254    0.00017161    0.00473121      0.999989      0.415059
     0.999996   -0.00262278  -0.000559724     -0.192691    0.00262027      0.999987   -0.00444846      0.102337   0.000571384    0.00444698       0.99999      0.530922
     0.999997   -0.00223257  -0.000227884     -0.251094    0.00223146      0.999986   -0.00478238      0.176142   0.000238558    0.00478186      0.999989      0.416887
     0.999997   -0.00248363  -0.000335707      -0.20368     0.0024821      0.999987   -0.00448785      0.112015   0.000346848      0.004487       0.99999      0.540146
     0.999997   -0.00224281  -5.37322e-05     -0.253054    0.00224254      0.999987   -0.00454334      0.199881   6.39214e-05    0.00454321       0.99999      0.421739
     0.999996   -0.00276778  -0.000505286      -0.22086    0.00276585      0.999989   -0.00377571      0.036861   0.000515731     0.0037743      0.999993      0.543322
     0.999998   -0.00216716    1.5172e-05     -0.246646     0.0021672      0.999988   -0.00450102      0.214027  -5.41736e-06    0.00450104       0.99999      0.411956
     0.999997   -0.00248003  -0.000258455     -0.216004    0.00247893      0.999988   -0.00417182     0.0445474   0.000268798    0.00417117      0.999991      0.547453
     0.999998   -0.00204914   6.29582e-05     -0.254563    0.00204945      0.999983   -0.00546012      0.250115  -5.17686e-05    0.00546024      0.999985      0.390692
     0.999997   -0.00248988  -0.000410297     -0.210617    0.00248751      0.999981   -0.00566439       0.10478   0.000424393    0.00566335      0.999984      0.542893
     0.999998   -0.00187435  -0.000261998     -0.222029    0.00187265      0.999978   -0.00636362      0.240037    0.00027392    0.00636312       0.99998      0.395266
     0.999997   -0.00219423  -0.000502566     -0.195717     0.0021912       0.99998   -0.00596152      0.086445   0.000515637     0.0059604      0.999982       0.52333
     0.999998   -0.00197017  -0.000378692     -0.235092    0.00196778      0.999979   -0.00621894      0.240441   0.000390937    0.00621818      0.999981      0.389446
     0.999997   -0.00239123  -0.000707882     -0.198592    0.00238685      0.999978   -0.00611667      0.118449   0.000722493    0.00611496      0.999981      0.530365
     0.999997   -0.00224073   8.69674e-05     -0.278927    0.00224123      0.999978   -0.00619866      0.155638   -7.3076e-05    0.00619884      0.999981      0.483187
     0.999997   -0.00234855  -0.000322353     -0.202484    0.00234655      0.999979   -0.00606137      0.235769   0.000336581    0.00606059      0.999982      0.490227
     0.999998    -0.0021307  -9.54008e-06      -0.24366    0.00213062      0.999983   -0.00546445     0.0313242    2.1183e-05    0.00546442      0.999985      0.476861
     0.999997   -0.00236341   -0.00041661     -0.217262    0.00236094       0.99998   -0.00583109      0.266805   0.000430383    0.00583009      0.999983      0.577483
     0.999998   -0.00215361  -0.000500614     -0.240168    0.00215073      0.999981   -0.00569354      0.106497   0.000512867    0.00569245      0.999984      0.426926
     0.999997   -0.00241408  -0.000514805     -0.191482    0.00241105       0.99998   -0.00581084      0.186777   0.000528823    0.00580958      0.999983      0.556051
     0.999998   -0.00200795  -0.000318457     -0.235593     0.0020061      0.999982   -0.00572061       0.17874   0.000329938    0.00571996      0.999984      0.422911
     0.999997   -0.00233267   -0.00055694     -0.197041     0.0023296      0.999982   -0.00546686      0.140313   0.000569683    0.00546554      0.999985      0.507308
     0.999998   -0.00203968  -0.000676694     -0.226072    0.00203641      0.999986   -0.00479225      0.128291    0.00068646    0.00479086      0.999988      0.420026
     0.999997   -0.00231899  -0.000727258     -0.176033    0.00231536      0.999985   -0.00495879      0.156681   0.000738746    0.00495709      0.999987       0.56456
     0.999998   -0.00200422  -0.000752346     -0.232024    0.00200037      0.999985   -0.00507863      0.188071   0.000762513    0.00507711      0.999987      0.415655
     0.999997   -0.00222209  -0.000714893     -0.185611    0.00221873      0.999987   -0.00467257     0.0884409   0.000725266    0.00467097      0.999989      0.518318
     0.999998   -0.00171204  -0.000398787     -0.223466     0.0017097      0.999982    -0.0058016      0.228487   0.000408712    0.00580091      0.999983      0.372307
     0.999998   -0.00207593  -0.000679833     -0.171468    0.00207206      0.999982   -0.00564391      0.107294   0.000691537    0.00564249      0.999984      0.519747
     0.999998   -0.00207852  -0.000619173     -0.241846    0.00207482       0.99998    -0.0059164      0.207421   0.000631458     0.0059151      0.999982      0.431844
     0.999998   -0.00195908  -0.000818123     -0.156378    0.00195424      0.999981   -0.00587316      0.175874   0.000829613    0.00587155      0.999982      0.495444
     0.999997   -0.00247008  -0.000924411     -0.233964    0.00246512      0.999983   -0.00533477     0.0839781   0.000937572    0.00533248      0.999985      0.481502
     0.999998   -0.00182666  -0.000669807     -0.186084    0.00182261       0.99998   -0.00600244      0.291977   0.000680759    0.00600121      0.999982      0.437022
     0.999996   -0.00246371   -0.00101749     -0.226907    0.00245825      0.999983   -0.00532466     0.0287477    0.00103059    0.00532214      0.999985      0.497032
     0.999998   -0.00169961  -0.000418624     -0.204024    0.00169573      0.999957   -0.00909868      0.368743   0.000434071    0.00909796      0.999959      0.436245
     0.999996   -0.00261103   0.000680061     -0.247334    0.00261191      0.999996   -0.00129869     -0.063186  -0.000676667    0.00130046      0.999999       0.56681
     0.999996   -0.00241933    0.00126974     -0.283802    0.00242046      0.999997  -0.000887758      0.139079   -0.00126759   0.000890828      0.999999      0.512866
     0.999997   -0.00238116    0.00032505     -0.241965    0.00238247      0.999989   -0.00410418     -0.015096  -0.000315274    0.00410494      0.999992      0.499556
     0.999998   -0.00181379    0.00077195     -0.246693    0.00181728      0.999988   -0.00454579      0.274273  -0.000763695    0.00454718      0.999989      0.450921
     0.999998   -0.00206175   0.000484411      -0.23985    0.00206351      0.999991   -0.00365405    -0.0167885  -0.000476873    0.00365504      0.999993      0.432736
     0.999998   -0.00171422   0.000721458     -0.221841     0.0017175      0.999988   -0.00456564      0.288511  -0.000713623    0.00456687      0.999989      0.465609
     0.999997    -0.0022217   0.000699211     -0.262488    0.00222483      0.999987   -0.00450941     0.0288534  -0.000689183    0.00451096       0.99999      0.431124
     0.999998   -0.00190112    0.00039065     -0.213357    0.00190287      0.999988   -0.00452883       0.21739  -0.000382036    0.00452956       0.99999      0.443553
     0.999997   -0.00217645    0.00058293     -0.263646    0.00217887      0.999989    -0.0041887   -0.00567893  -0.000573807    0.00418996      0.999991      0.440565
     0.999998   -0.00158004    0.00102629      -0.22322     0.0015868      0.999977   -0.00662051      0.306398    -0.0010158    0.00662213      0.999978      0.463534
     0.999995   -0.00249217      0.001779      -0.32581    0.00249685      0.999993   -0.00263348    -0.0421819   -0.00177243    0.00263791      0.999995      0.596681
     0.999993   -0.00214869    0.00291943     -0.359303    0.00216335      0.999985   -0.00502792      0.235841   -0.00290858    0.00503421      0.999983      0.691701
     0.999992   -0.00185743    0.00365084     -0.336016    0.00187921       0.99998   -0.00597113      0.185135   -0.00363967    0.00597794      0.999976      0.681383
     0.999994    -0.0014791    0.00301617     -0.245644    0.00150247      0.999969   -0.00775916      0.262023    -0.0030046    0.00776365      0.999965      0.623925
     0.999995   -0.00294266    0.00123262     -0.342576    0.00294357      0.999995  -0.000739732     -0.041723   -0.00123044   0.000743356      0.999999      0.553808
     0.999998   -0.00165798   0.000517371     -0.192399    0.00165959      0.999994   -0.00313055      0.211604  -0.000512177     0.0031314      0.999995      0.268793
     0.999998   -0.00181367  -0.000137045     -0.201267    0.00181338      0.999996   -0.00209054    -0.0559071   0.000140836    0.00209029      0.999998       0.36732
     0.999999   -0.00140262   0.000226192     -0.193861    0.00140335      0.999994   -0.00327724      0.207783  -0.000221594    0.00327755      0.999995      0.372309
     0.999999   -0.00140687   0.000326981     -0.213432    0.00140768      0.999996   -0.00250334    -0.0305278  -0.000323458    0.00250379      0.999997      0.347428
     0.999999   -0.00141516   0.000253114     -0.188954    0.00141589      0.999995   -0.00290494      0.212335  -0.000249002     0.0029053      0.999996      0.369931
     0.999999     -0.001411   0.000232979     -0.203417    0.00141141      0.999997   -0.00177988    -0.0430672  -0.000230467     0.0017802      0.999998      0.244495
     0.999999   -0.00146335  -5.00164e-05     -0.162851    0.00146329      0.999998   -0.00132402      0.216351   5.19538e-05    0.00132395      0.999999      0.338157
     0.999997   -0.00224595  -0.000179157     -0.223054    0.00224576      0.999997   -0.00107386     -0.215155   0.000181568    0.00107346      0.999999      0.325875
     0.999998   -0.00220112  -9.50602e-05     -0.233828    0.00220099      0.999997   -0.00128973      0.215817   9.78987e-05    0.00128952      0.999999      0.340289
     0.999998   -0.00185991   1.43442e-05     -0.214863    0.00185993      0.999998   -0.00120609     0.0545132  -1.21009e-05    0.00120612      0.999999      0.259949
     0.999998   -0.00218921  -0.000280472     -0.206137    0.00218905      0.999997  -0.000568434    -0.0068586   0.000281715   0.000567819             1      0.320036
     0.999996   -0.00170606    0.00213409     -0.272916    0.00171569      0.999988   -0.00451955      0.192152   -0.00212635     0.0045232      0.999988      0.337127
     0.999996   -0.00218222    0.00155407     -0.243766    0.00218877      0.999989   -0.00422434      0.144746   -0.00154484    0.00422773       0.99999      0.418648
     0.999997   -0.00198417    0.00173598     -0.297999    0.00199105       0.99999   -0.00397137     0.0711868   -0.00172809    0.00397481      0.999991      0.350188
     0.999996   -0.00205373    0.00174232     -0.232547    0.00206221      0.999986    -0.0048759      0.209178   -0.00173228    0.00487948      0.999987      0.451584
     0.999997   -0.00198065    0.00167604      -0.27737    0.00198895      0.999986    -0.0049624     0.0894641   -0.00166619    0.00496572      0.999986      0.377069
     0.999996   -0.00226645    0.00165404     -0.268541    0.00227415      0.999987   -0.00467102      0.120141   -0.00164343    0.00467476      0.999988      0.442342
     0.999997   -0.00180998    0.00182977     -0.268014    0.00181955      0.999985   -0.00524085      0.210109   -0.00182026    0.00524416      0.999985      0.371948
     0.999996   -0.00212456      0.001674     -0.277186    0.00213307      0.999985    -0.0050945     0.0743911   -0.00166315    0.00509805      0.999986      0.477153
     0.999995   -0.00179231     0.0025799     -0.313698    0.00180833      0.999979   -0.00621872      0.243153    -0.0025687    0.00622335      0.999977      0.515669
