# 3dvolreg matrices (DICOM-to-DICOM, row-by-row):
            1   1.72595e-05   0.000271695    -0.0129037   -1.7684e-05      0.999999    0.00156213    -0.0400044  -0.000271667   -0.00156214      0.999999     -0.036837
            1   0.000129858   0.000309535    -0.0239561  -0.000130094             1   0.000761324    0.00284159  -0.000309436  -0.000761364             1   0.000535502
            1   1.23054e-10   1.19947e-11  -5.27907e-09  -1.23054e-10             1  -8.33386e-11  -4.88731e-09  -1.19947e-11   8.33386e-11             1   1.51989e-08
            1   2.47427e-05   0.000321409    -0.0131536  -2.49745e-05             1   0.000721162    0.00571263  -0.000321392   -0.00072117             1     0.0577276
            1  -0.000348949  -8.37411e-05   -0.00391409   0.000348994             1    0.00054056    -0.0376938   8.35525e-05  -0.000540589             1    0.00742642
            1   0.000112911  -0.000188073    -0.0115136  -0.000113049             1  -0.000735925      0.062488    0.00018799   0.000735947             1     0.0189829
            1  -0.000162208  -0.000663853     0.0376879   0.000161788             1  -0.000632865    -0.0235111   0.000663956   0.000632758             1     0.0146179
     0.999999   0.000688943   -0.00123328    0.00897125  -0.000691353      0.999998   -0.00195451      0.111992    0.00123193    0.00195536      0.999997     0.0218961
            1  -0.000507882   0.000801435    -0.0213755   0.000505501      0.999995    0.00296763     -0.110109  -0.000802939   -0.00296722      0.999995    -0.0864522
            1  -0.000340167   0.000548988    -0.0410612   0.000338799      0.999997    0.00249093    -0.0311548  -0.000549834   -0.00249074      0.999997    -0.0390061
            1  -0.000606484   1.71652e-05    -0.0135296   0.000606436      0.999996    0.00267275      -0.11544  -1.87861e-05   -0.00267274      0.999996    -0.0715598
            1  -0.000887865  -0.000190943    -0.0151784   0.000888229      0.999998    0.00191366     0.0203799   0.000189243   -0.00191383      0.999998   -0.00727982
            1  -0.000938055  -0.000338115    -0.0193038   0.000938891      0.999996    0.00248178     -0.103932   0.000335786    -0.0024821      0.999997    -0.0504529
            1  -0.000903267   0.000209754     -0.026364   0.000902987      0.999999    0.00133221     0.0576856  -0.000210957   -0.00133202      0.999999    0.00953582
     0.999999   -0.00118711   0.000346767    -0.0492592    0.00118638      0.999997    0.00209035     -0.091017  -0.000349247   -0.00208994      0.999998     -0.010619
     0.999999   -0.00100212    0.00044765    -0.0365819    0.00100119      0.999997    0.00207915    -0.0135577  -0.000449732    -0.0020787      0.999998      0.026558
     0.999999   -0.00104633   0.000585919    -0.0748958    0.00104536      0.999998    0.00165937    -0.0328966  -0.000587654   -0.00165875      0.999998    -0.0220062
     0.999997    -0.0019697    0.00121816   -0.00696623    0.00197535      0.999987   -0.00465025     -0.017437   -0.00120898    0.00465264      0.999988      0.168627
            1   0.000682109  -5.41874e-05    -0.0337167  -0.000681369       0.99992      0.012641     -0.159617   6.28056e-05     -0.012641       0.99992     -0.186367
            1   0.000635553  -1.22302e-05     0.0140583  -0.000635547             1   0.000504585    -0.0410195   1.25509e-05  -0.000504578             1     0.0499768
            1   0.000333713  -0.000609335     0.0198894   -0.00033328             1    0.00071109    -0.0711462   0.000609573  -0.000710887             1    -0.0254904
            1   0.000563227  -0.000504198     0.0303752  -0.000563554             1  -0.000648928      0.101921   0.000503832   0.000649212             1     0.0223795
            1   0.000436457  -0.000802277      0.040774  -0.000435799             1   0.000819847    -0.0774298   0.000802635  -0.000819497      0.999999    -0.0315272
     0.999999   0.000588547   -0.00097409     0.0336913  -0.000589086             1  -0.000552899      0.108797   0.000973764   0.000553472      0.999999   -0.00990813
     0.999999   0.000459086   -0.00121975     0.0559753  -0.000458518             1   0.000465437    -0.0654359    0.00121996  -0.000464877      0.999999    -0.0356978
     0.999999   0.000449546   -0.00120586     0.0458855  -0.000450334             1  -0.000653959      0.123446    0.00120557   0.000654502      0.999999    -0.0178439
     0.999999   0.000177065   -0.00137818     0.0474988  -0.000175728             1   0.000970037    -0.0999544    0.00137835  -0.000969794      0.999999    -0.0246137
     0.999999   0.000286112   -0.00123579     0.0325122   -0.00028612             1  -5.68765e-06     0.0984396    0.00123579   6.04123e-06      0.999999    -0.0187626
     0.999999   0.000560789    -0.0013896     0.0660895  -0.000560406             1   0.000275779    -0.0753989    0.00138975     -0.000275      0.999999  -0.000730039
     0.999999   0.000596429   -0.00143856     0.0425204  -0.000596296             1   9.27813e-05     0.0666177    0.00143862  -9.19234e-05      0.999999     -0.011103
     0.999999   0.000304518   -0.00125743      0.076568   -0.00030377             1   0.000594789    -0.0223872    0.00125761  -0.000594407      0.999999      0.100051
     0.999999   8.16069e-05   -0.00116359     0.0141298  -8.21482e-05             1  -0.000465136     0.0667046    0.00116355   0.000465231      0.999999      0.122448
     0.999999  -0.000113502    -0.0010199     0.0464988   0.000111118      0.999997   -0.00233785     0.0683973    0.00102016    0.00233773      0.999997      0.237884
     0.999997  -0.000906357    0.00238435    -0.0388865   0.000912038      0.999997    -0.0023824     -0.100813   -0.00238218    0.00238457      0.999994    -0.0714157
     0.999999   0.000573921  -0.000999656     0.0110941  -0.000568696      0.999986    0.00521925     0.0447419    0.00100264   -0.00521868      0.999986    -0.0267048
            1   8.19758e-05   0.000509553    -0.0155103  -8.05474e-05      0.999996   -0.00280257     0.0295179   -0.00050978    0.00280253      0.999996    -0.0703403
            1   -0.00024073  -0.000399606     0.0256494   0.000242066      0.999994    0.00334605     -0.127572   0.000398798   -0.00334615      0.999994    -0.0707577
            1   7.26638e-05  -0.000671488     0.0029186  -7.13578e-05      0.999998    0.00194465     0.0263422   0.000671628    -0.0019446      0.999998    -0.0503944
            1  -3.08526e-05  -0.000963142     0.0445693   3.34105e-05      0.999996     0.0026559     -0.143552   0.000963057   -0.00265593      0.999996    -0.0841479
     0.999999   0.000106921   -0.00109162     0.0323787  -0.000104966      0.999998    0.00179067     0.0472511    0.00109181   -0.00179056      0.999998    -0.0558443
     0.999999  -3.35243e-05   -0.00132406     0.0366296    3.7441e-05      0.999996    0.00295812     -0.154806    0.00132396   -0.00295816      0.999995    -0.0919703
     0.999999   0.000259386     -0.001242     0.0475176  -0.000256917      0.999998    0.00198778     0.0479405    0.00124252   -0.00198745      0.999997    -0.0509765
     0.999999   8.97206e-05   -0.00146051     0.0394287  -8.50135e-05      0.999995    0.00322265     -0.163407    0.00146079   -0.00322253      0.999994      -0.10185
     0.999999   0.000221688   -0.00139586     0.0467899  -0.000218143      0.999997    0.00253914     0.0310391    0.00139642   -0.00253883      0.999996    -0.0428053
     0.999999   0.000228369   -0.00168242     0.0549417  -0.000221703      0.999992     0.0039611     -0.176722    0.00168331   -0.00396072      0.999991    -0.0822548
     0.999999   0.000297382   -0.00163165     0.0640552  -0.000291981      0.999994    0.00330921    -0.0294855    0.00163262   -0.00330873      0.999993    -0.0468495
     0.999999   1.96621e-05   -0.00129569     0.0507683  -1.54078e-05      0.999995    0.00328334     -0.172475    0.00129575   -0.00328332      0.999994     -0.104822
     0.999999   3.04919e-05   -0.00140697     0.0362301  -3.65888e-05      0.999991   -0.00433359      0.134927    0.00140682    0.00433364       0.99999      0.068481
     0.999997  -2.99994e-05    0.00261809    -0.0436073   4.07219e-05      0.999992   -0.00409557    -0.0729536   -0.00261795    0.00409566      0.999988      0.200545
     0.999996   0.000196017   -0.00285073     0.0399752  -0.000189077      0.999997    0.00243454        0.1691     0.0028512   -0.00243399      0.999993     -0.261366
     0.999994   0.000761079   -0.00338036      0.140327  -0.000748461      0.999993    0.00373244     -0.227944    0.00338317   -0.00372989      0.999987     -0.277026
     0.999999  -0.000359333    0.00108781    -0.0578109   0.000359677             1  -0.000316023      0.093623    -0.0010877   0.000316414      0.999999     0.0207162
            1  -0.000362896   0.000728346    -0.0208159   0.000361787      0.999999    0.00152102    -0.0572299  -0.000728897   -0.00152076      0.999999    -0.0196994
            1  -0.000564684    0.00067141    -0.0437495   0.000563724      0.999999    0.00142809     0.0510449  -0.000672215   -0.00142771      0.999999    -0.0241627
            1  -0.000211416   0.000350177    -0.0373748   0.000210768      0.999998    0.00184945    -0.0671911  -0.000350568   -0.00184937      0.999998   -0.00567545
            1  -0.000151805   0.000381685    -0.0190308   0.000151159      0.999999    0.00169232     0.0106533  -0.000381941   -0.00169226      0.999998    -0.0159865
            1  -0.000395982   4.99002e-05   -0.00973973   0.000395825      0.999995    0.00311308     -0.143262  -5.11327e-05   -0.00311306      0.999995     -0.021564
            1  -0.000379481   5.00135e-05    -0.0157007   0.000379361      0.999997    0.00236438     0.0131369  -5.09106e-05   -0.00236436      0.999997    -0.0232927
            1  -0.000421239  -2.92396e-05    -0.0215457   0.000421335      0.999994    0.00338141      -0.16878    2.7815e-05   -0.00338142      0.999994    -0.0213209
            1  -0.000227723   6.82447e-05     -0.018448   0.000227546      0.999997    0.00258461    0.00146575   -6.8833e-05   -0.00258459      0.999997    -0.0329745
            1  -0.000495165  -0.000161733    0.00983287   0.000495721      0.999994    0.00345479     -0.184069   0.000160021   -0.00345487      0.999994    -0.0341166
            1  -0.000365527  -0.000121627    -0.0196703   0.000365943      0.999994    0.00343757    -0.0371966    0.00012037   -0.00343761      0.999994    -0.0842203
            1  -0.000424081  -0.000252149    0.00248887   0.000424984      0.999993    0.00358882     -0.155234   0.000250625   -0.00358893      0.999994    -0.0599927
            1  -0.000250009  -0.000210894    -0.0102558   0.000250769      0.999993    0.00361247    -0.0588102   0.000209989   -0.00361252      0.999993    -0.0833099
            1  -0.000118904  -0.000334719     0.0171097   0.000120107      0.999994    0.00359796      -0.10519   0.000334289     -0.003598      0.999993    -0.0534339
            1  -0.000390241  -0.000217916     -0.006796   0.000390945      0.999995    0.00324197    -0.0634601   0.000216649   -0.00324205      0.999995    -0.0784964
            1  -0.000102967  -0.000178799    0.00820184   0.000103517      0.999995    0.00307728    -0.0678478   0.000178481    -0.0030773      0.999995    -0.0385482
            1  -0.000267024  -0.000243039    -0.0101674    0.00026774      0.999996    0.00294993    -0.0672874    0.00024225      -0.00295      0.999996    -0.0679955
            1   -0.00015378  -7.98243e-05     0.0152281   0.000154042      0.999995    0.00329523    -0.0683636   7.93171e-05   -0.00329524      0.999995     -0.044596
            1  -0.000447521  -0.000190452   -0.00885307   0.000448133      0.999995    0.00322348    -0.0603131   0.000189009   -0.00322357      0.999995    -0.0680401
            1  -0.000241247  -0.000127969   -0.00147865   0.000241665      0.999995    0.00328386    -0.0737182   0.000127176   -0.00328389      0.999995    -0.0303575
            1  -0.000611097  -0.000187572   0.000949668   0.000611685      0.999995    0.00315063    -0.0999814   0.000185646   -0.00315075      0.999995    -0.0508439
            1  -0.000459999  -2.33472e-05    -0.0145824   0.000460065      0.999996     0.0028905    -0.0561241   2.20174e-05   -0.00289051      0.999996    -0.0213105
     0.999999   -0.00101782  -9.08897e-05    -0.0118123    0.00101807      0.999996    0.00274677     -0.103759   8.80936e-05   -0.00274687      0.999996     -0.101065
     0.999999   -0.00114367   0.000190061    -0.0143748    0.00114375      0.999999  -0.000401765     0.0160648  -0.000189601   0.000401982             1     0.0711738
     0.999995   -0.00285106    0.00101649    -0.0564461      0.002852      0.999996  -0.000926772     0.0387578   -0.00101384   0.000929667      0.999999       0.14231
     0.999997   -0.00249683   0.000782872     -0.142565    0.00249655      0.999997   0.000358161      0.134084  -0.000783763  -0.000356205             1     0.0819874
     0.999997   -0.00242965   0.000610066    -0.0514715    0.00242953      0.999997   0.000189472    -0.0065094  -0.000610525  -0.000187989             1     0.0796976
     0.999997   -0.00248477  -2.27835e-05    -0.0749309    0.00248478      0.999997   0.000576352    -0.0115941   2.13513e-05  -0.000576407             1    0.00351374
     0.999998   -0.00191671  -0.000721527    -0.0435938    0.00191725      0.999998   0.000756649     0.0150441   0.000720075   -0.00075803      0.999999    0.00159254
     0.999998   -0.00186556  -0.000789967    -0.0088907    0.00186611      0.999998   0.000696609   -0.00734272   0.000788666  -0.000698082      0.999999    -0.0446321
     0.999999   -0.00152321  -0.000560754    -0.0212207     0.0015237      0.999998   0.000881376      0.022057   0.000559411   -0.00088223      0.999999   -0.00543404
     0.999999   -0.00131638  -0.000755011    -0.0204811    0.00131649      0.999999   0.000136189     0.0312995   0.000754831  -0.000137183             1     -0.023029
     0.999999   -0.00132616  -0.000826241    0.00686605    0.00132704      0.999999    0.00105869    -0.0564332   0.000824836   -0.00105978      0.999999    -0.0155206
     0.999999   -0.00114008  -0.000880927    -0.0223235    0.00114047      0.999999    0.00045078      0.115559   0.000880413  -0.000451784             1   -0.00258425
     0.999999  -0.000941076  -0.000992663     0.0110381   0.000942907      0.999998    0.00184524     -0.105201   0.000990924   -0.00184618      0.999998     -0.053527
     0.999999    -0.0011766  -0.000949769     0.0108478     0.0011771      0.999999   0.000526629     0.0954111   0.000949148  -0.000527746      0.999999    -0.0290168
     0.999999   -0.00132806  -0.000893981  -0.000514531    0.00132986      0.999997    0.00201554     -0.108332   0.000891302   -0.00201673      0.999998    -0.0226261
     0.999999   -0.00125073  -0.000804387    -0.0114284     0.0012515      0.999999   0.000964932      0.085322   0.000803179  -0.000965937      0.999999   -0.00873896
     0.999999   -0.00139181   -0.00102916    0.00145315    0.00139359      0.999998    0.00173179    -0.0965085    0.00102675   -0.00173322      0.999998    -0.0675106
     0.999999   -0.00133278   -0.00105963   -0.00507199    0.00133439      0.999998    0.00151863     0.0385516     0.0010576   -0.00152004      0.999998    -0.0302892
     0.999998   -0.00151374   -0.00107435    0.00637353    0.00151557      0.999997    0.00170872     -0.103184    0.00107176   -0.00171035      0.999998    -0.0468001
     0.999999   -0.00110933  -0.000801679    -0.0212683    0.00111013      0.999999    0.00100291     0.0386943   0.000800565    -0.0010038      0.999999    0.00236891
     0.999998   -0.00141634    -0.0012768     0.0206067    0.00141873      0.999997    0.00187167    -0.0923091    0.00127414   -0.00187347      0.999997    -0.0120866
     0.999999   -0.00116541   -0.00110345  -4.40186e-05    0.00116667      0.999999    0.00114424     0.0415896    0.00110211   -0.00114553      0.999999    -0.0044479
     0.999998     -0.001283   -0.00128072     0.0126995    0.00128523      0.999998    0.00173834    -0.0968044    0.00127849   -0.00173999      0.999998    -0.0233967
     0.999999   -0.00104341  -0.000822746    0.00410033    0.00104393      0.999999   0.000633576     0.0808023   0.000822084  -0.000634435      0.999999      0.023335
     0.999999   -0.00109838   -0.00083191     0.0112003    0.00109854      0.999999   0.000193308    -0.0528989   0.000831697  -0.000194221             1     0.0195413
     0.999999   -0.00122195   -0.00116785   -0.00248923     0.0012217      0.999999  -0.000217599      0.103584    0.00116812   0.000216172      0.999999     0.0397481
     0.999998   -0.00126811   -0.00141355     0.0231537    0.00126899      0.999999   0.000616478    -0.0471546    0.00141277  -0.000618271      0.999999   -0.00576698
     0.999998   -0.00134457    -0.0011329    0.00709238    0.00134287      0.999998   -0.00149655      0.132948    0.00113491    0.00149503      0.999998     0.0547716
     0.999998   -0.00169879   -0.00076331     0.0011673    0.00169786      0.999998    -0.0012146     0.0156637   0.000765372     0.0012133      0.999999     0.0442228
     0.999788    -0.0122862     0.0165149    0.00686926     0.0127188      0.999572    -0.0263469      0.414353    -0.0161841     0.0265514      0.999516       1.21011
     0.999978   -0.00526336    0.00398109     -0.259781     0.0053087       0.99992    -0.0114655      0.404861   -0.00392042     0.0114864      0.999926       0.30548
     0.999998    0.00119057    -0.0016938    -0.0519267   -0.00118162      0.999985    0.00527741       0.01785    0.00170005   -0.00527539      0.999985     -0.234663
     0.999999    -0.0007769   -0.00105348     0.0396256   0.000776316             1  -0.000554754    -0.0643756    0.00105391   0.000553936      0.999999    -0.0540315
     0.999997   -0.00036278   -0.00248611    -0.0185533    0.00036094             1  -0.000740495      0.139106    0.00248637   0.000739595      0.999997     -0.174725
     0.999994   2.06769e-05   -0.00358499      0.105073  -2.02045e-05             1    0.00013179    -0.0199993    0.00358499  -0.000131717      0.999994     -0.138931
     0.999999  -0.000915989    0.00139459    -0.0828684   0.000914492      0.999999    0.00107345     0.0518589   -0.00139557   -0.00107217      0.999998    -0.0710704
     0.999999   -0.00139628   0.000660843    -0.0309864    0.00139501      0.999997    0.00192421    -0.0529819  -0.000663528   -0.00192329      0.999998    -0.0531075
     0.999999   -0.00135154   0.000493534    -0.0893042    0.00135093      0.999998    0.00123235     0.0512555  -0.000495199   -0.00123168      0.999999    -0.0931274
     0.999999    -0.0014415  -6.75743e-05    -0.0319334    0.00144167      0.999995    0.00266278     -0.105343   6.37356e-05   -0.00266288      0.999996    -0.0867656
     0.999999    -0.0013399  -0.000246114    -0.0722319    0.00134039      0.999997    0.00201205     0.0560143   0.000243417   -0.00201238      0.999998    -0.0941897
     0.999998   -0.00150018  -0.000905848    0.00696251     0.0015032      0.999993    0.00334346     -0.147005   0.000900826   -0.00334482      0.999994     -0.101626
     0.999999   -0.00132944  -0.000577947    -0.0408673    0.00133079      0.999996    0.00233646     0.0435286   0.000574838   -0.00233723      0.999997     -0.130573
     0.999999  -0.000996114   -0.00117258   -0.00351222   0.000998598      0.999997    0.00211979     -0.145151    0.00117047   -0.00212096      0.999997     -0.201751
     0.999999   -0.00101457   -0.00111084     0.0481445    0.00101411      0.999999   -0.00041041      0.105661    0.00111126   0.000409283      0.999999     -0.332639
            1   2.44844e-06  -0.000880767      -0.03443  -2.13339e-06             1   0.000357701    -0.0555006   0.000880768  -0.000357699             1      0.104489
     0.999999  -3.25535e-05   -0.00129078     0.0560116   3.42133e-05      0.999999    0.00128588     0.0803199    0.00129073   -0.00128593      0.999998     0.0870436
     0.999999   -0.00023125   -0.00122591     0.0297045   0.000232062             1   0.000662809    -0.0330696    0.00122576  -0.000663093      0.999999     0.0744892
     0.999983   -0.00395005    0.00433731     0.0977568    0.00397751      0.999972   -0.00633887      0.175368   -0.00431215    0.00635601      0.999971      0.236123
            1  -0.000625836   0.000184516    -0.0553182   0.000625643      0.999999    0.00104176      0.079588  -0.000185168   -0.00104164      0.999999       -0.2558
     0.999997   0.000159816   -0.00228857     0.0131033  -0.000156321      0.999999    0.00152735     0.0015453    0.00228881   -0.00152699      0.999996     -0.339918
     0.999994   0.000965298   -0.00334581     0.0919875  -0.000954166      0.999994    0.00332701     -0.152282    0.00334901   -0.00332379      0.999989      -0.39092
            1  -0.000264431   0.000666854    -0.0846073   0.000265496      0.999999   -0.00159656      0.191496  -0.000666431    0.00159674      0.999999     0.0614281
            1  -0.000174527   0.000221303    -0.0046977   0.000174504             1    0.00010378   -0.00418797  -0.000221321  -0.000103741             1     0.0142696
            1  -0.000252427   0.000385971    -0.0507279   0.000252703             1  -0.000715881      0.168081   -0.00038579   0.000715978             1   -0.00645594
            1  -0.000259825  -0.000356618   -0.00501184   0.000260163             1   0.000945594     -0.047775   0.000356372  -0.000945687      0.999999    -0.0123649
            1  -0.000475166  -0.000855505    0.00368547   0.000475392             1   0.000264045      0.139282   0.000855379  -0.000264452             1      0.022476
     0.999999  -0.000617321   -0.00142444     0.0172262   0.000619582      0.999999    0.00158751    -0.0766913    0.00142346   -0.00158839      0.999998     0.0149303
     0.999998  -0.000212707   -0.00202534     0.0268375   0.000214404             1   0.000837689      0.103358    0.00202516  -0.000838122      0.999998     0.0174093
     0.999996   0.000201334   -0.00287532     0.0738468  -0.000195998      0.999998    0.00185568    -0.0973761    0.00287569   -0.00185511      0.999994    -0.0116951
     0.999999  -0.000380095    0.00161964    -0.0654192   0.000380569             1  -0.000292113      0.157151   -0.00161953   0.000292729      0.999999    -0.0531703
     0.999999  -0.000384927   0.000936478    -0.0519695   0.000383948      0.999999    0.00104494    -0.0488667  -0.000936879   -0.00104458      0.999999    -0.0410179
     0.999999  -0.000552454    0.00104914    -0.0505825   0.000552278             1   0.000167385     0.0976995   -0.00104923  -0.000166806      0.999999    -0.0804829
            1  -0.000573145   0.000660629    -0.0401671   0.000572563      0.999999   0.000880301    -0.0694191  -0.000661134  -0.000879923      0.999999    -0.0574045
            1  -0.000736158   0.000305857    -0.0430672   0.000736157             1   5.82347e-06      0.116486  -0.000305862  -5.59831e-06             1    -0.0989165
            1  -0.000389826  -0.000281975   -0.00832564   0.000390112      0.999999    0.00101506    -0.0518944   0.000281579   -0.00101517      0.999999    -0.0553443
            1  -0.000336824   6.84451e-05   -0.00260451   0.000336816             1   0.000116492      0.118597  -6.84843e-05  -0.000116469             1    -0.0750997
            1   -0.00014949  -0.000374321    -0.0152956   0.000149937      0.999999    0.00119367     -0.068972   0.000374142   -0.00119372      0.999999    -0.0685495
            1  -0.000238749  -8.94159e-05    -0.0187149   0.000238761             1   0.000132659      0.132827   8.93842e-05   -0.00013268             1    -0.0760023
            1  -0.000407666   -0.00033796     0.0188787   0.000408031      0.999999    0.00107947    -0.0646968    0.00033752   -0.00107961      0.999999    -0.0543216
            1  -8.19689e-05   -0.00015032    -0.0291088   8.19545e-05             1  -9.58494e-05      0.147702   0.000150328   9.58371e-05             1     -0.060913
     0.999999   0.000540077  -0.000948008  -3.41268e-05  -0.000539489             1   0.000620613    -0.0716582   0.000948343  -0.000620101      0.999999    -0.0639456
     0.999999    0.00118806   -0.00114462     0.0384357   -0.00118862      0.999999  -0.000494933      0.173481    0.00114403   0.000496292      0.999999    -0.0679836
     0.999999   0.000993647   0.000646986     0.0500587  -0.000992172      0.999997   -0.00227617     0.0218848  -0.000649246    0.00227553      0.999997      0.013837
     0.999997   -0.00140469    0.00204541   -0.00625471    0.00140615      0.999999  -0.000712678     0.0879854   -0.00204441   0.000715552      0.999998     0.0168321
     0.999996   -0.00198094    0.00178182     -0.130792    0.00197778      0.999996    0.00177077     0.0183436   -0.00178532   -0.00176724      0.999997     -0.105183
     0.999998   -0.00195881   0.000995452    -0.0941085    0.00195709      0.999997    0.00172653   -0.00484684  -0.000998831   -0.00172458      0.999998      -0.10492
     0.999999   -0.00164536   8.48178e-05    -0.0774271    0.00164512      0.999995    0.00265993    -0.0913999  -8.91939e-05   -0.00265979      0.999996     -0.175174
     0.999999   -0.00148534  -0.000487317    -0.0214007    0.00148654      0.999996    0.00245715      0.031278   0.000483665   -0.00245787      0.999997     -0.148985
     0.999999     -0.001441  -0.000441596    -0.0404078    0.00144231      0.999994    0.00298947    -0.0994559   0.000437286    -0.0029901      0.999995     -0.172206
     0.999999   -0.00136584  -0.000168914    -0.0458042    0.00136617      0.999997    0.00200938     0.0684044   0.000166169   -0.00200961      0.999998      -0.13974
     0.999999   -0.00141425  -0.000447985    -0.0178502     0.0014154      0.999996    0.00257538     -0.103627   0.000444341   -0.00257601      0.999997     -0.156399
     0.999999   -0.00129944  -0.000235309    -0.0452004    0.00129982      0.999998    0.00165002     0.0912696   0.000233164   -0.00165033      0.999999     -0.119577
     0.999999   -0.00117046    -0.0004723    -0.0222372    0.00117166      0.999996    0.00255431    -0.0947925   0.000469308   -0.00255486      0.999997     -0.134622
     0.999999   -0.00119209  -0.000268666    -0.0394412    0.00119247      0.999998    0.00143042     0.0817695    0.00026696   -0.00143074      0.999999     -0.100756
     0.999999   -0.00117015  -0.000644372   -0.00966127    0.00117149      0.999997    0.00208749      -0.11241   0.000641928   -0.00208825      0.999998     -0.131225
            1  -0.000885264  -0.000298546    -0.0334513    0.00088568      0.999999     0.0013968     0.0879589   0.000297309   -0.00139707      0.999999     -0.119992
     0.999999   -0.00100576  -0.000938561    0.00838397    0.00100827      0.999996    0.00267052      -0.12397   0.000935872   -0.00267146      0.999996     -0.141122
     0.999999    -0.0009793  -0.000588692    -0.0150797   0.000980565      0.999997    0.00215197     0.0899441   0.000586583   -0.00215254      0.999998     -0.122034
     0.999999  -0.000878932   -0.00116974     0.0221497   0.000882651      0.999995    0.00318295     -0.134324    0.00116694   -0.00318398      0.999994     -0.155488
     0.999999  -0.000626985   -0.00092288    -0.0152362   0.000629093      0.999997    0.00228568     0.0469907   0.000921444   -0.00228626      0.999997     -0.156528
     0.999999    -0.0007783   -0.00119536     0.0333368    0.00078207      0.999995    0.00315673     -0.128168     0.0011929   -0.00315766      0.999994     -0.165551
     0.999999  -0.000379725   -0.00127525    -0.0271237   0.000382418      0.999998    0.00211284     0.0525058    0.00127445   -0.00211332      0.999997     -0.166821
     0.999998   1.72651e-05   -0.00188203     0.0715432  -1.17631e-05      0.999996    0.00292343     -0.121193    0.00188207    -0.0029234      0.999994     -0.165657
     0.999999   0.000346798   -0.00165062      0.022054  -0.000343229      0.999998    0.00216214     0.0628655    0.00165137   -0.00216157      0.999996     -0.155902
     0.999997    0.00132952   -0.00218704      0.049833   -0.00132276      0.999994    0.00308946     -0.140379    0.00219113   -0.00308656      0.999993     -0.220978
     0.999996    0.00174187   -0.00228298      0.108163   -0.00173701      0.999996     0.0021295     0.0680302    0.00228668   -0.00212553      0.999995     -0.179844
     0.999996    0.00149362   -0.00237222      0.132089   -0.00148654      0.999994    0.00298398     -0.110322    0.00237666   -0.00298044      0.999993     -0.207648
     0.999996      0.001768   -0.00214611     0.0882474   -0.00176371      0.999996    0.00199734     0.0568771    0.00214964   -0.00199355      0.999996      -0.16871
     0.999996    0.00133766   -0.00234701      0.150866   -0.00133077      0.999995    0.00293303     -0.136761    0.00235092    -0.0029299      0.999993     -0.173517
     0.999997    0.00131639   -0.00214532     0.0881793   -0.00131174      0.999997    0.00216604     0.0456171    0.00214816   -0.00216322      0.999995     -0.179057
     0.999997    0.00118022   -0.00231611      0.114473   -0.00117388      0.999996    0.00273879     -0.118074    0.00231933   -0.00273606      0.999994     -0.193734
     0.999997    0.00131822   -0.00192796     0.0708193   -0.00131763      0.999999   0.000304802      0.102817    0.00192836  -0.000302261      0.999998     -0.121294
      0.99999   -0.00148129    0.00427369       0.14055    0.00149308      0.999995   -0.00275657    -0.0122927   -0.00426959    0.00276293      0.999987     -0.104689
      0.99997   -0.00228053    0.00738928     -0.134254    0.00227089      0.999997    0.00131192      0.180193   -0.00739225    -0.0012951      0.999972    -0.0143869
     0.999942    0.00287522    -0.0104131     0.0302194   -0.00285626      0.999994    0.00183489    -0.0286747     0.0104184   -0.00180505      0.999944     -0.131823
     0.999998   0.000544278    0.00195253    -0.0952836  -0.000547318      0.999999    0.00155631     -0.071677   -0.00195168   -0.00155738      0.999997    -0.0330934
