# 3dvolreg matrices (DICOM-to-DICOM, row-by-row):
     0.999964   -0.00842116  -0.000426212     -0.505785    0.00828317      0.990519     -0.137124      -1.51378    0.00157692      0.137116      0.990554       18.7088
     0.999963   -0.00862571  -0.000751552     -0.500066    0.00843931      0.990385     -0.138084      -1.46741     0.0019354      0.138072       0.99042       18.7156
     0.999964   -0.00853495  -0.000344054     -0.521215    0.00840701      0.990505     -0.137216      -1.55166    0.00151192      0.137209      0.990541       18.7224
     0.999964   -0.00853155  -0.000103055     -0.526139    0.00843512      0.990333      -0.13845      -1.42402    0.00128325      0.138444      0.990369       18.7784
     0.999962   -0.00869246  -0.000245559     -0.511532    0.00857465      0.990323     -0.138517      -1.54438    0.00144724       0.13851       0.99036        18.769
      0.99996   -0.00891872  -0.000235042     -0.530376    0.00879846      0.990158     -0.139677      -1.38793    0.00147847      0.139669      0.990197       18.7823
     0.999959   -0.00899509   -0.00038385     -0.527402    0.00885287      0.990121     -0.139934      -1.50954    0.00163878      0.139925      0.990161       18.7479
     0.999961   -0.00882207  -0.000768457     -0.524075    0.00862529      0.989951     -0.141147      -1.35667    0.00200594      0.141134      0.989988       18.7719
     0.999968   -0.00797269  -0.000735264     -0.511254    0.00779848      0.990668     -0.136077      -1.59297     0.0018133      0.136066      0.990698       18.6945
     0.999967   -0.00800957   -0.00112786     -0.471403    0.00777953       0.99054     -0.137003      -1.45003    0.00221453       0.13699       0.99057       18.7187
     0.999967   -0.00800381   -0.00126564     -0.497181    0.00775346      0.990453     -0.137633      -1.53974    0.00235515      0.137618      0.990483       18.7197
     0.999967   -0.00791031   -0.00158237     -0.473314     0.0076176      0.990471     -0.137507      -1.45698    0.00265502      0.137491      0.990499       18.7498
     0.999967   -0.00803287   -0.00129198     -0.456449    0.00777667       0.99034      -0.13844      -1.47562    0.00239157      0.138425       0.99037        18.743
     0.999963    -0.0084247   -0.00176423     -0.461878    0.00809638      0.990196      -0.13945      -1.46433    0.00292175       0.13943      0.990228       18.8005
     0.999962   -0.00867788   -0.00105091     -0.469161    0.00843827      0.989677     -0.143067      -1.31015    0.00228158      0.143053      0.989712       18.8291
     0.999955   -0.00936901   -0.00136575     -0.523018    0.00909211      0.990453     -0.137549      -1.63166    0.00264141       0.13753      0.990494        18.714
     0.999952   -0.00966466    -0.0013835     -0.519595    0.00937651      0.990143     -0.139744      -1.30833    0.00272044      0.139724      0.990187       18.7447
     0.999956   -0.00920269   -0.00161744     -0.475025    0.00888274      0.989971     -0.140991       -1.3908    0.00289872      0.140971       0.99001       18.6983
     0.999968   -0.00791056   -0.00105063     -0.506577    0.00769326       0.99062     -0.136431      -1.62221    0.00212002      0.136418      0.990649       18.7053
     0.999969   -0.00779872    -0.0013044      -0.45812    0.00754547      0.990483     -0.137429       -1.4362    0.00236375      0.137414      0.990511       18.7188
     0.999968   -0.00784256   -0.00164094     -0.465916    0.00754458      0.990581     -0.136722      -1.60038    0.00269773      0.136705      0.990608       18.6556
     0.999969   -0.00770082   -0.00185492     -0.452143      0.007374      0.990538     -0.137038      -1.46143    0.00289267       0.13702      0.990564       18.6601
     0.999969   -0.00765707   -0.00198297     -0.435936    0.00731545      0.990645     -0.136271      -1.59297    0.00300785      0.136252       0.99067       18.6241
     0.999968   -0.00777158   -0.00192733     -0.451272    0.00743426      0.990542     -0.137007      -1.44627    0.00297387      0.136988      0.990568        18.648
     0.999969   -0.00762065   -0.00218612     -0.453594    0.00725151      0.990638     -0.136325      -1.60084    0.00320453      0.136305      0.990662       18.6455
     0.999971   -0.00733623   -0.00220961     -0.441296    0.00696256      0.990469     -0.137558      -1.43107    0.00319771      0.137538      0.990491       18.6128
      0.99997   -0.00729578   -0.00248241     -0.426084    0.00688899      0.990629     -0.136409      -1.59208    0.00345436      0.136387       0.99065       18.6399
      0.99997   -0.00739343   -0.00229053     -0.426477    0.00700764       0.99045     -0.137695        -1.417    0.00328669      0.137674      0.990472       18.6213
      0.99997    -0.0072424   -0.00276286     -0.431801    0.00679709      0.990601     -0.136613      -1.59875     0.0037263       0.13659      0.990621       18.6637
     0.999971   -0.00722724   -0.00227796     -0.426344    0.00684417      0.990426     -0.137874       -1.4305    0.00325259      0.137854      0.990447       18.6596
     0.999971   -0.00719374    -0.0025918     -0.437072     0.0067709      0.990549      -0.13699      -1.61733    0.00355278      0.136969      0.990569       18.6704
     0.999972   -0.00722493   -0.00210834     -0.424077    0.00686346      0.990345     -0.138452       -1.3992    0.00308829      0.138434      0.990367       18.6629
     0.999973   -0.00704819   -0.00229117     -0.451994    0.00666713      0.990517     -0.137226      -1.58553    0.00323664      0.137207      0.990537       18.6919
      0.99997   -0.00751283   -0.00199106     -0.399517    0.00716108       0.99017     -0.139683      -1.37566     0.0030209      0.139664      0.990194       18.7023
     0.999971   -0.00721102   -0.00252405     -0.457675    0.00679361      0.990404     -0.138036      -1.54645    0.00349521      0.138015      0.990424       18.6962
     0.999971    -0.0072412   -0.00231835     -0.415748    0.00684568      0.990143     -0.139896      -1.37721    0.00330851      0.139876      0.990163       18.7068
     0.999969    -0.0075797   -0.00193868     -0.430803    0.00723454      0.990166     -0.139708      -1.51485    0.00297856      0.139689      0.990191       18.8102
      0.99997   -0.00742775   -0.00199021     -0.472899    0.00708146      0.990379     -0.138198      -1.41187    0.00299756       0.13818      0.990403       18.7226
     0.999972   -0.00720265   -0.00196527     -0.432081    0.00685993      0.990285     -0.138882      -1.47959    0.00294649      0.138865      0.990307       18.7493
     0.999973    -0.0070651   -0.00190551     -0.451549    0.00673166      0.990269     -0.139002      -1.48324    0.00286903      0.138986       0.99029       18.7044
     0.999975   -0.00677336   -0.00218234     -0.428287    0.00640425       0.99027     -0.139011      -1.44302    0.00310267      0.138993      0.990288       18.7557
     0.999973   -0.00693851   -0.00223023     -0.433525    0.00656101      0.990263     -0.139052      -1.45904    0.00317333      0.139033      0.990283       18.7257
     0.999972   -0.00701536   -0.00244166     -0.412332    0.00661072      0.990386     -0.138174      -1.50746    0.00338753      0.138154      0.990405       18.7571
     0.999973   -0.00691577   -0.00240391     -0.417947    0.00651482      0.990284      -0.13891      -1.42208    0.00334122       0.13889      0.990302        18.732
     0.999973    -0.0068185   -0.00261407     -0.413785    0.00639205      0.990392     -0.138141      -1.55245    0.00353087      0.138121      0.990409       18.7507
     0.999974   -0.00681652   -0.00245581     -0.414385    0.00641047      0.990331     -0.138574       -1.4066    0.00337665      0.138555      0.990349       18.7622
     0.999973   -0.00682098   -0.00284253     -0.400713    0.00636527      0.990477     -0.137529      -1.58479    0.00375354      0.137507      0.990494       18.7584
     0.999974   -0.00669838   -0.00260624      -0.40321    0.00627321      0.990355     -0.138409      -1.42483    0.00350822      0.138389      0.990372        18.768
     0.999973   -0.00669035    -0.0029871     -0.389961    0.00621542      0.990458     -0.137677      -1.56461     0.0038797      0.137654      0.990473       18.7683
     0.999974   -0.00647592   -0.00311675     -0.395413    0.00598544      0.990468     -0.137612      -1.47169    0.00397821       0.13759      0.990481       18.7486
     0.999972   -0.00660629   -0.00347055     -0.376117    0.00606738      0.990515     -0.137273       -1.5745    0.00434449      0.137248      0.990527       18.7528
     0.999973   -0.00646324   -0.00343848     -0.383176    0.00592758      0.990435     -0.137851      -1.44915    0.00429655      0.137827      0.990447         18.74
     0.999973   -0.00628617   -0.00381244     -0.348154    0.00570408      0.990538     -0.137121      -1.56863    0.00463833      0.137095      0.990547        18.746
     0.999973   -0.00637065   -0.00369081     -0.378801    0.00580129      0.990442      -0.13781        -1.452    0.00453347      0.137785      0.990452        18.715
     0.999972   -0.00632235   -0.00399137     -0.338946    0.00571557      0.990543     -0.137082      -1.54697     0.0048203      0.137056      0.990552       18.7264
     0.999953   -0.00963152   0.000660666     -0.563074    0.00962988      0.990252     -0.138954      -1.39789   0.000684107      0.138953      0.990299        18.678
     0.999954   -0.00955129   0.000271393     -0.559843    0.00949758      0.990417     -0.137783      -1.52671    0.00104721      0.137779      0.990462       18.7276
     0.999954   -0.00955028   3.39343e-05     -0.534684    0.00946317      0.990342     -0.138322      -1.43602    0.00128741      0.138316      0.990387       18.7126
     0.999955   -0.00945488   0.000208356      -0.55866    0.00939351      0.990431     -0.137691       -1.5237    0.00109549      0.137686      0.990475       18.7292
     0.999955   -0.00949889   0.000142532     -0.565465    0.00942705      0.990314     -0.138523      -1.40809    0.00117466      0.138518      0.990359       18.7321
     0.999956   -0.00940006  -6.94786e-05     -0.546395    0.00930099      0.990435      -0.13767      -1.55109    0.00136292      0.137663      0.990478       18.7207
     0.999956   -0.00935411   7.06791e-05     -0.546548    0.00927368      0.990311      -0.13856      -1.38359    0.00122611      0.138554      0.990354       18.7218
     0.999958   -0.00920916   -0.00013252      -0.54564     0.0091036      0.990473     -0.137409      -1.57547    0.00139668      0.137402      0.990514       18.7087
     0.999957   -0.00922321   7.96561e-05     -0.543446    0.00914514      0.990297     -0.138669      -1.38151    0.00120009      0.138663      0.990339       18.7148
     0.999957   -0.00922457  -0.000298152     -0.538366     0.0090953      0.990402     -0.137917      -1.57073    0.00156752      0.137909      0.990444       18.7184
     0.999956   -0.00936434  -0.000456753     -0.533194    0.00921124      0.990352     -0.138271      -1.40514    0.00174716      0.138261      0.990394       18.7319
     0.999956   -0.00931042  -0.000582139     -0.526074    0.00914199      0.990463     -0.137473      -1.56586    0.00185652      0.137462      0.990505       18.7157
     0.999958   -0.00916801   -0.00051339     -0.520811    0.00900934      0.990382     -0.138063      -1.39945    0.00177422      0.138053      0.990423        18.746
     0.999958   -0.00918197  -0.000474804     -0.525304    0.00902895      0.990419     -0.137801      -1.55014    0.00173554      0.137791       0.99046       18.7176
     0.999955   -0.00946774   4.71845e-05     -0.530614    0.00938044      0.990034     -0.140515      -1.36857    0.00128364      0.140509      0.990079       18.7798
     0.999951   -0.00984952   0.000540048     -0.551524    0.00983176      0.990712     -0.135621      -1.59288   0.000800768       0.13562      0.990761       18.9669
     0.999954   -0.00962906  -3.45909e-05     -0.585376    0.00953701      0.990878     -0.134426      -1.47614    0.00132867      0.134419      0.990924       18.8008
     0.999957   -0.00917214  -0.000976398     -0.526467    0.00895584      0.990773     -0.135239      -1.61121    0.00220782      0.135224      0.990813        18.856
     0.999956   -0.00925017   -0.00125693     -0.501452    0.00899519      0.990771     -0.135247      -1.54754    0.00249639       0.13523      0.990811       18.8178
     0.999958    -0.0090525   -0.00106643     -0.480701    0.00882488      0.990759     -0.135345      -1.58928    0.00228178       0.13533      0.990798       18.8259
     0.999957   -0.00916215   -0.00105189     -0.521283     0.0089333      0.990628     -0.136292      -1.50213    0.00229075      0.136276      0.990668       18.8187
     0.999956   -0.00933737   -0.00130611     -0.486155    0.00907568      0.990809     -0.134961      -1.63478    0.00255428      0.134943       0.99085       18.8034
     0.999955   -0.00948118     -0.001019     -0.518572    0.00925384      0.990626     -0.136291      -1.45668    0.00230164      0.136275      0.990668       18.8002
     0.999954   -0.00944971   -0.00142835     -0.500474     0.0091693      0.990748     -0.135403      -1.63111    0.00269465      0.135384       0.99079       18.8134
     0.999956   -0.00929724   -0.00128834     -0.502277    0.00903551       0.99066     -0.136057      -1.48585    0.00254126      0.136039        0.9907       18.7856
     0.999958   -0.00905562   -0.00131357     -0.491318    0.00879488      0.990779     -0.135204      -1.60184    0.00252581      0.135187      0.990817       18.8134
     0.999958    -0.0090553   -0.00120587     -0.498165    0.00880807      0.990719     -0.135639      -1.53437    0.00242293      0.135623      0.990758       18.7685
     0.999959   -0.00898345   -0.00136383     -0.491561    0.00871627      0.990763     -0.135324      -1.56029    0.00256691      0.135307        0.9908       18.7991
     0.999958   -0.00907546   -0.00134958     -0.487134    0.00880849      0.990717     -0.135658      -1.54716    0.00256821       0.13564      0.990755       18.7546
     0.999959   -0.00893823   -0.00114323     -0.495436    0.00870095      0.990742     -0.135478      -1.55051    0.00234358      0.135463       0.99078       18.7975
     0.999958   -0.00909483   -0.00103626     -0.494543    0.00886981      0.990693     -0.135825      -1.53569    0.00226192       0.13581      0.990732       18.7691
     0.999959   -0.00898764   -0.00104005     -0.506457    0.00876391      0.990743     -0.135468       -1.5386    0.00224795      0.135453      0.990781       18.8241
     0.999958   -0.00910601   -0.00110809     -0.511142    0.00887262       0.99078      -0.13519      -1.57363    0.00232891      0.135174      0.990819       18.7761
     0.999957   -0.00915109   -0.00138782     -0.491583    0.00887798      0.990702     -0.135758      -1.52225    0.00261725       0.13574      0.990741       18.8213
     0.999957   -0.00911835   -0.00156389     -0.477176    0.00882358      0.990797     -0.135068      -1.61534    0.00278109      0.135048      0.990835       18.7575
     0.999957   -0.00919607   -0.00144392     -0.482451    0.00891215      0.990561     -0.136784      -1.46991    0.00268817      0.136766        0.9906       18.7936
     0.999958   -0.00910085   -0.00109611     -0.487139     0.0088593      0.990202      -0.13936      -1.47502    0.00235367      0.139344      0.990241       18.8245
     0.999958   -0.00917691  -0.000366851     -0.520401    0.00903515      0.990108     -0.140015      -1.50977    0.00164813      0.140006      0.990149       18.9107
     0.999954   -0.00960317   0.000220629     -0.557138    0.00953983      0.990149     -0.139696      -1.35464    0.00112307      0.139691      0.990194       18.8802
     0.999959   -0.00902957   5.75856e-05     -0.577863    0.00894969      0.990225     -0.139189      -1.49104     0.0011998      0.139184      0.990266       18.9534
     0.999961   -0.00882366  -0.000868318     -0.522741    0.00861705      0.990237     -0.139124      -1.43351    0.00208742      0.139111      0.990275       18.8658
     0.999961   -0.00869741   -0.00156595     -0.492421      0.008397      0.990341       -0.1384      -1.50706    0.00275455      0.138382      0.990375       18.8718
     0.999959   -0.00897516   -0.00153428     -0.476147    0.00867553      0.990291     -0.138736       -1.4412    0.00276456      0.138717      0.990328       18.8213
      0.99996   -0.00881453    -0.0017583     -0.484398    0.00848741      0.990388     -0.138056      -1.52723     0.0029583      0.138035      0.990423         18.85
      0.99996   -0.00881364    -0.0016651     -0.480542    0.00849686      0.990266     -0.138929      -1.40698    0.00287337       0.13891      0.990301       18.8436
     0.999959   -0.00882919   -0.00197583     -0.473055    0.00847717      0.990616      -0.13641      -1.56702    0.00316168      0.136388       0.99065       18.8414
     0.999961   -0.00852231    -0.0022508     -0.486079    0.00816187      0.991653     -0.128676      -1.62553    0.00332863      0.128652      0.991684       18.8956
     0.999956    -0.0093833  -0.000753352     -0.493222    0.00918313      0.989952     -0.141103      -1.45697    0.00206979       0.14109      0.989995       18.6784
     0.999964    -0.0084302   -0.00109651     -0.522123    0.00819832      0.990404     -0.137963      -1.40304    0.00224904      0.137949      0.990437        18.784
     0.999962   -0.00850166   -0.00178273     -0.460726    0.00817373      0.990371       -0.1382      -1.55761     0.0029405       0.13818      0.990403       18.7346
     0.999962   -0.00855449   -0.00164769     -0.481207    0.00824103      0.990189     -0.139493      -1.36815    0.00282482      0.139474      0.990222       18.7842
     0.999961   -0.00862482   -0.00185238     -0.467439    0.00828478       0.99031     -0.138627      -1.53335    0.00303006      0.138607      0.990343       18.7506
     0.999963   -0.00838034   -0.00183622     -0.491693    0.00804261      0.990205     -0.139386       -1.3793    0.00298634      0.139366      0.990236       18.7758
      0.99996   -0.00860467     -0.002459     -0.441021    0.00817961      0.990268     -0.138934      -1.53897    0.00363055      0.138908      0.990299       18.7155
     0.999962    -0.0082116   -0.00297952      -0.48518    0.00771578      0.990194     -0.139484      -1.38965    0.00409568      0.139455       0.99022       18.7451
     0.999961   -0.00810412   -0.00348807     -0.414542    0.00754013      0.990247     -0.139116      -1.51689    0.00458147      0.139084       0.99027       18.7194
     0.999964   -0.00766913   -0.00365656     -0.424415    0.00708641      0.990265     -0.139015      -1.41912    0.00468709      0.138984      0.990283       18.7553
     0.999964   -0.00755297   -0.00390045     -0.382853    0.00693598      0.990224     -0.139316      -1.48017    0.00491457      0.139284       0.99024       18.7161
     0.999964   -0.00749566   -0.00403985     -0.398268    0.00686221       0.99029     -0.138846      -1.46637    0.00504137      0.138814      0.990306       18.7502
     0.999959   -0.00901856   0.000542266     -0.555382    0.00900715        0.9904     -0.137935       -1.4585   0.000706915      0.137934      0.990441       18.7004
     0.999959   -0.00903667  -3.04421e-05     -0.549232    0.00894884      0.990698     -0.135788      -1.59172    0.00125723      0.135782      0.990738       18.7255
      0.99996   -0.00896299    9.9746e-05     -0.538619    0.00889125      0.990423      -0.13778      -1.43148    0.00113613      0.137775      0.990463       18.7169
     0.999958   -0.00911049   0.000335447     -0.541737     0.0090687      0.990256     -0.138965      -1.57583   0.000933856      0.138962      0.990297       18.7533
     0.999944    -0.0105618   0.000908716     -0.559559     0.0105842      0.989907     -0.141322       -1.3217   0.000593069      0.141324      0.989963       18.7144
     0.999962   -0.00850646   -0.00187064     -0.454236    0.00817049      0.990559     -0.136841      -1.51529    0.00301701       0.13682      0.990591       18.7101
     0.999973   -0.00719566   -0.00158091     -0.506272    0.00691063      0.990514     -0.137238      -1.52037    0.00255344      0.137224      0.990537       18.6033
     0.999974   -0.00689295   -0.00218747     -0.443463    0.00652582       0.99044     -0.137789      -1.49711    0.00311633      0.137771      0.990459       18.6348
     0.999976   -0.00654407   -0.00246324     -0.435407    0.00614433      0.990528     -0.137177      -1.55289     0.0033376      0.137158      0.990544       18.5831
     0.999976   -0.00637487   -0.00279735     -0.396701    0.00593115      0.990538      -0.13711      -1.48811    0.00364494       0.13709      0.990552        18.615
     0.999976   -0.00629733   -0.00298859     -0.392478    0.00582963      0.990592     -0.136721      -1.55261    0.00382145        0.1367      0.990605       18.5948
     0.999977   -0.00614722   -0.00299825     -0.389889    0.00567993      0.990605     -0.136637      -1.49726    0.00381002      0.136617      0.990617       18.6114
     0.999977   -0.00608148   -0.00299311     -0.399982    0.00561577      0.990615     -0.136568      -1.55039    0.00379556      0.136548      0.990626       18.5978
     0.999975   -0.00623297   -0.00319735     -0.365225    0.00573908      0.990652      -0.13629       -1.5235    0.00401696      0.136268      0.990664       18.6243
     0.999975   -0.00627382   -0.00311621     -0.403141    0.00578855      0.990581     -0.136805      -1.51664    0.00394515      0.136784      0.990593         18.58
     0.999976    -0.0060677    -0.0033963     -0.383012    0.00554716      0.990618     -0.136546      -1.53876    0.00419296      0.136524      0.990628       18.6262
     0.999976   -0.00616075   -0.00323262     -0.379771    0.00566056       0.99058     -0.136821      -1.48896    0.00404509      0.136799      0.990591       18.6131
     0.999975   -0.00610969   -0.00364247     -0.358483    0.00555729      0.990684     -0.136068      -1.59166    0.00443987      0.136044      0.990693       18.6359
     0.999955   -0.00952077   0.000422502     -0.548296    0.00948719      0.990264     -0.138878      -1.40211   0.000903839      0.138876      0.990309       18.7397
     0.999953    -0.0096663  -6.67831e-05     -0.541904    0.00956455      0.990381     -0.138037      -1.56103    0.00140045       0.13803      0.990427       18.7332
     0.999956   -0.00933015   4.07732e-05     -0.581401    0.00924584      0.990315     -0.138533      -1.39525    0.00125216      0.138528      0.990358       18.7137
     0.999958   -0.00919717    6.9666e-05      -0.53857     0.0091195      0.990472     -0.137411      -1.55347    0.00119479      0.137406      0.990514       18.7182
     0.999959   -0.00907452   1.74502e-05     -0.566242    0.00898931      0.990303     -0.138636      -1.40912    0.00124077       0.13863      0.990343       18.6714
      0.99996   -0.00892066  -0.000429033     -0.543654    0.00877647      0.990423     -0.137784      -1.57289    0.00165405      0.137774      0.990462       18.6971
     0.999958   -0.00913915  -0.000155785     -0.538392    0.00902955      0.990326     -0.138463       -1.4213    0.00141971      0.138456      0.990368       18.6505
     0.999959    -0.0090126  -0.000502352     -0.523894    0.00885779      0.990452     -0.137575      -1.54642    0.00173746      0.137565      0.990491       18.6759
     0.999961   -0.00884506  -0.000378934      -0.53029    0.00870816      0.990395     -0.137989      -1.43579    0.00159582       0.13798      0.990434       18.6506
     0.999961   -0.00884783  -0.000630384     -0.511261    0.00867786      0.990519     -0.137102      -1.56873    0.00183746      0.137091      0.990557        18.647
     0.999961    -0.0088467  -0.000409798     -0.528612    0.00870614      0.990448     -0.137613      -1.42097    0.00162331      0.137604      0.990486       18.6599
     0.999961   -0.00883377  -0.000702185     -0.505625    0.00865456      0.990553      -0.13686      -1.57979    0.00190454      0.136849       0.99059       18.6253
      0.99996   -0.00892053  -0.000653139     -0.519497     0.0087455      0.990427     -0.137763      -1.40886     0.0018758      0.137751      0.990465       18.6446
     0.999958   -0.00915506  -0.000884162     -0.511921    0.00894753      0.990525     -0.137041      -1.58451     0.0021304      0.137027      0.990565       18.6434
     0.999959   -0.00906238  -0.000705752     -0.512475    0.00887909       0.99045     -0.137588       -1.4327    0.00194589      0.137576      0.990489       18.6855
     0.999957   -0.00925832  -0.000775543     -0.518774      0.009064      0.990477      -0.13738      -1.55848    0.00204006      0.137367      0.990518       18.6389
     0.999958   -0.00910867  -0.000703453     -0.533951    0.00892503      0.990433     -0.137705      -1.44108    0.00195103      0.137692      0.990473       18.6714
     0.999958   -0.00910355  -0.000776626     -0.512972    0.00891004      0.990444     -0.137626      -1.54975    0.00202209      0.137613      0.990484       18.6449
     0.999959   -0.00900036  -0.000387366     -0.545152     0.0088607      0.990385     -0.138057      -1.43077     0.0016262      0.138048      0.990424       18.6376
     0.999952   -0.00973234  -0.000548089     -0.482099    0.00956215      0.990281     -0.138753       -1.5564    0.00189315      0.138741      0.990327       18.6158
     0.999949    -0.0101186  -0.000116699     -0.554155     0.0100038      0.990212     -0.139213      -1.39446     0.0015242      0.139205      0.990262       18.6511
     0.999944    -0.0105663   0.000348771     -0.541014     0.0105116      0.990168     -0.139487      -1.51937    0.00112851      0.139483      0.990224       18.7307
     0.999948    -0.0101817  -0.000146004     -0.622283      0.010062      0.990185     -0.139398      -1.32652    0.00156388      0.139389      0.990236       18.6955
     0.999954   -0.00959111  -0.000920837      -0.54803    0.00936922      0.990199      -0.13935      -1.48264    0.00224834      0.139335      0.990243       18.6896
     0.999953   -0.00965211  -0.000924658     -0.518287    0.00943104      0.990318     -0.138494      -1.48508    0.00225247      0.138479      0.990363       18.6705
     0.999953   -0.00973208  -0.000491489     -0.530768    0.00956972      0.990279     -0.138769      -1.40661    0.00183722      0.138758      0.990325       18.6682
      0.99995     -0.010033  -0.000575888     -0.532544    0.00985707      0.990347     -0.138262       -1.5503    0.00195752      0.138249      0.990396       18.6413
     0.999953   -0.00964801  -0.000826898     -0.574401    0.00944055       0.99032     -0.138481      -1.40192    0.00215496      0.138467      0.990365       18.6647
     0.999952   -0.00981587   -0.00070213     -0.532066    0.00962385      0.990304     -0.138585      -1.51558    0.00205565      0.138571       0.99035       18.6225
     0.999953   -0.00968402  -0.000891892     -0.549011    0.00946764      0.990346     -0.138293      -1.45211    0.00222251      0.138278      0.990391       18.6595
     0.999951   -0.00984929  -0.000879787     -0.524969    0.00963292       0.99034     -0.138327       -1.4727    0.00223371      0.138312      0.990386       18.6303
     0.999951   -0.00985683  -0.000915742     -0.538474    0.00963557       0.99035     -0.138255      -1.45791    0.00226966      0.138239      0.990396       18.6345
      0.99995   -0.00995931   -0.00102481     -0.535541    0.00972344      0.990433     -0.137653       -1.5218    0.00238593      0.137636       0.99048       18.6161
     0.999951   -0.00988033  -0.000733794     -0.548202    0.00968327      0.990301     -0.138599      -1.42104    0.00209608      0.138585      0.990348       18.5882
     0.999951   -0.00985175   -0.00122975      -0.52311    0.00958722      0.990355     -0.138222      -1.56735    0.00257962      0.138203      0.990401       18.6392
     0.999954   -0.00950278   -0.00152888     -0.539139    0.00919916      0.990304     -0.138609      -1.40557    0.00283123      0.138589      0.990346       18.5797
     0.999954   -0.00944241   -0.00195818     -0.470596    0.00908322      0.990448     -0.137588      -1.56109    0.00323864      0.137564      0.990488       18.6246
     0.999956   -0.00927834   -0.00170169     -0.511552    0.00895405      0.990359     -0.138236      -1.41223    0.00296789      0.138215      0.990398       18.5709
     0.999957   -0.00904158   -0.00210389     -0.491112    0.00866609      0.990449     -0.137607      -1.54447    0.00332798      0.137583      0.990485       18.6105
     0.999956   -0.00925087    -0.0017021      -0.48956    0.00892671      0.990356     -0.138259      -1.39555     0.0029647      0.138238      0.990395       18.5955
     0.999957   -0.00903369    -0.0020639      -0.48436    0.00866497      0.990499     -0.137248      -1.56543    0.00328414      0.137224      0.990535       18.5754
     0.999956   -0.00927496    -0.0017243     -0.477286    0.00894778      0.990368     -0.138168      -1.39544    0.00298919      0.138146      0.990407       18.5954
     0.999956   -0.00917729   -0.00200665     -0.506782    0.00881458      0.990477     -0.137395      -1.57255    0.00324846      0.137372      0.990514       18.5948
     0.999955   -0.00928892   -0.00202314     -0.492736    0.00891853      0.990293     -0.138707      -1.37719    0.00329194      0.138683      0.990331       18.6079
     0.999957   -0.00895312   -0.00252034     -0.477612    0.00852079      0.990436     -0.137709      -1.57257    0.00372916      0.137682       0.99047       18.6015
     0.999958   -0.00890012   -0.00221615     -0.475531    0.00850632       0.99028     -0.138826      -1.38472    0.00343017      0.138801      0.990314       18.6017
     0.999956   -0.00900561   -0.00251854     -0.461375    0.00857191      0.990394     -0.138006      -1.56071    0.00373718      0.137979      0.990428       18.6123
