# 3dvolreg matrices (DICOM-to-DICOM, row-by-row):
     0.999861     -0.001322     0.0166394       1.58351    0.00189029      0.999414    -0.0341845      -2.50063    -0.0165844     0.0342112      0.999277      -3.82653
     0.999865   -0.00133335     0.0164045       1.57244    0.00187341      0.999455      -0.03295      -2.52984    -0.0163517     0.0329763      0.999322      -3.81817
     0.999867  -0.000970768      0.016295       1.59109     0.0015045      0.999462     -0.032774       -2.4244    -0.0162544     0.0327942       0.99933      -3.96043
     0.999872  -0.000526665     0.0159595       1.61703    0.00102308      0.999515    -0.0311126      -2.54533    -0.0159354     0.0311249      0.999388      -3.90562
     0.999852   -0.00162566     0.0171496       1.56413    0.00224067      0.999353    -0.0359034      -2.49033    -0.0170802     0.0359365      0.999208      -3.86034
     0.999845   -0.00195719     0.0174756       1.57213    0.00259025      0.999338    -0.0362769      -2.44396    -0.0173931     0.0363166      0.999189      -3.82724
     0.999861   -0.00127727     0.0166262       1.54136    0.00187774      0.999345    -0.0361508       -2.5972    -0.0165691      0.036177      0.999208      -3.85784
     0.999857   -0.00130982     0.0168871       1.62231    0.00193514      0.999311    -0.0370666      -2.46522    -0.0168269     0.0370939       0.99917      -3.80716
     0.999851   -0.00123844     0.0172233       1.58867    0.00186647      0.999332    -0.0364958      -2.56685    -0.0171666     0.0365225      0.999185      -3.90972
     0.999859    -0.0014903     0.0167003       1.59052    0.00208083      0.999371    -0.0353988      -2.47084    -0.0166371     0.0354285      0.999234      -3.85204
     0.999861   -0.00129374     0.0166244       1.59299    0.00186754      0.999401    -0.0345463      -2.52062    -0.0165698     0.0345726      0.999265       -3.9236
     0.999856   -0.00131657     0.0169066       1.60065    0.00190616      0.999389    -0.0349047      -2.48011    -0.0168503     0.0349319      0.999248      -3.88939
     0.999846   -0.00158861     0.0174506       1.60097    0.00205162      0.999645    -0.0265468      -2.48237    -0.0174023     0.0265785      0.999495      -3.86024
     0.999857   -0.00117644      0.016844       1.60567    0.00176207      0.999393     -0.034795      -2.45763    -0.0167929     0.0348197      0.999253       -3.7263
     0.999853   -0.00109935     0.0171256       1.62103    0.00169654       0.99939    -0.0348958      -2.52295    -0.0170768     0.0349197      0.999244      -3.99972
      0.99986  -0.000603271     0.0167052       1.59759    0.00117494      0.999413    -0.0342324       -2.4851    -0.0166747     0.0342472      0.999274      -3.89257
     0.999873  -0.000527084     0.0159184        1.5892    0.00106819      0.999421    -0.0340032      -2.53011    -0.0158913     0.0340159      0.999295      -4.01128
     0.999872  -0.000492003     0.0160111       1.63279    0.00103738      0.999419    -0.0340722       -2.4835     -0.015985     0.0340844      0.999291      -4.00283
      0.99987  -0.000461279     0.0161454       1.62908   0.000987347      0.999468    -0.0325904      -2.57769    -0.0161218     0.0326021      0.999338      -4.04672
      0.99987  -0.000521868     0.0161426       1.63599    0.00105585      0.999452    -0.0330882      -2.45218    -0.0161165     0.0331009      0.999322      -4.01462
     0.999871   0.000367108     0.0160415       1.61467   0.000160904      0.999459    -0.0329016      -2.57676    -0.0160449        0.0329       0.99933      -3.99587
     0.999869   0.000414622     0.0161572       1.67636   0.000124676      0.999443    -0.0333629      -2.45686    -0.0161621     0.0333605      0.999313      -4.01409
     0.999867   0.000239676     0.0163293       1.64508    0.00030058      0.999453    -0.0330746      -2.56136    -0.0163283     0.0330751      0.999319      -4.02976
      0.99986   0.000153859     0.0167277       1.65191   0.000412774      0.999426    -0.0338652      -2.45097    -0.0167233     0.0338674      0.999286      -4.03799
     0.999866   0.000359301     0.0163631       1.64859   0.000179532      0.999458    -0.0329165      -2.55791     -0.016366      0.032915      0.999324      -4.06161
      0.99987    0.00039543     0.0161216       1.66169   0.000151603      0.999425    -0.0339163      -2.44432    -0.0161257     0.0339143      0.999295      -4.01034
     0.999869   0.000512937     0.0161969       1.65411   2.85223e-05      0.999442    -0.0334119      -2.58156     -0.016205     0.0334079       0.99931      -4.06024
     0.999864   0.000446699     0.0164957       1.67757   0.000124213      0.999401    -0.0345926      -2.46925    -0.0165012       0.03459      0.999265      -3.99883
     0.999858   0.000389396     0.0168265       1.66987   0.000164204      0.999459    -0.0328866      -2.55627    -0.0168302     0.0328847      0.999317       -4.0076
     0.999857  -1.52996e-05     0.0169209       1.66953   0.000541896      0.999516    -0.0311168      -2.52101    -0.0169123     0.0311215      0.999373      -3.94325
      0.99987   -0.00135941     0.0160727       1.54497    0.00195151      0.999318     -0.036881       -2.4931    -0.0160116     0.0369076       0.99919      -3.91192
     0.999864  -0.000758429     0.0164689       1.57643      0.001296      0.999466    -0.0326558      -2.57088    -0.0164353     0.0326727      0.999331      -3.68109
      0.99985  -8.72231e-05     0.0173045       1.63871   0.000639352      0.999491    -0.0319038      -2.44364    -0.0172929     0.0319101      0.999341      -3.79308
     0.999849  -7.41639e-05     0.0173744       1.64033   0.000609962      0.999524    -0.0308352      -2.56449    -0.0173638     0.0308411      0.999373      -3.76787
     0.999869    -0.0011166     0.0161427       1.57724    0.00167849      0.999392    -0.0348362      -2.47761     -0.016094     0.0348587      0.999263       -3.9214
     0.999877  -0.000582483     0.0156605       1.59885    0.00112439        0.9994    -0.0346167      -2.50866    -0.0156309     0.0346301      0.999278       -3.9089
     0.999881  -0.000280513     0.0154213       1.60298   0.000826493      0.999373    -0.0354092      -2.52303    -0.0154017     0.0354178      0.999254       -3.9879
     0.999886  -0.000112398     0.0150697       1.61471   0.000651445       0.99936    -0.0357702      -2.51681     -0.015056     0.0357759      0.999246      -3.90716
     0.999881   5.16304e-05     0.0154058       1.63964   0.000513781      0.999326    -0.0366949      -2.49661    -0.0153974     0.0366985      0.999208      -4.03309
     0.999867    -0.0016767     0.0162358       1.56345    0.00223166      0.999412    -0.0342233      -2.57574    -0.0161688     0.0342549      0.999282      -3.51651
     0.999856  -0.000746461      0.016927       1.59657     0.0013358      0.999392    -0.0348321      -2.39888    -0.0168907     0.0348497       0.99925      -4.12455
     0.999858   -0.00119315     0.0168208       1.61273    0.00174915      0.999451    -0.0330785      -2.61979    -0.0167721     0.0331032      0.999311      -3.47227
     0.999849    -0.0017349     0.0172926       1.59179    0.00233305      0.999397    -0.0346298       -2.4496    -0.0172221     0.0346649      0.999251      -4.05419
     0.999874  -0.000338933     0.0158548       1.56688   0.000888633      0.999398    -0.0346767      -2.53485    -0.0158335     0.0346864      0.999273      -3.50772
     0.999853  -0.000625261     0.0171419       1.61673    0.00121035      0.999416    -0.0341431      -2.44625    -0.0171105     0.0341588       0.99927       -4.0511
     0.999863   -0.00122279     0.0165216       1.59002    0.00178635      0.999416    -0.0341387       -2.5928    -0.0164702     0.0341635      0.999281      -3.58863
     0.999853   -0.00123468     0.0171144       1.58915    0.00181074      0.999431    -0.0336845      -2.45986    -0.0170631     0.0337105      0.999286      -3.95547
      0.99985   -0.00128816     0.0172658       1.58603    0.00188487        0.9994    -0.0345886      -2.47472    -0.0172109     0.0346159      0.999252      -4.07592
     0.999858  -0.000976097      0.016842        1.5874    0.00153896       0.99944      -0.03344      -2.59503    -0.0167999     0.0334612      0.999299      -3.97427
     0.999861  -0.000595632      0.016639       1.61494    0.00116935      0.999404    -0.0344918      -2.43152    -0.0166086     0.0345065      0.999266      -4.04694
     0.999866  -0.000294101     0.0163481       1.59527   0.000851139      0.999419    -0.0340771      -2.58021    -0.0163286     0.0340865      0.999285      -3.96168
     0.999862  -0.000640972     0.0166271       1.63426    0.00122651      0.999379    -0.0352294      -2.44962    -0.0165942     0.0352449      0.999241      -4.03343
     0.999867  -0.000243205     0.0163091        1.6001   0.000811145      0.999393     -0.034826      -2.59186    -0.0162907     0.0348346       0.99926        -3.959
     0.999884   8.09441e-05      0.015217       1.61446   0.000469482      0.999346    -0.0361646      -2.40495      -0.01521     0.0361676       0.99923      -4.13021
     0.999853   -0.00134102     0.0170741       1.59263     0.0019106      0.999441    -0.0333868       -2.6667    -0.0170198     0.0334145      0.999297      -3.58114
     0.999867  -0.000883037     0.0162791       1.58447    0.00144055      0.999412    -0.0342672      -2.34737    -0.0162392     0.0342861       0.99928      -3.98533
      0.99988  -0.000630005     0.0155087        1.6256    0.00113254      0.999474    -0.0324164      -2.60987    -0.0154801     0.0324301      0.999354      -3.98992
     0.999868  -0.000924237     0.0162435       1.61485    0.00147312      0.999427    -0.0338119        -2.467    -0.0162029     0.0338313      0.999296        -4.053
     0.999877   -0.00044335     0.0156872       1.58313   0.000972716       0.99943    -0.0337536      -2.54214    -0.0156633     0.0337647      0.999307      -3.95031
     0.999888   8.63182e-05     0.0149632       1.62092   0.000416185      0.999436    -0.0335763      -2.47759    -0.0149576     0.0335787      0.999324      -4.14654
      0.99986     -0.001553     0.0166376       1.58235    0.00212055      0.999414    -0.0341494      -2.55579    -0.0165748     0.0341799      0.999278      -3.57521
     0.999856   -0.00153656     0.0168724       1.59118    0.00209331      0.999452    -0.0330298       -2.5041    -0.0168124     0.0330604      0.999312      -3.99749
     0.999868  -0.000936222     0.0162249       1.58122    0.00148963      0.999416    -0.0341304      -2.44901    -0.0161834     0.0341501      0.999286         -4.14
     0.999863   -0.00167468     0.0164443       1.59445    0.00220945      0.999467    -0.0325563      -2.64134     -0.016381     0.0325882      0.999335      -3.94673
     0.999881   -0.00245515      0.015228       1.53295    0.00296456      0.999434    -0.0335204      -2.39607    -0.0151371     0.0335616      0.999322      -3.99753
     0.999876   -0.00121043     0.0157035       1.55675    0.00174309      0.999422    -0.0339502       -2.5819    -0.0156534     0.0339733        0.9993      -3.93204
     0.999876  -0.000802815     0.0157057        1.6051     0.0013492      0.999393    -0.0348093       -2.4624    -0.0156682     0.0348262      0.999271      -4.13815
     0.999851    -0.0013987     0.0171855       1.59074    0.00198551      0.999414    -0.0341762       -2.6045    -0.0171277     0.0342052      0.999268      -3.53786
     0.999862   -0.00115806     0.0165565       1.59035    0.00174379      0.999371    -0.0354071      -2.41018    -0.0165051     0.0354311      0.999236      -4.08779
     0.999867    -0.0010996     0.0163002       1.57706    0.00164803      0.999432    -0.0336705      -2.62149    -0.0162539     0.0336929        0.9993      -3.51471
     0.999845   -0.00137615     0.0175519         1.607    0.00198197      0.999401    -0.0345454      -2.39269    -0.0174938     0.0345748      0.999249      -4.06177
     0.999866   -0.00125362     0.0163089       1.58707    0.00180351      0.999429    -0.0337461      -2.63649    -0.0162573      0.033771      0.999297      -3.56429
     0.999851  -0.000912996     0.0172285       1.60257    0.00150376       0.99941    -0.0343084      -2.40895     -0.017187     0.0343292      0.999263        -4.012
     0.999848   -0.00185138     0.0173292        1.5834    0.00237938      0.999532     -0.030498      -2.58132    -0.0172646     0.0305346      0.999385      -3.57741
     0.999864  -0.000952266     0.0164876       1.56492    0.00155764      0.999324    -0.0367433       -2.4593    -0.0164414      0.036764      0.999189      -4.05171
      0.99987   -0.00150214     0.0160649       1.58131    0.00205585      0.999402     -0.034506      -2.55629    -0.0160034     0.0345346      0.999275      -3.46337
     0.999854   -0.00116255     0.0170362       1.57221    0.00175262      0.999398    -0.0346623      -2.43877    -0.0169856     0.0346871      0.999254      -4.11734
     0.999859   -0.00128252     0.0167492       1.59592    0.00185204      0.999419    -0.0340318      -2.61179    -0.0166958      0.034058       0.99928      -3.52847
     0.999852    -0.0013438     0.0171592       1.57213    0.00194336      0.999386    -0.0349725      -2.44299    -0.0171016     0.0350007      0.999241       -4.0768
      0.99986   -0.00118497     0.0167068       1.59175    0.00175402      0.999417    -0.0340877      -2.59672    -0.0166567     0.0341122      0.999279      -3.55179
     0.999853   -0.00158791     0.0170788       1.57173    0.00216772       0.99942    -0.0339848      -2.48502    -0.0170149     0.0340168      0.999276      -4.00459
      0.99986   -0.00128667     0.0166948       1.60085     0.0018624      0.999402    -0.0345157      -2.52921    -0.0166404     0.0345419      0.999265      -3.68136
     0.999858   -0.00108857     0.0168204       1.58979    0.00165574      0.999429    -0.0337419      -2.54004     -0.016774     0.0337649      0.999289      -3.55308
     0.999854   -0.00120217     0.0170383       1.59325    0.00178644      0.999409    -0.0343175      -2.45266     -0.016987     0.0343429      0.999266      -3.67997
     0.999858   -0.00117295     0.0167813       1.58429    0.00174364      0.999419    -0.0340333      -2.53772    -0.0167316     0.0340578       0.99928      -3.63399
     0.999861   -0.00108376     0.0166541       1.59573    0.00165316      0.999413    -0.0342138       -2.4433    -0.0166073     0.0342366      0.999276      -3.68835
     0.999861  -0.000830486     0.0166494       1.58771    0.00139698      0.999419    -0.0340423      -2.57689    -0.0166114     0.0340608      0.999282      -3.66315
     0.999859   -0.00108165     0.0167781       1.62237    0.00165865      0.999406    -0.0344142      -2.41233    -0.0167309     0.0344372      0.999267      -3.65044
     0.999855   -0.00136359     0.0170006       1.58267    0.00193761      0.999427     -0.033794      -2.62608    -0.0169448      0.033822      0.999284      -3.59683
     0.999839   -0.00166336     0.0178437       1.62299    0.00229606      0.999367    -0.0354968      -2.42518    -0.0177733     0.0355321       0.99921      -3.54924
     0.999857    -0.0015681     0.0168489       1.53741    0.00214751      0.999405    -0.0344259      -2.58934    -0.0167849     0.0344571      0.999265      -3.59378
     0.999871    -0.0015438     0.0159728       1.55423    0.00210201      0.999385    -0.0349899      -2.42313    -0.0159089     0.0350189       0.99926      -3.54467
     0.999865   -0.00151737     0.0163478        1.5817    0.00207828      0.999408    -0.0343492      -2.57456     -0.016286     0.0343786      0.999276      -3.60585
     0.999874   -0.00167777     0.0158143       1.55889    0.00222102      0.999406    -0.0343969      -2.44149    -0.0157472     0.0344277      0.999283      -3.42474
     0.999847  -0.000977059     0.0174431       1.60712    0.00157552      0.999409    -0.0343286      -2.53701    -0.0173992     0.0343508      0.999258      -3.96925
     0.999841  -0.000835645     0.0178023       1.60438    0.00144775      0.999407    -0.0343986      -2.54222     -0.017763     0.0344189       0.99925       -4.0789
     0.999842  -0.000724226     0.0177449       1.59023    0.00133381      0.999408    -0.0343646      -2.56584    -0.0177096     0.0343828      0.999252      -4.05334
     0.999843  -0.000667704     0.0177241       1.63387    0.00127474      0.999412    -0.0342601      -2.50349    -0.0176908     0.0342773      0.999256      -4.05594
     0.999843  -0.000647744      0.017724       1.62332     0.0012472      0.999427    -0.0338319      -2.56723    -0.0176919     0.0338487       0.99927      -4.03714
     0.999842  -0.000787197     0.0177385       1.60946    0.00138959      0.999422    -0.0339727      -2.46072    -0.0177015      0.033992      0.999265      -4.17116
     0.999858   -0.00164328     0.0167514       1.60867    0.00220899      0.999426    -0.0338081      -2.60595    -0.0166862     0.0338404      0.999288      -3.62247
      0.99986   -0.00147313     0.0166752       1.53184    0.00205749      0.999382    -0.0350812      -2.41827    -0.0166132     0.0351105      0.999245      -3.71575
     0.999877   -0.00130345     0.0156379       1.57749    0.00185669      0.999371    -0.0354162      -2.57834    -0.0155819     0.0354408       0.99925       -3.6601
     0.999871   -0.00111147     0.0160403       1.58559    0.00168526      0.999357    -0.0358026      -2.40611    -0.0159902      0.035825       0.99923      -3.70075
     0.999881  -0.000849855      0.015389        1.6124    0.00138606      0.999391    -0.0348662      -2.65009      -0.01535     0.0348834      0.999273      -3.59832
     0.999876  -0.000697425     0.0157224       1.63267    0.00125358      0.999373    -0.0353914      -2.42654    -0.0156879     0.0354068       0.99925      -3.62009
     0.999876  -0.000378663     0.0157147       1.60338   0.000915035      0.999417    -0.0341388      -2.61559    -0.0156926      0.034149      0.999294      -3.64349
     0.999878  -0.000425231     0.0155954       1.63713   0.000956992      0.999418    -0.0341057      -2.43909    -0.0155718     0.0341165      0.999297      -3.69884
     0.999875   -0.00039676     0.0157788        1.6222   0.000919309      0.999451    -0.0331236       -2.5562     -0.015757      0.033134      0.999327      -3.68003
     0.999879  -0.000415335     0.0155233       1.61952   0.000926193      0.999458    -0.0329164      -2.49572    -0.0155012     0.0329268      0.999338      -3.71302
     0.999883  -0.000516775     0.0153012       1.61545    0.00102604      0.999445    -0.0332935      -2.47282    -0.0152755     0.0333053      0.999328      -3.78668
     0.999883  -0.000320912     0.0153021       1.61611   0.000834655      0.999436    -0.0335789      -2.49521    -0.0152827     0.0335877      0.999319       -3.7392
     0.999884  -0.000213817     0.0152101       1.62084   0.000722968      0.999439    -0.0334768      -2.55384    -0.0151944      0.033484      0.999324      -3.75821
     0.999887  -0.000434325     0.0150163       1.61487   0.000967526      0.999369    -0.0355192      -2.39737    -0.0149914     0.0355298      0.999256      -3.87785
     0.999887   -0.00028249     0.0150029       1.63068   0.000794802      0.999416    -0.0341526      -2.68118    -0.0149845     0.0341607      0.999304      -3.76213
      0.99988  -0.000266514     0.0155075       1.64311   0.000818223      0.999366    -0.0355815      -2.40669    -0.0154882     0.0355899      0.999246       -3.7516
     0.999892  -0.000154707     0.0147153       1.61708   0.000662186      0.999405    -0.0344878      -2.62384    -0.0147012     0.0344938      0.999297      -3.73848
     0.999892  -0.000120379     0.0146833       1.63368   0.000635518      0.999384    -0.0350838      -2.41795      -0.01467     0.0350894      0.999277       -3.8454
     0.999907   0.000426713     0.0136219       1.62089   1.76704e-05      0.999468     -0.032606      -2.62935    -0.0136285     0.0326032      0.999375      -3.78149
     0.999874  -0.000907412     0.0158624       1.56435     0.0014473      0.999419    -0.0340575      -2.43331    -0.0158223     0.0340762      0.999294      -3.86332
     0.999866   -0.00128557     0.0163349       1.59646    0.00183762      0.999426    -0.0338256      -2.51804    -0.0162821      0.033851      0.999294      -3.87358
     0.999872   -0.00119741      0.015956       1.57625    0.00172856      0.999443    -0.0333162      -2.50459    -0.0159073     0.0333395      0.999317      -3.87904
     0.999886  -0.000632521     0.0151183       1.57346     0.0011319      0.999453    -0.0330454      -2.49151    -0.0150892     0.0330587       0.99934      -3.86738
     0.999887  -0.000555641     0.0150109       1.60792    0.00107225      0.999407    -0.0344292      -2.51203    -0.0149829     0.0344414      0.999294      -3.91837
     0.999882  -0.000465331     0.0153727       1.59824     0.0010169      0.999355    -0.0358916      -2.49091    -0.0153461      0.035903      0.999237      -3.85858
      0.99988  -0.000386115     0.0154694       1.61187   0.000942472      0.999352    -0.0359738      -2.59707    -0.0154455     0.0359841      0.999233      -3.92742
     0.999881  -0.000266825     0.0154398       1.63866   0.000833158      0.999327    -0.0366853      -2.48013    -0.0154196     0.0366938      0.999208      -3.81897
     0.999888  -0.000297632     0.0149948       1.61988   0.000827575      0.999375    -0.0353481        -2.547    -0.0149749     0.0353565      0.999263      -3.87791
     0.999884  -0.000415676     0.0152327       1.64069   0.000959367      0.999362    -0.0357025      -2.52712    -0.0152081      0.035713      0.999246      -3.77899
     0.999892  -0.000399381      0.014685       1.62539   0.000916432      0.999379    -0.0352195      -2.54925    -0.0146618     0.0352292      0.999272      -3.82924
      0.99989  -0.000470628     0.0148193       1.63518    0.00099313      0.999377    -0.0352707      -2.45337    -0.0147934     0.0352815      0.999268      -3.85303
      0.99987  -0.000191576     0.0161276       1.63718   0.000717483      0.999468    -0.0326097      -2.62104    -0.0161127      0.032617      0.999338      -3.69321
      0.99988   -6.6876e-05     0.0154873       1.62716   0.000599863      0.999408    -0.0344124      -2.43588    -0.0154758     0.0344175      0.999288      -3.90241
     0.999892  -3.30643e-06      0.014688       1.62676   0.000497357      0.999434    -0.0336329      -2.53977    -0.0146795     0.0336366      0.999326      -3.90152
       0.9999   0.000190037       0.01414       1.62564   0.000271448      0.999468    -0.0326278      -2.50713    -0.0141387     0.0326283      0.999368      -3.89459
     0.999897   9.69758e-05      0.014373       1.64562   0.000369819      0.999473    -0.0324709      -2.48572    -0.0143686     0.0324729      0.999369      -3.92452
     0.999913   0.000417671     0.0131675       1.61809    7.9803e-06      0.999478    -0.0323093      -2.48692    -0.0131741     0.0323066      0.999391      -3.90798
     0.999861   -0.00181479      0.016586       1.52841    0.00240038      0.999372    -0.0353553      -2.52981    -0.0165114     0.0353902      0.999237      -3.67856
     0.999848   -0.00257377     0.0172238       1.54092    0.00321194      0.999305     -0.037127      -2.46869    -0.0171163     0.0371767      0.999162      -3.77462
     0.999848    -0.0024297     0.0172754       1.53214    0.00310327      0.999232    -0.0390709      -2.56479    -0.0171672     0.0391185      0.999087       -3.6134
     0.999858   -0.00142872     0.0167952       1.58249     0.0020062      0.999406    -0.0344177      -2.49555     -0.016736     0.0344465      0.999266       -3.9726
     0.999863   -0.00124314     0.0164766       1.59636    0.00178884      0.999449    -0.0331465      -2.62002    -0.0164263     0.0331715      0.999315      -3.84446
     0.999863   -0.00121708     0.0164884       1.58587    0.00177165      0.999432    -0.0336611      -2.43631    -0.0164381     0.0336857      0.999297      -3.96239
     0.999863   -0.00111511      0.016511       1.61319    0.00165294      0.999467    -0.0325966      -2.59485    -0.0164659     0.0326194      0.999332      -3.82302
     0.999862   -0.00105995     0.0165799       1.60268    0.00160774      0.999452    -0.0330611      -2.46404    -0.0165358     0.0330832      0.999316      -3.93597
     0.999862   -0.00122651     0.0165528       1.59941    0.00177503      0.999448    -0.0331635      -2.53935     -0.016503     0.0331883      0.999313       -3.8675
     0.999855  -0.000863917     0.0170079       1.60154    0.00142171      0.999461    -0.0328113       -2.5374    -0.0169703     0.0328307      0.999317      -3.70036
      0.99987  -0.000822969     0.0161096       1.58617    0.00136782      0.999426    -0.0338401      -2.45235    -0.0160725     0.0338577      0.999297      -3.97827
     0.999871  -0.000749054     0.0160357       1.62305    0.00128411      0.999442    -0.0333825      -2.61231    -0.0160017     0.0333988      0.999314       -3.8661
      0.99987  -0.000591045     0.0161203       1.61619    0.00111405      0.999473    -0.0324544      -2.52122    -0.0160926     0.0324681      0.999343      -3.84707
      0.99987  -0.000663946     0.0160916       1.61723     0.0012007      0.999442    -0.0333697      -2.44562    -0.0160605     0.0333847      0.999314      -4.01445
     0.999876  -0.000586243     0.0157666       1.61373    0.00110241      0.999463    -0.0327495      -2.62661    -0.0157389     0.0327628      0.999339      -3.84458
     0.999879  -0.000417136     0.0155442       1.60894   0.000929444      0.999456    -0.0329656      -2.48091     -0.015522      0.032976      0.999336        -3.988
     0.999879  -0.000316987     0.0155762       1.64372   0.000826547      0.999464    -0.0327185      -2.56267    -0.0155575     0.0327274      0.999343      -3.89072
     0.999881  -0.000165432     0.0154102       1.62216   0.000668008      0.999468    -0.0326138       -2.5463    -0.0153966     0.0326202      0.999349      -3.86723
     0.999882  -8.78217e-05     0.0153632       1.63756   0.000594843      0.999455    -0.0330009      -2.47517    -0.0153519     0.0330062      0.999337      -3.93765
     0.999888   0.000204943      0.014936       1.64007   0.000265701      0.999504    -0.0315018      -2.59199    -0.0149351     0.0315023      0.999392      -3.90527
     0.999856   -0.00176862     0.0168947       1.58363    0.00238201      0.999336    -0.0363559      -2.45496    -0.0168192     0.0363909      0.999196      -3.88024
     0.999844    -0.0020293     0.0175253       1.56129    0.00265978      0.999347    -0.0360273      -2.59252    -0.0174407     0.0360684      0.999197      -3.71672
      0.99985   -0.00207617     0.0171924       1.55973    0.00270866      0.999317    -0.0368474      -2.46459    -0.0171042     0.0368884      0.999173      -3.90283
     0.999854   -0.00264692     0.0168833       1.55857    0.00325368      0.999346    -0.0360133      -2.58378    -0.0167769     0.0360629      0.999209       -3.6704
     0.999867   -0.00324992     0.0159621       1.49057    0.00383666      0.999313    -0.0368664      -2.43901    -0.0158313     0.0369227      0.999193      -4.11157
      0.99982    -0.0026712     0.0187663       1.66334    0.00341672      0.999202    -0.0398078      -3.14211     -0.018645     0.0398648      0.999031      -3.16709
     0.999835   -0.00132848     0.0181047       1.59551     0.0019583      0.999392    -0.0348145       -2.4215    -0.0180474     0.0348442       0.99923        -3.804
     0.999815   -0.00232252     0.0190976       1.60746    0.00299391      0.999376    -0.0352028      -2.75742    -0.0190039     0.0352535      0.999198      -3.83458
     0.999841   -0.00161581     0.0177729       1.54703    0.00221442      0.999429    -0.0337128      -2.34376    -0.0177083     0.0337468      0.999274      -3.61093
      0.99985   -0.00120599     0.0172971        1.5514    0.00179485      0.999418    -0.0340686      -2.47949     -0.017246     0.0340945       0.99927      -3.74234
     0.999845   -0.00109221     0.0175703       1.56974    0.00171808      0.999363    -0.0356454      -2.49275    -0.0175202       0.03567       0.99921      -3.93055
     0.999851   -0.00127735     0.0172388       1.60754    0.00188236      0.999381    -0.0351256      -2.64022    -0.0171833     0.0351528      0.999234      -3.91052
     0.999845   -0.00131375     0.0175694       1.58954    0.00194648      0.999348    -0.0360448      -2.43725    -0.0175105     0.0360734      0.999196      -3.95057
     0.999848   -0.00132445     0.0173971       1.60847    0.00193409      0.999383    -0.0350726      -2.61972    -0.0173399     0.0351009      0.999233      -3.88402
     0.999844   -0.00171948     0.0175572       1.58329    0.00235152      0.999348    -0.0360417      -2.44358    -0.0174837     0.0360774      0.999196      -3.99002
     0.999841   -0.00162605     0.0177565       1.59718    0.00225492      0.999369    -0.0354539      -2.62019    -0.0176876     0.0354883      0.999214      -3.83445
     0.999849  -0.000636662     0.0173798       1.58625    0.00125302       0.99937    -0.0354764      -2.48589    -0.0173462     0.0354929      0.999219      -3.91707
     0.999865  -0.000836113     0.0164108       1.59883    0.00140561      0.999396    -0.0347219      -2.47925    -0.0163719     0.0347403      0.999262      -3.96584
     0.999864  -0.000907366     0.0164964       1.59907    0.00147464      0.999407    -0.0344085      -2.60943    -0.0164554     0.0344281      0.999272      -3.99513
      0.99986   -0.00116258     0.0166725        1.6048    0.00174759      0.999382    -0.0351171      -2.45935    -0.0166213     0.0351414      0.999244      -4.07683
     0.999864   -0.00104768     0.0164317       1.60477    0.00160184      0.999429    -0.0337485       -2.6348     -0.016387     0.0337702      0.999295      -4.00793
     0.999866  -0.000860391      0.016357       1.61937     0.0014124      0.999429    -0.0337657      -2.50407    -0.0163186     0.0337843      0.999296      -4.04855
