# 3dvolreg matrices (DICOM-to-DICOM, row-by-row):
            1   0.000616675   -0.00010168     0.0339665  -0.000616833      0.999999   -0.00156123    -0.0643397   0.000100718    0.00156129      0.999999    -0.0801068
     0.999999   0.000129709   -0.00113364     0.0755056  -0.000129848             1  -0.000122517     -0.170961    0.00113362   0.000122664      0.999999     0.0836324
            1   9.43461e-11  -7.92521e-11  -3.84252e-09  -9.43461e-11             1  -7.49452e-11   1.82432e-09   7.92521e-11   7.49452e-11             1  -1.59631e-09
            1   0.000155153   6.79711e-05     0.0256664  -0.000155175             1   0.000322322    -0.0925658  -6.79211e-05  -0.000322333             1    -0.0159483
     0.999999  -0.000857314   0.000664151   -0.00750537   0.000856778      0.999999    0.00080572    -0.0413887  -0.000664842   -0.00080515      0.999999     -0.145392
     0.999999   0.000434001   -0.00118051     0.0659394  -0.000438809      0.999992   -0.00407607     -0.108862    0.00117873    0.00407658      0.999991  -0.000592451
     0.999999    0.00142001  -0.000852455    0.00724471   -0.00142161      0.999997    -0.0018804     -0.100908   0.000849782    0.00188161      0.999998      -0.12469
     0.999999    0.00133743  -0.000757025     0.0633332   -0.00133907      0.999997   -0.00216546     -0.087571   0.000754126    0.00216647      0.999997     -0.128081
     0.999998    0.00157572   -0.00139883    0.00347392   -0.00157777      0.999998   -0.00146927    -0.0464385    0.00139651    0.00147147      0.999998     -0.393754
     0.999998    0.00107809   -0.00191141     0.0861761   -0.00108345      0.999995   -0.00280552      -0.17731    0.00190838    0.00280759      0.999994      0.317739
            1   0.000355103  -3.81096e-05     0.0329485  -0.000355192      0.999997   -0.00237764    0.00281394   3.72652e-05    0.00237765      0.999997     -0.295048
     0.999998   0.000955554   -0.00191031      0.135216  -0.000936525       0.99995    0.00993705      0.120547    0.00191971   -0.00993524      0.999949       0.44956
     0.999995   0.000570493   -0.00295069    -0.0022677  -0.000534064      0.999924     0.0123319     0.0249758     0.0029575    -0.0123303       0.99992      0.122686
     0.999998    0.00173242  -0.000834235     0.0343957   -0.00173967       0.99996   -0.00876427     -0.217377   0.000819018    0.00876571      0.999961      0.163615
     0.999999   0.000690278    -0.0010082     0.0652548  -0.000699434      0.999958   -0.00910914     -0.186788    0.00100187    0.00910984      0.999958     0.0309098
            1   0.000466301  -0.000587971     0.0574134  -0.000465578      0.999999    0.00122836    -0.0973667   0.000588543   -0.00122809      0.999999     -0.400051
     0.999999  -0.000260895    -0.0012821     0.0427154   0.000253486      0.999983   -0.00577607     -0.012434    0.00128359    0.00577574      0.999982      0.138896
            1   0.000377041   0.000222045     0.0180146  -0.000376744      0.999999   -0.00133846    -0.0449296  -0.000222549    0.00133838      0.999999     -0.283669
            1  -6.91169e-06   0.000789146     0.0864901   7.08056e-06             1  -0.000213987      -0.28285  -0.000789144   0.000213992             1     -0.346432
     0.999998  -0.000669781    0.00172684     0.0514907   0.000674095      0.999997   -0.00249923    -0.0495478   -0.00172516    0.00250039      0.999995     -0.276989
     0.999998  -0.000914778    0.00197437    -0.0319257   0.000920524      0.999995   -0.00291119      -0.20364    -0.0019717      0.002913      0.999994     -0.376808
            1  -7.37492e-05  -0.000808201      0.062039   7.11094e-05      0.999995   -0.00326571     -0.137213   0.000808437    0.00326565      0.999994     0.0338615
            1   -0.00096378  -0.000229408     0.0251333   0.000962869      0.999992   -0.00393497     -0.133793   0.000233199    0.00393474      0.999992     0.0115982
     0.999999   -0.00114033  -0.000281332    -0.0496607    0.00113939      0.999994   -0.00331305      -0.10925   0.000285108    0.00331272      0.999994     0.0146414
     0.999999   -0.00127279  -0.000147937    -0.0211048    0.00127221      0.999992   -0.00382702    -0.0671766   0.000152807    0.00382683      0.999993    -0.0405354
     0.999999   -0.00150407  -4.42219e-05    -0.0444375     0.0015039      0.999992    -0.0037589     -0.131169   4.98752e-05    0.00375883      0.999993     0.0296789
     0.999999   -0.00150216   2.24263e-05    -0.0600878    0.00150224      0.999991   -0.00404141    -0.0502458  -1.63552e-05    0.00404144      0.999992    -0.0207643
     0.999999   -0.00159574   0.000327784    -0.0321041    0.00159682      0.999993   -0.00333531     -0.139139  -0.000322459    0.00333583      0.999994       0.04111
     0.999997   -0.00245731   0.000481265    -0.0929444    0.00245844      0.999994   -0.00235093    -0.0634979  -0.000475486     0.0023521      0.999997    -0.0163688
     0.999997    0.00184562   -0.00182245     0.0667545   -0.00184984      0.999996   -0.00231724    -0.0832387    0.00181817    0.00232061      0.999996    -0.0508914
     0.999995    0.00255539   -0.00157436      0.143876   -0.00255979      0.999993   -0.00279607    -0.0564616    0.00156721    0.00280009      0.999995    -0.0498776
     0.999995    0.00234849    -0.0019457     0.0706644   -0.00235408      0.999993   -0.00287605     -0.170807    0.00193893    0.00288062      0.999994    -0.0141791
     0.999975    0.00583391   -0.00399525     0.0619745   -0.00586062       0.99996   -0.00670805     0.0745215    0.00395595     0.0067313       0.99997    0.00900105
            1  -0.000292074   0.000898902     0.0491156   0.000291596             1   0.000531493     -0.193693  -0.000899057   -0.00053123      0.999999    -0.0503738
     0.999999   0.000394425   -0.00166296     0.0216709  -0.000400158      0.999994   -0.00344854    -0.0438815    0.00166159     0.0034492      0.999993    -0.0817328
     0.999997   0.000652429   -0.00246995     0.0497851  -0.000661859      0.999992   -0.00381918     -0.199526    0.00246744     0.0038208       0.99999      -0.11416
     0.999998    0.00116194   -0.00162182     0.0470669   -0.00116968      0.999988   -0.00478528    -0.0317791    0.00161624    0.00478717      0.999987      -0.04863
     0.999998    0.00103181   -0.00180396     0.0604407   -0.00104023      0.999989   -0.00467311     -0.154166    0.00179912    0.00467497      0.999987    -0.0657818
     0.999999   0.000495954   -0.00106714     0.0832586  -0.000501451      0.999987   -0.00515742    -0.0767109    0.00106457    0.00515795      0.999986    -0.0129509
            1    0.00036241  -0.000929893      0.018289  -0.000367101      0.999987    -0.0050493     -0.100702   0.000928051    0.00504964      0.999987    -0.0828209
     0.999999   9.08322e-06   -0.00120558     0.0435202  -1.42606e-05      0.999991   -0.00429455     -0.102107    0.00120553    0.00429456       0.99999    -0.0281474
            1   0.000366527  -0.000345982     0.0612393  -0.000368019      0.999991   -0.00432156    -0.0907941   0.000344395    0.00432168      0.999991    -0.0355942
     0.999999   0.000352087   -0.00150795     0.0387878   -0.00035994      0.999986   -0.00521056     -0.113529    0.00150609    0.00521109      0.999985   -0.00908786
     0.999999   0.000838643   -0.00120735     0.0250625  -0.000840436      0.999999   -0.00148565     0.0584154     0.0012061    0.00148666      0.999998     -0.104041
     0.999999   0.000736788  -0.000874021     0.0463903   -0.00073661             1   0.000203327     -0.204537    0.00087417  -0.000202683             1     -0.192538
            1   0.000289159  -0.000323879     0.0480555  -0.000289426             1  -0.000823691    -0.0501858    0.00032364   0.000823785             1     -0.180618
            1   0.000351163  -0.000565984     0.0234677  -0.000351289             1  -0.000223017      -0.15826   0.000565906   0.000223216             1     -0.202029
            1   0.000277164   -0.00047563     0.0264598  -0.000277351             1  -0.000394163    -0.0228927   0.000475521   0.000394295             1     -0.225304
            1     0.0003386  -0.000296991     0.0418481  -0.000338742             1  -0.000476558     -0.168922    0.00029683   0.000476658             1     -0.216555
            1   0.000883501   9.20275e-05     0.0403635  -0.000883321      0.999998   -0.00193485    -0.0514918  -9.37367e-05    0.00193477      0.999998     -0.152922
            1   0.000566788   0.000338484     0.0514528  -0.000566285      0.999999   -0.00148487     -0.117622  -0.000339326    0.00148468      0.999999      -0.20043
            1   0.000876394   0.000411843     0.0532248  -0.000875789      0.999999   -0.00146781    -0.0568498  -0.000413129    0.00146745      0.999999     -0.140444
     0.999999    0.00136173  -5.43434e-05     0.0200914   -0.00136179      0.999999   -0.00104916    -0.0517162   5.29146e-05    0.00104923      0.999999     -0.258295
     0.999997    0.00244984   4.67731e-05      0.111126   -0.00244983      0.999997  -0.000118817     -0.137211   -4.7064e-05   0.000118702             1     -0.180139
     0.999997    0.00214064   0.000652432      0.147716   -0.00214024      0.999998  -0.000609399   -0.00852848  -0.000653734   0.000608001             1     -0.182537
     0.999999     0.0014674   0.000475392     0.0897564   -0.00146735      0.999999  -0.000107944      -0.17127   -0.00047555   0.000107247             1     -0.117605
     0.999997    0.00212667   -0.00087884     0.0234455   -0.00212656      0.999998   0.000126532     0.0922935   0.000879108  -0.000124663             1     -0.267183
     0.999994    0.00317744   -0.00130101      0.112692   -0.00317515      0.999993    0.00175348      -0.16687    0.00130657   -0.00174934      0.999998     -0.303053
            1  -0.000312616  -0.000581627     0.0442656    0.00031002       0.99999   -0.00445931    -0.0640701   0.000583016    0.00445912       0.99999     0.0525128
            1   0.000878947  -0.000165753     0.0520523  -0.000878823      0.999999   0.000743702      -0.15456   0.000166407  -0.000743556             1     -0.233828
     0.999999   0.000469239   -0.00141056     0.0431693  -0.000474504      0.999993    -0.0037346    -0.0673328     0.0014088    0.00373527      0.999992     0.0343739
            1   0.000604136  -0.000277209     0.0397138  -0.000604118             1   6.43489e-05     -0.147946   0.000277248  -6.41814e-05             1     -0.146652
     0.999999   0.000784913    -0.0013838     0.0368203  -0.000790813      0.999991   -0.00426829    -0.0350518    0.00138044    0.00426938       0.99999    -0.0278611
     0.999999   0.000832946  -0.000586407     0.0375679  -0.000833421      0.999999  -0.000809935      -0.16842   0.000585732   0.000810423             1    -0.0503672
            1   0.000598288   0.000561326     0.0723552  -0.000597673      0.999999   -0.00109576    -0.0184721  -0.000561981    0.00109543      0.999999    -0.0640195
            1   0.000670237   0.000564015     0.0320256  -0.000669371      0.999999   -0.00153508     -0.134303  -0.000565043     0.0015347      0.999999    -0.0942394
            1   0.000723808     0.0005824     0.0368057  -0.000722691      0.999998    -0.0019157      -0.06686  -0.000583786    0.00191528      0.999998     -0.015332
            1   0.000684337   0.000720043     0.0543766  -0.000683339      0.999999     -0.001386    -0.0383942  -0.000720991    0.00138551      0.999999    -0.0517916
            1   0.000765914  -0.000112672     0.0343142  -0.000765919             1  -5.05305e-05     -0.134095   0.000112633   5.06168e-05             1     0.0460964
            1    0.00094575    0.00013634     0.0610884  -0.000945635      0.999999  -0.000845062     0.0274104   -0.00013714   0.000844933             1     0.0150325
            1   0.000938063   9.03172e-05     0.0465648  -0.000938085             1   0.000243918     -0.171224  -9.00884e-05  -0.000244002             1     0.0576451
            1   0.000131079   0.000771059     0.0326723  -0.000132006      0.999999     0.0012031    0.00930138  -0.000770901    -0.0012032      0.999999     0.0599882
     0.999999   0.000566452   -0.00111886     0.0212225  -0.000569692      0.999996   -0.00289768      -0.19778    0.00111721    0.00289831      0.999995     -0.133676
     0.999997   0.000663184   -0.00220568    -0.0126574  -0.000670084      0.999995   -0.00312873    -0.0469862     0.0022036     0.0031302      0.999993     -0.117194
     0.999994   0.000811739    -0.0034036     0.0149815  -0.000817177      0.999998   -0.00159682    0.00181223     0.0034023    0.00159959      0.999993     -0.296572
     0.999995    0.00133074   -0.00294986     0.0498896   -0.00133345      0.999999  -0.000917809      -0.18479    0.00294863   0.000921737      0.999995     -0.289768
     0.999996    0.00145249   -0.00235993     0.0962428   -0.00145519      0.999998   -0.00113992    -0.0541985    0.00235827    0.00114335      0.999997     -0.332417
     0.999997    0.00123262   -0.00191343     0.0626273   -0.00123534      0.999998   -0.00142466     -0.171483    0.00191167    0.00142702      0.999997     -0.298723
     0.999998   0.000754447   -0.00168874     0.0559618  -0.000757514      0.999998   -0.00181606    -0.0286125    0.00168736    0.00181734      0.999997     -0.348576
     0.999996    0.00128607   -0.00267686     0.0019593   -0.00129072      0.999998   -0.00173529     -0.154512    0.00267462    0.00173873      0.999995      -0.34145
     0.999995    0.00169814   -0.00259062     0.0672657   -0.00170475      0.999995   -0.00255355    -0.0770859    0.00258628    0.00255796      0.999993     -0.271121
     0.999997    0.00125608   -0.00214039      0.104685   -0.00126242      0.999995   -0.00296684     -0.144759    0.00213665    0.00296953      0.999993     -0.352766
     0.999999   0.000557496   -0.00115781     0.0394128  -0.000559855      0.999998   -0.00203796     -0.133414    0.00115667     0.0020386      0.999997      0.116264
     0.999999   0.000544316    -0.0010579     0.0307252  -0.000545558      0.999999   -0.00117418     0.0071853    0.00105726    0.00117476      0.999999     0.0544524
     0.999999    0.00078429  -0.000929382     0.0485593  -0.000786015      0.999998   -0.00185759     -0.148826   0.000927924    0.00185832      0.999998     0.0986273
     0.999999  -0.000579701   -0.00161744   -0.00970649   0.000575098      0.999996   -0.00284494     -0.048591    0.00161908    0.00284401      0.999995      0.146178
     0.999999   0.000114787   -0.00165441   -0.00546259  -0.000117581      0.999999   -0.00168883    -0.0878563    0.00165421    0.00168903      0.999997     0.0134915
     0.999999    0.00073312   -0.00152286     0.0349839  -0.000734644      0.999999   -0.00100023     0.0118208    0.00152212    0.00100135      0.999998    -0.0924806
     0.999998    0.00132096   -0.00153492     0.0439866    -0.0013211      0.999999  -8.82231e-05     -0.212628    0.00153481   9.02507e-05      0.999999    -0.0674991
     0.999998    0.00119882   -0.00154625      0.070166   -0.00119871      0.999999    7.1795e-05    -0.0176352    0.00154633  -6.99414e-05      0.999999     -0.162944
     0.999999   0.000845201   -0.00109393     0.0636462  -0.000845449             1  -0.000226954     -0.202224    0.00109374   0.000227879      0.999999      -0.14101
     0.999999   0.000676433  -0.000757519     0.0543085  -0.000676884             1  -0.000594824    -0.0275848   0.000757116   0.000595337             1     -0.217121
            1   0.000644919  -0.000748024     0.0365569  -0.000645134             1  -0.000287521     -0.154846   0.000747838   0.000288003             1     -0.174511
            1     0.0004286  -0.000644465     0.0370499  -0.000429197      0.999999  -0.000927859    -0.0254906   0.000644067   0.000928135      0.999999      -0.22747
            1   0.000308653  -0.000769386     0.0196499  -0.000308702             1   -6.4285e-05     -0.173888   0.000769366   6.45225e-05             1      -0.20496
            1   0.000295081  -0.000695299     0.0255458   -0.00029538             1  -0.000429531     0.0146057   0.000695172   0.000429737             1     -0.219412
            1  -8.22235e-05  -0.000839452     0.0250907    8.2586e-05             1   0.000431772     -0.170268   0.000839416  -0.000431841             1     -0.241245
            1  -0.000129255  -0.000440155     0.0127026   0.000129135             1  -0.000273515    -0.0322616    0.00044019   0.000273458             1     -0.183844
            1  -0.000230653  -0.000417113    0.00418561   0.000230461             1  -0.000460618     -0.143283   0.000417219   0.000460522             1     -0.237141
     0.999998  -0.000898839   -0.00150559    -0.0291546    0.00089859             1  -0.000165514    -0.0681834    0.00150574   0.000164161      0.999999     -0.133324
     0.999997  -5.12921e-05   -0.00230429    -0.0426561    5.4068e-05      0.999999    0.00120458     0.0340419    0.00230422   -0.00120471      0.999997     -0.314044
     0.999999    0.00126659   -0.00109321     0.0447766   -0.00126887      0.999997   -0.00208712     -0.192418    0.00109056    0.00208851      0.999997      0.130776
     0.999997    0.00211229  -0.000819637     0.0657154   -0.00211382      0.999996   -0.00187883     -0.008269   0.000815665    0.00188056      0.999998    0.00565679
     0.999997    0.00225728  -0.000733028      0.125916   -0.00225807      0.999997   -0.00108228     -0.153035   0.000730583    0.00108393      0.999999   -0.00234993
     0.999999    0.00155707  -0.000368776      0.108948   -0.00155758      0.999998   -0.00138716    -0.0756718   0.000366615    0.00138774      0.999999    -0.0954406
     0.999999    0.00138308  -2.60648e-05     0.0867745    -0.0013831      0.999999  -0.000782337     -0.144214   2.49827e-05   0.000782372             1    -0.0511885
     0.999999   0.000999823   0.000206664     0.0656916  -0.000999399      0.999997   -0.00204348    -0.0583089  -0.000208707    0.00204327      0.999998     -0.138239
     0.999999    0.00106421   0.000104899     0.0600753   -0.00106403      0.999998   -0.00175955      -0.16617  -0.000106771    0.00175943      0.999998    -0.0652327
     0.999999    0.00124853   2.72037e-06     0.0535897   -0.00124852      0.999996   -0.00240725    0.00263528  -5.72589e-06    0.00240725      0.999997     -0.127349
     0.999999    0.00126202  -3.66775e-05     0.0743069    -0.0012621      0.999997   -0.00218729     -0.172094    3.3917e-05    0.00218733      0.999998    -0.0772677
     0.999999     0.0012477  -0.000414302     0.0544906    -0.0012486      0.999997   -0.00219698     0.0173221    0.00041156    0.00219749      0.999998     -0.130469
     0.999999     0.0014322  -0.000422699     0.0678547   -0.00143267      0.999998   -0.00113268     -0.177331   0.000421076    0.00113328      0.999999     -0.124466
     0.999999    0.00127168   6.83121e-05     0.0893736   -0.00127151      0.999996   -0.00232566    -0.0297048  -7.12693e-05    0.00232557      0.999997    -0.0753314
     0.999999    0.00104476   1.56965e-05       0.05699   -0.00104473      0.999997   -0.00203374      -0.15782  -1.78213e-05    0.00203372      0.999998     -0.127337
            1  -0.000136588  -0.000443875     0.0529849   0.000135695      0.999998   -0.00201164    -0.0857815   0.000444149    0.00201158      0.999998     0.0206592
     0.999999   0.000567686   -0.00116487    -0.0383056  -0.000568412             1  -0.000623335    0.00813525    0.00116452   0.000623996      0.999999      -0.23127
     0.999997    0.00172699   -0.00151328     0.0786281   -0.00172606      0.999998   0.000616986     -0.168865    0.00151435  -0.000614372      0.999999     -0.181699
     0.999998    0.00167354  -0.000825225     0.0918849   -0.00167338      0.999999   0.000199777    -0.0701681   0.000825558  -0.000198395             1     -0.294578
     0.999998    0.00173001  -0.000664098     0.0913866   -0.00172964      0.999998   0.000555541     -0.130268   0.000665058  -0.000554392             1     -0.254183
     0.999999      0.001593  -0.000616784     0.0813815   -0.00159259      0.999999   0.000674765    -0.0929614   0.000617858  -0.000673782             1      -0.29848
     0.999999    0.00165095   -0.00040684     0.0757832   -0.00165063      0.999998   0.000785604    -0.0523444   0.000408136  -0.000784931             1     -0.296352
     0.999999    0.00155504  -0.000272617     0.0823254   -0.00155493      0.999999   0.000407116     -0.131774    0.00027325  -0.000406691             1     -0.292417
     0.999999    0.00139808  -0.000163371     0.0853898   -0.00139822      0.999999  -0.000807046    -0.0378867   0.000162243   0.000807274             1      -0.26763
     0.999998    0.00161823  -0.000683028     0.0452569   -0.00161837      0.999999  -0.000197392     -0.140216   0.000682707   0.000198497             1     -0.303079
     0.999998    0.00170042  -0.000758879      0.100846   -0.00170028      0.999999   0.000186354    -0.0338817   0.000759195  -0.000185064             1       -0.2533
     0.999998    0.00165934  -0.000664585     0.0913357    -0.0016588      0.999998   0.000816063     -0.114412   0.000665938   -0.00081496      0.999999      -0.37004
     0.999998    0.00193652  -0.000861678      0.086303   -0.00193464      0.999996    0.00217841     -0.075679   0.000865893   -0.00217674      0.999997     -0.325593
            1   0.000231103  -0.000624304     0.0548153  -0.000233124      0.999995   -0.00323757     -0.120927   0.000623552    0.00323771      0.999995    -0.0681622
     0.999999  -0.000856028   -0.00120127    -0.0194482   0.000849604      0.999985   -0.00533848    -0.0845285    0.00120582    0.00533745      0.999985     0.0446319
     0.999995    0.00233211   -0.00221825    -0.0116878   -0.00232888      0.999996    0.00145605    -0.0648396    0.00222164   -0.00145087      0.999996     -0.325587
            1    0.00030386  -0.000854772     0.0774398  -0.000307312      0.999992   -0.00404196     -0.117869   0.000853537    0.00404222      0.999991      0.182817
            1   0.000674953  -0.000523408     0.0410097  -0.000674657             1   0.000564179     -0.104618   0.000523789  -0.000563826             1     -0.288339
     0.999998   0.000667415   -0.00172065     0.0495208  -0.000672309      0.999996    -0.0028454     -0.073643    0.00171875    0.00284656      0.999994     0.0413785
     0.999999    0.00036916   -0.00165645     0.0466061  -0.000373273      0.999997   -0.00248373     -0.179662    0.00165553    0.00248435      0.999996      0.144217
     0.999998    0.00048351   -0.00181347     0.0238579  -0.000485313      0.999999  -0.000993745    0.00749351    0.00181299   0.000994623      0.999998    -0.0470076
     0.999999   6.83976e-05   -0.00165491     0.0372057  -6.83845e-05             1   8.02423e-06     -0.116394    0.00165491  -7.91105e-06      0.999999   -0.00978171
     0.999999  -0.000328705   -0.00151984   -0.00463241   0.000325088      0.999997   -0.00237961     -0.097793    0.00152062    0.00237912      0.999996    -0.0647208
     0.999999  -0.000640127   -0.00114887     0.0170674   0.000635997      0.999993   -0.00359208      -0.11009    0.00115116    0.00359134      0.999993     0.0436948
     0.999999  -0.000851851   -0.00105261    -0.0291312   0.000847551      0.999991   -0.00407804    -0.0682938    0.00105607    0.00407714      0.999991    -0.0688384
     0.999996  -0.000793887   -0.00265625    -0.0323403    0.00078366      0.999992   -0.00384888    -0.0902613    0.00265929    0.00384678      0.999989     0.0769757
     0.999997   -0.00100489   -0.00225201    -0.0180786   0.000994191      0.999988    -0.0047457    -0.0149694    0.00225675    0.00474345      0.999986     0.0362961
     0.999999  -0.000719414   -0.00116005     0.0164343   0.000719028             1  -0.000333264     -0.198567    0.00116029   0.000332429      0.999999     0.0701996
     0.999996  -0.000457346   -0.00264827    -0.0554853   0.000450232      0.999996   -0.00268609    -0.0569848    0.00264949    0.00268489      0.999993     0.0808311
     0.999995  -0.000598731   -0.00295722    -0.0350421   0.000589995      0.999995   -0.00295414      -0.10658    0.00295897    0.00295238      0.999991    -0.0966124
     0.999997  -0.000730873   -0.00241153    0.00897404   0.000725472      0.999997   -0.00223982     -0.150049    0.00241316    0.00223807      0.999995    -0.0276235
     0.999997  -0.000911773   -0.00246859    -0.0441155   0.000905934      0.999997   -0.00236513    -0.0906561    0.00247074    0.00236288      0.999994     -0.178027
     0.999997  -0.000935104   -0.00209702    0.00421389   0.000929971      0.999997   -0.00244767     -0.157506     0.0020993    0.00244571      0.999995     -0.128539
     0.999997   -0.00110909   -0.00203327    -0.0375517    0.00110517      0.999998   -0.00192731     -0.118736     0.0020354    0.00192506      0.999996     -0.201905
     0.999998   -0.00108345   -0.00178598    -0.0179975    0.00107997      0.999998    -0.0019536    -0.0650485    0.00178809    0.00195167      0.999996     -0.152948
     0.999998   -0.00101855   -0.00196042    -0.0480037    0.00101401      0.999997   -0.00231765     -0.149999    0.00196278    0.00231566      0.999995     -0.187841
     0.999998   -0.00117236   -0.00185472    -0.0431591    0.00116736      0.999996   -0.00269202    -0.0602768    0.00185787    0.00268985      0.999995     -0.172823
     0.999998   -0.00101655     -0.001951    -0.0326729    0.00101217      0.999997   -0.00224419     -0.120071    0.00195327    0.00224221      0.999996     -0.243766
     0.999997    -0.0012696   -0.00201729    -0.0299548    0.00126452      0.999996   -0.00251429    -0.0698045    0.00202048    0.00251173      0.999995     -0.209248
     0.999998   -0.00104893   -0.00180475    -0.0332287    0.00104414      0.999996   -0.00265387     -0.139968    0.00180752    0.00265198      0.999995     -0.211878
     0.999998   -0.00108756   -0.00192687    -0.0370488    0.00108216      0.999995   -0.00279824    -0.0223805    0.00192991    0.00279615      0.999994     -0.229203
     0.999997   -0.00123213   -0.00193019    -0.0342173    0.00122836      0.999997   -0.00195349      -0.17948    0.00193259    0.00195111      0.999996     -0.244218
     0.999999  -0.000910218   -0.00122431    -0.0218682   0.000906431      0.999995   -0.00309051    -0.0599607    0.00122712     0.0030894      0.999994     -0.108049
     0.999995  -0.000386901   -0.00298478    -0.0696456   0.000381729      0.999998   -0.00173314    -0.0962168    0.00298545    0.00173199      0.999994     -0.407342
     0.999999   0.000475367   -0.00114932     0.0904228  -0.000478151      0.999997   -0.00242326     -0.160751    0.00114816    0.00242381      0.999996      0.292735
            1   0.000533852  -0.000168204     0.0363179  -0.000534139      0.999998   -0.00170727    -0.0713805   0.000167292    0.00170736      0.999999     -0.375036
     0.999998    0.00102618   -0.00194476     0.0454878   -0.00103093      0.999996   -0.00244029      -0.21429    0.00194225    0.00244229      0.999995      0.212848
            1   0.000451326  -0.000258059      0.044217  -0.000451646      0.999999   -0.00124113   -0.00893228   0.000257499    0.00124125      0.999999     -0.345264
     0.999998   0.000750539   -0.00164915     0.0420547  -0.000752413      0.999999   -0.00113638     -0.204135     0.0016483    0.00113762      0.999998      0.162017
            1   0.000590945  -0.000635078     0.0389919  -0.000591582      0.999999   -0.00100414     0.0119147   0.000634484    0.00100451      0.999999     -0.284237
     0.999998   0.000719679   -0.00163329     0.0522881  -0.000724464      0.999995   -0.00293041     -0.175673    0.00163118    0.00293159      0.999994      0.164339
     0.999998   0.000559424    -0.0019882     0.0297245  -0.000566568      0.999993   -0.00359409    -0.0379241    0.00198618    0.00359521      0.999992      0.187955
     0.999998   0.000625819   -0.00169415     0.0468671  -0.000631291      0.999995   -0.00323167     -0.147542    0.00169212    0.00323274      0.999993      0.230927
     0.999998   0.000688482   -0.00178216     0.0327485  -0.000695465      0.999992   -0.00392028   -0.00146206    0.00177944    0.00392151      0.999991      0.116553
     0.999998   0.000833114   -0.00199901     0.0499733  -0.000837784      0.999997   -0.00233625     -0.154019    0.00199706    0.00233792      0.999995      0.221824
     0.999995    0.00211076   -0.00250242     0.0501022   -0.00211216      0.999998  -0.000556272     0.0840155    0.00250124   0.000561555      0.999997     0.0131884
     0.999994    0.00234092   -0.00271161      0.115317   -0.00233878      0.999997   0.000789939     -0.148798    0.00271345  -0.000783593      0.999996     0.0907381
     0.999995    0.00194912   -0.00239394      0.109795   -0.00195011      0.999998  -0.000412748    -0.0341159    0.00239313   0.000417415      0.999997     0.0127082
     0.999996    0.00131601    -0.0023653     0.0867388   -0.00131577      0.999999   0.000103853      -0.19679    0.00236544  -0.000100741      0.999997      0.105388
     0.999997   0.000667444   -0.00238249      0.059255  -0.000672811      0.999997   -0.00225265    -0.0513758    0.00238098    0.00225424      0.999995     0.0958133
     0.999993    0.00162855   -0.00341758     0.0016314   -0.00163474      0.999997   -0.00180798     -0.113479    0.00341462    0.00181355      0.999993     0.0646464
     0.999992    0.00249892   -0.00315988      0.112924   -0.00250582      0.999994    -0.0021828    0.00364121    0.00315441     0.0021907      0.999993      0.185749
     0.999992    0.00240567   -0.00304063      0.106882   -0.00240994      0.999996   -0.00140156     -0.183639    0.00303724    0.00140887      0.999994      0.145723
      0.99999    0.00306489   -0.00332877      0.113818   -0.00307931      0.999986   -0.00433493     0.0571645    0.00331544    0.00434513      0.999985      0.472184
     0.999999    0.00153645  -0.000420032     0.0746222   -0.00153778      0.999994    -0.0031838      -0.00821   0.000415138    0.00318444      0.999995    -0.0242632
