# 3dvolreg matrices (DICOM-to-DICOM, row-by-row):
     0.999949    0.00574081   -0.00831748      0.589376   -0.00558282      0.999806     0.0188951      -3.78572    0.00842434    -0.0188477      0.999787      -1.41089
     0.999949    0.00573658   -0.00829224      0.583304    -0.0055821      0.999813     0.0185344      -3.78181    0.00839701    -0.0184871      0.999794      -1.39078
      0.99995     0.0057855   -0.00812729      0.579965   -0.00563196      0.999808       0.01879      -3.77615    0.00823443    -0.0187433       0.99979      -1.41615
     0.999949    0.00596579   -0.00813224      0.574258   -0.00581354       0.99981     0.0186178      -3.79795    0.00824177    -0.0185696      0.999794      -1.43408
     0.999949    0.00600583    -0.0081208      0.564242   -0.00585289      0.999807     0.0187276      -3.77589    0.00823171    -0.0186791      0.999792      -1.46235
     0.999948    0.00593501   -0.00834832      0.568972   -0.00577616      0.999804     0.0189252       -3.7992    0.00845901     -0.018876      0.999786      -1.46067
     0.999949       0.00614   -0.00806715      0.558131    -0.0059868      0.999804     0.0188794      -3.71219    0.00818149    -0.0188302      0.999789      -1.46256
     0.999947    0.00578773    -0.0084986      0.573313   -0.00562689      0.999807     0.0188285      -3.81023    0.00860593    -0.0187797      0.999787      -1.46819
     0.999948     0.0060752   -0.00813715      0.550939   -0.00592513      0.999814      0.018341      -3.70791    0.00824706    -0.0182918      0.999799      -1.51087
     0.999945    0.00591313   -0.00864438      0.564882   -0.00574944      0.999806       0.01884      -3.80045    0.00875411    -0.0187892      0.999785      -1.48234
     0.999945    0.00594608   -0.00868258      0.555957   -0.00578423      0.999811     0.0185481       -3.7416    0.00879123    -0.0184968       0.99979      -1.49931
     0.999939    0.00613999   -0.00913638      0.546776     -0.005965      0.999801     0.0190587      -3.76106    0.00925158    -0.0190031      0.999777      -1.51128
     0.999938    0.00619841    -0.0092091      0.545204   -0.00602171        0.9998     0.0190925      -3.74843    0.00932559    -0.0190359      0.999775      -1.48854
     0.999936    0.00673139   -0.00912172      0.513512   -0.00655892      0.999802     0.0188072      -3.64196    0.00924651    -0.0187462      0.999782      -1.55789
     0.999942     0.0064118    -0.0085988      0.554956   -0.00624863      0.999802     0.0188704      -3.71777    0.00871809    -0.0188155      0.999785      -1.46404
      0.99994    0.00654238   -0.00879481      0.544935   -0.00637325      0.999797     0.0191233      -3.74545    0.00891814    -0.0190661      0.999778      -1.52657
     0.999939    0.00656025   -0.00884434      0.534321   -0.00639071      0.999798     0.0190633      -3.69587    0.00896761    -0.0190057      0.999779      -1.53364
     0.999936    0.00677823   -0.00905147      0.528026   -0.00660466      0.999796     0.0190699       -3.7316    0.00917888    -0.0190089      0.999777      -1.56814
     0.999938    0.00674486   -0.00887552      0.535053   -0.00657343      0.999794     0.0192046      -3.74939    0.00900322    -0.0191451      0.999776       -1.5698
     0.999938    0.00678862   -0.00880435      0.532792   -0.00661546      0.999787     0.0195491      -3.72553    0.00893519    -0.0194896       0.99977      -1.59293
     0.999939    0.00659241   -0.00886483      0.549924   -0.00641734      0.999787     0.0196342      -3.75421    0.00899237    -0.0195761      0.999768      -1.60014
     0.999941    0.00651714   -0.00865612       0.54543   -0.00634611      0.999787     0.0196409      -3.68504    0.00878228    -0.0195848       0.99977      -1.60411
      0.99994    0.00649996   -0.00886221      0.553257   -0.00632354      0.999784     0.0197916       -3.7543    0.00898894    -0.0197343      0.999765      -1.60638
     0.999939    0.00653432   -0.00886454      0.545226   -0.00635746      0.999783     0.0198349      -3.70891    0.00899222    -0.0197774      0.999764      -1.61273
     0.999938    0.00657309   -0.00899346      0.546362     -0.006396      0.999788     0.0195804      -3.71188    0.00912026    -0.0195217      0.999768      -1.62636
      0.99994     0.0064116   -0.00892342      0.554651    -0.0062318       0.99978     0.0200324      -3.73161    0.00904989    -0.0199756       0.99976       -1.5774
     0.999938    0.00650977   -0.00904889      0.544337   -0.00633067      0.999786      0.019682      -3.69838    0.00917508    -0.0196235      0.999765      -1.58588
     0.999931    0.00671999   -0.00963398      0.529063   -0.00652845      0.999783      0.019777       -3.7388    0.00976479    -0.0197127      0.999758      -1.57944
     0.999927    0.00703601   -0.00979324       0.51041   -0.00684321      0.999785     0.0195838       -3.6954    0.00992893    -0.0195154       0.99976      -1.59262
     0.999926    0.00706794   -0.00993962       0.50899   -0.00686939      0.999779     0.0198699      -3.72269     0.0100779    -0.0198001      0.999753      -1.59409
     0.999926    0.00701438   -0.00992613      0.511104   -0.00681709      0.999781     0.0197717      -3.71888     0.0100626    -0.0197026      0.999755      -1.58684
     0.999929    0.00715817   -0.00951797      0.514888   -0.00697509      0.999793     0.0191315      -3.61605    0.00965294    -0.0190638      0.999772      -1.63483
     0.999932    0.00687687   -0.00937422       0.52906   -0.00669524      0.999792     0.0192705      -3.69049    0.00950479    -0.0192065       0.99977       -1.6062
     0.999935    0.00685361    -0.0091151      0.539098   -0.00667419      0.999786     0.0195699      -3.68365    0.00924728    -0.0195078      0.999767      -1.64889
     0.999934    0.00674963   -0.00927961      0.535018   -0.00656686      0.999787     0.0195872      -3.72796    0.00940984     -0.019525      0.999765      -1.63151
     0.999933    0.00689686   -0.00924933      0.526026   -0.00671576      0.999788     0.0194705      -3.71425    0.00938166    -0.0194071      0.999768      -1.66221
     0.999931    0.00692862   -0.00944317      0.522135   -0.00673778      0.999775     0.0200933       -3.7433    0.00958027    -0.0200283      0.999754      -1.65267
     0.999932    0.00701151   -0.00926706      0.513073   -0.00682752      0.999782     0.0197381      -3.69157    0.00940344    -0.0196735      0.999762        -1.654
     0.999933    0.00704864   -0.00913123      0.507165   -0.00686397      0.999774      0.020099      -3.70216    0.00927084     -0.020035      0.999756       -1.6735
     0.999935    0.00706784   -0.00892186      0.512312   -0.00688932      0.999779     0.0198836      -3.68386    0.00906042    -0.0198208      0.999762      -1.66248
     0.999932    0.00710443   -0.00922288      0.502638   -0.00692207      0.999783     0.0196566      -3.70953    0.00936053    -0.0195915      0.999764      -1.67517
     0.999931    0.00707533   -0.00937159      0.504198   -0.00689022      0.999783     0.0196392      -3.74182    0.00950851    -0.0195732      0.999763      -1.65426
     0.999929    0.00717004   -0.00948707      0.488071   -0.00698456      0.999787     0.0194414      -3.69644    0.00962444    -0.0193737      0.999766      -1.65603
     0.999927    0.00721634   -0.00967034      0.494537    -0.0070276      0.999787     0.0194107      -3.72368    0.00980836    -0.0193413      0.999765       -1.6483
     0.999926    0.00728375   -0.00977491      0.490687   -0.00709154      0.999784     0.0195561      -3.74779    0.00991524    -0.0194853      0.999761      -1.62561
     0.999924    0.00753177   -0.00977028      0.472797    -0.0073395      0.999782     0.0195672      -3.69816    0.00991552     -0.019494      0.999761      -1.66956
     0.999923    0.00748212   -0.00985773      0.481094   -0.00728532      0.999776     0.0198507      -3.74147      0.010004    -0.0197774      0.999754      -1.65919
     0.999925    0.00759437   -0.00961482       0.46822   -0.00740011      0.999771     0.0200816      -3.67244    0.00976513    -0.0200089      0.999752      -1.63912
     0.999926    0.00753434   -0.00957782       0.47308   -0.00734247      0.999775      0.019913      -3.70477    0.00972569    -0.0198412      0.999756      -1.65213
     0.999928    0.00761579   -0.00922331      0.464948   -0.00742812      0.999768     0.0202138      -3.67164    0.00937512    -0.0201438      0.999753      -1.62012
     0.999922    0.00777413    -0.0097968      0.467402   -0.00757218      0.999761     0.0204855      -3.73526    0.00995372    -0.0204097      0.999742      -1.63822
      0.99992    0.00787116   -0.00990688      0.458394   -0.00766448      0.999756     0.0207301      -3.67821     0.0100676    -0.0206525      0.999736      -1.63215
     0.999916    0.00809189    -0.0100811      0.448241   -0.00788322      0.999757     0.0205692      -3.69134     0.0102451     -0.020488      0.999738      -1.66123
     0.999916    0.00805869    -0.0101584      0.441491   -0.00784384      0.999748     0.0210151      -3.70367     0.0103252    -0.0209337      0.999728      -1.65118
     0.999915    0.00831605    -0.0100491      0.421025   -0.00810665      0.999753     0.0207021      -3.64099     0.0102188    -0.0206189      0.999735      -1.68819
     0.999912    0.00823175    -0.0103675       0.43094   -0.00801272      0.999747     0.0209944      -3.69483     0.0105377    -0.0209095      0.999726      -1.66436
     0.999913    0.00828746    -0.0102568      0.424153   -0.00807034      0.999746     0.0210314      -3.64261     0.0104285    -0.0209468      0.999726      -1.67618
     0.999912    0.00829595    -0.0103269      0.437403   -0.00807466      0.999741     0.0212889      -3.65581     0.0105008    -0.0212036       0.99972      -1.65628
     0.999915    0.00810062      -0.01025      0.445463   -0.00787686      0.999734     0.0216851      -3.66474     0.0104229    -0.0216025      0.999712      -1.63971
      0.99992    0.00806156   -0.00979378      0.451965   -0.00784656      0.999732     0.0217968      -3.62472    0.00996687    -0.0217182      0.999714      -1.68369
     0.999917    0.00807178    -0.0100195      0.450505   -0.00785049      0.999729     0.0219323      -3.67528     0.0101938    -0.0218518      0.999709      -1.64983
     0.999921    0.00811845   -0.00962098      0.433083   -0.00790519      0.999727     0.0220002       -3.6276    0.00979695    -0.0219224      0.999712      -1.66921
     0.999919    0.00824524    -0.0097339      0.442979   -0.00802741      0.999721     0.0222092      -3.69808     0.0099143    -0.0221292      0.999706      -1.64784
      0.99992    0.00819458   -0.00965607      0.440242   -0.00797742      0.999719     0.0223179      -3.64728    0.00983625    -0.0222391      0.999704      -1.66894
     0.999923    0.00808003   -0.00945672      0.456905    -0.0078658      0.999716     0.0224763      -3.65036    0.00963565    -0.0224002      0.999703      -1.69065
     0.999924    0.00785685   -0.00947646      0.466782   -0.00763808      0.999708      0.022905      -3.66723    0.00965366    -0.0228309      0.999693      -1.67926
      0.99993    0.00781287   -0.00886562      0.471354   -0.00760701      0.999706       0.02302      -3.60473    0.00904286     -0.022951      0.999696      -1.69505
      0.99993    0.00779378   -0.00893572      0.472893    -0.0075858      0.999705     0.0230773      -3.62401    0.00911294    -0.0230079      0.999694      -1.71084
     0.999932    0.00760725   -0.00884023      0.484673   -0.00739784      0.999697     0.0234851      -3.63733     0.0090162    -0.0234181      0.999685      -1.69721
     0.999927    0.00785441   -0.00918074      0.469436   -0.00763998      0.999702     0.0231637      -3.60457    0.00935995    -0.0230919       0.99969      -1.72569
     0.999927    0.00783576   -0.00914614      0.471561   -0.00761744      0.999691     0.0236655      -3.62787    0.00932875    -0.0235941      0.999678      -1.69671
      0.99993    0.00795203   -0.00872429      0.461288    -0.0077447      0.999693     0.0235464      -3.55171    0.00890885    -0.0234772      0.999685      -1.71528
     0.999929    0.00782734   -0.00893579      0.474185     -0.007611      0.999683     0.0239935      -3.63206    0.00912076    -0.0239238      0.999672      -1.72429
      0.99993    0.00774605   -0.00891395      0.462223   -0.00753071      0.999685     0.0239429      -3.58086     0.0090966    -0.0238741      0.999674       -1.7128
     0.999928    0.00797143   -0.00900094      0.462965   -0.00775489      0.999686      0.023842      -3.62757    0.00918816    -0.0237705      0.999675      -1.72497
     0.999929     0.0076613   -0.00910348      0.477655   -0.00744061      0.999683     0.0240331       -3.6103    0.00928473    -0.0239637       0.99967      -1.68228
     0.999929    0.00770969   -0.00911862      0.479233   -0.00749196      0.999692     0.0236755        -3.597    0.00929834    -0.0236055      0.999678      -1.69763
     0.999929     0.0075552   -0.00922729      0.486963   -0.00733205      0.999686     0.0239819      -3.65557    0.00940558    -0.0239125       0.99967      -1.66578
      0.99993    0.00755114   -0.00906958      0.486261   -0.00733545      0.999695     0.0235839      -3.61505     0.0092449    -0.0235158      0.999681      -1.68673
     0.999932    0.00738667   -0.00904519      0.489569   -0.00716891      0.999689     0.0238751      -3.65689    0.00921873    -0.0238087      0.999674      -1.68858
     0.999932    0.00729433    -0.0090802      0.494414   -0.00707396      0.999685     0.0240693      -3.66695    0.00925291    -0.0240035      0.999669      -1.66797
     0.999934    0.00734268   -0.00886237      0.490572   -0.00712987      0.999691     0.0238094      -3.62901    0.00903446    -0.0237447      0.999677      -1.67911
     0.999933     0.0072779   -0.00898582      0.491519   -0.00706136      0.999689     0.0238986      -3.67364    0.00915697    -0.0238335      0.999674      -1.66346
     0.999936    0.00736805   -0.00857497      0.475401   -0.00716524      0.999699     0.0234463      -3.57967    0.00874514    -0.0233834      0.999688      -1.68326
     0.999935    0.00750644   -0.00862362      0.474087    -0.0072989      0.999689     0.0238509      -3.62723    0.00879997    -0.0237864      0.999678      -1.69458
     0.999937    0.00755544   -0.00834732      0.467797   -0.00735642      0.999694     0.0236219      -3.54279    0.00852324     -0.023559      0.999686      -1.66377
     0.999934    0.00750941   -0.00874743      0.483464   -0.00729892      0.999689     0.0238515      -3.65977    0.00892382    -0.0237861      0.999677      -1.68375
     0.999936    0.00747354    -0.0084351      0.481993   -0.00727004      0.999688     0.0239029       -3.5574    0.00861111      -0.02384      0.999679       -1.6892
     0.999934    0.00744196   -0.00873954      0.487832   -0.00722856      0.999681     0.0241997      -3.62142    0.00891684     -0.024135      0.999669      -1.71867
     0.999938     0.0072352   -0.00841047      0.493418   -0.00702695      0.999674     0.0245323      -3.59359    0.00858522    -0.0244717      0.999664      -1.69296
     0.999939    0.00733582   -0.00823486      0.488929   -0.00713403       0.99968     0.0242718      -3.56205    0.00841027    -0.0242116      0.999671      -1.72943
      0.99994    0.00712911   -0.00829551      0.504253   -0.00692353      0.999675      0.024553       -3.6284    0.00846785    -0.0244941      0.999664       -1.7104
      0.99994    0.00706925    -0.0083778      0.503235   -0.00686155      0.999675     0.0245659      -3.58143    0.00854873    -0.0245069      0.999663      -1.72388
     0.999941    0.00716632   -0.00817542      0.511792    -0.0069638      0.999675     0.0245362      -3.63906     0.0083486    -0.0244778      0.999666       -1.7121
     0.999944    0.00688003   -0.00809755      0.524714   -0.00667578      0.999666     0.0249859      -3.59145    0.00826675    -0.0249304      0.999655      -1.71201
     0.999943    0.00690434   -0.00813902      0.528923   -0.00669973      0.999667     0.0249046      -3.60883    0.00830827    -0.0248487      0.999657      -1.72496
     0.999945     0.0067258   -0.00810874      0.538236   -0.00651802      0.999657     0.0253836      -3.64873    0.00827668    -0.0253294      0.999645      -1.69587
     0.999944    0.00684851   -0.00807484      0.538768   -0.00664581      0.999669     0.0248673      -3.57996    0.00824247    -0.0248123      0.999658      -1.70753
     0.999947    0.00654851   -0.00788673      0.547533    -0.0063457      0.999655     0.0254713       -3.6658    0.00805081    -0.0254199      0.999644      -1.69059
     0.999947     0.0066258   -0.00782006      0.545922   -0.00642571      0.999658       0.02534      -3.61947    0.00798529    -0.0252885      0.999648      -1.67872
     0.999946    0.00651471   -0.00814555      0.548176   -0.00630731      0.999662     0.0252339      -3.61706    0.00830718    -0.0251811      0.999648      -1.65167
     0.999946    0.00638523   -0.00815833       0.54962   -0.00618034      0.999671     0.0248968      -3.63723    0.00831461    -0.0248451      0.999657      -1.61528
     0.999947    0.00653051   -0.00798233      0.534003    -0.0063316      0.999675     0.0246944      -3.56625      0.008141    -0.0246425      0.999663      -1.62713
     0.999947    0.00647084   -0.00794628      0.546579   -0.00627451       0.99968     0.0244888       -3.6023     0.0081022    -0.0244376      0.999669       -1.6466
      0.99995    0.00673362   -0.00740339      0.506856   -0.00655208      0.999684     0.0242779      -3.46065    0.00756452    -0.0242282      0.999678      -1.73545
     0.999956    0.00627812   -0.00696226      0.571659   -0.00610395      0.999675     0.0247621      -3.62832    0.00711545    -0.0247185      0.999669      -1.63362
     0.999959    0.00581782   -0.00696015      0.592544   -0.00563993      0.999664     0.0253105      -3.56027    0.00710506    -0.0252702      0.999655      -1.67658
     0.999958     0.0059084   -0.00698913      0.592647   -0.00573168       0.99967     0.0250401      -3.58991    0.00713477     -0.024999      0.999662      -1.65449
     0.999956     0.0059158   -0.00722504      0.587536    -0.0057307      0.999662     0.0253771      -3.59517    0.00737272    -0.0253346      0.999652      -1.66936
     0.999957     0.0060029   -0.00711987      0.594361   -0.00582036      0.999661     0.0253876      -3.59958    0.00726986     -0.025345      0.999652      -1.68208
     0.999957    0.00604037   -0.00703696      0.597257   -0.00585723      0.999651     0.0257611      -3.61404    0.00719011    -0.0257188      0.999643      -1.68972
     0.999958    0.00578285   -0.00705996       0.59812   -0.00560169      0.999661      0.025416      -3.58852    0.00720455    -0.0253754      0.999652      -1.70849
     0.999957    0.00585272   -0.00722234       0.60156   -0.00566638      0.999657     0.0255566      -3.61772    0.00736944    -0.0255146      0.999647      -1.69866
     0.999957    0.00566215   -0.00733062      0.611635   -0.00547104      0.999651     0.0258323      -3.64558    0.00747433    -0.0257911      0.999639      -1.64937
     0.999955    0.00574965   -0.00755004       0.60895   -0.00555674      0.999664     0.0253285      -3.62191    0.00769313    -0.0252854      0.999651      -1.63483
      0.99996    0.00515876   -0.00735568       0.62153   -0.00497758      0.999689     0.0244394      -3.64942    0.00747947    -0.0244018      0.999674      -1.56583
     0.999958    0.00496813   -0.00770183      0.623336   -0.00478599      0.999713     0.0234898       -3.6072    0.00781631     -0.023452      0.999694      -1.54289
     0.999957    0.00491416   -0.00783667      0.625998    -0.0047288      0.999713     0.0234986      -3.63517    0.00794989    -0.0234606      0.999693      -1.53728
     0.999958    0.00505728   -0.00770611       0.61595   -0.00487349      0.999708     0.0236856      -3.61061    0.00782364    -0.0236471       0.99969      -1.52312
     0.999954    0.00533947   -0.00798316      0.599934   -0.00514783      0.999703     0.0238362      -3.61421    0.00810806     -0.023794      0.999684      -1.55982
     0.999955    0.00515273   -0.00795568      0.610563   -0.00495891      0.999695     0.0241927      -3.62175    0.00807791    -0.0241522      0.999676      -1.51719
     0.999952    0.00550422   -0.00810058      0.587338   -0.00530911        0.9997     0.0239135      -3.58105    0.00822977    -0.0238693      0.999681      -1.55641
     0.999953    0.00527319   -0.00813009      0.609635   -0.00507629      0.999698     0.0240518      -3.64982    0.00825446    -0.0240094      0.999678      -1.50371
     0.999949    0.00549519   -0.00847026      0.595362    -0.0052999      0.999724     0.0229079      -3.57589     0.0085938    -0.0228619      0.999702      -1.47925
     0.999949    0.00589336   -0.00825032      0.569549   -0.00571935      0.999764     0.0209582      -3.55097    0.00837189    -0.0209099      0.999746      -1.75164
     0.999953    0.00594392   -0.00765443      0.562399   -0.00578194      0.999762     0.0210135      -3.54169    0.00777751    -0.0209682       0.99975      -1.76541
     0.999951    0.00642958    -0.0075196      0.547354   -0.00627117      0.999762     0.0209039      -3.48358    0.00765221    -0.0208557      0.999753      -1.82706
     0.999954    0.00665076   -0.00689388      0.532856     -0.006503      0.999753     0.0212382      -3.37009    0.00703343    -0.0211924      0.999751      -1.92397
     0.999967    0.00581803   -0.00563758       0.58479   -0.00569654      0.999756     0.0213314      -3.56567    0.00576031    -0.0212986      0.999757      -1.76849
     0.999966    0.00581377   -0.00584546      0.591136   -0.00568543      0.999748     0.0217375       -3.4915    0.00597036    -0.0217035      0.999747      -1.82035
     0.999965    0.00594054   -0.00586927      0.586424   -0.00581192      0.999748     0.0216923      -3.46631    0.00599666    -0.0216574      0.999747      -1.81855
     0.999962    0.00613186   -0.00611655      0.575569   -0.00599584       0.99974     0.0220136      -3.48398    0.00624994    -0.0219761      0.999739      -1.82132
     0.999963     0.0062891   -0.00585357      0.573451   -0.00615783      0.999735     0.0221789      -3.46893     0.0059915    -0.0221421      0.999737      -1.84083
     0.999966    0.00592899   -0.00567813      0.603695   -0.00579696      0.999719     0.0229926      -3.51826    0.00581285    -0.0229589       0.99972       -1.8362
     0.999965     0.0058929   -0.00600008      0.609832   -0.00575281      0.999717     0.0231031      -3.51416    0.00613453    -0.0230678      0.999715      -1.81903
     0.999965    0.00569039   -0.00614488       0.61516   -0.00554428      0.999708     0.0235385      -3.54902    0.00627702    -0.0235036      0.999704      -1.78004
     0.999964     0.0057088    -0.0062206      0.612818   -0.00556253      0.999713     0.0232827      -3.51043    0.00635173    -0.0232472       0.99971      -1.75446
     0.999964    0.00566973   -0.00631555      0.611696   -0.00551937      0.999707     0.0235763      -3.56092    0.00644737    -0.0235406      0.999702      -1.75376
     0.999963    0.00576783   -0.00630815        0.5938   -0.00561868       0.99971     0.0234114      -3.49355    0.00644135    -0.0233752      0.999706      -1.73109
     0.999964    0.00571989   -0.00625926       0.59995   -0.00556998      0.999703     0.0237124      -3.57408    0.00639304    -0.0236767      0.999699      -1.72897
     0.999963    0.00593327   -0.00624309      0.575219   -0.00578754      0.999716      0.023106      -3.48857    0.00637841     -0.023069      0.999714      -1.75712
     0.999963     0.0058139   -0.00637234      0.579498   -0.00566352      0.999711     0.0233676      -3.58239    0.00650635    -0.0233307      0.999707      -1.74508
     0.999961    0.00612947   -0.00640803      0.567061   -0.00597947      0.999714     0.0231697      -3.49845    0.00654822    -0.0231305      0.999711      -1.75447
      0.99996    0.00586381   -0.00671844      0.580003   -0.00570554      0.999711     0.0233393      -3.54682    0.00685336       -0.0233      0.999705      -1.76899
     0.999962     0.0058143   -0.00654608      0.584979   -0.00565975       0.99971     0.0233863      -3.52509    0.00668016    -0.0233483      0.999705      -1.74332
     0.999959    0.00602179   -0.00679904      0.565591   -0.00586388      0.999718     0.0230116      -3.51615     0.0069357    -0.0229707      0.999712      -1.77808
     0.999957    0.00614235   -0.00693956        0.5616    -0.0059828      0.999723     0.0227826      -3.53564    0.00707757    -0.0227401      0.999716      -1.77718
     0.999956    0.00630947   -0.00694011      0.552875   -0.00615407      0.999735     0.0221895      -3.47554    0.00707827    -0.0221458       0.99973      -1.79274
     0.999958    0.00619443   -0.00677841      0.561845    -0.0060403      0.999728     0.0225278      -3.55399    0.00691611    -0.0224859      0.999723      -1.78536
      0.99996     0.0060404   -0.00657127      0.571622    -0.0058912       0.99973     0.0224926      -3.47407    0.00670535    -0.0224529      0.999725      -1.77847
     0.999961    0.00600384   -0.00642049      0.580606   -0.00585529       0.99972     0.0229109      -3.54572    0.00655625    -0.0228724      0.999717      -1.77221
     0.999964    0.00583615   -0.00616815      0.579209   -0.00569423      0.999724     0.0227802      -3.49097     0.0062994    -0.0227443      0.999721       -1.7749
     0.999961    0.00596644   -0.00643688      0.582175   -0.00581954      0.999728     0.0226032      -3.50307    0.00656999    -0.0225649      0.999724      -1.78563
     0.999963    0.00578695   -0.00628777      0.600039   -0.00564143      0.999721     0.0229197      -3.51919    0.00641865    -0.0228833      0.999718      -1.74793
     0.999962    0.00589953   -0.00649376      0.592135   -0.00574918       0.99972     0.0229321      -3.46819    0.00662723    -0.0228939      0.999716      -1.76387
     0.999963    0.00592942   -0.00621578      0.594395   -0.00578743      0.999727      0.022618      -3.52042     0.0063482    -0.0225811      0.999725      -1.75212
     0.999964    0.00583461   -0.00623488      0.587818   -0.00569152      0.999726      0.022726      -3.49181    0.00636577    -0.0226897      0.999722      -1.73887
     0.999961    0.00590277   -0.00653285      0.594342   -0.00575242      0.999724     0.0227991      -3.53774    0.00666562    -0.0227606      0.999719      -1.74026
     0.999964    0.00570988   -0.00627094      0.612068   -0.00556543      0.999724     0.0228155      -3.51575    0.00639948    -0.0227798       0.99972      -1.70049
     0.999963    0.00572854   -0.00636694      0.610873   -0.00558567      0.999737     0.0222348      -3.49467    0.00649264    -0.0221985      0.999733        -1.721
     0.999965    0.00552446   -0.00633805      0.624303     -0.005379      0.999727     0.0227415      -3.55949    0.00646196    -0.0227066      0.999721      -1.69682
     0.999962    0.00592116   -0.00644966      0.586186   -0.00577739      0.999739     0.0220871      -3.46925    0.00657876     -0.022049      0.999735      -1.74997
     0.999958    0.00602567   -0.00689111      0.579951   -0.00586898      0.999729     0.0225368      -3.58321    0.00702504    -0.0224954      0.999722      -1.76132
     0.999959    0.00598922    -0.0067792      0.576261   -0.00583663      0.999734     0.0223096      -3.55211    0.00691101    -0.0222691      0.999728       -1.7613
      0.99996    0.00609002   -0.00656271      0.563874   -0.00594073      0.999728     0.0225324      -3.54358    0.00669816    -0.0224925      0.999725      -1.75664
     0.999962     0.0058601   -0.00642749      0.563064    -0.0057161      0.999737     0.0221987      -3.52324    0.00655589    -0.0221611      0.999733      -1.74179
     0.999964    0.00612454    -0.0058782        0.5626   -0.00599426      0.999742     0.0219304      -3.45088      0.006011    -0.0218943      0.999742      -1.79164
     0.999964    0.00609434   -0.00596042      0.559743   -0.00596076      0.999736     0.0221772      -3.49754      0.006094    -0.0221408      0.999736      -1.79476
      0.99996    0.00646235   -0.00617694      0.536826    -0.0063259      0.999741     0.0218592      -3.46882    0.00631661    -0.0218192      0.999742      -1.82012
      0.99996    0.00636355   -0.00624359      0.537097   -0.00622593      0.999743     0.0218176       -3.5072    0.00638082    -0.0217779      0.999742      -1.83738
      0.99996    0.00649806   -0.00617091      0.533083   -0.00636058      0.999737      0.022043      -3.50269    0.00631252    -0.0220029      0.999738      -1.82392
     0.999956    0.00677895   -0.00644349      0.504915   -0.00663488      0.999733     0.0221239      -3.46069    0.00659175    -0.0220801      0.999734      -1.83613
     0.999958    0.00687679   -0.00605118      0.503889   -0.00674298      0.999738     0.0218634      -3.47096    0.00619995    -0.0218217      0.999743      -1.82497
     0.999958    0.00685226   -0.00601877      0.506142   -0.00671682       0.99973     0.0222423      -3.46282    0.00616955    -0.0222009      0.999734      -1.85494
     0.999958    0.00690719    -0.0059848      0.498157   -0.00677247       0.99973     0.0222461       -3.4604    0.00613684    -0.0222047      0.999735      -1.83584
     0.999958    0.00689156   -0.00601236      0.499145   -0.00675604      0.999729     0.0222772      -3.53601    0.00616425    -0.0222357      0.999734      -1.88215
     0.999957    0.00705025   -0.00606363      0.491067   -0.00691396      0.999729      0.022212       -3.4768    0.00621859    -0.0221691      0.999735      -1.85493
     0.999955     0.0070681   -0.00633999      0.494142   -0.00692582       0.99973     0.0221903      -3.53269    0.00649512    -0.0221454      0.999734      -1.85566
     0.999954    0.00710629   -0.00644672      0.489515   -0.00696137      0.999729     0.0222302      -3.50338    0.00660295    -0.0221843      0.999732      -1.85799
     0.999954    0.00706535   -0.00649032      0.486242   -0.00691966       0.99973     0.0222015      -3.52078    0.00664542    -0.0221556      0.999732      -1.88858
     0.999954    0.00704279   -0.00648275      0.488644   -0.00689604      0.999726     0.0223873      -3.51894    0.00663864    -0.0223416      0.999728      -1.87581
     0.999953    0.00730216   -0.00643755       0.46736   -0.00715917      0.999733     0.0219619       -3.4546     0.0065962    -0.0219148      0.999738      -1.90183
      0.99995    0.00746591   -0.00668108      0.458853   -0.00731591      0.999727      0.022201      -3.51042    0.00684501     -0.022151      0.999731       -1.8818
     0.999952    0.00759007   -0.00624635      0.448682   -0.00745143      0.999732      0.021927      -3.40745     0.0064111    -0.0218794       0.99974      -1.87516
     0.999954    0.00746215   -0.00602534      0.457317   -0.00732858      0.999733     0.0218938      -3.48726    0.00618711    -0.0218486      0.999742      -1.89952
     0.999956    0.00752705   -0.00555029       0.45293   -0.00740577       0.99974     0.0215573      -3.34226    0.00571111    -0.0215153      0.999752      -1.90316
     0.999959    0.00710424   -0.00558413      0.471737   -0.00698174      0.999741     0.0216577      -3.52891    0.00573654    -0.0216178       0.99975      -1.79648
     0.999962    0.00697029   -0.00514727      0.475174   -0.00685537      0.999734     0.0220162       -3.4889    0.00529936    -0.0219801      0.999744       -1.7931
     0.999962    0.00694173    -0.0053303      0.475518   -0.00682403      0.999739     0.0217897      -3.43966    0.00548017    -0.0217525      0.999748      -1.81748
     0.999961    0.00713623   -0.00529152      0.471031   -0.00701991       0.99974     0.0216856       -3.4302     0.0054449    -0.0216476      0.999751      -1.82877
      0.99996    0.00719837   -0.00523232      0.470121   -0.00708266      0.999737     0.0218065      -3.43456    0.00538792    -0.0217686      0.999749      -1.78668
     0.999959    0.00735214   -0.00532229      0.469256   -0.00723468      0.999737     0.0217622      -3.45032    0.00548089    -0.0217228      0.999749       -1.8478
     0.999957    0.00744423   -0.00549165      0.455255   -0.00732392       0.99974     0.0216105       -3.4431    0.00565109    -0.0215694      0.999751      -1.85988
     0.999956    0.00740176   -0.00572493      0.467826   -0.00727635       0.99974     0.0216256      -3.50159    0.00588351     -0.021583       0.99975      -1.85704
     0.999956     0.0072611   -0.00596359       0.48299   -0.00712725      0.999729     0.0221662      -3.50457    0.00612292    -0.0221227      0.999737      -1.83912
     0.999954    0.00737486   -0.00620952      0.473897   -0.00723601       0.99973     0.0220931      -3.41853    0.00637078    -0.0220471      0.999737      -1.83537
     0.999956    0.00726532   -0.00590934      0.501191   -0.00713139      0.999724     0.0223786      -3.53591     0.0060703    -0.0223354      0.999732      -1.79879
     0.999956    0.00729515   -0.00595216      0.487332   -0.00715862      0.999718     0.0226451      -3.47402    0.00611568    -0.0226015      0.999726      -1.80681
     0.999957    0.00707877   -0.00592087      0.511804   -0.00694201      0.999716      0.022808      -3.52245    0.00608064    -0.0227659      0.999722      -1.78634
     0.999955    0.00723056   -0.00615346      0.499542   -0.00708889      0.999716     0.0227412      -3.49064    0.00631614    -0.0226965      0.999722      -1.75946
     0.999952     0.0071742   -0.00666246      0.502892   -0.00702186       0.99972     0.0226143      -3.51796    0.00682283    -0.0225665      0.999722      -1.70802
     0.999953    0.00732184   -0.00640868         0.499   -0.00717413      0.999715     0.0227766      -3.48309    0.00657361    -0.0227295       0.99972      -1.72651
     0.999956    0.00708097   -0.00616224      0.512786   -0.00693868      0.999716     0.0228139      -3.47662    0.00632203    -0.0227702      0.999721      -1.72927
     0.999956    0.00705053   -0.00613221      0.514735   -0.00690822      0.999713     0.0229269       -3.4926     0.0062921    -0.0228835      0.999718      -1.71726
     0.999954     0.0072295   -0.00625887       0.50582   -0.00708627      0.999719     0.0226116      -3.43655    0.00642058    -0.0225662      0.999725      -1.73476
     0.999956    0.00697782   -0.00626542       0.51561   -0.00683208      0.999712     0.0229888      -3.51499    0.00642403     -0.022945      0.999716      -1.69644
     0.999958    0.00693743   -0.00606048      0.516806   -0.00679919      0.999723     0.0225406      -3.43307    0.00621517    -0.0224984      0.999728      -1.68579
     0.999957    0.00689052    -0.0062151      0.520359   -0.00674868      0.999723     0.0225612      -3.48338    0.00636883    -0.0225183      0.999726      -1.69535
     0.999959    0.00664183   -0.00619722       0.53455   -0.00649917       0.99972     0.0227636      -3.49817    0.00634667    -0.0227224      0.999722      -1.64012
     0.999957    0.00687448    -0.0061791       0.51501   -0.00673147      0.999716     0.0228742      -3.43718    0.00633459    -0.0228316      0.999719       -1.6783
     0.999959    0.00670256   -0.00611908      0.529339   -0.00656081      0.999716     0.0228988      -3.49766    0.00627082    -0.0228577      0.999719      -1.62743
     0.999956    0.00720274    -0.0059445      0.497662   -0.00706749      0.999723     0.0224676      -3.35579    0.00610468    -0.0224246       0.99973      -1.72576
     0.999965    0.00679267   -0.00485768      0.522866   -0.00668188      0.999725     0.0224695      -3.44321    0.00500898    -0.0224363      0.999736      -1.62463
     0.999964    0.00660379   -0.00535349      0.543457   -0.00648058      0.999721     0.0227138       -3.5246    0.00550199    -0.0226782      0.999728      -1.62122
     0.999961    0.00694652   -0.00539542      0.519888   -0.00682398      0.999726     0.0224075      -3.42585     0.0055496    -0.0223698      0.999734      -1.65811
      0.99996    0.00690208   -0.00566406      0.524563   -0.00677176      0.999719     0.0227127      -3.50388    0.00581923    -0.0226734      0.999726      -1.62686
      0.99996    0.00702525   -0.00558198      0.518298   -0.00689629      0.999716     0.0227957      -3.45253    0.00574054    -0.0227563      0.999725      -1.65043
      0.99996     0.0070265   -0.00558855      0.526168   -0.00689851      0.999721     0.0226008      -3.48753    0.00574579    -0.0225613      0.999729       -1.6599
     0.999959     0.0071229   -0.00561589      0.517408   -0.00699451      0.999721     0.0225596      -3.46026    0.00577501    -0.0225193       0.99973      -1.66831
     0.999957    0.00732656   -0.00568121      0.508329    -0.0071971      0.999721     0.0224825      -3.46263    0.00584434    -0.0224406      0.999731      -1.69152
     0.999959    0.00715292    -0.0054758      0.505353   -0.00702735      0.999719     0.0226184      -3.48301    0.00563606     -0.022579      0.999729      -1.68453
     0.999961    0.00693706   -0.00537362      0.533711   -0.00681527      0.999727     0.0223594       -3.4744    0.00552726     -0.022322      0.999736      -1.69134
     0.999962    0.00700084   -0.00520076      0.530209   -0.00688314      0.999727     0.0223141      -3.47469    0.00535555    -0.0222774      0.999737      -1.70361
     0.999958    0.00701136   -0.00586111      0.537303   -0.00687786      0.999723     0.0224949      -3.49531    0.00601721    -0.0224536       0.99973      -1.70983
     0.999957    0.00709481   -0.00588826      0.534614   -0.00696195      0.999727     0.0222868      -3.43655    0.00604478    -0.0222448      0.999734      -1.70534
     0.999957    0.00706376   -0.00608901      0.528864   -0.00692654      0.999728     0.0222695      -3.46495    0.00624467    -0.0222264      0.999733      -1.70604
     0.999954    0.00728298   -0.00624173      0.510061   -0.00714292      0.999729     0.0221748      -3.43997    0.00640154    -0.0221292      0.999735      -1.67682
      0.99995    0.00749861   -0.00665954       0.49081   -0.00734975      0.999729     0.0221025       -3.4625    0.00682347    -0.0220524      0.999734      -1.70547
     0.999947    0.00777748   -0.00679506      0.481765   -0.00762689      0.999731     0.0219126      -3.47548    0.00696366    -0.0218596      0.999737      -1.68715
     0.999947    0.00778463   -0.00671139      0.476409    -0.0076382      0.999738     0.0215749      -3.43638    0.00687759    -0.0215225      0.999745      -1.67475
     0.999946    0.00774181   -0.00690168      0.485605   -0.00759131      0.999738     0.0215724      -3.52454    0.00706688    -0.0215188      0.999743      -1.64439
     0.999944    0.00788023   -0.00706268      0.476886   -0.00772521      0.999734     0.0217139      -3.46177    0.00723192    -0.0216581      0.999739      -1.66383
     0.999941    0.00800594   -0.00732141      0.477394   -0.00784444      0.999731     0.0218273      -3.54721    0.00749419    -0.0217686      0.999735      -1.63109
     0.999938    0.00823711    -0.0075268      0.460471   -0.00807332      0.999735     0.0215382      -3.50886    0.00770222    -0.0214761       0.99974      -1.63054
     0.999936    0.00820001   -0.00774866      0.466605   -0.00803252      0.999739     0.0214047      -3.52361    0.00792215    -0.0213411      0.999741      -1.61191
     0.999939    0.00802471   -0.00753544      0.480459   -0.00786127      0.999738     0.0214754      -3.54662     0.0077058    -0.0214148      0.999741      -1.59927
      0.99994    0.00804999   -0.00739054      0.470388   -0.00789027       0.99974     0.0213917      -3.49854    0.00756082    -0.0213322      0.999744      -1.62156
