# 3dvolreg matrices (DICOM-to-DICOM, row-by-row):
      0.99992    0.00782277   -0.00991535      0.289653   -0.00776681      0.999954       0.00567      -3.92516    0.00995925   -0.00559254      0.999935      -1.04516
     0.999922    0.00765911   -0.00982547      0.294927     -0.007605      0.999956    0.00553332      -3.91003    0.00986741   -0.00545816      0.999936      -1.02944
     0.999924    0.00751483   -0.00974509      0.309717    -0.0074591      0.999956    0.00574175      -3.95795    0.00978781   -0.00566862      0.999936      -1.04003
     0.999926    0.00750153   -0.00960201      0.316964   -0.00745107      0.999958    0.00528028      -3.93047    0.00964122   -0.00520835       0.99994      -1.04988
     0.999921    0.00759083   -0.00997244      0.311522   -0.00754407       0.99996    0.00471855      -3.93487     0.0100079   -0.00464295      0.999939      -1.10357
     0.999931    0.00740191   -0.00910884      0.320367   -0.00737277      0.999968    0.00322934      -3.84446    0.00913245   -0.00316196      0.999953      -1.15607
     0.999932    0.00746462   -0.00893933      0.337237   -0.00743644      0.999967    0.00318184      -3.84391    0.00896279   -0.00311515      0.999955      -1.13056
     0.999927    0.00775432   -0.00929467      0.328118   -0.00772696      0.999966    0.00297539       -3.8351    0.00931743   -0.00290335      0.999952      -1.15142
     0.999935    0.00734011   -0.00872023       0.35384    -0.0073108      0.999968    0.00338869      -3.80728    0.00874482   -0.00332472      0.999956      -1.14474
     0.999937    0.00709371   -0.00872545      0.367563   -0.00706282      0.999969    0.00356546      -3.79786    0.00875047   -0.00350361      0.999956      -1.14385
     0.999933    0.00721402   -0.00908681      0.358633   -0.00717794      0.999966    0.00399705      -3.80739    0.00911534   -0.00393155      0.999951      -1.18804
     0.999929    0.00745859   -0.00926504      0.338218   -0.00742043      0.999964    0.00414591      -3.80743    0.00929563   -0.00407687      0.999948      -1.18532
     0.999931    0.00739458   -0.00907315      0.350408   -0.00735642      0.999964    0.00423227      -3.82067    0.00910412   -0.00416524       0.99995      -1.19206
     0.999931    0.00682623    -0.0095078      0.371203   -0.00679368      0.999971    0.00345166      -3.79389    0.00953109   -0.00338683      0.999949      -1.18102
     0.999932    0.00680303   -0.00943131      0.376003   -0.00677588      0.999973    0.00290827      -3.78605    0.00945083   -0.00284416      0.999951      -1.20721
     0.999933    0.00673082   -0.00943495      0.386551   -0.00670316      0.999973    0.00296033      -3.82024    0.00945462   -0.00289688      0.999951      -1.20347
     0.999934     0.0067163   -0.00930991      0.383294   -0.00668822      0.999973     0.0030445      -3.77927     0.0093301   -0.00298203      0.999952      -1.21976
     0.999935    0.00680477   -0.00912208      0.389139   -0.00677752      0.999972    0.00301491      -3.75474    0.00914235   -0.00295289      0.999954      -1.26677
     0.999937    0.00674889   -0.00892752      0.381945   -0.00672255      0.999973    0.00297712      -3.79113    0.00894737   -0.00291692      0.999956      -1.26874
     0.999934    0.00681499   -0.00926139      0.382835   -0.00678737      0.999972    0.00301125      -3.84178    0.00928166   -0.00294819      0.999953      -1.27915
      0.99993    0.00693076   -0.00960919      0.370932   -0.00690232      0.999972    0.00298967      -3.81945    0.00962964   -0.00292314      0.999949      -1.28847
     0.999925    0.00713624   -0.00992615      0.359395    -0.0071072       0.99997    0.00295698      -3.81642    0.00994696   -0.00288621      0.999946      -1.26763
     0.999917    0.00752523    -0.0104656      0.330316   -0.00749336      0.999967    0.00308138      -3.87357     0.0104885    -0.0030027       0.99994      -1.27121
      0.99991    0.00790809    -0.0108771       0.30975   -0.00787645      0.999965    0.00294878      -3.84947        0.0109   -0.00286284      0.999936      -1.26548
     0.999911     0.0074243    -0.0110486       0.34687   -0.00739095      0.999968    0.00305573      -3.86468      0.011071    -0.0029738      0.999934      -1.26275
     0.999908    0.00763446    -0.0111984      0.310183   -0.00760442      0.999967    0.00272294      -3.89747     0.0112189   -0.00263753      0.999934      -1.28221
     0.999902    0.00798299    -0.0114666      0.298738   -0.00795675      0.999966    0.00233153      -3.87093     0.0114848   -0.00224006      0.999932      -1.28242
     0.999904    0.00771588    -0.0114776      0.322424   -0.00768905      0.999968    0.00237937       -3.8384     0.0114956   -0.00229089      0.999931      -1.28909
     0.999898    0.00804541    -0.0117768      0.301303     -0.008017      0.999965     0.0024576      -3.85614     0.0117962   -0.00236293      0.999928      -1.27886
     0.999897    0.00819076    -0.0117775      0.290276   -0.00816765      0.999965     0.0020089      -3.84017     0.0117936    -0.0019125      0.999929      -1.28883
     0.999895    0.00821666     -0.011904      0.287592   -0.00819134      0.999964    0.00217369      -3.89219     0.0119214   -0.00207596      0.999927      -1.27594
     0.999896    0.00828277    -0.0118334      0.274459    -0.0082545      0.999963    0.00243607      -3.84507     0.0118532   -0.00233813      0.999927      -1.27266
     0.999895    0.00838149    -0.0117801      0.277637    -0.0083518      0.999962    0.00256708      -3.83068     0.0118012   -0.00246843      0.999927      -1.28508
     0.999894    0.00840505     -0.011865       0.28065   -0.00837426      0.999961    0.00264209      -3.83943     0.0118867   -0.00254245      0.999926       -1.2807
     0.999897    0.00849308    -0.0115427      0.269492   -0.00845938       0.99996    0.00296503      -3.81756     0.0115674   -0.00286708      0.999929      -1.25844
     0.999891    0.00864756    -0.0119705      0.255558   -0.00861151      0.999958    0.00305952      -3.83058     0.0119965    -0.0029561      0.999924      -1.26372
     0.999888     0.0087834    -0.0121408      0.249775   -0.00874536      0.999957    0.00318247       -3.8657     0.0121682   -0.00307594      0.999921      -1.26388
      0.99989    0.00873773    -0.0119465      0.249703   -0.00869805      0.999956    0.00336935      -3.82414     0.0119754   -0.00326507      0.999923      -1.24701
     0.999896    0.00878405     -0.011433      0.240193   -0.00873528      0.999953    0.00430822      -3.71919     0.0114703    -0.0042079      0.999925      -1.32394
     0.999908    0.00870364    -0.0104038      0.239367   -0.00864556      0.999947    0.00561501      -3.73189     0.0104521   -0.00552455       0.99993      -1.30281
       0.9999    0.00916206    -0.0107973      0.217353   -0.00910043      0.999942    0.00574294      -3.80083     0.0108493    -0.0056441      0.999925       -1.2993
      0.99989    0.00927187     -0.011596      0.212545   -0.00921187      0.999944    0.00521633      -3.78305     0.0116437   -0.00510893      0.999919      -1.30441
     0.999889    0.00931895     -0.011602       0.21914   -0.00926059      0.999944    0.00507411      -3.78744     0.0116486    -0.0049661       0.99992      -1.29701
     0.999891    0.00911543    -0.0115972      0.234896   -0.00904885      0.999942    0.00578088      -3.81416     0.0116492   -0.00567531      0.999916      -1.31134
     0.999901    0.00896955    -0.0108526      0.241892   -0.00890487      0.999942    0.00599275      -3.73659     0.0109058   -0.00589551      0.999923      -1.28118
     0.999907     0.0084657    -0.0107289      0.271554   -0.00839572      0.999943     0.0065511      -3.79649     0.0107838   -0.00646041      0.999921      -1.30527
     0.999907    0.00870647    -0.0104618      0.257197   -0.00864116      0.999943    0.00627208      -3.75445     0.0105158   -0.00618109      0.999926      -1.30951
       0.9999    0.00870219     -0.011164      0.253735   -0.00863481      0.999944    0.00607025       -3.8047     0.0112162   -0.00597324      0.999919      -1.29344
       0.9999    0.00882635    -0.0110569      0.238598   -0.00876177      0.999944    0.00587597      -3.77745     0.0111082    -0.0057785      0.999922      -1.24875
     0.999901    0.00877557    -0.0109956      0.246944   -0.00870747      0.999943    0.00622613      -3.81273     0.0110496   -0.00612977       0.99992      -1.24566
     0.999898    0.00908171    -0.0109956      0.235529   -0.00900883      0.999937    0.00665998      -3.74721     0.0110553   -0.00656024      0.999917      -1.22608
       0.9999    0.00872584     -0.011142       0.25978   -0.00864936      0.999939    0.00689421      -3.84123     0.0112015   -0.00679714      0.999914      -1.20722
     0.999901    0.00869792    -0.0110998      0.247948    -0.0086175      0.999936    0.00727288       -3.8181     0.0111624   -0.00717651      0.999912      -1.22249
     0.999901    0.00858797     -0.011172      0.243427   -0.00851175       0.99994    0.00685221      -3.82532     0.0112302   -0.00675644      0.999914      -1.23841
     0.999897    0.00876235    -0.0113329      0.248714   -0.00868094      0.999936    0.00721286      -3.82045     0.0113954   -0.00711374       0.99991      -1.24063
     0.999892    0.00915561    -0.0115213      0.212354   -0.00906955      0.999931    0.00749962      -3.75299     0.0115892   -0.00739431      0.999906      -1.29769
     0.999893    0.00897446    -0.0115343      0.215626   -0.00887945      0.999926    0.00826159      -3.80862     0.0116076   -0.00815829      0.999899      -1.32205
     0.999894     0.0092639    -0.0112486      0.189242   -0.00916991      0.999923    0.00837837      -3.75843     0.0113254   -0.00827433      0.999902      -1.32847
     0.999889     0.0090923    -0.0117894      0.206138   -0.00898694      0.999919    0.00895939      -3.83396     0.0118699   -0.00885245       0.99989       -1.3194
     0.999885     0.0094307    -0.0118463      0.181889   -0.00932806      0.999919    0.00868921      -3.78166     0.0119273   -0.00857771      0.999892      -1.31238
     0.999883    0.00940035    -0.0120968      0.184823   -0.00928915      0.999914     0.0092157      -3.81435     0.0121824   -0.00910225      0.999884      -1.30791
     0.999886    0.00931036    -0.0118716      0.188988   -0.00920124      0.999915    0.00921386      -3.80965     0.0119564   -0.00910357      0.999887      -1.31064
     0.999885     0.0093888    -0.0118964      0.182701   -0.00927931      0.999914    0.00922611      -3.78751      0.011982   -0.00911466      0.999887      -1.32529
     0.999888    0.00908196    -0.0119017      0.198658   -0.00897283      0.999918    0.00919084       -3.8232     0.0119842   -0.00908302      0.999887      -1.31451
     0.999886    0.00951542    -0.0117112      0.173233   -0.00940948      0.999915    0.00906848      -3.74948     0.0117964   -0.00895725       0.99989      -1.27889
     0.999889    0.00904776    -0.0118575      0.207512   -0.00893695      0.999916    0.00936482      -3.83611     0.0119412   -0.00925781      0.999886      -1.31975
     0.999886    0.00917846    -0.0120257      0.196476   -0.00907354      0.999921    0.00875072      -3.78171     0.0121051    -0.0086406      0.999889      -1.31901
     0.999883     0.0091056    -0.0123059      0.193547   -0.00899145      0.999916    0.00930009       -3.8083     0.0123896   -0.00918835      0.999881      -1.32021
      0.99988    0.00921021    -0.0124529      0.188712   -0.00908675      0.999909    0.00993461      -3.85618     0.0125433   -0.00982026      0.999873      -1.30986
     0.999884    0.00930614    -0.0120166      0.179547   -0.00919505      0.999915    0.00926701      -3.75614     0.0121018   -0.00915545      0.999885      -1.32635
     0.999889    0.00895372    -0.0118879      0.204678   -0.00884123      0.999916    0.00948157      -3.82414     0.0119717   -0.00937541      0.999884      -1.33915
     0.999893    0.00908971    -0.0114653      0.193705   -0.00898225      0.999916    0.00938942      -3.73388     0.0115497   -0.00928543       0.99989      -1.34897
     0.999889    0.00898703    -0.0118429      0.205332   -0.00887086      0.999912    0.00982554        -3.812     0.0119302   -0.00971939      0.999882       -1.3531
     0.999883    0.00915865     -0.012286      0.196082   -0.00903872      0.999911    0.00978127      -3.81061     0.0123745   -0.00966907      0.999877      -1.33412
     0.999885    0.00928437    -0.0119731      0.180809   -0.00916979      0.999912     0.0095895      -3.77052      0.012061   -0.00947861      0.999882      -1.34548
     0.999887    0.00913092    -0.0119398      0.199519   -0.00901046      0.999908     0.0101039      -3.79221     0.0120309   -0.00999513      0.999878      -1.33051
     0.999888    0.00931245    -0.0117051      0.185319    -0.0091996      0.999911    0.00965832      -3.76493      0.011794   -0.00954956      0.999885      -1.35571
     0.999881    0.00942117    -0.0121884      0.179811    -0.0093014      0.999908    0.00984625      -3.77133     0.0122801   -0.00973172      0.999877      -1.37272
     0.999884    0.00916218    -0.0121349      0.191212   -0.00904183       0.99991    0.00993539      -3.78878     0.0122248   -0.00982452      0.999877      -1.37793
     0.999894    0.00942066    -0.0110954      0.168423   -0.00931389       0.99991    0.00963584      -3.56477     0.0111851   -0.00953148      0.999892      -1.50528
     0.999915    0.00851771   -0.00986451       0.23059   -0.00843094      0.999926    0.00880493      -3.66748    0.00993877   -0.00872101      0.999913       -1.4015
     0.999916    0.00796482    -0.0102334      0.267434   -0.00785827      0.999915     0.0104108      -3.69881     0.0103155    -0.0103295      0.999893      -1.46501
     0.999919    0.00771306    -0.0101707      0.271594   -0.00760128      0.999911      0.010984      -3.65156     0.0102545    -0.0109058      0.999888      -1.45337
     0.999917    0.00765294    -0.0104071       0.27675   -0.00753913      0.999912     0.0109315      -3.66928     0.0104899    -0.0108521      0.999886      -1.44388
     0.999915    0.00761302     -0.010568      0.285338   -0.00749375      0.999908     0.0112798       -3.6969     0.0106529    -0.0111997      0.999881      -1.43292
     0.999915    0.00771172    -0.0105407      0.267228   -0.00759187      0.999907     0.0113632      -3.67219     0.0106273    -0.0112822       0.99988      -1.47276
     0.999913    0.00770934    -0.0107326      0.269816   -0.00758352      0.999903     0.0117145      -3.72119     0.0108219     -0.011632      0.999874      -1.50084
     0.999912    0.00774528    -0.0107592      0.275675   -0.00762085      0.999904     0.0115582      -3.71733     0.0108477    -0.0114752      0.999875      -1.46933
     0.999911    0.00772768    -0.0108979      0.274015   -0.00760697       0.99991     0.0110743      -3.68072     0.0109825    -0.0109904      0.999879       -1.4637
     0.999908    0.00795235    -0.0109976      0.258267   -0.00782587      0.999903     0.0114963      -3.71514     0.0110879    -0.0114092      0.999873      -1.45396
     0.999907    0.00795009    -0.0110582      0.263013   -0.00781712      0.999897     0.0120161      -3.72946     0.0111526    -0.0119285      0.999867      -1.49016
     0.999905    0.00808721     -0.011131       0.25289   -0.00795004      0.999893     0.0123136      -3.65461     0.0112294    -0.0122239      0.999862      -1.43275
     0.999902    0.00828484    -0.0113183      0.255214   -0.00813583       0.99988      0.013148      -3.72675     0.0114259    -0.0130546       0.99985      -1.45405
     0.999899    0.00833856     -0.011523      0.247985   -0.00819055      0.999884     0.0128326      -3.68241     0.0116287     -0.012737      0.999851      -1.43041
     0.999898    0.00837057    -0.0115443      0.241286   -0.00822507      0.999887     0.0125936      -3.69235     0.0116484    -0.0124973      0.999854      -1.44507
     0.999903    0.00792865    -0.0114412      0.265018   -0.00779518      0.999902     0.0116633      -3.70128     0.0115325     -0.011573      0.999867      -1.43888
     0.999901    0.00819901    -0.0114509      0.246969   -0.00807272      0.999907     0.0110314       -3.6494     0.0115403    -0.0109379      0.999874      -1.45217
     0.999907    0.00787111    -0.0111532        0.2703   -0.00773832      0.999899     0.0118992      -3.68238     0.0112457    -0.0118118      0.999867      -1.44854
     0.999905    0.00803567     -0.011174      0.263628   -0.00790536      0.999901     0.0116577      -3.62143     0.0112666    -0.0115683       0.99987      -1.42364
     0.999903    0.00791057    -0.0114302      0.258567   -0.00777035      0.999895     0.0122601      -3.68977      0.011526    -0.0121701       0.99986      -1.47119
     0.999901     0.0081088     -0.011476      0.255316   -0.00796706      0.999892     0.0123433       -3.6683     0.0115748    -0.0122507      0.999858      -1.44011
     0.999901    0.00816494    -0.0114731      0.247036   -0.00802363      0.999892      0.012309       -3.6533     0.0115724    -0.0122158      0.999858      -1.47443
     0.999896    0.00823613    -0.0118396      0.253206   -0.00808809      0.999889     0.0124975      -3.68893     0.0119412    -0.0124004      0.999852      -1.46934
     0.999897    0.00833367    -0.0116898      0.235879   -0.00819174      0.999893     0.0121367       -3.6594     0.0117897    -0.0120397      0.999858       -1.4829
     0.999897     0.0082546    -0.0117131      0.238533   -0.00810942       0.99989     0.0123883      -3.65845      0.011814     -0.012292      0.999855      -1.48673
     0.999899    0.00816156    -0.0116195      0.247646   -0.00801521      0.999889      0.012587      -3.70072     0.0117209    -0.0124926      0.999853      -1.46936
       0.9999    0.00824811    -0.0115036      0.244181   -0.00810555       0.99989     0.0123851      -3.64818     0.0116045    -0.0122906      0.999857      -1.47366
     0.999896      0.008344    -0.0117806      0.235319   -0.00819838       0.99989     0.0123552      -3.68586     0.0118824    -0.0122573      0.999854      -1.47613
     0.999893    0.00834819    -0.0120496      0.243674   -0.00819319      0.999884      0.012856      -3.70925     0.0121555    -0.0127558      0.999845      -1.42248
     0.999892    0.00854485    -0.0119548      0.231758   -0.00838955      0.999881     0.0129808      -3.68473     0.0120643    -0.0128791      0.999844      -1.43966
     0.999891    0.00841296    -0.0121534      0.234169    -0.0082524      0.999879     0.0132014      -3.70645      0.012263    -0.0130996      0.999839      -1.41925
     0.999893    0.00832269    -0.0120194      0.239838   -0.00816395       0.99988     0.0131957      -3.70099     0.0121277    -0.0130962      0.999841      -1.41321
      0.99989    0.00855667    -0.0121026      0.226796   -0.00839799      0.999879     0.0131014      -3.65506     0.0122133    -0.0129983      0.999841      -1.44857
     0.999895    0.00822285    -0.0119221      0.244509   -0.00806492       0.99988     0.0132354      -3.69462     0.0120295    -0.0131378      0.999841      -1.41912
     0.999892    0.00855232    -0.0119421      0.224469   -0.00839956      0.999883      0.012784      -3.65334     0.0120501    -0.0126823      0.999847      -1.44485
     0.999889    0.00869929    -0.0121177      0.219654   -0.00853957      0.999877     0.0131711      -3.66872     0.0122308    -0.0130662       0.99984      -1.43236
     0.999885    0.00878294    -0.0123516      0.230471   -0.00861055      0.999866     0.0139416      -3.71725     0.0124724    -0.0138336      0.999827      -1.40618
     0.999881    0.00908707    -0.0124392       0.20714   -0.00891911      0.999869     0.0134921      -3.67261     0.0125601    -0.0133796      0.999832      -1.41339
      0.99988    0.00909433     -0.012524      0.201355   -0.00892307      0.999867      0.013663      -3.70161     0.0126466    -0.0135496      0.999828      -1.41554
     0.999883    0.00894287    -0.0124115      0.208993   -0.00877243      0.999867     0.0137195       -3.7104     0.0125326     -0.013609      0.999829      -1.38795
     0.999879    0.00906156    -0.0126156      0.205194   -0.00888962      0.999868     0.0136192      -3.70256     0.0127374    -0.0135054      0.999828       -1.3922
     0.999878    0.00912907    -0.0126993      0.214262   -0.00895561      0.999867       0.01365      -3.68545     0.0128223    -0.0135346      0.999826      -1.37785
     0.999894    0.00934276    -0.0111248      0.222646   -0.00918305      0.999855     0.0143215      -3.56255      0.011257    -0.0142178      0.999836      -1.41163
       0.9999    0.00896202    -0.0109343      0.244258   -0.00880784      0.999862     0.0140683      -3.74633     0.0110589    -0.0139706      0.999841      -1.33764
      0.99989       0.00925    -0.0115729      0.229081   -0.00908211      0.999854     0.0144767      -3.68581     0.0117051      -0.01437      0.999828      -1.35584
     0.999883    0.00933157    -0.0121437      0.233057   -0.00915659      0.999855     0.0143866      -3.70734     0.0122762    -0.0142737      0.999823      -1.35835
     0.999879    0.00954488    -0.0122484      0.229813    -0.0093689      0.999853     0.0143452      -3.69488     0.0123836    -0.0142287      0.999822      -1.35284
     0.999884    0.00935899    -0.0119823       0.23733   -0.00918745      0.999856     0.0142917      -3.68662     0.0121144      -0.01418      0.999826      -1.36238
     0.999889    0.00916684    -0.0117171      0.265115   -0.00899066      0.999847      0.015002      -3.68402     0.0118528     -0.014895      0.999819      -1.37944
     0.999896    0.00898688    -0.0112645      0.271027   -0.00882656       0.99986     0.0142018      -3.65453     0.0113905    -0.0141009      0.999836      -1.39166
     0.999895    0.00884831    -0.0114344      0.278303   -0.00868335      0.999859      0.014397      -3.68028     0.0115602    -0.0142962      0.999831      -1.39243
     0.999892    0.00892916    -0.0116387      0.276222   -0.00876209      0.999859     0.0143279      -3.68077      0.011765    -0.0142243       0.99983      -1.36686
     0.999888    0.00912054    -0.0118373      0.259478   -0.00895341      0.999861     0.0140954      -3.66858     0.0119642    -0.0139878      0.999831      -1.38398
     0.999888    0.00908276    -0.0119048       0.26857   -0.00890783      0.999853     0.0146657      -3.68346     0.0120362     -0.014558      0.999822      -1.35705
     0.999886     0.0094301    -0.0118113      0.247575   -0.00925883      0.999852     0.0144724      -3.62503     0.0119461    -0.0143614      0.999826       -1.3894
     0.999884    0.00943302    -0.0119969      0.245473   -0.00926408      0.999858     0.0140601      -3.63195     0.0121278    -0.0139474      0.999829      -1.42653
     0.999885    0.00936756    -0.0119457      0.249041   -0.00920014       0.99986     0.0139936       -3.6459     0.0120751    -0.0138821      0.999831      -1.40831
     0.999886    0.00929559    -0.0118905       0.26463   -0.00913233      0.999864     0.0137122      -3.55225     0.0120164    -0.0136021      0.999835      -1.42982
     0.999888    0.00916422    -0.0118436      0.273625   -0.00899942      0.999863     0.0138939      -3.61662     0.0119693    -0.0137858      0.999833      -1.44433
     0.999892    0.00908456     -0.011522      0.277421   -0.00892305      0.999862      0.013992      -3.55911     0.0116475    -0.0138877      0.999836      -1.46096
     0.999893    0.00920808    -0.0113242      0.279401   -0.00904869       0.99986     0.0140467      -3.58284      0.011452    -0.0139427      0.999837      -1.49141
     0.999894    0.00906993    -0.0114147      0.282526   -0.00890607      0.999858     0.0143249      -3.59518      0.011543    -0.0142217      0.999832      -1.47251
     0.999895    0.00919137    -0.0111662      0.278857   -0.00903722      0.999864     0.0137771      -3.56349     0.0112913    -0.0136747      0.999843      -1.50054
     0.999891    0.00911919    -0.0116328      0.279512   -0.00895693      0.999863     0.0139255      -3.63674     0.0117582    -0.0138198      0.999835      -1.49202
     0.999894    0.00868585    -0.0116677      0.284101   -0.00852336      0.999867     0.0139052      -3.56952     0.0117869    -0.0138043      0.999835       -1.4865
     0.999888    0.00877359    -0.0121037      0.269861   -0.00860582      0.999867     0.0138446      -3.59987     0.0122236    -0.0137389      0.999831      -1.46258
     0.999886     0.0089883    -0.0121497      0.261696   -0.00881649      0.999861     0.0141218      -3.62872     0.0122749     -0.014013      0.999826      -1.44807
     0.999884    0.00907824    -0.0121957      0.250685    -0.0089043      0.999859     0.0142413       -3.5968     0.0123233     -0.014131      0.999824      -1.45951
      0.99988    0.00911493    -0.0125152      0.253958    -0.0089322      0.999854     0.0145798       -3.6145     0.0126463    -0.0144663      0.999815      -1.45356
     0.999883    0.00942568    -0.0120872      0.248815   -0.00925223      0.999855     0.0143267      -3.59418     0.0122205    -0.0142131      0.999824      -1.45767
     0.999876    0.00948422    -0.0125598      0.241161   -0.00930008       0.99985     0.0146391      -3.64522     0.0126968    -0.0145205      0.999814      -1.47966
     0.999878    0.00920532    -0.0126279      0.238946   -0.00901476      0.999846     0.0150647      -3.60706     0.0127646     -0.014949      0.999807      -1.46573
     0.999872    0.00984093    -0.0126077      0.206343   -0.00965569      0.999846     0.0146706      -3.61102     0.0127501     -0.014547      0.999813      -1.52179
     0.999871    0.00973115    -0.0128068      0.222745   -0.00953999      0.999843     0.0149032      -3.63156     0.0129498    -0.0147791      0.999807      -1.49762
     0.999874    0.00987126    -0.0124235        0.2158   -0.00968822      0.999845     0.0147081      -3.60853     0.0125668    -0.0145859      0.999815       -1.4898
      0.99988    0.00979161     -0.012031      0.213272   -0.00961116      0.999842     0.0149667      -3.57911     0.0121756    -0.0148493      0.999816      -1.50867
     0.999882    0.00976489     -0.011886      0.222636   -0.00958401      0.999839     0.0151812       -3.5889     0.0120323    -0.0150655      0.999814      -1.50462
     0.999877    0.00991983    -0.0121703      0.210633     -0.009731      0.999833     0.0154782      -3.58327     0.0123218    -0.0153578      0.999806      -1.52071
     0.999873     0.0101366     -0.012279      0.196761   -0.00994322      0.999827     0.0157081      -3.61361     0.0124361     -0.015584      0.999801      -1.49107
     0.999868       0.01049     -0.012387      0.178117    -0.0102977      0.999827     0.0154857      -3.58061     0.0125473    -0.0153561      0.999803      -1.52263
     0.999868       0.01038    -0.0125312      0.186277    -0.0101799      0.999821     0.0159289      -3.62972     0.0126943    -0.0157992      0.999795      -1.50029
      0.99987     0.0103713    -0.0123827      0.184313    -0.0101834      0.999834      0.015135      -3.55322     0.0125376    -0.0150069      0.999809      -1.51287
     0.999872     0.0102812    -0.0122901      0.194347    -0.0100908       0.99983     0.0154561      -3.58831     0.0124469      -0.01533      0.999805      -1.51061
     0.999876     0.0102629    -0.0119171      0.198707    -0.0100801      0.999832     0.0153041      -3.56539     0.0120722    -0.0151821      0.999812       -1.4948
     0.999872     0.0103009    -0.0122028      0.192114    -0.0101137      0.999832     0.0153065      -3.55543     0.0123584    -0.0151812      0.999808      -1.52917
     0.999875     0.0101977    -0.0120885      0.198713    -0.0100072      0.999826     0.0157152      -3.60824     0.0122467    -0.0155923      0.999803      -1.50531
     0.999876     0.0102493    -0.0119743      0.197752    -0.0100616      0.999827     0.0156311      -3.54707     0.0121324    -0.0155087      0.999806      -1.53896
     0.999873      0.010185    -0.0122933       0.20977   -0.00998967      0.999824     0.0158508      -3.60333     0.0124526     -0.015726      0.999799      -1.50484
     0.999871     0.0102201     -0.012412      0.214579    -0.0100215      0.999822     0.0159606      -3.58836     0.0125729    -0.0158341      0.999796      -1.49042
     0.999874     0.0101503    -0.0121918      0.207992   -0.00995477      0.999823     0.0159942      -3.56249     0.0123519    -0.0158708      0.999798      -1.51505
     0.999875      0.010016    -0.0122543      0.224632    -0.0098192      0.999824     0.0160146       -3.5977     0.0124125    -0.0158922      0.999797      -1.48613
     0.999875     0.0100861    -0.0121776      0.214376   -0.00989386      0.999827     0.0157442      -3.55576     0.0123343    -0.0156217      0.999802      -1.52411
     0.999878    0.00981933    -0.0121478      0.237253   -0.00962446      0.999826     0.0159976      -3.60648     0.0123027    -0.0158787      0.999798      -1.51441
     0.999883    0.00973386    -0.0118213      0.243119   -0.00954606      0.999829     0.0158401      -3.56252     0.0119735    -0.0157254      0.999805      -1.50842
     0.999884    0.00960838    -0.0117999      0.257491    -0.0094186      0.999827     0.0160349       -3.5376     0.0119519    -0.0159219      0.999802      -1.52695
     0.999879    0.00942511    -0.0123498      0.266359   -0.00923011      0.999833     0.0157529      -3.59153     0.0124962     -0.015637        0.9998      -1.48256
     0.999882    0.00936691    -0.0121513      0.274295   -0.00917611      0.999835     0.0156636      -3.54756      0.012296    -0.0155502      0.999803      -1.55186
      0.99988    0.00938116    -0.0123477       0.28058   -0.00918585      0.999833     0.0157804      -3.60076     0.0124936    -0.0156651      0.999799      -1.54286
     0.999874    0.00956257     -0.012647      0.261623   -0.00936405      0.999833     0.0156642      -3.57855     0.0127947    -0.0155438      0.999797      -1.55501
     0.999871    0.00961874    -0.0128609      0.251954   -0.00941902      0.999835     0.0155004      -3.58828     0.0130079    -0.0153772      0.999797      -1.56519
      0.99987    0.00961912    -0.0129697       0.26059   -0.00941079      0.999827     0.0160288      -3.61274     0.0131216    -0.0159047      0.999787      -1.55233
     0.999884    0.00938238     -0.012026      0.275347   -0.00919059      0.999831     0.0159052      -3.54382     0.0121732    -0.0157928      0.999801      -1.54788
     0.999888    0.00903478    -0.0119027      0.304607   -0.00883397       0.99982      0.016817       -3.6032     0.0120525    -0.0167099      0.999788      -1.54609
     0.999895    0.00897643    -0.0113381      0.296568   -0.00878421      0.999819     0.0168913      -3.52436     0.0114876    -0.0167899      0.999793      -1.57011
     0.999886    0.00917488    -0.0120233      0.291097   -0.00897041      0.999816     0.0169511      -3.62244     0.0121766    -0.0168413      0.999784      -1.56979
     0.999883    0.00940494    -0.0120548      0.265553   -0.00919715       0.99981     0.0171783      -3.59377     0.0122141    -0.0170654       0.99978      -1.56175
      0.99988    0.00949725    -0.0121984      0.262997   -0.00928391      0.999805     0.0174287      -3.61695     0.0123616    -0.0173133      0.999774      -1.56647
      0.99988    0.00947907    -0.0122751      0.268844   -0.00926582      0.999807     0.0173142      -3.62491     0.0124369    -0.0171984      0.999775      -1.54938
      0.99988    0.00953292     -0.012199      0.270913   -0.00932076      0.999806     0.0173317      -3.59948     0.0123619    -0.0172159      0.999775       -1.5538
     0.999882     0.0092851    -0.0122444      0.281885   -0.00907631      0.999814     0.0169985      -3.60125        0.0124    -0.0168854      0.999781      -1.56634
      0.99988    0.00925283    -0.0123982      0.299389   -0.00904081      0.999814     0.0170494      -3.61552     0.0125536    -0.0169352      0.999778      -1.53317
     0.999884    0.00917687    -0.0121939      0.302049   -0.00896758      0.999813     0.0171089      -3.57944     0.0123486    -0.0169976      0.999779      -1.55201
     0.999884    0.00903811    -0.0122644      0.317521   -0.00882539      0.999812     0.0172897      -3.61717     0.0124184    -0.0171795      0.999775      -1.52857
     0.999891    0.00922087    -0.0114986      0.312396   -0.00902225      0.999811     0.0172077        -3.539     0.0116551     -0.017102      0.999786      -1.46119
     0.999888    0.00917202    -0.0118369      0.321391   -0.00896132      0.999803     0.0177323      -3.62554     0.0119972    -0.0176242      0.999773      -1.50399
      0.99989    0.00914511      -0.01168      0.309612   -0.00893969      0.999807     0.0175198      -3.55865      0.011838    -0.0174134      0.999778      -1.51893
     0.999881    0.00941595    -0.0122092      0.309686   -0.00919711      0.999798     0.0178575       -3.5836     0.0123749    -0.0177431      0.999766      -1.50368
     0.999876    0.00968626    -0.0123978      0.281052   -0.00946856      0.999802     0.0174995      -3.55941     0.0125648    -0.0173799       0.99977      -1.52738
     0.999877    0.00955855    -0.0124178      0.287645    -0.0093379        0.9998     0.0177066      -3.56884     0.0125846    -0.0175885      0.999766      -1.53856
     0.999873    0.00969212     -0.012612      0.280258   -0.00946831      0.999799     0.0176863      -3.57752     0.0127809    -0.0175646      0.999764      -1.51659
     0.999872    0.00980755    -0.0126475      0.265827   -0.00958597      0.999802      0.017463      -3.53039     0.0128162    -0.0173396      0.999768      -1.53429
     0.999872     0.0100918    -0.0124217      0.264905    -0.0098689      0.999792     0.0178758      -3.54254     0.0125995    -0.0177509      0.999763      -1.51228
     0.999868     0.0102226    -0.0126487      0.243853    -0.0100015      0.999798     0.0174199       -3.5036     0.0128243    -0.0172911      0.999768      -1.51266
     0.999862      0.010253    -0.0130542       0.25122    -0.0100179      0.999789     0.0179497      -3.61714     0.0132354    -0.0178165      0.999754      -1.52143
     0.999862      0.010405     -0.012926      0.222881    -0.0101736      0.999789     0.0178445      -3.52419      0.013109    -0.0177105      0.999757      -1.51772
     0.999861     0.0103729    -0.0130423      0.245644    -0.0101451      0.999797      0.017414      -3.58101     0.0132203    -0.0172792      0.999763      -1.50313
      0.99987     0.0102788    -0.0124011      0.231713    -0.0100632      0.999799     0.0173272      -3.51556     0.0125767    -0.0172001      0.999773      -1.49627
     0.999869     0.0102157    -0.0125254      0.244496   -0.00999521      0.999796     0.0175411      -3.60882      0.012702    -0.0174136      0.999768      -1.50522
     0.999873     0.0100167    -0.0123923      0.255311   -0.00979624      0.999795     0.0177257      -3.57894     0.0125674     -0.017602      0.999766      -1.52164
     0.999874     0.0100129    -0.0123529       0.24161    -0.0097966        0.9998     0.0174495      -3.57091     0.0125251    -0.0173263      0.999771      -1.50978
     0.999871    0.00999384    -0.0125584       0.25198   -0.00976808      0.999792     0.0179109      -3.62452     0.0127347    -0.0177859      0.999761      -1.52566
     0.999878    0.00998239    -0.0119926      0.243426   -0.00977299      0.999801     0.0173941      -3.53348     0.0121638    -0.0172747      0.999777      -1.51987
     0.999879    0.00977806    -0.0121221      0.268417   -0.00956904      0.999807     0.0171829      -3.60485     0.0122877    -0.0170648      0.999779      -1.51871
      0.99989    0.00972969    -0.0112262      0.258573   -0.00953335      0.999803     0.0174125      -3.50506     0.0113934    -0.0173036      0.999785      -1.52399
     0.999886    0.00962503    -0.0116751      0.281115   -0.00941987      0.999802     0.0175021      -3.60529     0.0118412    -0.0173901      0.999779      -1.51888
      0.99989    0.00961874    -0.0113335      0.277637   -0.00942148      0.999805     0.0173322      -3.53311      0.011498    -0.0172235      0.999786      -1.52173
      0.99989    0.00939047    -0.0114895      0.302689   -0.00918429      0.999798     0.0178685      -3.61388     0.0116549     -0.017761      0.999774      -1.50109
     0.999893    0.00936518    -0.0112033      0.307418   -0.00916262      0.999796     0.0179969       -3.5462     0.0113696    -0.0178923      0.999775      -1.50458
     0.999891    0.00923316    -0.0115034      0.317501   -0.00901999      0.999789     0.0184469      -3.55769     0.0116713    -0.0183411      0.999764       -1.5096
     0.999895    0.00903076    -0.0113759      0.323525   -0.00882813      0.999804     0.0177376      -3.55387     0.0115338    -0.0176353      0.999778       -1.4858
     0.999892    0.00934937    -0.0113826      0.301451   -0.00914645      0.999801     0.0177507       -3.4845     0.0115463    -0.0176447      0.999778      -1.51627
     0.999892    0.00923098    -0.0114717      0.311782     -0.009023      0.999796     0.0180513      -3.56818      0.011636    -0.0179458      0.999771      -1.46845
      0.99989    0.00919486    -0.0116548      0.312655   -0.00898594        0.9998     0.0178525      -3.52327     0.0118166    -0.0177458      0.999773      -1.49679
     0.999889    0.00921109     -0.011751      0.323347        -0.009      0.999799     0.0178914      -3.53468     0.0119134    -0.0177836      0.999771      -1.51305
     0.999891    0.00924898    -0.0114826       0.30389   -0.00904222      0.999798       0.01793      -3.49719     0.0116461    -0.0178242      0.999773      -1.52722
     0.999887    0.00937523    -0.0117461      0.306452   -0.00916296      0.999796     0.0179965      -3.52782     0.0119124    -0.0178869      0.999769      -1.54626
     0.999894    0.00913579    -0.0113124      0.310287   -0.00893084      0.999797     0.0180366      -3.48532     0.0114749    -0.0179337      0.999773      -1.52308
     0.999892    0.00911103    -0.0115058      0.322301   -0.00890207      0.999797     0.0180836      -3.55367     0.0116682    -0.0179792       0.99977      -1.53024
     0.999894    0.00899468    -0.0114263      0.335343   -0.00878373      0.999792     0.0183799      -3.57089     0.0115892    -0.0182776      0.999766      -1.51387
      0.99989    0.00916285    -0.0116425      0.322281   -0.00894901      0.999793     0.0182887      -3.52098     0.0118077    -0.0181825      0.999765      -1.53861
     0.999886    0.00920214     -0.011935      0.331688   -0.00897796      0.999785     0.0187031      -3.57807     0.0121046    -0.0185938      0.999754       -1.5147
     0.999889    0.00931774    -0.0116034       0.32185   -0.00909895      0.999782     0.0187682      -3.52076     0.0117758    -0.0186605      0.999757      -1.52478
     0.999883     0.0095227    -0.0119971      0.313043    -0.0092916      0.999773     0.0191736      -3.59176      0.012177    -0.0190599      0.999744      -1.51719
     0.999889    0.00938406    -0.0115824      0.319465   -0.00916118      0.999775     0.0191484      -3.51348     0.0117595    -0.0190402       0.99975      -1.51636
     0.999891    0.00925866    -0.0115319      0.323681    -0.0090396       0.99978     0.0189056      -3.54092     0.0117045    -0.0187993      0.999755      -1.52749
      0.99991     0.0087287    -0.0102157      0.343533   -0.00853612      0.999788     0.0187454       -3.4757     0.0103772    -0.0186565      0.999772      -1.52143
     0.999913     0.0085919    -0.0100267      0.337386   -0.00840542      0.999794     0.0184941      -3.52719     0.0101835    -0.0184082      0.999779      -1.53137
