# 3dvolreg matrices (DICOM-to-DICOM, row-by-row):
            1   0.000359391  -0.000370099    -0.0084443  -0.000360297      0.999997   -0.00245213    -0.0149279   0.000369216    0.00245226      0.999997     -0.015216
            1   0.000164348  -0.000218779   -0.00230787  -0.000164662      0.999999   -0.00143267    -0.0069568   0.000218543     0.0014327      0.999999   -0.00939791
            1  -2.66824e-11   6.17708e-11   2.76116e-09   2.66824e-11             1   1.53992e-10   3.56566e-09  -6.17708e-11  -1.53992e-10             1   7.10167e-09
            1   0.000292668  -0.000318604   -0.00710614  -0.000292454             1   0.000671203     0.0363288     0.0003188  -0.000671109             1    0.00140195
            1  -1.87861e-06  -6.65671e-05    -0.0133718   1.99827e-06      0.999998    0.00179773   -0.00241445   6.65636e-05   -0.00179773      0.999998    0.00284538
            1  -8.75974e-05   0.000434419   -0.00366547   8.69975e-05      0.999999    0.00138069     0.0622199  -0.000434539   -0.00138065      0.999999   -0.00230914
            1  -0.000378926   0.000293422    0.00540553   0.000378497      0.999999    0.00145974   -0.00471264  -0.000293975   -0.00145963      0.999999    0.00665353
            1  -8.56636e-05  -0.000288711   -0.00293878   8.65038e-05      0.999996     0.0029112      0.156737   0.000288461   -0.00291123      0.999996     -0.121248
            1  -0.000726085   0.000634728     0.0339296    0.00072375      0.999993    0.00367116    0.00409245  -0.000637389    -0.0036707      0.999993     -0.104567
     0.999999  -0.000806598   0.000926934     0.0413469   0.000802909      0.999992    0.00397329       0.13146  -0.000930131   -0.00397254      0.999992    -0.0867855
     0.999999   -0.00122445    0.00109185      0.056987    0.00121955      0.999989    0.00447845      0.031786   -0.00109732   -0.00447711      0.999989    -0.0892817
     0.999999   -0.00119865   0.000757773     0.0531216    0.00119702      0.999997    0.00214651     0.0993356  -0.000760344    -0.0021456      0.999997    -0.0894038
            1  -0.000754204  -0.000271173     0.0103698   0.000754599      0.999999     0.0014606      0.195487   0.000270071   -0.00146081      0.999999     -0.247318
            1  -0.000603253   4.87589e-05     0.0192255   0.000603172      0.999998    0.00165329      0.127506  -4.97562e-05   -0.00165326      0.999999     -0.161997
     0.999999   -0.00115012  -0.000810569     0.0294575    0.00115264      0.999995     0.0031075     0.0978026   0.000806991   -0.00310843      0.999995     -0.248442
     0.999999  -0.000637892  -0.000908269     0.0146151   0.000641716      0.999991    0.00421671      0.233778   0.000905571   -0.00421729      0.999991     -0.209492
     0.999999  -0.000707513   -0.00109008     0.0157504   0.000712652      0.999989    0.00472121      0.110183    0.00108673   -0.00472198      0.999988     -0.188386
     0.999999  -0.000420056   -0.00104163    0.00781367   0.000425373      0.999987    0.00510951      0.195282    0.00103947   -0.00510995      0.999986     -0.185309
            1  -0.000518074  -0.000739693     0.0190298   0.000521806      0.999987    0.00505378      0.122208   0.000737065   -0.00505416      0.999987     -0.255724
     0.999999  -0.000959338   -0.00080935     0.0390851   0.000963252      0.999988    0.00484982     0.0873208   0.000804687    -0.0048506      0.999988     -0.204574
     0.999999  -0.000853988  -0.000552236     0.0338852   0.000856713      0.999987    0.00495441      0.181366   0.000547998   -0.00495489      0.999988     -0.222634
     0.999999   -0.00086754  -0.000817148     0.0351359   0.000870169      0.999994    0.00322164      0.107737   0.000814348   -0.00322235      0.999994     -0.229365
     0.999999  -0.000401205  -0.000963822    0.00787107   0.000405443       0.99999    0.00440102      0.188371   0.000962047   -0.00440141       0.99999     -0.263127
     0.999999  -0.000534386   -0.00104771     0.0191648   0.000540232      0.999984    0.00558743      0.153167     0.0010447   -0.00558799      0.999984     -0.232134
     0.999999  -0.000556911  -0.000863015     0.0214161   0.000561347      0.999987    0.00514896      0.140799   0.000860136   -0.00514944      0.999986     -0.207129
     0.999999  -0.000256797   -0.00101789   -0.00241475   0.000262029      0.999987    0.00514333      0.186623    0.00101656    -0.0051436      0.999986     -0.249301
     0.999999  -0.000590708  -0.000971984     0.0107699   0.000595869      0.999986    0.00531796      0.117887   0.000968829   -0.00531854      0.999985     -0.222688
     0.999999  -0.000737593  -0.000782984     0.0256045   0.000741769      0.999985    0.00534676      0.120742   0.000779029   -0.00534734      0.999985     -0.197982
     0.999999   -0.00102655  -0.000273088     0.0374694     0.0010281      0.999983    0.00573813      0.154145   0.000267193   -0.00573841      0.999983     -0.203192
     0.999999  -0.000919589  -0.000650311     0.0376259   0.000923091      0.999985    0.00540681       0.11252   0.000645329   -0.00540741      0.999985     -0.194879
            1  -0.000776846  -0.000466752     0.0337511   0.000779597      0.999982    0.00592403      0.159246   0.000462141   -0.00592439      0.999982      -0.18811
            1  -0.000980411  -6.66113e-05     0.0419338   0.000980843      0.999976    0.00682749     0.0962403   5.99159e-05   -0.00682755      0.999977     -0.142751
            1  -0.000965946  -0.000250355     0.0377943   0.000967757      0.999973    0.00733976     0.0977269   0.000243259      -0.00734      0.999973     -0.111839
            1  -0.000979169  -0.000160573      0.037783   0.000980324      0.999972    0.00736209      0.125129    0.00015336   -0.00736225      0.999973     -0.124133
            1  -0.000877957   -0.00014927     0.0331556   0.000879076       0.99997    0.00766904       0.10729   0.000142532   -0.00766917      0.999971    -0.0880438
            1  -0.000660355  -0.000691987     0.0208496   0.000665705       0.99997    0.00775984     0.0912894   0.000686842   -0.00776029       0.99997    -0.0962751
            1  -0.000789841  -0.000271915     0.0350841   0.000791779      0.999974    0.00720234       0.17357   0.000266219   -0.00720255      0.999974    -0.0742581
            1  -0.000820805  -0.000427521     0.0342769   0.000824061       0.99997    0.00767222      0.111953   0.000421211   -0.00767257       0.99997    -0.0947138
            1  -0.000599989  -0.000445533     0.0284142   0.000603465      0.999969    0.00784184      0.128131   0.000440814    -0.0078421      0.999969    -0.0454635
            1  -0.000681046  -9.99405e-05     0.0227644    0.00068183      0.999967     0.0080672      0.150778   9.44431e-05   -0.00806727      0.999967    -0.0488828
            1  -0.000608467  -0.000325614     0.0243285   0.000611052      0.999968    0.00800033      0.132263   0.000320735   -0.00800053      0.999968    -0.0456129
            1  -0.000505451   -0.00054479     0.0192476   0.000509671       0.99997    0.00777466      0.121686   0.000540844   -0.00777494       0.99997    -0.0259286
            1  -8.95195e-05  -0.000443642     -0.010234   9.30151e-05      0.999969    0.00788574      0.181811   0.000442922   -0.00788579      0.999969      -0.05876
            1  -3.03246e-05  -0.000867676   -0.00765803   3.71124e-05      0.999969    0.00782397      0.107864   0.000867413     -0.007824      0.999969    -0.0618206
            1   -7.5248e-05  -0.000952904    -0.0062954   8.26945e-05      0.999969    0.00781691      0.144958   0.000952286   -0.00781699      0.999969    -0.0349796
            1   9.88613e-07  -0.000882987    -0.0143107   6.44779e-06      0.999965    0.00842183      0.129042   0.000882964   -0.00842184      0.999964    -0.0523357
     0.999999   0.000246909   -0.00120747    -0.0207586  -0.000236289      0.999961    0.00878719      0.122924    0.00120959    -0.0087869      0.999961    -0.0437028
     0.999999     0.0002029    -0.0010198    -0.0160574   -0.00019403      0.999962    0.00869042      0.117311    0.00102153   -0.00869022      0.999962    -0.0378308
            1   0.000461013  -0.000591084      -0.03131   -0.00045604      0.999965    0.00838567      0.141139   0.000594929   -0.00838539      0.999965    -0.0607425
            1   0.000436046   -0.00075694    -0.0263091  -0.000429427      0.999962    0.00872253      0.110688   0.000760715    -0.0087222      0.999962    -0.0643919
            1   0.000302606  -0.000777864    -0.0186116  -0.000295603       0.99996    0.00898702      0.103313   0.000780552   -0.00898679      0.999959    -0.0247469
            1   0.000202717  -0.000380769    -0.0130066  -0.000198975      0.999952    0.00980145      0.127852   0.000382738   -0.00980137      0.999952   -0.00774862
            1   6.68669e-05  -0.000228206   -0.00234127  -6.45149e-05      0.999947     0.0102913     0.0883461   0.000228882    -0.0102913      0.999947    0.00769309
            1   3.79938e-05  -9.93065e-05    0.00355157   -3.6996e-05       0.99995     0.0100284     0.0857499   9.96825e-05    -0.0100284       0.99995   -0.00262208
            1  -6.30974e-05   5.34798e-05    0.00951495   6.25703e-05      0.999952    0.00979983      0.109578  -5.40956e-05   -0.00979983      0.999952    0.00140619
            1   9.09536e-05  -0.000161326    0.00420575  -8.93514e-05      0.999951    0.00990418      0.113075   0.000162219   -0.00990417      0.999951    0.00138442
            1  -7.32644e-05  -0.000252163     0.0120438   7.56907e-05      0.999954    0.00963515      0.094417   0.000251445   -0.00963517      0.999954     0.0390582
            1   7.72832e-05  -0.000264172    0.00712121  -7.47795e-05      0.999955    0.00946441      0.101026   0.000264892   -0.00946439      0.999955    0.00112749
            1   0.000510438  -0.000347869    -0.0158386  -0.000507165      0.999956    0.00934385       0.13639   0.000352624   -0.00934367      0.999956    -0.0367349
            1    0.00074032  -0.000566062    -0.0246901  -0.000734568      0.999949     0.0100952       0.10638   0.000573506    -0.0100947      0.999949    -0.0376161
     0.999999    0.00093089   -0.00101444    -0.0379978  -0.000920621      0.999949     0.0100771      0.102996    0.00102377    -0.0100762      0.999949    -0.0326821
     0.999999    0.00101775   -0.00091009    -0.0406669    -0.0010087      0.999951     0.0098893      0.128624   0.000920109   -0.00988837      0.999951    -0.0562189
     0.999998     0.0011341   -0.00142592    -0.0542238   -0.00111999      0.999951    0.00985532      0.124747    0.00143702   -0.00985371       0.99995    -0.0518149
     0.999999    0.00089793   -0.00116265    -0.0393012  -0.000886513      0.999952    0.00978342      0.112886    0.00117137   -0.00978238      0.999951     -0.036304
     0.999999    0.00110242  -0.000710715    -0.0464152   -0.00109551      0.999953    0.00964911      0.182258   0.000721319   -0.00964832      0.999953    -0.0576821
     0.999999    0.00079801   -0.00072512    -0.0347836  -0.000791027      0.999954    0.00957905       0.10147    0.00073273   -0.00957847      0.999954    -0.0731758
            1   0.000724923  -0.000200888    -0.0370985  -0.000723065      0.999958    0.00910232       0.16128   0.000207478   -0.00910218      0.999959    -0.0710225
            1    0.00044881   8.10614e-05    -0.0277255  -0.000449579      0.999952    0.00975023      0.127719  -7.66815e-05   -0.00975027      0.999952    -0.0678787
            1   0.000268887   0.000175401    -0.0160869  -0.000270684      0.999947     0.0103271      0.105628  -0.000172615    -0.0103271      0.999947    -0.0229021
            1   0.000259905   0.000333635    -0.0125209  -0.000262964      0.999958    0.00920236       0.14871  -0.000331229   -0.00920245      0.999958     -0.042189
            1    6.1437e-05   0.000878885   -0.00824454  -6.86242e-05      0.999967     0.0081799      0.151958  -0.000878353   -0.00817995      0.999966    -0.0325346
            1   -0.00014432   0.000750189   -0.00578242   0.000138015      0.999965    0.00839799      0.120623  -0.000751375   -0.00839789      0.999964    0.00891742
            1  -0.000188364   0.000898274    0.00389664   0.000180645      0.999963    0.00858561      0.167456  -0.000899858   -0.00858545      0.999963  -0.000205448
     0.999999   -0.00037277    0.00111313     0.0192491   0.000362595      0.999958    0.00912745      0.171531   -0.00111649   -0.00912704      0.999958    -0.0287695
            1   8.74076e-05   0.000741018     -0.003944  -9.38657e-05      0.999962    0.00871959      0.150598  -0.000740228   -0.00871966      0.999962    -0.0453436
            1   0.000404578   0.000382126    -0.0153673  -0.000408014      0.999959    0.00903383      0.162271  -0.000378456   -0.00903398      0.999959    -0.0622777
            1    0.00027518    0.00025267     -0.019662  -0.000277468      0.999959    0.00910322       0.12947  -0.000250154   -0.00910328      0.999959    -0.0740906
            1   0.000299849   0.000464872    -0.0252108  -0.000303911      0.999962    0.00876252      0.167938  -0.000462227   -0.00876266      0.999962    -0.0545745
            1   0.000172176   0.000642472    -0.0152717  -0.000178102      0.999957     0.0092352      0.159113  -0.000640855   -0.00923531      0.999957    -0.0924736
            1  -5.98765e-05   0.000522923    0.00393108   5.50573e-05      0.999958    0.00921121      0.183362  -0.000523453   -0.00921118      0.999957    -0.0903841
            1  -0.000134888   0.000857857    0.00449976   0.000127254       0.99996    0.00889268      0.214921  -0.000859023   -0.00889257       0.99996    -0.0917925
            1  -0.000552967    0.00039942     0.0257597   0.000550192      0.999976    0.00691557      0.103602  -0.000403234   -0.00691535      0.999976    -0.0930487
     0.999993    0.00240153   -0.00289399     -0.117894   -0.00240735      0.999995    -0.0020091      0.260065    0.00288916    0.00201605      0.999994     -0.389294
     0.999995    0.00188053   -0.00270309    -0.0943878   -0.00187748      0.999998    0.00113068      0.253208    0.00270521    -0.0011256      0.999996     -0.307583
     0.999997     0.0011323   -0.00206074    -0.0557619   -0.00112659      0.999996     0.0027718      0.176568    0.00206387   -0.00276947      0.999994     -0.249567
            1   0.000491238  -0.000485876    -0.0164723  -0.000489654      0.999995    0.00325555      0.201676   0.000487473   -0.00325531      0.999995     -0.229882
            1   0.000109984  -0.000582146    -0.0087213  -0.000107647      0.999992    0.00401251      0.135379   0.000582583   -0.00401245      0.999992      -0.21625
            1  -9.95502e-05  -0.000822987   8.32291e-05   0.000103366      0.999989    0.00463828      0.113774   0.000822516   -0.00463836      0.999989     -0.207388
            1   4.28399e-05   -0.00056186   -0.00736413  -4.02058e-05      0.999989    0.00468742      0.156887   0.000562055    -0.0046874      0.999989     -0.211118
            1  -0.000192954  -0.000516694   0.000190321   0.000195529      0.999988    0.00498713     0.0962383   0.000515725   -0.00498723      0.999987     -0.163185
            1   0.000118379  -0.000453901    -0.0120971  -0.000115983      0.999986    0.00527368      0.250701   0.000454519   -0.00527363      0.999986     -0.304879
            1  -5.99534e-05  -0.000253656     0.0150564       6.1e-05      0.999991    0.00412803     0.0759979   0.000253407   -0.00412805      0.999991      -0.17852
            1  -0.000141984  -0.000137698     0.0275746   0.000142732      0.999985    0.00544775      0.162295   0.000136922   -0.00544777      0.999985     -0.189285
            1    0.00028745  -0.000908996   0.000868498  -0.000281677       0.99998    0.00634521      0.217101   0.000910802   -0.00634495      0.999979      -0.23457
     0.999999   0.000559771    -0.0010569    -0.0149664  -0.000552595      0.999977    0.00677756      0.149105    0.00106067   -0.00677697      0.999976     -0.216722
     0.999999   0.000972756   -0.00130018    -0.0304419  -0.000963643      0.999975    0.00699099      0.113445    0.00130695   -0.00698973      0.999975     -0.207337
     0.999999    0.00119193   -0.00115739    -0.0416048   -0.00118392      0.999976     0.0068962      0.162893    0.00116558   -0.00689482      0.999976     -0.241988
     0.999998    0.00139141   -0.00132731    -0.0645576   -0.00138275      0.999978    0.00649994       0.16414    0.00133632   -0.00649809      0.999978     -0.228785
     0.999996    0.00200233   -0.00195649    -0.0890791   -0.00198927      0.999976    0.00665206      0.141174    0.00196976   -0.00664814      0.999976     -0.229346
     0.999995     0.0023959   -0.00197866      -0.12392   -0.00238231      0.999974    0.00684588      0.203745    0.00199501   -0.00684114      0.999975     -0.246444
     0.999995    0.00238503   -0.00203112     -0.120593   -0.00237172      0.999976    0.00652698      0.151211    0.00204664   -0.00652213      0.999977     -0.257469
     0.999994    0.00283865   -0.00188617     -0.134768   -0.00282504       0.99997    0.00717572      0.197496    0.00190648   -0.00717035      0.999972     -0.233683
     0.999995     0.0028121   -0.00154028     -0.130879   -0.00280028      0.999967    0.00761885       0.14084    0.00156165    -0.0076145       0.99997     -0.223207
     0.999995    0.00288567   -0.00135017     -0.132383    -0.0028749      0.999965    0.00791196      0.159206    0.00137295   -0.00790804      0.999968     -0.243437
     0.999995    0.00307704   -0.00105141     -0.139555   -0.00306839      0.999962    0.00813208      0.188033     0.0010764   -0.00812881      0.999966     -0.253599
     0.999995    0.00299755  -0.000820699     -0.128254   -0.00299064      0.999961    0.00829741      0.161496   0.000845539   -0.00829491      0.999965     -0.233891
     0.999995    0.00295847  -0.000893828     -0.121794   -0.00295134      0.999965    0.00787851      0.144361   0.000917105   -0.00787584      0.999969     -0.175014
     0.999995    0.00311249  -0.000844527     -0.135285   -0.00310565      0.999963    0.00798271      0.188597   0.000869342   -0.00798004      0.999968     -0.183559
     0.999995    0.00315841   -0.00093041     -0.143264   -0.00315024      0.999958    0.00865493      0.134623   0.000957707   -0.00865195      0.999962     -0.188995
     0.999993    0.00350371   -0.00103737     -0.160296   -0.00349473      0.999957    0.00853481      0.148618    0.00106723   -0.00853113      0.999963     -0.196735
      0.99999    0.00426743   -0.00143304     -0.195799   -0.00425401      0.999948    0.00924398      0.226755    0.00147242   -0.00923779      0.999956     -0.203056
     0.999982    0.00521189    -0.0028513     -0.280861   -0.00519874      0.999976    0.00460026      0.295891    0.00287521   -0.00458535      0.999985     -0.128701
     0.999995    0.00321532  -0.000405335     -0.187537   -0.00321111      0.999945    0.00999846      0.499228   0.000437461    -0.0099971       0.99995      -0.29453
     0.999996    0.00285974   0.000138308     -0.177285   -0.00286103      0.999941     0.0104679      0.344821  -0.000108365    -0.0104683      0.999945     -0.259527
     0.999995    0.00310885  -0.000170246     -0.194055   -0.00310691      0.999941     0.0103918      0.348164   0.000202543    -0.0103912      0.999946     -0.233959
     0.999995    0.00323513  -0.000241562     -0.198784   -0.00323244      0.999941     0.0103854      0.352387   0.000275145    -0.0103845      0.999946     -0.261121
     0.999994    0.00333543   -0.00039611     -0.203577   -0.00333111       0.99994     0.0104357      0.315219   0.000430894    -0.0104344      0.999945     -0.257287
     0.999994    0.00345678  -0.000435015     -0.219015   -0.00345207       0.99994     0.0104036      0.343669   0.000470952     -0.010402      0.999946     -0.271774
     0.999995    0.00328025  -0.000261757     -0.210199   -0.00327738      0.999942        0.0103      0.310704   0.000295528    -0.0102991      0.999947     -0.283181
     0.999994    0.00345132   -0.00018292     -0.221492   -0.00344921      0.999939     0.0105151      0.323303     0.0002192    -0.0105144      0.999945     -0.271072
     0.999994     0.0035782  -5.21899e-05     -0.233866   -0.00357747       0.99994     0.0103496       0.33965   8.92195e-05    -0.0103493      0.999946     -0.267101
     0.999994    0.00337963    0.00019839     -0.224397   -0.00338156      0.999937     0.0106873      0.297278  -0.000162258    -0.0106879      0.999943     -0.268802
     0.999994    0.00349556   0.000486597     -0.229633   -0.00350049      0.999938     0.0105305      0.334701  -0.000449757    -0.0105321      0.999944      -0.29016
     0.999994     0.0034663   0.000664215     -0.233721   -0.00347326      0.999936     0.0107703      0.348796   -0.00062684    -0.0107725      0.999942     -0.302679
     0.999994    0.00353211   0.000279674     -0.232505   -0.00353478      0.999942     0.0102138      0.335753  -0.000243582    -0.0102147      0.999948     -0.341888
     0.999995    0.00304795   0.000861623     -0.214026   -0.00305637      0.999946    0.00995056      0.346728  -0.000831247   -0.00995314       0.99995     -0.292862
     0.999996    0.00234847    0.00153225     -0.174091    -0.0023625      0.999955    0.00921755      0.349823   -0.00151053   -0.00922113      0.999956      -0.29986
     0.999997    0.00201662    0.00147997     -0.156466   -0.00202902      0.999962    0.00842343      0.378095   -0.00146293   -0.00842641      0.999963     -0.282941
     0.999996    0.00243249    0.00127225     -0.173721    -0.0024434       0.99996    0.00864426      0.347349   -0.00125117   -0.00864734      0.999962      -0.27155
     0.999996    0.00262672    0.00131702     -0.172912   -0.00263875      0.999954    0.00921035      0.349881   -0.00129276   -0.00921379      0.999957     -0.289328
     0.999996    0.00230265    0.00141998     -0.152153   -0.00231611      0.999952    0.00955347      0.306718   -0.00139791   -0.00955673      0.999953     -0.281815
     0.999996     0.0024602    0.00150642     -0.158757   -0.00247461      0.999951    0.00963709      0.370945   -0.00148263   -0.00964077      0.999952     -0.331673
     0.999996    0.00244796    0.00156039     -0.157186   -0.00246374      0.999945     0.0101959       0.31674   -0.00153534    -0.0101997      0.999947     -0.309912
     0.999995    0.00277788    0.00166495     -0.163678   -0.00279439      0.999946    0.00999902      0.383185   -0.00163708    -0.0100036      0.999949     -0.279741
     0.999995    0.00275956    0.00156264     -0.165382   -0.00277581      0.999941      0.010496      0.309282   -0.00153358    -0.0105003      0.999944      -0.28753
     0.999995    0.00305183    0.00101851     -0.190877    -0.0030618      0.999946     0.0099377      0.329121  -0.000988128   -0.00994076       0.99995     -0.303506
     0.999994     0.0031219    0.00120458     -0.192375    -0.0031338      0.999945     0.0100043      0.358866   -0.00117328     -0.010008      0.999949     -0.281983
     0.999994    0.00315072    0.00131516      -0.19395   -0.00316341      0.999947    0.00976178      0.326164   -0.00128434   -0.00976588      0.999951     -0.295486
     0.999995    0.00294442   0.000883778     -0.192826   -0.00295304      0.999946    0.00992257      0.327848  -0.000854515   -0.00992513       0.99995     -0.269773
     0.999994    0.00309224    0.00127398     -0.188533   -0.00310467      0.999946    0.00987113      0.338926   -0.00124339   -0.00987503       0.99995     -0.255716
     0.999996    0.00271923   -0.00100667     -0.150941   -0.00271111      0.999964    0.00797857      0.414124    0.00102833   -0.00797581      0.999968    -0.0858094
     0.999987    0.00302237   -0.00399486     -0.153012   -0.00301639      0.999994    0.00150271     -0.625865    0.00399938   -0.00149064      0.999991      0.571108
     0.999996    0.00242307   -0.00129945    -0.0644274   -0.00242902      0.999986   -0.00459933     -0.228575    0.00128828    0.00460247      0.999989      0.382772
     0.999996    0.00255342   -0.00111669    -0.0941514   -0.00255093      0.999994    0.00222606      0.317971    0.00112237   -0.00222321      0.999997      0.180474
     0.999996    0.00296371   0.000155951     -0.136483   -0.00296431      0.999988    0.00394171      0.365149  -0.000144267   -0.00394216      0.999992     0.0984902
     0.999997    0.00258459   0.000130509     -0.114391   -0.00258535      0.999977    0.00622656      0.280322  -0.000114413   -0.00622688      0.999981     0.0749784
     0.999997    0.00254204   0.000467989     -0.109641    -0.0025452      0.999973    0.00688341      0.361672  -0.000450478   -0.00688458      0.999976     0.0418519
     0.999997    0.00227931   0.000688294     -0.099232   -0.00228301      0.999983    0.00543008      0.282714  -0.000675906   -0.00543164      0.999985     0.0392749
     0.999997    0.00246895   0.000133362    -0.0966598   -0.00246966      0.999981    0.00560066      0.345517  -0.000119532   -0.00560098      0.999984     0.0695473
     0.999996    0.00284925  -0.000298979      -0.10775   -0.00284718      0.999973     0.0067294      0.367372   0.000318145   -0.00672852      0.999977     0.0771306
     0.999996    0.00290987  -0.000522344      -0.10564   -0.00290608       0.99997    0.00711366      0.279979   0.000543028   -0.00711212      0.999975     0.0627865
     0.999997    0.00252734  -0.000238768    -0.0777748   -0.00252518      0.999959    0.00864267      0.557964   0.000260601   -0.00864203      0.999963     0.0160752
     0.999998   0.000967463    0.00160442     0.0623192  -0.000979517      0.999971    0.00752926      0.458463   -0.00159709   -0.00753082       0.99997      0.155792
     0.999997    0.00056093    0.00218139     0.0803968  -0.000579784      0.999962    0.00865227      0.456912   -0.00217646   -0.00865351       0.99996     0.0258438
     0.999998   0.000371528    0.00214403     0.0716423  -0.000390969      0.999959    0.00907455      0.460955   -0.00214057   -0.00907536      0.999957      0.045647
     0.999998   0.000652858    0.00204492     0.0533352    -0.0006711       0.99996    0.00893284      0.422398   -0.00203901    -0.0089342      0.999958    0.00374224
     0.999997     0.0011088     0.0019787     0.0422034   -0.00112441      0.999968    0.00790426      0.487121   -0.00196987   -0.00790646      0.999967    -0.0628256
     0.999997   0.000768737    0.00224905     0.0448452  -0.000788584      0.999961    0.00883714        0.4308   -0.00224217   -0.00883889      0.999958    -0.0231643
     0.999998   0.000879601     0.0017833     0.0439907  -0.000895538      0.999959     0.0089559      0.369596   -0.00177535   -0.00895748      0.999958    -0.0243509
     0.999999   0.000845848    0.00116049     0.0499558  -0.000856152       0.99996    0.00890727      0.450565   -0.00115291   -0.00890826       0.99996    -0.0314913
     0.999999    0.00139083   0.000902019     0.0409315   -0.00139931      0.999954    0.00946694       0.45319  -0.000888811   -0.00946819      0.999955    -0.0912141
     0.999999   0.000901577     0.0010448     0.0603216  -0.000912262      0.999947     0.0102714      0.445443   -0.00103549    -0.0102724      0.999947    -0.0575416
     0.999999   0.000770842    0.00117281     0.0572749  -0.000783243      0.999943     0.0106101       0.43508   -0.00116457     -0.010611      0.999943    -0.0328836
     0.999999   0.000882086    0.00109668     0.0538583  -0.000894031       0.99994     0.0109391      0.405769   -0.00108697    -0.0109401       0.99994    -0.0396243
     0.999999   0.000930243   0.000881797     0.0385983  -0.000939879      0.999939     0.0109911       0.39803  -0.000871519    -0.0109919      0.999939    -0.0693865
     0.999999    0.00136455    0.00038942     0.0132951   -0.00136881      0.999937     0.0111621      0.421219  -0.000374164    -0.0111626      0.999938    -0.0725175
     0.999999    0.00151791   -0.00066127    -0.0143515   -0.00151078      0.999942     0.0106567      0.346864   0.000677408    -0.0106557      0.999943    -0.0913928
     0.999998    0.00184263   -0.00098395    -0.0302666   -0.00183237      0.999945     0.0103286       0.41309    0.00100293    -0.0103268      0.999946     -0.103876
     0.999997    0.00210101  -0.000827875    -0.0510707   -0.00209221      0.999943      0.010488      0.412139   0.000849863    -0.0104863      0.999945     -0.161676
     0.999997    0.00229551  -0.000648113     -0.059875   -0.00228825      0.999937     0.0109886      0.436824   0.000673296     -0.010987      0.999939     -0.185635
     0.999997    0.00230585   -0.00066041    -0.0591768   -0.00229854      0.999938     0.0108606      0.440096   0.000685412    -0.0108591      0.999941     -0.191706
     0.999997    0.00217066  -0.000935457    -0.0511273   -0.00216015      0.999936      0.011093      0.393228   0.000959476    -0.0110909      0.999938     -0.189623
     0.999996    0.00259284  -0.000718321    -0.0797325   -0.00258478      0.999936     0.0110054      0.481772   0.000746811    -0.0110035      0.999939     -0.199874
     0.999996    0.00261656    -0.0008181    -0.0778665   -0.00260733      0.999935     0.0110936      0.452718   0.000847074    -0.0110914      0.999938     -0.215044
     0.999997    0.00244507  -0.000570129    -0.0603012   -0.00243862      0.999936     0.0110433      0.444595   0.000597094    -0.0110419      0.999939     -0.190485
     0.999998    0.00184534   0.000318075    -0.0356025   -0.00184862      0.999942     0.0106425      0.506004  -0.000298418     -0.010643      0.999943     -0.205773
     0.999998    0.00202652   0.000105479    -0.0439163   -0.00202762       0.99993     0.0116655      0.521788  -8.18312e-05    -0.0116657      0.999932     -0.286325
     0.999998    0.00208104  -7.48355e-05    -0.0501186   -0.00208004      0.999931     0.0115664      0.518161   9.89004e-05    -0.0115662      0.999933     -0.213589
     0.999998    0.00175835   5.34545e-05    -0.0375371   -0.00175884      0.999935     0.0112729      0.487685  -3.36293e-05     -0.011273      0.999936     -0.221506
     0.999998    0.00173965   0.000104473    -0.0349507   -0.00174073      0.999934     0.0113349      0.522365  -8.47469e-05    -0.0113351      0.999936     -0.262473
     0.999997    0.00235289   3.86396e-05    -0.0680398   -0.00235318      0.999931     0.0115367      0.636789  -1.14923e-05    -0.0115368      0.999933     -0.293162
     0.999998    0.00196781  -0.000467989    -0.0453714    -0.0019633      0.999953    0.00945451       0.49688   0.000486572   -0.00945357      0.999955     -0.276663
     0.999997    0.00222634  -0.000950906    -0.0505742   -0.00221628      0.999943     0.0104536      0.567544   0.000974125    -0.0104515      0.999945     -0.271809
     0.999995    0.00255473   -0.00167407      -0.06786   -0.00253701      0.999942      0.010501      0.483685     0.0017008    -0.0104967      0.999943     -0.280029
     0.999994    0.00288823    -0.0017079    -0.0909706   -0.00286909      0.999934     0.0111054      0.543778    0.00173986    -0.0111004      0.999937     -0.302804
     0.999994    0.00287403   -0.00173724     -0.100417   -0.00285468      0.999935     0.0110393       0.52181    0.00176885    -0.0110343      0.999938     -0.321732
     0.999994     0.0028449   -0.00173759    -0.0984741   -0.00282597      0.999938     0.0108028      0.534561    0.00176821    -0.0107978       0.99994     -0.313817
     0.999994    0.00316135   -0.00122048     -0.101512   -0.00314643      0.999923     0.0120331      0.636708    0.00125842    -0.0120292      0.999927      -0.33465
     0.999996    0.00272094   -0.00110376     -0.077833    -0.0027065      0.999913     0.0128757       0.53137     0.0011387    -0.0128726      0.999916     -0.319888
     0.999995    0.00294582  -0.000969605    -0.0991052   -0.00293383      0.999922     0.0121501      0.600501    0.00100532    -0.0121472      0.999926      -0.33662
     0.999993    0.00325305   -0.00177887     -0.113738   -0.00323083      0.999918     0.0123521      0.497348     0.0018189    -0.0123462      0.999922      -0.31341
     0.999991    0.00362358   -0.00202703     -0.134166   -0.00359826      0.999917     0.0123575      0.528305    0.00207164    -0.0123501      0.999922     -0.314382
      0.99999    0.00384548   -0.00223734     -0.159189   -0.00381699      0.999913     0.0126017      0.557092    0.00228561    -0.0125931      0.999918     -0.329981
      0.99999    0.00385475   -0.00230462     -0.162283   -0.00382587      0.999916      0.012407      0.532047    0.00235226    -0.0123981       0.99992     -0.343984
     0.999988    0.00413076   -0.00257612     -0.186297    -0.0040979      0.999912     0.0126315      0.546722    0.00262807    -0.0126208      0.999917     -0.351137
     0.999988    0.00429432   -0.00254159     -0.206499   -0.00426209      0.999912      0.012553      0.548937    0.00259527     -0.012542      0.999918     -0.385072
     0.999987    0.00425328   -0.00272095     -0.207181   -0.00421889      0.999913     0.0125223      0.530511    0.00277397    -0.0125107      0.999918     -0.395241
     0.999986    0.00441418   -0.00301127       -0.2142   -0.00437696      0.999915     0.0122567      0.555501    0.00306512    -0.0122434       0.99992     -0.353712
     0.999985    0.00451032   -0.00302385     -0.214858   -0.00447117      0.999908     0.0128314      0.560859    0.00308145    -0.0128177      0.999913     -0.349721
     0.999988    0.00410237   -0.00282701     -0.181038   -0.00406432      0.999903     0.0133369      0.540917    0.00288145    -0.0133253      0.999907     -0.323647
     0.999988    0.00438212   -0.00225917     -0.190022   -0.00435238      0.999906     0.0130068      0.643479    0.00231595    -0.0129969      0.999913      -0.30067
     0.999989    0.00412719   -0.00239184     -0.160712   -0.00409422      0.999899       0.01363       0.56506    0.00244785      -0.01362      0.999904     -0.271914
     0.999987    0.00448412   -0.00234546     -0.180631   -0.00445125      0.999894     0.0138362      0.664575    0.00240726    -0.0138256      0.999902     -0.310355
     0.999984    0.00474773   -0.00300016     -0.195136   -0.00470454      0.999888     0.0142395      0.591494    0.00306743    -0.0142252      0.999894     -0.343812
      0.99998     0.0052367   -0.00353161     -0.210518   -0.00518633      0.999887     0.0141244      0.633238    0.00360518    -0.0141058      0.999894     -0.325977
     0.999978    0.00548996   -0.00384179     -0.223926   -0.00543284      0.999877     0.0147244       0.63585    0.00392215    -0.0147032      0.999884     -0.353906
     0.999978    0.00542804   -0.00391644     -0.212135   -0.00536869      0.999873     0.0150081      0.607983     0.0039974    -0.0149867       0.99988     -0.338336
      0.99998    0.00542565   -0.00326113     -0.231016   -0.00537806      0.999881     0.0144293      0.685676    0.00333903    -0.0144115      0.999891     -0.310364
     0.999982     0.0050465    -0.0031794     -0.208814   -0.00500646       0.99991     0.0124782      0.631371    0.00324209    -0.0124621      0.999917     -0.406043
     0.999984    0.00489885   -0.00284706     -0.198405   -0.00485967      0.999896     0.0136101      0.698522    0.00291344     -0.013596      0.999903     -0.354033
     0.999985     0.0046898   -0.00272836     -0.187024   -0.00464905       0.99988      0.014753      0.649266    0.00279722    -0.0147401      0.999887     -0.349839
     0.999982    0.00496017   -0.00340697     -0.186483   -0.00490886      0.999877     0.0149079      0.647496    0.00348049    -0.0148909      0.999883     -0.343746
      0.99998    0.00519152   -0.00348969     -0.201602   -0.00513758       0.99987     0.0152919      0.670152    0.00356863    -0.0152737      0.999877     -0.340958
     0.999978    0.00545016   -0.00369797     -0.223991   -0.00539418      0.999873      0.014982      0.680572    0.00377916    -0.0149618      0.999881     -0.370727
     0.999977    0.00544214   -0.00405802     -0.216417   -0.00538232      0.999879     0.0146091      0.663503    0.00413703     -0.014587      0.999885     -0.363064
     0.999976    0.00549775   -0.00427251     -0.215921   -0.00543553      0.999881     0.0144411      0.624322    0.00435139    -0.0144175      0.999887     -0.328307
     0.999979    0.00526264   -0.00379067     -0.203298   -0.00520766      0.999883     0.0143701      0.657045    0.00386585    -0.0143501       0.99989     -0.308007
     0.999981    0.00500751   -0.00366767     -0.181041    -0.0049541      0.999884     0.0144289      0.668213     0.0037395    -0.0144104      0.999889     -0.346077
     0.999984    0.00478262   -0.00301496     -0.170393   -0.00474063      0.999894     0.0137833      0.764211    0.00308056    -0.0137688        0.9999      -0.31218
     0.999983    0.00477015   -0.00340271     -0.169397   -0.00471957      0.999881     0.0147193      0.604158    0.00347252    -0.0147029      0.999886     -0.302739
     0.999982    0.00494238   -0.00341421     -0.188227   -0.00489166       0.99988     0.0147077      0.697465    0.00348649    -0.0146907      0.999886     -0.304181
     0.999983    0.00465459   -0.00349343     -0.168595   -0.00460303      0.999882     0.0146238      0.644417    0.00356108    -0.0146075      0.999887     -0.284689
      0.99998    0.00494025   -0.00392861     -0.189833   -0.00488294      0.999883      0.014467      0.647173    0.00399963    -0.0144476      0.999888     -0.291288
      0.99998    0.00490999   -0.00396224     -0.191656    -0.0048502      0.999876     0.0149617      0.633589    0.00403521    -0.0149422       0.99988     -0.267678
     0.999978     0.0050278   -0.00421061     -0.180603   -0.00496638      0.999883     0.0144742      0.616806    0.00428289     -0.014453      0.999886     -0.274005
     0.999979    0.00514305   -0.00391675     -0.196354   -0.00508611      0.999883     0.0144104      0.724397     0.0039904    -0.0143902      0.999888     -0.322392
     0.999974      0.005466   -0.00462874     -0.221565   -0.00539769      0.999878     0.0146441       0.61314    0.00470822    -0.0146187      0.999882      -0.33954
     0.999973     0.0057726   -0.00464836     -0.247397    -0.0057071      0.999886     0.0139834      0.664115    0.00472855    -0.0139565      0.999891      -0.35792
     0.999972     0.0058645   -0.00470788     -0.245894   -0.00579628       0.99988     0.0143756      0.618743    0.00479162    -0.0143479      0.999886     -0.338802
     0.999973    0.00576851   -0.00455437     -0.238929   -0.00570345      0.999883     0.0141725      0.614474    0.00463559    -0.0141461      0.999889     -0.332809
     0.999974    0.00569367    -0.0043249     -0.242091   -0.00563191      0.999884     0.0141593       0.66071    0.00440501    -0.0141346       0.99989     -0.343047
     0.999973     0.0057831   -0.00457362     -0.237184   -0.00571662       0.99988      0.014417      0.598211    0.00465644    -0.0143904      0.999886     -0.297078
     0.999976    0.00576378   -0.00389413     -0.221902   -0.00571052      0.999892     0.0135502      0.772222    0.00397181    -0.0135276      0.999901     -0.385161
     0.999981    0.00501627   -0.00359818     -0.185194   -0.00496724      0.999896     0.0135061      0.571505    0.00366555     -0.013488      0.999902       -0.2859
     0.999979    0.00527516   -0.00380213     -0.199302   -0.00522703      0.999907     0.0125591      0.686013    0.00386802     -0.012539      0.999914      -0.35141
     0.999971    0.00603332   -0.00473621     -0.226544   -0.00597477      0.999907     0.0122803      0.697678    0.00480986    -0.0122517      0.999913     -0.387674
     0.999978    0.00528868    -0.0040898     -0.192332   -0.00523308      0.999895     0.0134883      0.691653    0.00416071    -0.0134666      0.999901     -0.328749
