# 3dvolreg matrices (DICOM-to-DICOM, row-by-row):
     0.999972    0.00646079   -0.00372861      0.512814   -0.00650285      0.999914    -0.0113824      -1.13812    0.00365475     0.0114063      0.999928       1.39072
     0.999972    0.00645238   -0.00369632      0.517426   -0.00649253      0.999919    -0.0109549      -1.16162    0.00362533     0.0109786      0.999933         1.371
     0.999973    0.00632075   -0.00371251      0.511282   -0.00635922      0.999925    -0.0104452      -1.12326    0.00364621     0.0104685      0.999939       1.40686
     0.999974    0.00629216   -0.00349639      0.515975   -0.00632879      0.999924    -0.0105642      -1.12626    0.00342965     0.0105861      0.999938       1.39998
     0.999976    0.00604446   -0.00336763      0.501057   -0.00608145       0.99992    -0.0110823      -1.18934    0.00330037     0.0111025      0.999933        1.3793
     0.999977    0.00592313   -0.00337175      0.505019   -0.00595773      0.999929    -0.0103466      -1.16436    0.00331022     0.0103665      0.999941       1.37135
     0.999976    0.00612039   -0.00330203      0.501205   -0.00615317      0.999931    -0.0100107      -1.12748    0.00324053     0.0100307      0.999944       1.36399
     0.999976    0.00611321   -0.00315588       0.51207   -0.00614345      0.999934   -0.00966085      -1.17484    0.00309661    0.00968001      0.999948       1.32512
     0.999978    0.00597536   -0.00303048      0.493783   -0.00600323      0.999939   -0.00927436      -1.19013    0.00297488    0.00929234      0.999952       1.29163
     0.999976    0.00616504   -0.00304468       0.49686   -0.00619243       0.99994   -0.00907025      -1.11624    0.00298858    0.00908888      0.999954       1.31216
     0.999977    0.00600844   -0.00300381      0.503649   -0.00603534      0.999941   -0.00902763      -1.16673     0.0029494    0.00904556      0.999955        1.2699
     0.999977    0.00605728   -0.00289706      0.496384   -0.00608231      0.999944   -0.00871085      -1.17267    0.00284413    0.00872828      0.999958       1.27493
     0.999979    0.00594978   -0.00245109      0.509578   -0.00596732      0.999956   -0.00721261      -1.09113    0.00240807    0.00722709      0.999971       1.38602
     0.999969    0.00666759   -0.00419444      0.510186   -0.00671931        0.9999    -0.0124403      -1.14224    0.00411107     0.0124681      0.999914       1.35932
      0.99997    0.00657374   -0.00416576      0.525695   -0.00662616      0.999897    -0.0126966      -1.13793    0.00408187     0.0127238      0.999911       1.34619
     0.999971    0.00651064   -0.00404846      0.514632   -0.00655672      0.999913    -0.0114759      -1.11678    0.00397339     0.0115021      0.999926       1.37116
     0.999971    0.00630707    -0.0041809      0.527959   -0.00635825      0.999904    -0.0123424      -1.07071    0.00410266     0.0123686      0.999915        1.4214
     0.999972    0.00623076   -0.00417074      0.510828   -0.00627832      0.999914    -0.0114882      -1.15449     0.0040988     0.0115141      0.999925       1.46128
     0.999975    0.00594044   -0.00379346      0.509424   -0.00598611      0.999908    -0.0121434      -1.16523    0.00372097     0.0121658      0.999919       1.36162
     0.999973    0.00623869   -0.00396012      0.515584   -0.00628716      0.999904     -0.012348       -1.1109    0.00388271     0.0123725      0.999916       1.37068
     0.999971    0.00662337   -0.00365794      0.521884   -0.00666748      0.999904    -0.0121827      -1.17221     0.0035769     0.0122067      0.999919       1.33542
     0.999973    0.00630573   -0.00383254      0.510518   -0.00635007      0.999912    -0.0116681      -1.12972    0.00375862     0.0116922      0.999925       1.33697
     0.999972    0.00620778   -0.00411878      0.499699    -0.0062533      0.999918    -0.0111337      -1.10313    0.00404933     0.0111591       0.99993       1.32363
     0.999973    0.00629867   -0.00367383       0.51405   -0.00634032      0.999914    -0.0114379      -1.16933    0.00360147     0.0114609      0.999928       1.21773
     0.999974    0.00621255   -0.00354909      0.501669   -0.00625013      0.999923    -0.0106762      -1.13664    0.00348249     0.0106981      0.999937       1.25228
     0.999972    0.00632694   -0.00387384       0.51379   -0.00636476      0.999931   -0.00982725      -1.08697     0.0038114    0.00985164      0.999944       1.26634
     0.999975     0.0062524   -0.00341582      0.518343   -0.00628975      0.999919    -0.0110341      -1.13682    0.00334656     0.0110553      0.999933       1.27212
     0.999975    0.00628018   -0.00332872      0.510313   -0.00631676      0.999918     -0.011097      -1.15311    0.00325876     0.0111178      0.999933       1.31767
     0.999976     0.0062083   -0.00317696      0.525386   -0.00623545      0.999943   -0.00861029      -1.08544    0.00312332    0.00862989      0.999958       1.74741
     0.999971    0.00653928   -0.00395252      0.513244   -0.00657917      0.999927    -0.0101663      -1.17499    0.00388575     0.0101921      0.999941       1.31301
     0.999968    0.00678554   -0.00413282      0.508482   -0.00682735      0.999925    -0.0101863      -1.18761    0.00406339     0.0102142       0.99994        1.2895
     0.999965    0.00699245   -0.00456765      0.529923   -0.00704232      0.999915    -0.0109945      -1.15676    0.00449039     0.0110263      0.999929       1.12089
     0.999965    0.00705289   -0.00447471      0.528716   -0.00710159      0.999915    -0.0109613      -1.15235    0.00439702     0.0109927       0.99993       1.13455
     0.999966    0.00701492   -0.00439734       0.54106   -0.00705986      0.999922    -0.0102895      -1.17727    0.00432481     0.0103202      0.999937        1.2286
     0.999964    0.00711543    -0.0045199      0.520074   -0.00716255      0.999919    -0.0104955      -1.11833    0.00444485     0.0105275      0.999935        1.2149
     0.999967    0.00698133   -0.00420805      0.541752   -0.00702571      0.999919    -0.0106271      -1.13377    0.00413352     0.0106563      0.999935        1.1031
     0.999968    0.00685377   -0.00407486      0.531858   -0.00689852      0.999915    -0.0110727      -1.20534    0.00399862     0.0111004       0.99993       1.04045
     0.999976    0.00578487   -0.00377801       0.50328   -0.00582542      0.999925    -0.0108098      -1.14394    0.00371519     0.0108315      0.999934       1.51227
     0.999973    0.00619241   -0.00399991      0.518102   -0.00623704      0.999917    -0.0112437       -1.1112    0.00392995     0.0112683      0.999929       1.42999
     0.999972    0.00620634   -0.00417169       0.52089   -0.00625188       0.99992    -0.0109935      -1.16383    0.00410313     0.0110192      0.999931       1.41079
     0.999971    0.00639625   -0.00423721      0.516293   -0.00644228      0.999919    -0.0109412      -1.10392    0.00416689     0.0109682      0.999931       1.44155
     0.999971    0.00620263   -0.00430502      0.512929   -0.00625112      0.999916    -0.0113421      -1.11421    0.00423431     0.0113687      0.999926       1.44361
     0.999971    0.00625735   -0.00426253      0.527598   -0.00630608      0.999914    -0.0115164      -1.15277     0.0041901      0.011543      0.999925       1.43402
     0.999972    0.00608683   -0.00427998      0.513507   -0.00613435      0.999919    -0.0111785      -1.16735    0.00421159     0.0112044      0.999928       1.41283
     0.999972    0.00622002   -0.00422446      0.511842   -0.00626941      0.999911    -0.0117822      -1.12558    0.00415079     0.0118083      0.999922        1.4318
     0.999969    0.00645252   -0.00442934      0.476149   -0.00650205      0.999915    -0.0112623      -1.23121    0.00435629     0.0112907      0.999927       1.28371
     0.999955    0.00787171    -0.0052263      0.515842   -0.00791709      0.999931   -0.00871921      -1.13859     0.0051573     0.0087602      0.999948        1.2598
     0.999942    0.00870668   -0.00636172      0.551577   -0.00875986      0.999927   -0.00838063      -1.20401    0.00628828    0.00843587      0.999945       1.23228
     0.999974    0.00587678   -0.00410607      0.508589   -0.00592372      0.999916    -0.0115154      -1.13707    0.00403805     0.0115395      0.999925       1.29023
     0.999976    0.00593179   -0.00365943       0.52454   -0.00597095      0.999924    -0.0107836      -1.20323    0.00359519     0.0108052      0.999935       1.28267
     0.999977    0.00580896   -0.00363078      0.504736   -0.00584912      0.999921    -0.0111509      -1.10211    0.00356572     0.0111718      0.999931       1.32457
     0.999977     0.0057378    -0.0036369      0.506562    -0.0057755      0.999929    -0.0104406      -1.17929    0.00357674     0.0104614      0.999939       1.35712
     0.999977    0.00566002   -0.00365563      0.489439   -0.00569771       0.99993     -0.010383      -1.11601     0.0035966     0.0104036      0.999939       1.42744
     0.999979    0.00546861   -0.00353334      0.506535   -0.00550616      0.999928    -0.0107065      -1.17025    0.00347454     0.0107258      0.999936       1.34147
     0.999978    0.00555857   -0.00352066      0.484832   -0.00559265      0.999937   -0.00974556      -1.14503    0.00346627    0.00976504      0.999946       1.38608
     0.999977    0.00531951   -0.00417728      0.499016   -0.00536243      0.999932    -0.0103292      -1.10104    0.00412205     0.0103514      0.999938       1.40687
     0.999978    0.00555456   -0.00372717      0.518184   -0.00559008      0.999938    -0.0095884      -1.16457    0.00367369    0.00960902      0.999947       1.44193
      0.99998    0.00530365   -0.00330026      0.521138   -0.00533268      0.999947   -0.00885125      -1.09252    0.00325314    0.00886867      0.999955       1.60498
     0.999978    0.00554488   -0.00365289      0.499875   -0.00557699      0.999945   -0.00883993      -1.16989    0.00360367     0.0088601      0.999954       1.58689
     0.999977     0.0056103   -0.00382507       0.50193   -0.00564382      0.999945    -0.0088094      -1.22314    0.00377543    0.00883079      0.999954       1.58558
     0.999976    0.00560388   -0.00405013      0.510654   -0.00564394      0.999935   -0.00994852      -1.19056    0.00399412    0.00997114      0.999942       1.46321
     0.999976    0.00573584   -0.00401054      0.499213    -0.0057736      0.999939   -0.00946887      -1.22308    0.00395599    0.00949179      0.999947       1.39085
     0.999979    0.00492809   -0.00430265      0.521694   -0.00497694      0.999922    -0.0114185      -1.15379    0.00424604     0.0114397      0.999926       1.26508
     0.999978     0.0047754   -0.00462671      0.506152   -0.00482599      0.999928    -0.0109875      -1.13508    0.00457391     0.0110095      0.999929       1.30897
     0.999979    0.00509359   -0.00406634      0.525708   -0.00513672       0.99993    -0.0106674      -1.18414    0.00401172     0.0106881      0.999935       1.22864
      0.99998    0.00527659   -0.00350288      0.501365   -0.00531001       0.99994   -0.00960116      -1.15026    0.00345201    0.00961957      0.999948       1.17666
     0.999979    0.00540426   -0.00350764       0.49744   -0.00543688      0.999941   -0.00935893      -1.16038    0.00345686    0.00937781       0.99995       1.12918
     0.999979    0.00530647   -0.00363098      0.503192   -0.00533854      0.999946   -0.00888252      -1.20242    0.00358365    0.00890172      0.999954       1.12999
     0.999977    0.00561627   -0.00376389      0.501491   -0.00565191      0.999939   -0.00952528      -1.14728    0.00371016    0.00954634      0.999948       1.03509
     0.999971    0.00663293     -0.003725      0.515127   -0.00667283      0.999919    -0.0108032      -1.17823    0.00365305     0.0108277      0.999935       1.49167
      0.99997    0.00654742     -0.004059       0.52881   -0.00658887      0.999925     -0.010285      -1.06342    0.00399136     0.0103114      0.999939       1.44696
     0.999974    0.00631502   -0.00359583      0.512195    -0.0063531      0.999923    -0.0106797      -1.19968    0.00352811     0.0107023      0.999937       1.39328
     0.999975    0.00625355     -0.003423      0.503028   -0.00628627      0.999934   -0.00963252      -1.10183    0.00336254    0.00965379      0.999948       1.44615
     0.999976    0.00605698   -0.00330102      0.503666   -0.00609331       0.99992    -0.0111069      -1.13836    0.00323348     0.0111267      0.999933       1.46859
     0.999977    0.00599674   -0.00307536      0.504826   -0.00602864      0.999927    -0.0104721      -1.18317    0.00301234     0.0104904       0.99994       1.51183
     0.999976    0.00605186    -0.0034072      0.497961   -0.00608837      0.999923     -0.010808      -1.09845    0.00334153     0.0108285      0.999936       1.54236
     0.999976    0.00603631   -0.00342203      0.495266   -0.00607192      0.999927    -0.0104917      -1.16551    0.00335845     0.0105122      0.999939       1.53028
     0.999977    0.00600679   -0.00322677      0.506344   -0.00604057      0.999926    -0.0105657      -1.15273    0.00316306     0.0105849      0.999939       1.53814
     0.999978     0.0058151   -0.00328887      0.479644   -0.00585046      0.999924    -0.0108465      -1.12596    0.00322555     0.0108655      0.999936       1.57842
     0.999978    0.00586926   -0.00321977      0.501633   -0.00590375      0.999924     -0.010812      -1.16424    0.00315606     0.0108308      0.999936       1.56899
     0.999976    0.00606067     -0.003205      0.498013   -0.00609381      0.999927     -0.010432      -1.14481    0.00314154     0.0104513       0.99994       1.61047
     0.999976    0.00612153   -0.00328371      0.512644   -0.00615336      0.999933   -0.00977348       -1.1305    0.00322366    0.00979345      0.999947       1.62311
     0.999978    0.00577291   -0.00330358      0.482811   -0.00580719      0.999928    -0.0104634      -1.14759    0.00324294     0.0104824       0.99994       1.62433
     0.999979    0.00575257   -0.00309749      0.513784    -0.0057841      0.999931    -0.0102697      -1.17952     0.0030382     0.0102874      0.999942       1.60269
     0.999978    0.00585166   -0.00305384      0.492173   -0.00588065      0.999937   -0.00957191       -1.1689    0.00299764    0.00958966       0.99995       1.61899
     0.999978    0.00581681     -0.003228        0.5091   -0.00584938      0.999931    -0.0101737      -1.10527     0.0031686     0.0101923      0.999943        1.6324
     0.999976    0.00602729   -0.00346685      0.506751   -0.00606086      0.999934   -0.00975532      -1.17048    0.00340783     0.0097761      0.999946        1.6918
     0.999977    0.00574594   -0.00351964      0.504488   -0.00577759      0.999942   -0.00904698      -1.17447    0.00346745    0.00906711      0.999953       1.81694
     0.999974     0.0062747   -0.00341167      0.514494   -0.00631005      0.999925    -0.0104516      -1.08503    0.00334584     0.0104728       0.99994       1.28946
     0.999974     0.0062192   -0.00369256      0.514568   -0.00625523      0.999932     -0.009829      -1.15018    0.00363118    0.00985184      0.999945       1.34651
     0.999974    0.00618442   -0.00381379      0.514993   -0.00622076      0.999935   -0.00959293       -1.1693    0.00375422     0.0096164      0.999947       1.36626
     0.999973    0.00632817   -0.00371156      0.518707    -0.0063611       0.99994   -0.00892752      -1.17703    0.00365484    0.00895089      0.999953       1.30606
     0.999976    0.00579809   -0.00386798      0.515679   -0.00584242      0.999916     -0.011548       -1.1195     0.0038007     0.0115703      0.999926       1.26232
     0.999976    0.00612578   -0.00313045      0.520487   -0.00616597      0.999897    -0.0129923       -1.1713    0.00305054     0.0130112      0.999911       1.02184
     0.999971    0.00683494   -0.00345195      0.518268    -0.0068745      0.999909    -0.0115809      -1.15069    0.00337249     0.0116043      0.999927       1.47104
     0.999967    0.00718832   -0.00384099      0.526957   -0.00723269      0.999906    -0.0116664      -1.12585    0.00375677     0.0116938      0.999925       1.42451
     0.999965    0.00741596   -0.00397918      0.511021   -0.00745981       0.99991     -0.011119      -1.14291    0.00389637     0.0111483       0.99993       1.42482
     0.999962    0.00776343   -0.00404634      0.533397   -0.00780596      0.999913    -0.0106021      -1.15869    0.00396368     0.0106333      0.999936       1.40297
     0.999962    0.00761106   -0.00418798      0.543624   -0.00765305       0.99992    -0.0101039      -1.09131    0.00411074     0.0101356       0.99994       1.43554
     0.999958    0.00842363   -0.00358448      0.562421   -0.00846149      0.999907    -0.0106813      -1.11752    0.00349417     0.0107112      0.999937       1.30096
     0.999959    0.00845049   -0.00332432      0.534567   -0.00848771        0.9999    -0.0113459      -1.09303    0.00322811     0.0113736       0.99993       1.35971
      0.99996    0.00819042   -0.00363227      0.507352   -0.00823153      0.999901    -0.0114515      -1.12353    0.00353812     0.0114809      0.999928       1.40917
      0.99996    0.00771069   -0.00444991      0.514544   -0.00776047      0.999906    -0.0112797      -1.15981    0.00436252     0.0113138      0.999926       1.43211
     0.999959    0.00763995   -0.00491086      0.543799   -0.00769467      0.999907    -0.0112211      -1.11925    0.00482468     0.0112584      0.999925       1.48853
     0.999959    0.00783697   -0.00463913      0.531243   -0.00789088        0.9999    -0.0117194      -1.09676    0.00454683     0.0117555      0.999921       1.47732
     0.999961    0.00772569   -0.00424153      0.551299   -0.00777338      0.999905    -0.0113441      -1.18586    0.00415349     0.0113767      0.999927       1.46158
     0.999964    0.00740692   -0.00420137      0.533668   -0.00745093      0.999917    -0.0105557      -1.12947    0.00412284     0.0105867      0.999935       1.44595
     0.999963    0.00744162   -0.00423386      0.549137   -0.00748945      0.999907    -0.0113954      -1.13228    0.00414866     0.0114266      0.999926       1.40246
     0.999964    0.00736429   -0.00422257      0.526886   -0.00741012      0.999913    -0.0109419      -1.20123    0.00414162     0.0109728      0.999931       1.37093
     0.999962    0.00749207   -0.00438586      0.532622   -0.00753879      0.999914    -0.0107365      -1.13162    0.00430505     0.0107692      0.999933       1.39044
     0.999964    0.00735422    -0.0043308       0.54546   -0.00740172      0.999911    -0.0110554      -1.13686    0.00424911     0.0110871       0.99993       1.38168
     0.999961     0.0076916   -0.00433323      0.536297   -0.00773818      0.999911    -0.0108383      -1.16838    0.00424948     0.0108714      0.999932        1.3791
      0.99996    0.00780981   -0.00433779      0.543399   -0.00785396      0.999917    -0.0102565      -1.15999    0.00425733     0.0102901      0.999938       1.37654
      0.99996    0.00769697   -0.00456323      0.533242   -0.00774589      0.999912    -0.0108007      -1.10608     0.0044797     0.0108357      0.999931       1.37923
     0.999962    0.00758886   -0.00427614      0.539399    -0.0076335      0.999916    -0.0105197      -1.14623    0.00419595     0.0105519      0.999936       1.37423
     0.999963    0.00743258   -0.00427718      0.541066   -0.00747656      0.999918    -0.0103608      -1.15304    0.00419982     0.0103924      0.999937       1.37117
     0.999963    0.00739242   -0.00432556      0.546599   -0.00743601      0.999921    -0.0101478      -1.10354     0.0042502     0.0101796      0.999939       1.38287
     0.999964     0.0071894   -0.00445359      0.532835   -0.00723526       0.99992    -0.0103692      -1.16844    0.00437869     0.0104011      0.999936       1.31068
     0.999965    0.00715592    -0.0043416      0.542864   -0.00719836      0.999926   -0.00983876      -1.16391    0.00427087    0.00986967      0.999942       1.28599
     0.999967    0.00688766   -0.00441214      0.525095   -0.00693174      0.999925    -0.0100539       -1.1416    0.00434256     0.0100842       0.99994       1.28605
     0.999966    0.00706657   -0.00428121      0.542626   -0.00711357      0.999914    -0.0110624      -1.16283    0.00420266     0.0110925       0.99993       1.23466
     0.999967    0.00693461   -0.00423172      0.524584   -0.00697867      0.999921    -0.0104893      -1.18596    0.00415865     0.0105185      0.999936       1.21764
     0.999966    0.00695238   -0.00435767      0.526164   -0.00699886      0.999918    -0.0107422      -1.10154    0.00428263     0.0107724      0.999933       1.25086
     0.999964    0.00725953    -0.0043769      0.533543    -0.0073061      0.999916    -0.0107189      -1.17953    0.00429872     0.0107505      0.999933       1.23641
     0.999963    0.00737425   -0.00439091      0.541545   -0.00741946      0.999919     -0.010371      -1.14781    0.00431408     0.0104032      0.999937       1.24003
     0.999961    0.00745735   -0.00467752      0.534148   -0.00750585      0.999917    -0.0104374      -1.09257     0.0045993     0.0104721      0.999935       1.25821
     0.999963    0.00738829   -0.00437395      0.537123   -0.00743348      0.999918    -0.0104067      -1.15404     0.0042967     0.0104389      0.999936       1.20654
     0.999965    0.00745128   -0.00393006      0.537225   -0.00749077      0.999921    -0.0101309      -1.16273    0.00385426       0.01016      0.999941       1.18426
     0.999964      0.007577   -0.00381346      0.558494   -0.00761314      0.999925   -0.00955446       -1.1113    0.00374078    0.00958315      0.999947       1.05015
     0.999974    0.00625271   -0.00365069      0.519645   -0.00629477      0.999913    -0.0116236      -1.15636    0.00357769     0.0116463      0.999926       1.48541
     0.999974    0.00620406   -0.00377185      0.507538   -0.00624614      0.999917     -0.011248      -1.10418    0.00370175     0.0112712       0.99993       1.51659
     0.999973    0.00608605   -0.00402972      0.495948    -0.0061335      0.999911     -0.011869      -1.15439    0.00395712     0.0118934      0.999921       1.51945
     0.999972     0.0060214   -0.00434716      0.517872    -0.0060712      0.999915    -0.0115345      -1.12811    0.00427733     0.0115605      0.999924       1.53659
     0.999972    0.00599071   -0.00449197      0.526764   -0.00604243      0.999915    -0.0115904      -1.10709    0.00442215     0.0116173      0.999923       1.53002
     0.999972    0.00611719   -0.00433646      0.508336   -0.00616216      0.999927    -0.0104339      -1.17188    0.00427231     0.0104604      0.999936       1.55264
     0.999968    0.00641595   -0.00469411      0.529534   -0.00647048      0.999911    -0.0116942      -1.11327    0.00461866     0.0117242      0.999921       1.50062
     0.999971    0.00602955   -0.00462645      0.531734   -0.00608267      0.999915    -0.0115559      -1.09077    0.00455638     0.0115837      0.999923       1.58002
     0.999977     0.0051437   -0.00438365      0.489255    -0.0051836      0.999945   -0.00913937      -1.23412     0.0043364    0.00916189      0.999949       1.92435
      0.99997    0.00681076   -0.00358611      0.463027   -0.00682232      0.999972   -0.00322084      -1.11814    0.00356407    0.00324521      0.999988       1.58677
     0.999969    0.00680524   -0.00389781      0.544817    -0.0068651      0.999855    -0.0155557     -0.988575    0.00379139     0.0155819      0.999871       1.32658
     0.999967    0.00706607   -0.00390527      0.484768   -0.00709913      0.999939   -0.00851682      -1.10609    0.00384485    0.00854426      0.999956       1.41668
     0.999965    0.00726883   -0.00411221      0.533959   -0.00730262      0.999939   -0.00826226      -1.18193     0.0040519      0.008292      0.999957       1.38697
     0.999967    0.00732917   -0.00363105      0.549946    -0.0073604      0.999935   -0.00866316      -1.14951    0.00356732    0.00868959      0.999956       1.29535
     0.999968    0.00720825   -0.00343926      0.518648   -0.00723967      0.999931    -0.0092148      -1.16008     0.0033726    0.00923941      0.999952       1.27694
     0.999968     0.0071122     -0.003628      0.513703   -0.00714717      0.999927   -0.00971855      -1.15646    0.00355862    0.00974417      0.999946       1.30863
     0.999967    0.00731587   -0.00354435      0.521369   -0.00735082      0.999923   -0.00994827      -1.13877     0.0034713      0.009974      0.999944       1.30907
     0.999963    0.00786456   -0.00339653       0.52585   -0.00789717      0.999922   -0.00969781      -1.17084    0.00331999    0.00972428      0.999947       1.30496
     0.999962    0.00801267   -0.00349828      0.507297   -0.00804295       0.99993   -0.00873063      -1.16093    0.00342808    0.00875844      0.999956        1.4042
     0.999968    0.00700012   -0.00380691      0.563749   -0.00703669      0.999928   -0.00968055      -1.12915    0.00373887    0.00970703      0.999946       1.41692
     0.999975     0.0058061   -0.00406968      0.545945    -0.0058534      0.999914    -0.0117083      -1.18884    0.00400135     0.0117319      0.999923       1.34467
     0.999977    0.00570476   -0.00360017      0.478921   -0.00573729      0.999942   -0.00909159      -1.28227     0.0035481    0.00911204      0.999952       1.36541
     0.999971    0.00636271   -0.00420886      0.516003   -0.00640871      0.999919    -0.0110086      -1.09304    0.00413848     0.0110353      0.999931       1.27337
     0.999969    0.00653251    -0.0043183      0.525654   -0.00657661      0.999926    -0.0102772      -1.17564    0.00425084     0.0103053      0.999938       1.34689
      0.99997    0.00641643   -0.00428689      0.508597   -0.00645832      0.999931   -0.00983081      -1.15113    0.00422352    0.00985821      0.999942       1.43097
      0.99997    0.00653174   -0.00422521      0.538579   -0.00657358      0.999929   -0.00996474      -1.13346    0.00415982    0.00999221      0.999941       1.42848
     0.999969    0.00662216   -0.00422189      0.528763   -0.00666296      0.999931   -0.00972359      -1.18607     0.0041572    0.00975142      0.999944       1.40743
     0.999968    0.00668706   -0.00435878      0.530461   -0.00672733      0.999934   -0.00928954       -1.1785    0.00429637    0.00931857      0.999947       1.39131
     0.999968    0.00663963   -0.00453834      0.551641     -0.006682      0.999934     -0.009384      -1.13961    0.00447573    0.00941402      0.999946        1.3562
     0.999967    0.00670958    -0.0045095      0.528621   -0.00675042      0.999936   -0.00910184       -1.1777    0.00444814    0.00913198      0.999948       1.33882
     0.999968     0.0066427    -0.0043663      0.514964   -0.00668096      0.999939   -0.00880631        -1.164    0.00430754     0.0088352      0.999952       1.36102
     0.999968    0.00669529   -0.00441289      0.531053   -0.00673318       0.99994    -0.0086272      -1.10964    0.00435487    0.00865664      0.999953       1.38639
     0.999968    0.00660794   -0.00458844      0.530762   -0.00664959      0.999936   -0.00912192      -1.19114    0.00452787    0.00915213      0.999948       1.37077
     0.999965    0.00683851   -0.00484398      0.534391   -0.00688162      0.999936   -0.00893967      -1.17546    0.00478253    0.00897269      0.999948       1.33391
     0.999964    0.00668357   -0.00517065      0.534751   -0.00673233      0.999932   -0.00947184      -1.13181    0.00510699    0.00950632      0.999942       1.24444
     0.999965    0.00658348   -0.00522867      0.545332   -0.00663645      0.999926    -0.0101782      -1.15726    0.00516127     0.0102125      0.999935       1.13523
     0.999964    0.00662467    -0.0052236      0.525159   -0.00667439      0.999932   -0.00955861      -1.20638    0.00515992    0.00959313      0.999941       1.15291
     0.999963    0.00665298   -0.00547418      0.544548   -0.00670647      0.999929   -0.00981289       -1.1128    0.00540851    0.00984924      0.999937        1.1455
     0.999963    0.00668777   -0.00549336      0.544697   -0.00674159      0.999929    -0.0098376      -1.19696    0.00542717    0.00987426      0.999937       1.11089
     0.999965    0.00647031    -0.0053973      0.527031   -0.00652463      0.999928    -0.0101085       -1.1722    0.00533151     0.0101434      0.999934       1.09848
     0.999966    0.00619981   -0.00551692      0.535768   -0.00625621      0.999928    -0.0102649      -1.14469    0.00545289     0.0102991      0.999932       1.09122
     0.999966     0.0062242   -0.00541162      0.539332   -0.00627877      0.999929    -0.0101253      -1.16663    0.00534821     0.0101589      0.999934       1.03978
     0.999972    0.00648932   -0.00363903      0.507754    -0.0065303      0.999914    -0.0113652      -1.15748    0.00356497     0.0113886      0.999929       1.47312
     0.999971    0.00650997   -0.00391847      0.527275   -0.00655179      0.999921    -0.0107581      -1.09287    0.00384812     0.0107835      0.999934       1.42141
     0.999973    0.00630718   -0.00381489      0.529725   -0.00634781      0.999922    -0.0107355      -1.15902    0.00374688     0.0107594      0.999935       1.35917
     0.999976    0.00606085   -0.00323887       0.52303   -0.00609315      0.999931    -0.0100577      -1.16802    0.00317769     0.0100772      0.999944       1.34538
     0.999977    0.00590845   -0.00344244      0.496904   -0.00594391      0.999928    -0.0103848      -1.08786    0.00338084      0.010405       0.99994       1.37169
     0.999976    0.00589944   -0.00364501       0.50895   -0.00594088      0.999917    -0.0114645      -1.19294    0.00357707     0.0114859      0.999928       1.36556
     0.999976    0.00585826   -0.00360538      0.512349   -0.00589676      0.999925    -0.0107608      -1.16079    0.00354206     0.0107818      0.999936       1.37155
     0.999976    0.00587895   -0.00355312      0.507415   -0.00591821       0.99992    -0.0111417      -1.11772    0.00348733     0.0111625      0.999932       1.39737
