# 3dvolreg matrices (DICOM-to-DICOM, row-by-row):
            1    0.00036984  -7.26351e-05    -0.0030679  -0.000369937      0.999999   -0.00134085    -0.0136817   7.21391e-05    0.00134088      0.999999     0.0104646
            1   0.000263329  -1.53125e-06  -0.000978741   -0.00026333             1  -0.000705993    -0.0452527   1.34535e-06   0.000705994             1     0.0207128
            1   9.50338e-11   2.06739e-10   7.07207e-09  -9.50338e-11             1  -4.66481e-11  -1.86066e-09  -2.06739e-10   4.66481e-11             1   6.85636e-09
            1  -7.75019e-05   0.000217215   -0.00440413   7.74888e-05             1   6.03889e-05    -0.0695012   -0.00021722   -6.0372e-05             1    -0.0756035
            1  -8.55392e-06    0.00015383    -0.0108242   8.63257e-06             1  -0.000511289    -0.0265602  -0.000153825    0.00051129             1    -0.0358436
            1   3.23238e-05   0.000182672    0.00265102  -3.22004e-05             1  -0.000675487    -0.0386834  -0.000182693   0.000675481             1    -0.0801571
            1   0.000204346   0.000273566    -0.0146581  -0.000204217             1  -0.000472204    -0.0523049  -0.000273663   0.000472148             1    -0.0773398
            1   0.000229372    0.00016905   -0.00991771  -0.000229354             1  -0.000110811    -0.0317194  -0.000169076   0.000110772             1    -0.0457094
            1   0.000125417   0.000130011   -0.00824681  -0.000125374             1  -0.000337136   -0.00487495  -0.000130053    0.00033712             1    -0.0510629
            1   0.000403006   0.000197302   -0.00980869  -0.000402939             1   -0.00034051    -0.0576881  -0.000197439   0.000340431             1    -0.0830795
            1   0.000347145  -5.76867e-06   -0.00373592  -0.000347142             1   0.000572224    -0.0334151   5.96731e-06  -0.000572222             1     -0.048845
            1   0.000319709    0.00011671    0.00182081  -0.000319721             1   0.000101377    0.00603832  -0.000116678  -0.000101414             1    -0.0179736
            1   0.000119906   0.000320768  -0.000623766  -0.000120128             1    0.00069188    -0.0143153  -0.000320685  -0.000691918             1     0.0289924
            1   0.000264599   0.000626324   -0.00800295  -0.000266753      0.999994    0.00344233     -0.044574  -0.000625409    -0.0034425      0.999994      0.115562
     0.999999    0.00120206  -0.000169623   -0.00488914    -0.0012025      0.999996   -0.00263316     0.0589528   0.000166457    0.00263336      0.999997     0.0181744
     0.999999    0.00107519   3.31558e-05     0.0286398   -0.00107511      0.999996   -0.00242337    0.00774784  -3.57613e-05    0.00242333      0.999997     -0.038643
     0.999999    0.00113325   7.48929e-08  -0.000694998   -0.00113325      0.999996   -0.00241307    -0.0156088   -2.8095e-06    0.00241307      0.999997    -0.0320599
            1   0.000820152  -0.000139839    0.00570627  -0.000820683      0.999992   -0.00383764    0.00650331   0.000136691    0.00383776      0.999993   -0.00814372
            1   0.000981728    -0.0001474     0.0115547  -0.000982099      0.999996   -0.00253622     0.0219032    0.00014491    0.00253636      0.999997     0.0121702
            1    0.00092196  -0.000223584     0.0100574  -0.000922638      0.999995   -0.00305024   -0.00723852   0.000220771    0.00305044      0.999995     -0.023235
     0.999999    0.00105326  -0.000269813    0.00813164   -0.00105397      0.999996   -0.00264267    -0.0372561   0.000267029    0.00264295      0.999996    -0.0479866
     0.999999    0.00114474  -0.000303922     0.0148787   -0.00114554      0.999996   -0.00262523   -0.00995086   0.000300915    0.00262557      0.999997     -0.037572
     0.999999    0.00120973  -0.000396076     0.0189095     -0.001211      0.999994   -0.00321053     0.0449024    0.00039219    0.00321101      0.999995    -0.0709248
     0.999999    0.00122582  -0.000356405    0.00662329   -0.00122673      0.999996   -0.00256868     -0.053783   0.000353255    0.00256911      0.999997     -0.114065
     0.999999    0.00127621  -0.000659159    0.00925378   -0.00127757      0.999997   -0.00206732     0.0542211   0.000656519    0.00206816      0.999998    -0.0917195
     0.999999    0.00142028  -0.000608839     0.0215348   -0.00142225      0.999994   -0.00325614     0.0249117   0.000604211    0.00325701      0.999995      -0.11505
     0.999999      0.001271  -0.000549067    0.00813144   -0.00127263      0.999995   -0.00298011   0.000219178   0.000545276    0.00298081      0.999995     -0.115695
     0.999999    0.00112945  -0.000502174    0.00314809   -0.00113095      0.999995   -0.00299237    0.00416375   0.000498792    0.00299293      0.999995    -0.0858069
     0.999999    0.00105383  -0.000415056     0.0171486    -0.0010552      0.999994   -0.00329717     0.0429524   0.000411579    0.00329761      0.999994    -0.0616784
     0.999999    0.00117118  -0.000323025    0.00444373   -0.00117217      0.999995   -0.00309202     -0.020944   0.000319402     0.0030924      0.999995    -0.0714303
     0.999999    0.00121872   -0.00026133      0.013074   -0.00121942      0.999996   -0.00267276    -0.0111573   0.000258071    0.00267308      0.999996    -0.0600749
     0.999999    0.00138112  -0.000244874     0.0135273   -0.00138179      0.999995   -0.00272099     0.0214896   0.000241115    0.00272132      0.999996    -0.0638744
     0.999999    0.00133869  -6.68515e-05     0.0147565   -0.00133886      0.999995   -0.00271579    -0.0287687   6.32156e-05    0.00271587      0.999996    -0.0991608
     0.999999      0.001505  -1.17431e-05    0.00387704   -0.00150503      0.999996   -0.00253477     -0.029959    7.9282e-06    0.00253478      0.999997     -0.108487
     0.999999    0.00134834  -0.000185094      0.011153   -0.00134895      0.999993   -0.00335716     0.0217652   0.000180566     0.0033574      0.999994    -0.0884181
     0.999999    0.00130225  -0.000217763     0.0192223   -0.00130285      0.999995   -0.00280033    -0.0241515   0.000214115    0.00280061      0.999996     -0.133872
     0.999999    0.00139455  -0.000315343     0.0114122   -0.00139532      0.999996   -0.00243609    -0.0391091   0.000311945    0.00243653      0.999997     -0.137327
     0.999999    0.00140956  -0.000374006     0.0142258   -0.00141052      0.999996   -0.00259738      0.060205   0.000370343     0.0025979      0.999997     -0.129138
     0.999999    0.00132704  -9.87678e-05     0.0145601   -0.00132725      0.999997   -0.00218016    -0.0273558   9.58743e-05    0.00218029      0.999998     -0.149908
     0.999999    0.00125767  -0.000137031    0.00468044   -0.00125803      0.999996   -0.00266481   -0.00984239   0.000133679    0.00266498      0.999996     -0.136523
     0.999999    0.00112967  -0.000210768     0.0103597   -0.00113026      0.999995   -0.00283624     0.0330097   0.000207563    0.00283648      0.999996     -0.140354
     0.999999    0.00122053  -0.000120841    0.00657689   -0.00122087      0.999995   -0.00281772    -0.0127739   0.000117401    0.00281786      0.999996     -0.134883
     0.999999    0.00130437  -5.14118e-05    0.00362484   -0.00130449      0.999996   -0.00246913    -0.0241064   4.81909e-05     0.0024692      0.999997     -0.118541
     0.999999    0.00134834  -0.000109993     0.0152444   -0.00134862      0.999996   -0.00255523     0.0324343   0.000106547    0.00255538      0.999997     -0.106057
     0.999999     0.0012029   1.27883e-05     0.0104463   -0.00120287      0.999996   -0.00238382     -0.029005  -1.56558e-05     0.0023838      0.999997     -0.127875
     0.999999    0.00115936  -3.35965e-05     0.0116341   -0.00115943      0.999997   -0.00226047    -0.0139284   3.09757e-05    0.00226051      0.999997     -0.118015
     0.999999     0.0013402  -0.000271349     0.0117328   -0.00134092      0.999996   -0.00265005     0.0496005   0.000267797    0.00265041      0.999996     -0.104101
     0.999999    0.00141756   -0.00014852      0.014751   -0.00141795      0.999995    -0.0026926     -0.039912   0.000144703     0.0026928      0.999996     -0.126654
     0.999999    0.00135364  -0.000243131     0.0169143   -0.00135417      0.999997   -0.00217459    -0.0211258   0.000240186    0.00217492      0.999998     -0.116599
     0.999999    0.00124931  -0.000290652     0.0121318   -0.00124998      0.999997   -0.00229824     0.0313129   0.000287779     0.0022986      0.999997     -0.117346
     0.999999    0.00119437  -0.000245504     0.0179841   -0.00119489      0.999997   -0.00212521    -0.0305839   0.000242965     0.0021255      0.999998     -0.144496
     0.999999    0.00113083  -0.000225766    0.00442614   -0.00113126      0.999998   -0.00190935    -0.0218773   0.000223607     0.0019096      0.999998     -0.138991
     0.999999    0.00115102  -0.000356048    0.00734479   -0.00115177      0.999997   -0.00212227     0.0173103   0.000353604    0.00212268      0.999998     -0.128504
     0.999999    0.00123168  -0.000322648    0.00307101   -0.00123244      0.999996   -0.00237101    -0.0257366   0.000319727    0.00237141      0.999997     -0.133596
     0.999999    0.00124629   -0.00024898     0.0176235   -0.00124672      0.999998    -0.0017459    -0.0291748   0.000246804     0.0017462      0.999998     -0.120371
     0.999999    0.00143426  -0.000194953    0.00350242   -0.00143451      0.999998   -0.00127567     0.0111039   0.000193123    0.00127595      0.999999    -0.0844669
     0.999999     0.0014251  -0.000258106     0.0173097   -0.00142547      0.999998   -0.00144751    -0.0472414   0.000256042    0.00144788      0.999999      -0.11028
     0.999999   0.000932529  -0.000500153     0.0181012  -0.000932169      0.999999   0.000719077     0.0255601   0.000500823   -0.00071861             1     -0.079853
     0.999999    0.00127889  -0.000246713    0.00992193   -0.00127914      0.999999   -0.00100752     0.0221321   0.000245425    0.00100783      0.999999    -0.0770578
     0.999999     0.0015031  -0.000291787     0.0162933   -0.00150346      0.999998   -0.00123352    -0.0079912   0.000289932    0.00123396      0.999999     -0.118516
     0.999999    0.00139337  -0.000337946     0.0162948   -0.00139376      0.999998    -0.0011537    -0.0493633   0.000336338    0.00115417      0.999999     -0.132896
     0.999999    0.00138022  -0.000482557     0.0107052   -0.00138062      0.999999  -0.000820807      0.011993   0.000481423   0.000821473             1     -0.122148
     0.999999    0.00143424  -0.000385119     0.0117859    -0.0014347      0.999998   -0.00119148    -0.0247335   0.000383409    0.00119203      0.999999     -0.155988
     0.999999    0.00133408  -0.000328831     0.0160329   -0.00133443      0.999999    -0.0010507    -0.0622798   0.000327429    0.00105114      0.999999     -0.158681
     0.999999    0.00127947  -0.000592552    0.00630716   -0.00127991      0.999999  -0.000743302     0.0136025     0.0005916    0.00074406             1     -0.127865
     0.999999     0.0014619  -0.000491517     0.0228249    -0.0014623      0.999999  -0.000811624    -0.0449286    0.00049033   0.000812342             1     -0.166942
     0.999999    0.00129865  -0.000526864     0.0103168   -0.00129919      0.999999   -0.00103211    -0.0418053   0.000525523    0.00103279      0.999999     -0.168361
     0.999999    0.00138381  -0.000678695     0.0153159   -0.00138392      0.999999  -0.000171067      0.016136   0.000678457   0.000172006             1     -0.153168
     0.999999    0.00103816  -0.000568181    0.00668758   -0.00103744      0.999999    0.00126579   -0.00453635   0.000569494    -0.0012652      0.999999     -0.192483
     0.999999    0.00138476  -0.000544557     0.0112643   -0.00138516      0.999999  -0.000727848    -0.0200804   0.000543548   0.000728601             1     -0.183683
     0.999999    0.00153147  -0.000599946     0.0157206   -0.00153176      0.999999  -0.000490285     0.0261784   0.000599195   0.000491203             1     -0.157045
     0.999999     0.0013885  -0.000625832     0.0141911   -0.00138899      0.999999   -0.00079339     -0.036726    0.00062473   0.000794258      0.999999     -0.176346
     0.999998    0.00160114  -0.000685138     0.0216734   -0.00160145      0.999999  -0.000448724    -0.0186289   0.000684419   0.000449821             1     -0.196367
     0.999999      0.001513  -0.000558223     0.0224569   -0.00151295      0.999999    7.6629e-05   -0.00516709   0.000558338  -7.57844e-05             1     -0.164297
     0.999999    0.00150896  -0.000495352    0.00846887   -0.00150956      0.999998   -0.00121641    -0.0186395   0.000493516    0.00121716      0.999999     -0.187332
     0.999999    0.00148972  -0.000471278     0.0171528   -0.00149031      0.999998   -0.00126986    -0.0266901   0.000469385    0.00127056      0.999999     -0.188294
     0.999999    0.00137071  -0.000141733     0.0170958   -0.00137074      0.999999   -0.00022885    -0.0255841    0.00014142   0.000229044             1     -0.176456
     0.999999    0.00132808   -0.00038169     0.0117184   -0.00132861      0.999998   -0.00139141     0.0226732   0.000379842    0.00139192      0.999999     -0.165595
     0.999999    0.00124309  -0.000218709     0.0192108   -0.00124326      0.999999  -0.000759324     -0.114705   0.000217765   0.000759595             1      -0.12435
     0.999999    0.00100088  -6.11033e-05    -0.0184369   -0.00100095      0.999999   -0.00116163      0.061381   5.99406e-05    0.00116169      0.999999     -0.194091
            1   0.000911802   1.78455e-05     0.0185274  -0.000911787      0.999999  -0.000802437    -0.0788765  -1.85771e-05    0.00080242             1     -0.206742
     0.999999      0.001037  -0.000184219    0.00546837   -0.00103711      0.999999  -0.000550996    0.00286778   0.000183648   0.000551186             1     -0.193248
            1   0.000939579  -5.58678e-05    0.00806073  -0.000939634      0.999999  -0.000993951    -0.0350372   5.49338e-05   0.000994003             1     -0.262088
            1    0.00071265  -4.66529e-05     0.0103035   -0.00071265             1  -2.30218e-06    -0.0563306   4.66513e-05   2.33543e-06             1     -0.243965
     0.999999    0.00101478   5.25771e-05     0.0071144   -0.00101473      0.999999   -0.00093599     0.0295069  -5.35268e-05   0.000935936             1     -0.238812
     0.999999    0.00108352   0.000143231   -0.00917427   -0.00108341      0.999999  -0.000777882    -0.0433203  -0.000144074   0.000777727             1     -0.239849
            1   0.000898949    0.00011073    0.00699619  -0.000898907             1   -0.00038334    -0.0226085  -0.000111074    0.00038324             1      -0.23034
            1   0.000887759   1.87409e-05    0.00940817  -0.000887754             1  -0.000262145     0.0203442  -1.89736e-05   0.000262128             1      -0.23167
     0.999999    0.00111406   0.000190616  -0.000300377   -0.00111423      0.999999   0.000903707    -0.0409625  -0.000189609  -0.000903919             1     -0.241436
            1   0.000958491   0.000167735     0.0107725  -0.000958368      0.999999  -0.000729667    -0.0376875  -0.000168435   0.000729506             1     -0.233623
            1   0.000920566  -1.16393e-05   -0.00213433  -0.000920582      0.999999   -0.00138505   -0.00610013   1.03642e-05    0.00138506      0.999999     -0.323424
            1   0.000190267  -0.000122026   -0.00650528  -0.000190455      0.999999   -0.00154185    -0.0420863   0.000121732    0.00154187      0.999999     0.0943341
            1    0.00014174  -0.000209083   -0.00814316  -0.000141727             1   6.12091e-05    -0.0371678   0.000209092  -6.11795e-05             1      0.219403
            1   0.000174708  -0.000155027   0.000843022  -0.000174658             1   0.000324628    0.00551028   0.000155084  -0.000324601             1      0.300934
            1     0.0002476  -0.000190691  -0.000443596  -0.000247455             1   0.000757837   -0.00996044   0.000190879   -0.00075779             1      0.235898
            1   0.000178879  -0.000146374     0.0103896  -0.000178744             1   0.000919103    -0.0519228   0.000146539  -0.000919077             1      0.227315
            1   0.000236086  -0.000239302   -0.00449996  -0.000235816      0.999999    0.00112771     0.0135405   0.000239568   -0.00112765      0.999999        0.2461
            1   0.000165526  -0.000147671   -0.00186144  -0.000165371      0.999999    0.00105058    -0.0123001   0.000147845   -0.00105056      0.999999       0.22706
            1   4.10058e-06  -2.61927e-05    0.00428862  -4.06733e-06      0.999999    0.00126924    -0.0464163   2.61979e-05   -0.00126924      0.999999      0.240877
            1  -4.21088e-05  -2.02995e-05   -0.00556378   4.21309e-05      0.999999     0.0010898   -0.00114349   2.02536e-05    -0.0010898      0.999999      0.279796
            1  -0.000256345   6.67425e-05    0.00400037   0.000256263      0.999999    0.00123471    -0.0524579   -6.7059e-05   -0.00123469      0.999999       0.26544
            1  -0.000554808   6.27845e-05   -0.00520654   0.000554633      0.999996     0.0027562    -0.0163627  -6.43134e-05   -0.00275617      0.999996      0.277175
            1    -0.0001404  -0.000481887    -0.0125338   0.000141015      0.999999    0.00127651    -0.0610024   0.000481707   -0.00127658      0.999999      0.211457
     0.999999   -0.00148981  -0.000759849   -0.00751435    0.00148695      0.999992   -0.00374882     0.0470808   0.000765428    0.00374769      0.999993     0.0802594
            1  -0.000753227    0.00022182     0.0268913   0.000753943      0.999994   -0.00324329     0.0359363  -0.000219376    0.00324345      0.999995      0.067007
     0.999999    0.00121723  -0.000451666    -0.0133748   -0.00121867      0.999994   -0.00321496     -0.056353    0.00044775    0.00321551      0.999995     0.0429735
     0.999994    0.00281947   -0.00182905    -0.0107557   -0.00282662      0.999988   -0.00391643    -0.0263046    0.00181799    0.00392158      0.999991      0.123723
     0.999996    0.00247916   -0.00110794      0.096415   -0.00248093      0.999996   -0.00160301     0.0644994    0.00110396    0.00160575      0.999998      0.251059
     0.999998    0.00204732  -0.000865919     0.0177811   -0.00204822      0.999997   -0.00103036     0.0292605   0.000863807    0.00103213      0.999999      0.291613
     0.999997    0.00195145   -0.00119092     0.0470744   -0.00195146      0.999998   -8.0017e-06    -0.0328418     0.0011909   1.03257e-05      0.999999      0.309583
     0.999998    0.00177979   -0.00104463     0.0340592   -0.00178008      0.999998  -0.000274659     0.0311138    0.00104414   0.000276518      0.999999      0.266815
     0.999999    0.00131884   -0.00101142     0.0221871   -0.00131894      0.999999  -9.87453e-05    -0.0519208    0.00101129   0.000100079      0.999999      0.252782
     0.999999    0.00134231   -0.00092136     0.0254954    -0.0013413      0.999998    0.00109707    -0.0243825   0.000922831   -0.00109583      0.999999      0.283969
     0.999998    0.00147901    -0.0010773     0.0210633   -0.00147831      0.999999   0.000650544   -0.00515576    0.00107826  -0.000648951      0.999999       0.28781
     0.999999    0.00145177  -0.000660094     0.0218832    -0.0014512      0.999999   0.000876972    -0.0437866   0.000661367  -0.000876013      0.999999      0.268134
     0.999999    0.00118311  -0.000847515     0.0137717   -0.00118217      0.999999    0.00110978    -0.0705442   0.000848827   -0.00110877      0.999999      0.272758
     0.999999    0.00113823   -0.00106575     0.0228202   -0.00113666      0.999998    0.00147343     -0.011368    0.00106742   -0.00147222      0.999998      0.239432
     0.999998    0.00127665   -0.00124772     0.0211536   -0.00127376      0.999997    0.00231448     -0.083652    0.00125067   -0.00231289      0.999997      0.191582
     0.999998    0.00126513   -0.00120375     0.0271117    -0.0012618      0.999995    0.00277071   -0.00455338    0.00120725   -0.00276919      0.999995      0.189477
     0.999999    0.00126399   -0.00108417     0.0220549   -0.00126273      0.999999    0.00115818    -0.0695076    0.00108563    -0.0011568      0.999999     0.0997434
     0.999999    0.00120905   -0.00115466        0.0291   -0.00120683      0.999997    0.00192437    -0.0443426    0.00115698   -0.00192297      0.999997        0.1576
            1   4.83295e-05   0.000328034   -0.00131305  -4.74752e-05      0.999997    -0.0026038      0.021435  -0.000328159    0.00260378      0.999997   -0.00993399
            1   0.000264259   0.000237123    -0.0190074  -0.000263748      0.999998   -0.00215486    -0.0298934  -0.000237692     0.0021548      0.999998     0.0251517
            1   0.000134666   0.000155113     0.0060961  -0.000134441      0.999999   -0.00145236    -0.0175143  -0.000155308    0.00145234      0.999999     0.0432392
            1   0.000240672   0.000107035     -0.014308   -0.00024047      0.999998   -0.00187711      0.003207  -0.000107486    0.00187708      0.999998     0.0168981
            1    0.00039006  -5.99872e-05    -0.0131872  -0.000390152      0.999999   -0.00154357    -0.0613815    5.9385e-05    0.00154359      0.999999    0.00484271
            1   0.000409768  -0.000324766     0.0116131  -0.000410147      0.999999   -0.00116737     0.0286538   0.000324288     0.0011675      0.999999     0.0339392
            1   0.000579334   7.87401e-06   -0.00194957  -0.000579327      0.999999  -0.000829647    0.00781477  -8.35465e-06   0.000829643             1     0.0223214
            1   0.000438408  -2.49697e-05   -0.00338583  -0.000438435      0.999999   -0.00108502     -0.036921    2.4494e-05    0.00108503      0.999999     0.0438613
            1   0.000626642   0.000186271    -0.0035284  -0.000626454      0.999999   -0.00100569     0.0326716  -0.000186901    0.00100557      0.999999     0.0863841
            1   0.000460494   0.000255133   -0.00795767  -0.000460226      0.999999   -0.00104802    -0.0208701  -0.000255616     0.0010479      0.999999     0.0793326
            1   0.000457695   0.000550936    0.00585393  -0.000457126      0.999999    -0.0010337    -0.0554429  -0.000551409    0.00103345      0.999999     0.0854311
            1   0.000325477   0.000249849   -0.00740141  -0.000325101      0.999999   -0.00150224    0.00898794  -0.000250338    0.00150216      0.999999     0.0990737
            1   0.000312637   0.000330315   -0.00229322  -0.000312259      0.999999    -0.0011459    -0.0280511  -0.000330673     0.0011458      0.999999     0.0811256
            1   0.000182817   0.000512844  -0.000232827  -0.000182282      0.999999   -0.00104229    -0.0235003  -0.000513034     0.0010422      0.999999     0.0847156
            1   0.000161407   0.000533778    -0.0236168  -0.000160844      0.999999   -0.00105337    0.00426662  -0.000533948    0.00105329      0.999999     0.0471795
            1   0.000599689   0.000544748    -0.0209239  -0.000599054      0.999999   -0.00116616    -0.0397478  -0.000545446    0.00116583      0.999999     0.0636392
            1   0.000615969    0.00033383    -0.0120154  -0.000615832             1   -0.00041098    -0.0300453  -0.000334083   0.000410775             1     0.0794834
            1   0.000584138   0.000474916    -0.0115144   -0.00058366      0.999999   -0.00100624    0.00753311  -0.000475504    0.00100596      0.999999     0.0792307
     0.999999   0.000695021   0.000755353    0.00633084  -0.000694441      0.999999  -0.000768219    -0.0589842  -0.000755886   0.000767694      0.999999     0.0462729
            1   0.000364816   0.000476558    -0.0202981  -0.000364503             1  -0.000656449    -0.0328728  -0.000476798   0.000656275             1     0.0493032
            1   0.000640896   0.000505386   -0.00763872   -0.00064035      0.999999   -0.00108066    0.00489395  -0.000506078    0.00108034      0.999999     0.0416934
            1    0.00050212   0.000505165   -0.00418736  -0.000501734             1  -0.000763187    -0.0567689  -0.000505548   0.000762933             1     0.0186362
            1   0.000443709   0.000200245    -0.0101989  -0.000443815             1   0.000528422    0.00850117   -0.00020001  -0.000528511             1     0.0361951
            1   0.000462292   0.000447028   -0.00872981  -0.000462428             1   0.000304508    -0.0158898  -0.000446887  -0.000304715             1    -0.0138699
            1   0.000402772   0.000678252    -0.0222541  -0.000401967      0.999999   -0.00118621    -0.0486595  -0.000678729    0.00118593      0.999999   -0.00223577
            1   6.26051e-05   0.000520949   -0.00534789  -6.24992e-05             1  -0.000203267     0.0474778  -0.000520961   0.000203234             1     0.0642778
            1   0.000277891   0.000776265    -0.0283353  -0.000277378             1  -0.000660789    -0.0363021  -0.000776448   0.000660574      0.999999       0.10749
     0.999997    0.00232366   0.000828654     -0.115995   -0.00232681       0.99999     0.0038268    -0.0611578  -0.000819754   -0.00382872      0.999992      0.555432
     0.999999  -0.000891858    0.00089948       0.11371   0.000894284      0.999996   -0.00270053      0.186716  -0.000897068    0.00270133      0.999996     -0.210633
     0.999999    -0.0012715   0.000678373    -0.0285227    0.00127357      0.999994   -0.00306473    -0.0329774  -0.000674473    0.00306559      0.999995     -0.189373
     0.999999   -0.00127013   0.000243096    -0.0413198    0.00127093      0.999994   -0.00330815    -0.0030665  -0.000238893    0.00330846      0.999994     -0.158391
            1  -0.000827315   0.000166636    -0.0419782   0.000827873      0.999994   -0.00337318   -0.00682959  -0.000163844    0.00337332      0.999994     -0.155208
            1  -0.000671556   7.88472e-05    -0.0229159   0.000671782      0.999996   -0.00290124    -0.0279388  -7.68985e-05    0.00290129      0.999996     -0.151181
            1   -0.00051552   0.000232169    -0.0145909   0.000516338      0.999994   -0.00353898     0.0337209  -0.000230343     0.0035391      0.999994     -0.168149
            1  -0.000378493   0.000108044     -0.011551   0.000378909      0.999992   -0.00387944   -0.00012675  -0.000106575    0.00387948      0.999992     -0.222511
            1  -0.000250653  -3.65149e-05    -0.0142621   0.000250533      0.999995   -0.00325094    -0.0071647   3.73296e-05    0.00325094      0.999995     -0.190437
            1  -0.000193004  -0.000310067    -0.0191326   0.000191958      0.999994   -0.00337068     0.0271098   0.000310715    0.00337062      0.999994     -0.187986
            1  -8.89316e-05  -0.000310933    0.00633585   8.78174e-05      0.999994    -0.0035816    -0.0143548    0.00031125    0.00358158      0.999994      -0.20098
            1  -0.000537172  -0.000465051   -0.00453096   0.000535638      0.999994   -0.00329118    -0.0294454   0.000466816    0.00329093      0.999994     -0.191868
            1  -0.000785131  -0.000555786    -0.0181314   0.000782833      0.999991   -0.00412428     0.0422922   0.000559019    0.00412384      0.999991     -0.208785
            1  -0.000392326  -0.000175323    0.00434597   0.000391487      0.999989   -0.00475611    -0.0215364   0.000177186    0.00475604      0.999989     -0.234111
            1  -0.000491245  -0.000269324    -0.0113053   0.000489958      0.999989   -0.00475733     -0.023686   0.000271658    0.00475719      0.999989      -0.24547
            1   -0.00064963   0.000100971    0.00569775   0.000650119      0.999988   -0.00492712      0.048555  -9.77692e-05    0.00492718      0.999988     -0.299726
     0.999999   0.000983363  -0.000192098    0.00239573   -0.00098353      0.999999  -0.000871084     -0.104894   0.000191241   0.000871272             1      0.127007
     0.999999   0.000976147  -0.000615916     0.0162846  -0.000976729      0.999999  -0.000945059     0.0569245   0.000614993    0.00094566      0.999999     0.0837018
     0.999999    0.00101592  -0.000716631    0.00782558   -0.00101654      0.999999  -0.000871724    -0.0512394   0.000715744   0.000872452      0.999999     0.0503983
     0.999999     0.0011848  -0.000578604     0.0161866   -0.00118513      0.999999  -0.000562631    -0.0484365   0.000577936   0.000563317             1     0.0443061
     0.999999   0.000982539  -0.000765575    0.00484206  -0.000982528             1    1.5627e-05     0.0173648    0.00076559  -1.48748e-05             1     0.0700636
     0.999999    0.00113934   -0.00080275     0.0219689   -0.00114049      0.999998   -0.00143338    -0.0136206   0.000801115     0.0014343      0.999999     0.0538898
     0.999999   0.000866957  -0.000701409     0.0172861  -0.000867863      0.999999    -0.0012923    -0.0283386   0.000700288    0.00129291      0.999999     0.0372717
     0.999999    0.00116365  -0.000691711   -0.00159655   -0.00116427      0.999999  -0.000894245    -0.0222876    0.00069067    0.00089505      0.999999     0.0764196
     0.999999    0.00130399  -0.000760487     0.0188747   -0.00130467      0.999999  -0.000896962    -0.0419644   0.000759316   0.000897953      0.999999     0.0594834
     0.999999    0.00152548  -0.000760934     0.0132314   -0.00152573      0.999999  -0.000333276    -0.0388675   0.000760424   0.000334437             1     0.0728274
     0.999999    0.00140406  -0.000784441     0.0377474    -0.0014042      0.999999  -0.000178808     0.0368471    0.00078419    0.00017991             1     0.0776324
     0.999999    0.00122449  -0.000724956     0.0256328   -0.00122479      0.999999  -0.000405491    -0.0703905   0.000724459   0.000406378             1     0.0284757
     0.999999    0.00125411  -0.000478693     0.0110481   -0.00125424      0.999999  -0.000287684    -0.0596971   0.000478332   0.000288284             1     0.0388615
     0.999999   0.000837745  -0.000568009     0.0143612  -0.000838237      0.999999  -0.000866566    -0.0328072   0.000567283   0.000867042      0.999999    -0.0406586
            1    0.00091257  -0.000218864   -0.00150499  -0.000912643             1  -0.000330683    -0.0931433   0.000218562   0.000330882             1    -0.0570214
