# 3dvolreg matrices (DICOM-to-DICOM, row-by-row):
     0.999984   -0.00225915   -0.00516726     -0.465945    0.00225514      0.999997   -0.00078235      -1.11075    0.00516901   0.000770685      0.999986     -0.677729
     0.999986   -0.00210265   -0.00494731     -0.465416    0.00210106      0.999998  -0.000327156       -1.1651    0.00494799   0.000316756      0.999988     -0.670614
     0.999985   -0.00220297   -0.00494544     -0.466216    0.00220015      0.999997  -0.000574411      -1.16435    0.00494669   0.000563522      0.999988     -0.667295
     0.999984    -0.0021148   -0.00527522     -0.464874    0.00210999      0.999997  -0.000917017      -1.10191    0.00527714   0.000905872      0.999986     -0.715876
     0.999985   -0.00189067   -0.00508351     -0.472198     0.0018867      0.999998  -0.000784468      -1.14436    0.00508498   0.000774865      0.999987     -0.688147
     0.999987   -0.00177532   -0.00487239     -0.476777     0.0017683      0.999997   -0.00144538      -1.11093    0.00487495    0.00143674      0.999987     -0.694519
     0.999986   -0.00176832   -0.00502621      -0.47922    0.00175961      0.999997   -0.00173688      -1.09057    0.00502927    0.00172801      0.999986     -0.736108
     0.999986   -0.00170517   -0.00493657     -0.478233    0.00169751      0.999997   -0.00155418      -1.13152    0.00493921    0.00154578      0.999987     -0.695869
     0.999986   -0.00171277   -0.00491716     -0.480853     0.0017032      0.999997   -0.00195168      -1.08001    0.00492049    0.00194328      0.999986     -0.703902
     0.999986    -0.0017514   -0.00490706      -0.47942    0.00174205      0.999997   -0.00191031      -1.09782    0.00491039    0.00190174      0.999986     -0.749595
     0.999986    -0.0017613   -0.00507599     -0.479149    0.00175116      0.999996   -0.00200307      -1.11857     0.0050795    0.00199416      0.999985     -0.738862
     0.999987    -0.0016676   -0.00480591     -0.482067    0.00165697      0.999996    -0.0022144      -1.11575    0.00480959     0.0022064      0.999986     -0.715556
     0.999987   -0.00157892   -0.00493518     -0.477553    0.00156612      0.999995   -0.00259651      -1.07533    0.00493926    0.00258874      0.999984     -0.741931
     0.999986    -0.0015116   -0.00505481      -0.47136    0.00149977      0.999996   -0.00234234      -1.10403    0.00505833    0.00233473      0.999984     -0.764881
     0.999986    -0.0014682   -0.00508071     -0.472036    0.00145369      0.999995   -0.00285844      -1.11304    0.00508488    0.00285101      0.999983     -0.739856
     0.999985    -0.0015952    -0.0051898      -0.46926    0.00158155      0.999995   -0.00263388      -1.07591    0.00519397    0.00262563      0.999983     -0.767025
     0.999986   -0.00153094    -0.0051092      -0.47552    0.00151999      0.999997   -0.00214631      -1.16002    0.00511247    0.00213851      0.999985     -0.728704
     0.999985   -0.00148761   -0.00526013     -0.473478    0.00147413      0.999996   -0.00256577      -1.03885    0.00526392    0.00255798      0.999983     -0.760752
     0.999986   -0.00142598   -0.00507554     -0.474775    0.00141393      0.999996   -0.00237617      -1.11849    0.00507891    0.00236896      0.999984     -0.736347
     0.999987   -0.00144317   -0.00487382     -0.477676    0.00143088      0.999996   -0.00252495      -1.10785    0.00487744    0.00251794      0.999985     -0.714046
     0.999986    -0.0015439   -0.00507455      -0.47328    0.00152977      0.999995   -0.00278724      -1.06089    0.00507883    0.00277944      0.999983     -0.742657
     0.999986   -0.00159103   -0.00501879     -0.470049    0.00157666      0.999995   -0.00286618      -1.09131    0.00502333    0.00285823      0.999983     -0.762605
     0.999986    -0.0014103    -0.0050053     -0.480372    0.00139477      0.999994   -0.00310358      -1.08068    0.00500965    0.00309656      0.999983     -0.748813
     0.999985   -0.00156811   -0.00517898     -0.478324    0.00155302      0.999995   -0.00291684      -1.06661    0.00518352    0.00290876      0.999982     -0.789498
     0.999987   -0.00140293   -0.00495517     -0.483467    0.00138958      0.999995   -0.00269761      -1.11944    0.00495893    0.00269069      0.999984     -0.758772
     0.999986   -0.00143919   -0.00511941     -0.482267      0.001422      0.999993   -0.00336032       -1.0956    0.00512422      0.003353      0.999981      -0.76825
     0.999986   -0.00135279   -0.00518657     -0.482645    0.00133791      0.999995   -0.00287137      -1.08931    0.00519043    0.00286439      0.999982     -0.791362
     0.999986   -0.00145606   -0.00511959     -0.481438    0.00143961      0.999994     -0.003216      -1.11134    0.00512424    0.00320858      0.999982     -0.761421
     0.999985   -0.00152071   -0.00533437     -0.475562    0.00150245      0.999993   -0.00342391      -1.07622    0.00533954    0.00341584       0.99998     -0.809349
     0.999985   -0.00137418    -0.0052135     -0.475401    0.00135744      0.999994   -0.00321215      -1.11853    0.00521788    0.00320503      0.999981     -0.783316
     0.999985   -0.00126385    -0.0052706     -0.476062    0.00124642      0.999994   -0.00330844      -1.09334    0.00527475    0.00330182      0.999981     -0.774563
     0.999985   -0.00131445   -0.00530232     -0.480551    0.00129572      0.999993   -0.00353394      -1.09295    0.00530693    0.00352702       0.99998     -0.789141
     0.999986   -0.00130309   -0.00520005     -0.484991    0.00128595      0.999994   -0.00329879      -1.09108    0.00520431    0.00329205      0.999981     -0.769635
     0.999986   -0.00120587    -0.0052477     -0.487976    0.00118899      0.999994   -0.00321672      -1.12195    0.00525155    0.00321043      0.999981     -0.747692
     0.999985   -0.00107998   -0.00537951     -0.486808    0.00106095      0.999993   -0.00353911      -1.05966     0.0053833    0.00353335      0.999979     -0.756081
     0.999985   -0.00122247   -0.00536587     -0.480955    0.00120477      0.999994   -0.00330081      -1.07417    0.00536988    0.00329429       0.99998      -0.76513
     0.999985   -0.00115042    -0.0053954     -0.492382    0.00113638      0.999996   -0.00260377      -1.08759    0.00539837     0.0025976      0.999982     -0.699953
     0.999985   -0.00120335   -0.00540933      -0.49884    0.00119337      0.999998   -0.00184668      -1.05836    0.00541154    0.00184019      0.999984     -0.742581
     0.999983   -0.00132257   -0.00570344     -0.480227    0.00130921      0.999996   -0.00234517      -1.11155    0.00570652    0.00233767      0.999981     -0.709884
     0.999983   -0.00130298    -0.0057323     -0.492752    0.00128561      0.999995   -0.00303248      -1.07108    0.00573622    0.00302506      0.999979     -0.717214
     0.999983     -0.001364   -0.00572503     -0.492836    0.00134508      0.999994   -0.00330741      -1.03728     0.0057295    0.00329965      0.999978     -0.760189
     0.999983   -0.00140268   -0.00567222     -0.498719    0.00138668      0.999995   -0.00282407      -1.08538    0.00567615    0.00281616       0.99998     -0.755053
     0.999983   -0.00137934   -0.00560364     -0.504238     0.0013612      0.999994   -0.00324067      -1.04598    0.00560808    0.00323299      0.999979      -0.76847
     0.999983   -0.00146181   -0.00561389     -0.506526    0.00144401      0.999994   -0.00317311      -1.02661    0.00561849    0.00316495      0.999979     -0.820928
     0.999982   -0.00131581   -0.00577026     -0.501164    0.00129802      0.999994   -0.00308512       -1.0617    0.00577428    0.00307758      0.999979     -0.804639
     0.999983   -0.00126655   -0.00575482     -0.500853    0.00124541      0.999992   -0.00367511       -1.0259    0.00575943    0.00366788      0.999977     -0.820517
     0.999983   -0.00122928   -0.00577605     -0.504263    0.00120915      0.999993   -0.00348773      -1.03995     0.0057803    0.00348069      0.999977     -0.839259
     0.999982   -0.00136603   -0.00580472     -0.502107    0.00134428      0.999992   -0.00374889      -1.05259    0.00580979    0.00374102      0.999976      -0.84233
     0.999983   -0.00123708   -0.00576983     -0.497897    0.00121487      0.999992   -0.00385182      -1.06669    0.00577455    0.00384474      0.999976     -0.824741
     0.999982   -0.00134786   -0.00583483     -0.499476    0.00132344       0.99999    -0.0041877      -1.02813    0.00584042     0.0041799      0.999974     -0.838786
     0.999982   -0.00132961   -0.00582768     -0.502994    0.00130651      0.999991   -0.00396598      -1.04889    0.00583291     0.0039583      0.999975     -0.846492
     0.999983   -0.00137449   -0.00570105     -0.504889    0.00135351      0.999992   -0.00368212      -1.07772    0.00570606    0.00367434      0.999977     -0.805168
     0.999982   -0.00130817   -0.00590283     -0.501757    0.00128333       0.99999   -0.00421005      -1.02942    0.00590828     0.0042024      0.999974     -0.811496
     0.999983   -0.00128834   -0.00571356     -0.505452    0.00126473      0.999991   -0.00413389      -1.04898    0.00571884     0.0041266      0.999975     -0.819151
     0.999983   -0.00121915   -0.00569336     -0.507171    0.00119644      0.999991   -0.00399057      -1.08096    0.00569818    0.00398369      0.999976     -0.804798
     0.999981   -0.00110377   -0.00612973     -0.504154    0.00107621      0.999989   -0.00449894      -1.02147    0.00613463    0.00449225      0.999971     -0.821862
     0.999983   -0.00123305   -0.00575935     -0.508209    0.00121031      0.999991   -0.00395065      -1.07977    0.00576417    0.00394361      0.999976     -0.841559
     0.999983   -0.00122016   -0.00573395     -0.512769    0.00119768      0.999992    -0.0039222      -1.10507    0.00573869    0.00391526      0.999976     -0.778727
     0.999982   -0.00124544   -0.00579201     -0.506997     0.0012235      0.999992   -0.00379008      -1.03231    0.00579668    0.00378293      0.999976     -0.820854
      0.99998   -0.00117574   -0.00629068     -0.521502    0.00115034      0.999991   -0.00403866      -1.05606    0.00629537    0.00403134      0.999972     -0.821867
     0.999978  -0.000968959   -0.00663081     -0.513387    0.00093756      0.999988   -0.00473678     -0.995165    0.00663532    0.00473045      0.999967     -0.837664
      0.99998  -0.000824136   -0.00630078     -0.528011   0.000792799      0.999987   -0.00497426      -1.07108     0.0063048    0.00496916      0.999968     -0.840467
      0.99998  -0.000510859   -0.00633961     -0.525931   0.000477283      0.999986   -0.00529666      -1.02174    0.00634223    0.00529352      0.999966     -0.824019
     0.999979  -0.000630803   -0.00649592     -0.520933   0.000601503       0.99999    -0.0045114      -1.06311     0.0064987     0.0045074      0.999969     -0.835131
      0.99998  -0.000409458   -0.00626987     -0.520404   0.000377833      0.999987   -0.00504446      -1.05428    0.00627185    0.00504199      0.999968     -0.834442
      0.99998  -0.000367913   -0.00638338     -0.517806    0.00033568      0.999987   -0.00504996      -1.02387    0.00638516    0.00504772      0.999967     -0.850571
      0.99998  -0.000205903    -0.0062725     -0.509857   0.000175141      0.999988   -0.00490443      -1.05857    0.00627343    0.00490323      0.999968      -0.83766
      0.99998  -0.000276918   -0.00631886     -0.510434   0.000246646      0.999988   -0.00479106      -1.05402    0.00632011    0.00478941      0.999969     -0.827185
      0.99998  -0.000319131   -0.00630882     -0.512167   0.000285745      0.999986   -0.00529214      -1.01235    0.00631042    0.00529023      0.999966     -0.856074
     0.999982  -0.000458384   -0.00603321     -0.537426   0.000429772      0.999989   -0.00474278      -1.03608    0.00603531     0.0047401      0.999971     -0.868526
     0.999981  -0.000490071    -0.0062098     -0.526157   0.000456019      0.999985   -0.00548375      -1.03769     0.0062124    0.00548082      0.999966     -0.848394
     0.999981  -0.000444848    -0.0062079     -0.525007   0.000410941      0.999985    -0.0054621      -1.00362    0.00621023    0.00545944      0.999966      -0.86435
     0.999981  -0.000469596   -0.00608125     -0.529376   0.000436047      0.999985   -0.00551705       -1.0511    0.00608374    0.00551429      0.999966       -0.8647
      0.99998  -0.000354943   -0.00625574      -0.53065   0.000316682      0.999981   -0.00611615      -1.00523     0.0062578    0.00611405      0.999962     -0.882882
     0.999981  -0.000501358   -0.00610936       -0.5331   0.000467676      0.999985   -0.00551331      -1.02252    0.00611203    0.00551035      0.999966     -0.903547
     0.999981  -0.000546601   -0.00609501     -0.538204   0.000512287      0.999984   -0.00562991      -1.02817    0.00609799    0.00562669      0.999966      -0.89739
     0.999979  -0.000510725   -0.00644098     -0.531182   0.000469697       0.99998   -0.00636964     -0.962734    0.00644411    0.00636648      0.999959     -0.934335
      0.99998  -0.000470505   -0.00627538     -0.533376   0.000434829      0.999984    -0.0056852      -1.01435    0.00627795    0.00568236      0.999964     -0.931979
      0.99998  -0.000535834   -0.00634486     -0.537408   0.000496046       0.99998   -0.00627082      -1.00747     0.0063481    0.00626754       0.99996     -0.907182
      0.99998  -0.000536035    -0.0063149     -0.534096   0.000495027      0.999979   -0.00649367      -0.96729    0.00631824    0.00649042      0.999959     -0.924394
      0.99998  -0.000418631   -0.00631561     -0.538168   0.000378111      0.999979   -0.00641578      -1.01757    0.00631817    0.00641327      0.999959     -0.906313
     0.999979  -0.000414812   -0.00641119     -0.536204   0.000369494      0.999975   -0.00706817     -0.948396    0.00641397    0.00706565      0.999954      -0.92654
      0.99998  -0.000365372   -0.00638364      -0.53671   0.000320099      0.999975   -0.00709149     -0.953171    0.00638607     0.0070893      0.999954     -0.960295
      0.99998  -0.000362724   -0.00636926     -0.539078   0.000319677      0.999977   -0.00675822      -1.02301    0.00637157    0.00675605      0.999957     -0.901034
     0.999979  -0.000339366   -0.00654577     -0.537497   0.000293266      0.999975   -0.00704237     -0.901468      0.006548     0.0070403      0.999954     -0.942458
     0.999979  -0.000395255   -0.00649511     -0.536983   0.000349722      0.999975   -0.00700993      -1.03543    0.00649772    0.00700751      0.999954     -0.939551
     0.999979  -0.000379132   -0.00654558     -0.539523   0.000332678      0.999975   -0.00709659     -0.967709     0.0065481    0.00709426      0.999953     -0.933974
     0.999978  -0.000428059   -0.00655787     -0.537574   0.000382597      0.999976   -0.00693205     -0.963261    0.00656068    0.00692939      0.999954     -0.967147
      0.99998   -0.00034744   -0.00628235     -0.539874   0.000304546      0.999977   -0.00682745      -1.02135    0.00628457     0.0068254      0.999957     -0.918311
     0.999979  -0.000261387   -0.00654882     -0.539841   0.000212825      0.999972   -0.00741488     -0.918388    0.00655058    0.00741333      0.999951     -0.951783
     0.999979   -0.00029205    -0.0064737     -0.542041   0.000247003      0.999976   -0.00695819     -0.971866    0.00647558    0.00695645      0.999955     -0.963749
      0.99998  -0.000283261    -0.0063727      -0.54511   0.000234488      0.999971   -0.00765287     -0.959227    0.00637468    0.00765122       0.99995     -0.979383
     0.999978  -0.000270558   -0.00661529     -0.542169   0.000222037      0.999973   -0.00733424     -0.910262    0.00661709    0.00733261      0.999951     -0.998888
     0.999979  -0.000274257   -0.00648185     -0.538708   0.000225811      0.999972   -0.00747366     -0.957199    0.00648372    0.00747204      0.999951      -0.98189
     0.999978  -0.000240214   -0.00668235     -0.541597   0.000182134      0.999962   -0.00869085     -0.968481    0.00668419    0.00868944       0.99994      -0.99483
     0.999981   2.21957e-05   -0.00611501     -0.558858  -6.72278e-05      0.999973   -0.00736409     -0.962727    0.00611468    0.00736436      0.999954     -0.985225
     0.999978   0.000209336    -0.0066272     -0.574656  -0.000260731       0.99997   -0.00775526     -0.898534    0.00662538    0.00775682      0.999948      -1.00119
     0.999978   0.000189411   -0.00662991     -0.574308  -0.000241954      0.999969   -0.00792516     -0.917304     0.0066282    0.00792659      0.999947      -0.99188
     0.999978   5.08389e-05   -0.00669802     -0.575107  -0.000101837      0.999971   -0.00761382     -0.915747    0.00669744    0.00761434      0.999949       -1.0121
     0.999978   0.000285341   -0.00660458     -0.579525  -0.000338187      0.999968   -0.00800163     -0.941359    0.00660209    0.00800369      0.999946     -0.979264
     0.999977   0.000329396   -0.00672107     -0.578407   -0.00038769      0.999962   -0.00867376     -0.879509    0.00671796    0.00867616       0.99994      -1.01162
     0.999978    0.00028628   -0.00666929     -0.584476  -0.000338167       0.99997    -0.0077802     -0.942912    0.00666686    0.00778229      0.999947     -0.985578
     0.999979   0.000386125   -0.00649871     -0.581657  -0.000437024      0.999969   -0.00783262     -0.933989    0.00649549    0.00783529      0.999948     -0.951164
     0.999979   0.000489479   -0.00643002     -0.588762  -0.000542303      0.999966   -0.00821601     -0.889551    0.00642578    0.00821932      0.999946     -0.991147
     0.999981   0.000365598   -0.00618312     -0.584562  -0.000414193      0.999969    -0.0078599     -0.982344    0.00618006    0.00786231       0.99995     -0.983804
      0.99998   0.000534229   -0.00635512     -0.581763  -0.000585911      0.999967   -0.00813331     -0.935274    0.00635057    0.00813686      0.999947     -0.971065
      0.99998   0.000229235   -0.00627278     -0.578556  -0.000281953      0.999965   -0.00840471     -0.920048    0.00627063    0.00840631      0.999945      -1.02889
     0.999981   0.000409094   -0.00613366      -0.58765  -0.000457209      0.999969   -0.00784494      -1.00061    0.00613026     0.0078476       0.99995     -0.968786
      0.99998   0.000348727   -0.00637305     -0.585695  -0.000403378      0.999963   -0.00857599     -0.922239    0.00636982    0.00857838      0.999943      -1.00522
     0.999981   0.000295999   -0.00615033     -0.586549  -0.000344217      0.999969   -0.00784036     -0.972028    0.00614782    0.00784233       0.99995      -1.00673
      0.99998   0.000402089   -0.00625075     -0.583226   -0.00044807      0.999973    -0.0073565      -0.97244    0.00624762    0.00735916      0.999953     -0.980602
     0.999979   0.000219743   -0.00644622      -0.57589   -0.00026991       0.99997   -0.00778253      -0.95092    0.00644431     0.0077841      0.999949       -1.0085
     0.999979   0.000297305   -0.00654753     -0.572037  -0.000348718      0.999969   -0.00785253     -0.939989    0.00654499    0.00785465      0.999948      -1.02976
     0.999979   0.000288879   -0.00652329     -0.570371  -0.000338256      0.999971   -0.00756947     -0.997162    0.00652091    0.00757152       0.99995     -0.995623
     0.999978   0.000305405    -0.0066602     -0.570091  -0.000359035      0.999968   -0.00805258     -0.921978    0.00665752     0.0080548      0.999945      -1.03013
     0.999978   0.000517262   -0.00658718     -0.574988  -0.000567381      0.999971   -0.00760905     -0.994052    0.00658305    0.00761263      0.999949      -1.02729
     0.999978   0.000475807   -0.00659278      -0.57252  -0.000526812       0.99997   -0.00773695     -0.967346    0.00658891    0.00774025      0.999948      -1.00888
     0.999977   0.000508314   -0.00673997     -0.566396  -0.000561968      0.999968   -0.00796106     -0.958041     0.0067357    0.00796467      0.999946      -1.03467
     0.999978   0.000592115   -0.00667234     -0.563451  -0.000643651       0.99997    -0.0077244     -0.979543    0.00666757    0.00772853      0.999948      -1.01639
     0.999976   0.000626557   -0.00689885     -0.563692  -0.000685474      0.999963   -0.00854106      -0.95209    0.00689324    0.00854558       0.99994      -1.02653
     0.999977    0.00067783   -0.00669509     -0.573934  -0.000729379       0.99997    -0.0077001     -0.977743    0.00668967    0.00770481      0.999948       -1.0095
     0.999977    0.00083788   -0.00667336     -0.574583   -0.00088825      0.999971   -0.00754852     -0.996326    0.00666684    0.00755428      0.999949     -0.987978
     0.999974   0.000792982   -0.00709733     -0.568955  -0.000852147      0.999965   -0.00833701     -0.934873    0.00709047    0.00834285       0.99994      -1.03318
     0.999975    0.00054118   -0.00706427     -0.567733  -0.000592981      0.999973   -0.00733277     -0.990326    0.00706011    0.00733677      0.999948      -1.01203
     0.999974   0.000697606   -0.00720815     -0.559921  -0.000750452      0.999973   -0.00733132     -0.997692    0.00720284    0.00733653      0.999947     -0.993892
     0.999975   0.000558844   -0.00708117     -0.561804  -0.000607929      0.999976    -0.0069314     -0.950524    0.00707713    0.00693553      0.999951      -1.02097
     0.999976   0.000791962   -0.00693175     -0.565542  -0.000833909      0.999981   -0.00605054      -1.00558    0.00692683    0.00605618      0.999958     -0.976872
     0.999975   0.000699854   -0.00700245     -0.571663  -0.000739895      0.999983   -0.00571718     -0.969683    0.00699833    0.00572222      0.999959     -0.940877
     0.999976   0.000622162   -0.00697086     -0.568795  -0.000651214      0.999991   -0.00416608      -1.02483    0.00696821    0.00417052      0.999967     -0.921291
     0.999977   0.000329925   -0.00670901     -0.571854  -0.000356398      0.999992   -0.00394505      -1.08181    0.00670765    0.00394735       0.99997     -0.884639
     0.999975   0.000368301   -0.00712823     -0.568117  -0.000401842      0.999989   -0.00470448      -1.01626    0.00712641    0.00470722      0.999964     -0.908235
     0.999974   0.000583326   -0.00725557     -0.566001  -0.000616089       0.99999   -0.00451422      -1.06163    0.00725286    0.00451857      0.999963     -0.901918
     0.999973   0.000865356   -0.00729096     -0.566795  -0.000898086       0.99999   -0.00448701      -1.05049      0.007287    0.00449344      0.999963     -0.893147
     0.999973   0.000845441   -0.00724351     -0.571239  -0.000880315      0.999988   -0.00481277       -1.0272    0.00723935    0.00481901      0.999962     -0.900876
     0.999973   0.000931949   -0.00722173     -0.571842  -0.000968289      0.999987   -0.00503015      -1.03672    0.00721694    0.00503701      0.999961     -0.927557
     0.999974    0.00095901   -0.00716564      -0.56738  -0.000991376      0.999989   -0.00451458      -1.09179    0.00716124    0.00452157      0.999964     -0.883838
     0.999972   0.000900319     -0.007418     -0.557733  -0.000938554      0.999986   -0.00515259      -1.01393    0.00741326    0.00515941      0.999959     -0.915932
     0.999973    0.00120505   -0.00724204     -0.569958   -0.00124397      0.999985   -0.00537211      -1.07768    0.00723546    0.00538098      0.999959     -0.924477
     0.999972    0.00149309   -0.00736446     -0.578394   -0.00153716      0.999981   -0.00598229      -1.04124    0.00735539    0.00599344      0.999955     -0.916347
     0.999969    0.00175257    -0.0076233     -0.575084   -0.00180156      0.999978   -0.00642438      -1.03405    0.00761187    0.00643792       0.99995     -0.987478
     0.999968    0.00168307   -0.00786659     -0.573409   -0.00173149       0.99998   -0.00615232      -1.05983    0.00785608    0.00616574       0.99995     -0.938966
      0.99997     0.0014234   -0.00756776     -0.576552   -0.00146702      0.999982   -0.00576171      -1.07801    0.00755942    0.00577264      0.999955     -0.977923
     0.999967    0.00180042   -0.00798123     -0.578435   -0.00185162      0.999978   -0.00641265      -1.05272    0.00796951    0.00642722      0.999948     -0.954319
     0.999968    0.00148071   -0.00784053      -0.56913   -0.00152404      0.999984   -0.00552366      -1.03784    0.00783222    0.00553543      0.999954     -0.955452
     0.999969    0.00152123   -0.00766363     -0.570981    -0.0015634      0.999984   -0.00550037      -1.09906    0.00765514    0.00551219      0.999956     -0.928753
     0.999966    0.00123392   -0.00815923     -0.569604   -0.00127628      0.999986   -0.00518833      -1.00149    0.00815271    0.00519857      0.999953     -0.937438
     0.999968    0.00128273   -0.00787531     -0.568575   -0.00131178      0.999992   -0.00368432      -1.13162    0.00787052    0.00369454      0.999962     -0.888109
     0.999966    0.00116248   -0.00810583     -0.565253   -0.00120251      0.999987    -0.0049351      -1.01329    0.00809999    0.00494469      0.999955     -0.935879
     0.999967    0.00126867   -0.00797614     -0.562764   -0.00130248       0.99999   -0.00423546      -1.12084    0.00797069    0.00424571      0.999959     -0.904963
     0.999965    0.00112208   -0.00823848     -0.557545   -0.00115809       0.99999   -0.00436738      -1.04137    0.00823349    0.00437677      0.999957     -0.911483
     0.999967    0.00126448    -0.0080281     -0.561884   -0.00129915       0.99999    -0.0043138      -1.05139    0.00802256    0.00432409      0.999958     -0.911053
     0.999967    0.00146911   -0.00804326     -0.568132   -0.00150115      0.999991   -0.00397918      -1.09424    0.00803734    0.00399112       0.99996     -0.877437
     0.999965    0.00133759   -0.00819862     -0.557159   -0.00137106      0.999991   -0.00407782      -1.04109    0.00819309    0.00408892      0.999958     -0.909895
     0.999967    0.00126297    -0.0080552     -0.560947    -0.0012953      0.999991   -0.00400972      -1.09661    0.00805006    0.00402002       0.99996     -0.894895
     0.999964    0.00131977   -0.00839656      -0.55551   -0.00135635       0.99999   -0.00435262      -1.06489    0.00839072    0.00436386      0.999955     -0.886318
     0.999964     0.0012686   -0.00842449     -0.556733   -0.00130501       0.99999   -0.00431746      -1.05824    0.00841892    0.00432829      0.999955     -0.926885
     0.999965    0.00131166    -0.0082662      -0.55567   -0.00134421      0.999991   -0.00393333      -1.09492    0.00826097     0.0039443      0.999958     -0.901337
     0.999964    0.00127198   -0.00841864     -0.563926   -0.00130832       0.99999    -0.0043128      -1.02845    0.00841307    0.00432366      0.999955     -0.913319
     0.999966    0.00140639   -0.00812152     -0.574039    -0.0014355      0.999993   -0.00357964       -1.0901    0.00811642    0.00359117      0.999961     -0.906912
     0.999963    0.00148355   -0.00847076     -0.566322   -0.00151719      0.999991   -0.00396637      -1.04667     0.0084648    0.00397907      0.999956     -0.892519
     0.999962    0.00133091   -0.00866921     -0.550546   -0.00136513      0.999991   -0.00394338      -1.04227    0.00866389    0.00395506      0.999955     -0.910948
     0.999962    0.00151256   -0.00859394     -0.555869   -0.00154298      0.999993   -0.00353471      -1.09556    0.00858853    0.00354784      0.999957     -0.880271
     0.999961    0.00141663   -0.00871627     -0.564868   -0.00144956      0.999992   -0.00377305      -1.05858    0.00871085    0.00378554      0.999955     -0.909711
     0.999963    0.00144989   -0.00853485     -0.568013   -0.00148145      0.999992    -0.0036934      -1.08267    0.00852942    0.00370591      0.999957     -0.887434
     0.999963    0.00180368   -0.00836042     -0.572409   -0.00183415      0.999992   -0.00363754      -1.09676    0.00835379    0.00365275      0.999958     -0.866098
     0.999961    0.00158602   -0.00871247      -0.56515   -0.00162137       0.99999   -0.00405233      -1.01333    0.00870596    0.00406629      0.999954     -0.914628
     0.999958    0.00166049   -0.00899507     -0.557187   -0.00169721       0.99999   -0.00407552       -1.0329    0.00898821    0.00409061      0.999951     -0.907496
     0.999958    0.00185057   -0.00900566     -0.558525   -0.00188576      0.999991   -0.00390044      -1.13523    0.00899836    0.00391726      0.999952     -0.893319
     0.999958    0.00158731   -0.00899363     -0.552801   -0.00161872      0.999993    -0.0034858      -1.04623    0.00898803    0.00350022      0.999953     -0.922829
     0.999957    0.00177329   -0.00913752     -0.551054   -0.00181059       0.99999   -0.00407456      -1.09747     0.0091302    0.00409093       0.99995     -0.898101
     0.999957    0.00175972   -0.00911973     -0.550994    -0.0017911      0.999992   -0.00343394      -1.11516    0.00911361    0.00345012      0.999953     -0.903548
     0.999958    0.00184268   -0.00896599      -0.56256   -0.00187247      0.999993   -0.00331496      -1.12647    0.00895982    0.00333161      0.999954     -0.880747
     0.999956    0.00169542   -0.00921625     -0.557371   -0.00172633      0.999993   -0.00334784      -1.08434     0.0092105    0.00336361      0.999952     -0.903499
     0.999957      0.001752   -0.00911223     -0.557775   -0.00178166      0.999993   -0.00324732      -1.09947    0.00910648    0.00326342      0.999953     -0.909215
     0.999957    0.00206315   -0.00900121     -0.571068   -0.00209377      0.999992   -0.00339345      -1.10511    0.00899414    0.00341215      0.999954     -0.883225
     0.999954    0.00171418   -0.00941256     -0.556081   -0.00174741      0.999992   -0.00352261      -1.07086    0.00940645    0.00353889      0.999949     -0.914346
     0.999957    0.00181515   -0.00914434     -0.568587   -0.00184424      0.999993   -0.00317352      -1.12942    0.00913852    0.00319025      0.999953     -0.884676
     0.999955    0.00183309   -0.00935691     -0.566499   -0.00186939      0.999991   -0.00387281      -1.06977    0.00934972    0.00389013      0.999949     -0.895534
     0.999957    0.00180546   -0.00912835     -0.567581   -0.00183378      0.999994   -0.00309557      -1.10541    0.00912271    0.00311218      0.999954      -0.88955
     0.999956    0.00179452   -0.00915947     -0.567451   -0.00182416      0.999993   -0.00322826      -1.12132    0.00915361    0.00324483      0.999953     -0.855146
     0.999955    0.00168223     -0.009348      -0.56257   -0.00171381      0.999993    -0.0033715      -1.05655    0.00934227    0.00338737      0.999951     -0.891621
      0.99996    0.00209074   -0.00872496     -0.586155   -0.00211955      0.999992   -0.00329363      -1.13157    0.00871801    0.00331199      0.999957     -0.852598
     0.999956     0.0019122   -0.00923253     -0.573676   -0.00194731      0.999991   -0.00379615      -1.04349    0.00922519    0.00381396       0.99995     -0.881141
     0.999956    0.00198181   -0.00915319     -0.566431   -0.00201072      0.999993   -0.00315065      -1.10114    0.00914688    0.00316891      0.999953     -0.879594
     0.999954    0.00200598   -0.00933409     -0.567379   -0.00203455      0.999993   -0.00305257      -1.11813    0.00932791    0.00307142      0.999952     -0.864002
     0.999954     0.0019916   -0.00935111     -0.566749   -0.00202364      0.999992   -0.00341843      -1.06999    0.00934422     0.0034372       0.99995     -0.881611
     0.999957    0.00207523   -0.00907117     -0.575436   -0.00210101      0.999994   -0.00283328      -1.11445    0.00906523    0.00285221      0.999955     -0.856352
     0.999955    0.00216378    -0.0092448     -0.577345   -0.00218647      0.999995    -0.0024455      -1.13479    0.00923946     0.0024656      0.999954     -0.821897
     0.999954     0.0020389   -0.00935961     -0.571123   -0.00206671      0.999993   -0.00296296      -1.09371    0.00935351    0.00298217      0.999952     -0.842776
     0.999955    0.00189096   -0.00933429     -0.567848   -0.00191202      0.999996   -0.00224804      -1.12079       0.00933    0.00226578      0.999954     -0.837741
     0.999955    0.00178464   -0.00932316     -0.568042   -0.00180821      0.999995   -0.00252035      -1.13116    0.00931862    0.00253709      0.999953     -0.831243
     0.999954    0.00186248   -0.00938038     -0.564878    -0.0018864      0.999995   -0.00254184      -1.14802     0.0093756    0.00255942      0.999953     -0.811605
     0.999953    0.00200916   -0.00943659     -0.563893    -0.0020327      0.999995   -0.00248544      -1.11066    0.00943155    0.00250451      0.999952     -0.819039
     0.999951    0.00207989   -0.00964897     -0.555623   -0.00210612      0.999994   -0.00270894      -1.09536    0.00964328    0.00272913       0.99995     -0.845071
     0.999954    0.00199029   -0.00941752     -0.568036   -0.00201536      0.999994   -0.00265322      -1.13461    0.00941219    0.00267207      0.999952     -0.834515
     0.999953    0.00197583   -0.00947438     -0.564031   -0.00200043      0.999995   -0.00258753      -1.11817    0.00946921    0.00260636      0.999952     -0.823478
     0.999953    0.00185573   -0.00955539     -0.563336   -0.00188033      0.999995   -0.00256535      -1.11166    0.00955058     0.0025832      0.999951     -0.837432
     0.999953    0.00172458   -0.00955005     -0.557783   -0.00174714      0.999996   -0.00235447      -1.15018    0.00954595    0.00237104      0.999952     -0.811233
     0.999952    0.00164939   -0.00965695     -0.556377   -0.00166932      0.999996   -0.00205643      -1.16836    0.00965353    0.00207245      0.999951     -0.802067
      0.99995    0.00146993   -0.00991299     -0.542339    -0.0014951      0.999996   -0.00253205      -1.10053    0.00990923    0.00254674      0.999948     -0.833489
     0.999953    0.00150776   -0.00962877     -0.551237   -0.00152663      0.999997   -0.00195282      -1.15678     0.0096258    0.00196743      0.999952     -0.814747
     0.999952    0.00173438   -0.00962591      -0.55966   -0.00175402      0.999996   -0.00203184      -1.14628    0.00962235    0.00204862      0.999952     -0.775435
     0.999952    0.00156422   -0.00969361     -0.555863   -0.00158449      0.999997   -0.00208371      -1.10783    0.00969031    0.00209896      0.999951     -0.800218
     0.999954    0.00163323   -0.00943579     -0.567679    -0.0016532      0.999996   -0.00210907      -1.13535    0.00943231    0.00212457      0.999953     -0.780658
     0.999954     0.0016078   -0.00940543      -0.56766   -0.00162897      0.999996   -0.00224421       -1.1284    0.00940179    0.00225943      0.999953     -0.751461
     0.999953    0.00162625   -0.00958235     -0.569141    -0.0016517      0.999995    -0.0026487      -1.10545      0.009578     0.0026644      0.999951     -0.789582
     0.999952    0.00156068   -0.00965048     -0.552379   -0.00158434      0.999996   -0.00244441      -1.11005    0.00964662    0.00245958       0.99995     -0.800742
     0.999952    0.00170427   -0.00963977     -0.558733   -0.00172546      0.999996   -0.00219018      -1.12993      0.009636    0.00220671      0.999951     -0.791275
     0.999952    0.00158236   -0.00969269     -0.551133   -0.00160672      0.999996   -0.00250527      -1.08396    0.00968868    0.00252072       0.99995     -0.812364
     0.999953    0.00160644   -0.00955521     -0.547257   -0.00162912      0.999996   -0.00236538      -1.11898    0.00955137    0.00238083      0.999952     -0.810137
     0.999953    0.00172334   -0.00954397      -0.55283    -0.0017421      0.999997   -0.00195792      -1.14559    0.00954056    0.00197445      0.999953     -0.787019
     0.999951    0.00167216   -0.00980141     -0.543628   -0.00169203      0.999997   -0.00201936      -1.09208      0.009798    0.00203585       0.99995     -0.806936
     0.999953    0.00180682   -0.00954193     -0.562701   -0.00182296      0.999997   -0.00168339      -1.15184    0.00953886    0.00170071      0.999953     -0.807235
     0.999954    0.00171727   -0.00944247     -0.559963   -0.00173009      0.999998   -0.00134876      -1.11342    0.00944013    0.00136504      0.999955     -0.801347
     0.999954    0.00169407   -0.00943877     -0.570039   -0.00170625      0.999998   -0.00128174      -1.13021    0.00943658    0.00129779      0.999955     -0.795909
     0.999953    0.00158895   -0.00955987     -0.565884   -0.00159762      0.999998  -0.000899486      -1.16285    0.00955842   0.000914717      0.999954     -0.745104
     0.999953    0.00148117   -0.00959401     -0.560626   -0.00148952      0.999999  -0.000863655      -1.11442    0.00959272   0.000877905      0.999954     -0.800689
     0.999953    0.00155794    -0.0095657     -0.563313   -0.00156627      0.999998  -0.000864105      -1.14013    0.00956434   0.000879047      0.999954     -0.770714
     0.999951    0.00169568   -0.00978111     -0.558702   -0.00171016      0.999997   -0.00147275      -1.11483    0.00977859     0.0014894      0.999951     -0.764238
     0.999949    0.00175159   -0.00989753     -0.557628   -0.00176293      0.999998   -0.00113745      -1.07858    0.00989552    0.00115484       0.99995      -0.78055
     0.999949     0.0020077   -0.00991103     -0.573425   -0.00201568      0.999998  -0.000795895      -1.13974    0.00990941   0.000815832      0.999951     -0.735562
     0.999947    0.00197921    -0.0101311     -0.572211   -0.00199009      0.999997   -0.00106394       -1.1057     0.0101289    0.00108404      0.999948     -0.767777
     0.999949    0.00189944   -0.00993733      -0.57602   -0.00191249      0.999997   -0.00130401      -1.13576    0.00993483    0.00132295       0.99995     -0.772421
     0.999948    0.00185948   -0.00999065     -0.572725   -0.00187478      0.999997   -0.00152157      -1.12331    0.00998779    0.00154022      0.999949     -0.741971
     0.999947    0.00172806    -0.0101701     -0.560533   -0.00174107      0.999998   -0.00127022      -1.09917     0.0101679    0.00128786      0.999947      -0.76466
     0.999947    0.00158303    -0.0101631     -0.566503   -0.00159635      0.999998   -0.00130245      -1.15359      0.010161    0.00131861      0.999948     -0.762222
     0.999945    0.00129326    -0.0103871     -0.548004   -0.00130657      0.999998   -0.00127484      -1.13684     0.0103855    0.00128834      0.999945     -0.757707
     0.999945    0.00137907    -0.0103721     -0.553324   -0.00138813      0.999999  -0.000866619      -1.12421     0.0103708   0.000880969      0.999946     -0.775213
     0.999946    0.00124496    -0.0103331     -0.562363   -0.00125187      0.999999  -0.000661854      -1.17789     0.0103322   0.000674754      0.999946     -0.755886
     0.999944    0.00127773    -0.0105051     -0.556498   -0.00129067      0.999998   -0.00122567      -1.09847     0.0105035    0.00123916      0.999944     -0.778707
     0.999943    0.00122111    -0.0106322     -0.552646   -0.00123145      0.999999  -0.000965264      -1.11911      0.010631   0.000978301      0.999943     -0.794461
     0.999945    0.00129143    -0.0104085     -0.566476   -0.00129979      0.999999  -0.000796442      -1.15658     0.0104075   0.000809927      0.999946     -0.752072
     0.999943    0.00103885    -0.0105945     -0.558679   -0.00105045      0.999999   -0.00108882       -1.1448     0.0105933    0.00109988      0.999943     -0.743757
     0.999942    0.00108032    -0.0106747     -0.556475   -0.00108815      0.999999  -0.000727103      -1.13889     0.0106739   0.000738676      0.999943      -0.74395
     0.999946   0.000986297    -0.0103145     -0.570868  -0.000991012      0.999999  -0.000452079      -1.17854     0.0103141   0.000462276      0.999947     -0.739405
     0.999945    0.00109465     -0.010432     -0.564205   -0.00109456      0.999999    1.4534e-05      -1.18101      0.010432   -3.1147e-06      0.999946     -0.712581
     0.999944   0.000935677    -0.0105883     -0.561106  -0.000943564      0.999999  -0.000739839      -1.16272     0.0105876   0.000749788      0.999944     -0.743123
