# 3dvolreg matrices (DICOM-to-DICOM, row-by-row):
            1   0.000178746   0.000255642    -0.0127903  -0.000178856             1   0.000429161    -0.0445395  -0.000255565  -0.000429206             1     0.0415397
            1  -1.23793e-05  -0.000179845    -0.0034879   1.24491e-05             1   0.000388399     0.0134397    0.00017984  -0.000388401             1    -0.0151616
            1   4.98804e-12  -1.84628e-10  -6.12262e-10  -4.98804e-12             1  -1.13962e-10   4.49448e-09   1.84628e-10   1.13962e-10             1   8.51047e-10
            1   9.24178e-05   0.000193596    0.00241128  -9.24254e-05             1   3.90839e-05    -0.0169737  -0.000193592  -3.91018e-05             1    0.00784953
            1   -0.00021618  -0.000179913    0.00336123   0.000216064             1  -0.000646902     0.0438227   0.000180053   0.000646864             1     -0.041368
            1   -0.00021587   -0.00032778    0.00309184   0.000215775             1  -0.000288882     0.0462211   0.000327842   0.000288811             1    -0.0694506
            1   -1.4926e-06  -6.78835e-05   0.000659372   1.41219e-06      0.999999    -0.0011845     0.0413176   6.78852e-05     0.0011845      0.999999    -0.0514331
            1   0.000101755  -0.000392144   -0.00918762  -0.000102235      0.999999   -0.00122413     0.0522477   0.000392019    0.00122417      0.999999     -0.066441
            1  -0.000151715  -0.000508646    0.00137676   0.000151393             1  -0.000633443     0.0643958   0.000508742   0.000633366             1    -0.0775277
            1  -0.000206751  -0.000513991    0.00908172   0.000206373             1  -0.000735759     0.0433069   0.000514143   0.000735653             1     -0.080198
            1  -0.000253072  -0.000662946     0.0106313   0.000252205      0.999999   -0.00130697     0.0649286   0.000663276     0.0013068      0.999999    -0.0949117
            1      -0.00051  -0.000766324     0.0140441   0.000509015      0.999999   -0.00128568     0.0876035   0.000766979    0.00128529      0.999999     -0.119576
     0.999999  -0.000423483  -0.000949802      0.010167    0.00042265             1  -0.000877249     0.0267325   0.000950173   0.000876847      0.999999    -0.0996237
     0.999999  -0.000468541  -0.000946348    0.00892687   0.000467323      0.999999     -0.001287     0.0432513    0.00094695    0.00128656      0.999999     -0.101773
     0.999999  -0.000450679   -0.00101777    0.00679697   0.000448888      0.999998   -0.00175887     0.0947155    0.00101856    0.00175841      0.999998     -0.144229
     0.999999  -0.000445654   -0.00120046     0.0118583   0.000443573      0.999998   -0.00173287     0.0721624    0.00120123    0.00173234      0.999998     -0.149391
     0.999999  -0.000350417    -0.0015663    -0.0116804   0.000347911      0.999999   -0.00160028     0.0240665    0.00156686    0.00159973      0.999997     -0.150163
     0.999998  -0.000200175   -0.00212729     0.0032273   0.000193999      0.999996   -0.00290284      0.193765    0.00212786    0.00290242      0.999994     -0.268461
     0.999998  -3.91197e-05    -0.0017926    0.00207489   3.43071e-05      0.999996   -0.00268465     0.0759573     0.0017927    0.00268459      0.999995     -0.223533
     0.999999   -0.00015342   -0.00157552    0.00574964   0.000147827      0.999994   -0.00354994     0.0892284    0.00157605     0.0035497      0.999992     -0.225931
     0.999998  -0.000200105   -0.00190272     0.0197027   0.000194505      0.999996   -0.00294272      0.116253     0.0019033    0.00294234      0.999994     -0.242421
     0.999998  -0.000112221   -0.00184959     0.0192575   0.000106381      0.999995   -0.00315699      0.137739    0.00184994    0.00315679      0.999993     -0.236642
     0.999999  -2.05985e-05   -0.00161136   0.000895674   1.44923e-05      0.999993   -0.00378944     0.0915433    0.00161143    0.00378941      0.999992     -0.212073
     0.999998  -5.88403e-05   -0.00173901     0.0101306   5.19288e-05      0.999992   -0.00397414      0.147704    0.00173923    0.00397404      0.999991     -0.223101
     0.999998  -0.000146906   -0.00179598      0.014966   0.000139323      0.999991   -0.00422196      0.127046    0.00179658    0.00422171      0.999989     -0.239471
     0.999998  -8.20587e-05   -0.00178046     0.0196701   7.48362e-05      0.999992   -0.00405626     0.0811448    0.00178077    0.00405612       0.99999     -0.203492
     0.999998  -0.000223793    -0.0018077     0.0212496   0.000215406      0.999989   -0.00463863      0.125721    0.00180872    0.00463824      0.999988     -0.214197
     0.999998   -0.00021017   -0.00210061     0.0291812    0.00020116      0.999991   -0.00428844      0.154234     0.0021015      0.004288      0.999989      -0.23803
     0.999998    1.2951e-05   -0.00183274      0.028744  -2.08509e-05      0.999991   -0.00431044     0.0527893    0.00183267    0.00431047      0.999989     -0.208722
     0.999998  -0.000142971   -0.00208024     0.0252755   0.000133512       0.99999   -0.00454671      0.159998    0.00208086    0.00454642      0.999987     -0.246252
     0.999998  -7.40914e-05   -0.00203077     0.0202663   6.56982e-05      0.999991   -0.00413275      0.116356    0.00203106    0.00413261      0.999989     -0.250984
     0.999998  -4.47622e-05   -0.00196525     0.0193051   3.59754e-05       0.99999   -0.00447091      0.101553    0.00196543    0.00447083      0.999988     -0.220554
     0.999997   2.19926e-05     -0.002359      0.027794  -3.31695e-05      0.999989   -0.00473804      0.229388    0.00235887     0.0047381      0.999986     -0.268137
     0.999998  -5.79611e-05    -0.0020457     0.0191833   4.85077e-05      0.999989   -0.00462089     0.0770784    0.00204594    0.00462078      0.999987     -0.230283
     0.999998   8.48387e-06   -0.00214261     0.0177361  -1.90867e-05      0.999988   -0.00494858      0.156952    0.00214254    0.00494861      0.999985     -0.251196
     0.999997  -5.23232e-05   -0.00235527     0.0194138   4.13699e-05      0.999989   -0.00465032      0.155041    0.00235549    0.00465021      0.999986     -0.280287
     0.999997   4.10426e-05   -0.00235324     0.0120105  -5.38232e-05      0.999985   -0.00543129      0.207569    0.00235298     0.0054314      0.999982     -0.299377
     0.999997   0.000129983   -0.00225172    0.00572787  -0.000139924       0.99999   -0.00441529     0.0766832    0.00225112    0.00441559      0.999988     -0.224951
     0.999997   8.91098e-05   -0.00244687    0.00300845  -0.000100728      0.999989   -0.00474835      0.195065    0.00244642    0.00474858      0.999986     -0.270879
     0.999997  -1.98146e-05    -0.0024215   0.000128649   9.51349e-06      0.999991   -0.00425397      0.120266    0.00242156    0.00425393      0.999988     -0.275186
     0.999997   3.84398e-05   -0.00236597    0.00501772  -4.95515e-05      0.999989   -0.00469661      0.141978    0.00236576    0.00469671      0.999986     -0.238533
     0.999997  -9.55937e-05   -0.00239831     0.0128585   8.31055e-05      0.999986   -0.00520667      0.178694    0.00239877    0.00520646      0.999984       -0.2577
     0.999997  -0.000131094   -0.00250798     0.0108593   0.000120851      0.999992   -0.00408376      0.158993     0.0025085    0.00408344      0.999989     -0.250785
     0.999997  -0.000132237   -0.00243912    0.00671361   0.000120691      0.999989    -0.0047332      0.156509    0.00243972    0.00473289      0.999986     -0.231747
     0.999997  -0.000258787   -0.00263272    0.00913051   0.000246053      0.999988   -0.00483601      0.189845    0.00263394    0.00483534      0.999985     -0.276312
     0.999997  -0.000135351   -0.00242287   0.000542289   0.000123696      0.999988   -0.00480972       0.15379     0.0024235     0.0048094      0.999985       -0.2725
     0.999995   0.000176121   -0.00310603    0.00537152  -0.000194398      0.999983   -0.00588497       0.31583    0.00310494    0.00588555      0.999978     -0.326101
     0.999997   0.000236533   -0.00250081   -0.00610417   -0.00025193      0.999981   -0.00615799       0.13515     0.0024993     0.0061586      0.999978     -0.292684
     0.999997   2.34734e-05   -0.00231858   -0.00590872  -3.62224e-05      0.999985   -0.00549872      0.214218    0.00231842    0.00549879      0.999982     -0.330751
     0.999997  -3.73928e-05   -0.00238812   -0.00639285   2.48018e-05      0.999986   -0.00527217      0.201189    0.00238828    0.00527209      0.999983     -0.335085
     0.999998  -4.58045e-05   -0.00219319   -0.00995398   3.41438e-05      0.999986   -0.00531651      0.216943    0.00219341    0.00531642      0.999983     -0.317265
     0.999998   0.000135876   -0.00216899   -0.00855837  -0.000148485      0.999983    -0.0058142      0.229006    0.00216816    0.00581451      0.999981     -0.316579
     0.999997  -6.13164e-05   -0.00241759   -0.00311037       4.8e-05      0.999985   -0.00550778       0.23533    0.00241789    0.00550765      0.999982     -0.336668
     0.999997  -6.78732e-05   -0.00233825   -0.00586244   5.45797e-05      0.999984   -0.00568484      0.189822    0.00233859     0.0056847      0.999981     -0.312219
     0.999997   3.86041e-05   -0.00233041   -0.00908751  -5.16946e-05      0.999984   -0.00561748      0.199605    0.00233016    0.00561758      0.999982      -0.31001
     0.999997  -0.000126223   -0.00242342    0.00262462   0.000112671      0.999984    -0.0055913      0.260357    0.00242409    0.00559101      0.999981     -0.325305
     0.999996  -0.000290322   -0.00264696    0.00418305   0.000282468      0.999996   -0.00296717      0.241491    0.00264781    0.00296642      0.999992     -0.330066
     0.999992    0.00052475   -0.00398165   -0.00888509  -0.000529766      0.999999    -0.0012589      0.478916    0.00398099    0.00126099      0.999991     -0.429244
     0.999997   0.000475554    -0.0025394     -0.011425  -0.000491445       0.99998   -0.00626094      0.279125    0.00253638    0.00626217      0.999977     -0.493946
     0.999998   0.000320481   -0.00192714    -0.0172015  -0.000331518      0.999984   -0.00573006      0.243002    0.00192527    0.00573069      0.999982     -0.498788
     0.999998    0.00017239   -0.00181992    -0.0187563  -0.000181527      0.999987   -0.00502175      0.309916    0.00181903    0.00502207      0.999986     -0.496408
     0.999999   0.000215565   -0.00167557     -0.020182   -0.00022338      0.999989   -0.00466521      0.339099    0.00167454    0.00466558      0.999988     -0.495822
     0.999998   0.000256905   -0.00173178   -0.00632279  -0.000264508       0.99999   -0.00439132      0.334987    0.00173063    0.00439177      0.999989     -0.479147
     0.999999   0.000356538   -0.00160246   -0.00586182  -0.000364081      0.999989   -0.00470953      0.352915    0.00160076    0.00471011      0.999988     -0.511125
     0.999998    0.00023165   -0.00186868  -9.58013e-05  -0.000241298      0.999987   -0.00516438      0.385773    0.00186746    0.00516482      0.999985     -0.568777
     0.999998   0.000246173    -0.0020253    0.00290252  -0.000256552      0.999987   -0.00512596       0.36937    0.00202401    0.00512647      0.999985     -0.564761
     0.999998  -7.84455e-05   -0.00207546      0.012162    6.5447e-05       0.99998   -0.00626226      0.304002    0.00207591    0.00626212      0.999978     -0.531154
     0.999998  -0.000296638   -0.00192985     0.0262132   0.000284791      0.999981   -0.00613651      0.384167    0.00193163    0.00613594      0.999979     -0.561825
     0.999998  -0.000134782   -0.00174787     0.0250358   0.000124198      0.999982    -0.0060542      0.336139    0.00174866    0.00605398       0.99998     -0.533656
     0.999998  -0.000149945    -0.0017976     0.0251522    0.00013787      0.999977    -0.0067158      0.371326    0.00179857    0.00671554      0.999976      -0.53432
     0.999998  -0.000212457   -0.00195423     0.0337488   0.000199021      0.999976   -0.00687318      0.384505    0.00195564    0.00687278      0.999974     -0.543537
     0.999998  -0.000211356   -0.00183082     0.0374632   0.000198957      0.999977   -0.00677012      0.385379    0.00183221    0.00676975      0.999975     -0.542717
     0.999999   -8.3696e-05   -0.00167079     0.0258542   7.16403e-05      0.999974   -0.00721432      0.380541    0.00167135    0.00721419      0.999973     -0.534865
     0.999998  -0.000178292   -0.00196884     0.0253758   0.000163307      0.999971   -0.00760881      0.430978    0.00197014    0.00760848      0.999969     -0.543542
     0.999998  -0.000463174   -0.00193013     0.0286469   0.000449104      0.999973   -0.00728375      0.421363    0.00193345    0.00728287      0.999972     -0.547246
     0.999998  -0.000490471   -0.00180985      0.023415   0.000477388      0.999974   -0.00722236      0.375048    0.00181335    0.00722148      0.999972     -0.508664
     0.999998  -0.000566581   -0.00187385     0.0220605   0.000552125       0.99997   -0.00770638      0.433571    0.00187816    0.00770533      0.999969      -0.53638
     0.999998  -0.000669629   -0.00181889     0.0351432   0.000656946      0.999976   -0.00696464      0.403027    0.00182351    0.00696343      0.999974     -0.536408
     0.999997  -0.000632991   -0.00230805     0.0214713   0.000614991      0.999969   -0.00779095      0.372361    0.00231292    0.00778951      0.999967     -0.524928
     0.999997   8.38013e-05   -0.00239239     0.0116073  -0.000102926      0.999968    -0.0079949      0.461935    0.00239164    0.00799512      0.999965     -0.582282
     0.999998   4.37979e-05   -0.00216752    0.00961297  -6.12687e-05      0.999968   -0.00806082      0.384135     0.0021671    0.00806094      0.999965     -0.585888
     0.999997   0.000205283   -0.00233639   -0.00995123  -0.000224125      0.999967   -0.00806686        0.4362    0.00233466    0.00806737      0.999965     -0.597792
     0.999998   0.000284395   -0.00209906     0.0220804  -0.000301427      0.999967   -0.00811827      0.460707    0.00209669    0.00811889      0.999965     -0.613452
     0.999998   0.000310099   -0.00199577     0.0289287  -0.000328964      0.999955   -0.00945928      0.438862    0.00199275    0.00945992      0.999953     -0.583003
     0.999998   0.000436104   -0.00204429      0.030803  -0.000453072      0.999965   -0.00830719      0.382678     0.0020406    0.00830809      0.999963     -0.561474
     0.999998   0.000339324   -0.00208862     0.0212018  -0.000357951       0.99996   -0.00892445      0.469167    0.00208551    0.00892518      0.999958     -0.615723
     0.999997   0.000475272   -0.00229957    0.00496063  -0.000495314      0.999962    -0.0087229      0.416792    0.00229534    0.00872401      0.999959     -0.604359
     0.999998   0.000435013   -0.00213542    0.00772413  -0.000455123      0.999955   -0.00942595      0.438815    0.00213123     0.0094269      0.999953     -0.621656
     0.999998   0.000284048   -0.00219753   -0.00361173  -0.000304751      0.999956   -0.00942611       0.49658    0.00219475    0.00942675      0.999953     -0.660432
     0.999998   0.000412616   -0.00203881    0.00633367   -0.00043167      0.999956   -0.00935417      0.461574    0.00203486    0.00935503      0.999954     -0.642876
     0.999998   0.000339832   -0.00194679    0.00851308  -0.000358718      0.999953   -0.00970883      0.465997     0.0019434    0.00970951      0.999951     -0.634333
     0.999998   0.000244701   -0.00206106     0.0106882  -0.000264659      0.999953   -0.00968835       0.47485     0.0020586    0.00968887      0.999951     -0.646043
     0.999998   0.000202799   -0.00210358     0.0117051  -0.000222358      0.999957   -0.00930186      0.489976     0.0021016    0.00930231      0.999955     -0.651347
     0.999998   0.000331781   -0.00190296   -0.00549675  -0.000348776       0.99996   -0.00893695       0.43026    0.00189992     0.0089376      0.999958     -0.625263
     0.999998    0.00023598   -0.00206949    0.00382475   -0.00025545      0.999956   -0.00941266      0.506916    0.00206717    0.00941317      0.999954     -0.648079
     0.999998   8.91695e-05    -0.0020584    0.00238384  -0.000108097      0.999958   -0.00919681      0.481917    0.00205749    0.00919701      0.999956      -0.65561
     0.999998   0.000386347     -0.001989    -0.0103542  -0.000404143       0.99996   -0.00895441      0.459271    0.00198546    0.00895519      0.999958     -0.640181
     0.999998   0.000344645    -0.0021165  -0.000827371  -0.000363662       0.99996   -0.00899161      0.471461    0.00211331    0.00899236      0.999957     -0.633284
     0.999998   0.000491914   -0.00208017   -0.00443504   -0.00051035      0.999961   -0.00887155      0.452279    0.00207572    0.00887259      0.999958     -0.663102
     0.999998   0.000703667   -0.00192957    -0.0108995  -0.000720852       0.99996   -0.00891994      0.429828    0.00192321    0.00892131      0.999958     -0.647245
     0.999997   0.000641475   -0.00220536   -0.00114651  -0.000662499      0.999954   -0.00954563      0.508848    0.00219913    0.00954706      0.999952     -0.671126
     0.999998   0.000476937   -0.00210845    0.00461824  -0.000496251      0.999958   -0.00916939      0.473043    0.00210399    0.00917042      0.999956     -0.670103
     0.999998   0.000719994   -0.00204781    -0.0064464  -0.000738607      0.999958   -0.00910326      0.432321    0.00204117    0.00910475      0.999956     -0.629935
     0.999997   0.000662723   -0.00221798    -0.0019657  -0.000682018      0.999962    -0.0087098      0.481964    0.00221212    0.00871129       0.99996      -0.63714
     0.999997   0.000631554    -0.0021554    0.00135376  -0.000651161      0.999958   -0.00910804      0.451306    0.00214956    0.00910942      0.999956     -0.646735
     0.999997   0.000642559    -0.0021767   -0.00222002  -0.000662809      0.999956   -0.00931509      0.438381    0.00217061    0.00931651      0.999954     -0.630017
     0.999997   0.000389756   -0.00230874    0.00503975  -0.000411337      0.999956   -0.00935456      0.509461      0.002305    0.00935548      0.999954     -0.672765
     0.999998   0.000369536    -0.0021766   -0.00191477  -0.000388566      0.999962   -0.00874883      0.451334    0.00217328    0.00874965      0.999959     -0.655461
     0.999997   0.000582046   -0.00234037    -0.0174873   -0.00060459      0.999953   -0.00964329      0.544103    0.00233465    0.00964468      0.999951     -0.690853
     0.999997   0.000655301   -0.00244033    -0.0117976   -0.00067699       0.99996   -0.00889755      0.468361     0.0024344    0.00889918      0.999957     -0.677831
     0.999997   0.000544705   -0.00233127    -0.0115329  -0.000565214      0.999961   -0.00880574      0.461078    0.00232639    0.00880703      0.999959      -0.65821
     0.999997   0.000562365   -0.00235466   -0.00607996  -0.000583896      0.999958   -0.00915336      0.460732    0.00234942    0.00915471      0.999955     -0.667925
     0.999997   0.000511076   -0.00241179     0.0018359  -0.000533091      0.999958   -0.00913634      0.499987    0.00240702     0.0091376      0.999955     -0.683068
     0.999997   0.000626252    -0.0023692    0.00122593  -0.000648449      0.999956   -0.00938012      0.504384    0.00236322    0.00938163      0.999953     -0.687005
     0.999997   0.000826969   -0.00222047   -0.00754579  -0.000848392      0.999953   -0.00966438      0.480085    0.00221238    0.00966624      0.999951     -0.670492
     0.999997   0.000841054    -0.0024406    0.00335178  -0.000864893      0.999952   -0.00978304      0.513944    0.00243226    0.00978512      0.999949     -0.682673
     0.999996   0.000898673    -0.0025359    0.00570947   -0.00092281      0.999954    -0.0095331      0.499055    0.00252722     0.0095354      0.999951     -0.682683
     0.999996    0.00121146   -0.00262348   -0.00475869   -0.00123656      0.999953   -0.00958811      0.483828    0.00261174    0.00959132      0.999951     -0.623426
     0.999995    0.00125146   -0.00286597  -0.000518016   -0.00127926      0.999952    -0.0097194      0.528534    0.00285367    0.00972302      0.999949     -0.659486
     0.999996    0.00131864   -0.00246005    -0.0245885   -0.00134114      0.999957   -0.00916893       0.41396    0.00244785    0.00917219      0.999955     -0.633086
     0.999997    0.00103114    -0.0023596    0.00524997   -0.00105343      0.999955   -0.00946618      0.541403    0.00234973    0.00946864      0.999952     -0.674325
     0.999996    0.00105299   -0.00261306    0.00559363   -0.00107565      0.999962   -0.00868642      0.479805    0.00260382    0.00868919      0.999959     -0.646832
     0.999996    0.00119492    -0.0024535   -0.00736157   -0.00121735      0.999957   -0.00916309      0.461458    0.00244244    0.00916604      0.999955     -0.643297
     0.999997   0.000985806   -0.00231134   -0.00903109   -0.00100741      0.999956   -0.00936391      0.528226      0.002302    0.00936621      0.999953     -0.666337
     0.999997     0.0010859   -0.00232639    0.00745804    -0.0011072      0.999957    -0.0091713      0.488058    0.00231633    0.00917385      0.999955     -0.678926
     0.999996    0.00108717   -0.00246053    0.00612132   -0.00111058      0.999954   -0.00953117      0.487174    0.00245005    0.00953387      0.999952     -0.670034
     0.999996   0.000998041   -0.00256655      0.010058   -0.00102219      0.999955   -0.00942596      0.515354    0.00255703    0.00942855      0.999952     -0.677773
     0.999996    0.00104433    -0.0025607    0.00892296   -0.00106856      0.999954   -0.00948028      0.506991    0.00255068    0.00948298      0.999952     -0.687565
     0.999996    0.00115343   -0.00240754    0.00289828   -0.00117583      0.999956   -0.00932303      0.476683    0.00239668    0.00932583      0.999954     -0.659392
     0.999996    0.00117024   -0.00257013   -0.00926536   -0.00119509      0.999952   -0.00968627      0.500986    0.00255867     0.0096893       0.99995     -0.677608
     0.999996   0.000907139   -0.00272949      0.011169  -0.000935109      0.999947    -0.0102635      0.470462    0.00272003      0.010266      0.999944     -0.707804
     0.999996    0.00109241   -0.00250336    0.00717775   -0.00111882      0.999943    -0.0105742      0.433323    0.00249167     0.0105769      0.999941     -0.684288
     0.999996    0.00091918   -0.00282521     0.0233236   -0.00094931      0.999942    -0.0106818      0.518028    0.00281522     0.0106844      0.999939     -0.704772
     0.999996   0.000872562   -0.00276281     0.0237264  -0.000900049       0.99995   -0.00996341      0.431705    0.00275397    0.00996585      0.999947     -0.713014
     0.999996   0.000874018   -0.00272934     0.0194738    -0.0009027      0.999944    -0.0105255      0.434194    0.00271999     0.0105279      0.999941     -0.695613
     0.999995   0.000689053   -0.00293639     0.0370642  -0.000720256      0.999943    -0.0106388      0.472016     0.0029289     0.0106409      0.999939     -0.710216
     0.999996    0.00107758   -0.00277083     0.0385509   -0.00110673      0.999944    -0.0105392      0.434653    0.00275932     0.0105422      0.999941     -0.672831
     0.999995    0.00110951   -0.00289088     0.0353548   -0.00114132      0.999939    -0.0110262      0.439263    0.00287847     0.0110295      0.999935     -0.679558
     0.999996    0.00128124   -0.00233351     0.0399095   -0.00130656       0.99994    -0.0108819      0.466771    0.00231943     0.0108849      0.999938     -0.720594
     0.999996    0.00112888   -0.00251111     0.0589058    -0.0011546      0.999947    -0.0102645      0.413353    0.00249939     0.0102674      0.999944     -0.663491
     0.999996    0.00102904   -0.00271501     0.0535666   -0.00105708      0.999946    -0.0103497      0.456034    0.00270421     0.0103525      0.999943     -0.691864
     0.999995   0.000930515   -0.00290521     0.0598677  -0.000958708      0.999952   -0.00971806      0.428319    0.00289603     0.0097208      0.999949     -0.715868
     0.999996    0.00103866   -0.00273739     0.0533261   -0.00106429      0.999955   -0.00937872      0.413162    0.00272753    0.00938159      0.999952     -0.695014
     0.999996   0.000934344   -0.00282672     0.0436733  -0.000962022      0.999951   -0.00980595      0.453606    0.00281742    0.00980863      0.999948     -0.722265
     0.999996   0.000978019   -0.00273911     0.0370861   -0.00100473      0.999952    -0.0097678      0.432823    0.00272943    0.00977051      0.999949     -0.720007
     0.999996    0.00112049   -0.00269966      0.032702   -0.00114636      0.999953   -0.00959702      0.411441    0.00268878    0.00960007       0.99995     -0.702235
     0.999995    0.00121417   -0.00300768     0.0241878    -0.0012433      0.999952   -0.00970457      0.462707    0.00299576    0.00970825      0.999948     -0.704483
     0.999995    0.00116095   -0.00293705     0.0420813   -0.00118927      0.999953   -0.00966038      0.450183     0.0029257    0.00966383      0.999949     -0.709786
     0.999995    0.00135136   -0.00276341     0.0297258   -0.00137862       0.99995   -0.00988675      0.433563    0.00274991    0.00989052      0.999947     -0.698956
     0.999995    0.00111261   -0.00295154     0.0333681   -0.00114283      0.999947    -0.0102569      0.475183    0.00293997     0.0102602      0.999943     -0.734357
     0.999995    0.00131137   -0.00277679     0.0175673   -0.00133966      0.999947     -0.010211      0.394154    0.00276325     0.0102147      0.999944     -0.686915
     0.999995    0.00126255   -0.00282552     0.0192106   -0.00128986      0.999952   -0.00968258      0.488943    0.00281316    0.00968618      0.999949     -0.708645
     0.999995    0.00126842    -0.0028357     0.0113199   -0.00129814      0.999944    -0.0105027      0.374461    0.00282221     0.0105064      0.999941     -0.706588
     0.999995    0.00122746   -0.00292507     0.0244519   -0.00125984      0.999938    -0.0110942      0.466974    0.00291127     0.0110978      0.999934     -0.739462
     0.999995    0.00100291   -0.00297437     0.0239115   -0.00103614      0.999937    -0.0111923      0.446414    0.00296296     0.0111954      0.999933     -0.758253
     0.999995    0.00114971   -0.00291669     0.0138701   -0.00118197      0.999938     -0.011083      0.395002    0.00290376     0.0110864      0.999934     -0.713208
     0.999994    0.00111359   -0.00313899    0.00689742   -0.00114844      0.999937    -0.0111235      0.447495    0.00312641      0.011127      0.999933     -0.710689
     0.999994    0.00119073   -0.00321353   -0.00268408   -0.00122573       0.99994    -0.0109115      0.432862    0.00320035     0.0109154      0.999935     -0.741556
     0.999995    0.00136009   -0.00294239    -0.0175185   -0.00139081      0.999944    -0.0104621       0.41321      0.002928     0.0104661      0.999941     -0.704029
     0.999994    0.00131645   -0.00323412    -0.0220599   -0.00135315      0.999934    -0.0113718      0.458365    0.00321894     0.0113762       0.99993     -0.744254
     0.999993    0.00143866   -0.00330668    -0.0244787   -0.00147552      0.999937    -0.0111703      0.464735     0.0032904     0.0111751      0.999932     -0.769551
     0.999994     0.0015298   -0.00324719    -0.0324388   -0.00156515      0.999939    -0.0109115      0.415502     0.0032303     0.0109166      0.999935     -0.729746
     0.999992    0.00177027   -0.00346752    -0.0367155   -0.00181002      0.999932    -0.0114922      0.479743    0.00344694     0.0114984      0.999928     -0.754901
     0.999993    0.00173251   -0.00344211    -0.0318849   -0.00177159      0.999934    -0.0113832      0.469009    0.00342216     0.0113892      0.999929     -0.774886
     0.999992    0.00179229   -0.00350032    -0.0397417   -0.00183183      0.999934    -0.0113246      0.409315     0.0034798     0.0113309       0.99993     -0.729013
     0.999991    0.00183377   -0.00375554    -0.0307101   -0.00187819      0.999928    -0.0118606      0.498876    0.00373352     0.0118675      0.999923     -0.743002
     0.999992    0.00189905   -0.00349451    -0.0466902   -0.00193752      0.999937     -0.011038      0.361913    0.00347332     0.0110446      0.999933     -0.706825
     0.999991    0.00203495   -0.00360354      -0.04803   -0.00207616      0.999932    -0.0114677      0.444797    0.00357996     0.0114751      0.999928     -0.714839
      0.99999    0.00190164   -0.00393953      -0.05952   -0.00194809      0.999928    -0.0118195      0.445892    0.00391677      0.011827      0.999922      -0.77848
      0.99999     0.0019834   -0.00404711     -0.071458   -0.00203109      0.999928    -0.0118149      0.442268    0.00402338      0.011823      0.999922     -0.734361
     0.999992    0.00152103   -0.00357592    -0.0574886   -0.00155427      0.999955   -0.00931105      0.532068     0.0035616    0.00931653       0.99995     -0.697812
     0.999991    0.00150382   -0.00388726    -0.0677675   -0.00154148      0.999952   -0.00970207      0.427894    0.00387249    0.00970798      0.999945      -0.68011
     0.999989    0.00161063   -0.00439669    -0.0705485   -0.00165366      0.999951   -0.00980031      0.518203    0.00438069    0.00980747      0.999942     -0.719879
     0.999989    0.00156313   -0.00431546     -0.062107   -0.00160991       0.99994    -0.0108578      0.419112    0.00429822     0.0108646      0.999932     -0.685202
     0.999989    0.00142926   -0.00453594    -0.0728885   -0.00147767      0.999942    -0.0106877      0.483275     0.0045204     0.0106943      0.999933      -0.76177
     0.999989     0.0015311   -0.00437272    -0.0552388   -0.00157837       0.99994    -0.0108273      0.431797    0.00435588     0.0108341      0.999932     -0.757978
     0.999987    0.00150632   -0.00493839    -0.0483961   -0.00155612      0.999948     -0.010096      0.455723    0.00492292     0.0101035      0.999937     -0.768016
     0.999987    0.00138533   -0.00492671     -0.052285   -0.00143647      0.999945    -0.0103915      0.458512    0.00491204     0.0103985      0.999934     -0.789869
     0.999987    0.00145067   -0.00498399    -0.0557277   -0.00150432      0.999941    -0.0107771      0.482251    0.00496806     0.0107844       0.99993     -0.793177
     0.999987     0.0016192   -0.00480807    -0.0707271   -0.00167539       0.99993    -0.0117042      0.510269    0.00478878     0.0117121       0.99992     -0.844742
     0.999987    0.00150401   -0.00493357    -0.0560216   -0.00155849      0.999938    -0.0110557      0.441123    0.00491664     0.0110632      0.999927     -0.820743
     0.999986     0.0015865   -0.00498615    -0.0546518   -0.00164322      0.999934    -0.0113923      0.462725    0.00496775     0.0114004      0.999923     -0.814934
     0.999985    0.00150392   -0.00519383     -0.052713   -0.00156446      0.999931    -0.0116725        0.4972    0.00517591     0.0116805      0.999918     -0.849642
     0.999987    0.00170134   -0.00487735    -0.0669881   -0.00175814       0.99993    -0.0116662      0.389128    0.00485716     0.0116747       0.99992     -0.828196
     0.999989    0.00176114    -0.0042967    -0.0461486   -0.00181362      0.999923     -0.012242      0.523303    0.00427481     0.0122497      0.999916     -0.894782
     0.999986    0.00201461   -0.00490103    -0.0431214   -0.00207518      0.999921    -0.0123848      0.440637     0.0048757     0.0123948      0.999911     -0.873707
     0.999986    0.00187802   -0.00496602    -0.0429782   -0.00194008       0.99992    -0.0125208      0.506254    0.00494211     0.0125302      0.999909     -0.902419
     0.999986    0.00208462   -0.00492053     -0.056208   -0.00214583       0.99992    -0.0124691      0.419441    0.00489415     0.0124795       0.99991     -0.882873
      0.99999    0.00135866   -0.00421274   -0.00900232   -0.00140518      0.999938    -0.0110586      0.526208    0.00419745     0.0110644       0.99993     -0.865409
     0.999994    0.00164955   -0.00299791    -0.0277045    -0.0016833      0.999935    -0.0112879      0.506662     0.0029791     0.0112929      0.999932     -0.793858
     0.999992    0.00157123   -0.00368725    -0.0210071   -0.00160989      0.999944    -0.0105061      0.503648    0.00367054     0.0105119      0.999938     -0.828075
     0.999992    0.00165254   -0.00359314    -0.0297068   -0.00169382      0.999932    -0.0115148      0.422762    0.00357387     0.0115208      0.999927     -0.807525
     0.999991    0.00154137   -0.00390279    -0.0302783   -0.00158821      0.999926    -0.0120281      0.468356    0.00388396     0.0120342       0.99992     -0.860979
     0.999991    0.00174275   -0.00382355    -0.0507378   -0.00178554      0.999935    -0.0112172       0.40859    0.00380375     0.0112239       0.99993     -0.842653
     0.999992    0.00155869   -0.00364573     -0.033774   -0.00160065      0.999932    -0.0115363        0.4805     0.0036275      0.011542      0.999927     -0.874505
     0.999993    0.00158392   -0.00351454    -0.0359018   -0.00162508       0.99993    -0.0117379      0.386084     0.0034957     0.0117436      0.999925     -0.826473
     0.999991    0.00157965   -0.00391803    -0.0312543   -0.00162598      0.999928    -0.0118503      0.496904    0.00389903     0.0118566      0.999922     -0.858254
      0.99999    0.00191196   -0.00394663    -0.0331922   -0.00195778       0.99993    -0.0116388      0.401774     0.0039241     0.0116464      0.999924     -0.835566
     0.999992    0.00150694    -0.0038224    -0.0241964   -0.00155383      0.999923    -0.0122962      0.506192    0.00380357      0.012302      0.999917      -0.87183
     0.999992    0.00164641   -0.00374788    -0.0283321   -0.00169082      0.999928    -0.0118778      0.397474    0.00372806      0.011884      0.999922     -0.856535
     0.999992    0.00165185   -0.00363405    -0.0254593   -0.00169504      0.999928     -0.011912      0.549408    0.00361411     0.0119181      0.999922     -0.861267
     0.999991     0.0017807   -0.00390068    -0.0175583   -0.00182951       0.99992    -0.0125463      0.354312    0.00387803     0.0125533      0.999914     -0.822847
     0.999991    0.00181417   -0.00391097    -0.0161895   -0.00186295       0.99992    -0.0125044      0.419679    0.00388797     0.0125115      0.999914     -0.849201
     0.999991    0.00206937    -0.0036494    -0.0229708   -0.00211343      0.999924    -0.0121124      0.396922    0.00362406       0.01212       0.99992       -0.8161
     0.999991    0.00201725   -0.00386008    -0.0192925   -0.00206528       0.99992    -0.0124807      0.465158    0.00383459     0.0124885      0.999915     -0.854856
      0.99999    0.00210858   -0.00397578    -0.0258442   -0.00215724      0.999922    -0.0122761      0.404434    0.00394959     0.0122846      0.999917     -0.849603
      0.99999    0.00216001   -0.00389155    -0.0279406   -0.00220869      0.999919     -0.012548       0.40893    0.00386413     0.0125564      0.999914     -0.821816
      0.99999    0.00205997   -0.00386749    -0.0189432   -0.00211067      0.999911    -0.0131503       0.46023    0.00384006     0.0131583      0.999906     -0.854601
      0.99999    0.00218033   -0.00386014    -0.0162238   -0.00222889      0.999918    -0.0126199      0.372563    0.00383231     0.0126284      0.999913     -0.809971
      0.99999    0.00207198   -0.00390755    -0.0178817    -0.0021219      0.999916    -0.0128159      0.410398    0.00388067      0.012824       0.99991     -0.820844
      0.99999     0.0020926   -0.00392477    -0.0151474   -0.00214269      0.999916    -0.0128016      0.432033    0.00389765     0.0128099       0.99991     -0.849361
      0.99999    0.00202999   -0.00388299     -0.015652   -0.00207919      0.999917    -0.0127104      0.382409    0.00385687     0.0127183      0.999912     -0.821233
      0.99999     0.0020047   -0.00394272   -0.00994055   -0.00205687       0.99991    -0.0132725      0.392078    0.00391576     0.0132804      0.999904     -0.797915
     0.999992      0.001826   -0.00369431    0.00729228   -0.00185845       0.99996   -0.00880168      0.352298    0.00367809    0.00880847      0.999954     -0.642887
     0.999991    0.00204336   -0.00378284    0.00259525   -0.00207792      0.999956   -0.00915626      0.273518    0.00376397    0.00916403      0.999951     -0.594857
     0.999991    0.00190512   -0.00388889    0.00991185   -0.00194301       0.99995    -0.0097623      0.367279     0.0038701    0.00976976      0.999945     -0.673847
     0.999991    0.00195834   -0.00377186      0.011656    -0.0019959      0.999948   -0.00998031      0.334229    0.00375212    0.00998774      0.999943     -0.691694
     0.999991    0.00199058   -0.00380813    0.00668634   -0.00202906      0.999947    -0.0101291      0.327274    0.00378776     0.0101368      0.999941     -0.659708
      0.99999    0.00200178   -0.00394168     0.0118005   -0.00204143      0.999947    -0.0100826      0.368637    0.00392129     0.0100905      0.999941     -0.682822
     0.999992    0.00203837   -0.00357825    0.00531053   -0.00207307      0.999951   -0.00972004      0.314898    0.00355826    0.00972737      0.999946     -0.666763
      0.99999     0.0020968   -0.00396921     0.0164931   -0.00213647      0.999948    -0.0100174      0.379711      0.003948     0.0100258      0.999942     -0.690267
      0.99999    0.00208776   -0.00399739     0.0224373   -0.00212747      0.999948   -0.00995733      0.373138    0.00397639    0.00996573      0.999942      -0.71924
      0.99999    0.00219771    -0.0038208     0.0140492   -0.00223474       0.99995   -0.00971432       0.32662    0.00379926    0.00972277      0.999946     -0.678703
      0.99999    0.00216545   -0.00388651     0.0156524   -0.00220386      0.999949   -0.00990651      0.345287    0.00386485    0.00991497      0.999943     -0.661696
      0.99999    0.00201402   -0.00398277     0.0214019   -0.00205449      0.999946    -0.0101835      0.368187    0.00396205     0.0101916       0.99994     -0.691941
     0.999991    0.00217197   -0.00366906     0.0182035   -0.00220712      0.999951   -0.00960262      0.299825    0.00364802    0.00961063      0.999947     -0.664067
     0.999991    0.00211575   -0.00372097      0.014017   -0.00215329      0.999947     -0.010114      0.411335    0.00369937     0.0101219      0.999942     -0.682422
     0.999991    0.00195738   -0.00388744     0.0212552   -0.00199556       0.99995   -0.00984007      0.332937    0.00386799    0.00984774      0.999944     -0.691435
     0.999991    0.00180881   -0.00379759     0.0299687   -0.00184488      0.999953   -0.00951698      0.302019     0.0037802     0.0095239      0.999948     -0.667885
      0.99999    0.00162278   -0.00411595     0.0311271   -0.00166277      0.999951   -0.00973033      0.351146    0.00409996    0.00973707      0.999944     -0.687688
      0.99999    0.00170793   -0.00408356     0.0318449   -0.00174561      0.999956   -0.00924089       0.33213     0.0040676    0.00924793      0.999949     -0.673245
     0.999991     0.0016295   -0.00398414     0.0369567   -0.00166637      0.999956   -0.00926765      0.306016    0.00396886     0.0092742      0.999949     -0.647194
      0.99999    0.00164154   -0.00423182      0.042236   -0.00168169      0.999953   -0.00950292      0.334947    0.00421602    0.00950993      0.999946     -0.676634
      0.99999    0.00151545   -0.00413202     0.0438654   -0.00155483      0.999953   -0.00954485       0.34468    0.00411736    0.00955118      0.999946     -0.687078
      0.99999    0.00157022   -0.00429034     0.0443352   -0.00160941      0.999957   -0.00914642      0.271883    0.00427579    0.00915323      0.999949     -0.648439
      0.99999    0.00132478   -0.00435366     0.0427906   -0.00136557      0.999955   -0.00937944      0.281191    0.00434104    0.00938529      0.999947     -0.639406
     0.999989     0.0015094   -0.00440851     0.0371629   -0.00154756      0.999961   -0.00866562      0.291355    0.00439526    0.00867235      0.999953     -0.641326
