# 3dvolreg matrices (DICOM-to-DICOM, row-by-row):
     0.999977   0.000636011   -0.00670874     0.0302512   -0.00066211      0.999992   -0.00388882     -0.232386    0.00670622    0.00389317       0.99997      -1.50286
     0.999976   0.000647569   -0.00683884     0.0325816  -0.000677102       0.99999   -0.00431694     -0.211143    0.00683598    0.00432147      0.999967      -1.53565
     0.999978   0.000672378   -0.00667252     0.0395424   -0.00070173       0.99999   -0.00439743      -0.24796    0.00666949    0.00440202      0.999968      -1.52615
     0.999977   0.000674024   -0.00672266     0.0341672  -0.000708237      0.999987   -0.00508809     -0.188524    0.00671914    0.00509274      0.999964      -1.54833
     0.999975    0.00057994   -0.00703612     0.0428026  -0.000614862      0.999987   -0.00496208     -0.167525    0.00703315    0.00496629      0.999963      -1.57405
     0.999975   0.000844801    -0.0070114     0.0422795  -0.000877926      0.999988   -0.00472278     -0.201142    0.00700733    0.00472881      0.999964       -1.5724
     0.999974   0.000885173   -0.00714956      0.047238  -0.000923281      0.999985   -0.00532849     -0.161771    0.00714474    0.00533495       0.99996       -1.5799
     0.999974   0.000819404   -0.00722456      0.043971  -0.000853146      0.999989   -0.00466862     -0.181402    0.00722066    0.00467466      0.999963      -1.59592
     0.999973    0.00109525   -0.00732083     0.0434886    -0.0011335      0.999986   -0.00522338     -0.201681      0.007315    0.00523154       0.99996      -1.57793
     0.999971   0.000992132   -0.00750841     0.0539189   -0.00103419      0.999984   -0.00559925     -0.162558    0.00750273    0.00560685      0.999956      -1.60521
     0.999971     0.0010528   -0.00748517     0.0579182   -0.00109439      0.999984   -0.00555394     -0.186689     0.0074792    0.00556197      0.999957      -1.58674
     0.999971    0.00116029   -0.00756395     0.0518511   -0.00120181      0.999984   -0.00548698     -0.208787    0.00755747    0.00549591      0.999956      -1.58618
      0.99997    0.00106293   -0.00770186     0.0577118   -0.00110825      0.999982   -0.00588165     -0.194886    0.00769547    0.00589001      0.999953      -1.59699
      0.99997       0.00119   -0.00764839     0.0577245   -0.00123323      0.999983   -0.00565058     -0.189368    0.00764154    0.00565984      0.999955      -1.60827
     0.999968      0.001254   -0.00787108      0.063252   -0.00130017      0.999982   -0.00586285     -0.205805    0.00786359    0.00587289      0.999952      -1.59533
     0.999966     0.0012341   -0.00809386     0.0666823   -0.00128569      0.999979   -0.00637186     -0.173753    0.00808583    0.00638205      0.999947      -1.62593
     0.999968    0.00126718   -0.00795603     0.0674295    -0.0013143      0.999982   -0.00592062     -0.189646    0.00794838    0.00593088      0.999951        -1.621
     0.999965     0.0011759   -0.00823525     0.0740286    -0.0012248      0.999982   -0.00593523     -0.204939    0.00822812    0.00594511      0.999948      -1.58781
     0.999964    0.00098211   -0.00842423     0.0811838   -0.00103359      0.999981   -0.00610915       -0.1745    0.00841807    0.00611763      0.999946      -1.59421
     0.999968    0.00109548   -0.00795637      0.066142   -0.00114285      0.999982   -0.00595193     -0.226643     0.0079497    0.00596083      0.999951      -1.59667
     0.999967    0.00119057   -0.00802422     0.0599446   -0.00124085       0.99998    -0.0062646     -0.199153     0.0080166    0.00627435      0.999948      -1.58487
     0.999966    0.00105854   -0.00816449     0.0731222   -0.00110885       0.99998   -0.00616025     -0.182492    0.00815781    0.00616909      0.999948      -1.60211
     0.999967    0.00118758   -0.00804661     0.0523807   -0.00123775       0.99998   -0.00623269     -0.195183    0.00803905    0.00624244      0.999948      -1.60985
     0.999968    0.00137537   -0.00792441     0.0559334   -0.00142474       0.99998   -0.00622785      -0.19403    0.00791568    0.00623893      0.999949      -1.60558
     0.999967    0.00117676   -0.00809423      0.064145   -0.00122623      0.999981   -0.00610925      -0.14367    0.00808688    0.00611897      0.999949       -1.6343
     0.999966    0.00111242   -0.00823102     0.0623188   -0.00116174      0.999981   -0.00599023      -0.16016    0.00822421    0.00599958      0.999948      -1.61512
     0.999965    0.00119304   -0.00826875     0.0593799    -0.0012439       0.99998   -0.00614814     -0.173742    0.00826125    0.00615821      0.999947      -1.62587
     0.999965    0.00128323   -0.00832408     0.0623427    -0.0013397      0.999976   -0.00678267     -0.153243    0.00831518    0.00679359      0.999942       -1.6255
     0.999964    0.00112735   -0.00840653     0.0616674   -0.00118215      0.999978   -0.00651642     -0.126824      0.008399    0.00652612      0.999943      -1.64848
     0.999963    0.00117576   -0.00846884     0.0615385   -0.00123242      0.999977   -0.00668793     -0.167473    0.00846078    0.00669812      0.999942      -1.62962
     0.999963    0.00118346   -0.00847148     0.0626918   -0.00123953      0.999977   -0.00661658     -0.166604    0.00846346    0.00662684      0.999942      -1.63304
     0.999961    0.00123746   -0.00874253     0.0635194   -0.00130097      0.999973    -0.0072628     -0.141326    0.00873331    0.00727389      0.999935      -1.66131
     0.999961    0.00114258   -0.00875406     0.0639918   -0.00120139      0.999977   -0.00671587     -0.141682    0.00874618    0.00672612      0.999939      -1.65883
     0.999961    0.00119375   -0.00870231     0.0630062   -0.00125152      0.999977   -0.00663616     -0.183949    0.00869419    0.00664679       0.99994      -1.62758
      0.99996    0.00108581   -0.00883617     0.0646727   -0.00114982      0.999973   -0.00724306     -0.156437    0.00882806    0.00725294      0.999935      -1.64124
     0.999958    0.00119954   -0.00912209     0.0656034   -0.00126709      0.999972    -0.0074027     -0.161194    0.00911295    0.00741395      0.999931      -1.67127
     0.999958    0.00124417   -0.00905878     0.0662813   -0.00131005      0.999973   -0.00727023     -0.193623    0.00904949    0.00728179      0.999933      -1.66402
     0.999957    0.00123744   -0.00919847     0.0630704   -0.00130304      0.999974   -0.00712938     -0.148758     0.0091894    0.00714106      0.999932      -1.64772
     0.999958    0.00136852   -0.00902995     0.0532444    -0.0014301      0.999976   -0.00681741     -0.175168     0.0090204    0.00683004      0.999936      -1.65026
     0.999961    0.00127774   -0.00871332      0.046799   -0.00132736      0.999983    -0.0056912     -0.205638     0.0087059    0.00570255      0.999946      -1.60961
     0.999961    0.00134152    -0.0087524     0.0507119   -0.00139482      0.999981   -0.00608687      -0.14683    0.00874407    0.00609884      0.999943      -1.63629
     0.999958    0.00134258   -0.00909089     0.0554786   -0.00139875       0.99998   -0.00617518     -0.195105    0.00908242    0.00618764       0.99994       -1.6082
     0.999957    0.00128636   -0.00920992     0.0586539   -0.00134756      0.999977   -0.00664141     -0.137172    0.00920117    0.00665353      0.999936      -1.64261
     0.999957    0.00135652   -0.00916432     0.0500301   -0.00141284       0.99998   -0.00614198     -0.152595     0.0091558    0.00615466      0.999939      -1.65049
     0.999957    0.00146964    -0.0091431     0.0534968   -0.00152831      0.999978    -0.0064137     -0.135316    0.00913348     0.0064274      0.999938      -1.61916
     0.999957    0.00135038   -0.00914772     0.0459822   -0.00141086      0.999977   -0.00660804     -0.115601    0.00913859    0.00662066      0.999936      -1.63063
     0.999957     0.0015377   -0.00915649      0.041517   -0.00159799      0.999977   -0.00658072     -0.168857    0.00914616    0.00659507      0.999936      -1.60708
     0.999957    0.00151426   -0.00909577     0.0418348   -0.00157703      0.999975   -0.00689863     -0.151528    0.00908509    0.00691268      0.999935      -1.62196
     0.999957    0.00137327   -0.00914063     0.0430642   -0.00143325      0.999977   -0.00655907     -0.149376    0.00913142    0.00657189      0.999937      -1.64388
     0.999957     0.0014664    -0.0091196     0.0412238   -0.00152638      0.999977   -0.00657377     -0.184437    0.00910975    0.00658741      0.999937       -1.6257
     0.999957     0.0014667   -0.00912356     0.0418897   -0.00153056      0.999974   -0.00699604     -0.165767    0.00911306    0.00700971      0.999934      -1.62564
     0.999955    0.00146899   -0.00932627     0.0421458   -0.00153323      0.999975   -0.00688453     -0.157034    0.00931592    0.00689852      0.999933      -1.63778
     0.999957    0.00136167   -0.00912721     0.0423395   -0.00142187      0.999977   -0.00659247     -0.184058    0.00911803    0.00660516      0.999937      -1.63504
     0.999956    0.00138849   -0.00928145     0.0514754   -0.00145328      0.999975   -0.00697711     -0.183747    0.00927152    0.00699029      0.999933      -1.65061
     0.999954    0.00137511   -0.00950131     0.0563918     -0.001442      0.999974   -0.00703697     -0.148786    0.00949139    0.00705035       0.99993      -1.65943
     0.999955    0.00139731   -0.00933757     0.0509548   -0.00146037      0.999976    -0.0067495     -0.203303    0.00932792    0.00676284      0.999934      -1.64502
     0.999954    0.00145051   -0.00948171     0.0528507    -0.0015205      0.999972   -0.00737828     -0.175933    0.00947074    0.00739236      0.999928      -1.65724
     0.999952    0.00132718   -0.00968083     0.0550984   -0.00139988      0.999971   -0.00750653     -0.176717    0.00967059    0.00751972      0.999925      -1.70249
     0.999952    0.00137872   -0.00965991     0.0637919   -0.00144547      0.999975   -0.00690636     -0.206741    0.00965015       0.00692      0.999929      -1.68295
      0.99995    0.00130305   -0.00992055     0.0686722   -0.00137705      0.999971   -0.00745595     -0.178514    0.00991055    0.00746924      0.999923      -1.68851
     0.999951    0.00139781   -0.00982882     0.0568497   -0.00147012      0.999972   -0.00735367     -0.151392    0.00981827    0.00736776      0.999925      -1.71613
      0.99995    0.00143238    -0.0098691     0.0566517   -0.00150411      0.999972   -0.00726405     -0.178117    0.00985843    0.00727854      0.999925      -1.70372
      0.99995    0.00153141   -0.00987156      0.051496   -0.00160642       0.99997   -0.00759548     -0.142605    0.00985963    0.00761096      0.999922      -1.69466
      0.99995    0.00149192   -0.00987246     0.0480546   -0.00156601      0.999971   -0.00750115     -0.120864    0.00986098    0.00751623      0.999923      -1.71706
      0.99995    0.00160995   -0.00984764      0.045158   -0.00168012      0.999973   -0.00712121     -0.174202    0.00983591     0.0071374      0.999926      -1.66891
     0.999946    0.00132897    -0.0102608     0.0611723   -0.00140973      0.999968   -0.00786805     -0.102946       0.01025     0.0078821      0.999916      -1.69448
     0.999948    0.00141279    -0.0100734     0.0556676   -0.00148855      0.999971    -0.0075177      -0.12101     0.0100625     0.0075323      0.999921      -1.71062
     0.999948    0.00149314    -0.0100778     0.0632884   -0.00157287      0.999967   -0.00790777     -0.136776     0.0100657    0.00792321      0.999918      -1.70031
     0.999944    0.00155766    -0.0105024     0.0744978   -0.00165142      0.999959   -0.00892553    -0.0877812      0.010488    0.00894237      0.999905      -1.71757
     0.999943    0.00152137    -0.0105397      0.064208    -0.0016141       0.99996   -0.00879517    -0.0755473     0.0105259    0.00881168      0.999906      -1.73326
     0.999946    0.00162962    -0.0103116     0.0571473   -0.00171711      0.999963   -0.00848191     -0.106071     0.0102974    0.00849915      0.999911      -1.73235
     0.999944    0.00174348    -0.0104717     0.0665407   -0.00183985      0.999956   -0.00920125    -0.0995251     0.0104552       0.00922      0.999903      -1.75928
     0.999943    0.00178129    -0.0105299     0.0614089   -0.00188405      0.999951   -0.00975707    -0.0639215      0.010512    0.00977635      0.999897      -1.78082
     0.999944    0.00172397    -0.0104681     0.0528601   -0.00182411      0.999953   -0.00956343    -0.0721647     0.0104511    0.00958198      0.999899      -1.80211
     0.999943    0.00178476     -0.010489     0.0482177   -0.00188425      0.999953    -0.0094835    -0.0886767     0.0104716    0.00950273        0.9999        -1.774
     0.999943    0.00176548    -0.0104856     0.0430889   -0.00186348      0.999955   -0.00934349    -0.0658464     0.0104686     0.0093625      0.999901      -1.79385
     0.999944    0.00180599    -0.0104463     0.0451835   -0.00190138      0.999957   -0.00912863    -0.0526925     0.0104294    0.00914798      0.999904      -1.81582
     0.999944    0.00184548    -0.0103819      0.039071   -0.00193867      0.999958   -0.00897338    -0.0985935     0.0103649    0.00899301      0.999906      -1.79108
     0.999945     0.0018413    -0.0103714     0.0401438   -0.00193776      0.999955   -0.00929797    -0.0726395     0.0103538    0.00931755      0.999903      -1.78701
     0.999944    0.00176356    -0.0104194     0.0376844   -0.00185853      0.999957   -0.00911172    -0.0684128     0.0104029    0.00913057      0.999904      -1.79589
     0.999944    0.00196645    -0.0104053     0.0471279   -0.00205902      0.999958    -0.0088937     -0.108189     0.0103873    0.00891463      0.999906       -1.7557
     0.999941    0.00182529    -0.0106661     0.0486331   -0.00192618      0.999953   -0.00945667    -0.0450746     0.0106483    0.00947666      0.999898      -1.80821
     0.999941    0.00179467    -0.0106822     0.0469112   -0.00189007      0.999958   -0.00892798     -0.100146     0.0106657    0.00894765      0.999903      -1.79117
     0.999943    0.00171953    -0.0105159     0.0511285   -0.00181525      0.999957   -0.00909964     -0.118579     0.0104998    0.00911821      0.999903      -1.76215
     0.999942    0.00160542     -0.010605     0.0565978   -0.00170198      0.999957   -0.00910274     -0.096673     0.0105899    0.00912027      0.999902       -1.7803
     0.999942      0.001581    -0.0106232      0.049866   -0.00167665      0.999958   -0.00900123     -0.127825     0.0106085    0.00901852      0.999903      -1.78104
     0.999942     0.0015202    -0.0106757     0.0527457   -0.00161385       0.99996   -0.00876915     -0.121515     0.0106619    0.00878586      0.999905      -1.77141
     0.999941    0.00153349    -0.0107434     0.0472449   -0.00163029      0.999958   -0.00900728    -0.0995345     0.0107291    0.00902427      0.999902      -1.79878
     0.999941    0.00160667    -0.0107181     0.0463613   -0.00169762      0.999963   -0.00848205     -0.155706      0.010704    0.00849975      0.999907      -1.79185
     0.999933    0.00143813       -0.0115     0.0597601   -0.00153618      0.999963   -0.00852167     0.0356102     0.0114873    0.00853876      0.999898      -1.80332
     0.999937    0.00143572    -0.0110916      0.054725   -0.00152961      0.999963   -0.00846066     -0.165976      0.011079     0.0084771      0.999903      -1.73962
     0.999941    0.00112332    -0.0108428     0.0568208   -0.00119631      0.999977   -0.00672812     -0.251854      0.010835     0.0067407      0.999919      -1.71861
     0.999941    0.00124666    -0.0108106     0.0492295   -0.00132132      0.999975   -0.00690185      -0.17038     0.0108017    0.00691573      0.999918      -1.73277
     0.999942     0.0010451    -0.0106998     0.0397751   -0.00112029      0.999975   -0.00702294     -0.135976     0.0106922    0.00703452      0.999918      -1.77753
      0.99994    0.00128514    -0.0109175     0.0426998   -0.00135891      0.999976    -0.0067526     -0.150125     0.0109086    0.00676702      0.999918      -1.75514
     0.999939     0.0013776    -0.0109161     0.0410763   -0.00145515      0.999974   -0.00709927    -0.0931451      0.010906    0.00711472      0.999915      -1.79793
      0.99994    0.00123277    -0.0108782     0.0410564     -0.001311      0.999973   -0.00718658    -0.0993176      0.010869    0.00720041      0.999915      -1.83928
     0.999938    0.00135384    -0.0110793     0.0495441   -0.00143179      0.999974   -0.00703108     -0.131212     0.0110695     0.0070465      0.999914      -1.79287
     0.999935    0.00123546    -0.0113736      0.051918   -0.00131939      0.999972   -0.00737462     -0.105741     0.0113642    0.00738914      0.999908      -1.81277
     0.999934    0.00105048    -0.0114108     0.0520878   -0.00113566      0.999972   -0.00746137     -0.129432     0.0114026    0.00747384      0.999907      -1.81296
     0.999937    0.00114858    -0.0112073     0.0495488   -0.00123117      0.999972   -0.00736503     -0.133286     0.0111985    0.00737836       0.99991      -1.79221
     0.999933   0.000962777    -0.0115576     0.0614939   -0.00105205       0.99997   -0.00772077    -0.0838424     0.0115498    0.00773241      0.999903       -1.7849
     0.999935   0.000955032    -0.0113314     0.0512454   -0.00103695      0.999973   -0.00722572    -0.0983126     0.0113241      0.007237       0.99991      -1.79589
     0.999934   0.000850057    -0.0114413     0.0603807  -0.000930133      0.999975   -0.00699536     -0.152049      0.011435    0.00700554       0.99991      -1.76814
     0.999934   0.000770018    -0.0114652     0.0525101  -0.000856505      0.999971   -0.00754043    -0.0760559     0.0114591    0.00754976      0.999906      -1.80983
     0.999936   0.000986086    -0.0113141     0.0499271   -0.00107105      0.999971   -0.00750585      -0.11806     0.0113064    0.00751748      0.999908      -1.81103
     0.999935   0.000949245     -0.011401     0.0525454    -0.0010392      0.999968   -0.00788665     -0.119904     0.0113931    0.00789798      0.999904      -1.78967
     0.999935   0.000930896    -0.0113821     0.0551021    -0.0010235      0.999966   -0.00813292    -0.0711343     0.0113742    0.00814404      0.999902      -1.82841
     0.999935   0.000721113    -0.0113739     0.0592936   -0.00079338       0.99998   -0.00635051     -0.175204     0.0113691    0.00635912      0.999915      -1.75046
     0.999935   0.000871974    -0.0113973     0.0550763  -0.000942382       0.99998   -0.00617369      -0.19618     0.0113917    0.00618403      0.999916      -1.70666
     0.999931   0.000689384    -0.0117321     0.0671344   -0.00077197      0.999975   -0.00703631      -0.12855     0.0117269    0.00704488      0.999906      -1.77168
     0.999931   0.000689696    -0.0116934     0.0670285  -0.000770358      0.999976     -0.006895     -0.175845     0.0116884    0.00690353      0.999908      -1.74868
     0.999931   0.000791572    -0.0116817     0.0662994  -0.000879544      0.999971   -0.00752757     -0.148258     0.0116754    0.00753733      0.999903      -1.77556
      0.99993   0.000562346    -0.0118166     0.0660409   -0.00065815      0.999967   -0.00810526     -0.118823     0.0118116    0.00811247      0.999897      -1.81112
      0.99993   0.000434214    -0.0118625     0.0700831  -0.000534519      0.999964   -0.00845369     -0.128697     0.0118584    0.00845943      0.999894      -1.84588
     0.999929   0.000390078    -0.0119496     0.0752091  -0.000487208      0.999967   -0.00812638     -0.150394     0.0119461    0.00813163      0.999896      -1.84223
     0.999926   0.000325944    -0.0121227     0.0801671  -0.000424698      0.999967   -0.00814452     -0.131623     0.0121197    0.00814907      0.999893      -1.82849
     0.999924   0.000347495    -0.0123203     0.0754386    -0.0004514      0.999964   -0.00843189    -0.0910721     0.0123169    0.00843681      0.999889      -1.87307
     0.999924   0.000529083    -0.0122927     0.0782414  -0.000631578      0.999965   -0.00833547     -0.141608     0.0122879    0.00834261       0.99989      -1.84871
     0.999922   0.000449861    -0.0124968     0.0813786  -0.000560381      0.999961    -0.0088418    -0.0997256     0.0124923    0.00884812      0.999883      -1.86827
     0.999922   0.000428658    -0.0125025     0.0762071  -0.000536258      0.999963   -0.00860422     -0.128008     0.0124983    0.00861025      0.999885      -1.88399
     0.999923   0.000376762    -0.0123851     0.0740859  -0.000480028      0.999965   -0.00833601     -0.149473     0.0123815    0.00834131      0.999889       -1.8524
     0.999921   0.000331719    -0.0125634     0.0679826  -0.000442846      0.999961   -0.00884361    -0.0931841       0.01256    0.00884847      0.999882      -1.87776
     0.999923   0.000261366    -0.0123683     0.0623193  -0.000366298      0.999964   -0.00848241     -0.146258     0.0123657     0.0084863      0.999888      -1.86626
     0.999923   0.000223272    -0.0124027     0.0674288  -0.000326414      0.999965   -0.00831473     -0.147549     0.0124004    0.00831814      0.999889      -1.86995
     0.999924   0.000313696    -0.0123324     0.0648078  -0.000414454      0.999967    -0.0081685     -0.151762     0.0123294    0.00817299      0.999891      -1.85964
     0.999922   0.000210135    -0.0124927     0.0692815  -0.000317189      0.999963   -0.00856795     -0.125817     0.0124904    0.00857124      0.999885      -1.88697
     0.999924    0.00013048    -0.0123363     0.0637732  -0.000233227      0.999965   -0.00832783     -0.147977     0.0123347    0.00833008      0.999889      -1.86934
     0.999924    6.5614e-05    -0.0123452     0.0693756   -0.00016513      0.999968   -0.00806022     -0.153518     0.0123443    0.00806165      0.999891      -1.85955
     0.999921   0.000151266    -0.0125447     0.0652159  -0.000257743      0.999964   -0.00848661     -0.113091      0.012543    0.00848917      0.999885      -1.87232
     0.999921   6.23001e-05    -0.0125407     0.0698062  -0.000161897      0.999968   -0.00794101     -0.137717     0.0125398    0.00794242       0.99989      -1.88654
     0.999922   0.000134005    -0.0125211     0.0684405  -0.000234548      0.999968   -0.00802876     -0.139936     0.0125196    0.00803107      0.999889      -1.87243
     0.999923   0.000187812    -0.0124392     0.0706552  -0.000289654      0.999966   -0.00818587     -0.161562     0.0124372    0.00818884      0.999889      -1.84961
     0.999919   3.94991e-05    -0.0127163     0.0718221  -0.000142195      0.999967   -0.00807515    -0.0868396     0.0127156     0.0080763      0.999887      -1.87818
     0.999923  -3.36612e-05    -0.0123761     0.0678976  -4.21024e-05      0.999981   -0.00612148      -0.12242      0.012376    0.00612153      0.999905      -1.79622
     0.999923   1.10132e-05    -0.0124465     0.0627336  -9.81688e-05      0.999975   -0.00700182     -0.120245     0.0124461     0.0070025      0.999898      -1.85943
     0.999922    0.00021253    -0.0124583     0.0545604  -0.000295684      0.999978   -0.00667313     -0.141325     0.0124566    0.00667629        0.9999      -1.82129
     0.999921  -6.75476e-05    -0.0125806     0.0538581  -2.26838e-05      0.999974   -0.00717197    -0.0986346     0.0125808    0.00717169      0.999895      -1.88747
     0.999921  -2.89221e-05    -0.0126077      0.059551  -6.27317e-05      0.999974   -0.00726924     -0.166609     0.0126075    0.00726945      0.999894      -1.87363
      0.99992  -9.22017e-06    -0.0126109     0.0604471  -8.57078e-05      0.999972   -0.00752693    -0.0858324     0.0126106    0.00752741      0.999892      -1.89845
     0.999921   1.05158e-05    -0.0125892     0.0580746  -0.000103208      0.999973    -0.0073622     -0.126156     0.0125888    0.00736292      0.999894      -1.90194
     0.999919  -0.000195732    -0.0127386     0.0580976   0.000101244      0.999972   -0.00741765     -0.118677     0.0127397    0.00741575      0.999891      -1.87584
     0.999919  -0.000333334      -0.01275     0.0611918   0.000242958      0.999975   -0.00708918     -0.119247     0.0127521     0.0070855      0.999894      -1.89728
      0.99992  -0.000284845     -0.012672     0.0567668   0.000192511      0.999973   -0.00728704     -0.146895     0.0126738    0.00728402      0.999893      -1.86772
     0.999917  -0.000272828    -0.0128866     0.0645334   0.000175327      0.999971   -0.00756658     -0.116035     0.0128883    0.00756369      0.999888      -1.85285
     0.999918  -0.000326633    -0.0128116     0.0599913   0.000233897      0.999974   -0.00723927     -0.140541     0.0128136    0.00723568      0.999892      -1.87548
     0.999917  -0.000195384    -0.0129088     0.0620225   0.000104507      0.999975   -0.00704027     -0.150995     0.0129098    0.00703834      0.999892       -1.8315
     0.999918  -0.000199873    -0.0128338     0.0599833   0.000104137      0.999972   -0.00745986    -0.0967963     0.0128349    0.00745791       0.99989      -1.86659
     0.999918   -0.00015103    -0.0128046     0.0588491   5.28038e-05      0.999971   -0.00767117     -0.135608     0.0128054    0.00766986      0.999889      -1.88969
     0.999916  -7.96799e-05    -0.0129368      0.059297  -2.17214e-05      0.999969   -0.00783786     -0.115158     0.0129371    0.00783749      0.999886      -1.89644
     0.999914   9.81055e-05    -0.0131205     0.0525449  -0.000209507      0.999964    -0.0084896    -0.0403871     0.0131192    0.00849162      0.999878      -1.92186
     0.999917   0.000101425    -0.0128801     0.0554244   -0.00021389      0.999962   -0.00873064     -0.130572     0.0128787    0.00873267      0.999879      -1.93112
     0.999916   4.35609e-05    -0.0129265     0.0605476  -0.000158936       0.99996   -0.00892455     -0.100112     0.0129256    0.00892586      0.999877      -1.92073
     0.999915   4.78169e-05    -0.0130429     0.0546506  -0.000162383      0.999961   -0.00878289    -0.0525996     0.0130419    0.00878426      0.999876      -1.94823
     0.999919   0.000190421    -0.0127066       0.04419  -0.000293462      0.999967   -0.00810792      -0.15657     0.0127046      0.008111      0.999886      -1.91059
     0.999917   0.000251949    -0.0128712     0.0412699    -0.0003596      0.999965   -0.00836209     -0.065895     0.0128686    0.00836603      0.999882      -1.92879
     0.999918   0.000153156    -0.0128433     0.0433005  -0.000259715      0.999966   -0.00829559     -0.106617     0.0128416    0.00829824      0.999883      -1.92681
     0.999916   0.000254939     -0.012933     0.0441246  -0.000363706      0.999965   -0.00840836    -0.0991014     0.0129304    0.00841236      0.999881      -1.92424
     0.999917   0.000133063    -0.0128789     0.0452694  -0.000246925      0.999961   -0.00883976    -0.0794331     0.0128773     0.0088422      0.999878      -1.94159
     0.999914    0.00024972    -0.0130835     0.0455147  -0.000372984      0.999956   -0.00941979    -0.0821392     0.0130805    0.00942386       0.99987      -1.97323
     0.999916   0.000377871    -0.0129306     0.0467613  -0.000506392       0.99995   -0.00993742    -0.0989077     0.0129262    0.00994314      0.999867      -1.97591
     0.999917   0.000410171     -0.012845     0.0326392  -0.000548802      0.999942     -0.010791    -0.0053935     0.0128398     0.0107972      0.999859      -2.04178
     0.999917   0.000373288    -0.0128476     0.0316688  -0.000511489      0.999942    -0.0107554    -0.0568263     0.0128428      0.010761       0.99986      -2.03202
     0.999918   0.000316107    -0.0128326     0.0326103  -0.000446113      0.999949    -0.0101294     -0.081397     0.0128287     0.0101343      0.999866      -1.98837
     0.999912   0.000158804    -0.0132742      0.040716  -0.000292941      0.999949    -0.0101038    -0.0338022     0.0132719     0.0101068      0.999861      -2.00477
     0.999913   7.56009e-05    -0.0131708      0.042881  -0.000206555      0.999951   -0.00994165    -0.0387003     0.0131694    0.00994351      0.999864      -2.02897
     0.999913   0.000259463     -0.013172      0.036174  -0.000387511      0.999953   -0.00971963    -0.0544929     0.0131688    0.00972389      0.999866      -2.01364
     0.999911   0.000271213    -0.0133639     0.0413119  -0.000410118      0.999946    -0.0103924    -0.0151057     0.0133604      0.010397      0.999857      -2.04683
      0.99991    0.00020212    -0.0134007     0.0433721  -0.000337254      0.999949    -0.0100826     -0.033601      0.013398     0.0100862      0.999859      -2.05992
     0.999913   0.000265106    -0.0132021     0.0404623  -0.000399427      0.999948    -0.0101726    -0.0463702     0.0131988      0.010177      0.999861      -2.04355
     0.999911    0.00021698    -0.0133544     0.0431461  -0.000360328      0.999942    -0.0107327   -0.00518742     0.0133513     0.0107365      0.999853      -2.04963
     0.999912   0.000178158    -0.0132931     0.0408642   -0.00032687      0.999937    -0.0111858    -0.0226847     0.0132903     0.0111892      0.999849      -2.06804
     0.999911   0.000344108    -0.0132996     0.0420151  -0.000489514       0.99994    -0.0109314    -0.0575138      0.013295      0.010937      0.999852      -2.04388
      0.99991   0.000349767    -0.0134025     0.0496509  -0.000498448      0.999938    -0.0110917   -0.00976235     0.0133978     0.0110974      0.999849      -2.05102
     0.999911   0.000343773    -0.0133598      0.048029   -0.00049107      0.999939    -0.0110237    -0.0546074     0.0133552     0.0110293       0.99985      -2.07246
     0.999911   0.000358364    -0.0133203     0.0440374  -0.000511219      0.999934    -0.0114738    -0.0435403     0.0133153     0.0114796      0.999845      -2.05099
      0.99991   0.000434966    -0.0134091     0.0480848  -0.000595723      0.999928     -0.011987   -0.00646235     0.0134029     0.0119939      0.999838      -2.08016
     0.999911   0.000394725    -0.0133403      0.044022  -0.000549695      0.999932     -0.011615    -0.0420555     0.0133348     0.0116213      0.999844      -2.05673
     0.999912   0.000566181    -0.0132898     0.0404305  -0.000730753      0.999923    -0.0123817     -0.051361     0.0132818     0.0123904      0.999835      -2.04935
     0.999911   0.000356062    -0.0133073     0.0409626  -0.000520999      0.999923     -0.012393    -0.0209528     0.0133019     0.0123989      0.999835      -2.07875
     0.999913   0.000383987     -0.013163     0.0428796  -0.000540372      0.999929    -0.0118791    -0.0576403     0.0131576     0.0118852      0.999843      -2.05214
     0.999912   0.000359446    -0.0132887     0.0483782   -0.00052258      0.999925    -0.0122748    -0.0463394     0.0132832     0.0122806      0.999836      -2.05389
     0.999911   0.000457403    -0.0133035     0.0439039  -0.000620827      0.999924    -0.0122827    -0.0137681     0.0132969     0.0122899      0.999836      -2.07396
     0.999913   0.000501565     -0.013177     0.0424144  -0.000661265      0.999926     -0.012118    -0.0398966     0.0131699     0.0121257       0.99984      -2.07648
     0.999912   0.000478415    -0.0132811     0.0468421  -0.000639958      0.999926    -0.0121617    -0.0520352     0.0132743     0.0121692      0.999838      -2.05248
      0.99991   0.000429102    -0.0134232      0.042429  -0.000598737       0.99992    -0.0126359   -0.00391855     0.0134167     0.0126428       0.99983      -2.08935
     0.999913   0.000312587    -0.0132238     0.0463687  -0.000428472      0.999962   -0.00876144     -0.096775     0.0132206    0.00876634      0.999874      -1.95872
     0.999926   0.000209337    -0.0121793     0.0586227  -0.000309585      0.999966   -0.00822968    -0.0838477     0.0121772    0.00823284      0.999892      -1.89708
     0.999922   0.000377941    -0.0124643     0.0479303  -0.000497465      0.999954   -0.00958764    -0.0335005     0.0124601     0.0095931      0.999876      -1.92609
     0.999921   0.000616368     -0.012546     0.0486309   -0.00073965      0.999951   -0.00982406     -0.107781     0.0125394    0.00983257      0.999873      -1.90193
     0.999918   0.000777415    -0.0127924     0.0476692   -0.00091558      0.999941    -0.0107982    -0.0289989     0.0127832      0.010809       0.99986      -1.94658
      0.99992    0.00080228    -0.0126308     0.0439377  -0.000934032      0.999945    -0.0104285    -0.0749681     0.0126217     0.0104395      0.999866      -1.96566
      0.99992   0.000860987    -0.0126563     0.0448538  -0.000998982       0.99994     -0.010901    -0.0833601     0.0126461     0.0109127       0.99986      -1.95669
     0.999916   0.000799028    -0.0129179     0.0571393  -0.000948546      0.999933    -0.0115725    -0.0207236     0.0129078     0.0115838       0.99985      -1.97419
     0.999917   0.000942925    -0.0128461     0.0482221   -0.00109293      0.999931    -0.0116753    -0.0456811     0.0128342     0.0116884      0.999849      -1.99537
     0.999918   0.000879788    -0.0127856     0.0475658   -0.00103643      0.999924    -0.0122499    -0.0517319     0.0127739     0.0122621      0.999843      -2.01578
     0.999914   0.000814644    -0.0131159     0.0455697  -0.000990504       0.99991    -0.0134073     0.0115904     0.0131037     0.0134191      0.999824      -2.05205
     0.999914   0.000824471    -0.0130628     0.0458537   -0.00100142      0.999908    -0.0135452   -0.00225544     0.0130504     0.0135571      0.999823      -2.06173
     0.999913   0.000867583    -0.0131243     0.0542274   -0.00103592      0.999917     -0.012825    -0.0374781     0.0131121     0.0128375      0.999832      -2.02681
     0.999911    0.00113663    -0.0133291     0.0529102   -0.00131481       0.99991    -0.0133665     0.0304034     0.0133127     0.0133829      0.999822       -2.0455
     0.999913    0.00122281    -0.0131494     0.0481245   -0.00139708      0.999911    -0.0132521     0.0165753      0.013132     0.0132693      0.999826      -2.04862
     0.999915    0.00107358    -0.0130286     0.0460812   -0.00123978      0.999918     -0.012755    -0.0161239     0.0130138       0.01277      0.999834      -2.01562
     0.999914    0.00113548    -0.0130649     0.0490622    -0.0013146      0.999905    -0.0137096     0.0522459     0.0130481     0.0137256      0.999821      -2.04317
     0.999913    0.00110627    -0.0131537     0.0513639   -0.00128583      0.999906    -0.0136504     0.0416509     0.0131374     0.0136661       0.99982      -2.05852
     0.999915    0.00107987    -0.0129722     0.0468519   -0.00125557      0.999907    -0.0135434    0.00291946     0.0129564     0.0135586      0.999824      -2.04641
     0.999916    0.00107641    -0.0128935     0.0464373    -0.0012616      0.999896     -0.014364     0.0522375     0.0128767     0.0143791      0.999814      -2.05109
     0.999913    0.00118079    -0.0131106     0.0511056   -0.00136202      0.999904    -0.0138232     0.0359311      0.013093     0.0138398      0.999818      -2.08464
     0.999915    0.00114477    -0.0129911      0.046522   -0.00132434      0.999904    -0.0138223     0.0124588     0.0129741     0.0138383       0.99982      -2.06582
     0.999912     0.0011538     -0.013207      0.051253   -0.00133871      0.999901    -0.0140013     0.0351443     0.0131895     0.0140177      0.999815      -2.05303
     0.999913    0.00117364    -0.0131239     0.0485162    -0.0013558      0.999903    -0.0138801     0.0152015     0.0131064     0.0138967      0.999818      -2.07237
     0.999914    0.00112409     -0.013061     0.0519407   -0.00130376      0.999905    -0.0137564   -0.00875127     0.0130443     0.0137722       0.99982      -2.07293
     0.999914    0.00116321    -0.0130697     0.0522714    -0.0013415      0.999906    -0.0136409     0.0218931     0.0130526     0.0136573      0.999822      -2.06575
     0.999912    0.00113002    -0.0132293     0.0545077   -0.00130836      0.999908    -0.0134799     0.0363606     0.0132129     0.0134961      0.999822      -2.08358
     0.999914    0.00110871    -0.0131007     0.0547283   -0.00128383       0.99991    -0.0133659   -0.00735731     0.0130847     0.0133816      0.999825       -2.0681
     0.999912     0.0011259    -0.0132045     0.0586579   -0.00130358      0.999909    -0.0134552     0.0113496     0.0131881     0.0134713      0.999822      -2.05672
      0.99991    0.00111026     -0.013348     0.0582176   -0.00129007      0.999908    -0.0134702     0.0262848     0.0133319     0.0134862       0.99982      -2.07951
     0.999913    0.00113986    -0.0131206     0.0495831   -0.00130983      0.999915    -0.0129534    -0.0103321     0.0131048     0.0129694       0.99983      -2.02592
     0.999913    0.00122035      -0.01315     0.0492252   -0.00138353      0.999922    -0.0124073     0.0693552     0.0131338     0.0124244      0.999837      -2.02735
     0.999914    0.00128932    -0.0130202     0.0499202   -0.00144854      0.999924    -0.0122261    -0.0265189     0.0130034     0.0122439       0.99984      -2.01422
     0.999914    0.00115433    -0.0130325     0.0536237   -0.00131498      0.999923    -0.0123252    -0.0216086     0.0130173     0.0123413      0.999839      -1.98772
     0.999913    0.00123445    -0.0131341     0.0491222   -0.00139466      0.999925    -0.0121959     0.0279137     0.0131181     0.0122132      0.999839      -2.04599
     0.999916    0.00125811    -0.0129326     0.0453897   -0.00141165      0.999929    -0.0118696    -0.0410917     0.0129168     0.0118869      0.999846      -1.99767
     0.999914    0.00126096      -0.01307     0.0469184    -0.0014269      0.999918    -0.0126941     0.0318843     0.0130529     0.0127116      0.999834      -2.03036
     0.999915    0.00142614    -0.0129465     0.0462856   -0.00158296      0.999925     -0.012111   -0.00982084     0.0129283     0.0121304      0.999843      -2.00157
     0.999916    0.00127893    -0.0128989     0.0446582   -0.00143295      0.999928    -0.0119383   -0.00313248     0.0128827     0.0119558      0.999846      -2.00002
     0.999915     0.0012548    -0.0129782     0.0451566   -0.00141555      0.999922    -0.0123842      0.043163     0.0129616     0.0124015      0.999839      -2.02019
     0.999915     0.0012216    -0.0129775     0.0461019   -0.00137485      0.999929    -0.0118069       0.01805     0.0129622     0.0118238      0.999846      -2.01641
     0.999913    0.00123021    -0.0131262     0.0472099   -0.00139111      0.999924    -0.0122561     0.0169358     0.0131101     0.0122733      0.999839      -1.97313
     0.999914    0.00131102    -0.0130446     0.0407978   -0.00147305      0.999922    -0.0124191     0.0642044     0.0130273     0.0124373      0.999838      -2.01044
     0.999916    0.00123352     -0.012887     0.0354595   -0.00138635      0.999929     -0.011857    0.00122319     0.0128715     0.0118738      0.999847      -1.97307
     0.999918    0.00117964    -0.0127692     0.0464582   -0.00132984       0.99993     -0.011761   6.45165e-05     0.0127545      0.011777      0.999849      -1.94427
     0.999914      0.001307    -0.0130334     0.0506574   -0.00146187      0.999928    -0.0118795     0.0326233      0.013017     0.0118975      0.999844      -1.98797
     0.999914    0.00131013    -0.0130585     0.0539731   -0.00145914      0.999934    -0.0114079    0.00781966     0.0130427     0.0114259       0.99985      -1.96424
     0.999915    0.00116779    -0.0130176      0.052989   -0.00132181      0.999929    -0.0118293     0.0314972     0.0130028     0.0118455      0.999845        -1.983
     0.999914    0.00122087    -0.0130674     0.0538535   -0.00137508      0.999929    -0.0117993     0.0438117      0.013052     0.0118163      0.999845      -1.98687
     0.999915    0.00124272    -0.0129511     0.0532442   -0.00139617      0.999929     -0.011846    0.00338765     0.0129354     0.0118631      0.999846      -1.96393
     0.999914    0.00126511    -0.0130419      0.053021   -0.00142209      0.999927    -0.0120341     0.0463779     0.0130258     0.0120516      0.999843      -1.95614
