# 3dvolreg matrices (DICOM-to-DICOM, row-by-row):
     0.999998    0.00189933   0.000799675      0.195939   -0.00189031      0.999936    -0.0111311      0.816531  -0.000820766     0.0111296      0.999938      0.198578
     0.999993    0.00173729    0.00337539     0.0427142   -0.00170328      0.999948    -0.0100534      0.359136   -0.00339268     0.0100475      0.999944   -0.00107247
            1  -8.38481e-11   2.29232e-10   2.94619e-09   8.38481e-11             1   9.33616e-11   8.97374e-09  -2.29232e-10  -9.33616e-11             1  -1.15319e-09
     0.999999    0.00149842  -0.000760099     -0.118595   -0.00150129      0.999992   -0.00378732      0.165191   0.000754417    0.00378845      0.999993      0.312907
     0.999998    0.00179113  -0.000398517    0.00631693   -0.00179562      0.999931    -0.0115889      0.384447   0.000377732     0.0115896      0.999933      0.539491
     0.999999    0.00151211  -0.000770714      0.129485   -0.00152009      0.999944      -0.01046      0.521393   0.000754854     0.0104612      0.999945      0.525482
     0.999999    0.00156977  -0.000348879      0.152559    -0.0015735      0.999939    -0.0109661      0.708489   0.000331644     0.0109666       0.99994      0.412095
     0.999998    0.00181447  -0.000564683      0.222326   -0.00181957      0.999956   -0.00917419      0.745691   0.000548012     0.0091752      0.999958      0.388868
     0.999997      0.002293  -0.000588238      0.258158   -0.00229717      0.999971   -0.00719256      0.845242   0.000571728    0.00719389      0.999974      0.479665
     0.999998    0.00191167  -0.000338008      0.277148   -0.00191383      0.999977   -0.00652493      0.927071   0.000325527    0.00652556      0.999979      0.459775
     0.999997    0.00218084  -0.000795166      0.329583   -0.00218591      0.999977   -0.00644193      0.909009   0.000781098    0.00644365      0.999979      0.418635
     0.999997    0.00228004  -0.000482126      0.360515   -0.00228326      0.999974   -0.00679112      0.970389   0.000466629    0.00679221      0.999977      0.287563
     0.999996    0.00266258  -0.000485426      0.363719   -0.00266522      0.999981   -0.00552323       1.05794   0.000470711    0.00552451      0.999985      0.328241
     0.999997    0.00251873  -0.000624313       0.40093     -0.002522      0.999983   -0.00529806       1.09237   0.000610958    0.00529961      0.999986       0.36306
     0.999998    0.00192781  -0.000999749      0.465291   -0.00193317      0.999984   -0.00538404       1.05392   0.000989353    0.00538596      0.999985      0.352091
     0.999997    0.00218948    -0.0010298      0.487447   -0.00219589      0.999978   -0.00626077       1.02664    0.00101607    0.00626302       0.99998      0.433077
     0.999996     0.0024199   -0.00109655      0.473456   -0.00242655      0.999978   -0.00610305       1.07856    0.00108176    0.00610569      0.999981      0.454132
     0.999997    0.00199688    -0.0012363      0.510715   -0.00200478      0.999977   -0.00642765       1.06312    0.00122344    0.00643011      0.999979       0.50347
     0.999998    0.00184204  -0.000878055      0.514219   -0.00184855       0.99997   -0.00747922       1.17226   0.000864251    0.00748082      0.999972       0.40731
     0.999999   0.000725884   -0.00152455      0.597862  -0.000738714      0.999964   -0.00843207       1.17638    0.00151837    0.00843319      0.999963      0.411535
     0.999997   0.000861043   -0.00219321      0.533283  -0.000880373      0.999961   -0.00882788       1.23543    0.00218552    0.00882979      0.999959      0.458518
     0.999995    0.00183183   -0.00251087      0.473927   -0.00185313      0.999962   -0.00850841       1.29089    0.00249518    0.00851302      0.999961      0.456495
     0.999995    0.00159012   -0.00272955      0.510067   -0.00161315      0.999963   -0.00845652       1.26761      0.002716    0.00846088      0.999961      0.446793
     0.999996    0.00196344   -0.00221518      0.483706   -0.00198283      0.999959   -0.00878706       1.28159    0.00219783    0.00879142      0.999959      0.353377
     0.999996    0.00176589   -0.00202091      0.498529   -0.00178235      0.999965   -0.00816963       1.18744    0.00200641    0.00817321      0.999965      0.353311
     0.999997    0.00158217   -0.00171738       0.50773   -0.00159713      0.999961   -0.00874208       1.19668    0.00170348     0.0087448       0.99996       0.33171
     0.999997   0.000985772   -0.00228656      0.529426   -0.00100546      0.999962   -0.00862509       1.19431    0.00227797    0.00862737       0.99996      0.413385
     0.999997    0.00102817   -0.00235696      0.544566   -0.00104945      0.999959   -0.00904605       1.21756    0.00234756    0.00904849      0.999956      0.395972
     0.999997   0.000929515   -0.00239866       0.54798  -0.000950575      0.999961   -0.00879383       1.23277    0.00239039    0.00879608      0.999958      0.408382
     0.999997   0.000937142   -0.00242826       0.53787  -0.000958759       0.99996   -0.00891645       1.22411     0.0024198    0.00891875      0.999957      0.418673
     0.999997    0.00120831   -0.00224983       0.49721   -0.00122869      0.999958   -0.00908141        1.2174    0.00223876    0.00908415      0.999956      0.388786
     0.999996    0.00117417   -0.00247421      0.528407    -0.0011962      0.999959   -0.00892384       1.18369    0.00246363    0.00892677      0.999957      0.372481
     0.999997   0.000973073   -0.00242456      0.549378  -0.000996405      0.999953   -0.00964046       1.21317    0.00241507    0.00964284      0.999951      0.358952
     0.999995    0.00147876   -0.00273289      0.541162   -0.00150434      0.999955   -0.00938264       1.16741    0.00271889     0.0093867      0.999952      0.468611
     0.999994    0.00173077   -0.00301568      0.507064   -0.00176073      0.999949   -0.00995932       1.20281    0.00299829    0.00996457      0.999946        0.3882
     0.999994    0.00129701   -0.00323313      0.556466   -0.00132808      0.999953     -0.009626       1.19324     0.0032205    0.00963023      0.999948      0.343914
     0.999994   0.000778654   -0.00347538      0.536926  -0.000817531      0.999937    -0.0111992       1.26866    0.00346644      0.011202      0.999931      0.234448
     0.999992   0.000561707   -0.00399829      0.512374  -0.000605003      0.999941    -0.0108355        1.3463    0.00399197     0.0108378      0.999933      0.218872
     0.999992   0.000583849   -0.00398639      0.537901  -0.000623153      0.999951   -0.00986536       1.25669    0.00398044    0.00986776      0.999943     0.0791017
     0.999991   0.000665513   -0.00409746      0.514781  -0.000709376      0.999942    -0.0107129       1.30141     0.0040901     0.0107157      0.999934     0.0676795
     0.999992   0.000554001   -0.00395788      0.511386  -0.000594977      0.999946    -0.0103592        1.2603    0.00395192     0.0103614      0.999939     0.0839419
     0.999993   0.000535349   -0.00362884      0.512761  -0.000573179      0.999945    -0.0104316       1.22442    0.00362306     0.0104336      0.999939     0.0910838
     0.999993   0.000559593   -0.00365419      0.487709  -0.000599805      0.999939    -0.0110126       1.26543    0.00364781     0.0110147      0.999933     0.0861724
     0.999992   0.000590503   -0.00401656      0.522935  -0.000631849      0.999947    -0.0103004       1.21644    0.00401026     0.0103029      0.999939      0.102132
     0.999991   0.000710545   -0.00416749      0.550227  -0.000753763      0.999946    -0.0103779       1.25411    0.00415989      0.010381      0.999937      0.138502
     0.999993   0.000397792   -0.00365688       0.55892  -0.000434402       0.99995    -0.0100161       1.19485    0.00365271     0.0100176      0.999943      0.221649
     0.999994   0.000872123   -0.00332675      0.536194  -0.000905717      0.999948    -0.0101101       1.18844    0.00331777      0.010113      0.999943      0.207463
     0.999995   0.000491242    -0.0032536      0.562069  -0.000523596       0.99995   -0.00995067       1.20212    0.00324855    0.00995232      0.999945      0.240566
     0.999994   0.000480542   -0.00328981      0.577352  -0.000513877      0.999948    -0.0101396         1.194    0.00328477     0.0101412      0.999943      0.199365
     0.999995    0.00052076   -0.00320956      0.585513  -0.000553231      0.999949    -0.0101246        1.2296    0.00320413     0.0101263      0.999944       0.19343
     0.999993   0.000645297    -0.0035705      0.595117  -0.000678798      0.999956   -0.00938953       1.21631    0.00356428    0.00939189       0.99995      0.111309
     0.999993    0.00050291   -0.00360739       0.57075  -0.000539062       0.99995    -0.0100277       1.24106    0.00360216     0.0100296      0.999943     0.0979435
     0.999993   0.000644944   -0.00362701      0.572328  -0.000679162      0.999955   -0.00944079       1.22605    0.00362076    0.00944319      0.999949      0.107208
     0.999993    0.00122335   -0.00358353      0.529093   -0.00125856      0.999951   -0.00983907       1.16978    0.00357131    0.00984351      0.999945      0.151885
     0.999993    0.00145134   -0.00354076      0.492764   -0.00148591      0.999951   -0.00978052       1.03596    0.00352639    0.00978571      0.999946      0.224347
     0.999994    0.00122265   -0.00336205      0.495837   -0.00125522      0.999952   -0.00970095       1.17055    0.00335003     0.0097051      0.999947      0.198715
      0.99999    0.00165722    -0.0042133      0.483679   -0.00169513      0.999958    -0.0090099       1.24779    0.00419819    0.00901694      0.999951       0.13079
     0.999992    0.00111278   -0.00391841      0.513742   -0.00115038      0.999953   -0.00960823       1.32127    0.00390753    0.00961266      0.999946     0.0713685
     0.999991    0.00100144   -0.00404245      0.561391   -0.00103896      0.999956   -0.00928988       1.23388    0.00403297      0.009294      0.999949     0.0695601
      0.99999   0.000775442   -0.00437855      0.564803  -0.000818285      0.999952   -0.00979143       1.21123    0.00437075    0.00979492      0.999942     0.0471508
     0.999992   0.000792452    -0.0038368      0.537496  -0.000831318      0.999948     -0.010139       1.22277    0.00382857     0.0101421      0.999941      0.136114
     0.999993   0.000749983   -0.00371025      0.553916  -0.000785344      0.999954   -0.00953824       1.17172    0.00370293    0.00954109      0.999948      0.124086
     0.999993    0.00066052   -0.00371742       0.55328  -0.000696498      0.999953   -0.00968529       1.23555    0.00371085    0.00968781      0.999946      0.109266
     0.999992    0.00074786   -0.00396663      0.565584   -0.00078535      0.999955   -0.00945816       1.21003    0.00395938     0.0094612      0.999947      0.182485
     0.999992   0.000600301   -0.00397582      0.560311  -0.000637609      0.999956     -0.009389        1.2894       0.00397    0.00939146      0.999948      0.140258
     0.999992   0.000633559   -0.00399017      0.584271  -0.000666363      0.999966   -0.00822524       1.29777    0.00398482    0.00822784      0.999958      0.165179
     0.999991   0.000952111   -0.00424579      0.565224  -0.000988468      0.999963   -0.00856923        1.3239    0.00423747    0.00857334      0.999954     0.0844441
     0.999992   0.000538276   -0.00386824      0.561161  -0.000572761       0.99996   -0.00891921       1.25709    0.00386329    0.00892136      0.999953      0.117079
     0.999994   0.000505623   -0.00333428      0.549152  -0.000535961      0.999958   -0.00910438       1.23917    0.00332954    0.00910612      0.999953      0.132273
     0.999995   0.000362566   -0.00313333      0.598625  -0.000389257      0.999964   -0.00852217       1.20575    0.00313012    0.00852335      0.999959       0.26203
     0.999994    0.00045488   -0.00331906       0.59664  -0.000484264      0.999961   -0.00885778       1.25378     0.0033149    0.00885933      0.999955      0.218199
     0.999993    0.00066241   -0.00369697      0.594051  -0.000692998      0.999965   -0.00827889       1.22782    0.00369135    0.00828139      0.999959      0.240103
     0.999997    0.00103522   -0.00201965      0.578033   -0.00105224      0.999964   -0.00844619       1.08262    0.00201084    0.00844829      0.999962    0.00924248
     0.999998    0.00204794  -0.000737763      0.577023   -0.00205396      0.999964   -0.00825378       1.00204   0.000720833    0.00825528      0.999966      0.080468
     0.999998    0.00198239   9.16975e-05      0.620385    -0.0019816      0.999966   -0.00795685       1.07311  -0.000107468    0.00795666      0.999968      0.258694
     0.999998    0.00168779   0.000738233      0.584341    -0.0016828      0.999976   -0.00670909       1.25392  -0.000749539    0.00670784      0.999977      0.180529
     0.999998    0.00179175    0.00031332      0.603555    -0.0017894      0.999971   -0.00736273        1.1919  -0.000326504    0.00736216      0.999973      0.204151
     0.999999    0.00110859  -0.000871554      0.639491   -0.00111621      0.999961   -0.00879224       1.17776   0.000861773     0.0087932      0.999961      0.240352
     0.999999    0.00116843  -0.000877246      0.621638   -0.00117601      0.999962   -0.00868619       1.20817   0.000867063    0.00868721      0.999962      0.251286
     0.999998    0.00167907  -0.000856808      0.646003    -0.0016866      0.999959   -0.00887101       1.16623   0.000841878    0.00887244       0.99996      0.202454
     0.999998    0.00208071  -0.000380482      0.513077   -0.00208385      0.999962   -0.00845867       1.15969   0.000362868    0.00845944      0.999964      0.181554
     0.999996    0.00273612   0.000899852      0.430574   -0.00273322      0.999991   -0.00320584       1.03041  -0.000908616    0.00320337      0.999994      0.259877
     0.999997    0.00233685    0.00105379      0.465498   -0.00233307      0.999991   -0.00357316       1.12341   -0.00106213    0.00357069      0.999993      0.255987
     0.999997    0.00242343   0.000589233      0.518792    -0.0024206      0.999986   -0.00474639       1.09801  -0.000600728    0.00474495      0.999989      0.300098
     0.999997    0.00248619   0.000508585      0.527131   -0.00248324      0.999981   -0.00570282       1.16698  -0.000522753    0.00570154      0.999984      0.262859
     0.999997    0.00225909    8.3278e-05      0.563322   -0.00225869      0.999987   -0.00454846       1.16061  -9.35523e-05    0.00454826       0.99999      0.325441
     0.999997    0.00230524  -0.000312458      0.530252    -0.0023068      0.999984   -0.00508272        1.1991   0.000300737    0.00508342      0.999987      0.324303
     0.999997    0.00243319  -0.000883384      0.521911    -0.0024373      0.999986    -0.0046739        1.2558      0.000872    0.00467604      0.999989      0.440801
     0.999996    0.00229117   -0.00181654      0.533331   -0.00229821       0.99999   -0.00388493       1.25435    0.00180762    0.00388909      0.999991      0.319301
     0.999993    0.00236702   -0.00286024      0.488659   -0.00238037      0.999986   -0.00467129        1.3428    0.00284915    0.00467807      0.999985      0.221801
     0.999995    0.00247829   -0.00211481      0.479406   -0.00248701      0.999988   -0.00412899       1.30754    0.00210455    0.00413422      0.999989      0.257017
     0.999995     0.0023431    -0.0019168       0.48121    -0.0023517      0.999987   -0.00450165       1.31396    0.00190623    0.00450614      0.999988      0.255593
     0.999995    0.00259647   -0.00171681      0.491209   -0.00260539      0.999983   -0.00521469       1.27889    0.00170324    0.00521914      0.999985      0.282969
     0.999995    0.00283909   -0.00142462      0.495666   -0.00284733      0.999979   -0.00581669       1.27451    0.00140807    0.00582072      0.999982      0.204488
     0.999995    0.00271172   -0.00188929       0.47989   -0.00272242       0.99998   -0.00568084       1.30024    0.00187385    0.00568596      0.999982       0.19951
     0.999994     0.0026974   -0.00216276       0.49527   -0.00271091      0.999977   -0.00626746       1.26371     0.0021458    0.00627328      0.999978      0.199236
     0.999995    0.00243427   -0.00208855      0.479752    -0.0024481      0.999975   -0.00664906       1.31635    0.00207231    0.00665414      0.999976      0.202039
     0.999992    0.00252612     -0.003001      0.507148   -0.00254347       0.99998   -0.00579151       1.28383    0.00298631     0.0057991      0.999979      0.135921
     0.999988    0.00290065   -0.00384309        0.5232    -0.0029292      0.999968   -0.00744575        1.3356    0.00382137    0.00745692      0.999965    0.00451212
     0.999988    0.00273454   -0.00416244      0.543366   -0.00276348      0.999972   -0.00696251       1.30043    0.00414329    0.00697393      0.999967     0.0654299
      0.99999    0.00292794   -0.00340014      0.518015    -0.0029511      0.999972   -0.00682686       1.31971    0.00338006    0.00683683      0.999971     0.0662957
     0.999989    0.00282196   -0.00369976      0.527746   -0.00284658      0.999974   -0.00666666        1.3149    0.00368085    0.00667712      0.999971     0.0900659
      0.99999    0.00250299   -0.00373623      0.534903   -0.00252741      0.999975    -0.0065461        1.3321    0.00371975    0.00655548      0.999972      0.072668
     0.999991    0.00257008   -0.00351601      0.528913   -0.00259398      0.999973   -0.00680946       1.32284    0.00349842    0.00681852      0.999971      0.142909
     0.999992    0.00249775   -0.00324039       0.53218   -0.00252049      0.999972   -0.00703228       1.29932    0.00322274    0.00704039       0.99997      0.152847
     0.999992    0.00257472   -0.00300211      0.534026   -0.00259461      0.999975   -0.00664309       1.32007    0.00298493    0.00665083      0.999973      0.191933
     0.999992    0.00249029   -0.00307909      0.573992   -0.00251073      0.999975    -0.0066548       1.29022    0.00306244    0.00666248      0.999973      0.194005
     0.999991    0.00280714   -0.00323075      0.572295   -0.00282857      0.999974   -0.00664724       1.31683    0.00321201    0.00665631      0.999973      0.232849
     0.999992    0.00256235   -0.00293868      0.597416   -0.00258108      0.999976   -0.00638825       1.27285    0.00292224    0.00639578      0.999975      0.188134
     0.999993    0.00257778   -0.00262679      0.567571   -0.00259597      0.999973    -0.0069451       1.28012    0.00260882    0.00695187      0.999972      0.133603
     0.999993    0.00272552   -0.00255267      0.576468   -0.00274228      0.999975    -0.0065853       1.19876    0.00253466    0.00659226      0.999975      0.216635
     0.999995    0.00242469   -0.00198784      0.575472    -0.0024394      0.999969    -0.0074302        1.1134    0.00196976    0.00743501       0.99997      0.166811
     0.999995    0.00267221   -0.00167535      0.597106    -0.0026846      0.999969   -0.00743458       1.09103    0.00165543    0.00743904      0.999971      0.229587
     0.999995    0.00268688   -0.00156801      0.596703   -0.00269881      0.999967   -0.00765771       1.12129    0.00154739    0.00766191      0.999969      0.183064
     0.999996    0.00245627   -0.00147389      0.617482   -0.00246673      0.999971   -0.00713649       1.16275    0.00145632     0.0071401      0.999973      0.221317
     0.999996    0.00243455   -0.00173682      0.629283   -0.00244797      0.999967   -0.00776868       1.17959    0.00171785     0.0077729      0.999968       0.15561
     0.999995    0.00246832   -0.00202927      0.619018   -0.00248405      0.999967   -0.00778795       1.19121    0.00200998    0.00779295      0.999968      0.132461
     0.999994    0.00241282   -0.00247488      0.628039   -0.00243156      0.999968   -0.00759875       1.16756    0.00245647    0.00760472      0.999968     0.0218421
     0.999995    0.00201568   -0.00261862      0.636933   -0.00203571      0.999969   -0.00766802       1.14347    0.00260308    0.00767331      0.999967     0.0541506
     0.999996    0.00182792   -0.00192449      0.643255   -0.00184332      0.999966   -0.00803394       1.11761    0.00190974    0.00803746      0.999966     0.0802289
     0.999997    0.00204479   -0.00156561      0.624071   -0.00205645       0.99997     -0.007478       1.06751    0.00155027    0.00748119      0.999971       0.16266
     0.999997    0.00206941   -0.00134737      0.641031   -0.00207968      0.999968   -0.00766589       1.05964    0.00133146    0.00766867       0.99997      0.200122
     0.999998     0.0017467  -0.000573259      0.577602   -0.00175118      0.999967   -0.00791378       1.03732   0.000559417    0.00791477      0.999969      0.284807
     0.999989    0.00209847    0.00424212      0.547948   -0.00204369      0.999915    -0.0128769     -0.118894   -0.00426878     0.0128681      0.999908      -0.15602
     0.999982    0.00158276    0.00582246      0.546792   -0.00149349      0.999882    -0.0153032     -0.285412     -0.005846     0.0152942      0.999866     -0.210174
     0.999985   0.000231301    0.00545463      0.630028  -0.000142326      0.999867    -0.0163065     -0.209216   -0.00545767     0.0163055      0.999852    -0.0778438
     0.999987   0.000829699    0.00510085      0.633691    -0.0007458      0.999865    -0.0164278    0.00829191   -0.00511379     0.0164238      0.999852    -0.0574666
     0.999987    0.00218827     0.0045907      0.482612   -0.00212557      0.999905    -0.0136188      0.401677   -0.00462007     0.0136089      0.999897     0.0675705
     0.999981    0.00280935    0.00539896         0.554   -0.00272404      0.999872    -0.0157432      0.525283    -0.0054425     0.0157283      0.999861    -0.0349649
     0.999979    0.00244076    0.00598412      0.632795   -0.00234089      0.999859    -0.0166386      0.540237   -0.00602389     0.0166242      0.999844    -0.0393895
     0.999979    0.00237845    0.00610001      0.663623   -0.00227916      0.999866    -0.0162322      0.487376    -0.0061378      0.016218       0.99985   -0.00749608
     0.999976    0.00174736    0.00665825      0.675447    -0.0016406      0.999871    -0.0160056      0.533242   -0.00668535     0.0159943       0.99985    -0.0575051
     0.999976    0.00156539    0.00674872      0.674773   -0.00146327      0.999885    -0.0151103      0.562371    -0.0067716     0.0151001      0.999863   0.000441078
     0.999975    0.00152628    0.00694566      0.697004   -0.00142437      0.999892    -0.0146546      0.520482   -0.00696727     0.0146443      0.999868    0.00405677
     0.999976    0.00124756    0.00682414      0.656505   -0.00114213       0.99988    -0.0154317      0.599081   -0.00684258     0.0154236      0.999858    -0.0349705
     0.999974    0.00138524    0.00709798      0.688005   -0.00127784      0.999885    -0.0151128      0.524745    -0.0071181     0.0151033      0.999861     -0.016082
     0.999972     0.0010379    0.00736782      0.701346  -0.000920231      0.999872    -0.0159566      0.551902   -0.00738344     0.0159494      0.999846     0.0309928
     0.999974    0.00283031    0.00663384      0.677553   -0.00271743      0.999852    -0.0169643      0.562941   -0.00668088     0.0169458      0.999834      0.140189
     0.999976    0.00344641    0.00593845      0.646461   -0.00334459      0.999849    -0.0170716      0.603181   -0.00599638     0.0170514      0.999837      0.110146
     0.999976    0.00406681    0.00553507      0.622025   -0.00397187      0.999847    -0.0170569      0.459711   -0.00560359     0.0170345      0.999839      0.154714
     0.999978    0.00413089    0.00518601      0.591384   -0.00404012      0.999841    -0.0173927      0.391176   -0.00525703     0.0173713      0.999835      0.201812
     0.999981    0.00368839    0.00486078         0.559   -0.00361035      0.999866    -0.0159685      0.444424   -0.00491903     0.0159506      0.999861      0.216818
     0.999983    0.00331768    0.00481078      0.602839   -0.00324079      0.999868    -0.0159042      0.430819   -0.00486291     0.0158883      0.999862      0.180322
     0.999988    0.00247185    0.00431704      0.589086   -0.00240498      0.999878    -0.0154264      0.595881   -0.00435465     0.0154158      0.999872     0.0754496
     0.999989    0.00230301    0.00415175      0.615001   -0.00224298      0.999894    -0.0144052       0.69741   -0.00418449     0.0143957      0.999888      0.053222
     0.999991    0.00198478    0.00367863      0.562709   -0.00193468      0.999906    -0.0135714      0.865088   -0.00370523     0.0135642      0.999901    -0.0458912
     0.999992    0.00231079    0.00313841      0.561495   -0.00226575      0.999895    -0.0142811      0.799499   -0.00317108     0.0142739      0.999893    -0.0252378
     0.999993    0.00092364    0.00360133       0.63213  -0.000864752      0.999866    -0.0163191      0.725772   -0.00361593     0.0163159       0.99986   -0.00520132
     0.999995   0.000220953    0.00301393       0.65096  -0.000173046      0.999874    -0.0158861      0.764322   -0.00301706     0.0158855      0.999869     0.0668049
     0.999994    0.00122226    0.00315919      0.649814   -0.00117069      0.999867    -0.0162759      0.712749   -0.00317866     0.0162721      0.999863     0.0152618
     0.999995     0.0012882    0.00301727      0.668607   -0.00123807      0.999862    -0.0165567      0.628682   -0.00303818     0.0165529      0.999858     0.0535853
     0.999998    0.00137998    0.00153316      0.671726    -0.0013545      0.999863    -0.0164998      0.766147   -0.00155572     0.0164977      0.999863     -0.196296
     0.999999   0.000851304     0.0014855      0.750053  -0.000834099      0.999933    -0.0115442       1.00627   -0.00149523     0.0115429      0.999932     -0.260928
     0.999996    0.00129188     0.0026148      0.926515   -0.00126445      0.999944    -0.0104669      0.906462   -0.00262818     0.0104636      0.999942    -0.0193978
     0.999997    0.00115256     0.0023295      0.920167   -0.00111977      0.999901    -0.0140297      0.888366   -0.00234544      0.014027      0.999899     -0.101201
     0.999997    0.00101021    0.00222929       0.91315  -0.000978148      0.999897    -0.0143376      0.947287   -0.00224354     0.0143353      0.999895     -0.124589
     0.999995    0.00149826    0.00274694      0.908288   -0.00145977      0.999901    -0.0139604       1.00751   -0.00276758     0.0139564      0.999899     -0.211677
     0.999996    0.00162662    0.00243621      0.905195   -0.00159442      0.999912    -0.0131596       1.01655    -0.0024574     0.0131557       0.99991     -0.196277
     0.999999    0.00103254    0.00119397       0.86671   -0.00101638      0.999909    -0.0134508       1.04399   -0.00120775     0.0134496      0.999909     -0.268921
     0.999999   0.000787084    0.00133627      0.869976  -0.000768336      0.999902     -0.013973       1.08069   -0.00134714      0.013972      0.999901     -0.248304
     0.999999    0.00054928    0.00154253      0.953262   -0.00052886      0.999913    -0.0132074       1.01511   -0.00154965     0.0132066      0.999912     -0.302883
     0.999998    0.00092762    0.00172165        0.9416  -0.000903075      0.999899    -0.0142033       1.10703   -0.00173465     0.0142017      0.999898     -0.199197
     0.999998   0.000865095    0.00171685      0.938696   -0.00084112      0.999903     -0.013916       1.10583   -0.00172872     0.0139145      0.999902     -0.119224
     0.999998   0.000946877    0.00170924      0.922974  -0.000922986      0.999903    -0.0139247       1.09297   -0.00172226     0.0139231      0.999902     -0.176298
     0.999999   0.000566471    0.00134904      0.908295  -0.000547498      0.999902    -0.0140234       1.14049   -0.00135685     0.0140226      0.999901     -0.096184
     0.999999   0.000746265   0.000779015      0.913811   -0.00073534      0.999903    -0.0139322       1.13167  -0.000789336     0.0139316      0.999903       -0.1902
     0.999999    0.00100725    0.00030843      0.943124   -0.00100228      0.999876    -0.0157052       1.16097   -0.00032421     0.0157049      0.999877     -0.258362
     0.999999   0.000803683   0.000981882      0.945583  -0.000788782      0.999886    -0.0150838       1.11976  -0.000993893      0.015083      0.999886      -0.23007
     0.999999   0.000663506   0.000994785      0.916537  -0.000647888      0.999878    -0.0156187        1.1653   -0.00100503     0.0156181      0.999878      -0.12997
     0.999999   0.000665182     0.0015386      0.959002  -0.000642435      0.999891    -0.0147382       1.10109   -0.00154824     0.0147372       0.99989     -0.141492
     0.999999   0.000725314     0.0014539      0.944852  -0.000703193      0.999885    -0.0151586       1.15481   -0.00146472     0.0151576      0.999884     -0.145277
     0.999999   0.000625126    0.00155881      0.971967  -0.000603058        0.9999    -0.0141179        1.1189   -0.00156748     0.0141169      0.999899     -0.153323
     0.999999   0.000578656    0.00160715      0.967979  -0.000554526      0.999888     -0.014974       1.13592   -0.00161563     0.0149731      0.999887      -0.16028
     0.999998    0.00072217    0.00160403      0.985715  -0.000698585      0.999892    -0.0146554       1.11469   -0.00161444     0.0146543      0.999891     -0.148718
     0.999999    0.00086048    0.00118725      0.969384  -0.000842888      0.999891    -0.0147387       1.14487   -0.00119981     0.0147376      0.999891     -0.216148
     0.999999   0.000746379    0.00112931      0.991489  -0.000730382        0.9999    -0.0140999       1.11369   -0.00113972     0.0140991        0.9999     -0.213616
            1   0.000697261   0.000419644       0.99561  -0.000691022      0.999892    -0.0146879       1.16469   -0.00042984     0.0146876      0.999892     -0.307829
     0.999998  -0.000245886   -0.00192554      0.951015   0.000218997      0.999903    -0.0139521       1.15455    0.00192878     0.0139517      0.999901     -0.341326
     0.999999   0.000204715   -0.00149083      0.960164  -0.000226138      0.999897    -0.0143843       1.13355    0.00148773     0.0143846      0.999895     -0.358693
            1   0.000295649  -0.000763977      0.987692  -0.000306729      0.999894    -0.0145441       1.13967   0.000759597     0.0145444      0.999894     -0.291395
            1    0.00038186   4.72495e-05       1.00721   -0.00038113      0.999893    -0.0145898       1.09579  -5.28158e-05     0.0145898      0.999894     -0.330818
            1   0.000266713   0.000324525       1.00394  -0.000262001      0.999896    -0.0144342        1.1212  -0.000328341     0.0144341      0.999896     -0.271789
            1   0.000244528   0.000375517       1.01355  -0.000239156      0.999899    -0.0142402       1.08413  -0.000378961     0.0142401      0.999899     -0.329733
            1   0.000503914   0.000553799       1.00466  -0.000495865      0.999896    -0.0144406       1.09839  -0.000561018     0.0144403      0.999896     -0.289846
            1   0.000823139   0.000543918       1.01358  -0.000815177      0.999895    -0.0144785       1.10042  -0.000555779      0.014478      0.999895     -0.338503
            1   0.000594234   0.000352249       1.02737  -0.000589066      0.999895    -0.0144964       1.09794  -0.000360826     0.0144962      0.999895     -0.282958
            1   0.000706666  -1.67048e-05       1.04559  -0.000706836      0.999891    -0.0147662       1.13802   6.26822e-06     0.0147663      0.999891     -0.319175
     0.999998    0.00128104    0.00166894      0.913517    -0.0012577      0.999903    -0.0139068       0.75683   -0.00168659     0.0139047      0.999902     -0.420633
     0.999979    0.00396697    0.00506807      0.626962   -0.00389949      0.999905    -0.0132557      0.335281   -0.00512017     0.0132357      0.999899     -0.551941
     0.999984    0.00265946    0.00495236      0.797204   -0.00259094      0.999902    -0.0137916      0.513415   -0.00498855     0.0137785      0.999893     -0.190735
     0.999985    0.00225064    0.00490168      0.918666   -0.00217896      0.999891    -0.0145806      0.696114   -0.00493396     0.0145697      0.999882     -0.152379
     0.999986    0.00238106    0.00464805       0.89424   -0.00231595        0.9999    -0.0139646      0.743884   -0.00468083     0.0139537      0.999892    -0.0441124
     0.999992    0.00190786    0.00341115      0.875175   -0.00186742      0.999928      -0.01182      0.922682   -0.00343345     0.0118135      0.999924     -0.246718
     0.999999    0.00120263  -0.000409651      0.836076    -0.0012068      0.999946    -0.0103302       1.08414   0.000397206     0.0103307      0.999947     -0.288655
     0.999997   0.000894268   -0.00247118      0.859359  -0.000918591      0.999951   -0.00985883       1.09867    0.00246224    0.00986107      0.999948     -0.318108
     0.999999    0.00111588  -0.000743046      0.893672   -0.00112404      0.999938    -0.0110745       1.11162   0.000730642     0.0110754      0.999938      -0.32687
     0.999999   0.000788887  -0.000789003      0.904834  -0.000797842      0.999935    -0.0114144       1.05747   0.000779946      0.011415      0.999935     -0.330669
     0.999992    0.00100574   -0.00379722      0.848397   -0.00104639      0.999942    -0.0107188       1.15888    0.00378622     0.0107227      0.999935     -0.348842
     0.999996   0.000531065    -0.0029181      0.879588  -0.000565286      0.999931    -0.0117389       1.16565    0.00291167     0.0117405      0.999927     -0.303721
     0.999999   0.000748879   -0.00132748      0.929553  -0.000765124      0.999924    -0.0122796       1.07649    0.00131819     0.0122806      0.999924     -0.307089
            1   0.000700204  -0.000606113      0.925672  -0.000707905      0.999918    -0.0127994       1.09596   0.000597101     0.0127999      0.999918     -0.280642
            1   0.000626277  -0.000510659       0.94262  -0.000632631      0.999921    -0.0125397        1.0366   0.000502765       0.01254      0.999921      -0.27929
            1   0.000884473  -0.000309707      0.931025   -0.00088847      0.999913    -0.0131539       1.09206   0.000298046     0.0131542      0.999913      -0.28397
            1   0.000383221   0.000165769      0.980924  -0.000381031      0.999915    -0.0130146       1.00422  -0.000170743     0.0130145      0.999915     -0.256061
            1   0.000990814   6.92936e-05       0.96141  -0.000989768      0.999905    -0.0137386       1.03445  -8.28994e-05     0.0137386      0.999906     -0.274143
     0.999999    0.00122696   0.000329262      0.976557   -0.00122239      0.999908    -0.0135148        1.0245  -0.000345814     0.0135144      0.999909     -0.245313
     0.999999   0.000813267   0.000796528       1.00707  -0.000801836      0.999898    -0.0142484       1.04504  -0.000808035     0.0142477      0.999898     -0.295961
     0.999999   0.000586666   0.000960857       1.03407  -0.000573459      0.999906    -0.0136876       1.04312  -0.000968797      0.013687      0.999906     -0.245638
     0.999999   0.000610831   0.000906244       1.04331  -0.000598101      0.999902    -0.0139819       1.04723  -0.000914695     0.0139813      0.999902     -0.277978
     0.999999   0.000536552    0.00117076       1.04262  -0.000520319      0.999904    -0.0138224        1.0527   -0.00117806     0.0138218      0.999904     -0.260315
     0.999999   0.000568084    0.00105198       1.05718  -0.000553394      0.999903    -0.0139124       1.04805   -0.00105978     0.0139118      0.999903     -0.321306
            1   0.000360832   0.000926783         1.067   -0.00034768        0.9999    -0.0141513       1.09636  -0.000931797      0.014151      0.999899     -0.245777
