# 3dvolreg matrices (DICOM-to-DICOM, row-by-row):
     0.999996    0.00128934    0.00266409      0.533716   -0.00126778      0.999967   -0.00807859       1.38117   -0.00267442    0.00807517      0.999964      0.109269
     0.999983    0.00176132    0.00554884       0.36829   -0.00172376      0.999976   -0.00676605      0.999603   -0.00556062    0.00675637      0.999962      0.202848
     0.999989    0.00117931    0.00464332      0.462154   -0.00114424      0.999971   -0.00754888       1.00133   -0.00465209    0.00754348      0.999961      0.214878
     0.999987    0.00120464    0.00489067      0.435262   -0.00116942      0.999973   -0.00719748       1.09492   -0.00489921    0.00719167      0.999962      0.253736
      0.99999    0.00119426     0.0044117      0.502788   -0.00116528      0.999978   -0.00656416       1.08079   -0.00441944    0.00655895      0.999969      0.303364
     0.999988   0.000799277    0.00482106      0.543884  -0.000766218      0.999976   -0.00685507       1.15865   -0.00482643     0.0068513      0.999965      0.309866
      0.99999    0.00132047    0.00424042      0.578447   -0.00128956      0.999973   -0.00728491       1.15562   -0.00424992    0.00727937      0.999964      0.364801
     0.999991    0.00212481      0.003618      0.559293   -0.00209855      0.999972   -0.00724833        1.3424    -0.0036333    0.00724068      0.999967      0.243663
     0.999995    0.00182355    0.00252819      0.580356   -0.00180807       0.99998   -0.00611182       1.40141   -0.00253929    0.00610722      0.999978      0.250018
     0.999997    0.00155367    0.00179652      0.655646   -0.00154068      0.999973    -0.0072146       1.30811   -0.00180769    0.00721181      0.999972      0.293395
     0.999999    0.00125621    0.00072232      0.641976   -0.00125119      0.999975   -0.00690256        1.2908  -0.000730974    0.00690165      0.999976      0.312252
     0.999999    0.00124802   -0.00032945      0.628543   -0.00125024      0.999976   -0.00683373       1.23408   0.000320913    0.00683414      0.999977      0.244015
     0.999998    0.00172477   -0.00108904      0.546261   -0.00173293       0.99997    -0.0075378       1.32751      0.001076    0.00753967      0.999971      0.233964
     0.999998    0.00149235   -0.00109331      0.566312   -0.00150084      0.999968   -0.00781146       1.27107    0.00108162    0.00781309      0.999969      0.294163
     0.999999    0.00151384  -0.000624376      0.593306   -0.00151943      0.999958   -0.00903943       1.33324   0.000610665    0.00904036      0.999959      0.213195
     0.999998    0.00187083  -0.000343097      0.606477   -0.00187374      0.999961   -0.00867706       1.33251    0.00032685    0.00867769      0.999962      0.244766
     0.999998    0.00196582  -0.000163258      0.630069   -0.00196715      0.999961   -0.00859634       1.28297   0.000146353    0.00859665      0.999963      0.244117
     0.999999    0.00134057  -0.000676678      0.635476   -0.00134677      0.999956   -0.00924318       1.34275   0.000664258    0.00924408      0.999957      0.238278
     0.999999   0.000361435   -0.00167142      0.661248  -0.000373694      0.999973   -0.00734007       1.42661    0.00166873    0.00734068      0.999972     -0.359817
     0.999999    0.00137762  -0.000990692      0.656724   -0.00138569      0.999965   -0.00819579       1.50515   0.000979367    0.00819715      0.999966    -0.0215186
     0.999998    0.00173725  -0.000579944      0.687926   -0.00174232      0.999959   -0.00887087       1.48231   0.000564509    0.00887187       0.99996    -0.0291985
     0.999998    0.00171767  -0.000742878      0.680996   -0.00172394      0.999962   -0.00851993       1.56507   0.000728215     0.0085212      0.999963     0.0137367
     0.999998    0.00151631   -0.00095262      0.718355   -0.00152434      0.999963   -0.00848391       1.52919   0.000939721    0.00848534      0.999964    -0.0710847
     0.999999      0.001515  -0.000797764       0.71813   -0.00152217      0.999958   -0.00906063       1.59109   0.000784004    0.00906183      0.999959    0.00331684
     0.999998    0.00167258   -0.00115725      0.760077   -0.00168239      0.999962   -0.00852391       1.54793    0.00114295    0.00852584      0.999963     0.0138022
     0.999998    0.00140081   -0.00105884      0.753971    -0.0014107      0.999955   -0.00939296       1.58721    0.00104564    0.00939444      0.999955      0.108515
     0.999998    0.00127919     -0.001251       0.75493   -0.00129047      0.999958   -0.00905666       1.59537    0.00123937    0.00905826      0.999958      0.106516
     0.999998    0.00150392   -0.00124063      0.746165   -0.00151534      0.999956    -0.0092533       1.61351    0.00122666    0.00925517      0.999956     0.0577453
     0.999998    0.00122437   -0.00161317      0.742121   -0.00123884      0.999959   -0.00900324        1.6272    0.00160208    0.00900522      0.999958      0.121553
     0.999998    0.00143604   -0.00145601      0.743948   -0.00144904      0.999959   -0.00896645        1.6118    0.00144308    0.00896854      0.999959     0.0433605
     0.999998    0.00118391   -0.00184009      0.730911   -0.00120046      0.999959   -0.00902029       1.64638    0.00182933    0.00902248      0.999958     0.0978676
     0.999997     0.0010575   -0.00216711      0.720274    -0.0010767       0.99996    -0.0088791       1.63216    0.00215763    0.00888141      0.999958     0.0679989
     0.999997   0.000924449   -0.00240436      0.700896  -0.000947007      0.999955   -0.00939778       1.69517    0.00239557    0.00940002      0.999953       0.15505
     0.999996   0.000714404   -0.00275328      0.706828  -0.000739461      0.999958    -0.0091104       1.65453    0.00274666     0.0091124      0.999955      0.106869
     0.999996   0.000776332   -0.00277431      0.698857  -0.000802937      0.999954   -0.00960155       1.69502    0.00276673    0.00960374       0.99995      0.118468
     0.999996   0.000564284   -0.00268261      0.706595   -0.00058806       0.99996   -0.00887081       1.67362     0.0026775    0.00887235      0.999957      0.124621
     0.999996   0.000640342   -0.00259337      0.709161  -0.000664808      0.999955    -0.0094441       1.68136    0.00258721    0.00944579      0.999952     0.0473104
     0.999997   0.000483295   -0.00259602      0.715492  -0.000508767      0.999952   -0.00982042        1.6826    0.00259115    0.00982171      0.999948     0.0613094
     0.999997   0.000568915   -0.00252308      0.712908  -0.000593467      0.999952   -0.00974108        1.6562    0.00251741    0.00974254      0.999949     0.0179065
     0.999995   0.000326653   -0.00304825      0.695027  -0.000359599      0.999941    -0.0108138        1.7319    0.00304454     0.0108149      0.999937      0.131259
     0.999995   0.000421489   -0.00313186      0.690969  -0.000453268      0.999948    -0.0101533       1.69784    0.00312742     0.0101547      0.999944     0.0418816
     0.999995   0.000407937   -0.00317347      0.718816  -0.000443146      0.999938     -0.011102       1.72295    0.00316875     0.0111034      0.999933     0.0405233
     0.999994    0.00086721   -0.00333623      0.722128  -0.000902607      0.999943    -0.0106232         1.677    0.00332682     0.0106262      0.999938     0.0758254
     0.999995   0.000436834   -0.00314236      0.727001  -0.000471689      0.999938    -0.0110998       1.69137    0.00313732     0.0111013      0.999933    0.00573827
     0.999994   0.000118277   -0.00334125      0.751251  -0.000155361      0.999938    -0.0111009       1.67203    0.00333973     0.0111014      0.999933      0.065486
     0.999996    8.9595e-05   -0.00280258      0.769644  -0.000120873      0.999938    -0.0111623       1.62892     0.0028014     0.0111626      0.999934     0.0788554
     0.999996   0.000408173   -0.00294633      0.791463  -0.000443892      0.999926    -0.0121329       1.66313    0.00294116     0.0121342      0.999922      0.167586
     0.999996   0.000378373   -0.00272519      0.809953  -0.000410014      0.999932    -0.0116194       1.58363    0.00272061     0.0116204      0.999929      0.176713
     0.999996   0.000402668   -0.00272669      0.805719  -0.000435622      0.999927    -0.0120959       1.63924    0.00272162     0.0120971      0.999923      0.182509
     0.999996   0.000366257   -0.00290086      0.793994  -0.000401025      0.999928    -0.0119939       1.65459    0.00289626      0.011995      0.999924      0.206775
     0.999996   9.02392e-05   -0.00278659       0.78546  -0.000122304      0.999934    -0.0115088        1.6193    0.00278537     0.0115091       0.99993      0.148295
     0.999995   4.13327e-05   -0.00305676      0.785427  -7.76761e-05      0.999929    -0.0118904       1.66792    0.00305606     0.0118905      0.999925      0.220801
     0.999995   1.84472e-05   -0.00304867      0.785236  -5.25686e-05      0.999937    -0.0111925       1.64269    0.00304828     0.0111926      0.999933      0.193213
     0.999992   0.000861294   -0.00383251       0.73538  -0.000909196      0.999921    -0.0125147       1.73437    0.00382143     0.0125181      0.999914      0.123936
      0.99999   0.000565679   -0.00438547      0.680919  -0.000633153      0.999881    -0.0153997       1.77974    0.00437624     0.0154024      0.999872     -0.152051
     0.999987    0.00049085   -0.00516312      0.612883   -0.00058579       0.99983    -0.0184026       1.90569    0.00515322     0.0184054      0.999817    0.00713726
     0.999986   0.000387129   -0.00527884      0.619618  -0.000480626      0.999843     -0.017722       1.81851    0.00527115     0.0177243      0.999829  -0.000848461
     0.999989   0.000340569   -0.00467919      0.647843  -0.000425418      0.999835    -0.0181443       1.78697    0.00467224     0.0181461      0.999824     -0.122444
     0.999991   0.000227921   -0.00429619      0.704818  -0.000305745      0.999836    -0.0181227       1.77068    0.00429136     0.0181239      0.999827    -0.0836635
     0.999992   0.000699413   -0.00388672      0.701028  -0.000771204      0.999829       -0.0185       1.75182    0.00387311     0.0185029      0.999821    -0.0689462
     0.999993   0.000221823   -0.00372992      0.698986  -0.000289387      0.999836    -0.0181231        1.8051    0.00372529      0.018124      0.999829      0.064943
     0.999994   0.000780994   -0.00347654      0.753601  -0.000841131      0.999849      -0.01733       1.72161    0.00346248     0.0173328      0.999844     0.0745112
     0.999996   4.65521e-05   -0.00292894      0.739942  -9.98913e-05      0.999834    -0.0182136       1.79283    0.00292761     0.0182138       0.99983      0.162014
     0.999995   6.68213e-05   -0.00306224      0.772659  -0.000120028      0.999849    -0.0173782        1.7256    0.00306061     0.0173785      0.999844      0.160317
     0.999996   4.07218e-05   -0.00291618      0.776585  -9.21606e-05      0.999844    -0.0176411       1.73604    0.00291501     0.0176413       0.99984      0.175272
     0.999996   0.000544788   -0.00287918      0.801232  -0.000594169      0.999852    -0.0171781       1.72952     0.0028694     0.0171798      0.999848      0.181017
     0.999995   0.000489624   -0.00310548      0.790063  -0.000543616      0.999848    -0.0174091       1.73759    0.00309649     0.0174107      0.999844      0.145862
     0.999994    9.7423e-05   -0.00343432      0.759562  -0.000156964       0.99985    -0.0173411       1.78565    0.00343211     0.0173415      0.999844      0.221799
     0.999995    0.00082482    -0.0028995      0.665469  -0.000869494       0.99988    -0.0154403       1.60513    0.00288642     0.0154427      0.999877      0.111517
     0.999997    0.00043129   -0.00244729      0.656225  -0.000466262      0.999898    -0.0143079       1.64738    0.00244087      0.014309      0.999895       0.24198
     0.999997   0.000208892   -0.00246085      0.700496  -0.000244042      0.999898     -0.014292       1.62545    0.00245762     0.0142925      0.999895      0.183831
     0.999997   0.000570505   -0.00254201      0.733353  -0.000610176      0.999878    -0.0156327       1.66621    0.00253278     0.0156342      0.999875      0.238959
     0.999997  -0.000697911   -0.00242849      0.770126   0.000661156      0.999886     -0.015103       1.65749    0.00243875     0.0151013      0.999883      0.215856
     0.999998  -0.000616487   -0.00204362      0.769208   0.000584208      0.999876    -0.0157585       1.67624    0.00205308     0.0157573      0.999874      0.173887
     0.999997   5.78928e-05   -0.00264469      0.747841  -9.82505e-05      0.999884    -0.0152623       1.72709     0.0026435     0.0152625       0.99988      0.189311
     0.999995   0.000212177   -0.00329714       0.74664  -0.000262568      0.999883    -0.0152903       1.73356    0.00329351     0.0152911      0.999878     0.0812202
     0.999995  -3.67753e-05   -0.00304277      0.758972  -1.42611e-05      0.999859    -0.0167713       1.70641    0.00304296     0.0167713      0.999855     0.0113863
     0.999995   0.000702752    -0.0029911      0.771389  -0.000751458      0.999867    -0.0163139       1.65243    0.00297923     0.0163161      0.999862     0.0385265
     0.999995  -8.96694e-06   -0.00315692      0.782022   -4.3538e-05      0.999862    -0.0166312       1.71988    0.00315663     0.0166313      0.999857      0.110758
     0.999994  -4.65181e-05   -0.00360109      0.802933  -1.02924e-05      0.999876    -0.0157743       1.70318    0.00360137     0.0157742      0.999869      0.138793
      0.99999   0.000335988   -0.00435134      0.756575  -0.000407074      0.999866    -0.0163459       1.74343    0.00434526     0.0163475      0.999857      0.117989
     0.999991   0.000235829   -0.00422478      0.774672  -0.000304764      0.999867    -0.0163235       1.70853    0.00422036     0.0163247      0.999858      0.181702
     0.999993   0.000371577   -0.00378855        0.7889  -0.000431904      0.999873    -0.0159352       1.67284    0.00378215     0.0159367      0.999866       0.13616
     0.999991   0.000387474   -0.00425787      0.777838  -0.000457576      0.999864    -0.0164756       1.74651     0.0042509     0.0164774      0.999855      0.172025
     0.999992   0.000354945   -0.00386717      0.800906  -0.000418056      0.999867    -0.0163313       1.69635    0.00386086     0.0163328      0.999859      0.106773
     0.999992   0.000861511   -0.00401502      0.794066   -0.00092865      0.999859    -0.0167501       1.71511    0.00400002     0.0167537      0.999852     0.0479457
     0.999991   0.000356591   -0.00425394      0.805766   -0.00042694      0.999863     -0.016548       1.71564    0.00424745     0.0165497      0.999854      0.101909
     0.999988   0.000736437   -0.00477416      0.815299  -0.000815585      0.999862    -0.0165976       1.70808    0.00476128     0.0166013      0.999851     0.0513979
     0.999989   0.000244977   -0.00463376      0.819828  -0.000324489      0.999853    -0.0171663       1.74335    0.00462887     0.0171676      0.999842      0.132491
     0.999989   0.000655321   -0.00463373      0.828558   -0.00073418      0.999855    -0.0170374       1.71841    0.00462189     0.0170406      0.999844     0.0159289
     0.999989   5.08101e-05   -0.00461698      0.810213  -0.000138874      0.999818    -0.0190756       1.77884    0.00461517      0.019076      0.999807    -0.0919216
     0.999988   0.000459553   -0.00493708      0.821943  -0.000548288      0.999838    -0.0179869       1.69962    0.00492801     0.0179894      0.999826     -0.175914
     0.999985    0.00070776   -0.00541862      0.811729  -0.000805271      0.999837    -0.0180146       1.72085    0.00540498     0.0180187      0.999823     -0.278869
     0.999983   7.95784e-06   -0.00589565      0.813574  -0.000110742      0.999848    -0.0174338       1.75468    0.00589462     0.0174342      0.999831     -0.234605
     0.999974   -0.00018665   -0.00724626      0.757688   6.24337e-05      0.999853    -0.0171386        1.7893     0.0072484     0.0171377      0.999827     -0.284195
     0.999972  -0.000265386   -0.00747049      0.767804   0.000139406      0.999858    -0.0168592       1.78267     0.0074739     0.0168577       0.99983     -0.247495
     0.999981  -0.000290636   -0.00607782      0.728252   0.000187289      0.999856    -0.0169976       1.75814    0.00608188     0.0169961      0.999837     -0.282479
     0.999993   0.000100512   -0.00382008      0.683262  -0.000165967      0.999853     -0.017138       1.69949     0.0038178     0.0171386      0.999846     -0.189527
     0.999991   0.000123609   -0.00419436      0.741305  -0.000195212      0.999854     -0.017075       1.65774    0.00419163     0.0170757      0.999845      -0.23349
     0.999991   0.000341909   -0.00412449      0.703202  -0.000412808      0.999852    -0.0172013       1.69061      0.004118     0.0172028      0.999844     -0.216188
     0.999989   0.000654035    -0.0046018      0.721519   -0.00072906      0.999867    -0.0163207       1.64729    0.00459052     0.0163239      0.999856     -0.211716
     0.999991   0.000294675   -0.00434765      0.710846  -0.000366646      0.999863    -0.0165623        1.6823    0.00434217     0.0165638      0.999853     -0.159732
     0.999991   0.000512584    -0.0042575       0.74521  -0.000582719      0.999864    -0.0164886       1.63653    0.00424847     0.0164909      0.999855    -0.0992334
     0.999991  -0.000114276    -0.0042318      0.727681   4.40535e-05      0.999862    -0.0165903       1.74814    0.00423311       0.01659      0.999853    -0.0392597
     0.999987   1.58508e-06   -0.00507421      0.693755  -8.28575e-05      0.999872    -0.0160166       1.72566    0.00507354     0.0160168      0.999859    -0.0953245
     0.999989  -1.23047e-05   -0.00475444      0.693958  -6.79694e-05      0.999857    -0.0168835         1.751    0.00475397     0.0168836      0.999846    -0.0506185
     0.999987   7.42449e-05   -0.00507707      0.745371  -0.000157262      0.999866     -0.016353       1.74881    0.00507518     0.0163536      0.999853     -0.129408
     0.999983   0.000115422   -0.00577733      0.740638  -0.000207337      0.999873    -0.0159115       1.77855    0.00577476     0.0159124      0.999857     -0.222568
     0.999982   0.000268163   -0.00594825      0.753295  -0.000362384      0.999874    -0.0158447       1.81379    0.00594325     0.0158466      0.999857     -0.202022
     0.999978   0.000309673    -0.0066276      0.755954  -0.000410843      0.999883    -0.0152689       1.76666     0.0066221     0.0152713      0.999861     -0.271712
     0.999981   0.000370975   -0.00616133      0.747129  -0.000469138      0.999873    -0.0159382       1.77544    0.00615463     0.0159408      0.999854     -0.294999
     0.999981   0.000215262   -0.00609202      0.764081  -0.000309711       0.99988    -0.0155071       1.77434    0.00608795     0.0155087      0.999861     -0.236717
     0.999979   0.000237276   -0.00641322      0.738518  -0.000344354       0.99986    -0.0167004       1.78849    0.00640836     0.0167023       0.99984     -0.306828
     0.999978   4.21026e-05   -0.00669238      0.761641  -0.000154084       0.99986     -0.016733       1.76317    0.00669074     0.0167337      0.999838     -0.299252
     0.999979    0.00017087   -0.00646147      0.760156  -0.000279367      0.999859    -0.0167941       1.78024    0.00645769     0.0167956      0.999838     -0.236927
     0.999978   0.000209497   -0.00662671      0.746322  -0.000317191      0.999868    -0.0162545       1.77008    0.00662243     0.0162563      0.999846     -0.285989
     0.999981  -3.67271e-05   -0.00612302      0.755393  -6.28507e-05      0.999868    -0.0162619       1.73424     0.0061228      0.016262      0.999849     -0.336083
     0.999983   0.000299988   -0.00580022      0.758287  -0.000395536      0.999864    -0.0164792       1.80647    0.00579449     0.0164812      0.999847     -0.140844
     0.999983    0.00043445    -0.0058597      0.748103  -0.000532506       0.99986    -0.0167428        1.7918     0.0058516     0.0167456      0.999843     -0.250579
     0.999981   0.000692869   -0.00612544      0.728053  -0.000794309      0.999862    -0.0165736       1.81992    0.00611311     0.0165782      0.999844     -0.219574
     0.999978   0.000528828   -0.00658529      0.741922  -0.000634838       0.99987    -0.0161064       1.79379    0.00657592     0.0161102      0.999849     -0.250207
     0.999978  -5.12754e-06   -0.00667868      0.752988  -0.000116344      0.999835    -0.0181874       1.85526    0.00667767     0.0181878      0.999812     -0.338347
      0.99997   -3.6471e-05   -0.00770856      0.750181  -0.000106013      0.999829    -0.0184826       1.82831    0.00770792     0.0184829      0.999799     -0.480633
     0.999966   0.000294963   -0.00829429      0.705964  -0.000453156      0.999818    -0.0190772       1.90521    0.00828715     0.0190803      0.999784     -0.510046
      0.99997   0.000207663   -0.00773795      0.710976   -0.00034531      0.999842    -0.0177915       1.87931    0.00773303     0.0177937      0.999812     -0.421318
     0.999975   0.000134806   -0.00704061      0.700619  -0.000256807       0.99985    -0.0173301       1.85172    0.00703721     0.0173314      0.999825     -0.434988
     0.999974   0.000328529   -0.00718545      0.710889  -0.000449544      0.999858    -0.0168465       1.85533    0.00717889     0.0168493      0.999832     -0.359759
     0.999974   0.000113239   -0.00715581       0.73496  -0.000234392      0.999857    -0.0169322       1.83934    0.00715286     0.0169334      0.999831     -0.380733
     0.999976  -0.000103936   -0.00691601      0.749462  -1.36385e-05      0.999856    -0.0169981       1.88705    0.00691677     0.0169978      0.999832      -0.26165
     0.999978  -0.000128239   -0.00664025       0.76977   1.58911e-05      0.999857    -0.0169166       1.83491    0.00664147     0.0169161      0.999835     -0.314909
     0.999979  -0.000192015    -0.0064819      0.757116   8.05654e-05      0.999852    -0.0171899       1.87386    0.00648424      0.017189      0.999831     -0.267464
     0.999983  -0.000353556   -0.00581053      0.785965   0.000237913      0.999802     -0.019891       1.82489    0.00581641     0.0198893      0.999785     -0.331246
     0.999986  -0.000376235   -0.00534556      0.789988   0.000260767      0.999767     -0.021585       1.85637    0.00535243     0.0215833      0.999753     -0.234953
     0.999986  -0.000304422   -0.00530102        0.7752   0.000193279       0.99978    -0.0209543       1.85133    0.00530624      0.020953      0.999766      -0.29559
     0.999987    -0.0006588   -0.00505686      0.782451   0.000553994      0.999786     -0.020699       1.85176    0.00506941     0.0206959      0.999773      -0.25007
     0.999986  -0.000306517   -0.00535286      0.772008   0.000196262      0.999788    -0.0205859       1.84493    0.00535804     0.0205845      0.999774     -0.251102
     0.999986  -0.000300093    -0.0051884      0.761371   0.000192836      0.999787    -0.0206605       1.87967    0.00519349     0.0206593      0.999773     -0.218101
     0.999983  -0.000145141   -0.00583974      0.776121   2.94012e-05      0.999804    -0.0198145       1.83968    0.00584147      0.019814      0.999787     -0.323592
     0.999984   0.000239506   -0.00570544      0.803802  -0.000353871      0.999799    -0.0200524       1.87688    0.00569949     0.0200541      0.999783     -0.298513
     0.999986  -0.000371917   -0.00535779      0.798739   0.000268282      0.999813    -0.0193307       1.83682    0.00536398      0.019329      0.999799     -0.276342
     0.999985  -0.000136396   -0.00548046      0.786873    2.6583e-05      0.999799    -0.0200323       1.86195    0.00548209     0.0200319      0.999784     -0.253829
     0.999984  -0.000167045   -0.00566291      0.788709    5.9913e-05      0.999821     -0.018913       1.83456    0.00566506     0.0189124      0.999805     -0.241085
     0.999982  -1.15176e-05   -0.00597012      0.778842  -0.000102629      0.999817    -0.0191191       1.86069    0.00596925     0.0191193      0.999799     -0.254979
     0.999984  -0.000125965   -0.00568427      0.789234   1.58556e-05      0.999812    -0.0193669       1.83315    0.00568564     0.0193665      0.999796      -0.32636
     0.999985  -0.000162461   -0.00541313      0.766453   5.50818e-05      0.999803    -0.0198311       1.81808    0.00541529     0.0198305      0.999789     -0.376856
     0.999984  -0.000140829   -0.00561676       0.76539   3.24861e-05      0.999814    -0.0192847       1.80699    0.00561843     0.0192842      0.999798     -0.286252
     0.999984  -9.51926e-05   -0.00566908      0.770943  -1.52221e-05       0.99981    -0.0194734       1.81077    0.00566986     0.0194732      0.999794     -0.308971
     0.999985  -0.000293562    -0.0054854      0.781764   0.000186586       0.99981    -0.0194923       1.81477    0.00549008      0.019491      0.999795     -0.273494
     0.999985  -0.000182715   -0.00547971      0.774744   7.43971e-05      0.999805    -0.0197608       1.79023    0.00548225     0.0197601       0.99979     -0.282146
     0.999986  -0.000311118   -0.00534664      0.804246   0.000206893       0.99981     -0.019483       1.77303    0.00535169     0.0194816      0.999796     -0.260126
     0.999985  -0.000301072     -0.005413      0.800313   0.000192914      0.999801    -0.0199707       1.77771    0.00541793     0.0199694      0.999786     -0.338078
     0.999985  -0.000351346   -0.00540585      0.800823   0.000244142      0.999804     -0.019819       1.79164    0.00541176     0.0198173      0.999789       -0.2629
     0.999984  -0.000336018   -0.00567649      0.825042    0.00022641      0.999814    -0.0192987       1.76045    0.00568192     0.0192971      0.999798     -0.401149
     0.999981  -0.000341779   -0.00612282      0.838482   0.000216357       0.99979    -0.0204732       1.80052    0.00612853     0.0204715      0.999772     -0.422757
     0.999976  -0.000660662   -0.00689584      0.854148   0.000513403      0.999772    -0.0213348       1.75115    0.00690837     0.0213307      0.999749     -0.545297
     0.999977  -0.000462512   -0.00672657      0.817389   0.000312265      0.999751    -0.0223202         1.816    0.00673522     0.0223176      0.999728     -0.479955
     0.999986   -0.00141589   -0.00512816      0.859116    0.00130623      0.999772    -0.0213241       1.75531    0.00515718     0.0213171      0.999759      -0.33549
     0.999986  -0.000369589   -0.00529443      0.853845   0.000258672      0.999781    -0.0209351       1.76424    0.00530101     0.0209334      0.999767     -0.337354
     0.999985  -0.000103436   -0.00554524      0.816967   -8.4296e-06      0.999797    -0.0201694       1.79185     0.0055462     0.0201692      0.999781      -0.28372
     0.999985  -0.000224824   -0.00545464      0.810192   0.000114117      0.999794    -0.0202878       1.79192    0.00545807     0.0202868      0.999779     -0.319452
     0.999984  -0.000309577   -0.00567074      0.814025   0.000196323      0.999801    -0.0199612       1.79763    0.00567579     0.0199598      0.999785     -0.268362
     0.999983  -9.95632e-05    -0.0057881      0.825221  -1.59626e-05      0.999801    -0.0199557       1.80909    0.00578893     0.0199555      0.999784     -0.320709
     0.999984  -0.000396801   -0.00564438      0.842408   0.000285678      0.999806    -0.0196745       1.83267    0.00565109     0.0196726      0.999791     -0.313574
     0.999982   2.85608e-05   -0.00607885      0.829537  -0.000146903       0.99981    -0.0194683       1.82351    0.00607714     0.0194689      0.999792     -0.313864
     0.999976   0.000370598    -0.0068581      0.794021  -0.000504763      0.999808    -0.0195716       1.86873    0.00684953     0.0195746      0.999785     -0.233873
     0.999971   0.000159118   -0.00758666      0.779803  -0.000303328      0.999819     -0.019011       1.82895    0.00758227     0.0190128       0.99979     -0.331824
     0.999972   3.35268e-05   -0.00752098      0.796142  -0.000178591      0.999814    -0.0192881       1.85905    0.00751893     0.0192889      0.999786      -0.35862
     0.999973  -0.000127035    -0.0072997      0.804772  -8.35087e-06      0.999828    -0.0185437       1.83275     0.0073008     0.0185433      0.999801     -0.346349
     0.999967   7.80266e-05   -0.00810156      0.793101  -0.000232298      0.999819     -0.019043       1.87141    0.00809861     0.0190442      0.999786     -0.438517
      0.99995  -0.000162382    -0.0100109      0.767617   -3.5008e-05      0.999806    -0.0197142       1.88581     0.0100121     0.0197136      0.999756     -0.520999
     0.999937  -0.000201615    -0.0112306      0.737548  -1.56382e-05      0.999813    -0.0193413       1.84257     0.0112324     0.0193402       0.99975     -0.490674
      0.99996  -0.000361838   -0.00898108      0.776153   0.000187671      0.999812    -0.0193859       1.81418    0.00898641     0.0193834      0.999772     -0.343444
     0.999975  -0.000216535    -0.0070742      0.773746   7.61396e-05      0.999803    -0.0198403       1.77433     0.0070771     0.0198393      0.999778     -0.273279
     0.999979  -0.000541062   -0.00646489      0.789713   0.000417226      0.999817    -0.0191413       1.71951    0.00647406     0.0191382      0.999796     -0.209556
     0.999983  -0.000667411   -0.00586901      0.768868    0.00055675      0.999822    -0.0188366       1.74297    0.00588054      0.018833      0.999805     -0.209017
     0.999986   -0.00126718   -0.00505747      0.754418    0.00117742      0.999842    -0.0177119       1.70463    0.00507911     0.0177057       0.99983     -0.139687
     0.999988   -0.00139911   -0.00477107      0.767815    0.00131647       0.99985      -0.01728       1.70236    0.00479453     0.0172735      0.999839     -0.185355
     0.999987   -0.00145544   -0.00491397      0.792207    0.00137132      0.999853    -0.0170781       1.70617     0.0049381     0.0170712      0.999842     -0.145789
     0.999988   -0.00130377   -0.00463912      0.764751    0.00122463      0.999854    -0.0170211       1.68799    0.00466063     0.0170153      0.999844     -0.159394
     0.999989  -5.96518e-05   -0.00459546      0.700054  -1.75826e-05      0.999859    -0.0168048       1.71094    0.00459581     0.0168047      0.999848     -0.100201
     0.999988   0.000391573   -0.00495697      0.684816  -0.000473761      0.999862    -0.0165901       1.66128    0.00494979     0.0165923       0.99985    0.00320193
     0.999991   0.000112816   -0.00434907      0.637646  -0.000180698      0.999878    -0.0156111        1.6148    0.00434677     0.0156117      0.999869     0.0862042
     0.999996    0.00107419   -0.00244588       0.58211   -0.00111101      0.999885    -0.0150998       1.28167    0.00242938     0.0151024      0.999883    -0.0419733
     0.999998     0.0019243  -0.000732563      0.428603   -0.00193518      0.999883    -0.0151572       1.10238    0.00070331     0.0151586      0.999885     -0.180018
     0.999997    0.00259426   0.000215901       0.46271   -0.00259064      0.999879    -0.0153515      0.851164    -0.0002557     0.0153509      0.999882    -0.0980877
     0.999992    0.00251534    0.00294601      0.349059   -0.00247406        0.9999    -0.0139308      0.628781   -0.00298076     0.0139234      0.999899    -0.0033829
     0.999987  -8.40393e-05    0.00501149      0.477702   0.000150622      0.999912    -0.0132872      0.566931   -0.00500994     0.0132878      0.999899   0.000688648
     0.999987    0.00189175      0.004689      0.489689   -0.00182258       0.99989    -0.0147106      0.619658   -0.00471632     0.0147019      0.999881   -0.00488747
     0.999986    0.00373389      0.003695      0.414859   -0.00368022      0.999889     -0.014428      0.902773   -0.00374847     0.0144142      0.999889     0.0707194
     0.999984    0.00364684    0.00422766      0.518463   -0.00358439      0.999886    -0.0146884      0.915528   -0.00428074      0.014673      0.999883     0.0603053
     0.999987    0.00330464    0.00378697      0.573423   -0.00325058      0.999894    -0.0141948       1.07001   -0.00383347     0.0141823      0.999892    0.00677626
     0.999987    0.00329883    0.00378189      0.635041   -0.00324856      0.999907    -0.0132216       1.01368   -0.00382515     0.0132091      0.999905    -0.0530254
     0.999989    0.00320269    0.00338745      0.610508   -0.00315657      0.999903    -0.0135333      0.990427   -0.00343047     0.0135224      0.999903     -0.170448
     0.999992     0.0026051    0.00319149      0.588313   -0.00256293       0.99991    -0.0131458       1.02988   -0.00322545     0.0131375      0.999908     -0.119455
     0.999991    0.00254007    0.00329903      0.631821   -0.00249647       0.99991    -0.0131541       0.97057   -0.00333215     0.0131458      0.999908     -0.108412
     0.999993    0.00246219    0.00291692      0.635723   -0.00242105      0.999899    -0.0140254       1.03083   -0.00295116     0.0140182      0.999897    -0.0570703
     0.999993    0.00252426    0.00260391       0.65046   -0.00248991      0.999911    -0.0131116       1.00567   -0.00263678     0.0131051      0.999911     -0.019734
     0.999994    0.00247958    0.00251791       0.66057    -0.0024431      0.999893    -0.0143899       1.04414   -0.00255332     0.0143837      0.999893     0.0165764
     0.999994    0.00222326    0.00257255       0.70443    -0.0021871        0.9999    -0.0139731        1.0534   -0.00260336     0.0139674      0.999899     0.0696865
     0.999994    0.00270637    0.00216948      0.674071   -0.00267639      0.999902    -0.0137051       1.06562   -0.00220636     0.0136992      0.999904     0.0609459
     0.999994    0.00299838    0.00150267      0.647767   -0.00297693      0.999896    -0.0140794       1.10604   -0.00154473     0.0140749        0.9999      0.099342
     0.999996    0.00282901   0.000797069      0.632803   -0.00281761      0.999899    -0.0139585       1.14305  -0.000836477     0.0139562      0.999902     0.0330532
     0.999996     0.0027786  -0.000519262      0.612288   -0.00278544      0.999903     -0.013656       1.22133   0.000481267     0.0136573      0.999907     0.0149116
     0.999995    0.00252537   -0.00203188      0.624465   -0.00255203      0.999909    -0.0132292       1.16138    0.00199829     0.0132343       0.99991    -0.0831454
     0.999997    0.00235672    -0.0010344      0.668819   -0.00237135      0.999894    -0.0143761       1.11715    0.00100041     0.0143785      0.999896    -0.0813669
     0.999997    0.00216233  -0.000658968      0.681144   -0.00217163      0.999893    -0.0144525       1.16623   0.000627646     0.0144539      0.999895     0.0711557
     0.999998    0.00188351   0.000257015      0.739414   -0.00187945      0.999886     -0.015005       1.08852  -0.000285248     0.0150044      0.999887     0.0391686
     0.999999   0.000502018    0.00158027      0.821884  -0.000477749      0.999883    -0.0153205       1.09672   -0.00158778     0.0153198      0.999881     0.0509547
     0.999999   0.000787646    0.00125431       0.83145  -0.000767898      0.999877    -0.0156672       1.07397    -0.0012665     0.0156662      0.999876     0.0816305
     0.999998    0.00194896   3.22524e-05       0.78032   -0.00194823       0.99988    -0.0153842       1.21498  -6.22317e-05     0.0153841      0.999882      0.112276
     0.999999    0.00164783   0.000523127      0.826829   -0.00163939      0.999875    -0.0157357       1.11504  -0.000548991     0.0157348      0.999876     0.0179615
     0.999998    0.00173716    0.00121756      0.835597   -0.00171644      0.999857    -0.0168147       1.02628   -0.00124659     0.0168126      0.999858    -0.0639346
