# 3dvolreg matrices (DICOM-to-DICOM, row-by-row):
     0.999992    0.00019992   -0.00397482      0.634328  -0.000317874      0.999559    -0.0296969       1.55936    0.00396713      0.029698      0.999551     -0.276953
            1   0.000763649  -0.000477385      0.656146  -0.000778232      0.999509    -0.0313325       1.43046   0.000453223     0.0313328      0.999509     -0.330068
     0.999999    0.00108707   -0.00103045      0.570225   -0.00111906      0.999501    -0.0315705       1.49603   0.000995617     0.0315716      0.999501     -0.453771
     0.999999    0.00102381  -0.000875393      0.598776   -0.00105035      0.999523    -0.0308794       1.45745    0.00084336     0.0308803      0.999523     -0.428169
     0.999999   0.000993187  -0.000779285      0.581131   -0.00101666      0.999527    -0.0307211       1.50976   0.000748405     0.0307219      0.999528     -0.371072
     0.999999    0.00123592   -0.00113749      0.581633   -0.00126959      0.999546    -0.0300896       1.48853    0.00109978      0.030091      0.999547     -0.322823
     0.999999   0.000736585  -0.000990161      0.588045  -0.000766418      0.999535    -0.0304751       1.51433   0.000967253     0.0304758      0.999535     -0.301831
     0.999999   0.000266595   -0.00110269      0.620237  -0.000298934      0.999567    -0.0294316       1.52715    0.00109437     0.0294319      0.999566     -0.241541
     0.999999   0.000344304   -0.00158635      0.581042  -0.000389489      0.999592    -0.0285723       1.57737    0.00157586     0.0285729       0.99959     -0.233275
     0.999999   0.000269946  -0.000989106      0.660426  -0.000297438      0.999611    -0.0279014       1.58661   0.000981189     0.0279017       0.99961      -0.17924
     0.999999   0.000224214  -0.000980938       0.64755  -0.000251771      0.999603    -0.0281835       1.61418   0.000974229     0.0281838      0.999602     -0.129602
     0.999999  -0.000358462    -0.0010802      0.724975   0.000327493      0.999593    -0.0285349       1.59119    0.00108999     0.0285346      0.999592    -0.0843915
     0.999998   0.000524076   -0.00203422      0.695641  -0.000582704      0.999581    -0.0289281       1.64885     0.0020182     0.0289292      0.999579    -0.0402235
     0.999994   0.000386353   -0.00341992      0.705414  -0.000476933      0.999648    -0.0265248        1.6812    0.00340847     0.0265263      0.999642     -0.144681
      0.99997   0.000679049     -0.007749      0.755198  -0.000943765      0.999414     -0.034209       1.61952    0.00772123     0.0342152      0.999385     -0.565518
     0.999966  -0.000176092   -0.00824293      0.866344     -0.000345      0.998003    -0.0631727      0.990356    0.00823759     0.0631734      0.997969      -0.65582
     0.999968  -4.25557e-05   -0.00795587      0.873618  -0.000428282      0.998248    -0.0591701       1.02995    0.00794445     0.0591716      0.998216      -0.78755
     0.999943  -0.000386598    -0.0106821      0.740396  -6.36139e-05      0.999113    -0.0421138       1.51503     0.0106889     0.0421121      0.999056     -0.561713
     0.999949   -0.00116007    -0.0100613      0.774513    0.00077464      0.999269    -0.0382274       1.55777     0.0100983     0.0382177      0.999218     -0.629292
     0.999936   -0.00111155    -0.0112858       0.75718   0.000693103      0.999315    -0.0370136       1.65717     0.0113192     0.0370034      0.999251     -0.531993
     0.999918    -0.0011658    -0.0127249      0.738625   0.000741729      0.999446    -0.0332803       1.66578     0.0127567     0.0332682      0.999365     -0.569377
     0.999928   -0.00184009    -0.0118871      0.753639    0.00143753      0.999428    -0.0337854       1.68768     0.0119425     0.0337659      0.999358     -0.509257
     0.999933   -0.00165519     -0.011495      0.765039    0.00126592      0.999428    -0.0337898       1.67391     0.0115443      0.033773      0.999363     -0.508429
     0.999935   -0.00172303    -0.0112286      0.781734    0.00133808      0.999414    -0.0342004       1.70343      0.011281     0.0341831      0.999352     -0.393161
     0.999945   -0.00189499    -0.0102729      0.800805    0.00155991       0.99947    -0.0325293        1.6947     0.0103291     0.0325115      0.999418     -0.324053
     0.999941   -0.00141887    -0.0108101      0.746862    0.00107705      0.999501    -0.0315606       1.70791     0.0108495     0.0315471      0.999443     -0.366966
     0.999936   -0.00124097    -0.0112577      0.740767   0.000895191      0.999529    -0.0306679       1.72473     0.0112905     0.0306558      0.999466     -0.345373
     0.999935   -0.00117167     -0.011313      0.747073   0.000825453      0.999533    -0.0305598       1.73104     0.0113435     0.0305485      0.999469     -0.396233
     0.999937   -0.00120423    -0.0111399      0.749334   0.000869567       0.99955    -0.0299981       1.74314     0.0111711     0.0299866      0.999488     -0.355187
     0.999928   -0.00105135    -0.0119456      0.728262   0.000705013       0.99958    -0.0289603        1.7411      0.011971     0.0289498      0.999509     -0.429297
     0.999918  -0.000943553    -0.0127753      0.703142   0.000585547      0.999608    -0.0279981       1.80226     0.0127967     0.0279883      0.999526     -0.343166
     0.999919  -0.000954001    -0.0126546      0.706381   0.000606264      0.999623    -0.0274546       1.77104      0.012676     0.0274447      0.999543     -0.407535
     0.999918  -0.000911022     -0.012789      0.706048   0.000553757       0.99961    -0.0279112       1.82407     0.0128094     0.0279019      0.999529     -0.387803
     0.999917  -0.000811618    -0.0128857      0.714379   0.000461118       0.99963    -0.0271804       1.78717      0.012903     0.0271722      0.999547        -0.366
     0.999917  -0.000806109    -0.0128909      0.715583   0.000449993      0.999619    -0.0276046       1.81594     0.0129082     0.0275965      0.999536     -0.353532
     0.999917  -0.000931696    -0.0128418      0.714193   0.000579807      0.999625    -0.0273785       1.83793     0.0128625     0.0273688      0.999543     -0.331851
     0.999914  -0.000928604    -0.0131033      0.708889   0.000570909      0.999628    -0.0272755       1.81468     0.0131238     0.0272657      0.999542     -0.382656
     0.999907  -0.000752428    -0.0135972       0.69104   0.000383701      0.999633    -0.0271001       1.86046     0.0136126     0.0270924       0.99954     -0.308987
     0.999899  -0.000835902    -0.0141982      0.672723   0.000462465      0.999654    -0.0262848        1.8348     0.0142152     0.0262756      0.999554     -0.380455
     0.999888  -0.000750542    -0.0149343      0.656962   0.000351036      0.999642    -0.0267356       1.88986      0.014949     0.0267273      0.999531       -0.3848
     0.999892   -0.00093755    -0.0146517       0.66626   0.000548887      0.999648    -0.0265083        1.8377     0.0146714     0.0264974      0.999541     -0.382503
     0.999896   -0.00100049    -0.0144204      0.666123   0.000610383      0.999634    -0.0270314       1.87661     0.0144421     0.0270198      0.999531     -0.318529
     0.999899  -0.000922173    -0.0141529      0.674677   0.000545509      0.999646    -0.0265948       1.85321     0.0141724     0.0265844      0.999546       -0.3121
     0.999901  -0.000670784    -0.0140636      0.667525   0.000292754      0.999639    -0.0268649       1.87946     0.0140765     0.0268582       0.99954     -0.250118
     0.999903  -0.000898367    -0.0138784      0.671666   0.000524054      0.999637     -0.026951       1.86774     0.0138976     0.0269411       0.99954     -0.312561
     0.999901  -0.000618556    -0.0140828        0.6648   0.000233512      0.999627    -0.0273266       1.88418     0.0140945     0.0273206      0.999527     -0.273104
     0.999894  -0.000882679    -0.0145492      0.665325   0.000516772      0.999684    -0.0251342       1.81795     0.0145668      0.025124      0.999578     -0.521567
     0.999913  -0.000824023    -0.0131572      0.624474   0.000545834      0.999777     -0.021133        1.7694     0.0131717      0.021124       0.99969     -0.612602
     0.999924  -0.000528945    -0.0123203      0.627483    0.00026873      0.999777     -0.021113       1.70172     0.0123287      0.021108      0.999701     -0.465592
     0.999926  -0.000995933    -0.0121591      0.622078   0.000725723      0.999753    -0.0222071       1.76516     0.0121782     0.0221966      0.999679     -0.434044
     0.999927  -0.000965414    -0.0120397      0.635843   0.000703231      0.999763    -0.0217618       1.79078     0.0120578     0.0217518      0.999691     -0.338759
     0.999924  -0.000623407     -0.012306       0.60819     0.0003432      0.999741    -0.0227589       1.82125      0.012317      0.022753      0.999665     -0.368261
     0.999919  -0.000626467    -0.0127413      0.615986    0.00033663      0.999741    -0.0227373       1.85309     0.0127523     0.0227311       0.99966     -0.295252
     0.999899  -0.000411919    -0.0142059      0.567335   9.17464e-05      0.999746    -0.0225313       1.85665     0.0142115     0.0225277      0.999645     -0.333109
     0.999902  -0.000406269    -0.0139582      0.573237   8.75211e-05      0.999739    -0.0228289        1.9053     0.0139639     0.0228254      0.999642     -0.250487
     0.999899  -0.000414424    -0.0142384      0.610545   9.71022e-05      0.999752    -0.0222798       1.86326     0.0142441     0.0222762       0.99965     -0.367548
     0.999896  -0.000386842    -0.0144308      0.609615   5.30828e-05      0.999733    -0.0231215       1.90392     0.0144359     0.0231183      0.999629     -0.318518
     0.999901  -0.000625922    -0.0140357      0.613196   0.000309771      0.999746    -0.0225157       1.88622     0.0140462     0.0225092      0.999648     -0.306756
     0.999888  -0.000354263    -0.0149603      0.604688   1.19228e-05      0.999738    -0.0228772       1.91683     0.0149644     0.0228745      0.999626     -0.368884
     0.999867   -0.00050492    -0.0163217      0.609877   0.000139895       0.99975    -0.0223578       1.89976     0.0163289     0.0223525      0.999617     -0.422237
     0.999873  -0.000337438    -0.0159544      0.613496  -3.23571e-05      0.999731    -0.0231723       1.89368      0.015958     0.0231699      0.999604     -0.419097
     0.999875  -0.000440607    -0.0157782      0.610813   7.51108e-05      0.999732    -0.0231578       1.91165     0.0157841     0.0231537      0.999607     -0.359041
     0.999878  -0.000699192    -0.0155799      0.610407    0.00034347      0.999739     -0.022823       1.87199     0.0155918     0.0228149      0.999618     -0.444682
     0.999881  -0.000650179    -0.0154262      0.599414   0.000279068      0.999711    -0.0240472       1.93433     0.0154374     0.0240401      0.999592      -0.37677
     0.999881  -0.000823636    -0.0154165      0.612424   0.000466606      0.999732    -0.0231482       1.90834     0.0154315     0.0231382      0.999613     -0.370614
     0.999881  -0.000538432    -0.0154097      0.602688   0.000172595      0.999718    -0.0237323       1.94052     0.0154181     0.0237268        0.9996     -0.353236
     0.999879  -0.000563813    -0.0155451      0.615903   0.000209486       0.99974    -0.0227857       1.91187     0.0155539     0.0227797       0.99962     -0.362018
     0.999876  -0.000399356    -0.0157325       0.58116   3.03377e-05      0.999725    -0.0234491       1.95966     0.0157375     0.0234457      0.999601     -0.437148
     0.999867  -0.000483316    -0.0163058      0.583548   0.000118821       0.99975    -0.0223473       1.95035     0.0163125     0.0223424      0.999617     -0.439994
     0.999864  -0.000337252    -0.0165106      0.579246  -3.69915e-05      0.999743    -0.0226613       1.94509      0.016514     0.0226588      0.999607     -0.528505
     0.999872   -0.00030278    -0.0159729      0.572161  -6.68944e-05      0.999732    -0.0231382       1.96007     0.0159757     0.0231363      0.999605     -0.430169
     0.999878  -0.000503688    -0.0155999      0.597244   0.000147125      0.999739    -0.0228495       1.90081     0.0156073     0.0228444      0.999617     -0.406815
      0.99988  -0.000590551    -0.0154587      0.575832    0.00022953      0.999727    -0.0233453        1.9626     0.0154682     0.0233389      0.999608     -0.326205
     0.999883  -0.000458765    -0.0152579      0.593007   0.000114215      0.999745     -0.022575       1.87927     0.0152644     0.0225706      0.999629     -0.379042
      0.99993    0.00158242     -0.011733      0.408776   -0.00184855       0.99974    -0.0227059       1.80049     0.0116941      0.022726      0.999673     -0.470756
     0.999937    0.00228242    -0.0109579      0.411945   -0.00251612      0.999769    -0.0213614       1.77887     0.0109066     0.0213876      0.999712     -0.313997
     0.999935     0.0025908    -0.0111271      0.431691   -0.00282388      0.999776    -0.0209828       1.81569     0.0110702     0.0210129      0.999718     -0.377189
     0.999931    0.00230182    -0.0115316      0.461412   -0.00255364      0.999758    -0.0218712        1.7431     0.0114784     0.0218991      0.999694     -0.297155
     0.999935    0.00216681    -0.0112108      0.464011   -0.00241443      0.999752    -0.0221208       1.74997     0.0111601     0.0221464      0.999692     -0.303647
     0.999942    0.00175625     -0.010636      0.559722     -0.001984      0.999768    -0.0214409       1.77916     0.0105959     0.0214608      0.999714     -0.266695
     0.999939    0.00169246    -0.0108722      0.607874    -0.0019311      0.999757    -0.0219768       1.85055     0.0108324     0.0219965      0.999699     -0.200805
      0.99994    0.00156334    -0.0108143      0.591637   -0.00179242      0.999774    -0.0212061       1.87223     0.0107787     0.0212242      0.999717     -0.137083
     0.999933     0.0015036    -0.0114605      0.573266   -0.00172558      0.999811    -0.0193844       1.88819     0.0114292     0.0194029      0.999746     -0.296125
     0.999929    0.00152889    -0.0118577      0.546391   -0.00175453      0.999817    -0.0190412        1.9315     0.0118264     0.0190606      0.999748     -0.262355
     0.999935    0.00115764    -0.0113642      0.582941   -0.00137063      0.999823    -0.0187526       1.87029     0.0113405      0.018767       0.99976      -0.27607
     0.999934    0.00144598    -0.0113542      0.582048   -0.00166619       0.99981    -0.0194085       1.91668      0.011324     0.0194262      0.999747     -0.212166
     0.999929     0.0014682    -0.0118226      0.584853    -0.0016866      0.999828    -0.0184842       1.88207     0.0117934     0.0185029      0.999759     -0.273536
     0.999928    0.00184293    -0.0118778      0.578304   -0.00207118      0.999813    -0.0192329       1.89216     0.0118402     0.0192561      0.999744      -0.39713
     0.999923    0.00124878    -0.0123476      0.569617   -0.00148186      0.999821    -0.0188849       1.87058     0.0123218     0.0189018      0.999745     -0.407877
     0.999922    0.00126866    -0.0123935      0.600526   -0.00150762      0.999813    -0.0192911       1.84002     0.0123667     0.0193083      0.999737     -0.441355
      0.99991    0.00134874    -0.0133336      0.576418   -0.00162866      0.999778    -0.0210052       1.97188     0.0133023      0.021025       0.99969     -0.398889
     0.999923    0.00130053    -0.0123214      0.596321   -0.00155548      0.999784    -0.0207045       1.92387     0.0122918     0.0207221       0.99971     -0.205341
     0.999933    0.00135776    -0.0115311      0.597133   -0.00159898       0.99978    -0.0209353       1.90591     0.0115001     0.0209524      0.999714     -0.238536
      0.99993    0.00113803    -0.0117403      0.608334   -0.00138287      0.999781     -0.020868       1.90724     0.0117139     0.0208827      0.999713     -0.217133
      0.99993     0.0010099    -0.0117792      0.604092   -0.00124577      0.999799    -0.0200338       1.97286     0.0117565     0.0200471       0.99973     -0.214237
     0.999925    0.00103607    -0.0121758      0.601314   -0.00127498      0.999806    -0.0196305       1.98348     0.0121531     0.0196446      0.999733     -0.292503
     0.999908    0.00132161    -0.0135205      0.546317   -0.00158045      0.999815     -0.019152       2.04154     0.0134926     0.0191716      0.999725       -0.2998
      0.99989   0.000955925    -0.0148207      0.554568   -0.00122371      0.999836    -0.0180698       1.98434      0.014801     0.0180859      0.999727     -0.317901
     0.999909   0.000986778    -0.0134515      0.561333   -0.00123578      0.999828    -0.0185151       1.99352     0.0134309       0.01853      0.999738     -0.283117
     0.999926    0.00105054    -0.0121089      0.613024   -0.00127575      0.999826    -0.0186061       1.95745     0.0120873     0.0186202      0.999754     -0.195664
     0.999942   0.000363483    -0.0108072      0.593397   -0.00057529      0.999808    -0.0196021       1.97341      0.010798     0.0196072      0.999749     -0.272186
     0.999943   0.000951961    -0.0106286      0.610498   -0.00116532      0.999798    -0.0200864       1.92798     0.0106073     0.0200977      0.999742     -0.203983
     0.999946    0.00129003    -0.0102636      0.596364   -0.00150139      0.999786    -0.0206124        1.9465     0.0102349     0.0206267      0.999735     -0.255351
      0.99995   -0.00129799   -0.00992418      0.477756     0.0010922      0.999785    -0.0207135        1.7604    0.00994893     0.0207017      0.999736     -0.897882
     0.999971   -0.00343279   -0.00682672      0.765289    0.00323709      0.999589    -0.0284736      0.847868    0.00692166     0.0284507      0.999571     -0.928489
     0.999989   -0.00330688   -0.00325903      0.930101    0.00320063       0.99948    -0.0320847      0.316778    0.00336344      0.032074       0.99948     -0.566699
     0.999999   -0.00134582   0.000520839      0.844342    0.00135664      0.999771    -0.0213778      0.468179  -0.000491949     0.0213785      0.999771    -0.0398794
            1   0.000219257   0.000246596       0.48755   -0.00021528      0.999872    -0.0160138       1.19433  -0.000250076     0.0160137      0.999872       0.25932
            1  -0.000330441  -0.000751233      0.448382   0.000320819      0.999918    -0.0127731       1.63438   0.000755392     0.0127728      0.999918      0.426895
     0.999999   0.000608565   -0.00123111      0.544581  -0.000625998      0.999899    -0.0142098       1.66396    0.00122234     0.0142106      0.999898      0.317436
     0.999995    0.00202635   -0.00225525      0.601918   -0.00206196      0.999871    -0.0159003       1.73526    0.00222274     0.0159049      0.999871      0.209115
     0.999993    0.00244199   -0.00291735      0.625505   -0.00248898      0.999865    -0.0162164        1.8076    0.00287736     0.0162236      0.999864      0.116314
     0.999991    0.00285484   -0.00319095       0.66273   -0.00290713       0.99986    -0.0165026       1.81157    0.00314339     0.0165117      0.999859      0.131982
     0.999991    0.00232475   -0.00361086      0.661705   -0.00239212      0.999821    -0.0187666       1.81075    0.00356659      0.018775      0.999817      0.188934
     0.999993    0.00140289   -0.00353611      0.664335   -0.00147382      0.999796    -0.0201365       1.82483    0.00350714     0.0201415      0.999791      0.189682
     0.999991    0.00182739   -0.00374864      0.709158   -0.00190294      0.999793      -0.02025       1.78188    0.00371086      0.020257      0.999788      0.176938
     0.999991    0.00135684   -0.00391408      0.678309   -0.00143738      0.999786    -0.0206462       1.81823    0.00388523     0.0206517      0.999779      0.113743
     0.999995   1.98467e-05   -0.00323333      0.569472  -8.69673e-05      0.999784    -0.0207602       1.83692    0.00323222     0.0207603      0.999779     0.0230505
     0.999993   0.000632432   -0.00361223      0.593491  -0.000704771      0.999799    -0.0200601       1.76438    0.00359881     0.0200625      0.999792      0.034271
     0.999992    0.00117864   -0.00388621      0.562914   -0.00125747      0.999792    -0.0203447        1.7854    0.00386143     0.0203494      0.999785    -0.0661962
     0.999992    0.00111885   -0.00372033      0.536706   -0.00119619      0.999782     -0.020853       1.77431    0.00369618     0.0208573      0.999776     -0.202821
     0.999986    0.00230437   -0.00480185      0.604608   -0.00240634      0.999769    -0.0213407       1.75862    0.00475156      0.021352      0.999761     -0.129587
     0.999989    0.00183087   -0.00434375      0.649943   -0.00192659      0.999753    -0.0221355       1.80421    0.00430215     0.0221436      0.999746     -0.203921
     0.999989    0.00154228   -0.00453984      0.723706   -0.00164207      0.999755    -0.0220586       1.79343    0.00450471     0.0220658      0.999746     -0.163903
     0.999986    0.00102744   -0.00513352      0.701929   -0.00114553      0.999734    -0.0230549        1.8364    0.00510846     0.0230604      0.999721     -0.164683
     0.999985   0.000937969   -0.00539249       0.70049   -0.00106227      0.999733    -0.0230934       1.84774    0.00536939     0.0230988      0.999719     -0.119034
     0.999983    0.00160432   -0.00554496      0.752505   -0.00173131      0.999735    -0.0229734       1.84207    0.00550663     0.0229826      0.999721     -0.136814
     0.999985   0.000963261   -0.00534093      0.731712   -0.00109022      0.999716    -0.0238198       1.84319    0.00531647     0.0238253      0.999702     -0.357658
     0.999981    0.00159508   -0.00598168      0.761996   -0.00173515      0.999723    -0.0234847       1.80284    0.00594257     0.0234946      0.999706      -0.27043
     0.999979    0.00132196   -0.00628029      0.642443   -0.00147053      0.999718    -0.0237104       1.86166    0.00624717     0.0237191      0.999699     -0.671912
     0.999974   0.000989466   -0.00708595      0.485534   -0.00115879      0.999713    -0.0239319         1.897    0.00706024     0.0239395      0.999688     -0.531899
     0.999958    0.00172458   -0.00898553      0.582705   -0.00194511      0.999696    -0.0245926       1.87346    0.00894039      0.024609      0.999657     -0.350319
     0.999966     0.0016117   -0.00811166      0.581549   -0.00181262       0.99969    -0.0248233       1.90961    0.00806914     0.0248371      0.999659     -0.458198
     0.999963    0.00153857   -0.00841305      0.660704   -0.00175297      0.999672    -0.0255356       1.85692      0.008371     0.0255494      0.999639     -0.464146
     0.999966   3.73485e-05   -0.00824071      0.632465  -0.000260732      0.999632    -0.0271079       1.96338    0.00823667     0.0271092      0.999599     -0.524919
     0.999965    0.00022154   -0.00837261       0.60615  -0.000468268      0.999565     -0.029478       1.86084    0.00836244     0.0294809       0.99953     -0.575515
     0.999981      0.001207   -0.00600365      0.649876   -0.00133569      0.999768    -0.0214787       1.23383    0.00597633     0.0214863      0.999751     -0.507476
     0.999984    0.00254808   -0.00498393      0.589838   -0.00259749      0.999947   -0.00993256      0.764764    0.00495836    0.00994535      0.999938    -0.0263146
     0.999999     0.0010882   -0.00099529      0.465758   -0.00110732      0.999811    -0.0194088       1.45942   0.000973981     0.0194099      0.999811    -0.0971606
     0.999994    0.00136545   -0.00319848      0.426967    -0.0014425      0.999706    -0.0242148       1.61416    0.00316447     0.0242193      0.999702      -0.30001
     0.999989    0.00358547   -0.00309783      0.431556   -0.00365999      0.999696    -0.0243926       1.73278    0.00300943     0.0244037      0.999698     -0.219847
     0.999986    0.00360504   -0.00374825      0.471907   -0.00369787      0.999679    -0.0250603       1.80309    0.00365671     0.0250738      0.999679     -0.178895
     0.999982    0.00334946     -0.005019      0.499105   -0.00347734      0.999664    -0.0256915       1.84728    0.00493126     0.0257085      0.999657     -0.136118
      0.99998    0.00314041   -0.00554888      0.513396   -0.00327983      0.999675    -0.0252977       1.87474    0.00546763     0.0253154      0.999665     -0.128858
     0.999977    0.00309091   -0.00604288      0.463556   -0.00324019      0.999686    -0.0248516       1.90093    0.00596417     0.0248706      0.999673     -0.142144
     0.999974    0.00295777   -0.00657807      0.485753     -0.003113      0.999714    -0.0237155       1.87757    0.00650604     0.0237353      0.999697     -0.160727
     0.999963    0.00233365   -0.00822611      0.561591   -0.00252891      0.999713    -0.0238061       1.89255     0.0081682     0.0238261      0.999683     -0.189863
     0.999949    0.00202554   -0.00987899      0.569828   -0.00225861      0.999718     -0.023639       1.95241    0.00982832     0.0236601      0.999672     -0.282454
     0.999952    0.00161084   -0.00969087      0.584797   -0.00183286      0.999735    -0.0229454       1.91555    0.00965135     0.0229621       0.99969     -0.269841
     0.999943    0.00129366    -0.0105559      0.661576   -0.00154091      0.999724    -0.0234481       1.91136     0.0105227      0.023463      0.999669     -0.246804
     0.999932    0.00155212    -0.0115307      0.609057   -0.00181809      0.999732    -0.0230916       1.98089     0.0114917      0.023111      0.999667     -0.290354
     0.999911    0.00114513    -0.0132614      0.594307   -0.00144366      0.999745    -0.0225236       1.98492     0.0132322     0.0225408      0.999658     -0.246157
       0.9999   0.000959286    -0.0141136      0.627752   -0.00128227      0.999737    -0.0228934       1.98765     0.0140879     0.0229092      0.999638     -0.257165
     0.999904     0.0012284    -0.0138296      0.643922   -0.00155213      0.999724    -0.0234223       1.99908      0.013797     0.0234415       0.99963     -0.270377
     0.999908   0.000749085     -0.013571      0.678826   -0.00106804      0.999723    -0.0235105       1.95901     0.0135497     0.0235228      0.999631      -0.23276
     0.999905    0.00125384    -0.0137111      0.630201   -0.00157887      0.999717    -0.0237207        2.0126     0.0136775     0.0237401      0.999625     -0.236142
     0.999908    0.00102874    -0.0135392      0.672786   -0.00134165      0.999732    -0.0231225       1.96168     0.0135118     0.0231385      0.999641     -0.177559
      0.99991    0.00112402    -0.0133805      0.673008   -0.00143619      0.999726    -0.0233436       1.97535     0.0133506     0.0233607      0.999638     -0.221561
     0.999908    0.00118335    -0.0135391       0.66298   -0.00149153       0.99974     -0.022775       1.96556     0.0135087     0.0227931      0.999649     -0.204545
     0.999906    0.00124456     -0.013629      0.677548   -0.00155593      0.999737    -0.0228596       1.97137     0.0135969     0.0228786      0.999646     -0.230302
     0.999903    0.00136373    -0.0138918      0.662707   -0.00167821      0.999742    -0.0226512       2.01208     0.0138573     0.0226723      0.999647     -0.234071
     0.999892   0.000807301    -0.0146921       0.65342   -0.00112761      0.999762    -0.0218063       1.99771      0.014671     0.0218205      0.999654     -0.272897
     0.999887   0.000940634    -0.0150171      0.661426   -0.00127929      0.999745    -0.0225579       2.02755     0.0149921     0.0225746      0.999633     -0.331761
     0.999895   0.000841444    -0.0144507       0.67945   -0.00117132      0.999739    -0.0228347       2.00746     0.0144277     0.0228493      0.999635     -0.252735
     0.999892   0.000716077    -0.0146628      0.672624   -0.00104853      0.999742    -0.0226784       2.03564     0.0146428     0.0226913      0.999635     -0.321417
     0.999894    0.00084161    -0.0145249      0.673472   -0.00116219      0.999756    -0.0220767        2.0652     0.0145027     0.0220912      0.999651     -0.291921
     0.999894   0.000683111    -0.0145767      0.689845   -0.00101216      0.999745    -0.0225784       2.02111     0.0145576     0.0225908      0.999639     -0.268669
     0.999896   0.000613255    -0.0144337       0.68519  -0.000940901      0.999742    -0.0227042       2.08472     0.0144161     0.0227154      0.999638     -0.229107
     0.999906   0.000644617    -0.0137146      0.682453  -0.000936703      0.999773    -0.0213017       2.02177     0.0136977     0.0213125      0.999679     -0.171562
     0.999914   0.000781113    -0.0131236      0.644424   -0.00106515      0.999765    -0.0216499       2.03605     0.0131036      0.021662      0.999679     -0.103422
     0.999916   0.000878618    -0.0129128      0.675302   -0.00115049      0.999778     -0.021062       2.00949     0.0128915     0.0210751      0.999695     -0.114111
     0.999913    0.00142274    -0.0131494      0.640859   -0.00170693      0.999765    -0.0216263       2.04794     0.0131155     0.0216469       0.99968    -0.0991685
     0.999914    0.00112264     -0.013033      0.641542   -0.00139541       0.99978    -0.0209391       1.99995     0.0130066     0.0209555      0.999696      -0.15926
     0.999917    0.00137434    -0.0128364      0.635544   -0.00164911      0.999769    -0.0214197       2.03407      0.012804     0.0214391      0.999688     -0.116984
     0.999914    0.00116798    -0.0130284        0.6475   -0.00143788      0.999784    -0.0207265       2.01007     0.0130014     0.0207435        0.9997     -0.147114
     0.999913    0.00117442     -0.013164      0.638382   -0.00145193      0.999776    -0.0210917        2.0365     0.0131363      0.021109      0.999691     -0.158327
     0.999915    0.00223304    -0.0128469      0.524626   -0.00248913      0.999798    -0.0199529       1.94182     0.0127997     0.0199831      0.999718     -0.259659
     0.999917    0.00220834    -0.0126953      0.500909   -0.00245647      0.999806    -0.0195628        1.9983     0.0126497     0.0195923      0.999728     -0.283775
     0.999905    0.00139015    -0.0136883      0.607648   -0.00165735      0.999808    -0.0195284        2.0104     0.0136585     0.0195493      0.999716     -0.239707
     0.999902     0.0013572    -0.0139277       0.61732   -0.00163977      0.999793    -0.0202974       2.04202     0.0138973     0.0203183      0.999697      -0.27572
     0.999895    0.00136593    -0.0144478      0.618481   -0.00165838      0.999794    -0.0202494       2.04143     0.0144171     0.0202713      0.999691     -0.289616
     0.999896    0.00127689    -0.0143896      0.599804   -0.00157232      0.999788    -0.0205386       2.07022     0.0143603     0.0205591      0.999686     -0.280878
     0.999897    0.00128749    -0.0142749      0.601035   -0.00156972      0.999803    -0.0197774       2.06457     0.0142466     0.0197978      0.999702     -0.236017
     0.999892    0.00114414    -0.0146801      0.590198   -0.00143349      0.999805    -0.0197149       2.05438     0.0146547     0.0197338      0.999698     -0.301861
     0.999892    0.00117148    -0.0146608      0.587199   -0.00146854      0.999794     -0.020268       2.05988     0.0146341     0.0202873      0.999687     -0.289274
     0.999896   0.000949422    -0.0143685      0.615483   -0.00123667      0.999799     -0.019996       2.02661     0.0143466     0.0200117      0.999697     -0.305811
     0.999901     0.0013862     -0.014034      0.602061   -0.00167061      0.999793    -0.0202742       2.05866      0.014003     0.0202956      0.999696     -0.294821
     0.999909    0.00225199    -0.0133203      0.524875   -0.00251373      0.999803    -0.0196658       1.92174     0.0132734     0.0196975      0.999718     -0.387753
     0.999915    0.00242356    -0.0128135      0.465659   -0.00267583      0.999802    -0.0197073       1.95841     0.0127632     0.0197399      0.999724      -0.39392
     0.999905    0.00176821    -0.0136618      0.543842   -0.00202778      0.999817     -0.019009       1.97521     0.0136257     0.0190349      0.999726     -0.321582
     0.999897    0.00142927    -0.0143038      0.557964    -0.0017099      0.999806    -0.0196261       2.07121      0.014273     0.0196486      0.999705     -0.386596
      0.99988    0.00138063     -0.015439      0.552942   -0.00168463      0.999805    -0.0196947        2.0375     0.0154087     0.0197184      0.999687     -0.390947
     0.999889    0.00126858    -0.0148586      0.560727    -0.0015662      0.999798    -0.0200358       2.03516     0.0148302     0.0200569      0.999689     -0.389684
     0.999893    0.00132063    -0.0145704       0.55548   -0.00160465      0.999809    -0.0194986       2.04941     0.0145418     0.0195199      0.999704     -0.322076
     0.999895     0.0012147    -0.0144546      0.560572   -0.00149756      0.999807     -0.019574       2.03465     0.0144281     0.0195936      0.999704     -0.364791
     0.999892    0.00122319    -0.0146326      0.557754    -0.0015095      0.999807    -0.0195712       2.06954     0.0146058     0.0195911      0.999701     -0.301289
     0.999888   0.000931413    -0.0149121      0.592005   -0.00121527      0.999818    -0.0190373       2.05793     0.0148916     0.0190533      0.999708     -0.364255
     0.999883    0.00113166    -0.0152626      0.544163   -0.00144117      0.999793    -0.0202836       2.08574     0.0152365     0.0203032      0.999678     -0.493784
     0.999886    0.00142696    -0.0150413      0.539553   -0.00172184      0.999806    -0.0196102       1.99831     0.0150104     0.0196339      0.999695     -0.386991
     0.999915    0.00176459    -0.0129116      0.454889   -0.00201527      0.999809    -0.0194279       1.97072     0.0128748     0.0194523      0.999728     -0.336135
     0.999921    0.00178318    -0.0124221       0.46327   -0.00200402       0.99984    -0.0177882       1.94239     0.0123884     0.0178117      0.999765     -0.189961
     0.999929    0.00133995    -0.0118145      0.450158    -0.0015498      0.999841     -0.017771       1.98218     0.0117888      0.017788      0.999772      -0.24786
     0.999927    0.00190562    -0.0119118      0.430968   -0.00209884      0.999866    -0.0162297       1.92121     0.0118792     0.0162535      0.999797     -0.145708
     0.999931    0.00175793    -0.0116038      0.418545   -0.00194714      0.999865    -0.0163144       1.94889     0.0115736     0.0163359        0.9998     -0.197736
     0.999926    0.00213115    -0.0120125      0.447395   -0.00231746      0.999877    -0.0155172        1.9427      0.011978     0.0155439      0.999807     -0.136212
     0.999929    0.00171417    -0.0118328      0.455127   -0.00190586      0.999867    -0.0162073       1.95765     0.0118035     0.0162287      0.999799      -0.13407
      0.99993    0.00167339    -0.0117028      0.476598   -0.00186037       0.99987    -0.0159855       1.94999     0.0116745     0.0160061      0.999804     -0.112701
     0.999935    0.00161326    -0.0112493      0.463938   -0.00180139      0.999858    -0.0167344        1.9792     0.0112207     0.0167535      0.999797     -0.165487
     0.999934    0.00169791    -0.0113392      0.475046    -0.0018794       0.99987    -0.0160142       1.96541     0.0113105     0.0160344      0.999807     -0.109881
     0.999937    0.00147547     -0.011149      0.472722   -0.00165918      0.999863    -0.0164865       1.99515     0.0111231     0.0165039      0.999802     -0.156792
     0.999934    0.00148837    -0.0113762       0.50459   -0.00166784      0.999874    -0.0157819       1.98406     0.0113513     0.0157999      0.999811    -0.0975555
     0.999931    0.00141423    -0.0116292      0.532438   -0.00160672      0.999862    -0.0165602       1.98419     0.0116042     0.0165778      0.999795     -0.120218
