# 3dvolreg matrices (DICOM-to-DICOM, row-by-row):
            1  -0.000210588   0.000222618    -0.0167386   0.000210569             1   8.65976e-05    -0.0515505  -0.000222636  -8.65507e-05             1     -0.021442
            1  -0.000177468   2.04224e-05    -0.0232752   0.000177472             1   -0.00021714    -0.0467724  -2.03838e-05   0.000217144             1    -0.0351418
            1  -3.82178e-11  -1.38069e-10  -1.07208e-09   3.82178e-11             1   8.95427e-11  -5.40398e-10   1.38069e-10  -8.95427e-11             1   7.95203e-09
            1   3.98387e-06  -0.000777448    0.00581578  -4.04791e-06             1  -8.23652e-05    -0.0777329   0.000777448   8.23683e-05             1    -0.0361578
            1  -4.93051e-06  -0.000526408    0.00621972   4.81241e-06             1   -0.00022436      -0.04374   0.000526409   0.000224357             1     0.0366517
            1   2.21025e-05   0.000112385    0.00563556  -2.20712e-05             1  -0.000278438    -0.0725539  -0.000112392   0.000278435             1     0.0696372
            1  -6.56706e-05   3.86829e-05    -0.0130236   6.56786e-05             1  -0.000206565    -0.0197148  -3.86694e-05   0.000206567             1     0.0837312
            1   5.15393e-05  -0.000266327     -0.012586  -5.15342e-05             1   1.92981e-05    -0.0393189   0.000266328  -1.92843e-05             1     0.0781547
            1   6.64969e-05  -0.000189022   -0.00220782  -6.65109e-05             1  -7.41372e-05    -0.0395737   0.000189017   7.41498e-05             1     0.0826102
            1   0.000126097  -1.73225e-05   -0.00300873  -0.000126101             1  -0.000267013     -0.016064   1.72889e-05   0.000267015             1     0.0932311
            1   0.000219474   7.19837e-05    -0.0061181  -0.000219462             1  -0.000161394    -0.0837909  -7.20191e-05   0.000161378             1     0.0735892
            1    9.0952e-05   0.000284587    0.00789106  -9.09759e-05             1   8.38509e-05    -0.0454529   -0.00028458  -8.38768e-05             1     0.0754726
            1   5.96414e-05   0.000215796    -0.0107577  -5.96628e-05             1   9.88395e-05    -0.0371189   -0.00021579  -9.88524e-05             1     0.0975428
            1  -2.60244e-05   0.000182068    -0.0118976   2.60142e-05             1   5.61456e-05    -0.0371648   -0.00018207  -5.61408e-05             1      0.102298
            1  -0.000288198   0.000398875    -0.0133126    0.00028803             1   0.000420116    -0.0498302  -0.000398997  -0.000420001             1      0.145323
            1   4.26434e-05   0.000965309    -0.0562683  -4.25823e-05             1  -6.32333e-05     -0.194329  -0.000965312   6.31921e-05             1      0.755055
            1   9.69646e-05    3.8918e-05     0.0124401  -9.69832e-05             1   0.000479245      0.115428  -3.88715e-05  -0.000479249             1     -0.239055
            1  -0.000157593  -0.000529391    -0.0033565   0.000157549             1  -8.47238e-05    -0.0903497   0.000529405   8.46404e-05             1     -0.182286
            1  -0.000421984  -0.000688658    -0.0132532   0.000421751             1  -0.000338323    -0.0705755     0.0006888   0.000338032             1    -0.0492648
            1  -7.47127e-05  -0.000636889    0.00164787   7.49244e-05             1   0.000332336    -0.0339441   0.000636864  -0.000332384             1    -0.0967873
            1  -9.21985e-05  -0.000301005   -0.00213903   9.22108e-05             1   4.05701e-05    -0.0718484   0.000301001  -4.05979e-05             1    -0.0846608
            1  -0.000201158  -4.20696e-05    -0.0211629   0.000201153             1  -0.000121875    -0.0300677   4.20941e-05   0.000121867             1    -0.0849078
            1  -2.94411e-06   0.000421353    -0.0129503   2.82295e-06             1   0.000287543    -0.0816076  -0.000421353  -0.000287542             1    -0.0259411
            1   -0.00014659    0.00048871   -0.00750629   0.000146404             1   0.000381098     -0.037312  -0.000488766  -0.000381026             1     -0.136571
            1    5.2704e-07   0.000253788    -0.0295648  -6.24778e-07             1   0.000385118    -0.0449918  -0.000253788  -0.000385118             1     -0.161014
            1   0.000225923   5.08762e-05   -0.00613812  -0.000225907             1  -0.000312191    -0.0440614  -5.09467e-05   0.000312179             1     -0.105125
            1   0.000118028   0.000525708    -0.0101489  -0.000117974             1  -0.000102874    -0.0259222   -0.00052572   0.000102812             1    -0.0981585
            1   0.000113536   0.000757637    -0.0179453  -0.000113793             1   0.000338714    -0.0963223  -0.000757599    -0.0003388             1     -0.108108
     0.999999   5.54517e-05   0.000998913    -0.0293312  -5.60205e-05             1   0.000569414    -0.0627474  -0.000998881   -0.00056947      0.999999    -0.0750299
     0.999999  -0.000165952    0.00131139     -0.028437   0.000165369             1   0.000444695    -0.0796719   -0.00131146  -0.000444478      0.999999    -0.0541778
     0.999999  -0.000237149    0.00128321    -0.0469611   0.000236519             1     0.0004911    -0.0477104   -0.00128332  -0.000490796      0.999999    -0.0508376
            1   9.44494e-05   0.000880295       -0.0319  -9.46166e-05             1   0.000189906    -0.0101459  -0.000880277  -0.000189989             1     -0.145848
            1   0.000110333   0.000729306   -0.00932201  -0.000110322             1  -1.54321e-05    -0.0918498  -0.000729308   1.53516e-05             1     -0.213299
            1   2.84736e-05   0.000914879    -0.0235902  -2.84443e-05             1  -3.19617e-05    -0.0833726   -0.00091488   3.19357e-05             1     -0.149171
     0.999999   0.000236819    0.00129685    -0.0263777  -0.000236797             1   -1.7584e-05     -0.076617   -0.00129685   1.72769e-05      0.999999     -0.142351
     0.999999   0.000119869    0.00124623    -0.0255159  -0.000119765             1  -8.34931e-05    -0.0547732   -0.00124624   8.33437e-05      0.999999      -0.14589
     0.999999   4.25428e-05    0.00102226    -0.0266819  -4.24359e-05             1  -0.000104589    -0.0890758   -0.00102226   0.000104546      0.999999     -0.128418
     0.999999   0.000104547    0.00113014    -0.0141424  -0.000104414             1   -0.00011781   -0.00074107   -0.00113015   0.000117692      0.999999      -0.16339
     0.999999   6.66825e-05    0.00124918     -0.032323  -6.67886e-05             1   8.48439e-05    -0.0780799   -0.00124918  -8.49273e-05      0.999999     -0.158646
     0.999999   6.44791e-05    0.00132503    -0.0249852  -6.43642e-05             1  -8.67936e-05     -0.052575   -0.00132504   8.67082e-05      0.999999     -0.133535
     0.999999   0.000231003    0.00149395    -0.0351252  -0.000230959             1  -2.91646e-05    -0.0554214   -0.00149396   2.88195e-05      0.999999     -0.134382
     0.999999   8.35032e-05    0.00136078    -0.0337206  -8.37413e-05             1   0.000174924    -0.0425281   -0.00136077  -0.000175038      0.999999     -0.128047
     0.999999   1.40776e-05    0.00138299    -0.0437095  -1.49308e-05             1    0.00061692    -0.0461483   -0.00138298   -0.00061694      0.999999     -0.104375
     0.999999   0.000329688    0.00107995    -0.0337154  -0.000330073             1   0.000356538    -0.0175332   -0.00107983  -0.000356894      0.999999     -0.219162
     0.999999   0.000423462    0.00117682     -0.015104  -0.000423833             1   0.000315134      -0.10738   -0.00117669  -0.000315632      0.999999     -0.181349
     0.999999   0.000630059    0.00129259     -0.016362  -0.000630609             1   0.000425292    -0.0505752   -0.00129232  -0.000426107      0.999999     -0.110751
     0.999999   0.000824207    0.00132589    0.00162401  -0.000824483             1    0.00020742    -0.0716031   -0.00132572  -0.000208513      0.999999      -0.12065
     0.999999   0.000699855    0.00149191   -0.00321648  -0.000700074             1   0.000146018    -0.0568019    -0.0014918  -0.000147062      0.999999     -0.085572
     0.999999   0.000634054    0.00138077    -0.0225017  -0.000634618             1   0.000408234    -0.0556557   -0.00138052   -0.00040911      0.999999     -0.101672
     0.999999   0.000709169   0.000911514   -0.00465636   -0.00070975             1   0.000636946    -0.0552613  -0.000911062  -0.000637592      0.999999    -0.0734802
     0.999999   0.000645773     0.0012532   -0.00671009  -0.000646845      0.999999   0.000855231     -0.076617   -0.00125265  -0.000856041      0.999999    -0.0864959
     0.999999   0.000790232    0.00119302    -0.0104818  -0.000791483      0.999999    0.00104855    -0.0516683   -0.00119219   -0.00104949      0.999999    -0.0533092
     0.999999   0.000588966    0.00102685    -0.0048715  -0.000590562      0.999999    0.00155491      -0.10352   -0.00102593   -0.00155551      0.999998    -0.0630021
     0.999999   0.000637472    0.00125776    -0.0102267  -0.000639194      0.999999    0.00136878    -0.0349008   -0.00125689   -0.00136958      0.999998    -0.0794565
     0.999999    0.00092203   0.000909335      0.012191  -0.000923347      0.999999    0.00144844     -0.101823  -0.000907998   -0.00144928      0.999999       0.13464
     0.999998   0.000968281    0.00183499    -0.0418025  -0.000969062      0.999999   0.000424907   -0.00171662   -0.00183458  -0.000426684      0.999998       0.16099
     0.999998   0.000411318    0.00175108      0.011564  -0.000411739             1   0.000240088    -0.0900906   -0.00175098  -0.000240808      0.999998      0.182327
     0.999999   0.000260392    0.00155445    0.00225716   -0.00025867      0.999999   -0.00110806     -0.030183   -0.00155474    0.00110766      0.999998      0.165972
     0.999999   0.000683047    0.00118349    -0.0257592  -0.000681966      0.999999  -0.000913458    -0.0324548   -0.00118412    0.00091265      0.999999     0.0858319
     0.999999   0.000973852    0.00106468    -0.0216851  -0.000973091      0.999999  -0.000714936    -0.0216558   -0.00106538   0.000713899      0.999999      0.125346
     0.999999    0.00106045   0.000910487  -0.000841705   -0.00105977      0.999999  -0.000745611     -0.054571  -0.000911277   0.000744645      0.999999      0.163522
     0.999999    0.00121217   0.000825814    0.00866943   -0.00121155      0.999999  -0.000750929    -0.0496269  -0.000826723   0.000749928      0.999999       0.15396
     0.999999    0.00128149   0.000676866     0.0205887   -0.00128104      0.999999  -0.000666921    -0.0693573   -0.00067772   0.000666053             1      0.156845
     0.999999    0.00131152   0.000454542     0.0237323   -0.00131127      0.999999  -0.000550657    -0.0556047  -0.000455264    0.00055006             1      0.161696
     0.999999    0.00133568   0.000293944      0.024231   -0.00133559      0.999999  -0.000310835     -0.040038  -0.000294359   0.000310442             1      0.189492
     0.999999    0.00145166   0.000398974     0.0240318   -0.00145162      0.999999  -9.92304e-05    -0.0297842  -0.000399118   9.86511e-05             1      0.188916
     0.999999    0.00146029   0.000371405     0.0382396   -0.00146017      0.999999  -0.000305235     -0.064358   -0.00037185   0.000304692             1      0.203776
     0.999999     0.0015719   0.000511061      0.036723   -0.00157189      0.999999  -7.58972e-06    -0.0612763  -0.000511072   6.78638e-06             1      0.215725
     0.999998    0.00179217   0.000478735     0.0527023   -0.00179236      0.999998   0.000403752    -0.0665784  -0.000478011   -0.00040461             1      0.203177
     0.999999    0.00165797   0.000193465      0.028467   -0.00165803      0.999999   0.000321591    -0.0376654  -0.000192931  -0.000321912             1      0.175925
     0.999999    0.00167281    0.00026683     0.0224039   -0.00167288      0.999999    0.00026127     -0.056943  -0.000266393  -0.000261716             1      0.173216
     0.999999    0.00150372   0.000527697     0.0370291   -0.00150391      0.999999   0.000356342    -0.0633433   -0.00052716  -0.000357135             1      0.220654
     0.999999    0.00130013   0.000394525      0.012755   -0.00130027      0.999999   0.000371724     -0.066542  -0.000394041  -0.000372237             1      0.238787
     0.999999     0.0011628   0.000453381     0.0181311   -0.00116289      0.999999    0.00020502    -0.0309839  -0.000453142  -0.000205547             1      0.230895
     0.999999    0.00129237   0.000722287     0.0179997   -0.00129251      0.999999   0.000192395    -0.0714674  -0.000722037  -0.000193328             1      0.252502
     0.999999    0.00153341   0.000596979    0.00249357   -0.00153358      0.999999   0.000288703    -0.0474144  -0.000596536  -0.000289618             1      0.237836
     0.999999    0.00141917   0.000441289      0.026878   -0.00141925      0.999999   0.000178871    -0.0491434  -0.000441034  -0.000179497             1      0.207573
     0.999999    0.00158039   0.000596892     0.0302371   -0.00158054      0.999999   0.000242763    -0.0507857  -0.000596508  -0.000243706             1      0.202722
     0.999999    0.00157551   0.000590845     0.0244219   -0.00157562      0.999999   0.000186405     -0.102952  -0.000590551  -0.000187335             1      0.191728
     0.999999    0.00160538    0.00032764     0.0204737   -0.00160548      0.999999   0.000315708    -0.0571855  -0.000327133  -0.000316234             1       0.18813
     0.999998    0.00188605   0.000289348     0.0281834    -0.0018862      0.999998   0.000495734    -0.0607268  -0.000288412  -0.000496279             1      0.168758
     0.999998     0.0018393   0.000448709     0.0531509   -0.00183966      0.999998   0.000807415     -0.068106  -0.000447223  -0.000808239             1      0.175451
     0.999998    0.00177104   0.000433923     0.0303662   -0.00177143      0.999998   0.000886413    -0.0381309  -0.000432352   -0.00088718             1      0.160306
     0.999998    0.00195161   0.000380118     0.0333806   -0.00195197      0.999998   0.000940055    -0.0660718  -0.000378282  -0.000940795      0.999999      0.141852
     0.999998    0.00191092   0.000154127      0.040612   -0.00191102      0.999998   0.000673942    -0.0522287  -0.000152839  -0.000674235             1      0.152764
     0.999998    0.00186217   0.000106539     0.0281579   -0.00186224      0.999998   0.000633383    -0.0893049  -0.000105359  -0.000633581             1      0.157553
     0.999998    0.00192879   0.000108839     0.0558529   -0.00192886      0.999998   0.000669714    -0.0739708  -0.000107547  -0.000669923             1      0.164314
     0.999998    0.00196747   0.000146759     0.0418253   -0.00196759      0.999998   0.000843405    -0.0497033  -0.000145099  -0.000843692             1      0.168147
     0.999998    0.00206902   0.000244487     0.0352181   -0.00206925      0.999997   0.000934284    -0.0580025  -0.000242553  -0.000934788             1      0.156899
     0.999998    0.00210307    0.00019312     0.0397707   -0.00210317      0.999998   0.000524019    -0.0684207  -0.000192018  -0.000524424             1      0.157793
     0.999998     0.0021038   0.000141969     0.0498987   -0.00210386      0.999998   0.000424023    -0.0710253  -0.000141076  -0.000424321             1      0.151837
     0.999998    0.00200556   0.000332751     0.0491353   -0.00200568      0.999998    0.00037071      -0.08353  -0.000332007  -0.000371376             1      0.143244
     0.999998    0.00177946   0.000419582     0.0408902   -0.00177959      0.999998   0.000318953    -0.0436781  -0.000419014  -0.000319699             1      0.146847
     0.999998    0.00179323   0.000542957     0.0247533    -0.0017935      0.999998   0.000507264    -0.0733446  -0.000542046  -0.000508237             1      0.142354
     0.999998    0.00177656    0.00030606     0.0435469    -0.0017768      0.999998   0.000766371    -0.0622043  -0.000304698  -0.000766914             1       0.11244
     0.999998    0.00191027  -0.000466334     0.0539006   -0.00190995      0.999998   0.000684382   -0.00438517   0.000467641   -0.00068349             1       0.10789
     0.999998    0.00205421  -0.000136361     0.0753765   -0.00205407      0.999997    0.00103468     -0.106148   0.000138486    -0.0010344      0.999999     0.0461689
     0.999997    0.00223626   4.24364e-05      0.073925   -0.00223631      0.999997    0.00111813    -0.0957065  -3.99358e-05   -0.00111822      0.999999     0.0429049
     0.999997    0.00231738   0.000173723     0.0592923   -0.00231757      0.999997    0.00105659    -0.0664947  -0.000171274   -0.00105699      0.999999      0.082496
     0.999997    0.00232946   0.000571303     0.0573552   -0.00233014      0.999997    0.00117983    -0.0594945  -0.000568553   -0.00118116      0.999999      0.100722
     0.999998    0.00215289   0.000527178     0.0437031   -0.00215342      0.999997    0.00101173    -0.0525055  -0.000524998   -0.00101286      0.999999      0.123197
     0.999997    0.00220972   0.000547766     0.0460746   -0.00221039      0.999997    0.00122887    -0.0602188  -0.000545049   -0.00123008      0.999999      0.127635
     0.999997    0.00234244   0.000506841     0.0418479   -0.00234302      0.999997    0.00114569    -0.0918139  -0.000504156   -0.00114687      0.999999       0.14484
     0.999997    0.00234148   0.000597757     0.0578356   -0.00234224      0.999996    0.00128972     -0.135015  -0.000594735   -0.00129111      0.999999      0.160571
     0.999997    0.00223127   0.000660387     0.0560145   -0.00223229      0.999996    0.00155114    -0.0619602  -0.000656924   -0.00155261      0.999999       0.13698
     0.999998    0.00209047   0.000548727     0.0432386   -0.00209129      0.999997     0.0014866    -0.0623555  -0.000545618   -0.00148774      0.999999      0.125793
     0.999997     0.0022084   0.000572112     0.0343703   -0.00220909      0.999997    0.00120374    -0.0935451  -0.000569452     -0.001205      0.999999      0.138769
     0.999998    0.00201974   0.000648976     0.0466442    -0.0020206      0.999997    0.00132001    -0.0762206  -0.000646308   -0.00132132      0.999999      0.139448
     0.999998    0.00207764   0.000569937     0.0336667   -0.00207839      0.999997    0.00131331      -0.05879  -0.000567206   -0.00131449      0.999999      0.117874
     0.999998    0.00202377   0.000477242     0.0465615    -0.0020243      0.999997    0.00109979    -0.0388889  -0.000475015   -0.00110076      0.999999     0.0992325
     0.999998    0.00205217   0.000556716     0.0425097   -0.00205313      0.999996    0.00172181     -0.166775  -0.000553181   -0.00172295      0.999998     0.0540473
     0.999998     0.0019938   0.000556512     0.0552041    -0.0019948      0.999996    0.00179724     0.0195421  -0.000552927   -0.00179835      0.999998     0.0351751
     0.999998     0.0019919    0.00073813     0.0382904   -0.00199312      0.999997    0.00166148      -0.12278  -0.000734818   -0.00166295      0.999998     0.0472494
     0.999997     0.0021991   0.000957557     0.0494046   -0.00220063      0.999996    0.00159234     -0.080471  -0.000954051   -0.00159444      0.999998       0.12351
     0.999997    0.00226471   0.000568581      0.026845   -0.00226567      0.999996    0.00168941    -0.0828925  -0.000564752    -0.0016907      0.999998     0.0887576
     0.999997    0.00218144     0.0007272     0.0550556   -0.00218288      0.999996    0.00198871    -0.0780859  -0.000722859    -0.0019903      0.999998      0.073559
     0.999997    0.00230078   0.000580474     0.0448084   -0.00230195      0.999995    0.00203477    -0.0717776   -0.00057579    -0.0020361      0.999998     0.0974615
     0.999997     0.0022088   0.000523429     0.0497093   -0.00220984      0.999996     0.0020056    -0.0679183  -0.000518997   -0.00200675      0.999998     0.0529272
     0.999997    0.00222763    0.00056821     0.0560346   -0.00222861      0.999996    0.00172074     -0.130788  -0.000564375   -0.00172201      0.999998      0.073425
     0.999997    0.00227405   0.000638586     0.0412631   -0.00227506      0.999996    0.00157624     -0.075821  -0.000634999   -0.00157769      0.999999     0.0760928
     0.999997    0.00211964   0.000731084     0.0256255   -0.00212085      0.999996    0.00165791    -0.0699177  -0.000727568   -0.00165946      0.999998       0.05932
     0.999998    0.00206546   0.000644252     0.0498439   -0.00206661      0.999996    0.00179051     -0.101634  -0.000640551   -0.00179184      0.999998     0.0573217
     0.999998    0.00214799   0.000531398     0.0476546   -0.00214905      0.999996    0.00199736    -0.0787746  -0.000527105    -0.0019985      0.999998     0.0570096
     0.999998    0.00216308   0.000364524     0.0494929   -0.00216379      0.999996    0.00196596    -0.0820795   -0.00036027   -0.00196675      0.999998     0.0691904
     0.999998    0.00211374   0.000493181     0.0534506   -0.00211478      0.999996    0.00210565     -0.083415  -0.000488728   -0.00210669      0.999998     0.0603217
     0.999997    0.00221821   0.000567348     0.0561806   -0.00221964      0.999994    0.00252863     -0.104169  -0.000561736   -0.00252988      0.999997     0.0340555
     0.999997    0.00213075    0.00079112     0.0601059   -0.00213278      0.999994       0.00257    -0.0837585  -0.000785639   -0.00257168      0.999996     0.0213302
     0.999998    0.00201636    0.00065576     0.0388437   -0.00201784      0.999995    0.00226925     -0.104882  -0.000651181   -0.00227056      0.999997     0.0377897
     0.999998    0.00201217    0.00063009     0.0252925   -0.00201351      0.999996     0.0021315    -0.0458957  -0.000625799   -0.00213276      0.999998     0.0625165
     0.999998    0.00190583   0.000452984    0.00586023   -0.00190675      0.999996    0.00203929     -0.110156  -0.000449095   -0.00204015      0.999998     0.0487577
     0.999998    0.00199589   0.000564817     0.0435009   -0.00199726      0.999995    0.00242615    -0.0980558  -0.000559972   -0.00242727      0.999997     0.0393617
     0.999998    0.00213523   0.000548699     0.0514985   -0.00213665      0.999994    0.00259632     -0.101568  -0.000543152   -0.00259749      0.999996     0.0115544
     0.999997     0.0021986   0.000549283     0.0424277   -0.00219992      0.999995    0.00241803    -0.0817726  -0.000543964   -0.00241924      0.999997     0.0241059
     0.999997    0.00227263   0.000537757     0.0352898   -0.00227397      0.999994    0.00249301    -0.0853278  -0.000532088   -0.00249422      0.999997     0.0874189
     0.999997     0.0022503   0.000848529      0.044334   -0.00225274      0.999993    0.00288477     -0.167533  -0.000842032   -0.00288667      0.999995      0.138052
     0.999997    0.00222983   0.000826043     0.0540698   -0.00223213      0.999994    0.00279324    -0.0703208  -0.000819809   -0.00279508      0.999996      0.139125
     0.999997    0.00253415   0.000614363     0.0427712   -0.00253596      0.999992    0.00295763     -0.119177  -0.000606863   -0.00295917      0.999995      0.171692
            1  -0.000761151  -1.38203e-05    -0.0311424   0.000761156             1   0.000393579    -0.0165261   1.35208e-05  -0.000393589             1     -0.202396
     0.999999   -0.00131295  -0.000455411    -0.0371869    0.00131275      0.999999  -0.000438341    -0.0338982   0.000455986   0.000437742             1      -0.31941
     0.999999   -0.00105477  -0.000511024    -0.0519575    0.00105462      0.999999  -0.000286939    -0.0453043   0.000511326     0.0002864             1     -0.274927
     0.999999   -0.00116222  -0.000148979    -0.0275245     0.0011622      0.999999  -9.06611e-05    -0.0275346   0.000149084   9.04879e-05             1     -0.235292
     0.999999   -0.00117625  -9.52808e-05    -0.0358234    0.00117623      0.999999  -0.000203554    -0.0358616   9.55201e-05   0.000203441             1     -0.222905
     0.999999   -0.00115004   1.92987e-05    -0.0512384    0.00115004      0.999999  -5.37529e-05     -0.019602  -1.92369e-05   5.37751e-05             1     -0.202065
     0.999999   -0.00100569   0.000189659    -0.0441948    0.00100567      0.999999   9.25711e-05    -0.0426132  -0.000189752  -9.23803e-05             1     -0.156896
            1  -0.000961156    0.00021824    -0.0373509   0.000961136             1   9.13342e-05    -0.0164141  -0.000218328  -9.11244e-05             1       -0.1513
            1  -0.000848447   0.000138841    -0.0395081   0.000848395             1   0.000379323    -0.0397071  -0.000139163  -0.000379205             1     -0.123508
            1   -0.00081657  -1.69921e-05    -0.0460333   0.000816576             1   0.000392116    -0.0535244   1.66719e-05  -0.000392129             1     -0.167658
            1  -0.000792514  -0.000484174    -0.0405403   0.000792633             1   0.000244525    -0.0500813    0.00048398  -0.000244909             1      -0.18488
            1  -0.000669071  -0.000433261    -0.0127794   0.000669147             1   0.000174351    -0.0493166   0.000433144   -0.00017464             1     -0.180513
            1  -0.000557825  -0.000547521     -0.028133   0.000557801             1  -4.38591e-05    -0.0089722   0.000547546   4.35537e-05             1     -0.156891
            1  -0.000344633  -0.000525006    -0.0109784   0.000344803             1    0.00032415    -0.0497387   0.000524895  -0.000324331             1     -0.190184
            1    -0.0002081  -0.000619155   -0.00379185   0.000208324             1   0.000362638    -0.0567854   0.000619079  -0.000362767             1     -0.203875
     0.999999  -0.000847757  -0.000535754    -0.0237862   0.000847934             1   0.000330254    -0.0416233   0.000535474  -0.000330708             1     -0.196949
     0.999999  -0.000941457  -0.000483578    -0.0272102   0.000941825      0.999999   0.000761718   -0.00480345    0.00048286  -0.000762173             1     -0.242977
     0.999999  -0.000989667   -0.00025141    -0.0313139   0.000989868      0.999999   0.000801304    -0.0398709   0.000250617  -0.000801552             1     -0.234695
     0.999999  -0.000983001  -0.000315508     -0.040694   0.000983204      0.999999   0.000646038    -0.0512381   0.000314873  -0.000646347             1     -0.218444
     0.999999   -0.00102989  -0.000387295    -0.0309129    0.00103011      0.999999   0.000553983    -0.0465777   0.000386724  -0.000554382             1     -0.217524
     0.999999    -0.0010335  -0.000397207    -0.0462448    0.00103369      0.999999   0.000479004    -0.0390646   0.000396711  -0.000479414             1     -0.208479
            1  -0.000813065  -0.000237936    -0.0307499    0.00081324      0.999999   0.000734752    -0.0392535   0.000237339  -0.000734946             1     -0.180542
            1  -0.000796232  -0.000472396     -0.019464   0.000796587      0.999999   0.000751811    -0.0155405   0.000471797  -0.000752187             1     -0.207029
            1  -0.000697764  -0.000403674    -0.0279192   0.000698326      0.999999    0.00139418    -0.0925604   0.000402701   -0.00139446      0.999999    -0.0287877
     0.999999  -0.000750366   -0.00100335   -0.00454762   0.000751505      0.999999    0.00113527  -0.000155483     0.0010025   -0.00113602      0.999999     -0.300369
            1  -0.000674579  -0.000675682    -0.0202856   0.000675058             1    0.00070974     -0.121303   0.000675203  -0.000710196             1     -0.225127
     0.999999  -0.000244805   -0.00130729    0.00912614    0.00024541             1   0.000463164      -0.02559    0.00130717  -0.000463485      0.999999     -0.143672
     0.999997   -0.00129049   -0.00206578     0.0220236     0.0012942      0.999998    0.00179262      0.144255    0.00206346   -0.00179529      0.999996     -0.253776
     0.999996    -0.0018614    -0.0022107    -0.0675311    0.00186391      0.999998    0.00113558     -0.395127    0.00220858    -0.0011397      0.999997     -0.126625
     0.999996    -0.0021432   -0.00195332    -0.0558295    0.00214497      0.999997    0.00090684      0.126255    0.00195137  -0.000911026      0.999998     -0.150111
     0.999997   -0.00138722   -0.00184313    -0.0235679     0.0013896      0.999998     0.0012883    -0.0231039    0.00184134   -0.00129086      0.999997     -0.181529
     0.999998   -0.00136618    -0.0010658   0.000712949    0.00136762      0.999998    0.00135425   -0.00426406    0.00106394    -0.0013557      0.999999     -0.203875
     0.999999   -0.00105021  -0.000544757    -0.0413272    0.00105069      0.999999   0.000879163    -0.0391822   0.000543833  -0.000879735      0.999999     -0.239526
     0.999999   -0.00080585  -0.000921459    -0.0128073   0.000806717      0.999999   0.000940357    -0.0189162     0.0009207    -0.0009411      0.999999     -0.269651
     0.999999  -0.000921494  -0.000952052     -0.040638   0.000922082      0.999999   0.000616838    -0.0461342   0.000951483  -0.000617715      0.999999     -0.332199
     0.999999   -0.00091819  -0.000957814    -0.0115572   0.000918693      0.999999   0.000525511    -0.0611136   0.000957331   -0.00052639      0.999999     -0.314176
            1  -0.000532269  -0.000498852    -0.0105266   0.000532633             1   0.000729817    -0.0275591   0.000498464  -0.000730082             1     -0.273727
            1  -0.000706885  -0.000682989    -0.0154434   0.000707532      0.999999   0.000947101    -0.0585701   0.000682319  -0.000947583      0.999999     -0.322977
            1  -0.000866777    -0.0004149    -0.0212124   0.000867151      0.999999   0.000902814    -0.0261239   0.000414118  -0.000903173             1     -0.306651
     0.999999   -0.00095934  -0.000476932    -0.0316059   0.000959746      0.999999   0.000852919    -0.0155841   0.000476113  -0.000853376             1      -0.29196
     0.999999   -0.00135182  -0.000483706   -0.00800045    0.00135216      0.999999   0.000698465    -0.0584759   0.000482761  -0.000699118             1     -0.340167
     0.999999   -0.00150472  -0.000240117    -0.0387996    0.00150475      0.999999   0.000154444    -0.0166403   0.000239884  -0.000154805             1     -0.406666
