# 3dvolreg matrices (DICOM-to-DICOM, row-by-row):
     0.999995    0.00273927    0.00138913     -0.137807   -0.00274314      0.999992    0.00279157     -0.270366   -0.00138147   -0.00279536      0.999995    -0.0491449
     0.999996    0.00271768    0.00121916     -0.144434    -0.0027205      0.999994     0.0023143     -0.271055   -0.00121287    -0.0023176      0.999997    -0.0353269
     0.999995    0.00275094    0.00126198     -0.139849   -0.00275423      0.999993    0.00261892     -0.257319   -0.00125477   -0.00262238      0.999996    -0.0307472
     0.999996    0.00253107    0.00127411     -0.140639   -0.00253448      0.999993    0.00268669     -0.263853    -0.0012673   -0.00268991      0.999996    -0.0261095
     0.999995    0.00258488    0.00154467     -0.131847   -0.00258894      0.999993    0.00263415     -0.247937   -0.00153785   -0.00263813      0.999995     0.0123506
     0.999996    0.00270456     0.0012228     -0.148214   -0.00270771      0.999993    0.00258438     -0.293114    -0.0012158   -0.00258768      0.999996     0.0230196
     0.999996    0.00256263    0.00151555      -0.13808    -0.0025667      0.999993    0.00269157     -0.269205   -0.00150864   -0.00269545      0.999995     0.0381691
     0.999995     0.0026541     0.0015653     -0.153925   -0.00265846      0.999993    0.00278828     -0.277984   -0.00155788   -0.00279243      0.999995     0.0395613
     0.999996    0.00250902    0.00147135     -0.153714   -0.00251309      0.999993    0.00277095     -0.249074   -0.00146439   -0.00277464      0.999995   -0.00618064
     0.999996    0.00259432    0.00137319     -0.133623   -0.00259807      0.999993    0.00273719     -0.259447   -0.00136608   -0.00274074      0.999995   0.000842432
     0.999996    0.00259229    0.00150261     -0.143551   -0.00259625      0.999993    0.00263703     -0.277688   -0.00149576   -0.00264091      0.999995     0.0182447
     0.999995    0.00263454    0.00167335     -0.156974   -0.00263904      0.999993     0.0026904     -0.268529   -0.00166625    -0.0026948      0.999995      0.045908
     0.999995    0.00272283    0.00173418     -0.160504   -0.00272799      0.999992    0.00298145     -0.245071   -0.00172605   -0.00298616      0.999994     0.0476415
     0.999996    0.00252615    0.00160586     -0.146192   -0.00253068      0.999993    0.00282864     -0.305031    -0.0015987   -0.00283269      0.999995      0.061828
     0.999996    0.00250607    0.00149486     -0.148129   -0.00251002      0.999993    0.00264774     -0.248538   -0.00148821   -0.00265148      0.999995     0.0142816
     0.999995    0.00274639    0.00135539     -0.159145   -0.00275017      0.999992    0.00278951     -0.283785   -0.00134772   -0.00279323      0.999995    -0.0395407
     0.999995    0.00280335    0.00132461     -0.133164   -0.00280721      0.999992    0.00292307     -0.259115   -0.00131641   -0.00292677      0.999995    -0.0783607
     0.999995    0.00289459    0.00128253      -0.14193   -0.00289814      0.999992    0.00277751     -0.251814   -0.00127448   -0.00278121      0.999995     -0.102785
     0.999995    0.00291876   0.000788187     -0.165567   -0.00292084      0.999992    0.00264485     -0.296217  -0.000780461   -0.00264714      0.999996     -0.197329
     0.999996    0.00277528   0.000742862     -0.130311    -0.0027774      0.999992     0.0028603     -0.283657  -0.000734918   -0.00286236      0.999996     -0.196112
     0.999995    0.00292239   0.000954928     -0.126257   -0.00292516      0.999991    0.00291104     -0.276341  -0.000946413   -0.00291382      0.999995    -0.0574865
     0.999995    0.00308144    0.00118413     -0.123535     -0.003085      0.999991    0.00301822     -0.296688   -0.00117481   -0.00302186      0.999995    -0.0631169
     0.999995    0.00302246    0.00123598     -0.122535   -0.00302631      0.999991     0.0031242     -0.256826   -0.00122653   -0.00312792      0.999994     -0.109012
     0.999995     0.0030622    0.00124934     -0.130776   -0.00306593      0.999991    0.00299579     -0.280557   -0.00124016   -0.00299961      0.999995     -0.127257
     0.999995    0.00296783    0.00106492     -0.131262    -0.0029711      0.999991    0.00307807     -0.269493   -0.00105577   -0.00308122      0.999995     -0.143188
     0.999994    0.00307342    0.00127859     -0.133427   -0.00307773       0.99999     0.0033796     -0.270592   -0.00126819   -0.00338351      0.999993     -0.127801
     0.999995    0.00293176    0.00133272      -0.13974   -0.00293595      0.999991    0.00315671     -0.295393   -0.00132345   -0.00316061      0.999994      -0.11695
     0.999995    0.00295606     0.0010577     -0.123681   -0.00295905      0.999992    0.00283469     -0.236018   -0.00104931   -0.00283781      0.999995     -0.137035
     0.999995    0.00304747    0.00109927     -0.130392   -0.00305069      0.999991    0.00293378     -0.310276   -0.00109032   -0.00293712      0.999995    -0.0863705
     0.999995    0.00303548    0.00111461     -0.131699   -0.00303892      0.999991    0.00309546     -0.287067    -0.0011052   -0.00309883      0.999995    -0.0649799
     0.999995    0.00290442    0.00131612     -0.141286   -0.00290874       0.99999    0.00329219     -0.269469   -0.00130655     -0.003296      0.999994    -0.0254131
     0.999995    0.00284485    0.00128947     -0.126251   -0.00284925       0.99999    0.00342613     -0.275488   -0.00127971   -0.00342978      0.999993    -0.0490668
     0.999995      0.002987    0.00123547     -0.132817   -0.00299104       0.99999    0.00328057     -0.247672   -0.00122566   -0.00328425      0.999994    -0.0732764
     0.999995    0.00282422    0.00124094     -0.125439    -0.0028282      0.999991    0.00321242     -0.288364   -0.00123185   -0.00321592      0.999994    -0.0801675
     0.999995      0.002808    0.00122975     -0.134463   -0.00281255      0.999989    0.00371114     -0.297094   -0.00121932   -0.00371458      0.999992    -0.0667028
     0.999996    0.00262867    0.00101302     -0.137016   -0.00263224       0.99999    0.00354479     -0.267561   -0.00100369   -0.00354744      0.999993     -0.105762
     0.999995    0.00295226    0.00113479     -0.130199   -0.00295626      0.999989    0.00353424     -0.279316   -0.00112435   -0.00353758      0.999993    -0.0277141
     0.999995    0.00302366    0.00128306      -0.13581   -0.00302837      0.999989    0.00368462     -0.269979    -0.0012719   -0.00368849      0.999992    0.00323003
     0.999995     0.0029907    0.00141294     -0.120796   -0.00299576      0.999989    0.00359101     -0.295739   -0.00140218   -0.00359522      0.999993    -0.0329152
     0.999995    0.00293444    0.00154437      -0.13737   -0.00293997      0.999989     0.0035876     -0.252533   -0.00153383   -0.00359212      0.999992    -0.0170082
     0.999995    0.00299501    0.00134505     -0.135766   -0.00300054      0.999987    0.00412996     -0.302707   -0.00133266   -0.00413397      0.999991     0.0157438
     0.999994    0.00296224    0.00157248     -0.130375    -0.0029686      0.999987    0.00405899     -0.259899   -0.00156043   -0.00406364      0.999991     0.0123383
     0.999994    0.00304569     0.0017754      -0.13018   -0.00305313      0.999987    0.00419999     -0.293958   -0.00176258   -0.00420538       0.99999   -0.00596014
     0.999994    0.00308375    0.00176312     -0.135038   -0.00309131      0.999986    0.00430138     -0.292173   -0.00174983    -0.0043068      0.999989    -0.0224894
     0.999994    0.00311495    0.00178373       -0.1406    -0.0031222      0.999987    0.00407161     -0.291707   -0.00177103   -0.00407716       0.99999    -0.0237671
     0.999994    0.00312484    0.00172677     -0.129171   -0.00313153      0.999988    0.00388529     -0.240334   -0.00171461   -0.00389067      0.999991    -0.0925457
     0.999993    0.00314693    0.00198899     -0.133462   -0.00315508      0.999987    0.00410455     -0.285477   -0.00197604   -0.00411079       0.99999    -0.0822419
     0.999994    0.00298834     0.0018627      -0.13925   -0.00299609      0.999987     0.0041736      -0.30628    -0.0018502   -0.00417915       0.99999    -0.0793606
     0.999994    0.00302129    0.00174379     -0.129196   -0.00302864      0.999986    0.00422807     -0.302915   -0.00173099   -0.00423333       0.99999    -0.0595329
     0.999994    0.00305949    0.00171536     -0.136861   -0.00306679      0.999986    0.00427087     -0.328002   -0.00170227    -0.0042761      0.999989    -0.0357673
     0.999993    0.00321377    0.00172551     -0.138684   -0.00322116      0.999986    0.00429494      -0.28522   -0.00171168   -0.00430046      0.999989    -0.0271092
     0.999993     0.0032915    0.00172538      -0.11949   -0.00329918      0.999985    0.00446395     -0.283923   -0.00171066   -0.00446961      0.999989   -0.00655299
     0.999993    0.00324667    0.00183787     -0.135468   -0.00325475      0.999985    0.00440946      -0.28889   -0.00182352   -0.00441541      0.999989    -0.0121691
     0.999992    0.00344059    0.00180863     -0.129397   -0.00344867      0.999984    0.00448423     -0.298282   -0.00179317   -0.00449043      0.999988    -0.0333139
     0.999992    0.00348356    0.00192578     -0.125526    -0.0034923      0.999984    0.00455692     -0.302918   -0.00190987   -0.00456361      0.999988     -0.036862
     0.999992    0.00350818    0.00209308     -0.125969     -0.003518      0.999983    0.00470727     -0.292975   -0.00207653    -0.0047146      0.999987    -0.0556348
     0.999991    0.00341759    0.00246658     -0.116295   -0.00342912      0.999983    0.00468691     -0.289141   -0.00245052   -0.00469532      0.999986    -0.0788749
     0.999992    0.00342065    0.00225689     -0.148638   -0.00343104      0.999983    0.00461363     -0.299697   -0.00224107   -0.00462134      0.999987    -0.0660042
     0.999991    0.00347881    0.00232181     -0.133387   -0.00348952      0.999983    0.00462595     -0.311812   -0.00230568   -0.00463402      0.999987    -0.0536801
     0.999991    0.00340565    0.00245675     -0.125842    -0.0034175      0.999982    0.00483843     -0.303622   -0.00244022   -0.00484679      0.999985    -0.0421722
     0.999991    0.00342216     0.0024364     -0.145499   -0.00343411      0.999982    0.00491748     -0.307375   -0.00241953    -0.0049258      0.999985    -0.0370712
     0.999991    0.00331337    0.00249945     -0.147421   -0.00332524      0.999983    0.00476341     -0.316575   -0.00248363   -0.00477168      0.999986    -0.0416008
     0.999992    0.00302583    0.00255935     -0.131133   -0.00303828      0.999984    0.00487208     -0.304249   -0.00254456   -0.00487982      0.999985    -0.0583784
      0.99999    0.00314245    0.00308776     -0.170021   -0.00315694      0.999984    0.00470105     -0.341291   -0.00307293   -0.00471075      0.999984    -0.0666703
     0.999991    0.00302186    0.00292123     -0.158802   -0.00303572      0.999984    0.00475283     -0.257341   -0.00290682   -0.00476165      0.999984     -0.061617
     0.999992    0.00301206    0.00259301     -0.156389   -0.00302302      0.999986    0.00423389     -0.335443   -0.00258023    -0.0042417      0.999988     -0.116119
     0.999992    0.00304168    0.00276582     -0.146901   -0.00305402      0.999985     0.0044687     -0.300348   -0.00275219   -0.00447711      0.999986    -0.0856801
     0.999992    0.00291949    0.00272837     -0.167269   -0.00293266      0.999984    0.00483832      -0.34082   -0.00271421   -0.00484628      0.999985    -0.0711921
     0.999992    0.00309316    0.00258587     -0.148665   -0.00310521      0.999984     0.0046702     -0.271933   -0.00257138   -0.00467819      0.999986    -0.0635775
     0.999991    0.00341788    0.00255249     -0.141257    -0.0034305      0.999982    0.00495356     -0.298529   -0.00253552   -0.00496227      0.999984    -0.0543524
      0.99999    0.00354057    0.00267725     -0.138308   -0.00355387      0.999981    0.00497863     -0.321091   -0.00265958   -0.00498809      0.999984     -0.105586
     0.999991    0.00338357    0.00272089     -0.137498   -0.00339743      0.999981    0.00510555     -0.289863   -0.00270356   -0.00511474      0.999983     -0.149873
     0.999991    0.00312147    0.00286085     -0.156735   -0.00313552      0.999983    0.00492113     -0.301524   -0.00284544   -0.00493005      0.999984     -0.153618
      0.99999    0.00326605    0.00298448     -0.143023   -0.00328017      0.999983    0.00473898     -0.310298   -0.00296895   -0.00474873      0.999984      -0.11639
      0.99999    0.00336646    0.00284073     -0.151632   -0.00338053      0.999982    0.00496159     -0.294585   -0.00282398   -0.00497114      0.999984     -0.108977
     0.999991    0.00336242    0.00262507     -0.147434   -0.00337588      0.999981    0.00513877     -0.343329   -0.00260774   -0.00514758      0.999983    -0.0767286
      0.99999      0.003328    0.00282685     -0.150816   -0.00334248      0.999981     0.0051334     -0.310678   -0.00280972    -0.0051428      0.999983     -0.168521
     0.999991    0.00324837    0.00276476     -0.150734   -0.00326265      0.999981    0.00517747     -0.294907   -0.00274789   -0.00518644      0.999983      -0.17647
     0.999993    0.00297961    0.00247344     -0.155843   -0.00298962      0.999987    0.00405213     -0.313002   -0.00246134    -0.0040595      0.999989     -0.103424
     0.999991    0.00324527     0.0026136     -0.142328   -0.00325618      0.999986    0.00418376     -0.255423   -0.00259998   -0.00419224      0.999988     -0.115999
     0.999991    0.00317527    0.00273653     -0.146941   -0.00318798      0.999984    0.00465439     -0.353775   -0.00272171   -0.00466307      0.999985     -0.132711
     0.999991    0.00311757    0.00270441     -0.148942   -0.00313056      0.999984    0.00481498     -0.314625   -0.00268936    -0.0048234      0.999985     -0.110045
     0.999991    0.00326968    0.00254204     -0.147783   -0.00328201      0.999983    0.00486192     -0.268588    -0.0025261   -0.00487022      0.999985     -0.118515
     0.999991     0.0033275    0.00264777     -0.142411   -0.00334006      0.999983    0.00475068     -0.292201   -0.00263192   -0.00475948      0.999985     -0.124482
     0.999991    0.00333626    0.00253854     -0.147081   -0.00334818      0.999983    0.00470584     -0.308877   -0.00252279    -0.0047143      0.999986     -0.186349
     0.999992     0.0032628    0.00243741     -0.127353   -0.00327476      0.999983    0.00491848     -0.308656   -0.00242132   -0.00492642      0.999985     -0.197639
     0.999991    0.00332167    0.00280568     -0.146783   -0.00333604      0.999981    0.00513102     -0.305615   -0.00278858   -0.00514033      0.999983     -0.182835
     0.999991    0.00309884    0.00277429      -0.16067   -0.00311257      0.999983    0.00495856     -0.295212   -0.00275887   -0.00496715      0.999984     -0.174422
     0.999991    0.00313967    0.00277183     -0.156824   -0.00315285      0.999984    0.00476355      -0.29074   -0.00275683   -0.00477225      0.999985     -0.164764
     0.999991    0.00317341    0.00289869     -0.147855   -0.00318695      0.999984    0.00467849     -0.327509    -0.0028838   -0.00468769      0.999985     -0.156275
     0.999991    0.00309167    0.00300109     -0.171293   -0.00310677      0.999982    0.00503915     -0.326495   -0.00298546   -0.00504842      0.999983     -0.155726
     0.999991    0.00314936    0.00296005     -0.150222   -0.00316465      0.999982    0.00517679     -0.305951   -0.00294369   -0.00518611      0.999982     -0.161532
     0.999992    0.00297832    0.00256717     -0.177086   -0.00299023      0.999985    0.00464727      -0.28271   -0.00255329   -0.00465491      0.999986      -0.17534
     0.999992    0.00290378    0.00263116      -0.14673   -0.00291437      0.999988    0.00403079     -0.303028   -0.00261943   -0.00403842      0.999988     -0.156594
     0.999992    0.00295171    0.00269616     -0.151637   -0.00296327      0.999986    0.00429329     -0.316565   -0.00268345   -0.00430125      0.999987     -0.165916
     0.999992     0.0028983      0.002609     -0.148203   -0.00291053      0.999985    0.00469575     -0.303234   -0.00259535   -0.00470331      0.999986     -0.166069
     0.999993    0.00290582    0.00250711       -0.1538    -0.0029174      0.999985    0.00462891     -0.305051   -0.00249362   -0.00463619      0.999986     -0.110079
     0.999992    0.00288626    0.00265462     -0.159623   -0.00289875      0.999985    0.00471105     -0.284363   -0.00264099   -0.00471871      0.999985     -0.118213
     0.999993     0.0025958    0.00277564     -0.147173   -0.00260905      0.999985    0.00478314     -0.280665   -0.00276318   -0.00479034      0.999985      -0.12225
     0.999993     0.0026852    0.00244115     -0.169526    -0.0026969      0.999985    0.00480213     -0.266645   -0.00242822   -0.00480868      0.999985     -0.217786
     0.999993    0.00289853    0.00239359     -0.133576   -0.00291091      0.999982     0.0051848     -0.312235   -0.00237852   -0.00519173      0.999984     -0.220174
     0.999991     0.0030346    0.00280643     -0.152187   -0.00304947      0.999981    0.00531122     -0.321663   -0.00279026   -0.00531973      0.999982     -0.148012
     0.999992    0.00294852    0.00279962     -0.160813   -0.00296321      0.999982    0.00525583     -0.305642   -0.00278407   -0.00526408      0.999982     -0.116831
     0.999992    0.00276067    0.00278902     -0.153109   -0.00277566      0.999982    0.00538337     -0.308565   -0.00277411   -0.00539107      0.999982    0.00526651
     0.999992    0.00297163    0.00278234      -0.14812   -0.00299165      0.999969    0.00721965     -0.201492    -0.0027608   -0.00722791       0.99997    -0.0847123
     0.999996    0.00273767   0.000254129      -0.13908   -0.00273823      0.999994    0.00223815     -0.417322     -0.000248   -0.00223884      0.999997    0.00581269
     0.999996    0.00285583   0.000469705     -0.117299   -0.00285673      0.999994    0.00193808     -0.359514  -0.000464167   -0.00193942      0.999998     -0.117887
     0.999997    0.00248922   0.000289907     -0.137692   -0.00248983      0.999995    0.00213344     -0.106713  -0.000284595   -0.00213415      0.999998     -0.157455
     0.999998    0.00208983    -0.0004661     -0.134556   -0.00208921      0.999997    0.00131639     -0.251751    0.00046885   -0.00131541      0.999999      -0.13434
     0.999997    0.00262664   0.000195009     -0.108904   -0.00262691      0.999996    0.00138682     -0.200361  -0.000191366   -0.00138733      0.999999     -0.140483
     0.999997    0.00251822   0.000347969     -0.126814   -0.00251887      0.999995    0.00187694     -0.310077   -0.00034324   -0.00187781      0.999998     -0.150462
     0.999996    0.00262518   0.000339428     -0.105554   -0.00262586      0.999995     0.0020175     -0.217548   -0.00033413   -0.00201838      0.999998     -0.158937
     0.999996    0.00286772   0.000564929     -0.114311   -0.00286885      0.999994    0.00199594     -0.279726  -0.000559202   -0.00199755      0.999998     -0.150506
     0.999996    0.00289347   0.000638134     -0.121012   -0.00289464      0.999994    0.00185211     -0.224318  -0.000632771   -0.00185395      0.999998    -0.0937361
     0.999996    0.00275294   0.000802044     -0.119011   -0.00275455      0.999994     0.0020093     -0.267274  -0.000796508    -0.0020115      0.999998    -0.0908576
     0.999996    0.00270574   0.000732378     -0.138122   -0.00270719      0.999994    0.00198698     -0.277993  -0.000726998   -0.00198896      0.999998    -0.0941886
     0.999997     0.0025764   0.000599758     -0.130762   -0.00257757      0.999995    0.00196179     -0.253129    -0.0005947   -0.00196333      0.999998     -0.093087
     0.999997    0.00255106   0.000651727     -0.137078   -0.00255242      0.999995    0.00208945     -0.237705  -0.000646393   -0.00209111      0.999998     -0.111839
     0.999997    0.00245368   0.000643487     -0.145185   -0.00245508      0.999995    0.00218174     -0.215237   -0.00063813   -0.00218331      0.999997    -0.0660768
     0.999998    0.00211902   0.000474464     -0.147202   -0.00211988      0.999996    0.00181852     -0.301315  -0.000470609   -0.00181952      0.999998    -0.0786264
     0.999998    0.00193218  -0.000424352     -0.138925   -0.00193194      0.999998      0.000573     -0.206985   0.000425459  -0.000572179             1     -0.069543
     0.999995    0.00117297   -0.00282902     -0.103623   -0.00117662      0.999998   -0.00129196     -0.179218     0.0028275    0.00129528      0.999995     0.0431876
      0.99999    0.00319993    0.00323157     -0.137537   -0.00321371      0.999986    0.00426821     -0.298111   -0.00321786   -0.00427855      0.999986    -0.0698391
     0.999997     0.0023502  -0.000470441     -0.149289   -0.00234911      0.999995    0.00229234     -0.283688   0.000475826   -0.00229123      0.999997     -0.041097
     0.999995    0.00280018     0.0011982     -0.155832   -0.00280344      0.999992    0.00272879      -0.26091   -0.00119055   -0.00273214      0.999996    -0.0701069
      0.99999     0.0034559      0.002932      -0.14151   -0.00346676      0.999987    0.00370552     -0.334986   -0.00291916   -0.00371564      0.999989    -0.0575034
      0.99999    0.00357294    0.00253667       -0.1327   -0.00358209      0.999987    0.00360931     -0.261948   -0.00252374   -0.00361836       0.99999     -0.066036
     0.999989    0.00382551    0.00266805     -0.124092   -0.00383544      0.999986    0.00372665     -0.257473   -0.00265375   -0.00373685      0.999989    -0.0647067
     0.999988    0.00400378    0.00294497     -0.118885   -0.00401543      0.999984    0.00396191     -0.297885   -0.00292906   -0.00397368      0.999988    -0.0895058
     0.999988    0.00391471    0.00297228     -0.131137   -0.00392698      0.999984    0.00413556     -0.294324   -0.00295605   -0.00414718      0.999987     -0.137343
     0.999987    0.00394919    0.00309778      -0.12466   -0.00396231      0.999983     0.0042405     -0.267952   -0.00308099   -0.00425273      0.999986     -0.143602
     0.999987    0.00408662    0.00308567       -0.1355   -0.00409925      0.999983    0.00409853     -0.302819   -0.00306886   -0.00411113      0.999987     -0.131648
     0.999987    0.00382651    0.00327876     -0.131511   -0.00384064      0.999983    0.00431188     -0.284994   -0.00326221   -0.00432442      0.999985     -0.129984
     0.999987    0.00368289    0.00343697     -0.150577   -0.00369814      0.999983    0.00444177     -0.287631   -0.00342055   -0.00445443      0.999984    -0.0479024
     0.999987    0.00379688    0.00353898     -0.147169   -0.00381312      0.999982    0.00459323     -0.308284   -0.00352148   -0.00460666      0.999983    -0.0218235
      0.99999    0.00329716    0.00285409     -0.158867   -0.00330859      0.999986     0.0040111     -0.291236   -0.00284083    -0.0040205      0.999988     -0.070587
     0.999991    0.00320789    0.00264809     -0.150259   -0.00321894      0.999986    0.00417861     -0.268674   -0.00263465    -0.0041871      0.999988    -0.0998624
     0.999991    0.00325355    0.00262892     -0.139946   -0.00326413      0.999987    0.00402904     -0.318482   -0.00261578   -0.00403759      0.999988    -0.0843765
     0.999992    0.00304676    0.00275089     -0.160881   -0.00306139      0.999981    0.00532907     -0.317406    -0.0027346   -0.00533744      0.999982     -0.211922
     0.999993    0.00329057    0.00192617     -0.132729   -0.00329144      0.999994    0.00044896     -0.189656   -0.00192468  -0.000455297      0.999998      0.131049
     0.999993    0.00325546    0.00208832     -0.135765   -0.00325643      0.999995   0.000463333     -0.277141    -0.0020868   -0.00047013      0.999998      0.132421
     0.999993    0.00333669    0.00196338     -0.122997   -0.00333879      0.999994    0.00106871     -0.231427   -0.00195981   -0.00107525      0.999998      0.079302
     0.999991    0.00341353    0.00234199     -0.135258   -0.00341597      0.999994    0.00103901     -0.220101   -0.00233843     -0.001047      0.999997      0.105739
     0.999992    0.00314016    0.00241433     -0.137436   -0.00314273      0.999994    0.00106331     -0.245872   -0.00241097   -0.00107089      0.999997     0.0709708
     0.999993    0.00312109    0.00203749     -0.139122   -0.00312312      0.999995   0.000992146     -0.201091   -0.00203438  -0.000998502      0.999997     0.0182712
     0.999993    0.00308615    0.00201177     -0.133057   -0.00308817      0.999995   0.000998446     -0.245622   -0.00200868   -0.00100465      0.999997      0.013927
     0.999995     0.0027333    0.00178078     -0.145945   -0.00273502      0.999996   0.000961656     -0.243438   -0.00177814  -0.000966521      0.999998     0.0591204
     0.999993    0.00306955    0.00209455     -0.132736   -0.00307238      0.999994     0.0013469     -0.259349   -0.00209041   -0.00135333      0.999997      0.124542
     0.999993    0.00312655    0.00207921     -0.130105   -0.00312976      0.999994    0.00154027     -0.215309   -0.00207438   -0.00154676      0.999997      0.168084
     0.999993    0.00306415    0.00212903     -0.132519   -0.00306745      0.999994    0.00154874     -0.247727   -0.00212427   -0.00155526      0.999997      0.169395
     0.999994    0.00277048    0.00187567     -0.146395   -0.00277394      0.999994    0.00184166     -0.235742   -0.00187056   -0.00184685      0.999997      0.148115
     0.999995    0.00256336    0.00193207     -0.157765   -0.00256662      0.999995     0.0016902     -0.264898   -0.00192773   -0.00169515      0.999997      0.164229
     0.999994     0.0029569    0.00191337     -0.128517   -0.00295912      0.999995    0.00116115     -0.216925   -0.00190992   -0.00116681      0.999997      0.132742
     0.999994    0.00293748    0.00202496     -0.144678    -0.0029404      0.999995    0.00143902     -0.227256   -0.00202072   -0.00144496      0.999997      0.118122
     0.999993    0.00320608    0.00205407     -0.139084   -0.00320936      0.999994    0.00159503     -0.244733   -0.00204894   -0.00160161      0.999997       0.18396
     0.999993     0.0032325    0.00198712     -0.122457   -0.00323562      0.999994    0.00156934     -0.267361   -0.00198203   -0.00157576      0.999997      0.207663
     0.999994    0.00299641    0.00187316     -0.136756   -0.00300011      0.999994     0.0019746     -0.248149   -0.00186723   -0.00198021      0.999996      0.129319
     0.999995    0.00279515    0.00141946     -0.125207   -0.00279818      0.999994    0.00213996     -0.235725   -0.00141347   -0.00214392      0.999997      0.105845
     0.999994    0.00307303    0.00175899     -0.121342   -0.00307661      0.999993    0.00203777     -0.219924   -0.00175272   -0.00204317      0.999996      0.143579
     0.999993    0.00324678    0.00198757     -0.125482   -0.00325049      0.999993    0.00186771     -0.257565   -0.00198149   -0.00187415      0.999996        0.2097
     0.999994    0.00288838     0.0019705     -0.156119   -0.00289144      0.999995    0.00154964     -0.253833   -0.00196601   -0.00155532      0.999997      0.202979
     0.999995    0.00257491    0.00181748     -0.150998   -0.00257658      0.999996   0.000920323     -0.221087   -0.00181511  -0.000925002      0.999998      0.241703
     0.999994    0.00289634    0.00194389     -0.127553   -0.00289889      0.999995    0.00131032     -0.233362   -0.00194008   -0.00131595      0.999997      0.177577
     0.999993    0.00284815    0.00223897      -0.15445   -0.00285099      0.999995    0.00126841     -0.224827   -0.00223534   -0.00127479      0.999997      0.148904
     0.999994    0.00292372    0.00195502     -0.135152   -0.00292565      0.999995   0.000989374     -0.251356   -0.00195211  -0.000995088      0.999998       0.14582
     0.999995    0.00289848    0.00118607     -0.128868   -0.00289938      0.999996   0.000761487     -0.238283   -0.00118386  -0.000764922      0.999999      0.119305
     0.999995     0.0025577    0.00161404      -0.14465   -0.00255924      0.999996   0.000948228      -0.22984   -0.00161161  -0.000952354      0.999998      0.109151
     0.999995    0.00267693    0.00157631     -0.148406   -0.00267908      0.999995    0.00136418     -0.215677   -0.00157265   -0.00136839      0.999998      0.152558
     0.999994    0.00288453    0.00170345     -0.126757   -0.00288673      0.999995    0.00128669     -0.284561   -0.00169973    -0.0012916      0.999998      0.201984
     0.999994    0.00294774    0.00178645     -0.127621   -0.00295005      0.999995    0.00129167     -0.214999   -0.00178263   -0.00129693      0.999998      0.194388
     0.999995    0.00278251    0.00138445     -0.139873   -0.00278441      0.999995    0.00137095     -0.224132   -0.00138063    -0.0013748      0.999998     0.0857445
     0.999996     0.0026992    0.00101831     -0.133087   -0.00270017      0.999996   0.000944954     -0.240194   -0.00101575  -0.000947699      0.999999     0.0723755
     0.999994     0.0030264    0.00156011     -0.117745   -0.00302849      0.999995    0.00134108     -0.254777   -0.00155604    -0.0013458      0.999998      0.141707
     0.999994    0.00306188    0.00179308     -0.129171   -0.00306488      0.999994    0.00167145     -0.270869   -0.00178795   -0.00167694      0.999997      0.178821
     0.999994    0.00312909    0.00158141     -0.131265   -0.00313232      0.999993    0.00204066     -0.243052   -0.00157502    -0.0020456      0.999997      0.158379
     0.999994    0.00312513    0.00165297     -0.117855    -0.0031287      0.999993    0.00216625     -0.237529   -0.00164619   -0.00217141      0.999996      0.154135
     0.999994    0.00300265     0.0016163     -0.135854   -0.00300637      0.999993    0.00230597     -0.254002   -0.00160936   -0.00231082      0.999996      0.123489
     0.999994    0.00308372    0.00175208     -0.121652   -0.00308773      0.999993    0.00228627     -0.261183   -0.00174501   -0.00229167      0.999996      0.138912
     0.999994    0.00305758    0.00151225     -0.120156   -0.00306127      0.999992    0.00244351     -0.252161   -0.00150477   -0.00244813      0.999996      0.155131
