# 3dvolreg matrices (DICOM-to-DICOM, row-by-row):
     0.999999   -0.00107018  -0.000740463    0.00222842    0.00106898      0.999998   -0.00162609      0.183258   0.000742202     0.0016253      0.999998    -0.0399373
            1  -9.54224e-05  -0.000256855    0.00205828   9.51634e-05      0.999999   -0.00100815     0.0527982   0.000256951    0.00100813      0.999999   -0.00605839
            1  -1.05482e-10    3.1074e-11   5.30125e-09   1.05482e-10             1   1.10734e-10   8.12392e-09   -3.1074e-11  -1.10734e-10             1   3.14181e-09
            1   0.000574983  -0.000585166  -0.000347945   -0.00057525             1  -0.000456963      0.108858   0.000584903   0.000457299             1     -0.160831
     0.999999    0.00086752   -0.00105063    -0.0127485   -0.00086933      0.999998   -0.00172408     0.0875178    0.00104913    0.00172499      0.999998    -0.0937901
     0.999999  -0.000140104   -0.00102229    -0.0176745   0.000138782      0.999999    -0.0012937      0.106807    0.00102247    0.00129355      0.999999   -0.00123466
     0.999999  -0.000126877   -0.00118396    -0.0255944   0.000126249             1  -0.000530674      0.118562    0.00118403   0.000530524      0.999999     0.0386833
            1  -0.000219975  -0.000894039    -0.0255889   0.000219053      0.999999   -0.00103112      0.180623   0.000894265    0.00103092      0.999999    -0.0308323
            1   0.000241349  -0.000792126    -0.0368334  -0.000241668             1  -0.000403329      0.148464   0.000792029    0.00040352             1    -0.0572279
            1   0.000501648   -0.00075499    -0.0446905  -0.000502006             1  -0.000474352      0.128438   0.000754751   0.000474731             1    -0.0801224
            1   0.000408547  -0.000459692    -0.0548097  -0.000408797             1  -0.000545254     0.0943522   0.000459469   0.000545442             1     -0.100606
            1   0.000493294   -3.3567e-05    -0.0558013  -0.000493319             1  -0.000749895     0.0881189    3.3197e-05   0.000749911             1    -0.0974396
            1  -0.000426342  -0.000251827    -0.0346147    0.00042608      0.999999   -0.00104316      0.110832   0.000252272    0.00104306      0.999999     -0.109137
            1  -0.000704334   0.000499612    -0.0223293   0.000704243             1   0.000182344      0.104363   -0.00049974  -0.000181992             1    -0.0513509
            1  -0.000868741   0.000188859     -0.023976    0.00086881             1  -0.000365405      0.147163  -0.000188542   0.000365569             1     -0.109997
            1   -0.00061472   0.000218323    -0.0321467   0.000614678             1   0.000195092     0.0940417  -0.000218443  -0.000194958             1     -0.089061
            1  -0.000625613   0.000624368    -0.0345611   0.000625517             1   0.000153893      0.154407  -0.000624464  -0.000153503             1    -0.0978383
     0.999999   -0.00126436   0.000287522    -0.0363287    0.00126449      0.999999   -0.00045423       0.15784  -0.000286947   0.000454594             1    -0.0585093
     0.999999    -0.0014121   0.000586346    -0.0425788     0.0014128      0.999998   -0.00119992      0.157081  -0.000584651    0.00120075      0.999999    -0.0913551
     0.999998   -0.00143806    0.00110675    -0.0466164    0.00143929      0.999998   -0.00111111      0.162548   -0.00110515     0.0011127      0.999999    -0.0630249
     0.999997   -0.00192978    0.00147855    -0.0376226    0.00193245      0.999997   -0.00180262      0.197844   -0.00147507    0.00180547      0.999997    -0.0540249
     0.999997   -0.00231307   5.54062e-05    -0.0414985    0.00231319      0.999995   -0.00226811      0.195771  -5.01596e-05    0.00226823      0.999997     -0.101025
     0.999997   -0.00241525  -0.000206402     -0.032195    0.00241464      0.999993   -0.00290348      0.280693   0.000213414    0.00290297      0.999996    -0.0631494
     0.999996   -0.00269459   0.000161043    -0.0157112    0.00269509      0.999991   -0.00315441      0.264508  -0.000152542    0.00315484      0.999995    -0.0443076
     0.999996   -0.00286155   0.000552965    -0.0243313    0.00286341       0.99999   -0.00337955      0.286601  -0.000543289    0.00338112      0.999994    -0.0837766
     0.999998   -0.00207217  -0.000225432     -0.048036    0.00207152      0.999994   -0.00284811        0.2355   0.000231333    0.00284763      0.999996    -0.0877462
     0.999998    -0.0021535  -0.000134637    -0.0348355    0.00215298      0.999991   -0.00371575      0.276513   0.000142638    0.00371545      0.999993    -0.0974616
     0.999996   -0.00281986   8.03324e-05   -0.00474665    0.00282014      0.999989   -0.00370804      0.222301  -6.98754e-05    0.00370825      0.999993    -0.0893797
     0.999996   -0.00272204   3.62548e-05    -0.0189118    0.00272216      0.999988    -0.0040883       0.32385  -2.51258e-05    0.00408838      0.999992     -0.040125
     0.999998   -0.00187115   -0.00120126    -0.0181894    0.00186629       0.99999   -0.00403158      0.303578    0.00120879    0.00402933      0.999991    -0.0545515
     0.999997   -0.00219431   -0.00135575   -0.00330642    0.00218741      0.999985   -0.00507077      0.348427    0.00136685    0.00506779      0.999986     -0.105136
     0.999995   -0.00294372  -0.000736101     0.0239002    0.00294006      0.999984   -0.00493074      0.320932   0.000750603    0.00492856      0.999988     -0.121625
     0.999994   -0.00317926   -0.00110454     0.0368734    0.00317265      0.999977   -0.00593709      0.344996    0.00112339    0.00593355      0.999982     -0.136034
     0.999994   -0.00328906  -0.000847809     0.0440967    0.00328409      0.999978   -0.00580413      0.328159    0.00086688    0.00580131      0.999983     -0.152026
     0.999993   -0.00347842   -0.00114209     0.0454734    0.00347168      0.999977   -0.00585792      0.367187    0.00116244    0.00585391      0.999982     -0.219239
     0.999991   -0.00414955  -0.000864299     0.0685971    0.00414399      0.999971    -0.0063424       0.33058   0.000890592    0.00633876       0.99998      -0.28684
     0.999991    -0.0041012  -0.000730533     0.0657528    0.00409625      0.999969   -0.00665024       0.39401   0.000757785    0.00664719      0.999978     -0.242802
     0.999992   -0.00395951   -0.00103512     0.0648463    0.00395334      0.999975   -0.00589299      0.352016    0.00105842    0.00588885      0.999982     -0.211154
     0.999991   -0.00397602   -0.00115856     0.0712595    0.00396891      0.999974   -0.00607425      0.373243    0.00118268     0.0060696      0.999981     -0.197788
     0.999992    -0.0037408   -0.00145511     0.0633464    0.00373206      0.999975   -0.00596678      0.361353     0.0014774    0.00596131      0.999981     -0.171867
     0.999992   -0.00373094   -0.00143747      0.073118    0.00372154      0.999972    -0.0064837       0.36941    0.00146162     0.0064783      0.999978     -0.191703
     0.999992   -0.00376903   -0.00160528     0.0796695    0.00375813       0.99997   -0.00674216       0.38007    0.00163064    0.00673607      0.999976     -0.223714
     0.999992   -0.00375166    -0.0014611     0.0817739    0.00374136      0.999969   -0.00699079      0.399371    0.00148728    0.00698527      0.999974     -0.185703
     0.999991   -0.00388348   -0.00139346     0.0803319    0.00387406       0.99997   -0.00670266      0.391309    0.00141945     0.0066972      0.999977     -0.179846
     0.999991   -0.00404333   -0.00129854     0.0797577    0.00403522      0.999973   -0.00619269      0.367291    0.00132354     0.0061874       0.99998     -0.160667
     0.999992   -0.00377189   -0.00118537     0.0841216    0.00376441      0.999973   -0.00625805       0.40265    0.00120894    0.00625354       0.99998     -0.170533
      0.99999   -0.00421715   -0.00121626     0.0893286    0.00420985      0.999973   -0.00593981      0.383964    0.00124128    0.00593463      0.999982     -0.264107
      0.99999   -0.00429505  -0.000922953     0.0766313    0.00428871      0.999968   -0.00676246      0.405377   0.000951968    0.00675843      0.999977     -0.277243
      0.99999   -0.00427082    -0.0011558     0.0740859    0.00426386      0.999973   -0.00595677      0.348252    0.00118121    0.00595178      0.999982     -0.284046
      0.99999   -0.00428127  -0.000852104     0.0780475    0.00427533      0.999967   -0.00684941       0.38158     0.0008814     0.0068457      0.999976     -0.267845
      0.99999   -0.00431841  -0.000887755     0.0790807    0.00431257       0.99997   -0.00647887      0.365204   0.000915707    0.00647498      0.999979       -0.2758
     0.999991   -0.00425771   -0.00079108     0.0718889    0.00425247       0.99997   -0.00650945      0.377452   0.000818771    0.00650602      0.999979     -0.269202
      0.99999   -0.00437343  -0.000702854     0.0763201    0.00436879       0.99997   -0.00646493      0.364343   0.000731106    0.00646179      0.999979      -0.29296
      0.99999   -0.00441354  -0.000626309     0.0744973    0.00440923      0.999968   -0.00672191      0.374822   0.000655957    0.00671908      0.999977     -0.295583
     0.999989   -0.00457144  -0.000481952     0.0711586    0.00456813      0.999967   -0.00665929      0.356012   0.000512379    0.00665702      0.999978     -0.287538
      0.99999    -0.0044307  -0.000666834      0.077914    0.00442606      0.999967   -0.00680605      0.398376   0.000696967    0.00680303      0.999977      -0.26901
      0.99999   -0.00443752  -0.000621486     0.0769268    0.00443292      0.999964   -0.00721675      0.411367   0.000653488    0.00721392      0.999974     -0.276242
     0.999989   -0.00468238  -0.000965729     0.0732753    0.00467546      0.999964   -0.00704674      0.383226    0.00099869    0.00704215      0.999975     -0.275559
     0.999988   -0.00474778  -0.000743444      0.078413    0.00474199       0.99996   -0.00760562      0.419721   0.000779524    0.00760201      0.999971     -0.288046
     0.999988   -0.00475185  -0.000771638     0.0867984    0.00474629      0.999964   -0.00704745      0.388564   0.000805099    0.00704371      0.999975     -0.267065
     0.999989   -0.00457083  -0.000695053     0.0834104    0.00456567      0.999963   -0.00725769      0.392907   0.000728201    0.00725444      0.999973     -0.270179
     0.999989   -0.00463042  -0.000606686     0.0803716    0.00462603      0.999964   -0.00705726      0.390977   0.000639342    0.00705438      0.999975     -0.283306
     0.999992   -0.00391259  -0.000203581     0.0689726    0.00391106      0.999967   -0.00705885      0.404085   0.000231192      0.007058      0.999975     -0.271256
     0.999994   -0.00340424  -0.000307543     0.0715917    0.00340205      0.999971   -0.00685974      0.407067   0.000330886    0.00685865      0.999976      -0.26171
     0.999991   -0.00416242  -0.000281728     0.0796705    0.00416034      0.999967   -0.00702514      0.392318    0.00031096    0.00702391      0.999975       -0.2439
     0.999991   -0.00429207   0.000178366     0.0794049     0.0042932      0.999967   -0.00687305      0.420058   -0.00014886    0.00687376      0.999976     -0.252994
     0.999991   -0.00417819  -6.35634e-05     0.0807807    0.00417764      0.999967   -0.00703255      0.391811   9.29446e-05    0.00703223      0.999975     -0.266329
     0.999991   -0.00423525   0.000265705      0.079498    0.00423701      0.999966   -0.00703472      0.390853  -0.000235902    0.00703578      0.999975     -0.305287
     0.999992   -0.00392239    0.00018927     0.0744885     0.0039236      0.999969   -0.00687674      0.410897  -0.000162291    0.00687743      0.999976     -0.281893
     0.999992   -0.00394287   9.43794e-05     0.0836915    0.00394343      0.999968   -0.00701117      0.389419  -6.67323e-05    0.00701148      0.999975     -0.288141
     0.999991   -0.00422257   0.000253726     0.0908575    0.00422429      0.999965   -0.00719787      0.411824  -0.000223324    0.00719888      0.999974     -0.309012
     0.999991   -0.00417131   0.000446019     0.0864089    0.00417472       0.99996   -0.00793359      0.442265  -0.000412908    0.00793538      0.999968     -0.289709
     0.999991   -0.00420619   0.000327456     0.0917183    0.00420841      0.999966    -0.0071215       0.38462   -0.00029749    0.00712281      0.999975     -0.320079
     0.999991   -0.00415584   0.000301773     0.0914377    0.00415808      0.999961   -0.00783298      0.430279  -0.000269208    0.00783417      0.999969     -0.315627
      0.99999   -0.00437289   0.000599699      0.103748    0.00437742       0.99996   -0.00778388      0.417093  -0.000565637    0.00778643       0.99997     -0.324737
     0.999989   -0.00451785   0.000860721     0.0988434    0.00452438       0.99996   -0.00773919      0.407238  -0.000825722      0.007743       0.99997     -0.300402
     0.999991   -0.00420178   0.000886885      0.106001    0.00420874      0.999959    -0.0080027      0.397418  -0.000853224    0.00800636      0.999968     -0.310465
     0.999993   -0.00353194    0.00100052     0.0968927    0.00354014      0.999959   -0.00832452      0.424572  -0.000971074      0.008328      0.999965     -0.248865
     0.999992   -0.00374393    0.00135278     0.0975525    0.00375449      0.999962   -0.00789318      0.388087   -0.00132317     0.0078982      0.999968     -0.287245
     0.999992   -0.00379134    0.00130328     0.0930654    0.00380231      0.999956   -0.00851892      0.452139   -0.00127093     0.0085238      0.999963     -0.279802
     0.999994   -0.00330991    0.00114095       0.09134    0.00331882      0.999963   -0.00790506      0.393433   -0.00111475     0.0079088      0.999968     -0.258213
     0.999994   -0.00294391    0.00155498     0.0885659    0.00295615      0.999964   -0.00793447      0.448287   -0.00153157    0.00793902      0.999967     -0.263731
     0.999994   -0.00302254    0.00187622     0.0887589    0.00303621      0.999969   -0.00732691      0.422563   -0.00185401    0.00733256      0.999971     -0.251585
     0.999993   -0.00315092    0.00189932     0.0902337    0.00316571      0.999964    -0.0078312      0.427876   -0.00187458    0.00783716      0.999968     -0.268549
     0.999993   -0.00334505    0.00176543      0.089988    0.00335875      0.999964   -0.00781743      0.433926   -0.00173922     0.0078233      0.999968     -0.305067
     0.999992   -0.00342116    0.00193617     0.0939363    0.00343762      0.999957   -0.00856271      0.474513   -0.00190679     0.0085693      0.999961     -0.358833
     0.999992   -0.00355112    0.00192998     0.0964604    0.00356613      0.999963   -0.00783269      0.435216   -0.00190209    0.00783951      0.999967     -0.328142
     0.999992   -0.00353594    0.00203392     0.0999777    0.00355268      0.999959   -0.00828713      0.476193   -0.00200454    0.00829429      0.999964     -0.330207
     0.999991   -0.00366986    0.00206657      0.103845    0.00368784      0.999955   -0.00876619      0.450219   -0.00203431    0.00877374      0.999959     -0.326225
      0.99999    -0.0039625    0.00216618      0.111093    0.00398238      0.999949   -0.00925083      0.465709   -0.00212942    0.00925936      0.999955     -0.388592
      0.99999   -0.00384257    0.00219941      0.117624    0.00386116      0.999956    -0.0085102      0.427886   -0.00216661     0.0085186      0.999961     -0.445578
      0.99999   -0.00372168    0.00234841      0.109824    0.00374239      0.999954   -0.00887594      0.474105   -0.00231527    0.00888464      0.999958     -0.425605
     0.999992   -0.00320707    0.00220321     0.0971481    0.00322505      0.999961   -0.00820844       0.42095    -0.0021768    0.00821549      0.999964     -0.407133
     0.999993   -0.00317975    0.00209839      0.100296    0.00319853      0.999954   -0.00900577       0.46403   -0.00206966    0.00901242      0.999957     -0.383701
     0.999995   -0.00251926    0.00190291     0.0848765    0.00253584      0.999958   -0.00876421      0.454268   -0.00188075    0.00876899       0.99996     -0.382753
     0.999998   -0.00147604    0.00114658     0.0722768    0.00148564      0.999963   -0.00841454      0.487851   -0.00113412    0.00841623      0.999964     -0.345277
     0.999997   -0.00216534    0.00139475      0.081372    0.00217591      0.999969   -0.00762129      0.460888   -0.00137821     0.0076243       0.99997     -0.355004
     0.999996   -0.00213055    0.00176317     0.0823853    0.00214408      0.999968   -0.00770664      0.459738   -0.00174669    0.00771039      0.999969     -0.341504
     0.999996    -0.0021157    0.00174167     0.0870854    0.00212891      0.999969    -0.0076143      0.438159    -0.0017255    0.00761797      0.999969     -0.335199
     0.999997   -0.00205541     0.0016018     0.0847257    0.00206743      0.999969   -0.00754155      0.458937   -0.00158625    0.00754484       0.99997     -0.239104
     0.999997    -0.0020268    0.00167638     0.0906821    0.00203906      0.999971   -0.00734782       0.43718   -0.00166144    0.00735121      0.999972     -0.260912
     0.999997   -0.00197649    0.00162108     0.0921006     0.0019884      0.999971   -0.00737432      0.444407   -0.00160646    0.00737752      0.999971      -0.26416
     0.999995   -0.00188259    0.00259008     0.0969129    0.00189804       0.99998   -0.00597428      0.448832   -0.00257878    0.00597916      0.999979     -0.230836
     0.999995   -0.00174828    0.00248897     0.0975298    0.00176455      0.999977   -0.00655042      0.449978   -0.00247746    0.00655478      0.999975     -0.199886
     0.999996   -0.00168066    0.00241345      0.103094    0.00169809      0.999972   -0.00723806      0.464419   -0.00240122    0.00724212      0.999971     -0.213583
     0.999995   -0.00173473    0.00246922      0.099381    0.00175145      0.999975   -0.00678373      0.432635    -0.0024574    0.00678802      0.999974     -0.222784
     0.999995   -0.00183135    0.00257359      0.106297    0.00184966      0.999973   -0.00712872      0.461303   -0.00256046    0.00713344      0.999971      -0.24725
     0.999995   -0.00170873    0.00255241     0.0972952    0.00172491      0.999978   -0.00635101      0.419268   -0.00254151    0.00635538      0.999977     -0.213843
     0.999996   -0.00165189    0.00242723     0.0943184    0.00166895      0.999974   -0.00704239      0.442906   -0.00241554    0.00704641      0.999972     -0.238589
     0.999995   -0.00162018    0.00258907     0.0886402    0.00163769      0.999976   -0.00677604      0.420652   -0.00257802    0.00678025      0.999974     -0.231134
     0.999995   -0.00175749    0.00279019     0.0785381    0.00177749      0.999973   -0.00718146      0.436903   -0.00277749    0.00718638       0.99997     -0.222539
     0.999996   -0.00162515    0.00227569      0.079005    0.00163994      0.999977   -0.00651179      0.401302   -0.00226506     0.0065155      0.999976     -0.233685
     0.999996   -0.00164586    0.00244452     0.0852997    0.00166421       0.99997    -0.0075251      0.441216   -0.00243206    0.00752913      0.999969     -0.209977
     0.999996   -0.00153471    0.00251099     0.0824747    0.00155207      0.999975   -0.00692765      0.437115   -0.00250029    0.00693152      0.999973      -0.11844
     0.999995   -0.00178543    0.00277672     0.0883549    0.00180571      0.999972   -0.00731897      0.468406   -0.00276357    0.00732394      0.999969     -0.326648
     0.999994   -0.00204299    0.00274424     0.0922787    0.00206393      0.999969   -0.00764893      0.442703   -0.00272852    0.00765455      0.999967     -0.491304
     0.999994   -0.00198851    0.00281429     0.0999431    0.00200968       0.99997    -0.0075395      0.444988   -0.00279921    0.00754511      0.999968     -0.461063
     0.999994   -0.00210007    0.00291804      0.104737    0.00212282      0.999967   -0.00781777      0.433486   -0.00290153    0.00782391      0.999965       -0.4738
     0.999994   -0.00212565     0.0027164      0.112102    0.00214771      0.999965   -0.00814548      0.456309   -0.00269899    0.00815126      0.999963     -0.451055
     0.999993   -0.00216402    0.00300275      0.118251    0.00218976      0.999961   -0.00859446      0.466035   -0.00298403    0.00860098      0.999959     -0.481392
     0.999993   -0.00216698    0.00289998      0.113672    0.00219125      0.999962   -0.00839176      0.428034   -0.00288168    0.00839806      0.999961     -0.474201
     0.999994   -0.00202983    0.00279757      0.114518    0.00205345      0.999962   -0.00846703      0.458071   -0.00278028    0.00847272       0.99996     -0.461881
     0.999994   -0.00202658    0.00263368      0.119032    0.00204891      0.999962   -0.00850127      0.450969   -0.00261635    0.00850662       0.99996     -0.475161
     0.999993   -0.00241167    0.00286151      0.129682    0.00243743      0.999956   -0.00903179      0.458768    -0.0028396     0.0090387      0.999955     -0.502268
     0.999995   -0.00171655    0.00261341      0.124976    0.00173642      0.999969   -0.00762029      0.438266   -0.00260025    0.00762479      0.999968     -0.502919
     0.999997   -0.00152547    0.00209562      0.126416    0.00154224      0.999967   -0.00802242      0.464627   -0.00208331    0.00802563      0.999966     -0.488235
     0.999993    -0.0025584    0.00257807      0.136723     0.0025806      0.999959   -0.00864744      0.466315   -0.00255584    0.00865403      0.999959     -0.547797
     0.999993    -0.0024612    0.00280057      0.133888     0.0024846      0.999962   -0.00838444      0.439013   -0.00277983    0.00839134      0.999961      -0.52754
     0.999992   -0.00256239    0.00316956      0.131477    0.00258945       0.99996   -0.00856056      0.456246   -0.00314749    0.00856869      0.999958     -0.522236
     0.999991   -0.00292667    0.00298676      0.143732    0.00295094      0.999962   -0.00815444      0.418624   -0.00296278    0.00816319      0.999962     -0.551615
      0.99999   -0.00309033    0.00330668      0.147455    0.00311861      0.999958   -0.00858201      0.435748   -0.00328002    0.00859223      0.999958     -0.574696
     0.999989   -0.00287758    0.00365013      0.143852    0.00290831       0.99996   -0.00844302      0.428784   -0.00362568    0.00845354      0.999958     -0.544381
     0.999989    -0.0026281    0.00399438      0.144952    0.00266232       0.99996    -0.0085849      0.445489   -0.00397165    0.00859544      0.999955     -0.529436
      0.99999   -0.00267695    0.00361964      0.148626    0.00270632      0.999963   -0.00813188      0.409744   -0.00359774    0.00814159       0.99996     -0.539104
      0.99999   -0.00286784     0.0033517      0.160628    0.00289772      0.999956   -0.00894662      0.435454   -0.00332589    0.00895625      0.999954     -0.555778
     0.999989   -0.00305136    0.00353404      0.167365    0.00308356      0.999953   -0.00914163      0.440067   -0.00350598    0.00915243      0.999952     -0.586665
     0.999989   -0.00316215    0.00344687      0.162286    0.00319396      0.999952   -0.00926057      0.447455   -0.00341743    0.00927148      0.999951     -0.638708
      0.99999     -0.003073    0.00324825      0.155644    0.00310087      0.999958   -0.00860791      0.401363   -0.00322166     0.0086179      0.999958      -0.53692
      0.99999   -0.00308135    0.00328816      0.148112    0.00311134      0.999953   -0.00915473       0.45938    -0.0032598    0.00916487      0.999953     -0.535031
     0.999988   -0.00342571    0.00335659      0.148037    0.00345618      0.999953    -0.0091127      0.430348   -0.00332521     0.0091242      0.999953     -0.580885
     0.999987    -0.0035813    0.00363453      0.163037    0.00361642      0.999946   -0.00970176      0.466121   -0.00359959    0.00971477      0.999946     -0.535409
     0.999987   -0.00391376     0.0033078      0.179687    0.00394716      0.999941    -0.0101505      0.452495   -0.00326788     0.0101634      0.999943     -0.590143
     0.999985   -0.00413144    0.00346237       0.17478    0.00416748      0.999937    -0.0104687       0.45392    -0.0034189      0.010483      0.999939     -0.613682
     0.999985   -0.00415179    0.00361498      0.172889    0.00419032      0.999934    -0.0107146      0.456169   -0.00357026     0.0107295      0.999936     -0.616956
     0.999985   -0.00418062    0.00360229      0.171614    0.00421929      0.999933    -0.0107951      0.425002   -0.00355692     0.0108101      0.999935     -0.630969
     0.999985   -0.00430828    0.00343517      0.172501    0.00434739      0.999925    -0.0114603      0.450015   -0.00338554     0.0114751      0.999928     -0.688849
     0.999986   -0.00395144    0.00350748      0.171047    0.00399082      0.999928    -0.0112936      0.461819    -0.0034626     0.0113075       0.99993     -0.671121
     0.999985   -0.00442082    0.00325098      0.170588    0.00445814      0.999923     -0.011563      0.467929   -0.00319961     0.0115773      0.999928     -0.688564
     0.999984   -0.00500617    0.00275786      0.166413    0.00503915      0.999914    -0.0120859      0.441131   -0.00269712     0.0120996      0.999923     -0.871153
     0.999983   -0.00453944     0.0037314      0.162041    0.00458608       0.99991    -0.0125881      0.500195   -0.00367393      0.012605      0.999914     -0.951792
     0.999983   -0.00440231    0.00392041      0.160904     0.0044513      0.999911    -0.0125767      0.461795   -0.00386469      0.012594      0.999913     -0.989318
     0.999979   -0.00471206    0.00434777      0.164515    0.00476964        0.9999    -0.0133284      0.461268   -0.00428453     0.0133489      0.999902      -1.06851
     0.999977   -0.00479454    0.00489379      0.174828    0.00485848      0.999902    -0.0131387      0.423258   -0.00483032     0.0131621      0.999902       -1.1053
     0.999981    -0.0042665    0.00443492      0.170897    0.00432533      0.999902    -0.0133408      0.457229   -0.00437757     0.0133597      0.999901      -1.06677
     0.999983   -0.00440128    0.00390898      0.171603    0.00445337        0.9999    -0.0134198      0.454952   -0.00384952      0.013437      0.999902      -1.07535
     0.999978   -0.00501941    0.00439523      0.182003    0.00508088      0.999888    -0.0140877        0.4753   -0.00432402     0.0141097      0.999891      -1.08159
     0.999978   -0.00498226    0.00434957      0.178233    0.00504073      0.999896     -0.013537      0.415308   -0.00428167     0.0135586      0.999899      -1.12114
     0.999981   -0.00466693    0.00410531      0.180822    0.00472496      0.999887    -0.0142389      0.462616    -0.0040384      0.014258       0.99989      -1.08597
     0.999983   -0.00431822    0.00385666      0.172939    0.00437261       0.99989    -0.0142068      0.483753   -0.00379489     0.0142234      0.999892      -1.08246
     0.999981   -0.00462016    0.00403044      0.169861    0.00467775      0.999885    -0.0143995       0.51691   -0.00396345     0.0144181      0.999888      -1.03247
     0.999982     -0.004639    0.00391455      0.161064    0.00469192      0.999896    -0.0136201      0.435854   -0.00385096     0.0136382        0.9999      -1.06604
     0.999983   -0.00450261     0.0037057      0.168727    0.00455375      0.999893    -0.0139081      0.475897   -0.00364268     0.0139247      0.999896      -1.04199
     0.999982   -0.00458624    0.00383707       0.17456    0.00463842      0.999895     -0.013703      0.462221   -0.00377383     0.0137205      0.999899      -1.07753
     0.999982   -0.00462307    0.00387042       0.17483    0.00467651      0.999892    -0.0139124      0.460962   -0.00380569     0.0139302      0.999896      -1.09545
     0.999984   -0.00442724    0.00359529      0.179832    0.00447644      0.999895    -0.0137939      0.471932   -0.00353384     0.0138098      0.999898      -1.09622
     0.999985    -0.0044029    0.00333326       0.17943     0.0044482      0.999896    -0.0137092      0.445258   -0.00327255     0.0137238        0.9999      -1.19698
     0.999985   -0.00425005    0.00357523      0.176426    0.00430068      0.999889     -0.014274      0.464355   -0.00351417     0.0142891      0.999892       -1.1641
     0.999984   -0.00419722    0.00380371      0.180488    0.00424993      0.999894    -0.0139567      0.432007   -0.00374473     0.0139727      0.999895      -1.15568
     0.999983   -0.00416062    0.00400713       0.18143    0.00421797      0.999887    -0.0144114      0.452665   -0.00394671     0.0144281      0.999888      -1.13669
     0.999984   -0.00423401    0.00386279      0.178014     0.0042875      0.999894    -0.0139458      0.436153   -0.00380333     0.0139621      0.999895         -1.16
     0.999984   -0.00432084    0.00358482       0.18016    0.00437296      0.999883    -0.0146596      0.465584   -0.00352106      0.014675      0.999886      -1.13756
     0.999984   -0.00427256    0.00375443      0.184086    0.00432571      0.999889    -0.0142647       0.44415   -0.00369307     0.0142807      0.999891       -1.1617
     0.999982   -0.00443977    0.00391311      0.187006    0.00449606      0.999885    -0.0144954      0.442114    -0.0038483     0.0145127      0.999887      -1.14894
     0.999983   -0.00446675     0.0038058      0.185718    0.00452282      0.999879    -0.0148531      0.447843     -0.003739     0.0148701      0.999882      -1.16654
     0.999982   -0.00447257    0.00399862      0.190541    0.00453287      0.999874    -0.0152013      0.498405   -0.00393012     0.0152192      0.999876      -1.21086
     0.999982   -0.00434693    0.00406936      0.193158    0.00440276      0.999895    -0.0138118      0.468129    -0.0040089     0.0138295      0.999896      -1.14721
     0.999984   -0.00421348    0.00380554      0.182538    0.00426368      0.999903    -0.0132796      0.493808   -0.00374922     0.0132956      0.999905     -0.898399
     0.999982   -0.00442959    0.00411068      0.190398    0.00448612      0.999894    -0.0138463      0.500071   -0.00404891     0.0138645      0.999896      -1.03831
     0.999982   -0.00418841    0.00437438      0.191182    0.00424891      0.999894     -0.013914      0.483118   -0.00431564     0.0139323      0.999894      -1.02657
      0.99998   -0.00408883     0.0047282      0.195774    0.00415449      0.999894    -0.0139619      0.500371   -0.00467061     0.0139813      0.999891      -1.01684
     0.999979   -0.00423757    0.00487621      0.195512    0.00430325      0.999899    -0.0135389      0.462977   -0.00481835     0.0135596      0.999896      -1.02059
     0.999978   -0.00433486    0.00502879      0.196663    0.00440444      0.999894    -0.0139078      0.486429   -0.00496796     0.0139296      0.999891      -1.03436
     0.999978   -0.00442156    0.00496583      0.192783    0.00448793        0.9999    -0.0134334      0.470489   -0.00490593     0.0134553      0.999897      -1.02784
     0.999979    -0.0044169    0.00479911      0.200018    0.00448504      0.999888    -0.0142829      0.488038   -0.00473548     0.0143041      0.999886       -1.0386
     0.999978   -0.00427782    0.00499018      0.198156    0.00434778      0.999891    -0.0140925      0.483143   -0.00492935     0.0141139      0.999888      -1.03842
     0.999977   -0.00443964    0.00513113       0.20393    0.00451096      0.999892    -0.0139737      0.465117   -0.00506854     0.0139965      0.999889       -1.0268
     0.999977   -0.00449683    0.00514409      0.201336    0.00456723      0.999895    -0.0137566      0.475127   -0.00508169     0.0137798      0.999892      -1.02613
     0.999978   -0.00428535    0.00501581       0.19736    0.00435517      0.999893    -0.0139928      0.487796   -0.00495531     0.0140143       0.99989     -0.993074
     0.999977   -0.00408047    0.00533388      0.189275    0.00415449      0.999894    -0.0139401      0.475683   -0.00527644      0.013962      0.999889      -1.00898
     0.999978   -0.00410683    0.00515995      0.188102    0.00417701      0.999898    -0.0136646      0.468903    -0.0051033     0.0136858      0.999893     -0.997396
     0.999977   -0.00420214    0.00526788      0.185196    0.00427337      0.999899    -0.0135838      0.463111   -0.00521027      0.013606      0.999894       -1.0176
     0.999981   -0.00380576    0.00477225      0.176777    0.00387155      0.999897    -0.0138537      0.469543   -0.00471903     0.0138719      0.999893     -0.987653
     0.999978   -0.00358688    0.00550316      0.177566    0.00366348      0.999896     -0.013973      0.476955   -0.00545247     0.0139928      0.999887      -1.01474
     0.999975   -0.00369601    0.00598898      0.185325    0.00377436      0.999907    -0.0131251      0.426509   -0.00593991     0.0131474      0.999896      -1.03836
     0.999976   -0.00394251    0.00575201      0.187339    0.00401998      0.999901    -0.0135204        0.4543   -0.00569814     0.0135432      0.999892      -1.00893
     0.999975    -0.0040111    0.00582836       0.17371    0.00408389      0.999913    -0.0125317      0.429143   -0.00577759     0.0125552      0.999904     -0.978825
     0.999974   -0.00417115    0.00594818      0.175012    0.00424701      0.999909    -0.0127977      0.459812   -0.00589426     0.0128227        0.9999     -0.966918
     0.999973   -0.00425069    0.00602927       0.19092    0.00432746      0.999909     -0.012778      0.462823   -0.00597441     0.0128038        0.9999     -0.958402
     0.999973   -0.00404196    0.00613411      0.197467    0.00412014       0.99991    -0.0127868      0.454383   -0.00608187     0.0128117      0.999899     -0.929843
     0.999974   -0.00405554    0.00600569      0.197527    0.00413104      0.999912    -0.0126126      0.462917   -0.00595401     0.0126371      0.999902      -0.94044
     0.999974   -0.00414141    0.00592761      0.192992    0.00421526      0.999913       -0.0125      0.457364   -0.00587533     0.0125247      0.999904     -0.944868
     0.999974   -0.00390038    0.00601895      0.186659    0.00397601      0.999913     -0.012605      0.466234   -0.00596926     0.0126286      0.999902     -0.906636
     0.999973   -0.00375498    0.00625854         0.195    0.00383369      0.999913    -0.0126118      0.475972   -0.00621064     0.0126354      0.999901     -0.893411
     0.999972   -0.00403792    0.00636859      0.205373    0.00411895       0.99991    -0.0127622      0.475462   -0.00631648     0.0127881      0.999898     -0.940511
      0.99997   -0.00396456    0.00659434      0.202004    0.00404637      0.999914    -0.0124395      0.436014   -0.00654445     0.0124658      0.999901     -0.928202
     0.999971    -0.0038255    0.00657694      0.193464    0.00390964       0.99991    -0.0128293      0.526012   -0.00652727     0.0128547      0.999896     -0.969043
     0.999974   -0.00313604    0.00654832      0.138567    0.00321163      0.999928    -0.0115649      0.671648   -0.00651158     0.0115857      0.999912     -0.925175
     0.999969   -0.00335825    0.00714687      0.121114    0.00342518       0.99995   -0.00937308      0.384602   -0.00711504    0.00939727      0.999931     -0.777093
     0.999977   -0.00335495    0.00590857      0.105298    0.00340586      0.999957    -0.0086282      0.320992   -0.00587937    0.00864813      0.999945     -0.749247
     0.999979   -0.00353745    0.00544915      0.138896    0.00358754      0.999951    -0.0092095      0.403279   -0.00541631    0.00922885      0.999943     -0.962336
     0.999975   -0.00336745    0.00628927      0.160667    0.00342442      0.999953   -0.00906914      0.396547   -0.00625843    0.00909045      0.999939     -0.961794
     0.999974   -0.00324509    0.00640206      0.163374    0.00330151      0.999956   -0.00882152      0.427807   -0.00637314    0.00884243      0.999941     -0.857063
