# 3dvolreg matrices (DICOM-to-DICOM, row-by-row):
     0.999984   -0.00360529    0.00442782      0.210488    0.00364899      0.999944   -0.00989983      0.569835   -0.00439188    0.00991583      0.999941       -1.0099
     0.999987   -0.00368042    0.00340145      0.189005    0.00371144      0.999951   -0.00915584       0.58127   -0.00336759    0.00916835      0.999952     -0.858312
     0.999987   -0.00350719    0.00373834       0.19813    0.00354175      0.999951   -0.00927854      0.562424   -0.00370561    0.00929166       0.99995     -0.869487
     0.999987   -0.00365459    0.00358718      0.209155    0.00368839      0.999948   -0.00946205      0.588223   -0.00355241    0.00947516      0.999949     -0.891213
     0.999986   -0.00375104    0.00366909      0.207413    0.00378631      0.999946    -0.0096522        0.6112   -0.00363269    0.00966596      0.999947     -0.963198
     0.999986   -0.00360184    0.00396995      0.206057    0.00363979      0.999947   -0.00959342      0.586096   -0.00393518    0.00960774      0.999946      -1.04211
     0.999985   -0.00364207     0.0040237      0.206864    0.00368102      0.999946   -0.00971609      0.579574    -0.0039881    0.00973075      0.999945     -0.998068
     0.999984   -0.00369192    0.00417547      0.206116    0.00373522      0.999939    -0.0104106      0.584031   -0.00413678      0.010426      0.999937      -1.02916
     0.999985   -0.00360754     0.0042401      0.200447    0.00365153      0.999939    -0.0104112      0.554146   -0.00420229     0.0104265      0.999937      -1.04626
     0.999985   -0.00364254    0.00417508       0.20442    0.00368675      0.999937     -0.010631      0.588992   -0.00413609     0.0106462      0.999935      -1.03006
     0.999985   -0.00356503    0.00425157      0.208479    0.00360885       0.99994    -0.0103438      0.573207   -0.00421444      0.010359      0.999937      -1.04245
     0.999984   -0.00362864    0.00424605      0.212738     0.0036721       0.99994    -0.0102731      0.584054   -0.00420852     0.0102886      0.999938      -1.02681
     0.999984    -0.0034388    0.00438972      0.213112    0.00348183      0.999946   -0.00983266      0.584867   -0.00435567    0.00984779      0.999942      -1.02479
     0.999985   -0.00352263    0.00430186      0.216052    0.00356712       0.99994      -0.01038      0.581875   -0.00426504     0.0103952      0.999937       -1.0328
     0.999984   -0.00359986    0.00446582      0.214143    0.00364835      0.999934    -0.0108977      0.619783    -0.0044263     0.0109138      0.999931     -0.980163
     0.999983   -0.00384559    0.00442412      0.212799    0.00389149      0.999938    -0.0104131      0.574974    -0.0043838     0.0104301      0.999936     -0.966458
     0.999984   -0.00369942    0.00435968      0.215649    0.00374549      0.999937    -0.0106086      0.588543   -0.00432016     0.0106247      0.999934     -0.962776
     0.999986   -0.00344149    0.00391331       0.20505    0.00348272      0.999938    -0.0105786      0.606884   -0.00387666     0.0105921      0.999936     -0.947414
     0.999986   -0.00384788     0.0035664      0.207319    0.00388575      0.999935    -0.0106756      0.609076   -0.00352509     0.0106893      0.999937     -0.997033
     0.999986   -0.00359774    0.00378562      0.208966    0.00363942      0.999932    -0.0110614      0.616839   -0.00374556      0.011075      0.999932      -1.10889
     0.999986   -0.00343807    0.00395161      0.214808    0.00348043      0.999936    -0.0107617      0.570064   -0.00391436     0.0107753      0.999934      -1.13414
     0.999984   -0.00322101    0.00473184      0.226174     0.0032719      0.999936    -0.0107855      0.558158    -0.0046968     0.0108008      0.999931      -1.14677
     0.999979   -0.00347379    0.00546386      0.227108    0.00352898      0.999943    -0.0101248      0.548002   -0.00542837     0.0101439      0.999934      -1.20154
     0.999981   -0.00360409    0.00505365      0.231927    0.00365637       0.99994    -0.0103739      0.550837   -0.00501596     0.0103921      0.999933      -1.19252
     0.999981   -0.00342745    0.00504669      0.233436    0.00348172      0.999936    -0.0107854      0.573359    -0.0050094     0.0108028      0.999929      -1.32851
     0.999984    -0.0035573    0.00446609      0.229484     0.0036063      0.999933     -0.011012      0.575447   -0.00442662     0.0110279      0.999929       -1.1828
     0.999982   -0.00368167     0.0046339       0.22342    0.00373161      0.999935    -0.0108157       0.58979   -0.00459378     0.0108328      0.999931      -1.10527
      0.99998   -0.00376267    0.00517025      0.223413    0.00381769      0.999936    -0.0106719      0.583769   -0.00512977     0.0106914       0.99993      -1.11887
      0.99998   -0.00368623     0.0050631      0.222874    0.00374088      0.999934    -0.0108262       0.55831   -0.00502286      0.010845      0.999929      -1.15081
     0.999981   -0.00366336    0.00497884      0.227501    0.00371745      0.999934    -0.0109001      0.558698   -0.00493858     0.0109184      0.999928      -1.16559
     0.999979   -0.00368516    0.00535302      0.235243    0.00374526       0.99993    -0.0112612      0.575881   -0.00531114      0.011281      0.999922      -1.17237
     0.999978    -0.0038331    0.00545247      0.232262    0.00389221      0.999933    -0.0108721      0.538767   -0.00541044      0.010893      0.999926      -1.17249
     0.999979   -0.00378226    0.00524176      0.224542    0.00384035      0.999931    -0.0111184      0.566557   -0.00519934     0.0111383      0.999924      -1.15851
     0.999982   -0.00362965     0.0048723       0.23874    0.00368388      0.999931    -0.0111695      0.540827   -0.00483142     0.0111872      0.999926      -1.19561
     0.999979   -0.00365556    0.00539577      0.227838    0.00371991      0.999921    -0.0119661      0.591255    -0.0053516     0.0119859      0.999914      -1.21713
     0.999975   -0.00383212    0.00587611      0.212565    0.00390071      0.999924    -0.0117058      0.577452   -0.00583081     0.0117285      0.999914      -1.32026
     0.999971   -0.00423881    0.00625167      0.205591    0.00431288       0.99992    -0.0118817      0.594665   -0.00620081     0.0119083       0.99991      -1.29989
      0.99997   -0.00432823    0.00635387       0.20596    0.00439835      0.999929     -0.011064      0.552187   -0.00630553     0.0110916      0.999919      -1.30102
     0.999973   -0.00366401    0.00636429      0.217428    0.00373665      0.999928    -0.0114382      0.574229   -0.00632191     0.0114617      0.999914      -1.28971
     0.999971   -0.00366215    0.00674067      0.205584    0.00373655      0.999932     -0.011058      0.526236   -0.00669971     0.0110829      0.999916      -1.31133
     0.999969   -0.00371592    0.00697885      0.203761    0.00379554      0.999927    -0.0114302      0.571662   -0.00693587     0.0114564       0.99991      -1.28903
     0.999969   -0.00377422    0.00691489      0.205362    0.00384934      0.999933    -0.0108822      0.533019   -0.00687336     0.0109085      0.999917      -1.28847
     0.999972   -0.00360358    0.00654818      0.207978    0.00367716       0.99993    -0.0112598      0.575098   -0.00650715     0.0112835      0.999915      -1.27377
     0.999974   -0.00321121    0.00650384      0.213171    0.00328334      0.999933    -0.0111102      0.526514   -0.00646772     0.0111312      0.999917      -1.37659
     0.999973   -0.00309282    0.00661494      0.213388    0.00317041      0.999926    -0.0117523      0.535669    -0.0065781     0.0117729      0.999909      -1.38301
     0.999973   -0.00341767    0.00646302      0.215969    0.00349145      0.999928    -0.0114394      0.528782   -0.00642347     0.0114617      0.999914       -1.3858
     0.999973   -0.00350548     0.0064279      0.220436    0.00357978      0.999927    -0.0115834      0.540302   -0.00638682     0.0116061      0.999912      -1.37512
     0.999974   -0.00338524    0.00637745      0.219772    0.00345712       0.99993    -0.0112948      0.523165   -0.00633877     0.0113165      0.999916      -1.35724
     0.999977   -0.00322957    0.00595709      0.224302    0.00329896      0.999926    -0.0116755      0.530246   -0.00591895     0.0116949      0.999914      -1.35812
     0.999978   -0.00323784    0.00571099      0.236897    0.00330663      0.999922     -0.012077      0.546481   -0.00567144     0.0120956      0.999911       -1.3246
     0.999977   -0.00324561    0.00602403      0.234983    0.00331607      0.999926    -0.0117231      0.543584   -0.00598553     0.0117428      0.999913      -1.29914
     0.999977   -0.00323915     0.0060184      0.230313    0.00331105      0.999923    -0.0119756      0.557295   -0.00597915     0.0119952       0.99991      -1.25554
     0.999977   -0.00335621    0.00586775      0.228226    0.00342192      0.999931    -0.0112256      0.539498   -0.00582967     0.0112455       0.99992      -1.24142
     0.999978   -0.00337386    0.00569619      0.220115    0.00343749      0.999931    -0.0111977      0.558311   -0.00565802      0.011217      0.999921      -1.21568
     0.999978   -0.00345141    0.00561834      0.224608    0.00351694      0.999925    -0.0116958      0.552568   -0.00557756     0.0117153      0.999916      -1.28765
     0.999978   -0.00340862    0.00567791      0.226907    0.00347611      0.999923    -0.0119181      0.549243   -0.00563685     0.0119376      0.999913      -1.33011
     0.999977   -0.00356257    0.00569013       0.22951     0.0036306      0.999922    -0.0119918       0.54929   -0.00564696     0.0120122      0.999912      -1.35241
     0.999976   -0.00366605    0.00580419      0.236981    0.00373386      0.999924    -0.0117152      0.552217    -0.0057608     0.0117366      0.999915      -1.33084
     0.999977   -0.00371518    0.00568131      0.243275    0.00378145      0.999924    -0.0116984      0.554485   -0.00563742     0.0117196      0.999915      -1.35071
     0.999977   -0.00368293    0.00574245      0.238928    0.00375062      0.999923     -0.011822      0.533238   -0.00569847     0.0118433      0.999914      -1.39979
     0.999973   -0.00363204    0.00641107      0.233518    0.00371078      0.999917    -0.0123139      0.558267   -0.00636582     0.0123374      0.999904      -1.41925
     0.999972   -0.00367511    0.00644258      0.238683    0.00375023      0.999925    -0.0116871      0.517918   -0.00639915     0.0117109      0.999911      -1.42263
     0.999976   -0.00356483    0.00599316      0.252148    0.00363803      0.999918    -0.0122478      0.549566   -0.00594901     0.0122693      0.999907      -1.39088
     0.999976   -0.00366165    0.00596071      0.253039    0.00373257      0.999922    -0.0119309      0.544035   -0.00591655     0.0119528      0.999911      -1.38717
     0.999976   -0.00374113     0.0059055      0.254853    0.00381196       0.99992    -0.0120275      0.553274   -0.00586003     0.0120497       0.99991      -1.35514
     0.999976   -0.00375798    0.00583601      0.256026    0.00382611      0.999924    -0.0117081      0.535865   -0.00579156     0.0117301      0.999914      -1.36992
     0.999976   -0.00376469    0.00578438      0.256806    0.00383187      0.999925    -0.0116457      0.542703    -0.0057401     0.0116676      0.999915       -1.3712
     0.999977   -0.00385212    0.00556919      0.265263    0.00391727      0.999923    -0.0117351      0.527464   -0.00552356     0.0117566      0.999916      -1.40805
     0.999976   -0.00380919     0.0057862      0.260726    0.00387714      0.999923     -0.011777      0.535152   -0.00574089     0.0117992      0.999914      -1.43566
     0.999976   -0.00380347    0.00586423      0.254822    0.00387605      0.999915    -0.0124167      0.539263   -0.00581651     0.0124392      0.999906      -1.57092
     0.999974   -0.00384062    0.00613752      0.258134    0.00391947      0.999909    -0.0128876       0.53459   -0.00608747     0.0129113      0.999898      -1.57944
     0.999975   -0.00386014    0.00589921      0.255795    0.00393509      0.999911    -0.0127471      0.530805   -0.00584948       0.01277      0.999901      -1.61034
     0.999976   -0.00389627    0.00576457      0.259138    0.00396887      0.999912    -0.0126366      0.517962   -0.00571483     0.0126591      0.999904      -1.64186
     0.999975   -0.00368567    0.00606676      0.259944     0.0037656      0.999906    -0.0132175       0.53783   -0.00601748       0.01324      0.999894      -1.61272
     0.999976   -0.00356614    0.00590805      0.260566    0.00364395      0.999906    -0.0132129      0.524448   -0.00586037     0.0132341      0.999895      -1.69668
     0.999975    -0.0037179    0.00608947      0.286783      0.003803      0.999894    -0.0140242      0.583942   -0.00603669      0.014047      0.999883       -1.9777
     0.999985   -0.00338885    0.00424588      0.242161     0.0034397      0.999922    -0.0120274      0.559135   -0.00420479     0.0120418      0.999919      -1.55313
     0.999984   -0.00285241    0.00480399      0.225952    0.00290775      0.999929    -0.0115532      0.587234   -0.00477069     0.0115669      0.999922      -1.34863
     0.999981   -0.00267779    0.00563107      0.239315    0.00274372      0.999927    -0.0117336      0.625457   -0.00559924     0.0117488      0.999915       -1.3917
     0.999979   -0.00292926     0.0058145      0.236666     0.0029964      0.999929    -0.0115723      0.595206   -0.00578018     0.0115895      0.999916      -1.41617
     0.999978   -0.00294123    0.00598425      0.235188    0.00301156      0.999926    -0.0117786      0.614541   -0.00594916     0.0117964      0.999913      -1.38887
     0.999977   -0.00303288    0.00607352       0.24559    0.00310417      0.999926    -0.0117625      0.581438    -0.0060374     0.0117811      0.999912      -1.45621
     0.999975   -0.00295037    0.00643648      0.253374     0.0030277      0.999923    -0.0120377      0.610247   -0.00640047     0.0120569      0.999907      -1.45231
     0.999976   -0.00291928     0.0063497       0.25243    0.00299442      0.999925    -0.0118554      0.543348   -0.00631461     0.0118741       0.99991      -1.47118
     0.999975   -0.00292872    0.00649729      0.251417    0.00300715      0.999922    -0.0120944      0.592787   -0.00646137     0.0121136      0.999906       -1.4398
     0.999975   -0.00307195    0.00634628      0.252363    0.00314677      0.999925    -0.0118141      0.574382   -0.00630951     0.0118338       0.99991      -1.45297
     0.999976   -0.00300077    0.00630794      0.260987    0.00307623      0.999923    -0.0119862      0.604784   -0.00627148     0.0120053      0.999908      -1.41141
     0.999975   -0.00303292    0.00644623      0.253995    0.00310878      0.999926    -0.0117902      0.582441   -0.00640999     0.0118099       0.99991      -1.38973
     0.999973   -0.00308947    0.00670433      0.255239    0.00316957      0.999923      -0.01197      0.583031   -0.00666683     0.0119909      0.999906      -1.37514
     0.999973   -0.00310105    0.00672864      0.264759    0.00318013      0.999926     -0.011774      0.577709   -0.00669163      0.011795      0.999908      -1.38005
     0.999974   -0.00323048    0.00649169      0.265706    0.00330649      0.999926    -0.0117337      0.575795    -0.0064533     0.0117548       0.99991      -1.36979
     0.999972   -0.00325366    0.00678909       0.26797    0.00333562      0.999921    -0.0120961      0.598305   -0.00674919     0.0121184      0.999904      -1.38593
     0.999969   -0.00311029    0.00724755      0.269088    0.00319387      0.999928    -0.0115499       0.56314   -0.00721111     0.0115727      0.999907      -1.39009
     0.999972    -0.0030905    0.00686937      0.269546    0.00317434       0.99992    -0.0122272      0.576454   -0.00683103     0.0122486      0.999902      -1.39444
     0.999975   -0.00297517    0.00638937      0.260521    0.00304818       0.99993    -0.0114478      0.593502   -0.00635486      0.011467      0.999914      -1.26317
     0.999973   -0.00304679    0.00665658      0.263449     0.0031262      0.999924    -0.0119508       0.61846   -0.00661966     0.0119713      0.999906      -1.27148
      0.99997   -0.00323294    0.00697401      0.262144    0.00331598      0.999923    -0.0119291      0.576746   -0.00693491     0.0119519      0.999905      -1.40393
     0.999973   -0.00308906     0.0066622      0.263833    0.00317092      0.999919    -0.0123116      0.604895   -0.00662363     0.0123324      0.999902       -1.4283
     0.999973   -0.00310179    0.00666969       0.25858    0.00318414      0.999918    -0.0123731      0.580754   -0.00663077      0.012394      0.999901      -1.47453
     0.999972   -0.00326676    0.00669022      0.252892    0.00335101      0.999915    -0.0126199      0.584746   -0.00664842      0.012642      0.999898      -1.47305
     0.999973   -0.00340741    0.00648393      0.246819    0.00348837      0.999916    -0.0125163      0.576596   -0.00644074     0.0125386      0.999901      -1.48983
     0.999971   -0.00323095    0.00688631      0.249752    0.00331516      0.999919    -0.0122533      0.582836   -0.00684616     0.0122757      0.999901      -1.46777
     0.999971   -0.00322139    0.00684453      0.259557    0.00330862      0.999913    -0.0127707      0.581878   -0.00680279     0.0127929      0.999895      -1.49458
      0.99997   -0.00317008     0.0070886      0.259756    0.00326026      0.999913    -0.0127463      0.574639   -0.00704758      0.012769      0.999894      -1.48839
      0.99997   -0.00329497    0.00697216       0.26423    0.00338883      0.999903    -0.0134936      0.610292   -0.00692702     0.0135168      0.999885      -1.52758
      0.99997   -0.00350114    0.00696092      0.266812    0.00359633        0.9999    -0.0137089      0.601298   -0.00691223     0.0137336      0.999882      -1.56793
     0.999969   -0.00353296    0.00701015      0.266682    0.00363293      0.999891    -0.0142995      0.594137   -0.00695887     0.0143245      0.999873      -1.58441
     0.999968   -0.00350858    0.00713266      0.267116    0.00360933      0.999893    -0.0141622      0.596133    -0.0070822     0.0141875      0.999874      -1.63574
     0.999967   -0.00341151     0.0074197      0.263126    0.00352013      0.999886    -0.0146756      0.578836   -0.00736879     0.0147012      0.999865      -1.64974
     0.999965   -0.00345055    0.00762352       0.26174    0.00356217      0.999886    -0.0146775      0.593404   -0.00757201     0.0147041      0.999863       -1.6557
     0.999966   -0.00342084    0.00743792      0.260048    0.00352659      0.999892    -0.0142525      0.581892   -0.00738836     0.0142783      0.999871      -1.64024
     0.999968   -0.00339638     0.0072121       0.26016    0.00350026       0.99989    -0.0144401      0.590989   -0.00716226     0.0144648       0.99987      -1.63961
      0.99997   -0.00319134    0.00706775      0.248485    0.00329877      0.999878     -0.015241      0.598698   -0.00701825     0.0152638      0.999859      -1.66887
     0.999965   -0.00342986    0.00761276      0.248005    0.00354832      0.999872    -0.0156022      0.624204   -0.00755828     0.0156286      0.999849      -1.65583
     0.999969   -0.00355941    0.00699876      0.259593     0.0036679      0.999872    -0.0155507      0.592146   -0.00694251     0.0155759      0.999855      -1.67574
     0.999974   -0.00344332    0.00636594      0.270749    0.00354767      0.999858     -0.016454      0.660651   -0.00630838     0.0164761      0.999844      -1.62207
     0.999974   -0.00340404    0.00635554      0.268318    0.00350424      0.999869    -0.0158216       0.58544   -0.00630085     0.0158434      0.999855      -1.64918
     0.999971   -0.00336543    0.00679066      0.264956    0.00347459      0.999864    -0.0161275      0.603252   -0.00673546     0.0161507      0.999847      -1.65302
     0.999971   -0.00331682    0.00688436      0.269512    0.00342568      0.999868    -0.0158609      0.598085   -0.00683085     0.0158841      0.999851      -1.65482
      0.99997    -0.0031917    0.00706472      0.274898    0.00330544      0.999864    -0.0161469      0.605901   -0.00701223     0.0161698      0.999845      -1.67333
     0.999971    -0.0030611     0.0069854      0.272455    0.00317138       0.99987    -0.0158312      0.622603   -0.00693603     0.0158529       0.99985      -1.64418
     0.999971   -0.00325582    0.00686246       0.27603     0.0033665      0.999863    -0.0161781      0.614802   -0.00680885     0.0162007      0.999846      -1.65708
     0.999972   -0.00324328    0.00674898      0.271335    0.00335172      0.999864     -0.016119      0.611506   -0.00669578     0.0161412      0.999847      -1.63022
     0.999971   -0.00307177    0.00691444      0.268084    0.00318793      0.999853    -0.0168521      0.634607   -0.00686166     0.0168737      0.999834       -1.6213
     0.999975   -0.00265795    0.00661712       0.26225    0.00276033      0.999876    -0.0155121      0.603561   -0.00657507       0.01553      0.999858      -1.60618
     0.999979   -0.00255267    0.00589134        0.2537    0.00264503      0.999873    -0.0157237      0.610777   -0.00585045      0.015739      0.999859      -1.70164
      0.99999   -0.00174327    0.00414837      0.265534    0.00180942       0.99987    -0.0159963      0.581118   -0.00411994     0.0160036      0.999863      -1.74337
     0.999987     -0.001985    0.00462984      0.265098    0.00206064      0.999864    -0.0163909      0.606306   -0.00459668     0.0164002      0.999855      -1.77552
     0.999985   -0.00277884    0.00472145      0.278975      0.002856      0.999861    -0.0164141      0.578745   -0.00467518     0.0164273      0.999854      -1.71295
     0.999987   -0.00250153     0.0045314      0.273434    0.00257857      0.999851    -0.0170768       0.58875     -0.004488     0.0170882      0.999844      -1.63238
     0.999989   -0.00222118    0.00416334      0.246808     0.0022892      0.999863    -0.0164069       0.60184   -0.00412633     0.0164163      0.999857       -1.4662
      0.99999   -0.00212094    0.00390666      0.239804    0.00218307       0.99987    -0.0159682      0.596907   -0.00387229     0.0159766      0.999865       -1.2978
      0.99999   -0.00217506    0.00390914      0.243568    0.00223817      0.999866    -0.0162137      0.631865   -0.00387335     0.0162223      0.999861      -1.30161
     0.999991   -0.00207547    0.00365671      0.245771    0.00213428      0.999867    -0.0161516      0.599916   -0.00362271     0.0161593      0.999863      -1.43165
     0.999991   -0.00210391    0.00356266      0.254545    0.00216436      0.999852    -0.0170489      0.639464   -0.00352627     0.0170564      0.999848      -1.47886
     0.999991    -0.0022188    0.00357414      0.266969    0.00227948      0.999852    -0.0170639      0.602289   -0.00353575     0.0170719      0.999848      -1.61211
      0.99999   -0.00208878    0.00387016      0.279198    0.00215561      0.999847     -0.017344      0.629276   -0.00383334     0.0173522      0.999842      -1.59796
     0.999989    -0.0022001     0.0041321      0.290359    0.00226858      0.999859    -0.0166404      0.585332   -0.00409491     0.0166496      0.999853      -1.59466
     0.999988   -0.00184068    0.00463179      0.282595    0.00192278       0.99984    -0.0177849      0.634144   -0.00459831     0.0177936      0.999831      -1.56491
     0.999989   -0.00166942    0.00436545      0.288373    0.00174252      0.999857    -0.0167942      0.601017   -0.00433679     0.0168016      0.999849      -1.58367
     0.999989   -0.00159281    0.00438226      0.289989    0.00166734      0.999853     -0.017057      0.637156   -0.00435444     0.0170641      0.999845       -1.5775
      0.99999   -0.00146208    0.00433068      0.284316    0.00153483      0.999857    -0.0168439      0.601235   -0.00430543     0.0168504      0.999849      -1.57629
     0.999991   -0.00143876    0.00400967      0.275659    0.00150658      0.999855    -0.0169638      0.609871   -0.00398468     0.0169697      0.999848      -1.56339
     0.999991   -0.00146304    0.00393047      0.284073    0.00153043      0.999851    -0.0171981      0.608069   -0.00390472      0.017204      0.999844      -1.60681
     0.999989   -0.00194138    0.00419676      0.287051    0.00201178      0.999856    -0.0168369      0.610788   -0.00416347     0.0168451      0.999849      -1.68155
      0.99999   -0.00160465    0.00416674       0.28694    0.00167456      0.999857    -0.0168302      0.618318   -0.00413914      0.016837       0.99985      -1.66521
      0.99999   -0.00148853    0.00424556      0.283832    0.00156105      0.999852    -0.0171277      0.614758   -0.00421944     0.0171341      0.999844      -1.64385
     0.999986   -0.00193019    0.00492829      0.278179    0.00201345      0.999854    -0.0169455      0.640453   -0.00489487     0.0169551      0.999844      -1.67119
     0.999986   -0.00254114    0.00466072      0.288567    0.00261909      0.999856    -0.0167963      0.617033   -0.00461737     0.0168082      0.999848      -1.66102
     0.999983   -0.00276533     0.0050818      0.303875    0.00285222      0.999849      -0.01717      0.632125   -0.00503355     0.0171842       0.99984       -1.6877
     0.999982   -0.00252451    0.00544713      0.300918    0.00261504      0.999858    -0.0166764      0.610824   -0.00540425     0.0166904      0.999846      -1.65565
      0.99998   -0.00254631    0.00583212      0.297919    0.00264479      0.999853      -0.01694      0.620182   -0.00578813     0.0169551      0.999839      -1.66336
     0.999979   -0.00250954    0.00589196      0.292261    0.00260536      0.999864     -0.016312      0.619171   -0.00585022      0.016327       0.99985      -1.60709
     0.999978   -0.00236441    0.00620404      0.294328    0.00246637      0.999861    -0.0164796      0.621804   -0.00616421     0.0164945      0.999845      -1.61878
     0.999988   -0.00325033    0.00360126      0.253045    0.00330911      0.999859    -0.0164365      0.656576   -0.00354733     0.0164482      0.999858         -1.61
      0.99999   -0.00408441    0.00153542      0.234079     0.0041099      0.999847     -0.016984       0.68663   -0.00146581     0.0169901      0.999855      -1.64675
     0.999988   -0.00416531    0.00243274      0.247735    0.00420512      0.999853    -0.0165967      0.663205   -0.00236325     0.0166067      0.999859      -1.69014
     0.999986   -0.00357136    0.00397119      0.271874    0.00363746      0.999853    -0.0167651      0.664982   -0.00391073     0.0167793      0.999852      -1.72116
     0.999983   -0.00316244    0.00490465      0.274324    0.00324096      0.999865    -0.0160847      0.626892   -0.00485312     0.0161003      0.999859      -1.69989
     0.999985   -0.00322373    0.00442903      0.283242    0.00329749      0.999854    -0.0167485      0.651885   -0.00437439     0.0167629       0.99985      -1.64708
     0.999984    -0.0032398    0.00455965      0.285256    0.00331443      0.999859    -0.0164554      0.637827    -0.0045057     0.0164702      0.999854      -1.66093
     0.999986   -0.00365185    0.00385031      0.262704    0.00371587      0.999853    -0.0167525      0.660642   -0.00378856     0.0167666      0.999852      -1.64667
     0.999987   -0.00406191    0.00294616      0.252621    0.00410899      0.999861     -0.016152      0.669131   -0.00288014     0.0161639      0.999865      -1.66404
     0.999986   -0.00412751    0.00317393       0.26603    0.00417896      0.999857      -0.01638      0.708878   -0.00310587     0.0163931      0.999861      -1.64237
     0.999984   -0.00443009    0.00346127      0.262508    0.00448549      0.999859     -0.016164      0.694831   -0.00338917     0.0161793      0.999863      -1.67152
     0.999984   -0.00469035    0.00309195      0.257929    0.00473792      0.999868    -0.0155625      0.710579   -0.00301855     0.0155769      0.999874      -1.60265
     0.999984    -0.0045097    0.00351819      0.257508    0.00456377      0.999869    -0.0155144       0.68134   -0.00344776     0.0155302      0.999873       -1.6526
     0.999984   -0.00415865     0.0037554      0.247859    0.00421716      0.999868    -0.0157094      0.665366   -0.00368957      0.015725       0.99987      -1.65402
     0.999985   -0.00423341    0.00336388      0.246336    0.00428684      0.999862    -0.0160391      0.696428   -0.00329551     0.0160533      0.999866       -1.7034
     0.999985   -0.00442199    0.00308987      0.253268    0.00446938       0.99987    -0.0155015      0.674638   -0.00302092     0.0155151      0.999875      -1.76303
     0.999984   -0.00416362    0.00371092        0.2538    0.00422171      0.999866    -0.0157858      0.698936    -0.0036447     0.0158012      0.999869      -1.74984
     0.999983   -0.00428335    0.00394725      0.246092    0.00434142      0.999881    -0.0148207      0.673801    -0.0038833     0.0148376      0.999882      -1.65813
     0.999985   -0.00395337    0.00388549      0.229299    0.00400902      0.999888    -0.0144186       0.69402   -0.00382805      0.014434      0.999888      -1.51997
     0.999986   -0.00407289     0.0033967      0.233646    0.00412366      0.999878    -0.0150762      0.719488   -0.00333488       0.01509      0.999881      -1.62388
     0.999985   -0.00396792    0.00382154      0.225479     0.0040266      0.999872    -0.0154725      0.709427   -0.00375966     0.0154876      0.999873      -1.67013
     0.999984   -0.00415086    0.00373087      0.229443    0.00420967      0.999865    -0.0158947       0.74014   -0.00366439     0.0159102      0.999867      -1.66207
     0.999986   -0.00388112     0.0035762      0.212134    0.00393275      0.999886    -0.0145465      0.691034   -0.00351934     0.0145603      0.999888         -1.47
     0.999988   -0.00341778    0.00352242      0.197915    0.00346883      0.999888    -0.0145887      0.716854   -0.00347216     0.0146007      0.999887      -1.40226
     0.999987      -0.00382    0.00352076      0.205208    0.00387148      0.999884    -0.0147342      0.713784   -0.00346407     0.0147476      0.999885      -1.51499
     0.999986   -0.00379926     0.0036976      0.203828    0.00385478      0.999878    -0.0151261      0.725966   -0.00363968     0.0151401      0.999879         -1.52
     0.999987   -0.00384874    0.00330134      0.202562    0.00389685      0.999884    -0.0146944      0.710231    -0.0032444     0.0147071      0.999887      -1.53737
     0.999988   -0.00398127    0.00288661      0.218344    0.00402377      0.999881    -0.0148698      0.725743   -0.00282706     0.0148813      0.999885      -1.45798
     0.999987   -0.00413895    0.00313971      0.226854     0.0041848      0.999883    -0.0147416      0.733252   -0.00307833     0.0147546      0.999886      -1.46866
     0.999986   -0.00416264    0.00329207      0.229185    0.00421045      0.999884    -0.0146538      0.719797   -0.00323068     0.0146674      0.999887      -1.49231
     0.999986   -0.00424223    0.00318978       0.22656    0.00428842      0.999884    -0.0146155      0.721844   -0.00312741      0.014629      0.999888      -1.55375
     0.999986   -0.00422303    0.00304469      0.222533    0.00426743      0.999882    -0.0147243      0.725322   -0.00298215     0.0147371      0.999887      -1.57424
     0.999984   -0.00406655    0.00395498       0.21739     0.0041258      0.999878     -0.015091      0.717581   -0.00389313     0.0151071      0.999878       -1.5542
     0.999983   -0.00369523     0.0045983      0.224116    0.00376164      0.999888    -0.0145195      0.714163   -0.00454413     0.0145366      0.999884      -1.52731
     0.999984    -0.0035136     0.0043683      0.231405    0.00357787      0.999884    -0.0147927      0.731313   -0.00431582     0.0148081      0.999881      -1.56943
     0.999985   -0.00372204    0.00392152      0.233889    0.00377715      0.999893    -0.0141395      0.688947   -0.00386847     0.0141541      0.999892      -1.55996
     0.999985   -0.00375187    0.00395561      0.227003    0.00380935      0.999886    -0.0146242      0.698088   -0.00390029     0.0146391      0.999885      -1.57516
     0.999985   -0.00364221    0.00406796      0.222447    0.00370103      0.999887    -0.0145467      0.697953   -0.00401452     0.0145615      0.999886      -1.57067
     0.999984   -0.00377659    0.00420475      0.225088    0.00383817      0.999884    -0.0147342       0.70626   -0.00414862     0.0147501      0.999883      -1.54376
     0.999985    -0.0036276    0.00404667      0.214474    0.00368487      0.999892    -0.0142345      0.685774    -0.0039946     0.0142492       0.99989      -1.50853
     0.999986   -0.00347685    0.00388542      0.207981    0.00353601      0.999876     -0.015323      0.717653   -0.00383167     0.0153365      0.999875      -1.59192
     0.999986   -0.00359372    0.00389289      0.211697    0.00365215      0.999879    -0.0151086      0.705427   -0.00383812     0.0151227      0.999878       -1.6034
     0.999985   -0.00359462    0.00407146      0.209022    0.00365666      0.999876    -0.0153343      0.728495   -0.00401584      0.015349      0.999874      -1.58412
     0.999986   -0.00377894    0.00381758      0.217389    0.00383435      0.999886    -0.0146135       0.70054   -0.00376192     0.0146279      0.999886      -1.57933
     0.999985   -0.00390482    0.00396298      0.229172    0.00396368       0.99988    -0.0149542      0.732316   -0.00390411     0.0149697       0.99988      -1.55177
     0.999984   -0.00372421    0.00425954      0.232646    0.00378519      0.999889    -0.0143989      0.699349   -0.00420544     0.0144148      0.999887      -1.52603
     0.999984   -0.00387836    0.00423535      0.237453    0.00394283      0.999875    -0.0153221      0.748228    -0.0041754     0.0153385      0.999874       -1.6067
     0.999982   -0.00432394    0.00414648       0.23363    0.00438344      0.999886    -0.0144494      0.698065   -0.00408353     0.0144673      0.999887      -1.63231
     0.999985   -0.00406828    0.00367353      0.233179    0.00411956      0.999893    -0.0140594      0.676835   -0.00361593     0.0140744      0.999894      -1.58836
     0.999989   -0.00354152    0.00315663      0.239396    0.00358757      0.999885    -0.0147041       0.66668   -0.00310419     0.0147152      0.999887      -1.62684
     0.999986   -0.00373866    0.00372122      0.252189    0.00379694      0.999868      -0.01578      0.712691   -0.00366174     0.0157939      0.999869      -1.73497
     0.999986   -0.00388038    0.00359526      0.259841    0.00393382       0.99988    -0.0149765        0.6747   -0.00353672     0.0149904      0.999881      -1.72217
     0.999986   -0.00381497    0.00362977      0.263149    0.00387048      0.999874    -0.0154111      0.719778   -0.00357052      0.015425      0.999875      -1.73054
     0.999987   -0.00390518    0.00320566      0.265067    0.00395246      0.999882    -0.0148771       0.68899   -0.00314718     0.0148896      0.999884      -1.74886
     0.999988   -0.00384283    0.00314369      0.277027     0.0038908      0.999874    -0.0153982      0.733885   -0.00308412     0.0154102      0.999876      -1.75689
     0.999988   -0.00379209    0.00323212      0.279904     0.0038408      0.999877    -0.0151991       0.70398   -0.00317409     0.0152113      0.999879      -1.77521
     0.999987   -0.00396578    0.00313985      0.282832    0.00401519      0.999866    -0.0158877      0.727961   -0.00307642     0.0159001      0.999869      -1.77401
     0.999986   -0.00417978    0.00309886      0.283482    0.00422641      0.999876     -0.015197      0.686229   -0.00303496     0.0152099       0.99988      -1.76733
