# 3dvolreg matrices (DICOM-to-DICOM, row-by-row):
     0.999987   -0.00480284    0.00173061      0.265137    0.00482807      0.999878    -0.0148856      0.884715    -0.0016589     0.0148938      0.999888      -1.94277
     0.999989   -0.00408648     0.0021272      0.257308    0.00411563      0.999895     -0.013885      0.901267   -0.00207023     0.0138936      0.999901      -1.84681
     0.999988   -0.00428259    0.00235901      0.256525     0.0043149      0.999895    -0.0138672      0.858839   -0.00229937     0.0138772      0.999901      -1.88106
     0.999989   -0.00425463    0.00219581      0.261656    0.00428596      0.999886    -0.0144693      0.885665     -0.002134     0.0144785      0.999893      -1.88923
     0.999986   -0.00509271    0.00164623      0.278465    0.00511702      0.999873    -0.0151151      0.872095   -0.00156904     0.0151233      0.999884      -1.88915
     0.999985    -0.0051117    0.00182395      0.288841    0.00513908      0.999869    -0.0153322      0.918761   -0.00174534     0.0153414      0.999881      -1.85078
     0.999984   -0.00529343    0.00176326      0.296593    0.00532033      0.999864     -0.015622      0.891776   -0.00168033     0.0156312      0.999876      -1.89518
     0.999984   -0.00539742    0.00174691      0.299978     0.0054249      0.999855    -0.0161309      0.921209   -0.00165959     0.0161401      0.999868      -1.89685
     0.999984    -0.0053534    0.00184212      0.293652    0.00538041      0.999873    -0.0149864      0.862261   -0.00176165     0.0149961      0.999886      -1.90715
     0.999984   -0.00542654    0.00180293      0.293959     0.0054541      0.999863    -0.0156527      0.916134   -0.00171775     0.0156622      0.999876      -1.90863
     0.999984   -0.00529646    0.00175594      0.285901    0.00532258       0.99987    -0.0152196      0.863311    -0.0016751     0.0152287      0.999883      -1.92713
     0.999984   -0.00544785    0.00157176      0.299465    0.00547228      0.999857    -0.0159783      0.914182   -0.00148449     0.0159866      0.999871      -1.91949
     0.999984   -0.00533495    0.00190482      0.302692     0.0053648      0.999857    -0.0160222      0.881424   -0.00181907     0.0160322       0.99987      -1.93581
     0.999985   -0.00492532    0.00222235      0.297539    0.00496023       0.99986    -0.0159848      0.897678   -0.00214331     0.0159956       0.99987      -1.94086
     0.999985   -0.00506112    0.00218692      0.294194    0.00509511      0.999862    -0.0158279      0.881206   -0.00210651     0.0158388      0.999872      -1.94402
     0.999985   -0.00513832    0.00212097       0.29669    0.00517188      0.999856    -0.0161339      0.883513   -0.00203776     0.0161446      0.999868      -1.91665
     0.999986   -0.00500756    0.00197597      0.303105    0.00503991      0.999847     -0.016721      0.872148   -0.00189193     0.0167307      0.999858      -1.92686
     0.999987   -0.00467391    0.00225982      0.307468    0.00471082      0.999851    -0.0166165      0.887176   -0.00218182     0.0166269      0.999859      -1.91722
     0.999987   -0.00450828    0.00227778      0.311347    0.00454492      0.999856    -0.0163477      0.879893   -0.00220376     0.0163578      0.999864      -1.95413
     0.999988   -0.00449881    0.00209242      0.310134    0.00453281      0.999853    -0.0165425      0.898413   -0.00201769     0.0165518      0.999861      -1.95642
     0.999987   -0.00449144    0.00254278      0.311821    0.00453329       0.99985     -0.016701      0.891409   -0.00246739     0.0167123      0.999857      -1.97956
     0.999986   -0.00459705    0.00255713      0.304929    0.00463826      0.999856    -0.0163523      0.868384   -0.00248159      0.016364      0.999863      -1.99842
     0.999987   -0.00456907    0.00212647       0.31531    0.00460385      0.999851    -0.0166464      0.876858   -0.00205009      0.016656      0.999859      -1.96708
     0.999987   -0.00443961    0.00238393      0.308365    0.00447916      0.999848    -0.0168501      0.892321   -0.00230876     0.0168606      0.999855      -1.95716
     0.999988   -0.00445472    0.00203732      0.299438    0.00448496      0.999876    -0.0150834      0.978054   -0.00196988     0.0150924      0.999884      -1.81237
     0.999987   -0.00476752    0.00161248      0.279375    0.00478839      0.999901    -0.0131983      0.895376    -0.0015494     0.0132058      0.999912      -1.74392
     0.999987   -0.00488744    0.00133212      0.271879    0.00490573      0.999889     -0.014087      0.882475   -0.00126313     0.0140934        0.9999       -1.8438
     0.999987   -0.00511945   0.000720683      0.277894     0.0051291      0.999888    -0.0140846      0.910286  -0.000648496     0.0140881      0.999901      -1.81536
     0.999988   -0.00495624   0.000460529      0.273887    0.00496226      0.999888    -0.0141513      0.888218   -0.00039034     0.0141534        0.9999      -1.80416
     0.999987   -0.00502577   0.000991328      0.273962    0.00504048      0.999868    -0.0154375      0.921306  -0.000913612     0.0154423       0.99988      -1.88891
     0.999986   -0.00509952    0.00127965       0.27812     0.0051187      0.999867    -0.0154552      0.921492   -0.00120067     0.0154615       0.99988      -1.90418
     0.999986   -0.00512227   0.000999484      0.275778    0.00513684      0.999872    -0.0151662      0.890351   -0.00092167     0.0151711      0.999884      -1.95238
     0.999986   -0.00511576    0.00140894      0.272831    0.00513716      0.999865    -0.0156308      0.923125   -0.00132879     0.0156379      0.999877      -1.96181
     0.999986   -0.00501737    0.00147619      0.274432    0.00503994      0.999864    -0.0157067      0.919693   -0.00139718     0.0157139      0.999876      -1.99742
     0.999988   -0.00465474    0.00127881        0.2755    0.00467533      0.999851    -0.0166006      0.906909   -0.00120135     0.0166064      0.999861      -1.99499
     0.999986   -0.00504346    0.00141166      0.281343    0.00506726      0.999836    -0.0173938      0.945794   -0.00132371     0.0174007      0.999848       -1.9993
     0.999986   -0.00516542    0.00147521      0.277348    0.00518941      0.999846    -0.0167502      0.904401   -0.00138847     0.0167576      0.999859       -1.9667
     0.999987   -0.00499387    0.00120311      0.271552    0.00501279      0.999855    -0.0162782      0.870111   -0.00112164      0.016284      0.999867      -1.95974
     0.999984   -0.00505514    0.00238702      0.279718     0.0050951      0.999842    -0.0170434      0.913436   -0.00230048     0.0170553      0.999852       -1.9775
     0.999983   -0.00527989    0.00256238      0.292766    0.00532324      0.999838    -0.0172196      0.927796   -0.00247105     0.0172329      0.999848      -2.01192
     0.999983   -0.00527839    0.00254633      0.290949    0.00532106       0.99984     -0.017053      0.903909   -0.00245591     0.0170662      0.999851      -2.02322
     0.999982   -0.00553246    0.00228685      0.296658    0.00557258      0.999824    -0.0179269       0.91786   -0.00218727     0.0179393      0.999837      -2.05501
     0.999982    -0.0055321    0.00224719      0.293758    0.00557128      0.999826    -0.0178241       0.89675    -0.0021482     0.0178363      0.999839        -2.062
     0.999983   -0.00550379    0.00191014      0.288593    0.00553673      0.999828    -0.0176933      0.936801   -0.00181244     0.0177036      0.999842      -2.03834
     0.999984   -0.00547697    0.00165107      0.284473     0.0055042      0.999841     -0.016964      0.922105    -0.0015579     0.0169728      0.999855      -2.03301
     0.999984   -0.00532245    0.00168147      0.276749     0.0053505      0.999839    -0.0171436      0.911145   -0.00158995     0.0171523      0.999852      -2.09384
     0.999984   -0.00547948    0.00139306      0.278292     0.0055021      0.999844    -0.0167905      0.949542   -0.00130084     0.0167979      0.999858      -2.04416
     0.999983   -0.00552188    0.00166774      0.285583    0.00554911      0.999844    -0.0167891      0.905787   -0.00157478      0.016798      0.999858      -2.08509
     0.999984   -0.00540286    0.00194669      0.288743     0.0054356      0.999837     -0.017227      0.905321   -0.00185329     0.0172373       0.99985       -2.1252
     0.999983   -0.00546948    0.00183557      0.292543    0.00550117      0.999828    -0.0177312      0.914954   -0.00173827      0.017741      0.999841      -2.13102
     0.999984   -0.00540439    0.00166472      0.288775     0.0054328      0.999831    -0.0175637      0.905515   -0.00156952     0.0175724      0.999844      -2.14118
     0.999984   -0.00530725    0.00201497      0.290088    0.00534323      0.999818    -0.0182908      0.944933   -0.00191753     0.0183013      0.999831      -2.16053
     0.999983   -0.00539906    0.00220197      0.291223    0.00543834      0.999819    -0.0182406      0.921753   -0.00210309     0.0182523      0.999831       -2.2185
     0.999983   -0.00546569    0.00190551      0.290512    0.00549925      0.999821    -0.0180773      0.950993   -0.00180636     0.0180875      0.999835      -2.11253
     0.999983   -0.00549382    0.00194569      0.292011    0.00552856      0.999817    -0.0183203      0.928828   -0.00184468     0.0183307       0.99983      -2.15483
     0.999983   -0.00548702    0.00216014      0.298335    0.00552611      0.999813    -0.0185249      0.949313   -0.00205809     0.0185365      0.999826      -2.17427
     0.999982   -0.00547206    0.00233364       0.29243     0.0055127      0.999827     -0.017779      0.908148   -0.00223595     0.0177915      0.999839      -2.19192
     0.999983   -0.00541438    0.00205935      0.299974    0.00545125      0.999817    -0.0183407      0.929919   -0.00195967     0.0183516       0.99983      -2.18174
     0.999982   -0.00545922    0.00233439      0.297514    0.00550098      0.999818    -0.0182743      0.922689    -0.0022342     0.0182868       0.99983      -2.20435
     0.999981   -0.00558822    0.00242898      0.300171    0.00563224      0.999813     -0.018512      0.938606   -0.00232508     0.0185254      0.999826      -2.18805
     0.999981   -0.00563483    0.00249973      0.305745    0.00567958      0.999817    -0.0182718       0.92246   -0.00239631     0.0182857       0.99983      -2.19206
     0.999981   -0.00571159    0.00224844      0.308853    0.00575203      0.999814    -0.0184135      0.953068   -0.00214285     0.0184261      0.999828      -2.18954
     0.999982   -0.00557919    0.00238924      0.305589    0.00562163       0.99982    -0.0181416      0.931707   -0.00228759     0.0181547      0.999833      -2.18854
     0.999981   -0.00561531    0.00257617      0.302869    0.00566151      0.999817    -0.0182901      0.946219     -0.002473     0.0183044      0.999829      -2.19281
     0.999982   -0.00569023    0.00203819      0.298606    0.00572726       0.99981    -0.0186486      0.928756   -0.00193169       0.01866      0.999824        -2.212
     0.999982   -0.00557283    0.00225432      0.300851    0.00561409      0.999809    -0.0187274      0.914252   -0.00214952     0.0187397      0.999822      -2.20469
     0.999981   -0.00588441    0.00201239      0.308478    0.00592155      0.999802    -0.0189734      0.931752   -0.00190034      0.018985      0.999818       -2.2277
     0.999978   -0.00652557    0.00110924      0.304208    0.00654622      0.999783      -0.01976      0.933839  -0.000980057     0.0197669      0.999804      -2.25311
     0.999978   -0.00667005   0.000656365      0.313632    0.00668211      0.999767    -0.0205094      0.942837  -0.000519414     0.0205133      0.999789      -2.29201
     0.999978   -0.00650853    0.00104469      0.318829    0.00652886      0.999762      -0.02081      0.961699  -0.000908996     0.0208163      0.999783      -2.28532
     0.999979   -0.00638029    0.00129739      0.316972    0.00640569      0.999767     -0.020617      0.938975   -0.00116555     0.0206249      0.999787      -2.30455
     0.999979   -0.00630525    0.00142096      0.317602    0.00633293      0.999772    -0.0204007       0.92131     -0.001292     0.0204093      0.999791      -2.30706
     0.999979   -0.00621798    0.00155412      0.323624    0.00624913      0.999762    -0.0209138      0.949802   -0.00142371      0.020923       0.99978      -2.29709
     0.999979   -0.00634848    0.00155939      0.317373    0.00637927      0.999767    -0.0206007      0.922896   -0.00142825     0.0206102      0.999787      -2.31385
     0.999978   -0.00638735    0.00151383      0.325201    0.00641785      0.999757    -0.0210842      0.940215   -0.00137879     0.0210935      0.999777      -2.31351
     0.999978   -0.00653061    0.00131278      0.320527    0.00655754      0.999743    -0.0216831      0.913153   -0.00117084     0.0216913      0.999764        -2.376
     0.999982   -0.00590203     0.0012953      0.314476    0.00592939      0.999735    -0.0222461      0.944652   -0.00116366     0.0222533      0.999752      -2.37324
     0.999983   -0.00574093    0.00139701      0.305611    0.00576953      0.999754    -0.0214095      0.927382   -0.00127376     0.0214172       0.99977      -2.37067
     0.999978   -0.00644549    0.00131031      0.314614    0.00647267      0.999739    -0.0219247      0.943682   -0.00116865     0.0219327      0.999759       -2.3628
     0.999978   -0.00651616    0.00143251      0.320328    0.00654634      0.999733    -0.0221809      0.923982   -0.00128759     0.0221898      0.999753      -2.46439
     0.999978   -0.00643164    0.00169876      0.322711    0.00646893      0.999716    -0.0229369      0.956945   -0.00155076     0.0229474      0.999735      -2.59843
      0.99998   -0.00623081    0.00127307      0.301961    0.00625696      0.999745    -0.0216861      0.922893   -0.00113762     0.0216936      0.999764      -2.38975
     0.999979   -0.00633311    0.00116162      0.297988    0.00635683      0.999744    -0.0217012      0.952507   -0.00102388     0.0217082      0.999764      -2.23248
     0.999979   -0.00633651    0.00120883      0.300739    0.00636102      0.999749    -0.0214851      0.951122   -0.00107239     0.0214924      0.999768      -2.20042
     0.999979   -0.00622784    0.00158978      0.306534    0.00626073      0.999747     -0.021598      0.956854   -0.00145486     0.0216076      0.999765      -2.17232
     0.999978   -0.00647236    0.00155295      0.314825     0.0065045      0.999744    -0.0216664      0.951709   -0.00141232      0.021676      0.999764      -2.24047
     0.999977   -0.00661136    0.00156827       0.31622    0.00664398       0.99974    -0.0217956      0.970134   -0.00142376     0.0218055      0.999761       -2.2282
     0.999977   -0.00652125    0.00159704      0.316681    0.00655375      0.999752    -0.0212652      0.932061   -0.00145797     0.0212752      0.999773      -2.24002
      0.99998   -0.00617758    0.00158014      0.313851    0.00621067      0.999741    -0.0218739      0.980182    -0.0014446     0.0218833      0.999759      -2.28678
      0.99998    -0.0060813    0.00150081      0.311626    0.00611208      0.999752    -0.0214315      0.958414    -0.0013701     0.0214402      0.999769       -2.1992
      0.99998   -0.00608126    0.00154936      0.310526    0.00611272      0.999757    -0.0211857      0.962147   -0.00142014     0.0211947      0.999774       -2.1658
      0.99998   -0.00603571    0.00171155       0.30947    0.00607035      0.999761     -0.021014      0.967237    -0.0015843      0.021024      0.999778      -2.19578
     0.999982   -0.00566795    0.00187634      0.309416    0.00570529      0.999773    -0.0205328      0.933507   -0.00175953     0.0205431      0.999787      -2.18088
     0.999983   -0.00557865    0.00158321      0.307201    0.00561016      0.999771    -0.0206467       0.97654   -0.00146766     0.0206552      0.999786      -2.17343
     0.999982   -0.00576979    0.00185568       0.30707    0.00580719      0.999766    -0.0208283      0.947897   -0.00173507     0.0208387      0.999781      -2.22993
     0.999984   -0.00545008    0.00172754      0.298704    0.00548643      0.999748    -0.0217876      0.979007   -0.00160836     0.0217967      0.999761      -2.22902
     0.999983   -0.00567817    0.00110387      0.294597    0.00569968      0.999772    -0.0205748      0.934281  -0.000986794     0.0205807      0.999788      -2.16839
     0.999983   -0.00569134    0.00108421      0.309761    0.00571291      0.999762    -0.0210484         1.042  -0.000964163     0.0210543      0.999778      -2.02915
     0.999985   -0.00518715    0.00163569      0.294079    0.00521786      0.999799    -0.0193629       0.99649   -0.00153493     0.0193711      0.999811      -1.97325
     0.999984   -0.00521032    0.00210473       0.29599    0.00524771      0.999821    -0.0181669      0.913595    -0.0020097     0.0181776      0.999833      -2.08617
     0.999983    -0.0053349    0.00234767      0.302013    0.00537712      0.999817    -0.0183616      0.940939   -0.00224928     0.0183739      0.999829      -2.09626
     0.999982   -0.00557181    0.00215257      0.307689    0.00561188      0.999802    -0.0190813      0.942341   -0.00204583     0.0190931      0.999816      -2.16892
     0.999984   -0.00531222    0.00212903      0.310385    0.00535288      0.999794    -0.0195728      0.953304   -0.00202462     0.0195839      0.999806      -2.16053
     0.999983   -0.00543938    0.00226139      0.313992    0.00548202      0.999799    -0.0192964      0.946755   -0.00215598     0.0193085      0.999811      -2.19133
     0.999983   -0.00542253    0.00235024      0.321484     0.0054665      0.999802    -0.0191276      0.969733   -0.00224605     0.0191401      0.999814      -2.15083
     0.999983   -0.00538568    0.00241784      0.318315     0.0054316      0.999797    -0.0194085      0.911333   -0.00231282     0.0194213      0.999809      -2.23081
     0.999982   -0.00537479    0.00261144      0.326955    0.00542628      0.999783    -0.0201269      0.968744   -0.00250269     0.0201407      0.999794      -2.21537
     0.999982   -0.00545013    0.00247651      0.317737    0.00549642      0.999803    -0.0190844      0.874786     -0.002372     0.0190977      0.999815      -2.22785
     0.999983   -0.00538856    0.00243555      0.326347    0.00543614      0.999786     -0.019973      0.951998    -0.0023274     0.0199859      0.999798      -2.20671
     0.999982   -0.00549682    0.00238723      0.324717     0.0055421      0.999797    -0.0193926      0.899203   -0.00228014     0.0194055      0.999809      -2.22402
     0.999982    -0.0054291     0.0023894       0.32822    0.00547563      0.999787    -0.0199171      0.938793   -0.00228076     0.0199299      0.999799      -2.22463
     0.999983   -0.00542812    0.00223669      0.320528    0.00547075      0.999795    -0.0195172      0.928283   -0.00213029     0.0195291      0.999807      -2.18561
     0.999983    -0.0050743    0.00282684      0.320396    0.00512841      0.999797    -0.0194769      0.942666   -0.00272743      0.019491      0.999806      -2.17172
     0.999984   -0.00513033    0.00254952      0.311823    0.00517786      0.999806    -0.0190004      0.928089   -0.00245155     0.0190133      0.999816      -2.15258
     0.999984   -0.00514687    0.00215449       0.31558    0.00518764      0.999799    -0.0193659      0.953947   -0.00205438     0.0193767       0.99981      -2.13953
     0.999985   -0.00487123    0.00244124      0.312952    0.00491536      0.999819    -0.0184067      0.965791   -0.00235113     0.0184184      0.999828      -2.14051
     0.999985   -0.00473622    0.00275068      0.317647    0.00478422      0.999832    -0.0177122      0.972728   -0.00266633     0.0177251      0.999839      -2.10063
     0.999985   -0.00469682    0.00280646      0.318527    0.00474465      0.999839    -0.0172846      0.932429   -0.00272483     0.0172976      0.999847      -2.11204
     0.999984   -0.00474808    0.00295683      0.329044    0.00480057      0.999826     -0.018004      0.948242   -0.00287083      0.018018      0.999834      -2.10781
     0.999984   -0.00491103    0.00295615      0.333544    0.00496427      0.999821    -0.0182797       0.94665   -0.00286585     0.0182941      0.999829      -2.13311
     0.999984   -0.00482334    0.00282902      0.328124     0.0048735      0.999826    -0.0179994      0.934498   -0.00274171     0.0180129      0.999834      -2.10872
     0.999984   -0.00481124    0.00284408      0.327434     0.0048632      0.999816    -0.0185537      0.970112   -0.00275429     0.0185673      0.999824      -2.08532
     0.999983   -0.00493941    0.00306337      0.320391    0.00499323      0.999829    -0.0178177       0.93567   -0.00297483     0.0178327      0.999837       -2.1583
     0.999984   -0.00472536    0.00296601      0.320173    0.00477761      0.999829    -0.0178614      0.956774    -0.0028811     0.0178753      0.999836      -2.16603
     0.999985     -0.004707    0.00296185      0.318009    0.00475842      0.999834    -0.0176001      0.925409   -0.00287851     0.0176139      0.999841      -2.16206
     0.999985   -0.00462877    0.00306873      0.331803    0.00468423      0.999821    -0.0183167      0.962959   -0.00298339     0.0183308      0.999828      -2.21145
     0.999983   -0.00491572    0.00327013      0.327819    0.00497369      0.999826    -0.0179623      0.924849   -0.00318126     0.0179782      0.999833      -2.25615
     0.999982   -0.00491439    0.00335624      0.328688    0.00497642      0.999812    -0.0187314      0.970655   -0.00326356     0.0187478      0.999819      -2.24587
     0.999983   -0.00489062    0.00332172      0.331085    0.00495036      0.999822    -0.0182232      0.958288   -0.00323201     0.0182393      0.999828      -2.26029
     0.999982    -0.0047908    0.00361497      0.335768    0.00485516      0.999826    -0.0180082      0.944414   -0.00352806     0.0180254      0.999831      -2.26156
     0.999982   -0.00499747     0.0034157      0.334214    0.00505812      0.999826    -0.0179829      0.938989   -0.00332523     0.0179998      0.999832      -2.26695
     0.999982   -0.00503224    0.00325619       0.32992    0.00508947      0.999828    -0.0178121      0.939421   -0.00316599     0.0178283      0.999836       -2.2549
     0.999984   -0.00459797    0.00319301      0.310213    0.00464907      0.999858    -0.0161833      0.937412   -0.00311815     0.0161979      0.999864      -2.21209
     0.999984   -0.00465088    0.00328086      0.315084    0.00470449      0.999852    -0.0165268      0.954312   -0.00320351      0.016542      0.999858      -2.28847
     0.999983   -0.00480069    0.00343171      0.314009    0.00485501       0.99986    -0.0159973      0.938956   -0.00335443     0.0160137      0.999866      -2.35946
     0.999983   -0.00468164    0.00345527      0.310209    0.00473366      0.999873    -0.0152028      0.898416   -0.00338366     0.0152189      0.999878      -2.11148
     0.999982   -0.00465523    0.00369657      0.315753    0.00471289      0.999865    -0.0157453      0.937562   -0.00362277     0.0157624      0.999869      -2.10071
     0.999981   -0.00467222      0.004034      0.319458    0.00473346      0.999872    -0.0153091      0.898167   -0.00396195     0.0153279      0.999875      -2.12864
     0.999981   -0.00475554    0.00391564      0.322857     0.0048167      0.999864    -0.0157621      0.936073   -0.00384015     0.0157806      0.999868      -2.13119
     0.999982   -0.00458809    0.00387218      0.312053    0.00464982       0.99986    -0.0160863      0.925159   -0.00379784      0.016104      0.999863      -2.16585
     0.999991   -0.00325081    0.00272844      0.288648    0.00329431      0.999865    -0.0160946       1.00631   -0.00267576     0.0161034      0.999867      -1.69026
     0.999993   -0.00344788     0.0017622      0.314006    0.00347576      0.999865    -0.0160735      0.993545   -0.00170654     0.0160795      0.999869      -1.57236
     0.999988   -0.00421677    0.00250434      0.327988     0.0042614      0.999827    -0.0180915       1.00422   -0.00242762     0.0181019      0.999833      -2.04316
     0.999989   -0.00409984    0.00233438      0.322911    0.00414088      0.999832    -0.0178558      0.954347   -0.00226078     0.0178653      0.999838      -2.05162
     0.999988     -0.004143    0.00270019      0.337847    0.00419218      0.999821    -0.0184699      0.986181   -0.00262319      0.018481      0.999826      -2.06828
     0.999988   -0.00381543    0.00307663      0.332261    0.00387117      0.999825    -0.0183177      0.954248    -0.0030062     0.0183294      0.999827      -2.05919
     0.999988   -0.00385912    0.00311519      0.338015    0.00391608      0.999821    -0.0184903      0.972705   -0.00304328     0.0185023      0.999824       -2.0731
     0.999986   -0.00409191    0.00324677      0.339577    0.00415126       0.99982     -0.018488      0.967012   -0.00317054     0.0185012      0.999824      -2.08337
     0.999986    -0.0039692    0.00340253      0.344336     0.0040326      0.999815    -0.0188312      0.971098   -0.00332716     0.0188446      0.999817       -2.0369
     0.999986   -0.00408692    0.00325834      0.328095    0.00414569      0.999825    -0.0182363      0.946948   -0.00318324     0.0182495      0.999828      -2.06493
     0.999986   -0.00408959    0.00334164      0.330564    0.00415132      0.999817    -0.0186816      0.970348   -0.00326463     0.0186953       0.99982      -2.06204
     0.999985   -0.00398904    0.00370558      0.335402     0.0040571       0.99982     -0.018546      0.940419   -0.00363093     0.0185607      0.999821      -2.07683
     0.999985   -0.00401072    0.00385674      0.337313    0.00408217      0.999817    -0.0187005      0.953722   -0.00378103     0.0187159      0.999818      -2.07448
     0.999985   -0.00430391    0.00349356      0.351783    0.00436875      0.999814     -0.018771      0.939551   -0.00341213     0.0187859      0.999818      -2.09009
     0.999985    -0.0043762    0.00336134       0.35074    0.00443976      0.999807    -0.0191387      0.939365   -0.00327694     0.0191534      0.999811       -2.1015
     0.999985   -0.00434864    0.00346331      0.355686    0.00441532        0.9998    -0.0194845      0.968205   -0.00337789     0.0194995      0.999804      -2.10839
     0.999983   -0.00454284    0.00355619       0.35534    0.00460893      0.999813    -0.0188033      0.927997    -0.0034701     0.0188194      0.999817      -2.10464
     0.999984   -0.00443148    0.00347876      0.367291     0.0044989      0.999797    -0.0196185      0.978586   -0.00339112     0.0196338      0.999801      -2.09315
     0.999985   -0.00436977    0.00322366      0.350399    0.00443001      0.999811    -0.0189224      0.950791   -0.00314037     0.0189364      0.999816      -2.08522
     0.999988   -0.00430933    0.00251171      0.342326    0.00435764      0.999799     -0.019553      0.979499   -0.00242694     0.0195637      0.999806      -2.07519
     0.999987   -0.00446893    0.00232553      0.339501    0.00451343        0.9998    -0.0194949      0.952535   -0.00223795     0.0195052      0.999807      -2.09709
     0.999986   -0.00458266    0.00276426      0.351759    0.00463728      0.999787    -0.0200879      0.959287   -0.00267161     0.0201005      0.999794      -2.08627
     0.999985   -0.00468341      0.002939      0.350336    0.00473971        0.9998    -0.0194484      0.925717   -0.00284733      0.019462      0.999807      -2.14945
     0.999985   -0.00466371     0.0028731      0.352023    0.00472039      0.999788    -0.0200457      0.967806     -0.002779     0.0200589      0.999795      -2.10852
     0.999985   -0.00473624    0.00288354      0.351582    0.00479387      0.999782    -0.0203172       0.94126   -0.00278668     0.0203307      0.999789      -2.19053
     0.999985   -0.00472551    0.00286032      0.350613    0.00478305      0.999779    -0.0204565      0.954078   -0.00276302     0.0204699      0.999787      -2.23625
     0.999985   -0.00483755    0.00255913      0.351005    0.00488934      0.999775    -0.0206328      0.944903   -0.00245874      0.020645      0.999784      -2.24526
     0.999985   -0.00492435    0.00234231      0.348352    0.00497159      0.999775    -0.0206112       0.92701   -0.00224029     0.0206225      0.999785      -2.23859
     0.999985   -0.00484279    0.00265674       0.35014    0.00489754      0.999767    -0.0210028      0.976547   -0.00255441     0.0210155      0.999776      -2.22357
     0.999983   -0.00498291      0.002928      0.357778    0.00504194      0.999777    -0.0205131      0.938883   -0.00282513     0.0205275      0.999785      -2.21521
     0.999984   -0.00502298    0.00258771      0.366001    0.00507691      0.999761    -0.0212745      0.943429   -0.00248023     0.0212873       0.99977      -2.20948
     0.999984   -0.00499722    0.00268928      0.363128     0.0050533      0.999761    -0.0212652      0.948149   -0.00258237     0.0212784       0.99977      -2.21531
     0.999983   -0.00503783    0.00276633      0.361771    0.00509551      0.999761    -0.0212543      0.952327   -0.00265859     0.0212681       0.99977      -2.20257
     0.999984   -0.00498132    0.00274993      0.363828    0.00503759       0.99977    -0.0208487      0.957609   -0.00264545     0.0208622      0.999779      -2.19146
     0.999985   -0.00512961     0.0019904       0.36709    0.00517053      0.999763    -0.0211321      0.947093   -0.00188153      0.021142      0.999775      -2.23033
     0.999984   -0.00539486    0.00143306      0.377469    0.00542539      0.999738    -0.0222331      0.955662   -0.00131274     0.0222405      0.999752      -2.28811
     0.999982   -0.00587911   0.000710508      0.354411    0.00589324      0.999743    -0.0218686      0.950559  -0.000581758     0.0218724      0.999761      -2.32689
     0.999982    -0.0059288   0.000174614      0.349275    0.00593123      0.999732    -0.0223753      0.954472  -4.19078e-05      0.022376       0.99975      -2.32691
     0.999982   -0.00595255   0.000667235      0.362575    0.00596613      0.999726    -0.0226335      0.952328  -0.000532325     0.0226371      0.999744      -2.32939
     0.999982   -0.00594526   0.000998099      0.365941    0.00596587      0.999738    -0.0221103      0.957028  -0.000866385     0.0221159      0.999755      -2.29444
     0.999982   -0.00588505   0.000969819      0.371597    0.00590539      0.999729    -0.0225148      0.960692  -0.000837056     0.0225202      0.999746      -2.31341
     0.999982   -0.00575592    0.00139619      0.371234    0.00578526      0.999741     -0.022009      0.967049   -0.00126915     0.0220167      0.999757      -2.27695
     0.999983     -0.005286    0.00232778      0.367588    0.00533227      0.999779    -0.0203425      0.973921   -0.00221973     0.0203545       0.99979      -2.19711
     0.999985   -0.00517644    0.00201493      0.358209    0.00521574      0.999786    -0.0200148      0.948808   -0.00191089      0.020025      0.999798      -2.16522
     0.999986   -0.00503434    0.00182127      0.359742    0.00507072      0.999776    -0.0205551      0.994819   -0.00171738      0.020564      0.999787      -2.16467
     0.999986   -0.00494131    0.00209638      0.360916    0.00498318      0.999778    -0.0204615      0.983181    -0.0019948     0.0204716      0.999788      -2.15471
     0.999985   -0.00487411    0.00242266       0.37041     0.0049234      0.999772    -0.0207727       1.02368   -0.00232086     0.0207843      0.999781      -2.14635
      0.99999   -0.00433837     0.0014443      0.339142    0.00436501       0.99981    -0.0189808      0.956732   -0.00136168     0.0189869      0.999819      -1.87719
     0.999992   -0.00400735   0.000611738       0.31876    0.00401823      0.999812    -0.0189638       1.00445  -0.000535628     0.0189661       0.99982      -1.73133
     0.999988   -0.00479292    0.00110126      0.334335    0.00481413      0.999786    -0.0201372        1.0394   -0.00100451     0.0201423      0.999797      -2.21377
     0.999985   -0.00519206    0.00161874      0.370966    0.00522447      0.999772    -0.0207011      0.962288   -0.00151089     0.0207092      0.999784      -2.35697
     0.999985   -0.00504963     0.0019619      0.369761    0.00508695      0.999797    -0.0195068      0.967242     -0.001863     0.0195165      0.999808       -2.2238
     0.999986   -0.00503372      0.001899      0.370688    0.00506923      0.999803    -0.0191796      0.992311   -0.00180208      0.019189      0.999814       -2.1637
     0.999984   -0.00484949    0.00273951       0.39072    0.00490252      0.999794    -0.0196932       1.05131   -0.00264344     0.0197063      0.999802      -2.16448
     0.999983   -0.00489343    0.00320597      0.389025    0.00495636      0.999789    -0.0199251      0.997426    -0.0031078     0.0199406      0.999796      -2.28704
      0.99998   -0.00499161    0.00383326       0.39859    0.00507094      0.999767    -0.0209721       1.02833   -0.00372769     0.0209911      0.999773      -2.32147
      0.99998   -0.00515017     0.0035725      0.383613    0.00522243      0.999776    -0.0205223      0.986799   -0.00346601     0.0205405      0.999783      -2.33095
     0.999981    -0.0048936    0.00370876      0.382731    0.00496874      0.999777    -0.0205283       1.00911   -0.00360747     0.0205463      0.999782       -2.3104
      0.99998   -0.00508491    0.00384075      0.387727    0.00516173      0.999781    -0.0202629       0.99384   -0.00373688     0.0202823      0.999787        -2.319
     0.999978   -0.00503656    0.00432953      0.392825    0.00512539      0.999771    -0.0207564        1.0087     -0.004224     0.0207781      0.999775      -2.30662
     0.999978   -0.00520197    0.00408608      0.386935    0.00528314      0.999784    -0.0201128      0.984574   -0.00398057     0.0201339      0.999789      -2.35858
     0.999979   -0.00513529    0.00388003      0.376026    0.00520872      0.999803    -0.0191573      0.943426   -0.00378089     0.0191771      0.999809      -2.34914
     0.999978   -0.00511786    0.00410422      0.378812    0.00519705      0.999796    -0.0195235      0.960206   -0.00400346     0.0195444      0.999801      -2.36481
      0.99998    -0.0053409    0.00337093      0.388172    0.00540587      0.999794    -0.0195679      0.980297   -0.00326572     0.0195857      0.999803        -2.313
     0.999982    -0.0050098    0.00331359      0.388909    0.00507241      0.999803    -0.0191635       1.01114   -0.00321693       0.01918      0.999811      -2.27098
     0.999984   -0.00459985     0.0033271      0.368268    0.00465965      0.999824    -0.0181946      0.988352   -0.00324282     0.0182098      0.999829      -2.25738
     0.999984   -0.00472137     0.0030375       0.37714    0.00477859      0.999806    -0.0191155      0.998502   -0.00294666     0.0191298      0.999813      -2.26509
     0.999984   -0.00467806    0.00326382      0.384742    0.00473925      0.999808    -0.0189987      0.958592   -0.00317432     0.0190138      0.999814      -2.25953
     0.999982   -0.00470669    0.00365209      0.405529    0.00477529      0.999808    -0.0190075       1.00406   -0.00356193     0.0190246      0.999813      -2.25653
     0.999981   -0.00454922    0.00416065      0.399276    0.00462442      0.999823    -0.0182469      0.961107   -0.00407691     0.0182658      0.999825      -2.26075
     0.999977   -0.00409914    0.00543121      0.385508    0.00419744      0.999825    -0.0182143       1.07616   -0.00535559     0.0182367      0.999819      -2.05273
     0.999973   -0.00413825    0.00601521       0.34237    0.00424329      0.999837    -0.0175558       1.10609   -0.00594158     0.0175809      0.999828      -1.91715
