 0 0 0 0 0 0 0 0 0 0 0 0 0 0 0 0
 0 0 0 0 0 0 0 0 0 0 0 0 0 0 0 0
 0 0 0 0 0 0 0 0 0 0 0 0 0 0 0 0
 0 0 0 0 0 0 0 0 0 0 0 0 0 0 0 0
 0 0 0 0 0 0 0 0 0 0 0 0 0 0 0 0
 0.19509 0.382683 0.55557 0.707107 0.83147 0.92388 0.980785 1 0 0 0 0 0 0 0 0
 0.382683 0.707107 0.92388 1 0.92388 0.707107 0.382683 -8.74228e-08 0 0 0 0 0 0 0 0
 0.55557 0.92388 0.980785 0.707107 0.19509 -0.382683 -0.831469 -1 0 0 0 0 0 0 0 0
 0.707107 1 0.707107 -8.74228e-08 -0.707107 -1 -0.707107 1.74846e-07 0 0 0 0 0 0 0 0
 0.83147 0.92388 0.19509 -0.707107 -0.980785 -0.382683 0.55557 1 0 0 0 0 0 0 0 0
 0.92388 0.707107 -0.382683 -1 -0.382683 0.707107 0.92388 -2.38498e-08 0 0 0 0 0 0 0 0
 0.980785 0.382683 -0.83147 -0.707107 0.55557 0.923879 -0.19509 -1 0 0 0 0 0 0 0 0
 1 -8.74228e-08 -1 1.74846e-07 1 -2.38498e-08 -1 3.49691e-07 0 0 0 0 0 0 0 0
 0.980785 -0.382683 -0.831469 0.707107 0.55557 -0.92388 -0.195091 1 0 0 0 0 0 0 0 0
 0.92388 -0.707107 -0.382683 1 -0.382684 -0.707107 0.92388 -6.75532e-07 0 0 0 0 0 0 0 0
 0.83147 -0.92388 0.195091 0.707106 -0.980785 0.382684 0.55557 -1 0 0 0 0 0 0 0 0
 0.902197 -0.617317 1.26268 0.707107 0.124363 1.92388 0.273679 1 0 0 0 0 0 0 0 0
 0.938254 -0.216773 1.90466 0.292893 1.11897 1.08979 -0.448787 1 0 0 0 0 0 0 0 0
 0.938254 0.216773 1.90466 -0.292893 1.11897 -1.08979 -0.448787 -1 0 0 0 0 0 0 0 0
 0.902197 0.617317 1.26268 -0.707107 0.124363 -1.92388 0.273679 -1 0 0 0 0 0 0 0 0
 0.83147 0.92388 0.19509 -0.707107 -0.980785 -0.382683 0.55557 1 0 0 0 0 0 0 0 0
 0.92388 0.707107 -0.382683 -1 -0.382683 0.707107 0.92388 -2.38498e-08 0 0 0 0 0 0 0 0
 0.980785 0.382683 -0.83147 -0.707107 0.55557 0.923879 -0.19509 -1 0 0 0 0 0 0 0 0
 1 -8.74228e-08 -1 1.74846e-07 1 -2.38498e-08 -1 3.49691e-07 0 0 0 0 0 0 0 0
 0.980785 -0.382683 -0.831469 0.707107 0.55557 -0.92388 -0.195091 1 0 0 0 0 0 0 0 0
 0.92388 -0.707107 -0.382683 1 -0.382684 -0.707107 0.92388 -6.75532e-07 0 0 0 0 0 0 0 0
 0.83147 -0.92388 0.195091 0.707106 -0.980785 0.382684 0.55557 -1 0 0 0 0 0 0 0 0
 0.707107 -1 0.707107 -2.38498e-08 -0.707107 1 -0.707106 4.76995e-08 0.19509 0.382683 0.55557 0.707107 0.83147 0.92388 0.980785 1
 0.55557 -0.923879 0.980785 -0.707107 0.19509 0.382683 -0.83147 1 0.382683 0.707107 0.92388 1 0.92388 0.707107 0.382683 -8.74228e-08
 0.382683 -0.707107 0.923879 -1 0.92388 -0.707107 0.382683 -1.32722e-06 0.55557 0.92388 0.980785 0.707107 0.19509 -0.382683 -0.831469 -1
 0.19509 -0.382683 0.55557 -0.707107 0.83147 -0.923879 0.980785 -1 0.707107 1 0.707107 -8.74228e-08 -0.707107 -1 -0.707107 1.74846e-07
 0 0 0 0 0 0 0 0 0.83147 0.92388 0.19509 -0.707107 -0.980785 -0.382683 0.55557 1
 0 0 0 0 0 0 0 0 0.92388 0.707107 -0.382683 -1 -0.382683 0.707107 0.92388 -2.38498e-08
 0 0 0 0 0 0 0 0 0.980785 0.382683 -0.83147 -0.707107 0.55557 0.923879 -0.19509 -1
 0 0 0 0 0 0 0 0 1.19509 0.382683 -0.44443 0.707107 1.83147 0.92388 -0.0192147 1
 0 0 0 0 0 0 0 0 1.36347 0.324423 0.09241 1.70711 1.47945 -0.216773 0.187593 1
 0 0 0 0 0 0 0 0 1.47945 0.216773 0.598102 1.70711 -0.187593 -1.08979 0.09241 -1
 0 0 0 0 0 0 0 0 1.53858 0.0761203 0.902197 0.707106 -1.68789 -0.617316 -0.151537 -1
 0 0 0 0 0 0 0 0 1.53858 -0.0761205 0.902197 -0.707107 -1.68789 0.617317 -0.151536 1
 0 0 0 0 0 0 0 0 1.47945 -0.216773 0.598102 -1.70711 -0.187593 1.08979 0.0924096 1
 0 0 0 0 0 0 0 0 1.36347 -0.324423 0.0924096 -1.70711 1.47945 0.216772 0.187593 -1
 0 0 0 0 0 0 0 0 1.19509 -0.382684 -0.44443 -0.707107 1.83147 -0.923879 -0.0192146 -1
 0 0 0 0 0 0 0 0 0.980785 -0.382683 -0.831469 0.707107 0.55557 -0.92388 -0.195091 1
 0 0 0 0 0 0 0 0 0.92388 -0.707107 -0.382683 1 -0.382684 -0.707107 0.92388 -6.75532e-07
 0 0 0 0 0 0 0 0 0.83147 -0.92388 0.195091 0.707106 -0.980785 0.382684 0.55557 -1
 0 0 0 0 0 0 0 0 0.707107 -1 0.707107 -2.38498e-08 -0.707107 1 -0.707106 4.76995e-08
 0.19509 0.382683 0.55557 0.707107 0.83147 0.92388 0.980785 1 0.55557 -0.923879 0.980785 -0.707107 0.19509 0.382683 -0.83147 1
 0.382683 0.707107 0.92388 1 0.92388 0.707107 0.382683 -8.74228e-08 0.382683 -0.707107 0.923879 -1 0.92388 -0.707107 0.382683 -1.32722e-06
 0.55557 0.92388 0.980785 0.707107 0.19509 -0.382683 -0.831469 -1 0.19509 -0.382683 0.55557 -0.707107 0.83147 -0.923879 0.980785 -1
 0.707107 1 0.707107 -8.74228e-08 -0.707107 -1 -0.707107 1.74846e-07 0 0 0 0 0 0 0 0
 0.83147 0.92388 0.19509 -0.707107 -0.980785 -0.382683 0.55557 1 0 0 0 0 0 0 0 0
 0.92388 0.707107 -0.382683 -1 -0.382683 0.707107 0.92388 -2.38498e-08 0 0 0 0 0 0 0 0
 0.980785 0.382683 -0.83147 -0.707107 0.55557 0.923879 -0.19509 -1 0 0 0 0 0 0 0 0
 1 -8.74228e-08 -1 1.74846e-07 1 -2.38498e-08 -1 3.49691e-07 0 0 0 0 0 0 0 0
 0.980785 -0.382683 -0.831469 0.707107 0.55557 -0.92388 -0.195091 1 0 0 0 0 0 0 0 0
 0.92388 -0.707107 -0.382683 1 -0.382684 -0.707107 0.92388 -6.75532e-07 0 0 0 0 0 0 0 0
 0.83147 -0.92388 0.195091 0.707106 -0.980785 0.382684 0.55557 -1 0.19509 0.382683 0.55557 0.707107 0.83147 0.92388 0.980785 1
 0.707107 -1 0.707107 -2.38498e-08 -0.707107 1 -0.707106 4.76995e-08 0.382683 0.707107 0.92388 1 0.92388 0.707107 0.382683 -8.74228e-08
 0.55557 -0.923879 0.980785 -0.707107 0.19509 0.382683 -0.83147 1 0.55557 0.92388 0.980785 0.707107 0.19509 -0.382683 -0.831469 -1
 0.382683 -0.707107 0.923879 -1 0.92388 -0.707107 0.382683 -1.32722e-06 0.707107 1 0.707107 -8.74228e-08 -0.707107 -1 -0.707107 1.74846e-07
 0.19509 -0.382683 0.55557 -0.707107 0.83147 -0.923879 0.980785 -1 0.83147 0.92388 0.19509 -0.707107 -0.980785 -0.382683 0.55557 1
 0 0 0 0 0 0 0 0 0.92388 0.707107 -0.382683 -1 -0.382683 0.707107 0.92388 -2.38498e-08
 0 0 0 0 0 0 0 0 0.980785 0.382683 -0.83147 -0.707107 0.55557 0.923879 -0.19509 -1
 0 0 0 0 0 0 0 0 1 -8.74228e-08 -1 1.74846e-07 1 -2.38498e-08 -1 3.49691e-07
 0 0 0 0 0 0 0 0 1.17588 2.98023e-08 -0.275899 1.41421 1.38704 -2.38419e-07 0.785695 2
 0 0 0 0 0 0 0 0 1.30656 -1.19209e-07 0.541196 2 0.541196 0 1.30656 -7.62955e-07
 0 0 0 0 0 0 0 0 1.38704 -1.78814e-07 1.17588 1.41421 -0.785695 4.76837e-07 -0.275899 -2
 0 0 0 0 0 0 0 0 1.41421 0 1.41421 -1.11273e-07 -1.41421 0 -1.41421 2.22545e-07
 0 0 0 0 0 0 0 0 1.38704 5.96046e-08 1.17588 -1.41421 -0.785695 -4.76837e-07 -0.2759 2
 0 0 0 0 0 0 0 0 1.30656 2.38419e-07 0.541196 -2 0.541196 -7.15256e-07 1.30656 -1.35106e-06
 0 0 0 0 0 0 0 0 1.17588 -1.49012e-07 -0.2759 -1.41421 1.38704 0 0.785695 -2
 0 0 0 0 0 0 0 0 1 -8.74228e-08 -1 1.74846e-07 1 -2.38498e-08 -1 3.49691e-07
 0 0 0 0 0 0 0 0 0.980785 -0.382683 -0.831469 0.707107 0.55557 -0.92388 -0.195091 1
 0 0 0 0 0 0 0 0 0.92388 -0.707107 -0.382683 1 -0.382684 -0.707107 0.92388 -6.75532e-07
 0 0 0 0 0 0 0 0 0.83147 -0.92388 0.195091 0.707106 -0.980785 0.382684 0.55557 -1
 0 0 0 0 0 0 0 0 0.707107 -1 0.707107 -2.38498e-08 -0.707107 1 -0.707106 4.76995e-08
 0 0 0 0 0 0 0 0 0.55557 -0.923879 0.980785 -0.707107 0.19509 0.382683 -0.83147 1
 0 0 0 0 0 0 0 0 0.382683 -0.707107 0.923879 -1 0.92388 -0.707107 0.382683 -1.32722e-06
 0.19509 0.382683 0.55557 0.707107 0.83147 0.92388 0.980785 1 0.19509 -0.382683 0.55557 -0.707107 0.83147 -0.923879 0.980785 -1
 0.382683 0.707107 0.92388 1 0.92388 0.707107 0.382683 -8.74228e-08 0 0 0 0 0 0 0 0
 0.55557 0.92388 0.980785 0.707107 0.19509 -0.382683 -0.831469 -1 0 0 0 0 0 0 0 0
 0.707107 1 0.707107 -8.74228e-08 -0.707107 -1 -0.707107 1.74846e-07 0 0 0 0 0 0 0 0
 0.83147 0.92388 0.19509 -0.707107 -0.980785 -0.382683 0.55557 1 0 0 0 0 0 0 0 0
 0.92388 0.707107 -0.382683 -1 -0.382683 0.707107 0.92388 -2.38498e-08 0 0 0 0 0 0 0 0
 0.980785 0.382683 -0.83147 -0.707107 0.55557 0.923879 -0.19509 -1 0 0 0 0 0 0 0 0
 1 -8.74228e-08 -1 1.74846e-07 1 -2.38498e-08 -1 3.49691e-07 0 0 0 0 0 0 0 0
 0.980785 -0.382683 -0.831469 0.707107 0.55557 -0.92388 -0.195091 1 0 0 0 0 0 0 0 0
 0.92388 -0.707107 -0.382683 1 -0.382684 -0.707107 0.92388 -6.75532e-07 0 0 0 0 0 0 0 0
 0.83147 -0.92388 0.195091 0.707106 -0.980785 0.382684 0.55557 -1 0 0 0 0 0 0 0 0
 0.707107 -1 0.707107 -2.38498e-08 -0.707107 1 -0.707106 4.76995e-08 0 0 0 0 0 0 0 0
 0.55557 -0.923879 0.980785 -0.707107 0.19509 0.382683 -0.83147 1 0 0 0 0 0 0 0 0
 0.382683 -0.707107 0.923879 -1 0.92388 -0.707107 0.382683 -1.32722e-06 0 0 0 0 0 0 0 0
 0.19509 -0.382683 0.55557 -0.707107 0.83147 -0.923879 0.980785 -1 0 0 0 0 0 0 0 0
 0 0 0 0 0 0 0 0 0 0 0 0 0 0 0 0
 0 0 0 0 0 0 0 0 0 0 0 0 0 0 0 0
 0 0 0 0 0 0 0 0 0 0 0 0 0 0 0 0
 0 0 0 0 0 0 0 0 0.19509 0.382683 0.55557 0.707107 0.83147 0.92388 0.980785 1
 0 0 0 0 0 0 0 0 0.382683 0.707107 0.92388 1 0.92388 0.707107 0.382683 -8.74228e-08
 0 0 0 0 0 0 0 0 0.55557 0.92388 0.980785 0.707107 0.19509 -0.382683 -0.831469 -1
 0 0 0 0 0 0 0 0 0.707107 1 0.707107 -8.74228e-08 -0.707107 -1 -0.707107 1.74846e-07
 0 0 0 0 0 0 0 0 0.83147 0.92388 0.19509 -0.707107 -0.980785 -0.382683 0.55557 1
 0 0 0 0 0 0 0 0 0.92388 0.707107 -0.382683 -1 -0.382683 0.707107 0.92388 -2.38498e-08
 0 0 0 0 0 0 0 0 0.980785 0.382683 -0.83147 -0.707107 0.55557 0.923879 -0.19509 -1
 0 0 0 0 0 0 0 0 1 -8.74228e-08 -1 1.74846e-07 1 -2.38498e-08 -1 3.49691e-07
 0 0 0 0 0 0 0 0 1.17588 2.98023e-08 -0.275899 1.41421 1.38704 -2.38419e-07 0.785695 2
 0 0 0 0 0 0 0 0 1.30656 -1.19209e-07 0.541196 2 0.541196 0 1.30656 -7.62955e-07
 0 0 0 0 0 0 0 0 1.38704 -1.78814e-07 1.17588 1.41421 -0.785695 4.76837e-07 -0.275899 -2
 0 0 0 0 0 0 0 0 1.41421 0 1.41421 -1.11273e-07 -1.41421 0 -1.41421 2.22545e-07
 0 0 0 0 0 0 0 0 1.38704 5.96046e-08 1.17588 -1.41421 -0.785695 -4.76837e-07 -0.2759 2
 0 0 0 0 0 0 0 0 1.30656 2.38419e-07 0.541196 -2 0.541196 -7.15256e-07 1.30656 -1.35106e-06
 0 0 0 0 0 0 0 0 1.17588 -1.49012e-07 -0.2759 -1.41421 1.38704 0 0.785695 -2
 0 0 0 0 0 0 0 0 1 -8.74228e-08 -1 1.74846e-07 1 -2.38498e-08 -1 3.49691e-07
 0 0 0 0 0 0 0 0 0.980785 -0.382683 -0.831469 0.707107 0.55557 -0.92388 -0.195091 1
 0 0 0 0 0 0 0 0 0.92388 -0.707107 -0.382683 1 -0.382684 -0.707107 0.92388 -6.75532e-07
 0 0 0 0 0 0 0 0 0.83147 -0.92388 0.195091 0.707106 -0.980785 0.382684 0.55557 -1
 0 0 0 0 0 0 0 0 0.707107 -1 0.707107 -2.38498e-08 -0.707107 1 -0.707106 4.76995e-08
 0 0 0 0 0 0 0 0 0.55557 -0.923879 0.980785 -0.707107 0.19509 0.382683 -0.83147 1
 0 0 0 0 0 0 0 0 0.382683 -0.707107 0.923879 -1 0.92388 -0.707107 0.382683 -1.32722e-06
 0 0 0 0 0 0 0 0 0.19509 -0.382683 0.55557 -0.707107 0.83147 -0.923879 0.980785 -1
 0.19509 0.382683 0.55557 0.707107 0.83147 0.92388 0.980785 1 0 0 0 0 0 0 0 0
 0.382683 0.707107 0.92388 1 0.92388 0.707107 0.382683 -8.74228e-08 0 0 0 0 0 0 0 0
 0.55557 0.92388 0.980785 0.707107 0.19509 -0.382683 -0.831469 -1 0 0 0 0 0 0 0 0
 0.707107 1 0.707107 -8.74228e-08 -0.707107 -1 -0.707107 1.74846e-07 0 0 0 0 0 0 0 0
 0.83147 0.92388 0.19509 -0.707107 -0.980785 -0.382683 0.55557 1 0 0 0 0 0 0 0 0
 0.92388 0.707107 -0.382683 -1 -0.382683 0.707107 0.92388 -2.38498e-08 0 0 0 0 0 0 0 0
 0.980785 0.382683 -0.83147 -0.707107 0.55557 0.923879 -0.19509 -1 0 0 0 0 0 0 0 0
 1.19509 0.382683 -0.44443 0.707107 1.83147 0.92388 -0.0192147 1 0 0 0 0 0 0 0 0
 1.36347 0.324423 0.09241 1.70711 1.47945 -0.216773 0.187593 1 0 0 0 0 0 0 0 0
 1.47945 0.216773 0.598102 1.70711 -0.187593 -1.08979 0.09241 -1 0 0 0 0 0 0 0 0
 1.53858 0.0761203 0.902197 0.707106 -1.68789 -0.617316 -0.151537 -1 0 0 0 0 0 0 0 0
 1.53858 -0.0761205 0.902197 -0.707107 -1.68789 0.617317 -0.151536 1 0 0 0 0 0 0 0 0
 1.47945 -0.216773 0.598102 -1.70711 -0.187593 1.08979 0.0924096 1 0 0 0 0 0 0 0 0
 1.36347 -0.324423 0.0924096 -1.70711 1.47945 0.216772 0.187593 -1 0 0 0 0 0 0 0 0
 1.19509 -0.382684 -0.44443 -0.707107 1.83147 -0.923879 -0.0192146 -1 0 0 0 0 0 0 0 0
 0.980785 -0.382683 -0.831469 0.707107 0.55557 -0.92388 -0.195091 1 0 0 0 0 0 0 0 0
 0.92388 -0.707107 -0.382683 1 -0.382684 -0.707107 0.92388 -6.75532e-07 0 0 0 0 0 0 0 0
 0.83147 -0.92388 0.195091 0.707106 -0.980785 0.382684 0.55557 -1 0 0 0 0 0 0 0 0
 0.707107 -1 0.707107 -2.38498e-08 -0.707107 1 -0.707106 4.76995e-08 0 0 0 0 0 0 0 0
 0.55557 -0.923879 0.980785 -0.707107 0.19509 0.382683 -0.83147 1 0.19509 0.382683 0.55557 0.707107 0.83147 0.92388 0.980785 1
 0.382683 -0.707107 0.923879 -1 0.92388 -0.707107 0.382683 -1.32722e-06 0.382683 0.707107 0.92388 1 0.92388 0.707107 0.382683 -8.74228e-08
 0.19509 -0.382683 0.55557 -0.707107 0.83147 -0.923879 0.980785 -1 0.55557 0.92388 0.980785 0.707107 0.19509 -0.382683 -0.831469 -1
 0 0 0 0 0 0 0 0 0.707107 1 0.707107 -8.74228e-08 -0.707107 -1 -0.707107 1.74846e-07
 0 0 0 0 0 0 0 0 0.83147 0.92388 0.19509 -0.707107 -0.980785 -0.382683 0.55557 1
 0 0 0 0 0 0 0 0 0.92388 0.707107 -0.382683 -1 -0.382683 0.707107 0.92388 -2.38498e-08
 0 0 0 0 0 0 0 0 0.980785 0.382683 -0.83147 -0.707107 0.55557 0.923879 -0.19509 -1
 0 0 0 0 0 0 0 0 1 -8.74228e-08 -1 1.74846e-07 1 -2.38498e-08 -1 3.49691e-07
 0 0 0 0 0 0 0 0 0.980785 -0.382683 -0.831469 0.707107 0.55557 -0.92388 -0.195091 1
 0 0 0 0 0 0 0 0 0.92388 -0.707107 -0.382683 1 -0.382684 -0.707107 0.92388 -6.75532e-07
 0 0 0 0 0 0 0 0 1.02656 -0.541196 0.750661 1.41421 -0.149316 1.30656 1.53636 0
 0 0 0 0 0 0 0 0 1.08979 -0.292893 1.63099 1 0.216773 1.70711 -0.324423 -3.97233e-08
 0 0 0 0 0 0 0 0 1.11114 5.96046e-08 1.96157 -2.38419e-07 0.390181 -4.76837e-07 -1.66294 0
 0 0 0 0 0 0 0 0 1.08979 0.292893 1.63099 -1 0.216773 -1.70711 -0.324424 -1.15237e-06
 0 0 0 0 0 0 0 0 1.02656 0.541196 0.75066 -1.41421 -0.149316 -1.30656 1.53636 0
 0 0 0 0 0 0 0 0 0.92388 0.707107 -0.382683 -1 -0.382683 0.707107 0.92388 -2.38498e-08
 0 0 0 0 0 0 0 0 0.980785 0.382683 -0.83147 -0.707107 0.55557 0.923879 -0.19509 -1
 0.19509 0.382683 0.55557 0.707107 0.83147 0.92388 0.980785 1 1 -8.74228e-08 -1 1.74846e-07 1 -2.38498e-08 -1 3.49691e-07
 0.382683 0.707107 0.92388 1 0.92388 0.707107 0.382683 -8.74228e-08 0.980785 -0.382683 -0.831469 0.707107 0.55557 -0.92388 -0.195091 1
 0.55557 0.92388 0.980785 0.707107 0.19509 -0.382683 -0.831469 -1 0.92388 -0.707107 -0.382683 1 -0.382684 -0.707107 0.92388 -6.75532e-07
 0.707107 1 0.707107 -8.74228e-08 -0.707107 -1 -0.707107 1.74846e-07 0.83147 -0.92388 0.195091 0.707106 -0.980785 0.382684 0.55557 -1
 0.83147 0.92388 0.19509 -0.707107 -0.980785 -0.382683 0.55557 1 0.707107 -1 0.707107 -2.38498e-08 -0.707107 1 -0.707106 4.76995e-08
 0.92388 0.707107 -0.382683 -1 -0.382683 0.707107 0.92388 -2.38498e-08 0.55557 -0.923879 0.980785 -0.707107 0.19509 0.382683 -0.83147 1
 0.980785 0.382683 -0.83147 -0.707107 0.55557 0.923879 -0.19509 -1 0.382683 -0.707107 0.923879 -1 0.92388 -0.707107 0.382683 -1.32722e-06
 1 -8.74228e-08 -1 1.74846e-07 1 -2.38498e-08 -1 3.49691e-07 0.19509 -0.382683 0.55557 -0.707107 0.83147 -0.923879 0.980785 -1
 0.980785 -0.382683 -0.831469 0.707107 0.55557 -0.92388 -0.195091 1 0 0 0 0 0 0 0 0
 0.92388 -0.707107 -0.382683 1 -0.382684 -0.707107 0.92388 -6.75532e-07 0 0 0 0 0 0 0 0
 0.83147 -0.92388 0.195091 0.707106 -0.980785 0.382684 0.55557 -1 0.19509 0.382683 0.55557 0.707107 0.83147 0.92388 0.980785 1
 0.707107 -1 0.707107 -2.38498e-08 -0.707107 1 -0.707106 4.76995e-08 0.382683 0.707107 0.92388 1 0.92388 0.707107 0.382683 -8.74228e-08
 0.55557 -0.923879 0.980785 -0.707107 0.19509 0.382683 -0.83147 1 0.55557 0.92388 0.980785 0.707107 0.19509 -0.382683 -0.831469 -1
 0.382683 -0.707107 0.923879 -1 0.92388 -0.707107 0.382683 -1.32722e-06 0.707107 1 0.707107 -8.74228e-08 -0.707107 -1 -0.707107 1.74846e-07
 0.19509 -0.382683 0.55557 -0.707107 0.83147 -0.923879 0.980785 -1 0.83147 0.92388 0.19509 -0.707107 -0.980785 -0.382683 0.55557 1
 0 0 0 0 0 0 0 0 0.92388 0.707107 -0.382683 -1 -0.382683 0.707107 0.92388 -2.38498e-08
 0 0 0 0 0 0 0 0 0.980785 0.382683 -0.83147 -0.707107 0.55557 0.923879 -0.19509 -1
 0 0 0 0 0 0 0 0 1 -8.74228e-08 -1 1.74846e-07 1 -2.38498e-08 -1 3.49691e-07
 0 0 0 0 0 0 0 0 0.980785 -0.382683 -0.831469 0.707107 0.55557 -0.92388 -0.195091 1
 0 0 0 0 0 0 0 0 0.92388 -0.707107 -0.382683 1 -0.382684 -0.707107 0.92388 -6.75532e-07
 0 0 0 0 0 0 0 0 0.83147 -0.92388 0.195091 0.707106 -0.980785 0.382684 0.55557 -1
 0 0 0 0 0 0 0 0 0.707107 -1 0.707107 -2.38498e-08 -0.707107 1 -0.707106 4.76995e-08
 0 0 0 0 0 0 0 0 0.55557 -0.923879 0.980785 -0.707107 0.19509 0.382683 -0.83147 1
 0 0 0 0 0 0 0 0 0.382683 -0.707107 0.923879 -1 0.92388 -0.707107 0.382683 -1.32722e-06
 0 0 0 0 0 0 0 0 0.19509 -0.382683 0.55557 -0.707107 0.83147 -0.923879 0.980785 -1
 0 0 0 0 0 0 0 0 0 0 0 0 0 0 0 0
 0 0 0 0 0 0 0 0 0 0 0 0 0 0 0 0
 0 0 0 0 0 0 0 0 0 0 0 0 0 0 0 0
 0 0 0 0 0 0 0 0 0 0 0 0 0 0 0 0
 0 0 0 0 0 0 0 0 0.19509 0.382683 0.55557 0.707107 0.83147 0.92388 0.980785 1
 0 0 0 0 0 0 0 0 0.382683 0.707107 0.92388 1 0.92388 0.707107 0.382683 -8.74228e-08
 0 0 0 0 0 0 0 0 0.55557 0.92388 0.980785 0.707107 0.19509 -0.382683 -0.831469 -1
 0 0 0 0 0 0 0 0 0.707107 1 0.707107 -8.74228e-08 -0.707107 -1 -0.707107 1.74846e-07
 0 0 0 0 0 0 0 0 0.83147 0.92388 0.19509 -0.707107 -0.980785 -0.382683 0.55557 1
 0 0 0 0 0 0 0 0 0.92388 0.707107 -0.382683 -1 -0.382683 0.707107 0.92388 -2.38498e-08
 0.19509 0.382683 0.55557 0.707107 0.83147 0.92388 0.980785 1 0.980785 0.382683 -0.83147 -0.707107 0.55557 0.923879 -0.19509 -1
 0.382683 0.707107 0.92388 1 0.92388 0.707107 0.382683 -8.74228e-08 1 -8.74228e-08 -1 1.74846e-07 1 -2.38498e-08 -1 3.49691e-07
 0.55557 0.92388 0.980785 0.707107 0.19509 -0.382683 -0.831469 -1 0.980785 -0.382683 -0.831469 0.707107 0.55557 -0.92388 -0.195091 1
 0.707107 1 0.707107 -8.74228e-08 -0.707107 -1 -0.707107 1.74846e-07 0.92388 -0.707107 -0.382683 1 -0.382684 -0.707107 0.92388 -6.75532e-07
 0.83147 0.92388 0.19509 -0.707107 -0.980785 -0.382683 0.55557 1 0.83147 -0.92388 0.195091 0.707106 -0.980785 0.382684 0.55557 -1
 0.92388 0.707107 -0.382683 -1 -0.382683 0.707107 0.92388 -2.38498e-08 0.707107 -1 0.707107 -2.38498e-08 -0.707107 1 -0.707106 4.76995e-08
 0.980785 0.382683 -0.83147 -0.707107 0.55557 0.923879 -0.19509 -1 0.55557 -0.923879 0.980785 -0.707107 0.19509 0.382683 -0.83147 1
 1 -8.74228e-08 -1 1.74846e-07 1 -2.38498e-08 -1 3.49691e-07 0.382683 -0.707107 0.923879 -1 0.92388 -0.707107 0.382683 -1.32722e-06
 0.980785 -0.382683 -0.831469 0.707107 0.55557 -0.92388 -0.195091 1 0.19509 -0.382683 0.55557 -0.707107 0.83147 -0.923879 0.980785 -1
 1.11897 -0.324423 0.172887 1.70711 0.448786 0.216773 1.90466 0.999999 0 0 0 0 0 0 0 0
 1.21415 -0.216773 1.11897 1.70711 -0.0569057 1.08979 0.938254 -1 0 0 0 0 0 0 0 0
 1.26268 -0.0761205 1.68789 0.707107 -0.512016 0.617317 -1.53858 -1 0 0 0 0 0 0 0 0
 1.26268 0.0761206 1.68789 -0.707107 -0.512016 -0.617317 -1.53858 1 0 0 0 0 0 0 0 0
 1.21415 0.216773 1.11897 -1.70711 -0.0569057 -1.08979 0.938253 0.999999 0 0 0 0 0 0 0 0
 1.11897 0.324423 0.172887 -1.70711 0.448786 -0.216773 1.90467 -1 0 0 0 0 0 0 0 0
 1.17588 0.765367 -0.2759 2.38419e-07 1.38704 1.84776 0.785695 0 0 0 0 0 0 0 0 0
 1.38268 0.707107 -0.0761205 1 1.92388 0.707107 -0.617316 2.62268e-07 0 0 0 0 0 0 0 0
 1.53636 0.541196 0.149316 1.41421 0.75066 -1.30656 -1.02656 0 0 0 0 0 0 0 0 0
 1.63099 0.292893 0.324423 1 -1.08979 -1.70711 0.216773 -5.00687e-07 0 0 0 0 0 0 0 0
 1.66294 -1.78814e-07 0.390181 -5.96046e-07 -1.96157 4.76837e-07 1.11114 0 0 0 0 0 0 0 0 0
 1.63099 -0.292893 0.324423 -1 -1.08979 1.70711 0.216774 2.38498e-08 0 0 0 0 0 0 0 0
 1.53636 -0.541196 0.149316 -1.41421 0.75066 1.30656 -1.02656 0 0 0 0 0 0 0 0 0
 0 0 0 0 0 0 0 0 0 0 0 0 0 0 0 0
 0 0 0 0 0 0 0 0 0 0 0 0 0 0 0 0
 0 0 0 0 0 0 0 0 0 0 0 0 0 0 0 0
 0 0 0 0 0 0 0 0 0 0 0 0 0 0 0 0
 0 0 0 0 0 0 0 0 0 0 0 0 0 0 0 0
 0 0 0 0 0 0 0 0 0 0 0 0 0 0 0 0
 0 0 0 0 0 0 0 0 0 0 0 0 0 0 0 0
 0 0 0 0 0 0 0 0 0 0 0 0 0 0 0 0
 0 0 0 0 0 0 0 0 0 0 0 0 0 0 0 0
 0 0 0 0 0 0 0 0 0 0 0 0 0 0 0 0
 0 0 0 0 0 0 0 0 0 0 0 0 0 0 0 0
 0 0 0 0 0 0 0 0 0 0 0 0 0 0 0 0
 0 0 0 0 0 0 0 0 0 0 0 0 0 0 0 0
 0 0 0 0 0 0 0 0 0 0 0 0 0 0 0 0
 0 0 0 0 0 0 0 0 0 0 0 0 0 0 0 0
 0 0 0 0 0 0 0 0 0 0 0 0 0 0 0 0
 0 0 0 0 0 0 0 0 0 0 0 0 0 0 0 0
 0 0 0 0 0 0 0 0 0 0 0 0 0 0 0 0
 0.19509 0.382683 0.55557 0.707107 0.83147 0.92388 0.980785 1 0 0 0 0 0 0 0 0
 0.382683 0.707107 0.92388 1 0.92388 0.707107 0.382683 -8.74228e-08 0 0 0 0 0 0 0 0
 0.55557 0.92388 0.980785 0.707107 0.19509 -0.382683 -0.831469 -1 0 0 0 0 0 0 0 0
 0.707107 1 0.707107 -8.74228e-08 -0.707107 -1 -0.707107 1.74846e-07 0 0 0 0 0 0 0 0
 0.83147 0.92388 0.19509 -0.707107 -0.980785 -0.382683 0.55557 1 0 0 0 0 0 0 0 0
 0.92388 0.707107 -0.382683 -1 -0.382683 0.707107 0.92388 -2.38498e-08 0 0 0 0 0 0 0 0
 0.980785 0.382683 -0.83147 -0.707107 0.55557 0.923879 -0.19509 -1 0.19509 0.382683 0.55557 0.707107 0.83147 0.92388 0.980785 1
 1 -8.74228e-08 -1 1.74846e-07 1 -2.38498e-08 -1 3.49691e-07 0.382683 0.707107 0.92388 1 0.92388 0.707107 0.382683 -8.74228e-08
 0.980785 -0.382683 -0.831469 0.707107 0.55557 -0.92388 -0.195091 1 0.55557 0.92388 0.980785 0.707107 0.19509 -0.382683 -0.831469 -1
 0.92388 -0.707107 -0.382683 1 -0.382684 -0.707107 0.92388 -6.75532e-07 0.707107 1 0.707107 -8.74228e-08 -0.707107 -1 -0.707107 1.74846e-07
 0.83147 -0.92388 0.195091 0.707106 -0.980785 0.382684 0.55557 -1 0.83147 0.92388 0.19509 -0.707107 -0.980785 -0.382683 0.55557 1
 0.707107 -1 0.707107 -2.38498e-08 -0.707107 1 -0.707106 4.76995e-08 0.92388 0.707107 -0.382683 -1 -0.382683 0.707107 0.92388 -2.38498e-08
 0.55557 -0.923879 0.980785 -0.707107 0.19509 0.382683 -0.83147 1 0.980785 0.382683 -0.83147 -0.707107 0.55557 0.923879 -0.19509 -1
 0.382683 -0.707107 0.923879 -1 0.92388 -0.707107 0.382683 -1.32722e-06 1 -8.74228e-08 -1 1.74846e-07 1 -2.38498e-08 -1 3.49691e-07
 0.19509 -0.382683 0.55557 -0.707107 0.83147 -0.923879 0.980785 -1 0.980785 -0.382683 -0.831469 0.707107 0.55557 -0.92388 -0.195091 1
 0 0 0 0 0 0 0 0 0.92388 -0.707107 -0.382683 1 -0.382684 -0.707107 0.92388 -6.75532e-07
 0 0 0 0 0 0 0 0 0.83147 -0.92388 0.195091 0.707106 -0.980785 0.382684 0.55557 -1
 0 0 0 0 0 0 0 0 0.707107 -1 0.707107 -2.38498e-08 -0.707107 1 -0.707106 4.76995e-08
 0 0 0 0 0 0 0 0 0.55557 -0.923879 0.980785 -0.707107 0.19509 0.382683 -0.83147 1
 0 0 0 0 0 0 0 0 0.382683 -0.707107 0.923879 -1 0.92388 -0.707107 0.382683 -1.32722e-06
 0 0 0 0 0 0 0 0 0.19509 -0.382683 0.55557 -0.707107 0.83147 -0.923879 0.980785 -1
 0 0 0 0 0 0 0 0 0 0 0 0 0 0 0 0
 0.19509 0.382683 0.55557 0.707107 0.83147 0.92388 0.980785 1 0 0 0 0 0 0 0 0
 0.382683 0.707107 0.92388 1 0.92388 0.707107 0.382683 -8.74228e-08 0 0 0 0 0 0 0 0
 0.55557 0.92388 0.980785 0.707107 0.19509 -0.382683 -0.831469 -1 0 0 0 0 0 0 0 0
 0.707107 1 0.707107 -8.74228e-08 -0.707107 -1 -0.707107 1.74846e-07 0 0 0 0 0 0 0 0
 0.83147 0.92388 0.19509 -0.707107 -0.980785 -0.382683 0.55557 1 0 0 0 0 0 0 0 0
 0.92388 0.707107 -0.382683 -1 -0.382683 0.707107 0.92388 -2.38498e-08 0 0 0 0 0 0 0 0
 0.980785 0.382683 -0.83147 -0.707107 0.55557 0.923879 -0.19509 -1 0 0 0 0 0 0 0 0
 1 -8.74228e-08 -1 1.74846e-07 1 -2.38498e-08 -1 3.49691e-07 0 0 0 0 0 0 0 0
 0.980785 -0.382683 -0.831469 0.707107 0.55557 -0.92388 -0.195091 1 0 0 0 0 0 0 0 0
 0.92388 -0.707107 -0.382683 1 -0.382684 -0.707107 0.92388 -6.75532e-07 0 0 0 0 0 0 0 0
 0.83147 -0.92388 0.195091 0.707106 -0.980785 0.382684 0.55557 -1 0 0 0 0 0 0 0 0
 0.707107 -1 0.707107 -2.38498e-08 -0.707107 1 -0.707106 4.76995e-08 0 0 0 0 0 0 0 0
 0.750661 -0.541196 1.53636 -2.38419e-07 1.02656 1.30656 0.149315 2 0 0 0 0 0 0 0 0
 0.765367 2.38419e-07 1.84776 0 1.84776 -7.15256e-07 0.765366 -1.41464e-06 0 0 0 0 0 0 0 0
 0.750661 0.541196 1.53636 0 1.02656 -1.30656 0.149316 -2 0 0 0 0 0 0 0 0
 0.707107 1 0.707107 -8.74228e-08 -0.707107 -1 -0.707107 1.74846e-07 0 0 0 0 0 0 0 0
 0.83147 0.92388 0.19509 -0.707107 -0.980785 -0.382683 0.55557 1 0 0 0 0 0 0 0 0
 0.92388 0.707107 -0.382683 -1 -0.382683 0.707107 0.92388 -2.38498e-08 0 0 0 0 0 0 0 0
 0.980785 0.382683 -0.83147 -0.707107 0.55557 0.923879 -0.19509 -1 0 0 0 0 0 0 0 0
 1 -8.74228e-08 -1 1.74846e-07 1 -2.38498e-08 -1 3.49691e-07 0 0 0 0 0 0 0 0
 1.17588 2.98023e-08 -0.275899 1.41421 1.38704 -2.38419e-07 0.785695 2 0 0 0 0 0 0 0 0
 1.30656 -1.19209e-07 0.541196 2 0.541196 0 1.30656 -7.62955e-07 0 0 0 0 0 0 0 0
 1.38704 -1.78814e-07 1.17588 1.41421 -0.785695 4.76837e-07 -0.275899 -2 0 0 0 0 0 0 0 0
 1.41421 0 1.41421 -1.11273e-07 -1.41421 0 -1.41421 2.22545e-07 0 0 0 0 0 0 0 0
 1.38704 5.96046e-08 1.17588 -1.41421 -0.785695 -4.76837e-07 -0.2759 2 0 0 0 0 0 0 0 0
 1.30656 2.38419e-07 0.541196 -2 0.541196 -7.15256e-07 1.30656 -1.35106e-06 0 0 0 0 0 0 0 0
 1.17588 -1.49012e-07 -0.2759 -1.41421 1.38704 0 0.785695 -2 0 0 0 0 0 0 0 0
 1 -8.74228e-08 -1 1.74846e-07 1 -2.38498e-08 -1 3.49691e-07 0 0 0 0 0 0 0 0
 0.980785 -0.382683 -0.831469 0.707107 0.55557 -0.92388 -0.195091 1 0 0 0 0 0 0 0 0
 0.92388 -0.707107 -0.382683 1 -0.382684 -0.707107 0.92388 -6.75532e-07 0 0 0 0 0 0 0 0
 0.83147 -0.92388 0.195091 0.707106 -0.980785 0.382684 0.55557 -1 0 0 0 0 0 0 0 0
 0.707107 -1 0.707107 -2.38498e-08 -0.707107 1 -0.707106 4.76995e-08 0 0 0 0 0 0 0 0
 0.55557 -0.923879 0.980785 -0.707107 0.19509 0.382683 -0.83147 1 0.19509 0.382683 0.55557 0.707107 0.83147 0.92388 0.980785 1
 0.382683 -0.707107 0.923879 -1 0.92388 -0.707107 0.382683 -1.32722e-06 0.382683 0.707107 0.92388 1 0.92388 0.707107 0.382683 -8.74228e-08
 0.19509 -0.382683 0.55557 -0.707107 0.83147 -0.923879 0.980785 -1 0.55557 0.92388 0.980785 0.707107 0.19509 -0.382683 -0.831469 -1
 0 0 0 0 0 0 0 0 0.707107 1 0.707107 -8.74228e-08 -0.707107 -1 -0.707107 1.74846e-07
 0 0 0 0 0 0 0 0 0.83147 0.92388 0.19509 -0.707107 -0.980785 -0.382683 0.55557 1
 0 0 0 0 0 0 0 0 0.92388 0.707107 -0.382683 -1 -0.382683 0.707107 0.92388 -2.38498e-08
 0 0 0 0 0 0 0 0 0.980785 0.382683 -0.83147 -0.707107 0.55557 0.923879 -0.19509 -1
 0 0 0 0 0 0 0 0 1.19509 0.382683 -0.44443 0.707107 1.83147 0.92388 -0.0192147 1
 0 0 0 0 0 0 0 0 1.36347 0.324423 0.09241 1.70711 1.47945 -0.216773 0.187593 1
 0 0 0 0 0 0 0 0 1.47945 0.216773 0.598102 1.70711 -0.187593 -1.08979 0.09241 -1
 0 0 0 0 0 0 0 0 1.53858 0.0761203 0.902197 0.707106 -1.68789 -0.617316 -0.151537 -1
 0 0 0 0 0 0 0 0 1.53858 -0.0761205 0.902197 -0.707107 -1.68789 0.617317 -0.151536 1
 0 0 0 0 0 0 0 0 1.47945 -0.216773 0.598102 -1.70711 -0.187593 1.08979 0.0924096 1
 0 0 0 0 0 0 0 0 1.36347 -0.324423 0.0924096 -1.70711 1.47945 0.216772 0.187593 -1
 0 0 0 0 0 0 0 0 1.19509 -0.382684 -0.44443 -0.707107 1.83147 -0.923879 -0.0192146 -1
 0 0 0 0 0 0 0 0 1.17588 2.98023e-08 -0.275899 1.41421 1.38704 -2.38419e-07 0.785695 2
 0 0 0 0 0 0 0 0 1.30656 -1.19209e-07 0.541196 2 0.541196 0 1.30656 -7.62955e-07
 0 0 0 0 0 0 0 0 1.38704 -1.78814e-07 1.17588 1.41421 -0.785695 4.76837e-07 -0.275899 -2
 0 0 0 0 0 0 0 0 1.41421 0 1.41421 -1.11273e-07 -1.41421 0 -1.41421 2.22545e-07
 0 0 0 0 0 0 0 0 1.38704 5.96046e-08 1.17588 -1.41421 -0.785695 -4.76837e-07 -0.2759 2
 0 0 0 0 0 0 0 0 1.30656 2.38419e-07 0.541196 -2 0.541196 -7.15256e-07 1.30656 -1.35106e-06
 0 0 0 0 0 0 0 0 1.17588 -1.49012e-07 -0.2759 -1.41421 1.38704 0 0.785695 -2
 0.19509 0.382683 0.55557 0.707107 0.83147 0.92388 0.980785 1 1 -8.74228e-08 -1 1.74846e-07 1 -2.38498e-08 -1 3.49691e-07
 0.382683 0.707107 0.92388 1 0.92388 0.707107 0.382683 -8.74228e-08 0.980785 -0.382683 -0.831469 0.707107 0.55557 -0.92388 -0.195091 1
 0.55557 0.92388 0.980785 0.707107 0.19509 -0.382683 -0.831469 -1 0.92388 -0.707107 -0.382683 1 -0.382684 -0.707107 0.92388 -6.75532e-07
 0.707107 1 0.707107 -8.74228e-08 -0.707107 -1 -0.707107 1.74846e-07 0.83147 -0.92388 0.195091 0.707106 -0.980785 0.382684 0.55557 -1
 0.83147 0.92388 0.19509 -0.707107 -0.980785 -0.382683 0.55557 1 0.707107 -1 0.707107 -2.38498e-08 -0.707107 1 -0.707106 4.76995e-08
 0.92388 0.707107 -0.382683 -1 -0.382683 0.707107 0.92388 -2.38498e-08 0.55557 -0.923879 0.980785 -0.707107 0.19509 0.382683 -0.83147 1
 0.980785 0.382683 -0.83147 -0.707107 0.55557 0.923879 -0.19509 -1 0.382683 -0.707107 0.923879 -1 0.92388 -0.707107 0.382683 -1.32722e-06
 1 -8.74228e-08 -1 1.74846e-07 1 -2.38498e-08 -1 3.49691e-07 0.19509 -0.382683 0.55557 -0.707107 0.83147 -0.923879 0.980785 -1
 0.980785 -0.382683 -0.831469 0.707107 0.55557 -0.92388 -0.195091 1 0 0 0 0 0 0 0 0
 0.92388 -0.707107 -0.382683 1 -0.382684 -0.707107 0.92388 -6.75532e-07 0 0 0 0 0 0 0 0
 0.83147 -0.92388 0.195091 0.707106 -0.980785 0.382684 0.55557 -1 0 0 0 0 0 0 0 0
 0.707107 -1 0.707107 -2.38498e-08 -0.707107 1 -0.707106 4.76995e-08 0 0 0 0 0 0 0 0
 0.55557 -0.923879 0.980785 -0.707107 0.19509 0.382683 -0.83147 1 0 0 0 0 0 0 0 0
 0.382683 -0.707107 0.923879 -1 0.92388 -0.707107 0.382683 -1.32722e-06 0 0 0 0 0 0 0 0
 0.19509 -0.382683 0.55557 -0.707107 0.83147 -0.923879 0.980785 -1 0 0 0 0 0 0 0 0
 0 0 0 0 0 0 0 0 0 0 0 0 0 0 0 0
 0 0 0 0 0 0 0 0 0 0 0 0 0 0 0 0
 0 0 0 0 0 0 0 0 0 0 0 0 0 0 0 0
 0 0 0 0 0 0 0 0 0 0 0 0 0 0 0 0
 0 0 0 0 0 0 0 0 0 0 0 0 0 0 0 0
 0 0 0 0 0 0 0 0 0 0 0 0 0 0 0 0
 0.19509 0.382683 0.55557 0.707107 0.83147 0.92388 0.980785 1 0 0 0 0 0 0 0 0
 0.382683 0.707107 0.92388 1 0.92388 0.707107 0.382683 -8.74228e-08 0 0 0 0 0 0 0 0
 0.55557 0.92388 0.980785 0.707107 0.19509 -0.382683 -0.831469 -1 0 0 0 0 0 0 0 0
 0.707107 1 0.707107 -8.74228e-08 -0.707107 -1 -0.707107 1.74846e-07 0 0 0 0 0 0 0 0
 0.83147 0.92388 0.19509 -0.707107 -0.980785 -0.382683 0.55557 1 0 0 0 0 0 0 0 0
 0.92388 0.707107 -0.382683 -1 -0.382683 0.707107 0.92388 -2.38498e-08 0 0 0 0 0 0 0 0
 0.980785 0.382683 -0.83147 -0.707107 0.55557 0.923879 -0.19509 -1 0.19509 0.382683 0.55557 0.707107 0.83147 0.92388 0.980785 1
 1 -8.74228e-08 -1 1.74846e-07 1 -2.38498e-08 -1 3.49691e-07 0.382683 0.707107 0.92388 1 0.92388 0.707107 0.382683 -8.74228e-08
 0.980785 -0.382683 -0.831469 0.707107 0.55557 -0.92388 -0.195091 1 0.55557 0.92388 0.980785 0.707107 0.19509 -0.382683 -0.831469 -1
 0.92388 -0.707107 -0.382683 1 -0.382684 -0.707107 0.92388 -6.75532e-07 0.707107 1 0.707107 -8.74228e-08 -0.707107 -1 -0.707107 1.74846e-07
 0.83147 -0.92388 0.195091 0.707106 -0.980785 0.382684 0.55557 -1 0.83147 0.92388 0.19509 -0.707107 -0.980785 -0.382683 0.55557 1
 0.707107 -1 0.707107 -2.38498e-08 -0.707107 1 -0.707106 4.76995e-08 0.92388 0.707107 -0.382683 -1 -0.382683 0.707107 0.92388 -2.38498e-08
 0.55557 -0.923879 0.980785 -0.707107 0.19509 0.382683 -0.83147 1 0.980785 0.382683 -0.83147 -0.707107 0.55557 0.923879 -0.19509 -1
 0.577774 -0.324423 1.47945 -0.292893 1.75535 0.216772 1.36347 0.999999 1 -8.74228e-08 -1 1.74846e-07 1 -2.38498e-08 -1 3.49691e-07
 0.577774 0.324423 1.47945 0.292893 1.75535 -0.216773 1.36347 -1 0.980785 -0.382683 -0.831469 0.707107 0.55557 -0.92388 -0.195091 1
 0.55557 0.92388 0.980785 0.707107 0.19509 -0.382683 -0.831469 -1 0.92388 -0.707107 -0.382683 1 -0.382684 -0.707107 0.92388 -6.75532e-07
 0.707107 1 0.707107 -8.74228e-08 -0.707107 -1 -0.707107 1.74846e-07 0.83147 -0.92388 0.195091 0.707106 -0.980785 0.382684 0.55557 -1
 0.83147 0.92388 0.19509 -0.707107 -0.980785 -0.382683 0.55557 1 0.707107 -1 0.707107 -2.38498e-08 -0.707107 1 -0.707106 4.76995e-08
 0.92388 0.707107 -0.382683 -1 -0.382683 0.707107 0.92388 -2.38498e-08 0.55557 -0.923879 0.980785 -0.707107 0.19509 0.382683 -0.83147 1
 0.980785 0.382683 -0.83147 -0.707107 0.55557 0.923879 -0.19509 -1 0.382683 -0.707107 0.923879 -1 0.92388 -0.707107 0.382683 -1.32722e-06
 1 -8.74228e-08 -1 1.74846e-07 1 -2.38498e-08 -1 3.49691e-07 0.19509 -0.382683 0.55557 -0.707107 0.83147 -0.923879 0.980785 -1
 1.17588 2.98023e-08 -0.275899 1.41421 1.38704 -2.38419e-07 0.785695 2 0 0 0 0 0 0 0 0
 1.30656 -1.19209e-07 0.541196 2 0.541196 0 1.30656 -7.62955e-07 0 0 0 0 0 0 0 0
 1.38704 -1.78814e-07 1.17588 1.41421 -0.785695 4.76837e-07 -0.275899 -2 0 0 0 0 0 0 0 0
 1.41421 0 1.41421 -1.11273e-07 -1.41421 0 -1.41421 2.22545e-07 0 0 0 0 0 0 0 0
 1.38704 5.96046e-08 1.17588 -1.41421 -0.785695 -4.76837e-07 -0.2759 2 0 0 0 0 0 0 0 0
 1.30656 2.38419e-07 0.541196 -2 0.541196 -7.15256e-07 1.30656 -1.35106e-06 0 0 0 0 0 0 0 0
 1.17588 -1.49012e-07 -0.2759 -1.41421 1.38704 0 0.785695 -2 0 0 0 0 0 0 0 0
 1 -8.74228e-08 -1 1.74846e-07 1 -2.38498e-08 -1 3.49691e-07 0 0 0 0 0 0 0 0
 0.980785 -0.382683 -0.831469 0.707107 0.55557 -0.92388 -0.195091 1 0 0 0 0 0 0 0 0
 0.92388 -0.707107 -0.382683 1 -0.382684 -0.707107 0.92388 -6.75532e-07 0 0 0 0 0 0 0 0
 0.83147 -0.92388 0.195091 0.707106 -0.980785 0.382684 0.55557 -1 0 0 0 0 0 0 0 0
 0.707107 -1 0.707107 -2.38498e-08 -0.707107 1 -0.707106 4.76995e-08 0.19509 0.382683 0.55557 0.707107 0.83147 0.92388 0.980785 1
 0.55557 -0.923879 0.980785 -0.707107 0.19509 0.382683 -0.83147 1 0.382683 0.707107 0.92388 1 0.92388 0.707107 0.382683 -8.74228e-08
 0.382683 -0.707107 0.923879 -1 0.92388 -0.707107 0.382683 -1.32722e-06 0.55557 0.92388 0.980785 0.707107 0.19509 -0.382683 -0.831469 -1
 0.19509 -0.382683 0.55557 -0.707107 0.83147 -0.923879 0.980785 -1 0.707107 1 0.707107 -8.74228e-08 -0.707107 -1 -0.707107 1.74846e-07
 0 0 0 0 0 0 0 0 0.83147 0.92388 0.19509 -0.707107 -0.980785 -0.382683 0.55557 1
 0 0 0 0 0 0 0 0 0.92388 0.707107 -0.382683 -1 -0.382683 0.707107 0.92388 -2.38498e-08
 0 0 0 0 0 0 0 0 0.980785 0.382683 -0.83147 -0.707107 0.55557 0.923879 -0.19509 -1
 0 0 0 0 0 0 0 0 1 -8.74228e-08 -1 1.74846e-07 1 -2.38498e-08 -1 3.49691e-07
 0 0 0 0 0 0 0 0 0.980785 -0.382683 -0.831469 0.707107 0.55557 -0.92388 -0.195091 1
 0 0 0 0 0 0 0 0 0.92388 -0.707107 -0.382683 1 -0.382684 -0.707107 0.92388 -6.75532e-07
 0 0 0 0 0 0 0 0 0.83147 -0.92388 0.195091 0.707106 -0.980785 0.382684 0.55557 -1
 0.19509 0.382683 0.55557 0.707107 0.83147 0.92388 0.980785 1 0.707107 -1 0.707107 -2.38498e-08 -0.707107 1 -0.707106 4.76995e-08
 0.382683 0.707107 0.92388 1 0.92388 0.707107 0.382683 -8.74228e-08 0.55557 -0.923879 0.980785 -0.707107 0.19509 0.382683 -0.83147 1
 0.55557 0.92388 0.980785 0.707107 0.19509 -0.382683 -0.831469 -1 0.382683 -0.707107 0.923879 -1 0.92388 -0.707107 0.382683 -1.32722e-06
 0.707107 1 0.707107 -8.74228e-08 -0.707107 -1 -0.707107 1.74846e-07 0.19509 -0.382683 0.55557 -0.707107 0.83147 -0.923879 0.980785 -1
 0.83147 0.92388 0.19509 -0.707107 -0.980785 -0.382683 0.55557 1 0 0 0 0 0 0 0 0
 0.92388 0.707107 -0.382683 -1 -0.382683 0.707107 0.92388 -2.38498e-08 0 0 0 0 0 0 0 0
 0.980785 0.382683 -0.83147 -0.707107 0.55557 0.923879 -0.19509 -1 0.19509 0.382683 0.55557 0.707107 0.83147 0.92388 0.980785 1
 1 -8.74228e-08 -1 1.74846e-07 1 -2.38498e-08 -1 3.49691e-07 0.382683 0.707107 0.92388 1 0.92388 0.707107 0.382683 -8.74228e-08
 0.980785 -0.382683 -0.831469 0.707107 0.55557 -0.92388 -0.195091 1 0.55557 0.92388 0.980785 0.707107 0.19509 -0.382683 -0.831469 -1
 0.92388 -0.707107 -0.382683 1 -0.382684 -0.707107 0.92388 -6.75532e-07 0.707107 1 0.707107 -8.74228e-08 -0.707107 -1 -0.707107 1.74846e-07
 0.83147 -0.92388 0.195091 0.707106 -0.980785 0.382684 0.55557 -1 0.83147 0.92388 0.19509 -0.707107 -0.980785 -0.382683 0.55557 1
 0.707107 -1 0.707107 -2.38498e-08 -0.707107 1 -0.707106 4.76995e-08 0.92388 0.707107 -0.382683 -1 -0.382683 0.707107 0.92388 -2.38498e-08
 0.55557 -0.923879 0.980785 -0.707107 0.19509 0.382683 -0.83147 1 0.980785 0.382683 -0.83147 -0.707107 0.55557 0.923879 -0.19509 -1
 0.382683 -0.707107 0.923879 -1 0.92388 -0.707107 0.382683 -1.32722e-06 1 -8.74228e-08 -1 1.74846e-07 1 -2.38498e-08 -1 3.49691e-07
 0.19509 -0.382683 0.55557 -0.707107 0.83147 -0.923879 0.980785 -1 0.980785 -0.382683 -0.831469 0.707107 0.55557 -0.92388 -0.195091 1
 0 0 0 0 0 0 0 0 0.92388 -0.707107 -0.382683 1 -0.382684 -0.707107 0.92388 -6.75532e-07
 0 0 0 0 0 0 0 0 0.83147 -0.92388 0.195091 0.707106 -0.980785 0.382684 0.55557 -1
 0 0 0 0 0 0 0 0 0.707107 -1 0.707107 -2.38498e-08 -0.707107 1 -0.707106 4.76995e-08
 0 0 0 0 0 0 0 0 0.55557 -0.923879 0.980785 -0.707107 0.19509 0.382683 -0.83147 1
 0 0 0 0 0 0 0 0 0.382683 -0.707107 0.923879 -1 0.92388 -0.707107 0.382683 -1.32722e-06
 0 0 0 0 0 0 0 0 0.390181 2.98023e-08 1.11114 0 1.66294 1.78814e-07 1.96157 0
 0 0 0 0 0 0 0 0 0.382683 0.707107 0.92388 1 0.92388 0.707107 0.382683 -8.74228e-08
 0 0 0 0 0 0 0 0 0.55557 0.92388 0.980785 0.707107 0.19509 -0.382683 -0.831469 -1
 0 0 0 0 0 0 0 0 0.707107 1 0.707107 -8.74228e-08 -0.707107 -1 -0.707107 1.74846e-07
 0 0 0 0 0 0 0 0 0.83147 0.92388 0.19509 -0.707107 -0.980785 -0.382683 0.55557 1
 0 0 0 0 0 0 0 0 0.92388 0.707107 -0.382683 -1 -0.382683 0.707107 0.92388 -2.38498e-08
 0 0 0 0 0 0 0 0 0.980785 0.382683 -0.83147 -0.707107 0.55557 0.923879 -0.19509 -1
 0 0 0 0 0 0 0 0 1 -8.74228e-08 -1 1.74846e-07 1 -2.38498e-08 -1 3.49691e-07
 0 0 0 0 0 0 0 0 0.980785 -0.382683 -0.831469 0.707107 0.55557 -0.92388 -0.195091 1
 0 0 0 0 0 0 0 0 0.92388 -0.707107 -0.382683 1 -0.382684 -0.707107 0.92388 -6.75532e-07
 0 0 0 0 0 0 0 0 1.02656 -0.541196 0.750661 1.41421 -0.149316 1.30656 1.53636 0
 0 0 0 0 0 0 0 0 1.08979 -0.292893 1.63099 1 0.216773 1.70711 -0.324423 -3.97233e-08
 0 0 0 0 0 0 0 0 1.11114 5.96046e-08 1.96157 -2.38419e-07 0.390181 -4.76837e-07 -1.66294 0
 0 0 0 0 0 0 0 0 1.08979 0.292893 1.63099 -1 0.216773 -1.70711 -0.324424 -1.15237e-06
 0 0 0 0 0 0 0 0 1.02656 0.541196 0.75066 -1.41421 -0.149316 -1.30656 1.53636 0
 0 0 0 0 0 0 0 0 0.92388 0.707107 -0.382683 -1 -0.382683 0.707107 0.92388 -2.38498e-08
 0 0 0 0 0 0 0 0 0.980785 0.382683 -0.83147 -0.707107 0.55557 0.923879 -0.19509 -1
 0 0 0 0 0 0 0 0 1 -8.74228e-08 -1 1.74846e-07 1 -2.38498e-08 -1 3.49691e-07
 0 0 0 0 0 0 0 0 0.980785 -0.382683 -0.831469 0.707107 0.55557 -0.92388 -0.195091 1
 0 0 0 0 0 0 0 0 0.92388 -0.707107 -0.382683 1 -0.382684 -0.707107 0.92388 -6.75532e-07
 0 0 0 0 0 0 0 0 0.83147 -0.92388 0.195091 0.707106 -0.980785 0.382684 0.55557 -1
 0 0 0 0 0 0 0 0 0.707107 -1 0.707107 -2.38498e-08 -0.707107 1 -0.707106 4.76995e-08
 0.19509 0.382683 0.55557 0.707107 0.83147 0.92388 0.980785 1 0.55557 -0.923879 0.980785 -0.707107 0.19509 0.382683 -0.83147 1
 0.382683 0.707107 0.92388 1 0.92388 0.707107 0.382683 -8.74228e-08 0.382683 -0.707107 0.923879 -1 0.92388 -0.707107 0.382683 -1.32722e-06
 0.55557 0.92388 0.980785 0.707107 0.19509 -0.382683 -0.831469 -1 0.19509 -0.382683 0.55557 -0.707107 0.83147 -0.923879 0.980785 -1
 0.707107 1 0.707107 -8.74228e-08 -0.707107 -1 -0.707107 1.74846e-07 0 0 0 0 0 0 0 0
 0.83147 0.92388 0.19509 -0.707107 -0.980785 -0.382683 0.55557 1 0 0 0 0 0 0 0 0
 0.92388 0.707107 -0.382683 -1 -0.382683 0.707107 0.92388 -2.38498e-08 0 0 0 0 0 0 0 0
 0.980785 0.382683 -0.83147 -0.707107 0.55557 0.923879 -0.19509 -1 0 0 0 0 0 0 0 0
 1 -8.74228e-08 -1 1.74846e-07 1 -2.38498e-08 -1 3.49691e-07 0 0 0 0 0 0 0 0
 0.980785 -0.382683 -0.831469 0.707107 0.55557 -0.92388 -0.195091 1 0 0 0 0 0 0 0 0
 0.92388 -0.707107 -0.382683 1 -0.382684 -0.707107 0.92388 -6.75532e-07 0.19509 0.382683 0.55557 0.707107 0.83147 0.92388 0.980785 1
 0.83147 -0.92388 0.195091 0.707106 -0.980785 0.382684 0.55557 -1 0.382683 0.707107 0.92388 1 0.92388 0.707107 0.382683 -8.74228e-08
 0.707107 -1 0.707107 -2.38498e-08 -0.707107 1 -0.707106 4.76995e-08 0.55557 0.92388 0.980785 0.707107 0.19509 -0.382683 -0.831469 -1
 0 0 0 0 0 0 0 0 0 0 0 0 0 0 0 0
 0 0 0 0 0 0 0 0 0 0 0 0 0 0 0 0
 0 0 0 0 0 0 0 0 0 0 0 0 0 0 0 0
 0 0 0 0 0 0 0 0 0 0 0 0 0 0 0 0
 0 0 0 0 0 0 0 0 0 0 0 0 0 0 0 0
 0 0 0 0 0 0 0 0 0 0 0 0 0 0 0 0
 0 0 0 0 0 0 0 0 0 0 0 0 0 0 0 0
 0 0 0 0 0 0 0 0 0 0 0 0 0 0 0 0
 0 0 0 0 0 0 0 0 0 0 0 0 0 0 0 0
 0 0 0 0 0 0 0 0 0 0 0 0 0 0 0 0
 0 0 0 0 0 0 0 0 0 0 0 0 0 0 0 0
 0 0 0 0 0 0 0 0 0 0 0 0 0 0 0 0
 0 0 0 0 0 0 0 0 0 0 0 0 0 0 0 0
 0.19509 0.382683 0.55557 0.707107 0.83147 0.92388 0.980785 1 0 0 0 0 0 0 0 0
 0.382683 0.707107 0.92388 1 0.92388 0.707107 0.382683 -8.74228e-08 0 0 0 0 0 0 0 0
 0.55557 0.92388 0.980785 0.707107 0.19509 -0.382683 -0.831469 -1 0 0 0 0 0 0 0 0
 0.707107 1 0.707107 -8.74228e-08 -0.707107 -1 -0.707107 1.74846e-07 0 0 0 0 0 0 0 0
 0.83147 0.92388 0.19509 -0.707107 -0.980785 -0.382683 0.55557 1 0 0 0 0 0 0 0 0
 0.92388 0.707107 -0.382683 -1 -0.382683 0.707107 0.92388 -2.38498e-08 0 0 0 0 0 0 0 0
 0.980785 0.382683 -0.83147 -0.707107 0.55557 0.923879 -0.19509 -1 0 0 0 0 0 0 0 0
 1 -8.74228e-08 -1 1.74846e-07 1 -2.38498e-08 -1 3.49691e-07 0 0 0 0 0 0 0 0
 0.980785 -0.382683 -0.831469 0.707107 0.55557 -0.92388 -0.195091 1 0 0 0 0 0 0 0 0
 0.92388 -0.707107 -0.382683 1 -0.382684 -0.707107 0.92388 -6.75532e-07 0 0 0 0 0 0 0 0
 1.02656 -0.541196 0.750661 1.41421 -0.149316 1.30656 1.53636 0 0 0 0 0 0 0 0 0
 1.08979 -0.292893 1.63099 1 0.216773 1.70711 -0.324423 -3.97233e-08 0 0 0 0 0 0 0 0
 1.11114 5.96046e-08 1.96157 -2.38419e-07 0.390181 -4.76837e-07 -1.66294 0 0 0 0 0 0 0 0 0
 1.08979 0.292893 1.63099 -1 0.216773 -1.70711 -0.324424 -1.15237e-06 0 0 0 0 0 0 0 0
 1.02656 0.541196 0.75066 -1.41421 -0.149316 -1.30656 1.53636 0 0 0 0 0 0 0 0 0
