# 3dvolreg matrices (DICOM-to-DICOM, row-by-row):
      0.99995    0.00523726   -0.00856594     -0.652862   -0.00527802      0.999975    -0.0047427     -0.125113    0.00854089    0.00478768      0.999952      -1.35654
     0.999961    0.00525614   -0.00707614     -0.599804   -0.00531576       0.99995   -0.00843345     -0.301659    0.00703146    0.00847074      0.999939      -1.12836
     0.999962    0.00499029   -0.00709677      -0.54749   -0.00507556      0.999915    -0.0120475    -0.0634369    0.00703605     0.0120831      0.999902     -0.635944
     0.999957    0.00524925   -0.00762787     -0.529874   -0.00533316      0.999925    -0.0110224    -0.0694865    0.00756944     0.0110626       0.99991     -0.590127
     0.999955    0.00542662   -0.00776211     -0.537349   -0.00551452       0.99992     -0.011347    -0.0687188    0.00769992     0.0113893      0.999905     -0.516071
     0.999954    0.00522838   -0.00803762     -0.551674   -0.00531457      0.999928    -0.0107394    -0.0363949    0.00798089     0.0107816       0.99991     -0.570868
     0.999953    0.00518119   -0.00815471     -0.556303   -0.00526758       0.99993    -0.0106083   -0.00408288    0.00809917     0.0106507       0.99991     -0.583808
     0.999949    0.00534089    -0.0085745     -0.561147   -0.00543788      0.999921    -0.0113288   -0.00589666    0.00851332     0.0113749      0.999899     -0.568478
     0.999942    0.00553474   -0.00919013     -0.603838   -0.00560905      0.999952   -0.00808007      0.132821    0.00914496    0.00813115      0.999925     -0.717234
     0.999941    0.00527875   -0.00947333     -0.643907   -0.00534284      0.999963   -0.00675305      0.237459    0.00943733    0.00680327      0.999932     -0.887816
     0.999942    0.00490654    -0.0095686     -0.624829   -0.00499371      0.999946   -0.00910766      0.129921     0.0095234    0.00915491      0.999913     -0.806055
     0.999936    0.00514123    -0.0100928     -0.630919   -0.00523353      0.999945   -0.00913971      0.138214     0.0100453    0.00919195      0.999907     -0.870849
     0.999935    0.00531732    -0.0100936     -0.680236   -0.00540497      0.999948    -0.0086767      0.196081      0.010047    0.00873069      0.999911     -0.916386
     0.999939    0.00509951   -0.00982751     -0.710768   -0.00517723      0.999955   -0.00789937      0.193262    0.00978679    0.00794977      0.999921     -0.892562
     0.999939    0.00450011    -0.0101077      -0.70389   -0.00459371      0.999947    -0.0092556      0.179108     0.0100655    0.00930147      0.999906     -0.984162
     0.999938    0.00490556    -0.0100443     -0.666373   -0.00498946      0.999953   -0.00834487       0.19538     0.0100029    0.00839446      0.999915     -0.973459
     0.999938     0.0052635   -0.00980643     -0.684261    -0.0053394      0.999956   -0.00772981      0.175178    0.00976531    0.00778169      0.999922     -0.993291
     0.999934    0.00526006     -0.010186     -0.703951   -0.00534304      0.999953    -0.0081359      0.208937     0.0101427    0.00818979      0.999915     -0.935727
     0.999939    0.00404463    -0.0102658      -0.72671   -0.00413325      0.999954   -0.00862594      0.216647     0.0102305    0.00866784       0.99991      -1.00106
     0.999939    0.00426125    -0.0101811     -0.729004   -0.00441282      0.999879    -0.0149123      0.160637     0.0101163     0.0149564      0.999837      -1.61321
     0.999921    0.00540326    -0.0113753     -0.694512   -0.00557608      0.999869    -0.0152165     0.0411746     0.0112916     0.0152787       0.99982      -1.23774
     0.999922    0.00500978    -0.0114481     -0.684734   -0.00515917      0.999901    -0.0130573     0.0532688     0.0113815     0.0131154      0.999849      -1.05229
     0.999925    0.00495794    -0.0112336     -0.683467   -0.00508317      0.999925    -0.0111466     0.0806137     0.0111775     0.0112028      0.999875      -1.12739
     0.999926    0.00518196    -0.0109916     -0.684683   -0.00531173      0.999916    -0.0118107     0.0530806     0.0109295     0.0118682       0.99987      -1.10645
     0.999927    0.00546842    -0.0107737     -0.702326   -0.00558646      0.999924    -0.0109563     0.0512801      0.010713     0.0110157      0.999882      -1.06811
      0.99993    0.00507179    -0.0106708     -0.706985   -0.00518697      0.999928    -0.0107946     0.0736146     0.0106153     0.0108492      0.999885      -1.11901
     0.999929    0.00484998    -0.0108615     -0.714206   -0.00497357      0.999923    -0.0113803     0.0738423     0.0108055     0.0114335      0.999876      -1.14506
      0.99993    0.00483058    -0.0107735     -0.715354   -0.00496518       0.99991    -0.0125024     0.0454561     0.0107121      0.012555      0.999864      -1.41786
     0.999932     0.0037824    -0.0110518     -0.735881   -0.00391448      0.999921    -0.0119542      0.014692     0.0110057     0.0119967      0.999867      -1.36525
     0.999933    0.00327004    -0.0110885     -0.746877   -0.00341584      0.999908    -0.0131553    -0.0685174     0.0110445     0.0131923      0.999852      -1.49653
     0.999927    0.00316382    -0.0116986     -0.794542   -0.00332243      0.999902    -0.0135634     -0.306009     0.0116545     0.0136013       0.99984      -1.65132
     0.999916    0.00239572    -0.0127408     -0.891121   -0.00249348      0.999968   -0.00766272     -0.375275      0.012722    0.00769384      0.999889       -2.0505
     0.999944    0.00265068    -0.0102048     -0.803155   -0.00273155      0.999965   -0.00791911     -0.229677     0.0101834    0.00794655      0.999917      -1.94943
     0.999955    0.00432551   -0.00846364     -0.665069   -0.00443612      0.999904     -0.013093     -0.161708     0.0084062       0.01313      0.999878      -1.29324
     0.999958    0.00455464   -0.00800837     -0.639803   -0.00464767      0.999921    -0.0116367     -0.128905    0.00795474     0.0116734        0.9999      -1.14667
     0.999954    0.00435589   -0.00851882     -0.637204   -0.00442528      0.999957   -0.00814452     0.0914909    0.00848297    0.00818184      0.999931      -1.32779
     0.999952    0.00444938   -0.00877233     -0.629293   -0.00450455       0.99997   -0.00627909      0.199806    0.00874413     0.0063183      0.999942      -1.35033
     0.999954    0.00425231   -0.00855105     -0.625729   -0.00430583      0.999971      -0.00625      0.219196    0.00852423    0.00628653      0.999944      -1.41001
     0.999955    0.00445871   -0.00842112     -0.637858   -0.00450683      0.999974   -0.00570458      0.234018    0.00839546    0.00574227      0.999948       -1.4116
     0.999954    0.00449864   -0.00848992     -0.651854   -0.00454431      0.999975   -0.00536804      0.280441    0.00846556    0.00540637       0.99995      -1.43004
     0.999953    0.00418156   -0.00878261     -0.645283   -0.00423015      0.999976   -0.00552149      0.268439    0.00875931    0.00555838      0.999946       -1.4605
     0.999952    0.00404755   -0.00888512      -0.62834   -0.00409683      0.999976   -0.00553579       0.31577     0.0088625    0.00557193      0.999945      -1.39322
     0.999953    0.00390485   -0.00889402      -0.62557    -0.0039486       0.99998    -0.0049068      0.255212    0.00887469    0.00494169      0.999948      -1.25904
     0.999964    0.00308756    -0.0078898      -0.49495   -0.00311715      0.999988   -0.00374116      0.406499    0.00787815    0.00376562      0.999962      -1.44075
     0.999965    0.00412693   -0.00724673     -0.480528   -0.00414855      0.999987   -0.00297131      0.289658    0.00723437    0.00300127      0.999969      -1.23541
     0.999958    0.00441182   -0.00798965     -0.550989   -0.00443537      0.999986   -0.00293233      0.270532     0.0079766    0.00296765      0.999964       -1.1339
     0.999958     0.0042044   -0.00813048     -0.552782   -0.00422662      0.999987   -0.00271743      0.357313    0.00811895    0.00275168      0.999963      -1.17876
     0.999957    0.00402103    -0.0083691     -0.562838   -0.00404491      0.999988   -0.00283921      0.355652    0.00835758    0.00287294      0.999961      -1.10523
      0.99995    0.00396221    -0.0091849     -0.586615   -0.00399333      0.999986     -0.003372        0.3845    0.00917142    0.00340851      0.999952      -1.23732
     0.999949    0.00399112   -0.00922947     -0.584662   -0.00402085      0.999987   -0.00320478      0.413427    0.00921656    0.00324173      0.999952      -1.47851
     0.999957    0.00470456   -0.00802437      -0.62396   -0.00472113      0.999987   -0.00204699      0.342819    0.00801463    0.00208478      0.999966      -1.25876
     0.999957    0.00477211   -0.00801114     -0.643525    -0.0047878      0.999987   -0.00194111      0.371577    0.00800177    0.00197938      0.999966      -1.33818
     0.999941    0.00444434   -0.00994589     -0.640626   -0.00446056      0.999989   -0.00160898      0.275543    0.00993863    0.00165324      0.999949      -1.47477
      0.99995    0.00468743   -0.00883812     -0.585556   -0.00472149      0.999981   -0.00383726      0.156193    0.00881997    0.00387879      0.999954      -1.68162
     0.999947     0.0041659   -0.00944481       -0.5932   -0.00420306      0.999983   -0.00391859      0.175439    0.00942833    0.00395807      0.999948      -1.50275
     0.999934    0.00256869    -0.0111534     -0.659811   -0.00262945      0.999982    -0.0054365       0.20752     0.0111392    0.00546547      0.999923      -1.76938
     0.999953    0.00292476   -0.00922217      -0.64174   -0.00297441      0.999981   -0.00537442      0.173679    0.00920628     0.0054016      0.999943      -1.92018
     0.999943     0.0027531     -0.010352       -0.7711    -0.0027935      0.999989   -0.00389079   -0.00693762     0.0103411    0.00391948      0.999939      -1.83377
     0.999949    0.00163836   -0.00999982     -0.792583   -0.00169455      0.999983   -0.00561316     -0.134795    0.00999045    0.00562982      0.999934      -2.09324
     0.999959    0.00285532   -0.00854118      -0.77004   -0.00291874      0.999968   -0.00742141    -0.0856686    0.00851971    0.00744604      0.999936      -1.72226
     0.999963    0.00427895   -0.00743707     -0.677122   -0.00433795      0.999959   -0.00793469     0.0487628    0.00740281    0.00796666      0.999941      -1.23738
     0.999963    0.00418741   -0.00751607     -0.599312   -0.00425644      0.999949   -0.00919271     0.0819842    0.00747719    0.00922436      0.999929      -1.04621
      0.99996    0.00404544   -0.00801308      -0.61619   -0.00411159      0.999957   -0.00825555      0.119308    0.00797934    0.00828816      0.999934       -1.0544
     0.999958    0.00415203   -0.00822769     -0.628704   -0.00420808      0.999968   -0.00680692      0.191832    0.00819916    0.00684126      0.999943      -1.05808
     0.999952    0.00403138   -0.00892669     -0.668136   -0.00408272      0.999975    -0.0057412      0.217323    0.00890332    0.00577737      0.999944      -1.07543
      0.99995    0.00409289   -0.00912108     -0.668788   -0.00414484      0.999975   -0.00568456      0.232655    0.00909759    0.00572208      0.999942      -1.03626
     0.999957    0.00406371   -0.00835976     -0.711614   -0.00412405      0.999965    -0.0072127      0.227446    0.00833016    0.00724686      0.999939      -1.17574
     0.999943    0.00370686    -0.0100194     -0.786663   -0.00383159      0.999915    -0.0124579     0.0375878    0.00997239     0.0124956      0.999872      -1.30245
     0.999941    0.00353162    -0.0103099     -0.774845   -0.00363551      0.999943    -0.0100755      0.116161     0.0102737     0.0101124      0.999896      -1.01227
     0.999933    0.00353605    -0.0110552     -0.781481   -0.00365151      0.999939    -0.0104411      0.167036     0.0110176     0.0104808      0.999884      -1.21689
     0.999932    0.00394132    -0.0109934     -0.795253   -0.00405541      0.999938    -0.0103752       0.16475     0.0109518     0.0104191      0.999886      -1.45275
     0.999939    0.00384586    -0.0103278     -0.823437    -0.0039318      0.999958   -0.00831372      0.232045     0.0102954    0.00835382      0.999912      -1.15967
     0.999936    0.00364381    -0.0106777     -0.843977   -0.00374178      0.999951   -0.00916962      0.223701     0.0106438    0.00920899      0.999901      -1.40753
      0.99994    0.00368752    -0.0103496     -0.881733   -0.00380799      0.999925    -0.0116452      0.163779     0.0103059     0.0116839      0.999879      -1.66876
     0.999942     0.0042056   -0.00989962     -0.851556   -0.00432714      0.999915    -0.0122882      0.139533     0.0098471     0.0123303      0.999875      -1.43284
     0.999938     0.0039834    -0.0103591     -0.777535   -0.00408956      0.999939     -0.010247      0.166025     0.0103176     0.0102887      0.999894      -1.41235
     0.999938    0.00436404    -0.0102381     -0.780112   -0.00446317      0.999943   -0.00967956      0.157158     0.0101953    0.00972466      0.999901      -1.41667
     0.999937    0.00472613    -0.0101406     -0.785401   -0.00483242      0.999933    -0.0104831      0.138938     0.0100904     0.0105315      0.999894      -1.43725
     0.999937    0.00463295    -0.0102525      -0.79819   -0.00473648      0.999938    -0.0100973      0.191758     0.0102051     0.0101453      0.999896       -1.4793
     0.999932    0.00521963    -0.0104098     -0.822285   -0.00531695      0.999942   -0.00934321     0.0658943     0.0103604    0.00939793      0.999902      -1.27532
     0.999932    0.00553082     -0.010244     -0.775541   -0.00565516       0.99991    -0.0121493     0.0628371     0.0101759     0.0122064      0.999874      -1.44028
     0.999935    0.00576957   -0.00985495     -0.795851   -0.00588942      0.999909    -0.0121757     0.0883132     0.0097838     0.0122329      0.999877      -1.65699
     0.999943    0.00629169   -0.00857193     -0.788728   -0.00638256      0.999923    -0.0106144      0.038094    0.00850449     0.0106685      0.999907      -1.34465
      0.99994    0.00588696   -0.00928053     -0.789879   -0.00598274      0.999929    -0.0103275       0.18631    0.00921907     0.0103824      0.999904      -1.45297
     0.999935    0.00538603    -0.0100608     -0.816488   -0.00547742      0.999944   -0.00907866       0.22829     0.0100113    0.00913317      0.999908       -1.3188
     0.999938    0.00510306   -0.00989682     -0.819989   -0.00519223      0.999946   -0.00900559      0.258057    0.00985032    0.00905642       0.99991      -1.44905
     0.999936    0.00600944   -0.00955759     -0.804817   -0.00609087      0.999945   -0.00851373      0.266683     0.0095059     0.0085714      0.999918      -1.40535
     0.999936    0.00582045   -0.00965145     -0.815367   -0.00590235      0.999947   -0.00847854      0.296813    0.00960159    0.00853496      0.999917      -1.40505
     0.999935    0.00574994   -0.00981848     -0.834199   -0.00581931      0.999958   -0.00705223      0.328095    0.00977752    0.00710892      0.999927      -1.31846
     0.999934    0.00571943    -0.0100025     -0.793815   -0.00580892      0.999943   -0.00894022      0.294482    0.00995077    0.00899773       0.99991      -1.44399
     0.999937    0.00571791   -0.00961178      -0.80783   -0.00578782      0.999957   -0.00726178      0.330887    0.00956984    0.00731696      0.999927      -1.34697
     0.999935    0.00564549   -0.00989557     -0.823575   -0.00572693       0.99995   -0.00822094      0.307368    0.00984866    0.00827708      0.999917      -1.47652
     0.999937    0.00582778   -0.00964181     -0.834202   -0.00590688      0.999949   -0.00819631      0.323966    0.00959355    0.00825274       0.99992      -1.43518
     0.999947    0.00482326   -0.00909223      -0.82476   -0.00489407      0.999958   -0.00778252      0.324759    0.00905431    0.00782661      0.999928      -1.47699
     0.999945    0.00478855   -0.00931402     -0.825206   -0.00486267      0.999957   -0.00795131      0.316623    0.00927554    0.00799616      0.999925      -1.44898
     0.999942    0.00518121   -0.00944915     -0.839795   -0.00525564      0.999955   -0.00786856      0.319986    0.00940796    0.00791777      0.999924      -1.49411
      0.99994    0.00554648   -0.00943871     -0.876793   -0.00561165      0.999961   -0.00689255      0.337265    0.00940011     0.0069451      0.999932      -1.43861
     0.999936    0.00573886   -0.00972941     -0.906719   -0.00581011      0.999956   -0.00731053      0.349495    0.00968703    0.00736659      0.999926      -1.51413
     0.999934    0.00590551   -0.00983282     -0.907214   -0.00598183      0.999952   -0.00774992      0.332517    0.00978658    0.00780822      0.999922      -1.52316
     0.999934    0.00584611   -0.00987447     -0.913508   -0.00592062      0.999954   -0.00753364      0.364979    0.00982997    0.00759161      0.999923      -1.49805
     0.999936    0.00552305   -0.00982677     -0.915595   -0.00559024      0.999961   -0.00682277      0.374854    0.00978871    0.00687728      0.999928       -1.5272
     0.999935     0.0056268   -0.00991773     -0.910249   -0.00569883      0.999957   -0.00724923      0.357479    0.00987652    0.00730528      0.999925      -1.51605
     0.999935    0.00573004   -0.00989324     -0.899675   -0.00580143      0.999957     -0.007202      0.384528    0.00985155    0.00725892      0.999925      -1.51824
     0.999938    0.00557973   -0.00960685      -0.89781   -0.00564512      0.999961   -0.00679278      0.407859    0.00956857     0.0068466      0.999931       -1.6616
     0.999932    0.00558845    -0.0101993     -0.918655   -0.00570491      0.999918    -0.0114249      0.310838     0.0101346     0.0114824      0.999883      -2.04869
     0.999918    0.00631297     -0.011137     -0.887767   -0.00644555      0.999908    -0.0119086      0.265834     0.0110608     0.0119794      0.999867      -2.04957
     0.999939    0.00532472   -0.00963281     -0.904926   -0.00543643      0.999918    -0.0116088      0.222459    0.00957021     0.0116604      0.999886      -2.20055
     0.999937    0.00540097   -0.00988781     -0.907865   -0.00550388      0.999931    -0.0104105      0.281844     0.0098309     0.0104643      0.999897       -2.0173
      0.99993    0.00574476    -0.0103775     -0.872162    -0.0058256      0.999953   -0.00777664      0.281688     0.0103324    0.00783655      0.999916      -1.64035
     0.999934    0.00597029   -0.00977948     -0.880523   -0.00605392      0.999945   -0.00854437      0.299642    0.00972793    0.00860302      0.999916       -1.6117
     0.999936     0.0055902   -0.00987149      -0.91622   -0.00567832      0.999944   -0.00892165      0.291115    0.00982107    0.00897713      0.999911      -1.73554
     0.999929     0.0061665    -0.0102071     -0.890454   -0.00624764      0.999949   -0.00793649      0.295662     0.0101577     0.0079997      0.999916      -1.66171
     0.999928    0.00618432    -0.0103161     -0.875974   -0.00627253      0.999944   -0.00854033      0.306429     0.0102627    0.00860442       0.99991      -1.70729
     0.999929    0.00610193    -0.0102345     -0.880695   -0.00618225       0.99995   -0.00783514      0.328813     0.0101862    0.00789785      0.999917      -1.68261
     0.999928    0.00610843    -0.0103429     -0.889296   -0.00619136      0.999949   -0.00800511      0.331543     0.0102935    0.00806857      0.999914      -1.75391
     0.999924    0.00618501    -0.0106639     -0.896766   -0.00626618      0.999952   -0.00759446      0.326694     0.0106164     0.0076607      0.999914      -1.67433
     0.999925    0.00588314    -0.0107623     -0.850977   -0.00598074      0.999941   -0.00905915      0.290143     0.0107084    0.00912283      0.999901      -1.72667
     0.999925    0.00582619    -0.0107351     -0.867564   -0.00591199      0.999951    -0.0079782      0.300844     0.0106881    0.00804107      0.999911      -1.62729
     0.999925    0.00592982    -0.0107082     -0.868135   -0.00602253      0.999944   -0.00864647      0.295174     0.0106564    0.00871031      0.999905      -1.73797
     0.999925    0.00640502    -0.0104858     -0.884361   -0.00649376      0.999943   -0.00845125      0.330821     0.0104311     0.0085187      0.999909      -1.75484
     0.999924    0.00703384    -0.0101383     -0.912595   -0.00711474      0.999943   -0.00796595      0.341147     0.0100817    0.00803748      0.999917      -1.77353
     0.999924    0.00667884    -0.0103155     -0.899452   -0.00675898      0.999947   -0.00775461      0.366009     0.0102632    0.00782374      0.999917      -1.77636
     0.999924    0.00622677    -0.0106001     -0.907234   -0.00631182      0.999948   -0.00800943      0.323461     0.0105496    0.00807573      0.999912      -1.50064
     0.999933    0.00531941    -0.0102914     -0.873174   -0.00542293      0.999935     -0.010057       0.30059     0.0102372     0.0101122      0.999896      -1.46101
      0.99994    0.00583011    -0.0092838     -0.747824   -0.00592535       0.99993    -0.0102651       0.27657     0.0092233     0.0103195      0.999904      -1.10138
     0.999937    0.00586442   -0.00955673     -0.718678   -0.00598805      0.999898    -0.0129597      0.145507    0.00947976     0.0130161       0.99987     -0.980956
     0.999933    0.00618661   -0.00977326     -0.775116   -0.00630487      0.999907    -0.0121162      0.266791    0.00969739      0.012177      0.999879      -1.27916
     0.999926    0.00579399    -0.0107124     -0.849131    -0.0059012      0.999933    -0.0100037      0.339653     0.0106537     0.0100662      0.999893      -1.44277
     0.999919    0.00628807    -0.0110322       -0.8812   -0.00638361      0.999942    -0.0086465      0.365728     0.0109772    0.00871623      0.999902      -1.41134
     0.999921    0.00633186    -0.0108448     -0.883712   -0.00642767       0.99994   -0.00882291       0.39569     0.0107883    0.00889192      0.999902      -1.52845
     0.999919    0.00628632    -0.0110912     -0.904937   -0.00637038      0.999951   -0.00756021      0.428366     0.0110432    0.00763025       0.99991      -1.63255
     0.999918    0.00647981    -0.0110833     -0.886601   -0.00657749       0.99994   -0.00879954      0.391096     0.0110256    0.00887172        0.9999      -1.58949
     0.999924    0.00547649    -0.0110379     -0.926921   -0.00558509      0.999936   -0.00983226      0.400394     0.0109833    0.00989317      0.999891      -1.67632
     0.999929    0.00555556    -0.0105008     -0.924704   -0.00567624      0.999918    -0.0114976      0.411117      0.010436     0.0115564      0.999879      -2.03165
     0.999928    0.00578898    -0.0104742     -0.920663    -0.0059206      0.999903    -0.0125793      0.403679     0.0104003     0.0126404      0.999866      -2.12424
     0.999926    0.00601183    -0.0105851     -0.917604   -0.00614225      0.999905    -0.0123317      0.387386       0.01051     0.0123958      0.999868      -2.10066
     0.999917    0.00592115    -0.0114041     -0.922027   -0.00602231      0.999943   -0.00885611      0.444029      0.011351    0.00892406      0.999896      -1.93152
     0.999915    0.00567827    -0.0117415     -0.870843   -0.00576646      0.999955    -0.0074902      0.460465     0.0116984    0.00755727      0.999903      -1.84738
     0.999919    0.00540778    -0.0114971     -0.833635   -0.00551504      0.999941   -0.00931757      0.392466      0.011446    0.00938023       0.99989      -1.90405
      0.99992    0.00503493    -0.0115829     -0.813598   -0.00514542      0.999941   -0.00952884      0.403795     0.0115342    0.00958768      0.999888      -1.65631
     0.999917      0.005278    -0.0117584     -0.805995   -0.00539408      0.999937   -0.00986231      0.323498     0.0117056    0.00992492      0.999882      -1.60641
     0.999922    0.00515994    -0.0113699     -0.805873   -0.00527813      0.999932    -0.0103901      0.260157     0.0113155     0.0104493      0.999881      -1.60952
     0.999922    0.00575155    -0.0110957     -0.821033   -0.00585576      0.999939   -0.00938204      0.354721      0.011041    0.00944628      0.999894      -1.75349
     0.999922    0.00587734    -0.0109916     -0.841215    -0.0059663       0.99995   -0.00807855      0.384305     0.0109435     0.0081435      0.999907      -1.71271
     0.999919    0.00584912    -0.0112656     -0.869057   -0.00593339      0.999955   -0.00746127      0.440737     0.0112215    0.00752752      0.999909      -1.79308
     0.999921    0.00630848    -0.0109141     -0.878583   -0.00639015      0.999952   -0.00746493      0.453801     0.0108665    0.00753408      0.999913      -1.78432
     0.999918    0.00653396    -0.0109936     -0.891497   -0.00661875      0.999948   -0.00769466      0.436126     0.0109428     0.0077668       0.99991      -1.79922
     0.999919    0.00642246    -0.0110233     -0.896028   -0.00650498      0.999951   -0.00746633      0.455678     0.0109748    0.00753743      0.999911      -1.79935
     0.999919    0.00638015    -0.0110139     -0.901836   -0.00646049      0.999953   -0.00727481      0.450663     0.0109669    0.00734538      0.999913      -1.72288
     0.999914    0.00664927    -0.0112825     -0.895741   -0.00673805      0.999946   -0.00784894      0.431922     0.0112297    0.00792429      0.999906      -1.83973
     0.999903    0.00708707    -0.0120293     -0.914739   -0.00717521      0.999948   -0.00729942      0.389361     0.0119769    0.00738502      0.999901      -1.85448
     0.999896    0.00671617    -0.0128001     -0.911493   -0.00681158      0.999949   -0.00742427      0.387502     0.0127496    0.00751068      0.999891      -1.79242
     0.999898    0.00658269    -0.0126941     -0.904115   -0.00668351      0.999946    -0.0079163      0.341476     0.0126413    0.00800033      0.999888      -1.67539
     0.999901    0.00595427     -0.012767     -0.903848    -0.0060425      0.999958    -0.0068829      0.313332     0.0127255    0.00695936      0.999895      -1.78336
     0.999905    0.00652318    -0.0121366     -0.871848   -0.00662869       0.99994    -0.0086738       0.27414     0.0120793    0.00875343      0.999889      -1.87004
     0.999902     0.0067753    -0.0122649     -0.907544   -0.00688262      0.999938   -0.00872911      0.338321      0.012205    0.00881267      0.999887      -1.56568
     0.999903    0.00603413    -0.0125339     -0.908041   -0.00611268      0.999962   -0.00623864      0.454594     0.0124957    0.00631465      0.999902      -1.49218
     0.999903    0.00612205    -0.0125254     -0.910631   -0.00618371      0.999969   -0.00488994      0.600095      0.012495    0.00496691       0.99991      -1.52496
     0.999901    0.00617304    -0.0126774     -0.931629   -0.00622447      0.999973   -0.00402135      0.636543     0.0126522    0.00409986      0.999912      -1.57348
     0.999911    0.00634606    -0.0117651     -0.910497   -0.00640551      0.999967   -0.00502234      0.591356     0.0117328    0.00509725      0.999918       -1.5544
     0.999911    0.00616315    -0.0117946      -0.90539   -0.00622235      0.999968   -0.00498861       0.53296     0.0117635    0.00506156      0.999918      -1.53617
      0.99991    0.00619139    -0.0118794     -0.913874   -0.00624206      0.999972   -0.00423319      0.580207     0.0118528    0.00430696       0.99992       -1.6473
      0.99991    0.00598033    -0.0120061     -0.919997    -0.0060292      0.999974   -0.00403847      0.595382     0.0119817    0.00411049       0.99992      -1.58942
     0.999915    0.00627057    -0.0114235     -0.911487   -0.00629551      0.999978   -0.00214872      0.688296     0.0114097    0.00222046      0.999932      -1.66722
     0.999912    0.00668103    -0.0114276     -0.923747   -0.00669582      0.999977   -0.00125627      0.712781     0.0114189    0.00133268      0.999934      -1.72246
     0.999909    0.00663733    -0.0117633     -0.925391   -0.00666656      0.999975   -0.00244747      0.670906     0.0117467    0.00252566      0.999928      -1.74782
     0.999911    0.00656407    -0.0116158     -0.915064   -0.00659563      0.999975   -0.00268111      0.668378     0.0115979    0.00275749      0.999929      -1.70849
     0.999911    0.00650206    -0.0116508     -0.921362   -0.00653986      0.999973   -0.00320972      0.649316     0.0116296    0.00328562      0.999927       -1.7067
     0.999908    0.00664068    -0.0118264     -0.923971   -0.00668598       0.99997    -0.0037951      0.656633     0.0118008    0.00387382      0.999923      -1.77183
     0.999907    0.00656933    -0.0119921     -0.941481   -0.00660751      0.999973   -0.00314699       0.65312     0.0119711    0.00322594      0.999923      -1.72337
     0.999909    0.00658637    -0.0117665     -0.944906   -0.00662117      0.999974   -0.00292121      0.668573      0.011747    0.00299885      0.999927      -1.78188
     0.999908    0.00626734    -0.0120624     -0.940823   -0.00630159      0.999976   -0.00280354      0.681844     0.0120445    0.00287929      0.999923      -1.74121
     0.999908     0.0063767    -0.0119837     -0.938159   -0.00641984      0.999973   -0.00356471      0.661842     0.0119607    0.00364131      0.999922      -1.79381
     0.999908    0.00649818    -0.0118954     -0.952361   -0.00653468      0.999974     -0.003032      0.679181     0.0118754    0.00310946      0.999925      -1.73985
     0.999904    0.00647349    -0.0122597     -0.965558   -0.00650203      0.999976   -0.00228986      0.692369     0.0122446    0.00236935      0.999922      -1.76814
     0.999904    0.00642687    -0.0123065     -0.963637   -0.00645192      0.999977   -0.00199709      0.719603     0.0122934     0.0020763      0.999922      -1.83704
     0.999902    0.00695647    -0.0121565     -0.986377   -0.00698987      0.999972   -0.00270698      0.701974     0.0121373    0.00279169      0.999922       -1.8154
       0.9999    0.00687088    -0.0123602     -0.998212   -0.00689893      0.999974   -0.00222807      0.689072     0.0123446    0.00231312      0.999921      -1.82895
     0.999899    0.00684678    -0.0124546     -0.987187    -0.0068716      0.999974   -0.00195104      0.728166     0.0124409    0.00203643      0.999921      -1.83255
     0.999904    0.00681637    -0.0120355     -0.996144   -0.00684698      0.999973   -0.00250396      0.693562     0.0120181    0.00258613      0.999924      -1.75868
     0.999898    0.00733686    -0.0122327      -1.01203   -0.00738758      0.999964    -0.0041066      0.623282     0.0122021    0.00419655      0.999917      -1.73051
     0.999898    0.00699586    -0.0124192     -0.955048   -0.00703993      0.999969   -0.00350869      0.642927     0.0123942    0.00359576      0.999917      -1.66461
      0.99992    0.00531069    -0.0114857     -0.824935   -0.00535223      0.999979   -0.00358926      0.761804     0.0114664    0.00365045      0.999928      -1.97113
     0.999917    0.00589143    -0.0114584     -0.864536   -0.00592421      0.999978   -0.00282927      0.699011     0.0114415    0.00289691       0.99993      -1.89995
     0.999911    0.00664158    -0.0115296     -0.906448    -0.0066857       0.99997   -0.00379252      0.535353     0.0115041    0.00386926      0.999926      -1.56257
     0.999908    0.00690921    -0.0116898     -0.929778   -0.00696655      0.999964   -0.00487166      0.590974     0.0116557    0.00495264       0.99992      -1.69703
     0.999906    0.00667794    -0.0119564     -0.935554   -0.00671906      0.999972    -0.0034027      0.634222     0.0119333    0.00348271      0.999923      -1.65009
      0.99991    0.00668463    -0.0116553     -0.936995   -0.00671293      0.999975   -0.00239055      0.641899      0.011639    0.00246858      0.999929      -1.65244
     0.999905    0.00668873    -0.0120829     -0.963631   -0.00671077      0.999976   -0.00178453      0.684646     0.0120707    0.00186544      0.999925      -1.66295
     0.999902    0.00678457     -0.012256     -0.975584   -0.00681888      0.999973   -0.00275985      0.646317     0.0122369    0.00284315      0.999921      -1.65423
     0.999895     0.0064178    -0.0129778     -0.969266   -0.00645021      0.999976   -0.00245716      0.631582     0.0129617    0.00254061      0.999913      -1.62139
     0.999889    0.00530849    -0.0138895     -0.912241   -0.00534524      0.999982   -0.00261017      0.542555     0.0138754    0.00268412        0.9999      -1.68881
       0.9999    0.00474603    -0.0133215     -0.824366   -0.00479328      0.999982   -0.00351739      0.460527     0.0133046     0.0035809      0.999905      -1.42411
     0.999906    0.00467256    -0.0129243     -0.839399   -0.00471567      0.999983   -0.00330654      0.516453     0.0129087    0.00336717      0.999911      -1.44954
       0.9999    0.00455015     -0.013358      -0.86875   -0.00457976      0.999987    -0.0021869      0.556737     0.0133479    0.00224785      0.999908      -1.50358
     0.999902     0.0049835    -0.0130825     -0.875187   -0.00504133      0.999978   -0.00439108      0.471726     0.0130604     0.0044566      0.999905       -1.4112
     0.999904    0.00517326    -0.0128153     -0.857031   -0.00525297      0.999967   -0.00619407      0.459204     0.0127828     0.0062608      0.999899      -1.36655
     0.999901      0.004285    -0.0134043     -0.842976   -0.00433206      0.999985   -0.00348375      0.600066     0.0133891    0.00354147      0.999904      -1.37635
     0.999896    0.00416303    -0.0137865      -0.85991   -0.00419434      0.999989   -0.00224236      0.690015      0.013777    0.00229996      0.999902      -1.33377
     0.999894    0.00429317     -0.013895     -0.893844   -0.00432169      0.999989   -0.00202304      0.694503     0.0138861    0.00208287      0.999901      -1.47055
     0.999892    0.00421134    -0.0140475     -0.896274   -0.00423101       0.99999   -0.00137099      0.627205     0.0140416    0.00143027        0.9999      -1.42688
     0.999899    0.00427766    -0.0135468      -0.82202   -0.00433923       0.99998   -0.00451854      0.554264     0.0135272    0.00457686      0.999898      -1.70647
     0.999908    0.00446539    -0.0128282     -0.811067    -0.0045329      0.999976   -0.00523823      0.513221     0.0128045     0.0052959      0.999904      -2.00613
     0.999902    0.00516807    -0.0129881     -0.854156   -0.00521836      0.999979   -0.00384119      0.375725     0.0129679    0.00390859      0.999908       -1.7223
     0.999908    0.00678603    -0.0117405     -0.825442   -0.00680398      0.999976   -0.00148974      0.300253     0.0117301    0.00156949       0.99993       -2.0319
     0.999889    0.00737354    -0.0129678     -0.882097   -0.00740884      0.999969   -0.00267607    -0.0333328     0.0129476    0.00277185      0.999912      -2.18689
     0.999901    0.00568826     -0.012865     -0.828936    -0.0058007      0.999945   -0.00871943       -0.1629     0.0128147    0.00879319      0.999879      -1.81611
     0.999902    0.00505445    -0.0130922     -0.786631   -0.00514532      0.999963   -0.00691679      0.151973     0.0130568    0.00698347       0.99989      -1.49394
     0.999902    0.00470234    -0.0131976     -0.807749   -0.00476657      0.999977    -0.0048396      0.285042     0.0131746    0.00490204      0.999901      -1.54764
       0.9999    0.00481611    -0.0133155     -0.809808   -0.00488529      0.999975   -0.00516764      0.327275     0.0132902    0.00523217      0.999898      -1.51281
     0.999892    0.00514015    -0.0137666     -0.803064   -0.00525864      0.999949   -0.00858499      0.147318     0.0137218    0.00865645      0.999868      -1.38035
       0.9999    0.00416777    -0.0134795     -0.796556   -0.00433049      0.999918    -0.0120652     0.0311461     0.0134281     0.0121224      0.999836       -1.5455
