# 3dvolreg matrices (DICOM-to-DICOM, row-by-row):
            1  -0.000253296  -0.000271257    -0.0229098    0.00025359      0.999999    0.00108456     0.0322791   0.000270982   -0.00108463      0.999999     -0.114517
            1   0.000115886  -4.02213e-06   0.000626573  -0.000115887             1   -0.00030976   -0.00740392   3.98624e-06   0.000309761             1    -0.0474434
            1  -5.27089e-11   1.55182e-10   1.77704e-09   5.27089e-11             1   5.98638e-11  -4.65728e-09  -1.55182e-10  -5.98638e-11             1   -1.0437e-10
            1   0.000252611   2.83854e-05    -0.0142668  -0.000252609             1  -8.23803e-05    0.00908652  -2.84062e-05   8.23732e-05             1    -0.0328144
            1   0.000239621  -0.000143685     -0.026027  -0.000239591             1   0.000207196     0.0176861   0.000143735  -0.000207161             1    -0.0126364
            1  -9.34513e-05  -0.000311744    -0.0135513   9.34105e-05             1  -0.000130617     0.0287619   0.000311756   0.000130588             1    -0.0933061
            1   1.18334e-05  -0.000200917   -0.00349315  -1.19172e-05             1  -0.000417235    0.00469059   0.000200912   0.000417237             1    -0.0533538
            1  -6.95309e-05  -0.000290294    0.00300339    6.9401e-05             1  -0.000447371     0.0170872   0.000290325   0.000447351             1    -0.0913003
            1  -0.000236076  -0.000378949   -0.00622904   0.000236117             1   0.000107192      0.044002   0.000378923  -0.000107281             1    -0.0829812
            1  -0.000118379  -0.000894826    -0.0362385   0.000118651             1    0.00030492     0.0424438    0.00089479  -0.000305026             1    -0.0876555
     0.999999  -2.64651e-05   -0.00141399    -0.0607499   2.59391e-05             1  -0.000371964     0.0485846      0.001414   0.000371927      0.999999     -0.105417
     0.999999  -0.000228747    -0.0013197    -0.0711735   0.000230127      0.999999    0.00104535     0.0858394    0.00131946   -0.00104565      0.999999    -0.0710037
     0.999999  -0.000333668   -0.00115419    -0.0610656   0.000334634             1   0.000837112     0.0812829    0.00115391  -0.000837498      0.999999     -0.144237
            1  -0.000154406  -0.000875991    -0.0561453   0.000155493      0.999999    0.00124114     0.0859298   0.000875799   -0.00124127      0.999999     -0.104036
            1  -0.000234937   -0.00058393    -0.0505485   0.000235256             1   0.000545821     0.0988123   0.000583802  -0.000545959             1     -0.165559
            1  -4.82176e-05  -0.000821694     -0.106847   4.93522e-05      0.999999    0.00138092      0.103135   0.000821627   -0.00138096      0.999999    -0.0519855
            1  -4.93038e-05  -0.000991538     -0.089646   5.01561e-05             1   0.000859521      0.122714   0.000991496  -0.000859571      0.999999      -0.13418
     0.999998   0.000136368   -0.00185857    -0.0901578  -0.000135899             1    0.00025229     0.0509817    0.00185861  -0.000252037      0.999998     -0.123556
     0.999998   9.41118e-05   -0.00195572    -0.0901985  -9.58917e-05             1  -0.000910041     0.0707095    0.00195563   0.000910227      0.999998     -0.492962
     0.999998   0.000494003   -0.00180306      -0.10397  -0.000493214             1   0.000437952     0.0427724    0.00180328  -0.000437062      0.999998     -0.399377
     0.999998    0.00053524   -0.00166035     -0.109683  -0.000535718             1  -0.000287067     0.0290246     0.0016602   0.000287956      0.999999     -0.360984
     0.999998   0.000450333   -0.00180561     -0.134344   -0.00045046             1  -7.00078e-05     0.0567373    0.00180558    7.0821e-05      0.999998     -0.284295
     0.999999   0.000250849   -0.00139147     -0.125157  -0.000250713             1   9.78733e-05     0.0517811    0.00139149  -9.75244e-05      0.999999     -0.324726
     0.999999    0.00010307    -0.0012246     -0.121465  -0.000102502             1   0.000463606     0.0330208    0.00122465   -0.00046348      0.999999     -0.333456
     0.999999   0.000166399   -0.00131856       -0.1134  -0.000166453             1  -4.07306e-05     0.0349569    0.00131855     4.095e-05      0.999999     -0.334725
     0.999999   0.000479461   -0.00117422     -0.124878  -0.000478966             1   0.000422165     0.0605604    0.00117442  -0.000421602      0.999999     -0.361288
     0.999999   0.000620334   -0.00126771     -0.131929  -0.000619593             1   0.000584943     0.0466379    0.00126807  -0.000584157      0.999999     -0.327492
     0.999999   0.000130051   -0.00102346      -0.10702  -0.000129694             1    0.00034919      0.057507     0.0010235  -0.000349057      0.999999     -0.350521
     0.999999   9.25125e-05   -0.00122249      -0.12461  -9.14089e-05             1   0.000902736     0.0525965    0.00122258  -0.000902624      0.999999     -0.292755
     0.999999   0.000136943   -0.00127244     -0.113326  -0.000137061             1  -9.26548e-05     0.0381823    0.00127243   9.28291e-05      0.999999     -0.330258
     0.999999   -9.5188e-05    -0.0013621     -0.105063   9.53574e-05             1   0.000124283     0.0341283    0.00136209  -0.000124413      0.999999     -0.270967
     0.999999  -0.000112875   -0.00137641    -0.0941186   0.000113255             1   0.000275369     0.0544489    0.00137638  -0.000275525      0.999999     -0.356307
     0.999999  -0.000220504   -0.00120847    -0.0802825   0.000220848             1   0.000284455     0.0524875    0.00120841  -0.000284721      0.999999      -0.33739
     0.999999  -0.000174435    -0.0012084    -0.0889019   0.000175009             1   0.000475421     0.0461962    0.00120831  -0.000475632      0.999999     -0.331321
     0.999999  -0.000198398   -0.00131636    -0.0872444   0.000199033             1   0.000482152     0.0682728    0.00131627  -0.000482413      0.999999     -0.357175
     0.999999  -0.000263539   -0.00141657    -0.0918109   0.000264778             1   0.000874605     0.0712739    0.00141634   -0.00087498      0.999999     -0.311405
     0.999999  -0.000566328   -0.00133232    -0.0982139   0.000567476      0.999999   0.000861437     0.0672095    0.00133183  -0.000862192      0.999999     -0.335098
     0.999999  -0.000226367   -0.00130015    -0.0993779   0.000227595             1   0.000944214     0.0587473    0.00129994  -0.000944509      0.999999      -0.29834
     0.999999  -0.000326618   -0.00114881     -0.108046    0.00032766             1   0.000906662     0.0379696    0.00114851  -0.000907037      0.999999     -0.282604
     0.999999  -0.000663763   -0.00109719     -0.100487      0.000665      0.999999    0.00112705      0.102034    0.00109644   -0.00112778      0.999999     -0.367754
     0.999999  -0.000292418   -0.00141731     -0.129233   0.000296404      0.999996    0.00281246      0.109581    0.00141648   -0.00281287      0.999995      -0.29695
     0.999999  -0.000112011    -0.0016493     -0.142273   0.000114071      0.999999    0.00124855     0.0852822    0.00164916   -0.00124873      0.999998     -0.458728
     0.999997  -0.000828111   -0.00248671      -0.20576   0.000835597      0.999995    0.00301056     0.0694626    0.00248421   -0.00301263      0.999992     -0.415928
     0.999997  -0.000204398   -0.00224676     -0.205882   0.000208488      0.999998    0.00182034     0.0413503    0.00224638    -0.0018208      0.999996     -0.494954
     0.999999    0.00011968   -0.00143689     -0.147349  -0.000118093      0.999999    0.00110445     0.0106722    0.00143702   -0.00110428      0.999998     -0.320496
     0.999999  -2.71072e-05   -0.00158222     -0.151578   3.02058e-05      0.999998    0.00195835      0.018658    0.00158217   -0.00195839      0.999997     -0.313277
     0.999999  -8.87516e-05   -0.00131387     -0.122888   9.03541e-05      0.999999     0.0012197     0.0662612    0.00131376   -0.00121982      0.999998     -0.405583
     0.999999  -0.000105251   -0.00148182     -0.120812   0.000107989      0.999998    0.00184814     0.0475178    0.00148162    -0.0018483      0.999997     -0.351639
     0.999999  -0.000178905   -0.00148028     -0.114484   0.000181965      0.999998    0.00206734     0.0695709    0.00147991    -0.0020676      0.999997     -0.430036
     0.999998  -0.000210006   -0.00190746     -0.135413   0.000215343      0.999996    0.00279829     0.0937096    0.00190686   -0.00279869      0.999994     -0.420833
     0.999998  -0.000243944   -0.00197353     -0.127719   0.000248705      0.999997    0.00241276     0.0999025    0.00197293   -0.00241325      0.999995     -0.454947
     0.999998  -0.000426508   -0.00179997     -0.120809   0.000431913      0.999995    0.00300356      0.096224    0.00179868   -0.00300433      0.999994     -0.441382
     0.999998  -0.000501995   -0.00211764     -0.127052   0.000509263      0.999994    0.00343266      0.115541     0.0021159   -0.00343373      0.999992     -0.457943
     0.999997  -0.000592585   -0.00233581      -0.13214   0.000599524      0.999995    0.00297148      0.107193    0.00233404   -0.00297287      0.999993     -0.450229
     0.999997  -0.000477455   -0.00221516     -0.136742   0.000483689      0.999996     0.0028145      0.121344    0.00221381   -0.00281557      0.999994     -0.441641
     0.999998  -0.000489943   -0.00188563     -0.133181   0.000495757      0.999995    0.00308434      0.118489    0.00188411   -0.00308527      0.999993     -0.446284
     0.999998  -0.000396775   -0.00208924     -0.146275   0.000404933      0.999992     0.0039055      0.134187    0.00208768   -0.00390633       0.99999     -0.429451
     0.999998  -0.000381645   -0.00212813     -0.144986   0.000387613      0.999996    0.00280453      0.125237    0.00212705   -0.00280535      0.999994     -0.459876
     0.999997  -0.000266755   -0.00240837     -0.171271   0.000273239      0.999996    0.00269213      0.103355    0.00240764   -0.00269278      0.999993     -0.382882
     0.999996  -0.000327999   -0.00279198     -0.171471   0.000333842      0.999998    0.00209245       0.13806    0.00279129   -0.00209338      0.999994     -0.512718
     0.999996   -0.00015332   -0.00288643     -0.187223   0.000162605      0.999995     0.0032168      0.132894    0.00288593   -0.00321726      0.999991     -0.439537
     0.999997   0.000169294   -0.00245844     -0.209781  -0.000163659      0.999997    0.00229214      0.165571    0.00245882   -0.00229173      0.999994     -0.530887
     0.999998   0.000196392   -0.00216309     -0.221263  -0.000190327      0.999996    0.00280343      0.152716    0.00216363   -0.00280301      0.999994     -0.502645
     0.999998   3.49252e-05   -0.00181787     -0.206754  -2.96035e-05      0.999996    0.00292736      0.137109    0.00181796    -0.0029273      0.999994     -0.552513
     0.999998   3.25801e-05   -0.00201136     -0.185664  -2.58674e-05      0.999994     0.0033373      0.168607    0.00201146   -0.00333724      0.999992     -0.554976
     0.999997  -3.43786e-05   -0.00228909     -0.198905   4.11277e-05      0.999996    0.00294838      0.178253    0.00228898   -0.00294847      0.999993     -0.555532
     0.999997   -9.2751e-05   -0.00247857     -0.212165   0.000101336      0.999994    0.00346374      0.172806    0.00247823   -0.00346398      0.999991      -0.53964
     0.999997   0.000118345   -0.00261619     -0.189757  -0.000110484      0.999995    0.00300438      0.158193    0.00261653   -0.00300408      0.999992     -0.543833
     0.999997   0.000413533   -0.00236019     -0.193351  -0.000407233      0.999996    0.00266885      0.135496    0.00236129   -0.00266788      0.999994     -0.598754
     0.999998   0.000618939   -0.00211394     -0.221584  -0.000612627      0.999995    0.00298548     0.0990352    0.00211578   -0.00298418      0.999993     -0.510263
     0.999996  -2.45442e-05   -0.00278106     -0.262113   3.41668e-05      0.999994    0.00346004     0.0653819    0.00278096   -0.00346012       0.99999     -0.710453
     0.999991   0.000655945   -0.00427495      -0.37288  -0.000631516      0.999983    0.00571342     -0.036527    0.00427863   -0.00571067      0.999975     -0.969327
     0.999972    0.00258972   -0.00703801     -0.632121   -0.00253582      0.999967    0.00765674     -0.191922    0.00705761   -0.00763868      0.999946      -1.15056
      0.99996    0.00257893   -0.00857468     -0.723384   -0.00252837      0.999979    0.00590205     -0.192583    0.00858972   -0.00588013      0.999946      -1.12108
     0.999976    0.00187235   -0.00661141     -0.519525   -0.00186854      0.999998   0.000582794      -0.17259    0.00661249  -0.000570426      0.999978      -0.44064
     0.999981    0.00100094   -0.00603099     -0.442391   -0.00100009      0.999999   0.000144017     -0.126253    0.00603113  -0.000137982      0.999982     -0.343193
     0.999982    0.00106237   -0.00595216     -0.433928   -0.00106016      0.999999    0.00037411    -0.0478005    0.00595256  -0.000367793      0.999982     -0.307747
      0.99998   0.000634785   -0.00635014      -0.45788   -0.00062611      0.999999    0.00136792    -0.0119178      0.006351   -0.00136392      0.999979     -0.338156
     0.999981   0.000159771   -0.00616689     -0.450226   -0.00015411             1   0.000918293      0.016154    0.00616704  -0.000917325      0.999981     -0.570184
     0.999977   0.000332455   -0.00675123     -0.490195  -0.000308448      0.999994    0.00355679     0.0531891    0.00675237   -0.00355462      0.999971     -0.525485
     0.999973   0.000166887   -0.00736898     -0.506622  -0.000144616      0.999995    0.00302272     0.0290854    0.00736945   -0.00302157      0.999968     -0.526535
     0.999976   0.000445139   -0.00688868      -0.49297   -0.00042354      0.999995    0.00313652      0.112248    0.00689005   -0.00313353      0.999971     -0.585328
     0.999968    0.00114841   -0.00789953     -0.549033   -0.00112042      0.999993    0.00354635      0.112006    0.00790355   -0.00353739      0.999963     -0.574237
     0.999969    0.00152102   -0.00770383     -0.548763   -0.00149377      0.999993    0.00354087      0.132526    0.00770916   -0.00352925      0.999964     -0.544348
     0.999972     0.0012736   -0.00740527       -0.5375   -0.00125017      0.999994    0.00316874      0.157571    0.00740926    -0.0031594      0.999968     -0.628664
     0.999973   0.000914669   -0.00733614     -0.537967  -0.000890094      0.999994    0.00335237      0.134735    0.00733916   -0.00334575      0.999967     -0.550655
     0.999979   6.68545e-05   -0.00647461     -0.513189  -5.60101e-05      0.999999    0.00167507      0.136752    0.00647471   -0.00167467      0.999978     -0.708336
     0.999979   0.000215075   -0.00647233     -0.493457  -0.000196935      0.999996     0.0028033      0.111754    0.00647291   -0.00280196      0.999975     -0.629281
     0.999981  -0.000890415   -0.00617148     -0.546975   0.000897059      0.999999    0.00107382      0.136709    0.00617052   -0.00107933       0.99998     -0.796754
     0.999978  -0.000325548   -0.00665585      -0.56585   0.000329607             1   0.000608734     0.0842702    0.00665565  -0.000610915      0.999978     -0.674541
     0.999977   0.000518399   -0.00679252     -0.588187  -0.000506425      0.999998    0.00176436     0.0730389    0.00679342   -0.00176088      0.999975     -0.830058
     0.999982   0.000650567   -0.00600518     -0.595392  -0.000630925      0.999994    0.00327219  -0.000121231    0.00600728   -0.00326834      0.999977     -0.831772
     0.999978    0.00137769   -0.00643352     -0.635977   -0.00137044      0.999998    0.00113203     -0.250313    0.00643507   -0.00112319      0.999979      -1.03803
     0.999982   0.000936207   -0.00589387     -0.617964  -0.000931777      0.999999   0.000754303     -0.329056    0.00589458  -0.000748798      0.999982      -1.09183
     0.999988    0.00104807    -0.0048079     -0.510778   -0.00105888      0.999997   -0.00224483      -0.30145    0.00480553     0.0022499      0.999986     -0.667426
     0.999987   9.76904e-05   -0.00504418     -0.503985  -0.000105886      0.999999    -0.0016246      -0.26894    0.00504402    0.00162512      0.999986     -0.632359
     0.999985  -0.000557861   -0.00537567     -0.473553   0.000551758      0.999999   -0.00113675     -0.181812     0.0053763    0.00113377      0.999985     -0.672976
     0.999989  -0.000217538    -0.0047077     -0.407284    0.00021598             1  -0.000331605     -0.111073    0.00470777   0.000330584      0.999989     -0.808618
     0.999991   0.000370821     -0.004242     -0.401944  -0.000383804      0.999995   -0.00306028     -0.219358    0.00424085    0.00306188      0.999986     -0.570114
     0.999991  -0.000166688   -0.00428088     -0.402342   0.000155627      0.999997    -0.0025839     -0.115432     0.0042813    0.00258321      0.999987     -0.641872
      0.99999   -0.00063164   -0.00447134     -0.398178   0.000626474      0.999999   -0.00115686    -0.0711883    0.00447206    0.00115404      0.999989      -0.66713
     0.999989   -0.00073241   -0.00465488     -0.423605   0.000733166             1   0.000160797     0.0192337    0.00465476  -0.000164208      0.999989     -0.795382
      0.99999   -0.00074901   -0.00432899     -0.410654   0.000750175             1   0.000267462    -0.0192856    0.00432879  -0.000270707      0.999991     -0.760125
     0.999992  -0.000385426   -0.00396776     -0.391627   0.000384232             1  -0.000301525    -0.0138228    0.00396788   0.000299998      0.999992     -0.757885
     0.999992   -0.00059681   -0.00400256     -0.392338   0.000597146             1   8.28782e-05     0.0235388    0.00400251  -8.52676e-05      0.999992     -0.739062
      0.99999  -0.000539963   -0.00446185     -0.404527   0.000539899             1  -1.55657e-05      0.021986    0.00446186   1.31566e-05       0.99999     -0.754398
      0.99999  -0.000103006   -0.00439614     -0.428327   0.000102543             1  -0.000105464     0.0066687    0.00439615   0.000105012       0.99999     -0.775017
     0.999989  -0.000126143   -0.00471888      -0.43454    0.00013169      0.999999    0.00117521     0.0946594    0.00471873   -0.00117582      0.999988      -0.74224
      0.99999  -0.000287788   -0.00439732     -0.428916    0.00029467      0.999999    0.00156453     0.0989018    0.00439687   -0.00156581      0.999989     -0.801233
      0.99999  -0.000196736   -0.00457167     -0.435708   0.000205174      0.999998    0.00184526     0.0857355     0.0045713   -0.00184618      0.999988     -0.803044
     0.999989  -0.000278174    -0.0045992     -0.426433   0.000286294      0.999998    0.00176501      0.114261     0.0045987   -0.00176631      0.999988     -0.829108
     0.999991  -0.000316537   -0.00414481     -0.409009    0.00032548      0.999998    0.00215713      0.131523    0.00414412   -0.00215846      0.999989     -0.795487
     0.999991  -6.21915e-05   -0.00418409     -0.420661   6.78761e-05      0.999999     0.0013585     0.0821889      0.004184   -0.00135878       0.99999     -0.777631
     0.999991  -7.94773e-05    -0.0043209     -0.426375   8.48248e-05      0.999999    0.00123742      0.116973     0.0043208   -0.00123777       0.99999     -0.786666
      0.99999   -0.00021202   -0.00444931     -0.427652   0.000217824      0.999999    0.00130396      0.127741    0.00444903   -0.00130492      0.999989     -0.774804
      0.99999  -7.21494e-06   -0.00436182     -0.417857   1.07782e-05             1   0.000816894      0.104593    0.00436181  -0.000816933       0.99999      -0.79886
     0.999991   6.23392e-05   -0.00425959     -0.441963  -5.88077e-05             1   0.000829186     0.0624674    0.00425964  -0.000828928      0.999991     -0.776342
     0.999995   2.85695e-05   -0.00321059      -0.40563  -2.91276e-05             1  -0.000173804     0.0400118    0.00321058   0.000173897      0.999995     -0.754047
     0.999995   9.02383e-05   -0.00314396     -0.396892  -9.03619e-05             1  -3.91679e-05     0.0784807    0.00314395   3.94518e-05      0.999995     -0.585256
     0.999995  -4.46866e-05    -0.0032677     -0.401732   4.98925e-05      0.999999    0.00159309      0.181876    0.00326763   -0.00159324      0.999993     -0.817775
     0.999995  -0.000352833   -0.00318048     -0.401627   0.000350722             1  -0.000664496      0.158903    0.00318071   0.000663377      0.999995      -1.16556
     0.999994   0.000584164   -0.00331319     -0.405023  -0.000586916      0.999999  -0.000829736     0.0262417    0.00331271   0.000831676      0.999994     -0.800917
     0.999992   0.000598081   -0.00404476     -0.408511  -0.000591364      0.999998    0.00166156     0.0366092    0.00404574   -0.00165915       0.99999     -0.538138
      0.99999   0.000329195   -0.00437426     -0.418121  -0.000306591      0.999987    0.00516723     0.0275812     0.0043759   -0.00516584      0.999977     -0.558239
     0.999993   0.000515634   -0.00379846     -0.469628  -0.000492901      0.999982    0.00598336    -0.0484995    0.00380148   -0.00598144      0.999975     -0.507874
      0.99999   -0.00010428   -0.00451221     -0.569456   0.000125263      0.999989    0.00465017     -0.194504    0.00451168   -0.00465068      0.999979     -0.622424
     0.999987    0.00110034   -0.00503616     -0.625173   -0.00107225      0.999984     0.0055772      -0.30819    0.00504221   -0.00557172      0.999972     -0.781412
     0.999978    0.00402505   -0.00523374     -0.669595   -0.00397411      0.999945    0.00970701     -0.442695    0.00527253     -0.009686      0.999939      -0.91858
     0.999973     0.0051887   -0.00518686     -0.729341   -0.00513614      0.999936      0.010097     -0.573751    0.00523892    -0.0100701      0.999936      -1.07429
     0.999978    0.00422979   -0.00507049      -0.70961   -0.00421038      0.999984    0.00383266     -0.473817    0.00508661   -0.00381123       0.99998      -0.69161
     0.999979    0.00385414   -0.00521577      -0.67903   -0.00382785       0.99998    0.00504178     -0.348533     0.0052351    -0.0050217      0.999974     -0.557138
     0.999979    0.00363472   -0.00531038     -0.658682   -0.00359496      0.999966    0.00747799     -0.257727    0.00533737   -0.00745874      0.999958      -0.54258
     0.999978    0.00319814   -0.00584277     -0.663367   -0.00315406      0.999967     0.0075384     -0.174345    0.00586669   -0.00751981      0.999955     -0.494589
     0.999977    0.00276022   -0.00620914     -0.686172   -0.00270916      0.999963    0.00821636     -0.125434    0.00623158   -0.00819935      0.999947     -0.598193
     0.999975      0.003035   -0.00634913     -0.697441   -0.00299163      0.999972      0.006829     -0.149893    0.00636968   -0.00680984      0.999957     -0.637445
     0.999976    0.00307556   -0.00624704     -0.683775   -0.00304216      0.999981    0.00534968      -0.17974    0.00626338   -0.00533055      0.999966     -0.784739
     0.999979    0.00222358   -0.00607949     -0.687092   -0.00218861      0.999981     0.0057536     -0.136509    0.00609217   -0.00574018      0.999965     -0.774744
     0.999981    0.00196367   -0.00591485     -0.688485   -0.00192673      0.999979    0.00624416     -0.113279    0.00592698   -0.00623265      0.999963     -0.820063
      0.99998    0.00190294   -0.00596679     -0.686956   -0.00186655       0.99998    0.00609739     -0.107319    0.00597827   -0.00608613      0.999964     -0.766434
     0.999972    0.00270809   -0.00694102     -0.698239   -0.00267258      0.999983    0.00512025    -0.0364989    0.00695477   -0.00510156      0.999963     -0.861255
     0.999972    0.00245423   -0.00710392     -0.687558   -0.00240464      0.999973    0.00698063    -0.0649753    0.00712086   -0.00696335       0.99995     -0.726641
     0.999977    0.00265263   -0.00624373      -0.57115    -0.0026055      0.999968    0.00754461     0.0523609    0.00626355   -0.00752816      0.999952     -0.706294
     0.999977    0.00220053    -0.0064442     -0.607609   -0.00216168      0.999979    0.00602864     -0.139846    0.00645733   -0.00601457      0.999961     -0.547815
     0.999979    0.00184826     -0.006284     -0.572648   -0.00181323      0.999983    0.00557464    -0.0883282     0.0062942   -0.00556313      0.999965     -0.638755
     0.999979    0.00203411   -0.00618642     -0.587868   -0.00199635      0.999979     0.0061043     -0.020205    0.00619871   -0.00609182      0.999962     -0.563219
      0.99998    0.00123892   -0.00619931     -0.575863   -0.00120961      0.999988    0.00472961    -0.0403302    0.00620509   -0.00472202       0.99997     -0.573166
     0.999978    0.00141268    -0.0064814     -0.590519    -0.0013824      0.999988    0.00467291    -0.0344921    0.00648792   -0.00466385      0.999968     -0.642558
     0.999978    0.00159331   -0.00637975     -0.618184   -0.00156168      0.999986    0.00495987    -0.0633046    0.00638757    -0.0049498      0.999967     -0.748506
     0.999977     0.0015488   -0.00658766     -0.612776   -0.00151194      0.999983    0.00559766       0.01492    0.00659622   -0.00558757      0.999963     -0.676323
     0.999972    0.00157025   -0.00725257      -0.63582   -0.00153145      0.999985    0.00535201    -0.0115406    0.00726086   -0.00534075      0.999959     -0.809786
     0.999975    0.00190149   -0.00679375     -0.641832   -0.00185475      0.999975     0.0068786    -0.0677382    0.00680666   -0.00686583      0.999953     -0.716407
     0.999979    0.00191171    -0.0061776     -0.652524   -0.00186929      0.999975    0.00686476    -0.0494062    0.00619057   -0.00685307      0.999957     -0.834146
     0.999979    0.00152867   -0.00634051     -0.729386   -0.00147947      0.999969    0.00775798    -0.0825729    0.00635217   -0.00774844       0.99995     -0.921348
     0.999971    0.00323289   -0.00688252     -0.787948   -0.00318739      0.999973    0.00661154     -0.181461    0.00690371   -0.00658941      0.999954      -1.08068
     0.999974     0.0036904   -0.00624148     -0.807684   -0.00364755       0.99997    0.00686356     -0.167295    0.00626662   -0.00684061      0.999957     -0.823795
     0.999979    0.00265587   -0.00597661     -0.763203   -0.00261094      0.999968    0.00751267    -0.0184789    0.00599637    -0.0074969      0.999954     -0.826755
     0.999977    0.00246615   -0.00635324     -0.748738   -0.00241655      0.999967    0.00780314   -0.00718428    0.00637227    -0.0077876      0.999949     -0.777034
     0.999978    0.00237875   -0.00621869     -0.740357   -0.00233762      0.999975    0.00661223    -0.0331369    0.00623427   -0.00659755      0.999959     -0.739103
     0.999977    0.00227589   -0.00635977     -0.744025   -0.00222776      0.999969    0.00756491     0.0167279    0.00637679   -0.00755057      0.999951     -0.722607
     0.999976    0.00205551   -0.00667092     -0.752231   -0.00200261      0.999967    0.00792671     0.0354234    0.00668699   -0.00791316      0.999946     -0.781903
     0.999972    0.00212634   -0.00723722     -0.764445   -0.00207481      0.999973    0.00711973     0.0337217    0.00725216   -0.00710452      0.999948     -0.765234
     0.999976    0.00195746   -0.00668048     -0.709359   -0.00191203      0.999975    0.00680087     0.0345182    0.00669362   -0.00678793      0.999955     -0.855709
     0.999978    0.00171229   -0.00642759      -0.70419    -0.0016645      0.999971    0.00743313     0.0271599    0.00644013   -0.00742227      0.999952     -0.852757
     0.999978    0.00210735   -0.00636597     -0.724057   -0.00205937      0.999969    0.00753454     0.0681194    0.00638166   -0.00752126      0.999951     -0.894631
     0.999978      0.002385    -0.0061514     -0.737143   -0.00233872      0.999969    0.00751941     0.0592511    0.00616914   -0.00750486      0.999953     -0.870507
     0.999977    0.00235029   -0.00642346     -0.755956   -0.00229004      0.999953    0.00937033      0.103859    0.00644518    -0.0093554      0.999935     -0.914845
     0.999976    0.00213381   -0.00653414     -0.733416   -0.00206962       0.99995    0.00981385      0.164902    0.00655475   -0.00980009       0.99993      -1.00657
      0.99998    0.00197685   -0.00599412     -0.714114   -0.00191899      0.999952    0.00964379      0.120298    0.00601289    -0.0096321      0.999936     -0.943793
     0.999982    0.00221863   -0.00560668     -0.710229    -0.0021682      0.999957    0.00898542     0.0973004    0.00562638    -0.0089731      0.999944     -0.920136
     0.999978     0.0022428   -0.00617647     -0.715139   -0.00219044      0.999962    0.00847201      0.129462    0.00619523   -0.00845829      0.999945     -0.948249
      0.99998    0.00211029   -0.00604232     -0.709641   -0.00206665      0.999972    0.00721997     0.0564313    0.00605738   -0.00720734      0.999956     -0.887166
     0.999981    0.00185417   -0.00594474     -0.723263   -0.00181109      0.999972     0.0072441     0.0356818    0.00595801   -0.00723319      0.999956     -0.896598
      0.99998    0.00187935   -0.00602457      -0.71904   -0.00183099      0.999966    0.00802248     0.0733773    0.00603944   -0.00801129       0.99995     -0.894788
      0.99998    0.00206269   -0.00605942      -0.72922   -0.00201458      0.999966    0.00793527     0.0774107    0.00607558    -0.0079229       0.99995     -0.892343
     0.999979    0.00197285   -0.00618887     -0.750234   -0.00192777      0.999972     0.0072811      0.128945    0.00620306   -0.00726902      0.999954      -1.05932
     0.999978    0.00113434   -0.00660202     -0.737296   -0.00109918      0.999985    0.00532618      0.233187    0.00660796    -0.0053188      0.999964      -1.58179
     0.999982     0.0015079   -0.00578267     -0.680979   -0.00149475      0.999996    0.00227901     0.0565421    0.00578609   -0.00227033      0.999981       -1.7696
     0.999977    0.00237031   -0.00638203     -0.725357    -0.0023583      0.999995    0.00188844     -0.128422    0.00638648   -0.00187335      0.999978      -1.33756
     0.999975    0.00195593   -0.00681278     -0.692664   -0.00194181      0.999996    0.00207908    -0.0521766    0.00681682    -0.0020658      0.999975      -1.00764
     0.999971    0.00207087   -0.00732311     -0.693631    -0.0020447      0.999992    0.00357919     0.0621187    0.00733046   -0.00356411      0.999967     -0.950641
     0.999968    0.00183889   -0.00779973     -0.716506    -0.0018119      0.999992    0.00346635     0.0387772    0.00780604   -0.00345211      0.999964     -0.911538
     0.999966    0.00210048   -0.00792942     -0.718323   -0.00206694      0.999989    0.00423624     0.0655988    0.00793823   -0.00421971       0.99996     -0.965851
     0.999964     0.0021034   -0.00819578      -0.72915   -0.00206593      0.999987    0.00457683     0.0724932     0.0082053   -0.00455973      0.999956      -1.03443
     0.999966    0.00226388   -0.00794023     -0.719985   -0.00222781      0.999987    0.00454842       0.07989    0.00795043   -0.00453058      0.999958     -0.963385
     0.999964    0.00222705   -0.00820015      -0.74091     -0.002189      0.999987    0.00464677       0.12363    0.00821039   -0.00462865      0.999956     -0.976648
     0.999962    0.00136199   -0.00860873      -0.77468   -0.00133601      0.999995    0.00302293     0.0560344     0.0086128   -0.00301131      0.999958      -1.15269
     0.999965    0.00165735   -0.00816834     -0.780875   -0.00162716      0.999992    0.00370124     -0.108234    0.00817441   -0.00368782       0.99996      -1.13417
     0.999965    0.00257516    -0.0079357     -0.807844   -0.00254516       0.99999     0.0037891     -0.291674    0.00794538   -0.00376877      0.999961      -1.36257
     0.999942    0.00440736   -0.00984312     -0.955198   -0.00438598      0.999988    0.00219241     -0.428271    0.00985267   -0.00214911      0.999949      -1.43128
     0.999948    0.00445523   -0.00919112     -0.946008   -0.00444789       0.99999   0.000819532     -0.289327    0.00919467  -0.000778608      0.999957      -1.07923
     0.999964      0.002825   -0.00804116     -0.829161    -0.0028118      0.999995    0.00165249     -0.172663    0.00804579   -0.00162982      0.999966     -0.999201
     0.999963     0.0032462   -0.00796554     -0.777144   -0.00321303      0.999986    0.00417365    -0.0391758    0.00797898    -0.0041479       0.99996      -1.03314
     0.999953    0.00343831   -0.00902395     -0.821952   -0.00343652      0.999994   0.000213645     -0.251323    0.00902463  -0.000182624      0.999959     -0.704898
     0.999953    0.00305673   -0.00917148     -0.777244   -0.00307962      0.999992   -0.00248238     -0.153944    0.00916382     0.0025105      0.999955      -0.82565
      0.99995    0.00306227   -0.00951485     -0.795971   -0.00310597      0.999985     -0.004581     -0.143829    0.00950068    0.00461032      0.999944      -1.25643
     0.999955    0.00268038   -0.00904609     -0.778159    -0.0027131       0.99999   -0.00360775     -0.146425    0.00903633    0.00363213      0.999953      -1.01697
     0.999953    0.00282298   -0.00928467     -0.740243    -0.0028408      0.999994   -0.00190671    -0.0493973    0.00927924    0.00193299      0.999955     -0.578586
     0.999952    0.00265178   -0.00942772     -0.739071   -0.00266392      0.999996   -0.00127595    -0.0308176    0.00942429    0.00130101      0.999955     -0.547195
     0.999951    0.00272389   -0.00951064     -0.761164   -0.00273708      0.999995    -0.0013741    -0.0283941    0.00950685    0.00140006      0.999954     -0.634467
     0.999953    0.00280038   -0.00929482     -0.787655   -0.00281048      0.999995   -0.00107343    0.00275558    0.00929177     0.0010995      0.999956     -0.652131
     0.999948    0.00285919   -0.00979031     -0.792071   -0.00287279      0.999995   -0.00137465    -0.0212455    0.00978633     0.0014027      0.999951     -0.607809
     0.999931    0.00291089     -0.011424     -0.697464   -0.00296333      0.999985   -0.00457594      -0.12602     0.0114106    0.00460947      0.999924     -0.819497
     0.999941     0.0028829    -0.0105018     -0.731096   -0.00290644      0.999993   -0.00222714     -0.146514     0.0104953    0.00225753      0.999942     -0.688204
     0.999947    0.00275854   -0.00992825     -0.755097   -0.00277395      0.999995   -0.00153871     -0.113429    0.00992396    0.00156617       0.99995      -0.86094
     0.999955    0.00249706   -0.00915887      -0.77358   -0.00251279      0.999995   -0.00170655      -0.13069    0.00915456    0.00172949      0.999957     -0.902858
     0.999952    0.00303717   -0.00928209     -0.745738   -0.00307368      0.999988    -0.0039222     -0.281281    0.00927006    0.00395054      0.999949     -0.799432
     0.999948    0.00298172   -0.00970662     -0.685627   -0.00304133      0.999977   -0.00613221     -0.174788     0.0096881    0.00616142      0.999934     -0.883354
     0.999951    0.00214549   -0.00968363     -0.697151   -0.00221214      0.999974   -0.00687657      -0.12376    0.00966862    0.00689766      0.999929     -0.947215
     0.999943    0.00223239    -0.0104547     -0.720028   -0.00228791      0.999983   -0.00530142     -0.143511     0.0104427    0.00532503      0.999931      -0.80506
     0.999939    0.00178745    -0.0109351     -0.731307    -0.0018611      0.999976   -0.00672811     -0.172886     0.0109228    0.00674805      0.999918     -0.700871
     0.999933    0.00226613    -0.0113297     -0.697289   -0.00232668      0.999983   -0.00533447      -0.13894     0.0113174    0.00536047      0.999922     -0.897297
     0.999933    0.00176589    -0.0114243      -0.71998   -0.00182287      0.999986   -0.00497939      -0.10716     0.0114154    0.00499988      0.999922     -0.982557
