# 3dvolreg matrices (DICOM-to-DICOM, row-by-row):
     0.999952    0.00644637   -0.00742113     -0.389243   -0.00666007      0.999553    -0.0291408     -0.535986    0.00722996     0.0291888      0.999548     -0.633212
     0.999944    0.00673964   -0.00817424     -0.405184   -0.00699552      0.999473    -0.0316893     -0.737333    0.00795636     0.0317447      0.999464     -0.502803
     0.999951    0.00627876   -0.00770227     -0.415811   -0.00650872      0.999523    -0.0302029     -0.708819    0.00750895     0.0302516      0.999514     -0.623586
     0.999952    0.00553384   -0.00814157     -0.476432    -0.0057644      0.999575    -0.0285733      -0.86647    0.00797999     0.0286189      0.999559     -0.888204
     0.999953    0.00591939   -0.00762552     -0.484754   -0.00610088      0.999693    -0.0240013     -0.872712     0.0074811     0.0240467      0.999683      -1.18629
     0.999963    0.00644803   -0.00567738     -0.463373   -0.00658919      0.999661    -0.0252062     -0.801418    0.00551293     0.0252427      0.999666      -1.06805
     0.999965    0.00595819   -0.00594402     -0.472283   -0.00611283      0.999634    -0.0263453     -0.606278    0.00578488     0.0263807      0.999635     -0.655356
     0.999967     0.0056086    -0.0058706     -0.433538   -0.00575803      0.999652    -0.0257527     -0.491838    0.00572412     0.0257857      0.999651     -0.535755
     0.999968    0.00592099   -0.00539939     -0.405574   -0.00606059      0.999638    -0.0262147     -0.537051    0.00524222     0.0262466      0.999642     -0.492898
     0.999968     0.0058205   -0.00548768     -0.397647   -0.00595775      0.999661    -0.0253338     -0.492212    0.00533837     0.0253657      0.999664     -0.593799
     0.999965    0.00566876    -0.0060753     -0.410446   -0.00581818      0.999674    -0.0248675     -0.430031    0.00593235      0.024902      0.999672     -0.578717
     0.999965    0.00569547   -0.00617337     -0.409885   -0.00584795      0.999671    -0.0249701     -0.419089    0.00602913     0.0250053      0.999669      -0.58555
     0.999965    0.00569267   -0.00607707     -0.403437   -0.00584406      0.999666    -0.0251905     -0.415786    0.00593164     0.0252251      0.999664     -0.571942
     0.999966      0.005405   -0.00618006     -0.396637   -0.00556174      0.999656    -0.0256319      -0.42416    0.00603939     0.0256654      0.999652     -0.603357
     0.999963    0.00534459   -0.00668329     -0.406054   -0.00551025      0.999672    -0.0250186     -0.396126    0.00654738     0.0250545      0.999665     -0.687824
     0.999965    0.00556434   -0.00617077      -0.39709   -0.00572098      0.999654    -0.0256643     -0.392793    0.00602583     0.0256987      0.999652      -0.93583
     0.999964    0.00575513   -0.00616692     -0.408598   -0.00590928      0.999663    -0.0252768     -0.472921    0.00601937     0.0253123      0.999661        -0.648
     0.999966    0.00550872   -0.00616974     -0.400305   -0.00566524      0.999655    -0.0256457     -0.389809    0.00602634     0.0256797      0.999652      -0.73616
     0.999964    0.00551573   -0.00637587     -0.407537   -0.00567437      0.999668    -0.0251369     -0.399178    0.00623511     0.0251722      0.999664     -0.678797
     0.999964    0.00533114    -0.0065424     -0.406831   -0.00549461      0.999667    -0.0252275     -0.342577    0.00640573     0.0252625       0.99966     -0.659805
     0.999965    0.00519456   -0.00649936     -0.398807   -0.00534936      0.999697    -0.0240307     -0.276586    0.00637257     0.0240647       0.99969     -0.597695
     0.999967    0.00510485    -0.0063578     -0.408678    -0.0052591      0.999686    -0.0244861     -0.308151    0.00623081     0.0245187       0.99968     -0.681985
     0.999966    0.00518183   -0.00637281     -0.403251   -0.00533149      0.999705    -0.0236955     -0.292222    0.00624814     0.0237286      0.999699     -0.634654
     0.999965     0.0051346   -0.00660774     -0.397903   -0.00528934      0.999707    -0.0236173      -0.27673    0.00648454     0.0236514      0.999699     -0.656692
     0.999971    0.00465692   -0.00594809     -0.353049   -0.00479695      0.999706    -0.0237494      -0.27149    0.00583574     0.0237773        0.9997     -0.644132
     0.999971    0.00459478   -0.00602146     -0.374128   -0.00473281      0.999722     -0.023112     -0.240141    0.00591359     0.0231399      0.999715     -0.660203
     0.999969    0.00491112   -0.00610296     -0.393905   -0.00504875      0.999729     -0.022744     -0.222567     0.0059896     0.0227741      0.999723     -0.778226
     0.999967    0.00503295   -0.00633464     -0.412528   -0.00517819      0.999719    -0.0231247     -0.240531    0.00621647     0.0231567      0.999713     -0.756649
     0.999966    0.00501806   -0.00660402     -0.421812   -0.00516222      0.999745    -0.0219953     -0.227802    0.00649196     0.0220287      0.999736     -0.660274
     0.999966    0.00474256   -0.00669075     -0.410469   -0.00488446       0.99976    -0.0213532     -0.162539    0.00658788     0.0213852       0.99975     -0.843585
     0.999962    0.00505089   -0.00710545     -0.432912   -0.00520373      0.999752    -0.0216596     -0.199096    0.00699428     0.0216958       0.99974     -0.686521
     0.999963    0.00525998   -0.00682241     -0.410496   -0.00541864       0.99971    -0.0234507       -0.2505    0.00669708     0.0234868      0.999702     -0.794945
     0.999966    0.00495732    -0.0065951     -0.409974   -0.00510288       0.99974    -0.0222396     -0.252698    0.00648313     0.0222725      0.999731     -0.769361
     0.999965    0.00516622   -0.00651204     -0.418781   -0.00530949       0.99974    -0.0221796     -0.232523    0.00639576     0.0222134      0.999733     -0.886846
     0.999963    0.00537024   -0.00677526     -0.434765   -0.00551817      0.999743    -0.0220067     -0.237934    0.00665534     0.0220432      0.999735     -0.817468
     0.999965    0.00512275   -0.00658674     -0.420226    -0.0052647       0.99975    -0.0217175     -0.237128    0.00647385     0.0217514      0.999742     -0.818696
     0.999964    0.00498994   -0.00683195     -0.434594   -0.00513231      0.999767    -0.0209819     -0.213185    0.00672566     0.0210162      0.999757     -0.806213
     0.999965    0.00487111   -0.00675313     -0.430746   -0.00501697      0.999751    -0.0217518     -0.199491    0.00664549     0.0217849      0.999741     -0.847333
     0.999964    0.00497556   -0.00681064     -0.425448    -0.0051227       0.99975    -0.0217593     -0.231854    0.00670067     0.0217935       0.99974      -0.76086
     0.999966    0.00488371   -0.00658328     -0.415649   -0.00502882      0.999741     -0.022209     -0.200828    0.00647311     0.0222414      0.999732     -0.798439
     0.999967    0.00478736   -0.00661718     -0.398101   -0.00493054       0.99975    -0.0217933      -0.16125     0.0065112     0.0218252      0.999741     -0.642507
     0.999966    0.00482931   -0.00670525     -0.407855   -0.00496984      0.999765    -0.0211031     -0.179046    0.00660176     0.0211357      0.999755     -0.649122
     0.999966    0.00489674   -0.00658022     -0.412854   -0.00503209      0.999773    -0.0207124     -0.183493     0.0064773     0.0207448      0.999764     -0.734835
     0.999964    0.00486951   -0.00687908     -0.415403   -0.00500724      0.999784    -0.0201479     -0.118591    0.00677949     0.0201817      0.999773     -0.764768
     0.999964    0.00484758   -0.00691317     -0.412037   -0.00499487      0.999757      -0.02145     -0.147783    0.00680752     0.0214837      0.999746     -0.759239
     0.999963    0.00517356   -0.00688403     -0.416377   -0.00531751      0.999764    -0.0210594     -0.201299    0.00677345     0.0210952      0.999755     -0.699113
     0.999964    0.00513626   -0.00681472     -0.401256   -0.00528032      0.999759    -0.0212934     -0.189287    0.00670372     0.0213286       0.99975     -0.743354
     0.999965    0.00483028   -0.00688361     -0.406553    -0.0049741      0.999766    -0.0210324     -0.180437    0.00678041     0.0210659      0.999755     -0.705256
     0.999965    0.00482282   -0.00679896     -0.406825    -0.0049665      0.999761    -0.0212764     -0.189693    0.00669473     0.0213094      0.999751      -0.73042
     0.999965    0.00483666   -0.00677702     -0.405417   -0.00497467      0.999778    -0.0204975      -0.15862    0.00667637     0.0205305      0.999767     -0.703545
     0.999965    0.00492733   -0.00670635     -0.406152   -0.00506375      0.999777    -0.0204796     -0.141821    0.00660395     0.0205128      0.999768     -0.711268
     0.999965    0.00498611   -0.00677016     -0.411889   -0.00512352      0.999778    -0.0204324     -0.130622    0.00666678     0.0204663      0.999768     -0.771365
     0.999963    0.00497282   -0.00695945     -0.414188   -0.00511496      0.999776    -0.0205574     -0.156844    0.00685566     0.0205923      0.999764     -0.716462
     0.999966    0.00486741   -0.00662938     -0.402976   -0.00500879      0.999757    -0.0214796     -0.169682    0.00652322      0.021512      0.999747     -0.765383
     0.999971    0.00472242   -0.00595162     -0.375056   -0.00483489      0.999807    -0.0190276    -0.0925084    0.00586062     0.0190558      0.999801     -0.801969
      0.99997    0.00465956   -0.00623388     -0.375493   -0.00478486      0.999784    -0.0202385     -0.119113    0.00613823     0.0202677      0.999776     -0.846536
     0.999968    0.00488664   -0.00634893     -0.388886   -0.00501216      0.999789    -0.0199078     -0.110329    0.00625031      0.019939      0.999782     -0.798323
     0.999968    0.00480246   -0.00641339      -0.39412   -0.00492924       0.99979     -0.019901     -0.107621    0.00631647      0.019932      0.999781     -0.832668
     0.999969    0.00466167   -0.00641685     -0.397788   -0.00479098      0.999783    -0.0202865     -0.116837    0.00632089     0.0203166      0.999774     -0.806531
     0.999967      0.004647   -0.00672375     -0.414932   -0.00478203      0.999784    -0.0202077     -0.132833     0.0066284     0.0202391      0.999773     -0.779236
     0.999967    0.00512522   -0.00629815     -0.457487   -0.00525896      0.999757    -0.0214053     -0.170298    0.00618691     0.0214377      0.999751     -0.794309
      0.99997    0.00509915   -0.00590936     -0.462826   -0.00521561      0.999789    -0.0198625    -0.0918925    0.00580684     0.0198927      0.999785     -0.825499
      0.99997    0.00494911   -0.00592774     -0.465421   -0.00506537      0.999792    -0.0197616    -0.0869931     0.0058287     0.0197911      0.999787     -0.868234
     0.999967     0.0050259   -0.00641507     -0.459736    -0.0051542      0.999784    -0.0201432     -0.109496    0.00631244     0.0201756      0.999777     -0.861866
     0.999968    0.00500365   -0.00625119      -0.45665   -0.00512637      0.999791    -0.0197725    -0.0813839    0.00615095      0.019804      0.999785     -0.852885
     0.999967    0.00512002   -0.00624831     -0.452447   -0.00524165      0.999794    -0.0196067    -0.0855894    0.00614663     0.0196388      0.999788     -0.864914
     0.999967     0.0050924   -0.00636239     -0.450603   -0.00521536      0.999797    -0.0194623     -0.091856    0.00626199     0.0194948       0.99979     -0.839168
     0.999968    0.00494059   -0.00624168      -0.44795   -0.00506385      0.999789    -0.0198883      -0.08599    0.00614211     0.0199193      0.999783     -0.869831
     0.999969    0.00498565   -0.00611491       -0.4468   -0.00510547      0.999792     -0.019738    -0.0671342    0.00601523     0.0197686      0.999786     -0.887657
      0.99997     0.0049591   -0.00601671     -0.441797   -0.00507583      0.999796    -0.0195436    -0.0665403    0.00591856     0.0195736      0.999791     -0.857068
     0.999967    0.00485991   -0.00656748     -0.434874   -0.00498633        0.9998    -0.0193723    -0.0571478    0.00647202     0.0194044      0.999791     -0.900798
     0.999964    0.00497378   -0.00686225     -0.434144   -0.00510787      0.999794    -0.0196637     -0.078369    0.00676304      0.019698      0.999783     -0.862995
     0.999967    0.00504983    -0.0064191     -0.448865   -0.00517791      0.999785    -0.0200944     -0.126825    0.00631624      0.020127      0.999777     -0.776872
     0.999967    0.00497805   -0.00647356     -0.434296   -0.00511222      0.999769    -0.0208766    -0.0965945    0.00636814      0.020909      0.999761     -0.925818
     0.999967    0.00501805   -0.00634601     -0.428696   -0.00514404      0.999787    -0.0199942     -0.125639    0.00624432     0.0200261       0.99978     -0.775097
     0.999967    0.00493226   -0.00641036     -0.428249    -0.0050587       0.99979    -0.0198606    -0.0862511    0.00631105     0.0198924      0.999782     -0.889762
     0.999966     0.0052008   -0.00636703     -0.439228   -0.00532497      0.999793    -0.0196429     -0.065547    0.00626356     0.0196761      0.999787     -0.841837
     0.999965    0.00523805    -0.0064578     -0.454299   -0.00535853      0.999809    -0.0187821    -0.0519632    0.00635818     0.0188161      0.999803     -0.849887
     0.999966    0.00494147   -0.00656436      -0.44269   -0.00506332      0.999813    -0.0186763     -0.046508    0.00647085     0.0187089      0.999804     -0.867536
     0.999964    0.00488171   -0.00690207     -0.446867   -0.00501282      0.999805    -0.0191081    -0.0608287    0.00680745      0.019142      0.999794      -0.78745
     0.999967    0.00493239   -0.00647425     -0.458831   -0.00505745      0.999798    -0.0194445    -0.0319616    0.00637703     0.0194766       0.99979     -0.870149
     0.999966    0.00490124   -0.00665209     -0.450225    -0.0050242      0.999814    -0.0185953    -0.0369455    0.00655971     0.0186281      0.999805     -0.825255
     0.999968    0.00487925   -0.00640907     -0.441948   -0.00500443      0.999794    -0.0196637    -0.0670962     0.0063118     0.0196952      0.999786      -0.87898
     0.999968    0.00486646   -0.00637481     -0.438337      -0.00499      0.999797    -0.0195096    -0.0461484    0.00627858     0.0195408      0.999789     -0.840914
     0.999969    0.00474579   -0.00636024     -0.438543   -0.00486763      0.999802    -0.0192796     -0.056303    0.00626749       0.01931      0.999794     -0.890887
     0.999968    0.00488519   -0.00640056     -0.435036   -0.00500857      0.999799    -0.0194038    -0.0559604    0.00630448     0.0194352      0.999791     -0.872361
     0.999967    0.00482694   -0.00647821     -0.448162   -0.00494494       0.99982    -0.0183243    -0.0126853     0.0063886     0.0183557      0.999811     -0.874601
     0.999967    0.00478957   -0.00657918     -0.469139   -0.00490746      0.999826    -0.0180206      0.022719    0.00649172     0.0180523      0.999816     -0.922421
     0.999967    0.00482421   -0.00656304       -0.4931   -0.00493406      0.999846    -0.0168255     0.0634488    0.00648086     0.0168573      0.999837     -0.914801
     0.999967    0.00481098   -0.00647423     -0.498954      -0.00492      0.999845    -0.0169298     0.0454917    0.00639177     0.0169611      0.999836     -0.945833
     0.999966    0.00485478   -0.00671532     -0.503689   -0.00496517      0.999851    -0.0165211     0.0897784    0.00663411     0.0165539      0.999841     -0.957156
     0.999967    0.00468456   -0.00661827     -0.489866   -0.00479952      0.999836    -0.0174628     0.0734855    0.00653538      0.017494      0.999826     -0.991787
     0.999966    0.00488005   -0.00659784     -0.495269    -0.0049936      0.999838    -0.0173044     0.0743454    0.00651233     0.0173367      0.999828      -1.01718
     0.999965    0.00504471   -0.00671389     -0.503679   -0.00515777      0.999843    -0.0169301     0.0793746    0.00662743     0.0169641      0.999834     -0.983119
     0.999965    0.00483378   -0.00683114     -0.489902   -0.00494938      0.999843    -0.0170072     0.0623778    0.00674785     0.0170404      0.999832     -0.974354
     0.999965    0.00462613   -0.00698564     -0.506069   -0.00473975      0.999855    -0.0163373      0.125886    0.00690905     0.0163698      0.999842      -1.07397
     0.999969    0.00515634   -0.00586616     -0.433456   -0.00526477      0.999813    -0.0186214     0.0198369    0.00576904     0.0186517      0.999809     -0.938383
     0.999971    0.00504297   -0.00578618     -0.420303   -0.00515304      0.999803    -0.0191684     0.0119809    0.00568837     0.0191976        0.9998      -0.97172
     0.999971    0.00500223   -0.00582525     -0.432379   -0.00510903      0.999816    -0.0184645     0.0163623    0.00573182     0.0184937      0.999813     -0.929862
      0.99997    0.00486266   -0.00604488     -0.443661    -0.0049711      0.999825    -0.0180555     0.0347609    0.00595602      0.018085      0.999819      -1.01623
     0.999969    0.00492131   -0.00606976      -0.43526   -0.00503034      0.999824    -0.0180802     0.0314156    0.00597971     0.0181102      0.999818      -1.00144
     0.999971     0.0047877   -0.00591123     -0.428913   -0.00489001      0.999836    -0.0174163     0.0684974    0.00582688     0.0174447      0.999831      -1.05049
      0.99997    0.00473401   -0.00605482     -0.432181   -0.00483401       0.99985    -0.0166088     0.0628243    0.00597529     0.0166376      0.999844     -0.997102
     0.999968    0.00491336   -0.00624617     -0.438218   -0.00501939      0.999842    -0.0170736    0.00790097    0.00616129     0.0171044      0.999835     -0.888152
      0.99997    0.00490158   -0.00606497     -0.430965   -0.00500694      0.999835    -0.0174798      0.076251    0.00597829     0.0175097      0.999829      -1.00028
      0.99997    0.00478241   -0.00610092     -0.427289   -0.00488189      0.999854    -0.0163972     0.0783278    0.00602161     0.0164264      0.999847     -0.899927
     0.999969    0.00460666   -0.00639289     -0.428529   -0.00471639       0.99984    -0.0172568     0.0856338    0.00631237     0.0172865      0.999831      -1.07695
     0.999966    0.00491143   -0.00665434     -0.429927   -0.00502984      0.999827    -0.0178966   -0.00342263    0.00656529     0.0179294      0.999818     -0.850648
     0.999968    0.00483833   -0.00633098     -0.424538   -0.00495895      0.999804     -0.019177    0.00209263    0.00623695     0.0192078      0.999796     -0.958853
     0.999968    0.00482673   -0.00641761     -0.439884   -0.00493779      0.999836    -0.0174041     0.0519909    0.00633255     0.0174352      0.999828     -0.903091
      0.99997    0.00493365   -0.00591255     -0.409379   -0.00504298      0.999814    -0.0186216     0.0168353    0.00581958     0.0186509      0.999809      -1.00865
      0.99997    0.00477984   -0.00605397       -0.4059   -0.00488626      0.999832     -0.017688     0.0961149    0.00596841      0.017717      0.999825     -0.797834
     0.999968    0.00456021    -0.0064998     -0.404136   -0.00467274      0.999838    -0.0174036       0.10277    0.00641938     0.0174334      0.999827     -0.720566
      0.99997     0.0045232   -0.00633371     -0.408989   -0.00463305      0.999837    -0.0174387      0.115148     0.0062538     0.0174675      0.999828     -0.835658
     0.999967    0.00442769   -0.00678819     -0.433156   -0.00453978      0.999852    -0.0165867      0.113773    0.00671375     0.0166169      0.999839     -0.887832
     0.999964    0.00473352   -0.00703218     -0.406981   -0.00485482      0.999838    -0.0173335     0.0278934    0.00694899     0.0173671      0.999825     -0.701943
     0.999965     0.0045701   -0.00700189     -0.384101   -0.00470008      0.999815    -0.0186613    -0.0156045    0.00691531     0.0186936      0.999801      -0.79921
     0.999966    0.00447703   -0.00687924     -0.387601   -0.00460008      0.999828    -0.0179766     0.0395395    0.00679757     0.0180076      0.999815     -0.777553
     0.999967    0.00423083    -0.0069256     -0.414436    -0.0043479      0.999846    -0.0169765     0.0751841    0.00685272     0.0170061      0.999832     -0.881484
     0.999966    0.00439781   -0.00703519     -0.420593   -0.00451309      0.999854    -0.0164554      0.101419     0.0069618     0.0164866       0.99984      -0.87697
     0.999968     0.0043575   -0.00672665     -0.416601   -0.00447188      0.999844    -0.0170836     0.0866767    0.00665116     0.0171131      0.999831     -0.938291
     0.999967    0.00437826   -0.00680476     -0.414905   -0.00449093      0.999852    -0.0166312     0.0849839    0.00673094     0.0166612      0.999839     -0.886991
     0.999968    0.00424733   -0.00683076     -0.417604   -0.00436139       0.99985    -0.0167705     0.0861484    0.00675851     0.0167997      0.999836     -0.990076
     0.999967    0.00438541   -0.00679205     -0.419176   -0.00449836       0.99985    -0.0167038      0.106684    0.00671778     0.0167339      0.999837     -0.966692
     0.999968     0.0044955   -0.00661567     -0.425516   -0.00460414      0.999853    -0.0164984      0.103698    0.00654054     0.0165283      0.999842      -1.00682
     0.999968    0.00461209   -0.00659734     -0.440904     -0.004717      0.999861    -0.0159758      0.111012    0.00652274     0.0160064      0.999851     -0.973744
     0.999966    0.00474611   -0.00671744     -0.433648   -0.00485697      0.999851    -0.0165855     0.0856888    0.00663772     0.0166175       0.99984     -0.955289
      0.99997    0.00494976   -0.00600566     -0.399217   -0.00505603      0.999829    -0.0178104     0.0226167    0.00591647     0.0178402      0.999823      -1.02966
     0.999965    0.00564107   -0.00618495     -0.422285   -0.00574681      0.999835    -0.0172147    -0.0422713    0.00608682     0.0172496      0.999833     -0.913679
     0.999959    0.00574061    -0.0069847     -0.415035   -0.00587536      0.999794    -0.0194276     -0.131616    0.00687174     0.0194678      0.999787      -1.08777
     0.999963    0.00503258   -0.00698864     -0.446674   -0.00517378       0.99978    -0.0203354     -0.295278    0.00688476     0.0203708      0.999769     -0.901181
     0.999958    0.00464548   -0.00789934     -0.489191   -0.00479993      0.999795     -0.019647     -0.427189    0.00780645     0.0196841      0.999776      -1.15625
     0.999957     0.0065063   -0.00654328     -0.460982   -0.00664198      0.999759    -0.0209333     -0.286034     0.0064055     0.0209759      0.999759     -0.799963
     0.999961    0.00553846   -0.00681597     -0.469151   -0.00566021      0.999822    -0.0179749    -0.0472569    0.00671521     0.0180128      0.999815     -0.719308
     0.999964    0.00528042   -0.00669908      -0.46068   -0.00539835      0.999829    -0.0177107     -0.044093    0.00660442     0.0177462      0.999821     -0.704234
     0.999961    0.00548601   -0.00686339     -0.462802    -0.0056179      0.999797     -0.019348     -0.123018    0.00675586     0.0193858      0.999789     -0.759832
     0.999965    0.00494872   -0.00679758     -0.438172   -0.00507572       0.99981    -0.0187937    -0.0578993    0.00670328     0.0188276        0.9998     -0.821564
     0.999967    0.00455338   -0.00674448     -0.433837   -0.00467046      0.999837    -0.0174456   -0.00298835    0.00666394     0.0174765      0.999825     -0.863414
     0.999972    0.00425359   -0.00616691     -0.406895   -0.00435477      0.999855    -0.0164876     0.0656781    0.00609588      0.016514      0.999845     -0.897631
     0.999973    0.00420268   -0.00598402      -0.39203   -0.00430433      0.999845    -0.0170769     0.0339172    0.00591133     0.0171022      0.999836     -0.912427
     0.999972    0.00417231   -0.00622511     -0.408588   -0.00427306      0.999859    -0.0162602     0.0464722    0.00615639     0.0162863      0.999848     -0.858059
     0.999979    0.00411938    -0.0050733     -0.384616   -0.00420842      0.999835    -0.0176668     0.0116336    0.00499968     0.0176878      0.999831      -1.04184
     0.999987    0.00426834   -0.00262098     -0.338802   -0.00431965      0.999793    -0.0198926    -0.0868501    0.00253553     0.0199036      0.999799      -1.08137
     0.999986    0.00387876   -0.00360671     -0.355898   -0.00395328      0.999774    -0.0208881     -0.161203    0.00352487     0.0209021      0.999775      -1.04367
     0.999988    0.00335232   -0.00367352     -0.353603   -0.00342156      0.999814    -0.0190049     -0.081038    0.00360912     0.0190172      0.999813      -1.03097
     0.999985    0.00393403   -0.00386945     -0.385703   -0.00400589      0.999816    -0.0187431    -0.0525591      0.003795     0.0187583      0.999817      -1.14138
     0.999981    0.00409782   -0.00455589     -0.434648   -0.00417671      0.999839    -0.0174434     0.0212227    0.00448368     0.0174621      0.999837      -1.16921
     0.999982    0.00352612   -0.00488866     -0.412302   -0.00360553       0.99986    -0.0163308     0.0162458    0.00483039     0.0163481      0.999855      -1.08433
     0.999982    0.00370373   -0.00468019     -0.377811    -0.0037885      0.999827    -0.0182335    -0.0234875    0.00461185     0.0182509      0.999823      -1.12302
     0.999981    0.00357707   -0.00503795     -0.394744   -0.00366911      0.999824    -0.0183803    -0.0666766    0.00497131     0.0183985      0.999818     -0.984656
     0.999981    0.00349083   -0.00501589     -0.410309   -0.00357744      0.999843    -0.0173628    -0.0155422    0.00495449     0.0173805      0.999837      -1.07167
     0.999981    0.00359279   -0.00494966     -0.402352   -0.00367972      0.999837    -0.0176674  -0.000823764    0.00488538     0.0176852      0.999832       -1.0769
     0.999981     0.0034327   -0.00504655     -0.418109   -0.00351937      0.999845    -0.0172678      0.026082    0.00498649     0.0172852      0.999838      -1.02822
     0.999982    0.00264105   -0.00532658     -0.423098   -0.00273202      0.999849    -0.0171445     0.0514985     0.0052805     0.0171588      0.999839      -1.05998
     0.999983     0.0028077   -0.00515945     -0.399597   -0.00289454      0.999853    -0.0169015      0.066304    0.00511124     0.0169161      0.999844      -1.10544
     0.999981    0.00316444    -0.0052072      -0.42718   -0.00325012      0.999858    -0.0165292     0.0612163    0.00515416     0.0165458       0.99985       -1.1607
     0.999981    0.00307329   -0.00537831     -0.418886   -0.00315946      0.999866    -0.0160867     0.0710615    0.00532815     0.0161033      0.999856      -1.10711
     0.999981    0.00289471   -0.00549976     -0.428941   -0.00297917      0.999877    -0.0154118      0.101493    0.00545447     0.0154279      0.999866      -1.15893
     0.999979    0.00311554   -0.00564733     -0.443999   -0.00320119      0.999879     -0.015221       0.11208    0.00559922     0.0152387      0.999868      -1.13052
     0.999978    0.00359299    -0.0055106     -0.471525    -0.0036799      0.999868    -0.0158426      0.116019    0.00545295     0.0158625      0.999859       -1.1881
     0.999979    0.00336279   -0.00551034     -0.486022   -0.00344616      0.999879    -0.0151901      0.135695    0.00545859     0.0152088      0.999869      -1.23221
     0.999978    0.00330251   -0.00569012     -0.468185   -0.00338606      0.999886    -0.0147371      0.133862     0.0056408      0.014756      0.999875      -1.11565
     0.999978    0.00338517   -0.00569488     -0.454967   -0.00347514      0.999868     -0.015864       0.10365    0.00564043     0.0158835      0.999858      -1.14245
      0.99998    0.00318436   -0.00551105     -0.447282   -0.00326861      0.999877    -0.0153472      0.132216     0.0054615     0.0153649      0.999867      -1.19369
     0.999979    0.00314605   -0.00568341     -0.449381   -0.00323284      0.999877    -0.0153274     0.0964249    0.00563449     0.0153455      0.999866      -1.17171
     0.999978    0.00327409   -0.00578212     -0.466083   -0.00336563      0.999868    -0.0158933      0.131452    0.00572932     0.0159124      0.999857      -1.28021
     0.999979    0.00313503   -0.00570229     -0.476702   -0.00321928      0.999885    -0.0148258      0.142497    0.00565516     0.0148439      0.999874      -1.18743
     0.999977    0.00288497   -0.00616163     -0.467972   -0.00297876      0.999879    -0.0152679      0.114012    0.00611683      0.015286      0.999864      -1.20049
     0.999974    0.00318507   -0.00650359     -0.476084   -0.00329172      0.999859    -0.0164542     0.0550304    0.00645026     0.0164752      0.999843      -1.28601
     0.999975    0.00341972   -0.00612536     -0.478361   -0.00351791      0.999864    -0.0160926     0.0452195     0.0060695     0.0161137      0.999852      -1.13669
     0.999976    0.00351747   -0.00601511     -0.491726   -0.00360726      0.999881    -0.0149823      0.127271     0.0059617     0.0150036       0.99987      -1.31805
     0.999974    0.00355662   -0.00634746     -0.500825   -0.00364716      0.999891    -0.0143089     0.0991988    0.00629588     0.0143316      0.999877      -1.18391
      0.99997    0.00331587   -0.00697976     -0.490794   -0.00341716      0.999888    -0.0145506      0.127835    0.00693074      0.014574       0.99987      -1.21024
     0.999971    0.00308184   -0.00693617     -0.486332    -0.0031828      0.999888    -0.0145932      0.135445    0.00689042     0.0146148      0.999869      -1.22225
      0.99997    0.00312629   -0.00707567      -0.49785   -0.00322722      0.999893    -0.0142976      0.121191    0.00703021       0.01432      0.999873      -1.23766
     0.999971    0.00312088   -0.00689431     -0.486263   -0.00321986      0.999891    -0.0143924      0.129357    0.00684864     0.0144142      0.999873      -1.22271
      0.99997    0.00318612   -0.00708033     -0.497478   -0.00328457      0.999897    -0.0139366      0.142288     0.0070352     0.0139594      0.999878      -1.17047
      0.99997    0.00311154   -0.00714486     -0.491193   -0.00321526      0.999889    -0.0145514      0.154022    0.00709879     0.0145739      0.999869       -1.2702
     0.999971    0.00236613   -0.00719894      -0.48199   -0.00246626        0.9999    -0.0139327      0.205641    0.00716526       0.01395      0.999877      -1.07989
     0.999974    0.00228709   -0.00681943     -0.482263   -0.00237989      0.999904    -0.0136326      0.189064     0.0067876     0.0136485      0.999884      -1.17745
     0.999973    0.00250601   -0.00686775     -0.508608   -0.00259174      0.999918    -0.0125032      0.249651    0.00683586     0.0125206      0.999898      -1.18885
     0.999969    0.00322145   -0.00712227     -0.529627   -0.00331028      0.999916    -0.0124954      0.265156    0.00708142     0.0125186      0.999897      -1.10818
     0.999967    0.00310279   -0.00757089     -0.558875   -0.00321041      0.999893    -0.0142453       0.14302    0.00752588     0.0142692       0.99987      -1.08899
     0.999971    0.00289439   -0.00697841     -0.528372   -0.00299694      0.999887    -0.0147296      0.141994    0.00693499     0.0147501      0.999867      -1.21466
     0.999971    0.00290032   -0.00703427     -0.528336    -0.0029934      0.999908    -0.0132581      0.191155    0.00699517     0.0132788      0.999887      -1.18632
     0.999972    0.00272678   -0.00693081     -0.519703   -0.00282697      0.999891    -0.0144871      0.161461    0.00689055     0.0145063      0.999871      -1.26805
     0.999973    0.00280159   -0.00685636     -0.522282   -0.00289439      0.999904     -0.013563      0.174222     0.0068177     0.0135825      0.999885      -1.19372
     0.999972    0.00270022   -0.00697334     -0.522845   -0.00280073      0.999892    -0.0144447      0.151268    0.00693359     0.0144638      0.999871      -1.27738
     0.999973    0.00242983   -0.00697893     -0.528421   -0.00252858      0.999896     -0.014175      0.177503    0.00694377     0.0141923      0.999875      -1.26875
     0.999972    0.00233494   -0.00710205     -0.530405   -0.00243535      0.999897    -0.0141617       0.16654    0.00706825     0.0141786      0.999874      -1.29992
     0.999971     0.0023138    -0.0071927     -0.546877   -0.00241167      0.999904    -0.0136274      0.187323    0.00716048     0.0136443      0.999881      -1.31698
     0.999967    0.00245127   -0.00774429     -0.550491   -0.00255807      0.999901    -0.0138113       0.18946    0.00770968     0.0138306      0.999875      -1.49527
     0.999968    0.00254976   -0.00757743     -0.562734   -0.00264512      0.999917    -0.0126012      0.187943    0.00754467     0.0126208      0.999892      -1.20218
     0.999967    0.00281632   -0.00762798     -0.549705   -0.00292611      0.999892    -0.0144201      0.172647    0.00758655     0.0144419      0.999867      -1.23615
     0.999968    0.00278164   -0.00744716     -0.544717   -0.00288412      0.999901    -0.0137861      0.166846    0.00740807     0.0138071      0.999877       -1.3112
     0.999967     0.0025426   -0.00769167     -0.547253   -0.00264656      0.999905    -0.0135365      0.192226    0.00765652     0.0135564      0.999879       -1.3027
     0.999965    0.00270856    -0.0078856     -0.561052   -0.00281583      0.999903    -0.0136239      0.212951    0.00784794     0.0136457      0.999876      -1.34684
     0.999966    0.00273577   -0.00778999     -0.567313   -0.00283648      0.999912    -0.0129471      0.198061    0.00775389     0.0129688      0.999886      -1.32141
     0.999967    0.00247627   -0.00779255     -0.563697   -0.00257109      0.999923    -0.0121809       0.22126    0.00776178     0.0122006      0.999895      -1.29587
     0.999966    0.00240549   -0.00788259      -0.56426   -0.00250794      0.999912    -0.0130132      0.193617     0.0078506     0.0130325      0.999884      -1.29156
     0.999964    0.00290997   -0.00798942     -0.573587   -0.00301351      0.999911    -0.0129785      0.193328    0.00795095     0.0130021      0.999884      -1.22491
     0.999961    0.00307618   -0.00828374     -0.567204   -0.00318971      0.999901    -0.0137271      0.195951    0.00824069      0.013753      0.999871      -1.36005
     0.999964    0.00296888   -0.00798261     -0.564356   -0.00307676      0.999904    -0.0135365       0.16656    0.00794165     0.0135605      0.999877      -1.24844
     0.999965    0.00257263   -0.00798222     -0.561249   -0.00267894      0.999907    -0.0133363      0.176467    0.00794717     0.0133572      0.999879      -1.33722
     0.999962    0.00315169   -0.00809062     -0.573283   -0.00325825      0.999908    -0.0131915      0.181852    0.00804829     0.0132174       0.99988      -1.32125
     0.999963    0.00314682   -0.00805659     -0.598634   -0.00324817      0.999915    -0.0125983      0.220879    0.00801627      0.012624      0.999888      -1.34106
     0.999964    0.00278009   -0.00806792     -0.577594     -0.002879      0.999921    -0.0122733      0.220745    0.00803316     0.0122961      0.999892      -1.33877
     0.999962    0.00278875    -0.0082216      -0.58231   -0.00288866      0.999922    -0.0121663      0.212248    0.00818703     0.0121896      0.999892      -1.27894
     0.999965    0.00269735   -0.00797433     -0.570752   -0.00279762      0.999917      -0.01259      0.227772    0.00793971     0.0126118      0.999889      -1.33807
     0.999964    0.00257669   -0.00808748     -0.570468   -0.00267524      0.999922    -0.0121994      0.217231    0.00805542     0.0122206      0.999893      -1.31395
     0.999965    0.00254874   -0.00801114     -0.567683   -0.00265016      0.999916    -0.0126755      0.226242    0.00797816     0.0126963      0.999888      -1.36302
     0.999964     0.0026512   -0.00810793     -0.579365   -0.00274868      0.999924    -0.0120347      0.236302    0.00807541     0.0120565      0.999895      -1.33062
