# 3dvolreg matrices (DICOM-to-DICOM, row-by-row):
     0.999988   0.000800133    0.00473745      0.687165  -0.000821634      0.999989    0.00453824      0.286798   -0.00473377   -0.00454208      0.999978      -4.78981
     0.999987   0.000934687    0.00501233      0.674728  -0.000957171      0.999989    0.00448517      0.355761   -0.00500809   -0.00448991      0.999977      -4.80203
     0.999987   0.000954606    0.00504191      0.697117  -0.000976649       0.99999    0.00437121       0.27741   -0.00503769   -0.00437608      0.999978      -4.77781
     0.999988   0.000979589    0.00488615      0.713123    -0.0010003      0.999991    0.00423712      0.333254   -0.00488195   -0.00424196      0.999979      -4.73022
     0.999989   0.000718076    0.00457222      0.721548  -0.000737604      0.999991    0.00427081      0.294125   -0.00456911   -0.00427414       0.99998      -4.79777
     0.999989   0.000813874    0.00471323       0.70315  -0.000833071      0.999991     0.0040723      0.344852   -0.00470987   -0.00407618      0.999981      -4.78972
      0.99999   0.000906713    0.00440734      0.711575   -0.00092389      0.999992    0.00389687      0.318216   -0.00440377   -0.00390091      0.999983      -4.80003
     0.999991   0.000831676     0.0041846      0.729848  -0.000849264      0.999991    0.00420302      0.308322   -0.00418107   -0.00420653      0.999982      -4.77539
     0.999991   0.000983848    0.00407366      0.731666  -0.000999117      0.999992    0.00374769      0.339038   -0.00406994   -0.00375173      0.999985      -4.77175
     0.999992   0.000854381    0.00393985      0.750758   -0.00086994      0.999992    0.00394904      0.277065   -0.00393644   -0.00395243      0.999984       -4.7844
     0.999992   0.000912751    0.00383234      0.743174  -0.000926856      0.999993    0.00368038      0.361351   -0.00382895    -0.0036839      0.999986      -4.75936
     0.999993   0.000867868    0.00354853      0.749734  -0.000881317      0.999992    0.00379031      0.316172   -0.00354521   -0.00379341      0.999987      -4.77897
     0.999993   0.000931599    0.00348558      0.745575  -0.000944919      0.999992    0.00382198      0.348749     -0.003482   -0.00382525      0.999987      -4.76376
     0.999995    0.00121557    0.00303247      0.725237   -0.00122509      0.999994    0.00313945      0.360577   -0.00302863   -0.00314315       0.99999      -4.80707
     0.999994    0.00111843    0.00314069      0.725281   -0.00112865      0.999994    0.00325427       0.34342   -0.00313704    -0.0032578       0.99999      -4.81349
     0.999994    0.00113758    0.00334852        0.7262   -0.00114831      0.999994    0.00320511      0.353374   -0.00334486   -0.00320893      0.999989      -4.78876
     0.999994    0.00124509    0.00316856      0.732901   -0.00125421      0.999995    0.00287735      0.361158   -0.00316496   -0.00288131      0.999991      -4.78816
     0.999994    0.00115269    0.00318781       0.73958   -0.00116281      0.999994    0.00317395      0.328008   -0.00318413   -0.00317764       0.99999      -4.76761
     0.999994    0.00124184    0.00330395      0.733601   -0.00125107      0.999995    0.00279328      0.379303   -0.00330047   -0.00279739      0.999991      -4.78171
     0.999995   0.000946479    0.00303449      0.755455   -0.00095676      0.999994    0.00338852      0.322534   -0.00303126    -0.0033914       0.99999      -4.77956
     0.999994    0.00121306    0.00320787      0.738777    -0.0012222      0.999995    0.00284787      0.380928    -0.0032044   -0.00285177      0.999991      -4.79025
     0.999995    0.00114601    0.00305567      0.751366    -0.0011559      0.999994     0.0032366      0.314996   -0.00305194   -0.00324012       0.99999      -4.77801
     0.999994    0.00113155    0.00318384      0.754983   -0.00113985      0.999996    0.00260609      0.372195   -0.00318088   -0.00260971      0.999992        -4.772
     0.999995    0.00105862      0.003088       0.76272   -0.00106841      0.999994    0.00317278      0.347276   -0.00308462   -0.00317606       0.99999      -4.74001
     0.999995   0.000909474    0.00314949      0.771212  -0.000919686      0.999994    0.00324261      0.336727   -0.00314652   -0.00324549       0.99999      -4.74418
     0.999994    0.00111003    0.00328657      0.750561   -0.00111958      0.999995    0.00290388      0.387056   -0.00328334   -0.00290754       0.99999      -4.74338
     0.999995   0.000997578    0.00298977        0.7599   -0.00100689      0.999995      0.003115      0.349698   -0.00298665     -0.003118      0.999991      -4.75102
     0.999995   0.000978691    0.00289679      0.754222  -0.000987556      0.999995    0.00306024      0.366465   -0.00289378   -0.00306309      0.999991      -4.77664
     0.999995    0.00113325    0.00304593      0.737388   -0.00114124      0.999996    0.00262456      0.390861   -0.00304295   -0.00262802      0.999992      -4.77954
     0.999995    0.00107788    0.00301666      0.745983   -0.00108591      0.999996    0.00265942      0.332725   -0.00301378   -0.00266268      0.999992      -4.80247
     0.999995    0.00112488    0.00297922       0.74391   -0.00113393      0.999995     0.0030398      0.341749   -0.00297578   -0.00304316      0.999991      -4.76733
     0.999995    0.00136899     0.0029394        0.7365   -0.00137624      0.999996     0.0024658      0.373468   -0.00293601   -0.00246984      0.999993      -4.75834
     0.999995    0.00133306    0.00293922       0.73549   -0.00134043      0.999996    0.00250558       0.33491   -0.00293587    -0.0025095      0.999993      -4.78035
     0.999995    0.00130631    0.00290725      0.735221   -0.00131333      0.999996    0.00241277      0.355427   -0.00290409   -0.00241658      0.999993      -4.76154
     0.999995    0.00131386    0.00293595       0.72284   -0.00132077      0.999996    0.00235177       0.36791   -0.00293285   -0.00235563      0.999993      -4.77522
     0.999995    0.00131692    0.00299819      0.721955   -0.00132534      0.999995    0.00280538      0.340369   -0.00299448   -0.00280934      0.999992      -4.78083
     0.999994    0.00159391    0.00318173      0.714759    -0.0016004      0.999997    0.00203754      0.381432   -0.00317847   -0.00204262      0.999993      -4.77834
     0.999994     0.0016572    0.00315246       0.70507   -0.00166429      0.999996    0.00224609      0.356776   -0.00314872   -0.00225132      0.999993      -4.80094
     0.999994    0.00139148    0.00317638      0.710014   -0.00139858      0.999997     0.0022328       0.34902   -0.00317326   -0.00223722      0.999992      -4.80902
     0.999994    0.00130379    0.00324337      0.705445   -0.00131229      0.999996    0.00261987      0.357059   -0.00323994   -0.00262411      0.999991       -4.8016
     0.999993    0.00131719    0.00352414       0.68227   -0.00132497      0.999997     0.0022077      0.400624   -0.00352122   -0.00221235      0.999991      -4.81476
     0.999992    0.00127417    0.00366685      0.675485   -0.00128373      0.999996    0.00260639      0.375896   -0.00366352   -0.00261108       0.99999      -4.84505
     0.999993     0.0013473    0.00357908      0.681264   -0.00135623      0.999996     0.0024939      0.375303   -0.00357571   -0.00249873       0.99999      -4.84501
     0.999992    0.00139856    0.00371625      0.674085   -0.00140727      0.999996    0.00234193      0.387643   -0.00371296   -0.00234714       0.99999      -4.84861
     0.999993    0.00135355    0.00355937      0.681134   -0.00136343      0.999995    0.00277586       0.35911    -0.0035556   -0.00278069       0.99999      -4.84886
     0.999992    0.00148024    0.00362765      0.672428   -0.00148773      0.999997    0.00206366      0.414071   -0.00362459   -0.00206905      0.999991      -4.83213
     0.999993    0.00156803    0.00340349      0.685208   -0.00157649      0.999996    0.00248397      0.332271   -0.00339958   -0.00248932      0.999991      -4.84931
     0.999994    0.00126647    0.00329744      0.702758   -0.00127508      0.999996    0.00260861       0.37299   -0.00329412   -0.00261279      0.999991      -4.83357
     0.999992    0.00121438    0.00369042      0.678098   -0.00122286      0.999997    0.00229428      0.434407   -0.00368762   -0.00229878      0.999991      -4.85811
     0.999992    0.00132726    0.00370423       0.66895   -0.00133587      0.999996    0.00232315      0.397095   -0.00370113   -0.00232808       0.99999      -4.88983
     0.999994    0.00128874    0.00329104      0.675462    -0.0012959      0.999997    0.00217547      0.382124   -0.00328822   -0.00217972      0.999992      -4.90387
     0.999993    0.00122922    0.00355791      0.663104   -0.00123568      0.999998     0.0018134      0.419098   -0.00355567   -0.00181778      0.999992      -4.91085
     0.999993    0.00124167    0.00355435      0.660191   -0.00124804      0.999998    0.00179059      0.412062   -0.00355211   -0.00179502      0.999992      -4.91063
     0.999993     0.0012709    0.00351062      0.661257   -0.00127714      0.999998     0.0017759      0.402458   -0.00350836   -0.00178038      0.999992      -4.90461
     0.999992    0.00131355    0.00376321      0.659161   -0.00131981      0.999998    0.00166202      0.411296   -0.00376102   -0.00166697      0.999992      -4.89646
     0.999993     0.0013789    0.00351227       0.66771   -0.00138624      0.999997    0.00208909      0.395762   -0.00350938   -0.00209395      0.999992      -4.89208
     0.999993    0.00147966    0.00344292      0.671029   -0.00148825      0.999996    0.00249504      0.403746   -0.00343922   -0.00250015      0.999991      -4.85727
     0.999993    0.00156944    0.00347749      0.668716   -0.00157619      0.999997    0.00193903      0.438302   -0.00347443    -0.0019445      0.999992      -4.86806
     0.999993    0.00154764     0.0033482      0.672974   -0.00155513      0.999996    0.00223558      0.396827   -0.00334473   -0.00224077      0.999992      -4.87682
     0.999993    0.00137046    0.00342065      0.681566    -0.0013776      0.999997     0.0020868      0.399415   -0.00341778    -0.0020915      0.999992      -4.85429
     0.999993    0.00127737    0.00360261      0.672601   -0.00128555      0.999997    0.00226746      0.415393    -0.0035997   -0.00227208      0.999991      -4.84912
     0.999993    0.00141343    0.00336339      0.676436    -0.0014211      0.999996     0.0022791      0.399115   -0.00336015   -0.00228387      0.999992      -4.85856
     0.999993    0.00135417    0.00349605      0.677014   -0.00136102      0.999997    0.00195697       0.43363   -0.00349339   -0.00196172      0.999992      -4.85723
     0.999993    0.00141216    0.00360609      0.670493   -0.00141953      0.999997    0.00204201      0.410421    -0.0036032   -0.00204711      0.999991       -4.8685
     0.999993    0.00137757    0.00343394      0.672854   -0.00138438      0.999997    0.00197969      0.385233    -0.0034312   -0.00198443      0.999992      -4.86996
     0.999993    0.00145319    0.00345198      0.674475   -0.00146032      0.999997    0.00206502      0.411766   -0.00344897   -0.00207004      0.999992       -4.8426
     0.999992    0.00152434    0.00357026      0.667784   -0.00153063      0.999997    0.00176158      0.420442   -0.00356756   -0.00176703      0.999992      -4.83907
     0.999994    0.00141906    0.00326383      0.673605   -0.00142662      0.999996     0.0023157      0.384009   -0.00326054   -0.00232034      0.999992      -4.84955
     0.999993    0.00129583     0.0036139      0.670316    -0.0013037      0.999997    0.00217571      0.411948   -0.00361107    -0.0021804      0.999991       -4.8621
     0.999993    0.00142311    0.00354373      0.675227   -0.00143065      0.999997    0.00212746      0.403417   -0.00354069   -0.00213251      0.999991      -4.86703
     0.999994    0.00141075    0.00327562      0.686652   -0.00141824      0.999996    0.00228569      0.386759   -0.00327238   -0.00229032      0.999992      -4.84012
     0.999993    0.00141553    0.00347588       0.67618   -0.00142211      0.999997    0.00188922      0.437516    -0.0034732   -0.00189415      0.999992      -4.84263
     0.999993    0.00126757    0.00348423      0.686947    -0.0012764      0.999996    0.00253138      0.387427   -0.00348101   -0.00253581      0.999991      -4.84197
     0.999993    0.00128612    0.00338777       0.68716   -0.00129395      0.999996    0.00231067      0.406936   -0.00338479   -0.00231504      0.999992      -4.82898
     0.999994    0.00142145    0.00328782      0.679909   -0.00142855      0.999997    0.00215739       0.41003   -0.00328475   -0.00216207      0.999992      -4.84855
     0.999994    0.00152236    0.00323692      0.682515   -0.00152879      0.999997    0.00198587      0.385568   -0.00323389   -0.00199081      0.999993      -4.82852
     0.999994    0.00126038    0.00315262      0.704853   -0.00126692      0.999997    0.00207299      0.389681      -0.00315   -0.00207697      0.999993      -4.83293
     0.999994    0.00122109    0.00320068      0.703474   -0.00122819      0.999997    0.00221654      0.394356   -0.00319796   -0.00222046      0.999992      -4.81597
     0.999994    0.00122752    0.00336458      0.683065   -0.00123519      0.999997    0.00227863      0.434944   -0.00336177   -0.00228277      0.999992      -4.83302
     0.999993    0.00116758    0.00342543      0.689809   -0.00117619      0.999996    0.00251335      0.391362   -0.00342248   -0.00251736      0.999991      -4.85431
     0.999993    0.00130931    0.00361139      0.676676   -0.00131708      0.999997    0.00214936      0.427901   -0.00360857    -0.0021541      0.999991      -4.84098
     0.999993    0.00127575    0.00341512      0.681421    -0.0012825      0.999997    0.00197372      0.399798   -0.00341259   -0.00197809      0.999992      -4.87323
     0.999993    0.00127205     0.0034339      0.681235   -0.00127901      0.999997    0.00202503      0.415648   -0.00343131   -0.00202941      0.999992      -4.84904
     0.999993    0.00132341    0.00357411       0.67055   -0.00132979      0.999998    0.00178286      0.415433   -0.00357175    -0.0017876      0.999992        -4.859
     0.999993    0.00134967     0.0034579      0.670913   -0.00135675      0.999997    0.00204458      0.381633   -0.00345513   -0.00204926      0.999992      -4.86142
     0.999992    0.00130337    0.00365828      0.672382   -0.00131025      0.999997    0.00187963      0.415301   -0.00365582    -0.0018844      0.999992      -4.84133
     0.999993    0.00132569    0.00347908      0.667457   -0.00133215      0.999997    0.00185461      0.409945   -0.00347661   -0.00185923      0.999992      -4.86253
     0.999992    0.00136795    0.00368879      0.665085   -0.00137531      0.999997    0.00199556      0.407273   -0.00368605   -0.00200061      0.999991      -4.84357
     0.999991    0.00123059    0.00398171      0.651719   -0.00123647      0.999998    0.00147505      0.441432   -0.00397989   -0.00147996      0.999991      -4.86458
     0.999992    0.00122604    0.00385654      0.649678   -0.00123292      0.999998    0.00178355      0.408922   -0.00385434   -0.00178829      0.999991      -4.88542
     0.999991    0.00125623    0.00408026      0.652524   -0.00126353      0.999998    0.00178612      0.414622     -0.004078   -0.00179126       0.99999      -4.87667
     0.999991    0.00133098    0.00400896      0.648022   -0.00133734      0.999998    0.00158522      0.428223   -0.00400684   -0.00159057      0.999991      -4.89491
     0.999991    0.00128156    0.00400283      0.652125   -0.00128912      0.999997    0.00188649       0.40366    -0.0040004   -0.00189164       0.99999      -4.91014
     0.999991    0.00132489    0.00413712      0.647752   -0.00133177      0.999998    0.00165927      0.432868   -0.00413492   -0.00166476       0.99999      -4.92226
      0.99999    0.00152417    0.00426328      0.636733   -0.00153105      0.999998    0.00161134      0.438722   -0.00426081   -0.00161786       0.99999      -4.93869
      0.99999    0.00146877    0.00416343       0.63919   -0.00147595      0.999997    0.00172249      0.388133   -0.00416089   -0.00172862       0.99999      -4.93307
      0.99999    0.00157121    0.00427004       0.62635   -0.00157866      0.999997     0.0017424      0.418485   -0.00426729   -0.00174912      0.999989      -4.92955
      0.99999    0.00164333    0.00415366      0.627277   -0.00165005      0.999997    0.00161475       0.42056   -0.00415099   -0.00162159       0.99999      -4.93028
      0.99999     0.0015866    0.00407534      0.633207   -0.00159334      0.999997    0.00165051      0.408092   -0.00407271   -0.00165699       0.99999       -4.8953
      0.99999    0.00147479    0.00427145       0.61155   -0.00148104      0.999998    0.00145985      0.461913   -0.00426929   -0.00146616       0.99999      -4.91489
     0.999991    0.00144358    0.00397698      0.617514    -0.0014508      0.999997     0.0018135      0.412814   -0.00397435   -0.00181925       0.99999      -4.92647
     0.999991     0.0016294    0.00397373      0.617131   -0.00163783      0.999996     0.0021193        0.4362   -0.00397026   -0.00212579       0.99999      -4.90153
      0.99999    0.00152973    0.00424312      0.611977   -0.00153841      0.999997    0.00204342      0.445068   -0.00423998   -0.00204993      0.999989      -4.92135
     0.999991    0.00161697    0.00398643      0.631931   -0.00162633      0.999996    0.00234594      0.410831   -0.00398262    -0.0023524      0.999989      -4.90384
      0.99999    0.00140102     0.0042229      0.625948   -0.00140949      0.999997    0.00200299      0.447701   -0.00422008   -0.00200892      0.999989       -4.9119
      0.99999     0.0013349    0.00428585      0.612597   -0.00134345      0.999997     0.0019927      0.423106   -0.00428317   -0.00199844      0.999989      -4.93094
      0.99999     0.0014734    0.00410652       0.61797   -0.00148206      0.999997    0.00210659      0.393948    -0.0041034   -0.00211266      0.999989      -4.92058
     0.999989    0.00145072     0.0043538       0.60742   -0.00145947      0.999997    0.00200608      0.467066   -0.00435088   -0.00201241      0.999989       -4.9082
      0.99999    0.00151711    0.00419029      0.614963   -0.00152496      0.999997    0.00187144      0.410321   -0.00418744   -0.00187781      0.999989      -4.90177
      0.99999    0.00159844    0.00410879      0.612203    -0.0016074      0.999996    0.00217813      0.436652    -0.0041053   -0.00218472      0.999989      -4.86055
      0.99999    0.00148698    0.00414796      0.610142   -0.00149587      0.999997     0.0021424      0.430242   -0.00414476   -0.00214858      0.999989      -4.88741
     0.999991    0.00150818    0.00394084      0.616782   -0.00151706      0.999996    0.00225083      0.413876   -0.00393743   -0.00225679       0.99999      -4.90074
     0.999991    0.00150751    0.00390373      0.619079   -0.00151658      0.999996    0.00232111      0.438968   -0.00390022   -0.00232701       0.99999      -4.87449
      0.99999    0.00154715    0.00411266       0.61197   -0.00155478      0.999997     0.0018526      0.449934   -0.00410978   -0.00185898       0.99999      -4.89621
     0.999991    0.00155241    0.00389298      0.620307   -0.00156096      0.999996    0.00219575      0.391537   -0.00388955   -0.00220181       0.99999      -4.90168
     0.999991    0.00145416    0.00406433       0.62123   -0.00146311      0.999997    0.00220071      0.445994   -0.00406111   -0.00220664      0.999989      -4.89658
      0.99999    0.00133299    0.00422222      0.620744   -0.00134122      0.999997    0.00194792      0.449129   -0.00421961   -0.00195356      0.999989      -4.93894
     0.999991    0.00133548    0.00406865      0.619849   -0.00134291      0.999997    0.00182402      0.436709    -0.0040662   -0.00182947       0.99999      -4.94164
      0.99999    0.00135174    0.00423512      0.610709   -0.00135754      0.999998    0.00136589      0.465848   -0.00423326   -0.00137163       0.99999      -4.94404
     0.999991     0.0014194    0.00403147      0.606071   -0.00142462      0.999998    0.00129403      0.446398   -0.00402962   -0.00129976      0.999991      -4.95396
     0.999991    0.00156525    0.00406694      0.605782   -0.00157172      0.999998    0.00158674      0.435497   -0.00406444   -0.00159311       0.99999      -4.93023
     0.999991    0.00161031    0.00402695       0.59625   -0.00161444      0.999998     0.0010225       0.47395   -0.00402529   -0.00102899      0.999991      -4.95907
      0.99999      0.001697    0.00403649      0.590239   -0.00170207      0.999998    0.00125321       0.43653   -0.00403436   -0.00126007      0.999991      -4.95529
      0.99999    0.00166435    0.00409966      0.588461   -0.00166821      0.999998   0.000938287      0.469838   -0.00409809  -0.000945117      0.999991      -4.96157
     0.999991    0.00180405    0.00374363      0.582844   -0.00180894      0.999998    0.00130447      0.387547   -0.00374127   -0.00131123      0.999992      -4.96015
     0.999991    0.00189245     0.0037295      0.576617   -0.00189586      0.999998   0.000909686      0.483773   -0.00372777  -0.000916748      0.999993      -4.96508
     0.999992    0.00204974    0.00348625      0.581223   -0.00205473      0.999997    0.00142772      0.406954   -0.00348331   -0.00143487      0.999993       -4.9522
     0.999992    0.00200681    0.00352203      0.579988   -0.00201109      0.999997    0.00121024      0.484271   -0.00351959   -0.00121732      0.999993      -4.94653
     0.999991    0.00200998    0.00363441      0.571023   -0.00201433      0.999997    0.00119313      0.446637   -0.00363201   -0.00120044      0.999993      -4.96372
     0.999992    0.00195095    0.00358676      0.580129    -0.0019561      0.999997    0.00143408      0.460882   -0.00358395   -0.00144109      0.999993      -4.90645
     0.999992    0.00204833    0.00355836      0.581323   -0.00205301      0.999997    0.00131226      0.456294   -0.00355566   -0.00131956      0.999993       -4.9285
     0.999992    0.00196526    0.00355796       0.57866   -0.00197137      0.999997     0.0017144      0.439388   -0.00355458    -0.0017214      0.999992       -4.9468
     0.999991    0.00194841     0.0037247       0.57956   -0.00195365      0.999997    0.00140448      0.469844   -0.00372196   -0.00141175      0.999992      -4.96857
     0.999992    0.00226294    0.00343159      0.562628   -0.00226866      0.999996    0.00166279      0.453392   -0.00342781   -0.00167056      0.999993      -4.99076
     0.999991    0.00233502    0.00345136      0.560171   -0.00234059      0.999996    0.00161093      0.464724   -0.00344758   -0.00161899      0.999993      -4.94951
     0.999991    0.00226889    0.00354515      0.558881   -0.00227262      0.999997    0.00104849      0.468255   -0.00354276   -0.00105654      0.999993      -4.97738
     0.999991    0.00220619     0.0035408      0.564994   -0.00221111      0.999997    0.00138624      0.430605   -0.00353773   -0.00139406      0.999993      -4.93764
     0.999992    0.00207401    0.00352716      0.572337   -0.00207872      0.999997    0.00133292      0.490731   -0.00352439   -0.00134024      0.999993      -4.93106
     0.999992    0.00208203    0.00345188      0.574088   -0.00208609      0.999997    0.00117208       0.46187   -0.00344943   -0.00117927      0.999993      -4.94949
     0.999993    0.00194705    0.00328647      0.580908   -0.00195286      0.999997    0.00176545      0.462393   -0.00328302   -0.00177185      0.999993      -4.94156
     0.999991    0.00213919     0.0035555      0.571752   -0.00214413      0.999997    0.00138505      0.502466   -0.00355253   -0.00139266      0.999993      -4.95031
     0.999992    0.00235734    0.00321395      0.566326   -0.00236286      0.999996    0.00171657      0.437307   -0.00320989   -0.00172415      0.999993      -4.95516
     0.999992      0.002322    0.00313777      0.559401   -0.00232538      0.999997    0.00107453      0.492667   -0.00313526   -0.00108182      0.999994      -4.96181
     0.999992    0.00243381    0.00321055      0.547637   -0.00243825      0.999996    0.00138039      0.463539   -0.00320718    -0.0013882      0.999994      -4.98959
     0.999992    0.00282163    0.00276138      0.532424   -0.00282488      0.999995    0.00117657      0.452818   -0.00275804   -0.00118436      0.999995      -4.96883
     0.999991    0.00299122    0.00285067      0.523965   -0.00299372      0.999995   0.000874611      0.475392   -0.00284804  -0.000883138      0.999996       -4.9846
     0.999992    0.00329859    0.00235619      0.506684   -0.00330202      0.999993    0.00145139      0.422308   -0.00235139   -0.00145915      0.999996      -4.96167
     0.999991    0.00350617    0.00236919      0.504117   -0.00350747      0.999994   0.000545908      0.509863   -0.00236726  -0.000554213      0.999997      -4.97972
     0.999992    0.00334361    0.00216422      0.505453   -0.00334593      0.999994    0.00106807      0.433431   -0.00216063    -0.0010753      0.999997      -4.97183
     0.999992    0.00341089    0.00216443      0.500552   -0.00341271      0.999994   0.000838551      0.484319   -0.00216156  -0.000845931      0.999997      -4.96796
     0.999992    0.00357168    0.00155238      0.497051   -0.00357347      0.999993     0.0011489      0.446489   -0.00154827   -0.00115444      0.999998      -4.95692
     0.999992    0.00370346    0.00163206       0.47316   -0.00370562      0.999992    0.00132199      0.473284   -0.00162715   -0.00132803      0.999998      -4.88368
     0.999991    0.00375958    0.00187432      0.474459   -0.00376176      0.999992    0.00115965      0.475116   -0.00186995   -0.00116669      0.999998      -4.89769
     0.999991    0.00375848     0.0018769      0.468927   -0.00376176      0.999991    0.00174671      0.444665   -0.00187032   -0.00175376      0.999997      -4.86317
      0.99999    0.00383766    0.00208533      0.463267   -0.00384059      0.999992    0.00140202      0.473206   -0.00207993   -0.00141002      0.999997      -4.86495
     0.999991    0.00390322     0.0015283      0.491561    -0.0039061      0.999991    0.00188632       0.40286   -0.00152092   -0.00189227      0.999997      -4.82082
     0.999992    0.00373067     0.0017021      0.486173   -0.00373358      0.999992    0.00171238      0.495148   -0.00169569   -0.00171872      0.999997      -4.82379
     0.999992    0.00370579    0.00146448      0.493225   -0.00370892      0.999991    0.00213886      0.433299   -0.00145654   -0.00214427      0.999997       -4.8019
     0.999991    0.00381044    0.00164608      0.475728   -0.00381353      0.999991    0.00187928      0.476839    -0.0016389   -0.00188554      0.999997      -4.81339
     0.999991     0.0039956    0.00158596      0.458784   -0.00399848       0.99999    0.00181752      0.459445   -0.00157868   -0.00182384      0.999997      -4.85285
     0.999991    0.00412013    0.00133752       0.45599    -0.0041228       0.99999    0.00199855      0.452994   -0.00132927   -0.00200404      0.999997      -4.84707
      0.99999     0.0043465     0.0011313      0.444107   -0.00434842      0.999989     0.0017022      0.473867   -0.00112389    -0.0017071      0.999998      -4.84353
      0.99999    0.00438233    0.00117881      0.445062   -0.00438414      0.999989    0.00153492      0.455487   -0.00117207   -0.00154008      0.999998      -4.83921
     0.999989    0.00441795    0.00127185      0.445626   -0.00441977      0.999989    0.00142856      0.456731   -0.00126553   -0.00143417      0.999998      -4.79407
      0.99999    0.00417367    0.00143364      0.454068   -0.00417539      0.999991    0.00120317      0.492578   -0.00142861   -0.00120915      0.999998      -4.82359
     0.999991    0.00406295    0.00132738      0.452187   -0.00406542       0.99999    0.00185964      0.448817   -0.00131981   -0.00186502      0.999997      -4.80004
     0.999991    0.00410993    0.00132396      0.439083   -0.00411205       0.99999    0.00159783      0.495372   -0.00131738   -0.00160326      0.999998      -4.83548
      0.99999    0.00438874    0.00110454      0.427513   -0.00439078      0.999989    0.00184703      0.440187   -0.00109643   -0.00185186      0.999998      -4.85602
     0.999989    0.00446818    0.00133681      0.426525   -0.00447035      0.999989    0.00162598      0.481108   -0.00132953   -0.00163194      0.999998       -4.8412
     0.999989    0.00451258    0.00124282       0.42815   -0.00451486      0.999988    0.00183354      0.465854   -0.00123453   -0.00183913      0.999998      -4.83264
      0.99999    0.00428095    0.00116964       0.42963   -0.00428315      0.999989    0.00188767      0.460188   -0.00116155   -0.00189266      0.999998      -4.82468
      0.99999    0.00414881    0.00144034      0.426999    -0.0041513       0.99999    0.00172735      0.496468   -0.00143316   -0.00173331      0.999997      -4.83781
      0.99999    0.00422784    0.00133557      0.430182   -0.00423049      0.999989    0.00198705      0.440756   -0.00132716   -0.00199268      0.999997      -4.83701
     0.999991    0.00407594    0.00122244      0.431713    -0.0040783       0.99999    0.00193551      0.460809   -0.00121454   -0.00194047      0.999997      -4.82884
     0.999991    0.00417925    0.00110201      0.431893   -0.00418135      0.999989    0.00191013       0.46614   -0.00109402   -0.00191472      0.999998      -4.84125
     0.999991    0.00421639    0.00109953      0.433872   -0.00421877      0.999989     0.0021718      0.443674   -0.00109036   -0.00217642      0.999997      -4.81009
      0.99999    0.00420012    0.00157366      0.437124   -0.00420327      0.999989    0.00200374      0.468946   -0.00156522   -0.00201033      0.999997      -4.78991
      0.99999    0.00434461    0.00136608      0.444911   -0.00434782      0.999988     0.0023541      0.434934   -0.00135583   -0.00236002      0.999996      -4.75586
      0.99999    0.00439711    0.00117626      0.457534   -0.00440048      0.999986    0.00287675      0.451921   -0.00116359    -0.0028819      0.999995      -4.72646
     0.999989    0.00444692    0.00126554      0.456865    -0.0044503      0.999986    0.00268807      0.462681   -0.00125357   -0.00269367      0.999996      -4.72453
     0.999989    0.00454584    0.00121968      0.453436    -0.0045495      0.999985    0.00301841      0.409137   -0.00120594   -0.00302392      0.999995      -4.71897
     0.999988    0.00468761      0.001185      0.440327   -0.00469098      0.999985    0.00285159      0.456028   -0.00117161   -0.00285712      0.999995      -4.69991
     0.999987    0.00487121    0.00113025      0.434254    -0.0048746      0.999984    0.00301481      0.440993   -0.00111555   -0.00302028      0.999995      -4.69456
     0.999988    0.00486786   0.000808914      0.442793   -0.00487045      0.999983    0.00323174      0.413183  -0.000793169   -0.00323564      0.999994      -4.68094
     0.999987     0.0049577   0.000897771      0.443871   -0.00496033      0.999983    0.00295076      0.442302  -0.000883127   -0.00295518      0.999995      -4.66252
     0.999987    0.00498783   0.000890204      0.441309   -0.00499056      0.999983     0.0030877       0.42287  -0.000874787    -0.0030921      0.999995       -4.6526
     0.999987    0.00495398   0.000704407      0.457268   -0.00495623      0.999983    0.00321691      0.421147  -0.000688459   -0.00322036      0.999995      -4.60976
     0.999988     0.0048157   0.000855423      0.451377   -0.00481828      0.999984    0.00304358      0.458197  -0.000840752   -0.00304766      0.999995      -4.61656
     0.999988    0.00492576   0.000592509      0.454519    -0.0049278      0.999982    0.00347948      0.415247  -0.000575359   -0.00348236      0.999994        -4.615
     0.999987    0.00498096   0.000602914      0.451997   -0.00498307      0.999981    0.00354213      0.435477   -0.00058526   -0.00354509      0.999994      -4.61792
     0.999986    0.00517885   0.000587156      0.443245   -0.00518084      0.999981    0.00344499      0.449583  -0.000569303   -0.00344798      0.999994      -4.62943
     0.999985    0.00542046   0.000373909      0.442776   -0.00542171      0.999979    0.00343163      0.413185    -0.0003553   -0.00343361      0.999994      -4.63405
     0.999985    0.00543098   0.000356591      0.432587   -0.00543217      0.999979    0.00343445      0.429151  -0.000337931   -0.00343634      0.999994      -4.62449
     0.999985    0.00541592   0.000358637      0.433982   -0.00541704       0.99998    0.00318641      0.442097  -0.000341373    -0.0031883      0.999995      -4.63591
     0.999986    0.00537019   0.000308239      0.432164   -0.00537131      0.999979    0.00375633      0.415976   -0.00028806   -0.00375793      0.999993      -4.60593
     0.999986    0.00535556   0.000300891      0.425325   -0.00535653       0.99998    0.00330753      0.459278  -0.000283172   -0.00330909      0.999994       -4.6086
     0.999985     0.0055479    0.00017658      0.431307   -0.00554854      0.999977     0.0038399      0.390038  -0.000155272   -0.00384082      0.999993      -4.59398
     0.999986    0.00536822   0.000229208      0.448379   -0.00536908      0.999978    0.00396742      0.446586  -0.000207905   -0.00396859      0.999992      -4.55176
     0.999986    0.00522315   0.000187649      0.451572   -0.00522386      0.999978    0.00400669      0.437728  -0.000166718   -0.00400761      0.999992      -4.56203
     0.999986    0.00532313  -0.000190004      0.444567   -0.00532231      0.999977    0.00411685      0.421787   0.000211914   -0.00411578      0.999992      -4.57222
     0.999985    0.00556279  -0.000185579      0.439491   -0.00556196      0.999976    0.00420405      0.436096   0.000208961   -0.00420295      0.999991      -4.55443
     0.999984    0.00564851  -8.48238e-05      0.426257   -0.00564814      0.999977    0.00380529      0.444687   0.000106316   -0.00380476      0.999993      -4.57335
     0.999984    0.00571812   -0.00014878      0.415983   -0.00571749      0.999976    0.00393082      0.397674   0.000171253   -0.00392991      0.999992      -4.59417
     0.999983    0.00587564  -0.000149767      0.404313     -0.005875      0.999975    0.00394572      0.431072   0.000172947   -0.00394477      0.999992      -4.59255
     0.999982    0.00593611  -1.58545e-05       0.39895   -0.00593601      0.999975    0.00396174      0.428504   3.93714e-05   -0.00396158      0.999992      -4.60636
     0.999983    0.00587456   7.30671e-05      0.405219   -0.00587481      0.999975    0.00400397      0.401318  -4.95437e-05   -0.00400433      0.999992      -4.61066
     0.999983    0.00590241   0.000188476      0.389629   -0.00590304      0.999976     0.0035129      0.444945  -0.000167736   -0.00351395      0.999994      -4.62718
     0.999981    0.00614514   6.63059e-05      0.379484   -0.00614534      0.999974    0.00366294      0.371086  -4.37949e-05   -0.00366327      0.999993      -4.62725
     0.999982    0.00591459   0.000515276      0.381124    -0.0059163      0.999977    0.00338058      0.449943   -0.00049527   -0.00338357      0.999994      -4.60582
     0.999982    0.00589748   0.000472712      0.377332    -0.0058993      0.999975      0.003948      0.417817  -0.000449417   -0.00395072      0.999992      -4.60685
     0.999982    0.00606584   0.000308214      0.371116   -0.00606693      0.999975    0.00367765      0.417467  -0.000285898   -0.00367945      0.999993      -4.60345
     0.999982    0.00596115   0.000355801      0.372524   -0.00596231      0.999977    0.00336767      0.454005  -0.000335717   -0.00336973      0.999994      -4.64534
     0.999982    0.00601728   0.000434474      0.382478   -0.00601889      0.999975     0.0037994      0.399398  -0.000411601   -0.00380195      0.999993      -4.60018
     0.999983    0.00585421   0.000679814      0.379051    -0.0058564      0.999978    0.00326143      0.454892  -0.000660705   -0.00326535      0.999994      -4.63619
     0.999982    0.00590627   0.000576613       0.38074   -0.00590849      0.999975    0.00393248      0.429769  -0.000553372   -0.00393582      0.999992      -4.63196
     0.999981    0.00608117   0.000465435      0.367927   -0.00608292      0.999974    0.00385524      0.440409  -0.000441979     -0.003858      0.999992       -4.6304
      0.99998     0.0063067   0.000543563      0.352847   -0.00630864      0.999973     0.0036361      0.469014  -0.000520617   -0.00363946      0.999993      -4.67146
     0.999981    0.00620982   0.000502158      0.354886   -0.00621186      0.999972    0.00415744      0.394659  -0.000476327   -0.00416048      0.999991       -4.6171
     0.999978    0.00650761    0.00114144      0.357609   -0.00651443       0.99996    0.00608063      0.327995   -0.00110183   -0.00608794      0.999981      -4.47593
      0.99998    0.00617432    0.00111224      0.382093   -0.00618041      0.999965     0.0055636      0.357874   -0.00107785   -0.00557036      0.999984      -4.50112
      0.99998    0.00618434    0.00126869      0.382537   -0.00619169      0.999964    0.00587386      0.378052   -0.00123232    -0.0058816      0.999982       -4.4808
      0.99998     0.0061994    0.00100891      0.369758   -0.00620453      0.999967    0.00516217       0.40718  -0.000976873   -0.00516833      0.999986      -4.52838
     0.999979    0.00639974   0.000729914      0.362066   -0.00640379      0.999963    0.00568462      0.345652  -0.000693507   -0.00568917      0.999984      -4.53455
      0.99998    0.00634648   0.000846269      0.352014   -0.00635081      0.999966    0.00522274      0.430303  -0.000813094   -0.00522801      0.999986      -4.54582
     0.999981    0.00617692   0.000899264      0.357557   -0.00618172      0.999966    0.00542951      0.367177  -0.000865696   -0.00543496      0.999985      -4.56335
      0.99998    0.00630284   0.000969823      0.353316   -0.00630821      0.999964    0.00564365      0.377551  -0.000934217   -0.00564966      0.999984      -4.55032
     0.999979    0.00641009   0.000889317      0.341307   -0.00641478      0.999965    0.00536886      0.407744  -0.000854871   -0.00537445      0.999985       -4.5558
     0.999979    0.00650014   0.000784967      0.345802   -0.00650426      0.999964    0.00535884      0.354817  -0.000750106   -0.00536383      0.999985      -4.54177
     0.999979    0.00646259   0.000822802      0.352284   -0.00646683      0.999965    0.00526479      0.392231  -0.000788749      -0.00527      0.999986      -4.51215
      0.99998    0.00632723   0.000933962      0.352264   -0.00633209      0.999966    0.00529523      0.395532  -0.000900426   -0.00530103      0.999986      -4.52361
      0.99998    0.00625909   0.000812069      0.369418   -0.00626365      0.999964    0.00574117      0.365283  -0.000776106   -0.00574614      0.999983      -4.51446
      0.99998    0.00625462   0.000946093      0.369656   -0.00625966      0.999966    0.00542006      0.383362  -0.000912161   -0.00542587      0.999985      -4.51848
     0.999979    0.00640515   0.000850731      0.357771   -0.00640961      0.999965    0.00533783      0.395854  -0.000816511   -0.00534317      0.999985       -4.5221
     0.999977    0.00681007   0.000534515      0.336917   -0.00681293      0.999961     0.0055399      0.355277  -0.000496768   -0.00554341      0.999985      -4.52259
     0.999976    0.00693714   0.000687176       0.32263   -0.00694043      0.999964    0.00491093      0.429948  -0.000653083   -0.00491558      0.999988      -4.53662
     0.999975    0.00697455   0.000663706      0.324075   -0.00697787      0.999962    0.00514581      0.351913  -0.000627791   -0.00515031      0.999987      -4.55283
     0.999976    0.00693882   0.000738244      0.313372   -0.00694223      0.999965    0.00471327      0.380208  -0.000705513   -0.00471828      0.999989      -4.53269
