# 3dvolreg matrices (DICOM-to-DICOM, row-by-row):
            1  -8.01871e-05   2.88413e-05   -0.00429438   8.01859e-05             1   4.24697e-05     -0.035832  -2.88447e-05  -4.24674e-05             1   -0.00526809
            1  -0.000214101  -2.54571e-05    0.00504219   0.000214103             1   0.000109361     -0.039935   2.54337e-05  -0.000109367             1    0.00479282
            1   5.84947e-12   3.81372e-11   7.33944e-09  -5.84947e-12             1  -3.14004e-11   4.13077e-09  -3.81372e-11   3.14004e-11             1  -4.97727e-09
            1  -0.000194324  -8.37833e-05    0.00433472   0.000194339             1   0.000172564    -0.0379377   8.37498e-05   -0.00017258             1    0.00794296
            1   0.000144067  -0.000220674    -0.0110964  -0.000143991             1   0.000346283   -0.00078769   0.000220724  -0.000346251             1     0.0529555
            1  -5.30713e-05  -1.06466e-06    0.00216685   5.30718e-05             1   0.000484413    -0.0541337   1.03895e-06  -0.000484413             1     0.0650751
            1  -3.06275e-05  -3.70454e-05   0.000863308   3.06506e-05             1   0.000624473   -0.00245464   3.70262e-05  -0.000624474             1     0.0794649
            1   0.000180534  -0.000152725     -0.006616  -0.000180462             1   0.000471682    -0.0276582    0.00015281  -0.000471655             1     0.0751802
            1   6.77225e-05  -0.000159549   -0.00591139  -6.76118e-05             1   0.000694011    -0.0120786   0.000159596  -0.000694001             1     0.0845142
            1  -9.24554e-06  -0.000165648   -0.00223916   9.39864e-06             1     0.0009243    -0.0117701    0.00016564  -0.000924301             1      0.072912
            1  -0.000197791  -3.61889e-05    0.00298909   0.000197822             1    0.00087145    -0.0275477   3.60165e-05  -0.000871458             1     0.0672133
            1  -9.43613e-05  -0.000266989   0.000237341     9.462e-05             1   0.000969226     0.0195591   0.000266898  -0.000969252      0.999999     0.0814646
            1  -7.99582e-05  -0.000118298    0.00485091   8.00583e-05             1   0.000847154    -0.0224528    0.00011823  -0.000847163             1      0.084653
            1  -8.85979e-05  -0.000134947    0.00352749   8.87688e-05      0.999999    0.00126686     -0.021178   0.000134835   -0.00126687      0.999999      0.100102
            1   9.55992e-05  -6.41738e-05    0.00521077  -9.55141e-05      0.999999    0.00132428     0.0086583   6.43003e-05   -0.00132427      0.999999      0.126998
            1   9.63462e-05  -9.46317e-05   -0.00110887  -9.61725e-05      0.999998    0.00183434    -0.0492117   9.48082e-05   -0.00183433      0.999998      0.110188
            1  -8.31066e-05  -5.23298e-05    0.00673493   8.31977e-05      0.999998    0.00174216   -0.00624115    5.2185e-05   -0.00174216      0.999998      0.111069
            1  -5.27766e-05  -0.000170935   -0.00124939   5.30937e-05      0.999998     0.0018554     0.0173667   0.000170837   -0.00185541      0.999998     0.0867591
            1   3.51948e-05  -0.000119623    0.00356238  -3.49776e-05      0.999998    0.00181564    -0.0440205   0.000119687   -0.00181563      0.999998     0.0872942
            1  -1.97328e-05  -0.000138043  -0.000424081   2.00222e-05      0.999998    0.00209674    -0.0439783   0.000138001   -0.00209675      0.999998      0.111658
            1    5.2285e-05  -1.08492e-05    0.00383666  -5.22651e-05      0.999998    0.00182933    -0.0122214   1.09448e-05   -0.00182933      0.999998      0.108599
            1   4.68902e-05   5.49921e-06    0.00756927  -4.69015e-05      0.999998    0.00206586    -0.0578693  -5.40233e-06   -0.00206586      0.999998      0.110801
            1   3.60229e-05    1.9186e-05    0.00816021  -3.60642e-05      0.999998    0.00215557    -0.0128187  -1.91083e-05   -0.00215557      0.999998      0.162671
            1   7.91361e-05   3.55444e-05    0.00906971  -7.92118e-05      0.999998    0.00213265    -0.0262252  -3.53756e-05   -0.00213266      0.999998      0.158996
            1   0.000129391  -4.04114e-06    0.00859596  -0.000129381      0.999997    0.00228936    -0.0638853   4.33735e-06   -0.00228936      0.999997      0.195344
            1   4.89905e-05   7.58017e-05     0.0100348  -4.91908e-05      0.999997    0.00264422    -0.0365104  -7.56719e-05   -0.00264423      0.999997      0.199317
            1   3.50367e-05   9.83879e-05     0.0162193  -3.52744e-05      0.999997    0.00241736    -0.0335669  -9.83029e-05   -0.00241737      0.999997      0.202322
            1  -8.60664e-05   0.000103068     0.0165136   8.57736e-05      0.999996    0.00283715    -0.0619993  -0.000103312   -0.00283714      0.999996       0.19568
            1  -9.71008e-05   0.000118351     0.0216094   9.67837e-05      0.999996    0.00267609    -0.0128391  -0.000118611   -0.00267608      0.999996       0.19845
            1  -0.000158239   0.000103929     0.0203602   0.000157952      0.999996    0.00275475    -0.0328149  -0.000104365   -0.00275474      0.999996      0.189123
            1  -9.15235e-05   5.25844e-05     0.0229141   9.13739e-05      0.999996    0.00283771    -0.0594315  -5.28439e-05    -0.0028377      0.999996      0.187943
            1  -0.000121393   7.56144e-07     0.0219783    0.00012139      0.999996    0.00292887    -0.0577884  -1.11169e-06   -0.00292887      0.999996      0.202958
            1  -3.22714e-05  -8.09274e-05     0.0215763   3.24956e-05      0.999996    0.00277086    -0.0127349   8.08377e-05   -0.00277086      0.999996      0.203054
            1  -0.000130312  -7.40374e-06     0.0166285   0.000130335      0.999995    0.00318537    -0.0635788   6.98861e-06   -0.00318538      0.999995      0.218424
            1   -0.00019702   0.000189701     0.0244516    0.00019646      0.999996    0.00294845    -0.0377155  -0.000190281   -0.00294841      0.999996      0.244573
            1  -0.000136858   0.000127684     0.0217193   0.000136438      0.999995    0.00328334    -0.0702081  -0.000128133   -0.00328332      0.999995      0.230928
            1  -4.64963e-05   3.91125e-05     0.0211213   4.63668e-05      0.999995     0.0033045     -0.042437  -3.92659e-05    -0.0033045      0.999995      0.267762
            1  -6.71642e-05   4.33915e-05     0.0161811   6.70084e-05      0.999994    0.00357943    -0.0413826  -4.36317e-05   -0.00357943      0.999994      0.229377
            1   2.32763e-05   7.00298e-05     0.0171042  -2.35252e-05      0.999994    0.00355623    -0.0641524  -6.99465e-05   -0.00355623      0.999994      0.232616
            1  -0.000101841   4.97126e-05     0.0206527   0.000101654      0.999993    0.00373534    -0.0208937  -5.00927e-05   -0.00373534      0.999993      0.231551
            1  -7.01619e-05   5.64601e-05     0.0202595   6.99717e-05      0.999994    0.00336164    -0.0357986  -5.66956e-05   -0.00336163      0.999994       0.24054
            1  -0.000368952   0.000223432     0.0230303   0.000368114      0.999993    0.00373876    -0.0723567   -0.00022481   -0.00373868      0.999993      0.234022
            1  -0.000111162   0.000159421     0.0238694   0.000110592      0.999994    0.00356857    -0.0172527  -0.000159816   -0.00356855      0.999994      0.244103
            1  -0.000106553    0.00022599     0.0293436   0.000105803      0.999994    0.00331588    -0.0584685  -0.000226342   -0.00331585      0.999994      0.240657
            1  -0.000301394   0.000191716      0.031461   0.000300662      0.999993    0.00380396    -0.0702213  -0.000192861    -0.0038039      0.999993      0.270024
            1  -0.000244375   0.000178374     0.0303982   0.000243762      0.999994    0.00342516    -0.0165454   -0.00017921   -0.00342511      0.999994      0.283594
            1  -0.000226949   0.000106838     0.0285979   0.000226537      0.999993    0.00384492    -0.0651429   -0.00010771   -0.00384489      0.999993      0.269837
            1  -0.000173481   0.000185752     0.0270881   0.000172786      0.999993    0.00373217    -0.0326105  -0.000186398   -0.00373214      0.999993       0.28894
            1  -0.000156131   0.000194288     0.0308293   0.000155311      0.999991    0.00421593    -0.0384016  -0.000194944    -0.0042159      0.999991      0.287117
            1  -4.23692e-05   0.000300173     0.0254345   4.10612e-05      0.999991    0.00435635    -0.0923048  -0.000300355   -0.00435634       0.99999      0.312085
            1   0.000134527   3.35372e-05     0.0254159  -0.000134664      0.999992    0.00411212    -0.0523627  -3.29837e-05   -0.00411213      0.999992      0.331466
            1   3.93015e-05   1.34926e-05     0.0285973  -3.93607e-05       0.99999    0.00441807    -0.0740203  -1.33189e-05   -0.00441807       0.99999      0.321083
            1  -0.000186977   7.06447e-05     0.0378659   0.000186648      0.999989    0.00462862    -0.0778541  -7.15094e-05   -0.00462861      0.999989      0.336208
            1   8.47665e-05   1.10754e-05     0.0321875  -8.48165e-05      0.999989    0.00459957    -0.0333594  -1.06854e-05   -0.00459957      0.999989      0.342325
            1   0.000152801    9.1357e-05     0.0321743  -0.000153227      0.999989    0.00468197    -0.0640466  -9.06406e-05   -0.00468198      0.999989      0.343028
            1   -0.00022728   8.19277e-05     0.0372859   0.000226855      0.999987    0.00514926    -0.0620287  -8.30969e-05   -0.00514924      0.999987      0.362089
            1   0.000150232  -0.000126081      0.025254  -0.000149637      0.999989    0.00470228    -0.0196993   0.000126786   -0.00470226      0.999989        0.3688
            1   7.61525e-05  -0.000111327     0.0275186  -7.55805e-05      0.999987    0.00512932    -0.0609292   0.000111716   -0.00512931      0.999987      0.354093
            1   -6.3345e-05   4.47485e-05     0.0277575   6.31264e-05      0.999988    0.00486666    -0.0636612  -4.50563e-05   -0.00486666      0.999988      0.377527
            1   0.000117904  -0.000140515     0.0232125  -0.000117196      0.999987    0.00502754    -0.0305964   0.000141106   -0.00502752      0.999987      0.370817
            1   0.000212682  -0.000188702     0.0247862  -0.000211728      0.999987    0.00504181    -0.0518999   0.000189772   -0.00504177      0.999987      0.377828
            1  -1.99155e-05  -8.34275e-05     0.0284918   2.03532e-05      0.999986    0.00524935    -0.0577023   8.33218e-05   -0.00524935      0.999986      0.388201
            1    0.00015202  -0.000158084     0.0249947   -0.00015117      0.999986    0.00536256    -0.0144196   0.000158897   -0.00536253      0.999986      0.385178
            1   0.000267037  -0.000109718     0.0241404  -0.000266463      0.999986    0.00519354    -0.0617536   0.000111103   -0.00519351      0.999987      0.384324
            1   0.000107109   -0.00022763     0.0268039  -0.000105864      0.999985     0.0054664    -0.0683259   0.000228212   -0.00546637      0.999985      0.401309
            1   0.000230181  -0.000138964     0.0291991  -0.000229464      0.999987    0.00513353    -0.0359092   0.000140143    -0.0051335      0.999987      0.409558
            1  -5.75636e-05  -0.000372976     0.0386865   5.95308e-05      0.999986    0.00527648     -0.041142   0.000372667    -0.0052765      0.999986      0.388471
            1  -6.05147e-05  -0.000300014     0.0406867   6.21888e-05      0.999984    0.00558335    -0.0490521   0.000299672   -0.00558337      0.999984      0.416912
            1   5.55004e-06  -0.000490946     0.0409077  -2.89684e-06      0.999985     0.0054041    -0.0357169   0.000490969    -0.0054041      0.999985      0.415541
            1  -3.24123e-05  -0.000502506       0.04051    3.5364e-05      0.999983    0.00587506     -0.035233   0.000502307   -0.00587508      0.999983      0.416199
            1  -5.69376e-05    -0.0004925     0.0383053   5.97489e-05      0.999984     0.0057101    -0.0471407   0.000492166   -0.00571012      0.999984      0.423979
            1  -0.000117366  -0.000596813     0.0427529   0.000120795      0.999983    0.00574979    -0.0149075   0.000596128   -0.00574986      0.999983      0.414718
            1  -0.000180793  -0.000453693      0.046395   0.000183306      0.999985     0.0055466    -0.0272582   0.000452684   -0.00554669      0.999985       0.39446
            1  -0.000301422  -0.000621096     0.0497029   0.000305016      0.999983    0.00579447    -0.0581657   0.000619339   -0.00579466      0.999983      0.393912
            1  -0.000262245  -0.000552128     0.0466756   0.000265203      0.999986    0.00536502   -0.00828647   0.000550713   -0.00536516      0.999985      0.397939
            1  -0.000429007     -0.000614      0.046636   0.000432514      0.999984    0.00572245    -0.0573674   0.000611535   -0.00572271      0.999983       0.39166
            1  -0.000257554  -0.000395619     0.0448236   0.000259846      0.999983    0.00580328    -0.0460394   0.000394118   -0.00580339      0.999983      0.412511
            1  -0.000178572  -0.000456291     0.0475753    0.00018124      0.999983    0.00585434    -0.0356441   0.000455238   -0.00585442      0.999983       0.42885
            1  -0.000184446  -0.000531764     0.0510474   0.000187393      0.999985    0.00554739    -0.0496213   0.000530733   -0.00554749      0.999984      0.410487
            1  -0.000357483  -0.000462108     0.0509771   0.000360339      0.999981    0.00619481    -0.0553529   0.000459885   -0.00619498      0.999981      0.411127
            1  -0.000517396  -0.000593359      0.062292   0.000520833      0.999983    0.00580691    -0.0111972   0.000590345   -0.00580722      0.999983      0.413548
            1  -0.000569087  -0.000605407     0.0612851   0.000572737      0.999982    0.00604493    -0.0359477   0.000601956   -0.00604528      0.999982      0.383505
            1  -0.000371713  -0.000549847     0.0557903   0.000375125      0.999981    0.00621741    -0.0475707   0.000547525   -0.00621762      0.999981      0.403949
            1  -0.000363447  -0.000592251     0.0569962   0.000366769      0.999984    0.00561885    -0.0187911   0.000590199   -0.00561907      0.999984      0.395544
            1  -0.000381559  -0.000536967     0.0517817   0.000384744      0.999982    0.00594417    -0.0669913   0.000534689   -0.00594438      0.999982      0.393318
            1  -0.000444596   -0.00052395     0.0559648   0.000447676      0.999983     0.0058923     -0.031424   0.000521321   -0.00589253      0.999983       0.41789
            1  -0.000558803  -0.000499286     0.0652004   0.000561861      0.999981    0.00614497     -0.015273   0.000495843   -0.00614525      0.999981      0.398315
            1  -0.000377837  -0.000560289     0.0622666   0.000381434      0.999979    0.00643338    -0.0395391   0.000557847   -0.00643359      0.999979       0.41236
            1  -0.000367616    -0.0005586     0.0584706   0.000371224      0.999979    0.00647382    -0.0299051   0.000556208   -0.00647403      0.999979      0.409282
            1  -0.000111725  -0.000512487     0.0557781   0.000114995       0.99998    0.00638444    -0.0236178   0.000511763    -0.0063845      0.999979      0.427618
            1  -0.000124996  -0.000507992     0.0553739   0.000128291      0.999979    0.00649131    -0.0382162    0.00050717   -0.00649137      0.999979      0.418902
            1  -0.000228843  -0.000536509     0.0529732   0.000232409      0.999978    0.00665553    -0.0202668   0.000534974   -0.00665565      0.999978      0.433519
            1  -0.000197756   -0.00066667     0.0558244   0.000202001       0.99998    0.00637254    -0.0139833   0.000665396   -0.00637267      0.999979      0.433593
            1  -0.000281812  -0.000540602     0.0554422   0.000285365      0.999978    0.00658349    -0.0377781   0.000538735   -0.00658364      0.999978      0.427124
            1  -0.000331233  -0.000634139     0.0545165   0.000335409      0.999978    0.00659759    -0.0270129   0.000631939    -0.0065978      0.999978      0.438026
            1  -0.000303568   -0.00079209     0.0583973   0.000308694      0.999979    0.00647974  -0.000328422   0.000790106   -0.00647998      0.999979      0.430143
            1   -0.00027222   -0.00069219      0.052284   0.000276539       0.99998    0.00624684    -0.0367662   0.000690476   -0.00624703       0.99998       0.41147
            1  -0.000302839  -0.000715651     0.0513694   0.000307527      0.999978    0.00655982    -0.0516261   0.000713649   -0.00656004      0.999978      0.419475
            1  -0.000227325  -0.000783078     0.0521714   0.000232157      0.999981    0.00617539    0.00440372   0.000781659   -0.00617557      0.999981        0.4418
            1  -0.000179281  -0.000800413     0.0497563   0.000184378       0.99998    0.00637247    -0.0196729   0.000799255   -0.00637261      0.999979       0.42561
            1  -0.000331576  -0.000717606     0.0498939   0.000336139       0.99998     0.0063681    -0.0291346    0.00071548   -0.00636834      0.999979      0.435462
            1  -0.000314372  -0.000723736     0.0512101   0.000318943       0.99998    0.00632508   -0.00949829   0.000721733   -0.00632531       0.99998      0.432295
            1  -0.000195116  -0.000778593     0.0496732   0.000200191      0.999979    0.00652264    -0.0194803   0.000777304    -0.0065228      0.999978       0.42551
            1  -0.000143717  -0.000715291     0.0506688   0.000148273       0.99998    0.00637267    -0.0367249    0.00071436   -0.00637277      0.999979      0.430549
            1  -0.000163476  -0.000708686     0.0482135   0.000167922       0.99998    0.00627791   -0.00458205   0.000707646   -0.00627803       0.99998      0.423908
            1  -0.000220436  -0.000870469     0.0456698   0.000225765      0.999981     0.0061264    -0.0284812   0.000869102    -0.0061266      0.999981      0.406322
            1  -0.000317177  -0.000897345     0.0494058    0.00032281       0.99998    0.00628415   -0.00642676   0.000895334   -0.00628444       0.99998      0.416005
            1  -0.000277156  -0.000784077     0.0440747   0.000282163       0.99998    0.00639316     -0.036859   0.000782289   -0.00639338      0.999979      0.393992
            1  -0.000187324  -0.000801816     0.0460894   0.000192281      0.999981    0.00618636    0.00993383   0.000800641   -0.00618652      0.999981      0.431575
            1  -0.000278343  -0.000831445     0.0448729   0.000283489      0.999981    0.00619493    0.00479622   0.000829705   -0.00619516       0.99998      0.417093
            1  -0.000310372  -0.000767352     0.0487761   0.000315224       0.99998    0.00633025    -0.0377672   0.000765371   -0.00633049       0.99998      0.418958
            1  -0.000280064  -0.000955981     0.0470629   0.000285885      0.999981    0.00609444      0.037285   0.000954256   -0.00609471      0.999981      0.448488
     0.999999  -0.000287873  -0.000972694     0.0469544   0.000293868      0.999981    0.00616853    -0.0278143   0.000970899   -0.00616882      0.999981      0.410005
     0.999999  -0.000415375  -0.000945415     0.0499001   0.000421085      0.999982    0.00604846   -0.00195494   0.000942885   -0.00604885      0.999981      0.417995
            1  -0.000301814  -0.000767374      0.047557   0.000306164      0.999984     0.0056742     0.0176232   0.000765649   -0.00567443      0.999984      0.430114
     0.999999  -0.000503293  -0.000890691     0.0552146   0.000508758      0.999981    0.00614577   -0.00954508   0.000887581   -0.00614622      0.999981       0.41841
     0.999999   -0.00049747  -0.000924701     0.0524665   0.000502923      0.999982      0.005906      0.036126   0.000921747   -0.00590646      0.999982      0.413317
            1  -0.000562291  -0.000778379     0.0525152   0.000566597      0.999984    0.00554299   -0.00130289    0.00077525   -0.00554342      0.999984      0.389466
     0.999999  -0.000675112  -0.000980314     0.0499441   0.000680449      0.999985    0.00545463     0.0114205   0.000976617    -0.0054553      0.999985       0.38918
     0.999999  -0.000418908  -0.000917456     0.0484562    0.00042382      0.999986    0.00536027     0.0523862   0.000915198   -0.00536066      0.999985      0.414234
     0.999999  -0.000570531  -0.000890329     0.0542086   0.000575585      0.999984    0.00568644    0.00683348    0.00088707   -0.00568695      0.999983      0.407966
     0.999999  -0.000576529  -0.000897386     0.0534787   0.000581531      0.999984    0.00558403     0.0130061   0.000894153   -0.00558455      0.999984      0.448764
            1   -0.00042662  -0.000815411     0.0466838   0.000431288      0.999983    0.00573328      0.021666   0.000812952   -0.00573363      0.999983       0.43001
            1  -0.000526339  -0.000828787     0.0450441   0.000531544       0.99998    0.00629206   -0.00522597   0.000825459    -0.0062925       0.99998      0.417333
            1  -0.000365421  -0.000790098     0.0467695   0.000370082      0.999982    0.00590678     0.0547008   0.000787926   -0.00590707      0.999982      0.437593
            1  -0.000478757  -0.000722575     0.0505065   0.000483164      0.999981    0.00611175     0.0194493   0.000719636    -0.0061121      0.999981      0.408508
            1  -0.000388258  -0.000797538     0.0481987   0.000393261       0.99998    0.00628252     0.0131202   0.000795083   -0.00628283       0.99998      0.418059
            1  -0.000354765  -0.000634786     0.0461127   0.000358555      0.999982    0.00597926     0.0435961   0.000632654   -0.00597949      0.999982      0.426895
            1  -0.000494783  -0.000823727     0.0538167   0.000499809      0.999981    0.00611197  -0.000311284   0.000820687   -0.00611237      0.999981      0.406281
            1  -0.000384175  -0.000731056     0.0491219   0.000388593      0.999982    0.00605268     0.0381641   0.000728718   -0.00605296      0.999981      0.442629
            1  -0.000406367   -0.00077894     0.0494069   0.000411253       0.99998    0.00628233     0.0386887   0.000776372   -0.00628264       0.99998      0.431617
            1   -0.00042032  -0.000822926     0.0481727   0.000425681      0.999979    0.00652543     0.0155671   0.000820166   -0.00652578      0.999978      0.444794
            1   -0.00041949   -0.00081249      0.049883   0.000424423      0.999981    0.00608188     0.0645412   0.000809924   -0.00608223      0.999981      0.454153
            1  -0.000540036  -0.000834871     0.0534562   0.000545528      0.999978    0.00659177    -0.0060474   0.000831293   -0.00659222      0.999978       0.44985
            1  -0.000407337  -0.000664733     0.0492453   0.000411493       0.99998    0.00626421     0.0693055   0.000662168   -0.00626448       0.99998      0.478295
            1  -0.000444436  -0.000612782     0.0488708   0.000448457      0.999978    0.00657678     0.0402281   0.000609845   -0.00657705      0.999978      0.446852
            1  -0.000428978   -0.00086477       0.05127   0.000434581      0.999979    0.00649027     0.0404811   0.000861967   -0.00649064      0.999979      0.432249
     0.999999  -0.000650637   -0.00084826     0.0569313   0.000656015       0.99998    0.00635489     0.0427339   0.000844108   -0.00635545      0.999979      0.450929
     0.999999  -0.000600423  -0.000827609     0.0550762    0.00060575      0.999979    0.00645227      0.051545   0.000823718   -0.00645277      0.999979      0.466194
            1  -0.000613475  -0.000700744      0.057057   0.000617875       0.99998    0.00629495     0.0228655   0.000696868   -0.00629538       0.99998      0.456687
            1  -0.000651195  -0.000684872     0.0581041    0.00065561      0.999979    0.00646556     0.0436865   0.000680647     -0.006466      0.999979      0.465777
            1   -0.00062507  -0.000569202     0.0590535   0.000628571      0.999981    0.00617145     0.0522738   0.000565333    -0.0061718      0.999981       0.47511
            1  -0.000763915  -0.000537792     0.0605147     0.0007675      0.999977    0.00669772     0.0229097   0.000532663   -0.00669813      0.999977      0.452209
            1  -0.000688789  -0.000502543     0.0618469   0.000692086      0.999978    0.00659169      0.049021   0.000497992   -0.00659203      0.999978      0.476643
            1  -0.000697161   -0.00054139     0.0611666   0.000700657      0.999979     0.0064857     0.0505061   0.000536857   -0.00648608      0.999979      0.462093
            1  -0.000663138  -0.000538599     0.0582339   0.000666785      0.999977        0.0068     0.0247669   0.000534077   -0.00680036      0.999977      0.464957
            1  -0.000620665  -0.000594953     0.0583831   0.000624529      0.999979    0.00651589     0.0705336   0.000590896   -0.00651626      0.999979      0.477562
            1  -0.000677841  -0.000445802     0.0594723   0.000680837      0.999977    0.00675596     0.0344944   0.000441212   -0.00675626      0.999977      0.473448
            1  -0.000597891  -0.000483558     0.0587059   0.000601178      0.999977     0.0068257     0.0282028   0.000479466   -0.00682599      0.999977      0.496546
            1  -0.000625046  -0.000399053     0.0538911   0.000627725      0.999977    0.00674732      0.068042   0.000394826   -0.00674757      0.999977      0.499384
            1  -0.000761855  -0.000351293     0.0553892   0.000764115      0.999979    0.00647785     0.0425555    0.00034635   -0.00647811      0.999979      0.462984
            1  -0.000922748  -0.000240762     0.0547747   0.000924327      0.999978    0.00664143     0.0768276   0.000234628   -0.00664165      0.999978       0.46953
            1  -0.000842576  -0.000329576     0.0545451   0.000844635       0.99998    0.00629748     0.0937003   0.000324263   -0.00629776       0.99998      0.449115
            1  -0.000887798  -0.000216283     0.0485318   0.000889255      0.999976    0.00683025     0.0481269   0.000210214   -0.00683044      0.999977        0.4309
            1  -0.000954799  -0.000185171     0.0535645   0.000955892      0.999982    0.00599456     0.0887104   0.000179444   -0.00599473      0.999982      0.432957
     0.999999   -0.00114706    6.4908e-05      0.045868    0.00114664      0.999981    0.00607583     0.0818868   -7.1876e-05   -0.00607575      0.999982       0.42339
     0.999999   -0.00113851   0.000285257     0.0462467    0.00113683      0.999982    0.00584747     0.0742454  -0.000291909   -0.00584714      0.999983      0.434598
     0.999999   -0.00118396   0.000373452      0.042148    0.00118172      0.999982    0.00595067     0.0932721  -0.000380491   -0.00595022      0.999982      0.445594
     0.999999   -0.00108998   0.000213965     0.0442144    0.00108876      0.999984    0.00562028     0.0848249  -0.000220088   -0.00562004      0.999984        0.4568
     0.999999   -0.00138035   2.72131e-05     0.0511407    0.00138016      0.999981    0.00603591      0.071436  -3.55443e-05   -0.00603587      0.999982      0.457329
     0.999999   -0.00129074   0.000107415     0.0555064    0.00129009      0.999982    0.00585318     0.0910693  -0.000114968   -0.00585304      0.999983      0.465238
     0.999999   -0.00135113   0.000232324     0.0528292     0.0013497      0.999981    0.00604989       0.12771  -0.000240493   -0.00604958      0.999982      0.447481
     0.999999   -0.00135081    0.00022184     0.0484421    0.00134948      0.999982    0.00591447     0.0559279  -0.000229825   -0.00591416      0.999982      0.398985
     0.999999   -0.00128091   0.000351259      0.041077    0.00127902      0.999985    0.00531481      0.142098  -0.000358062   -0.00531436      0.999986      0.431203
     0.999999   -0.00134977   0.000488554     0.0385374    0.00134698      0.999983    0.00565539     0.0735902   -0.00049618   -0.00565473      0.999984      0.408792
     0.999999   -0.00130692   0.000602455     0.0408739    0.00130343      0.999983    0.00575733      0.070153  -0.000609969   -0.00575653      0.999983      0.428631
     0.999999   -0.00129333   0.000534357     0.0436467    0.00129045      0.999985    0.00535207      0.100219  -0.000541271   -0.00535137      0.999986      0.440723
     0.999999   -0.00135748   0.000453009     0.0487352     0.0013548      0.999982    0.00586357     0.0636784  -0.000460961   -0.00586295      0.999983      0.425222
     0.999999   -0.00129938   0.000432086     0.0428575      0.001297      0.999984    0.00546041      0.111168  -0.000439174   -0.00545985      0.999985      0.425693
     0.999999   -0.00138192   0.000477044     0.0539473    0.00137919      0.999983    0.00567915     0.0685265  -0.000484884   -0.00567849      0.999984      0.384189
     0.999999   -0.00143765   0.000572958     0.0512294    0.00143434      0.999983    0.00573407     0.0674735  -0.000581192   -0.00573324      0.999983      0.395539
     0.999999   -0.00139911   0.000565278      0.047353    0.00139612      0.999985    0.00525777      0.123666  -0.000572626   -0.00525697      0.999986      0.416059
     0.999999   -0.00142899   0.000528899     0.0515586    0.00142596      0.999983    0.00568666     0.0798308  -0.000537016    -0.0056859      0.999984      0.395228
     0.999999   -0.00139592   0.000593147     0.0459308    0.00139249      0.999982    0.00575462     0.0927441   -0.00060117   -0.00575378      0.999983      0.415321
     0.999999   -0.00139868   0.000541184     0.0440829    0.00139561      0.999983    0.00563125      0.107398  -0.000549052   -0.00563049      0.999984      0.427647
     0.999999   -0.00140372   0.000525175     0.0448545    0.00140057      0.999981    0.00593831     0.0557417    -0.0005335   -0.00593757      0.999982      0.440985
     0.999999   -0.00131774   0.000591553     0.0438183    0.00131449      0.999984    0.00546849      0.129827   -0.00059875    -0.0054677      0.999985      0.470551
     0.999999   -0.00138613   0.000524495     0.0467894    0.00138308      0.999982    0.00577634      0.109636  -0.000532493   -0.00577561      0.999983       0.43636
     0.999999   -0.00150363   0.000584175     0.0475949     0.0015001      0.999981    0.00599874     0.0909267  -0.000593184   -0.00599785      0.999982       0.43492
     0.999999      -0.00147    0.00067165     0.0437815    0.00146623      0.999983    0.00558032      0.130369  -0.000679842   -0.00557933      0.999984      0.444771
     0.999999   -0.00147373   0.000535526     0.0473011    0.00147068      0.999983    0.00566078     0.0737265  -0.000543859   -0.00565999      0.999984      0.420024
     0.999999   -0.00157416   0.000558059     0.0471468    0.00157113      0.999984     0.0053766      0.107078  -0.000566514   -0.00537571      0.999985      0.412461
     0.999998   -0.00166741   0.000679675     0.0460324    0.00166368      0.999984    0.00543956      0.119916  -0.000688734   -0.00543842      0.999985      0.408361
     0.999998   -0.00160714   0.000775122     0.0431176     0.0016027      0.999983    0.00568661      0.101781  -0.000784247   -0.00568536      0.999984      0.407246
     0.999998    -0.0017294   0.000719635     0.0461146     0.0017255      0.999984    0.00537731      0.103414  -0.000728923   -0.00537606      0.999985      0.391079
     0.999998   -0.00171476   0.000742599     0.0441504    0.00171066      0.999983    0.00549334       0.11313  -0.000752007   -0.00549206      0.999985       0.41067
     0.999998   -0.00162254   0.000629938     0.0446041    0.00161927      0.999985     0.0051634      0.140125  -0.000638307   -0.00516237      0.999986      0.408813
     0.999998   -0.00166549   0.000549056     0.0476886    0.00166243      0.999983    0.00552755     0.0906848  -0.000558253   -0.00552663      0.999985      0.395266
     0.999998   -0.00158513    0.00081547     0.0376234    0.00158111      0.999987    0.00490699      0.164434  -0.000823237    -0.0049057      0.999988      0.385754
     0.999998   -0.00175128   0.000735463      0.040832    0.00174742      0.999985    0.00521361       0.10188  -0.000744582   -0.00521232      0.999986      0.377984
     0.999998     -0.001681   0.000882074     0.0408541    0.00167628      0.999984    0.00531961      0.116451  -0.000891002   -0.00531812      0.999985       0.41521
     0.999998   -0.00167581    0.00089699     0.0381489    0.00167107      0.999985    0.00526918      0.115724  -0.000905807   -0.00526767      0.999986      0.414333
     0.999998   -0.00171824    0.00082217     0.0476172     0.0017134      0.999981      0.005859     0.0911085  -0.000832222   -0.00585758      0.999982      0.414927
     0.999998   -0.00162524   0.000886895     0.0457195    0.00162028      0.999983    0.00555879      0.128124  -0.000895914   -0.00555735      0.999984      0.433993
     0.999998   -0.00165384    0.00080854     0.0441591     0.0016493      0.999983    0.00557829     0.0948399  -0.000817752   -0.00557695      0.999984      0.413714
     0.999998   -0.00164346    0.00074642     0.0459834    0.00163912      0.999982    0.00578266      0.109504   -0.00075591   -0.00578143      0.999983      0.444683
     0.999999   -0.00150651   0.000711769     0.0446427    0.00150241      0.999983    0.00571436      0.133888  -0.000720365   -0.00571328      0.999983      0.451206
     0.999998    -0.0016689   0.000659134     0.0468076    0.00166499      0.999981    0.00588658      0.108362  -0.000668946   -0.00588547      0.999982      0.428281
     0.999998   -0.00169361   0.000724759     0.0434476    0.00168958      0.999983    0.00552336      0.134794  -0.000734101   -0.00552213      0.999984      0.452626
     0.999999   -0.00159356   0.000672049     0.0407944    0.00158962      0.999982    0.00582955      0.134114  -0.000681327   -0.00582847      0.999983      0.434576
     0.999998   -0.00165131   0.000699941     0.0434561    0.00164725      0.999982    0.00576169      0.109761  -0.000709442   -0.00576053      0.999983      0.420859
     0.999998   -0.00162488    0.00080815     0.0450859     0.0016207      0.999985    0.00514202      0.161856  -0.000816494    -0.0051407      0.999986      0.424804
     0.999998   -0.00176156   0.000734759     0.0458704    0.00175767      0.999985    0.00525692      0.119145  -0.000744008   -0.00525562      0.999986      0.407453
     0.999998   -0.00172319   0.000801518     0.0460089    0.00171906      0.999985     0.0051316      0.109984  -0.000810349   -0.00513021      0.999987      0.422461
     0.999998    -0.0017034    0.00084257     0.0435053      0.001699      0.999985    0.00520184      0.162708  -0.000851418    -0.0052004      0.999986      0.434862
     0.999998   -0.00173896   0.000837175     0.0447818    0.00173463      0.999985    0.00514841      0.115003  -0.000846115   -0.00514695      0.999986      0.410098
     0.999998   -0.00183399   0.000885222     0.0529081    0.00182959      0.999986    0.00493966      0.125992  -0.000894269   -0.00493804      0.999987      0.443379
     0.999998   -0.00167989   0.000846574     0.0562966    0.00167588      0.999987    0.00471215      0.139762  -0.000854479   -0.00471073      0.999989      0.419973
     0.999998   -0.00175062   0.000742629     0.0481641    0.00174692      0.999986    0.00494196       0.12066  -0.000751271   -0.00494065      0.999988      0.387402
     0.999998   -0.00174008    0.00075869     0.0396001     0.0017366      0.999988    0.00456157      0.144338  -0.000766619   -0.00456024      0.999989      0.390637
     0.999998   -0.00171756   0.000864423      0.034786     0.0017136      0.999988    0.00456429      0.163974  -0.000872252    -0.0045628      0.999989      0.372246
     0.999998   -0.00171886   0.000828635     0.0405493    0.00171506      0.999988    0.00456183      0.130372  -0.000836466    -0.0045604      0.999989      0.379973
     0.999998   -0.00177832   0.000926436     0.0383761    0.00177391      0.999987    0.00473655      0.143684  -0.000934847    -0.0047349      0.999988      0.385224
     0.999998   -0.00158156   0.000836177     0.0425878    0.00157727      0.999986    0.00510514      0.151205  -0.000844239   -0.00510382      0.999987      0.383433
     0.999998   -0.00165471   0.000664667     0.0428867    0.00165125      0.999985    0.00517116      0.132043  -0.000673214   -0.00517006      0.999986      0.380804
     0.999998   -0.00172413   0.000972202      0.031099    0.00171932      0.999986       0.00493      0.167603  -0.000980689   -0.00492832      0.999987      0.367149
     0.999998    -0.0016654   0.000988493     0.0322836     0.0016605      0.999986    0.00494535      0.150735  -0.000996715    -0.0049437      0.999987      0.338926
     0.999998   -0.00167615   0.000982997     0.0332332    0.00167116      0.999986    0.00504966      0.125983  -0.000991447   -0.00504801      0.999987      0.366502
     0.999998   -0.00165805    0.00103511     0.0301055    0.00165334      0.999988    0.00453123      0.195418   -0.00104261   -0.00452951      0.999989      0.331865
     0.999998   -0.00170662    0.00101756     0.0339672    0.00170211      0.999989    0.00441838      0.152703   -0.00102509   -0.00441664       0.99999      0.312596
     0.999998   -0.00182965    0.00102578     0.0296737    0.00182505      0.999988     0.0044623      0.158683   -0.00103394   -0.00446042       0.99999      0.320478
     0.999998   -0.00182538   0.000962489     0.0281833    0.00182118      0.999989     0.0043422      0.204348  -0.000970404   -0.00434044       0.99999      0.311204
     0.999998   -0.00188872    0.00109524     0.0283675    0.00188363      0.999987    0.00463666       0.12767   -0.00110398   -0.00463458      0.999989      0.317132
     0.999998   -0.00182222    0.00105641     0.0290554    0.00181761      0.999989    0.00434819      0.175853   -0.00106432   -0.00434626       0.99999      0.322116
     0.999998   -0.00169585   0.000998498     0.0339485     0.0016918       0.99999    0.00404813       0.17098   -0.00100535   -0.00404643      0.999991       0.28927
     0.999998   -0.00187206    0.00107559     0.0325908    0.00186729      0.999989    0.00441444      0.123091   -0.00108384   -0.00441242       0.99999      0.297037
     0.999998   -0.00164254     0.0011982      0.030687    0.00163845      0.999993    0.00341071      0.212973   -0.00120379   -0.00340874      0.999993      0.260434
     0.999997   -0.00183341    0.00128255     0.0276454    0.00182813       0.99999    0.00410737      0.157904   -0.00129007   -0.00410502      0.999991      0.241396
     0.999997   -0.00170799     0.0014489     0.0215521    0.00170272      0.999992    0.00363058       0.22047   -0.00145509    -0.0036281      0.999992      0.236683
     0.999998   -0.00167791    0.00133329     0.0240318    0.00167329      0.999993    0.00346132      0.201874   -0.00133909   -0.00345908      0.999993      0.223293
     0.999998   -0.00176775    0.00120992      0.023349    0.00176296      0.999991    0.00394616      0.171017   -0.00121688   -0.00394401      0.999991      0.245383
     0.999998   -0.00177093    0.00133485     0.0221417    0.00176653      0.999993    0.00329138      0.227121   -0.00134067   -0.00328902      0.999994      0.232157
     0.999997   -0.00179731    0.00151017     0.0252011    0.00179152      0.999991    0.00382323      0.197927   -0.00151703   -0.00382052      0.999992      0.203443
     0.999997   -0.00186705    0.00133523     0.0292009    0.00186178      0.999991     0.0039336      0.179263   -0.00134256   -0.00393111      0.999991      0.193886
     0.999998   -0.00162887    0.00143785     0.0207777    0.00162419      0.999993    0.00324481      0.260921   -0.00144312   -0.00324247      0.999994      0.184848
     0.999998   -0.00154717    0.00135458      0.024344    0.00154219      0.999992    0.00366616      0.192709   -0.00136024   -0.00366407      0.999992      0.202687
     0.999998   -0.00169993    0.00141423     0.0184141    0.00169552      0.999994    0.00310835      0.231477    -0.0014195   -0.00310594      0.999994      0.177981
