# 3dvolreg matrices (DICOM-to-DICOM, row-by-row):
     0.999994    0.00332812    0.00120025      -0.30678   -0.00333211      0.999989    0.00333453      0.577464   -0.00118914   -0.00333851      0.999994      -4.70473
     0.999994    0.00331036    0.00126043     -0.311326   -0.00331451      0.999989    0.00330504      0.611552   -0.00124948   -0.00330919      0.999994      -4.70788
     0.999994    0.00327957     0.0011843     -0.306961   -0.00328362      0.999989    0.00343376      0.557137   -0.00117303   -0.00343763      0.999993      -4.72111
     0.999994    0.00330602    0.00129369     -0.307289   -0.00331012      0.999989    0.00318509      0.589265   -0.00128315   -0.00318935      0.999994      -4.71413
     0.999993    0.00345925    0.00128486     -0.312423   -0.00346341      0.999989    0.00325151      0.587761    -0.0012736   -0.00325594      0.999994      -4.71651
     0.999993    0.00341109    0.00124032     -0.304611   -0.00341557      0.999988    0.00363182      0.560103   -0.00122792   -0.00363604      0.999993      -4.71214
     0.999994    0.00330411    0.00133378     -0.300062   -0.00330865      0.999989    0.00341798       0.63039   -0.00132247   -0.00342237      0.999993      -4.68601
     0.999995     0.0029815    0.00142841     -0.292284   -0.00298662      0.999989    0.00359647      0.573415   -0.00141767   -0.00360071      0.999993      -4.69915
     0.999995    0.00281898    0.00140528     -0.279415    -0.0028238       0.99999    0.00344191      0.603739   -0.00139556   -0.00344586      0.999993      -4.69331
     0.999995     0.0028804    0.00148582     -0.279167   -0.00288521      0.999991    0.00324429      0.602493   -0.00147646   -0.00324856      0.999994      -4.70071
     0.999994    0.00301968    0.00142141     -0.289185   -0.00302452       0.99999     0.0034123      0.590077   -0.00141109   -0.00341658      0.999993      -4.70756
     0.999994    0.00301661    0.00146102     -0.287577   -0.00302074      0.999991    0.00283467      0.618453   -0.00145246   -0.00283907      0.999995      -4.70045
     0.999994    0.00305491    0.00145195     -0.292489   -0.00305917      0.999991    0.00293904      0.600578   -0.00144296   -0.00294347      0.999995      -4.71116
     0.999994    0.00308093    0.00134215     -0.288615   -0.00308507       0.99999    0.00308858      0.568551   -0.00133262   -0.00309271      0.999994      -4.73683
     0.999994     0.0031566    0.00136021     -0.294579   -0.00316053      0.999991     0.0029004      0.598047   -0.00135105   -0.00290468      0.999995      -4.72028
     0.999994    0.00313564      0.001489     -0.296376   -0.00314012      0.999991    0.00301818      0.564819   -0.00147952   -0.00302283      0.999994      -4.73036
     0.999994    0.00331247    0.00141535       -0.2995   -0.00331642      0.999991      0.002794      0.602653   -0.00140608   -0.00279868      0.999995      -4.70055
     0.999994    0.00336429    0.00127084      -0.30253   -0.00336772      0.999991    0.00270334      0.590392   -0.00126174    -0.0027076      0.999996      -4.72266
     0.999994    0.00316993    0.00125465      -0.29069   -0.00317332      0.999991    0.00270921      0.586838   -0.00124605   -0.00271318      0.999996      -4.69318
     0.999994    0.00322493    0.00121899     -0.293293   -0.00322788      0.999992    0.00243031      0.627002   -0.00121115   -0.00243423      0.999996       -4.6971
     0.999994    0.00318966    0.00110266     -0.291272   -0.00319267      0.999991    0.00274337      0.603137    -0.0010939   -0.00274688      0.999996      -4.69725
     0.999995    0.00305297    0.00099213     -0.283028   -0.00305599      0.999991     0.0030576      0.616824  -0.000982786   -0.00306062      0.999995      -4.67862
     0.999994    0.00309599    0.00127409      -0.29109   -0.00309967      0.999991    0.00289744      0.645897   -0.00126511   -0.00290137      0.999995      -4.70192
     0.999994    0.00301927    0.00142367     -0.284717   -0.00302389       0.99999    0.00325784      0.593745   -0.00141382   -0.00326213      0.999994      -4.71393
     0.999994    0.00301118    0.00158859      -0.28502   -0.00301537      0.999992    0.00264317      0.633449   -0.00158062   -0.00264794      0.999995      -4.71671
     0.999994    0.00293958    0.00166532     -0.287019    -0.0029441      0.999992    0.00271869      0.595803   -0.00165731   -0.00272358      0.999995      -4.73866
     0.999994    0.00295997    0.00170164     -0.284344   -0.00296453      0.999992    0.00268343      0.599879   -0.00169369   -0.00268846      0.999995      -4.73049
     0.999994    0.00297157    0.00185065     -0.280571   -0.00297605      0.999993     0.0024192       0.63015   -0.00184345    -0.0024247      0.999995      -4.72408
     0.999994    0.00289328    0.00175922      -0.27719    -0.0028978      0.999992    0.00257174      0.596741   -0.00175176   -0.00257682      0.999995       -4.7359
     0.999994     0.0028541    0.00184827     -0.273951   -0.00285872      0.999993    0.00250128      0.618396   -0.00184111   -0.00250655      0.999995      -4.70812
     0.999995    0.00277636    0.00167617     -0.275581   -0.00278074      0.999993    0.00261908      0.590069   -0.00166888   -0.00262372      0.999995      -4.73061
     0.999994    0.00284993    0.00174852     -0.271802   -0.00285448      0.999993    0.00260557      0.618433   -0.00174108   -0.00261055      0.999995      -4.71791
     0.999995    0.00273576    0.00165997     -0.266494   -0.00273973      0.999993    0.00239785      0.621181    -0.0016534   -0.00240238      0.999996      -4.71824
     0.999995    0.00276677    0.00174587     -0.275905   -0.00277102      0.999993    0.00243257      0.612067   -0.00173913   -0.00243739      0.999996       -4.7394
     0.999995    0.00269731    0.00174098     -0.270126   -0.00270146      0.999993    0.00238932      0.632632   -0.00173452   -0.00239401      0.999996      -4.73803
     0.999994     0.0028775     0.0019657     -0.278487    -0.0028819      0.999993    0.00223697      0.616322   -0.00195925   -0.00224262      0.999996      -4.73328
     0.999995    0.00273095    0.00177606     -0.273591   -0.00273511      0.999994    0.00234191      0.609885   -0.00176965   -0.00234676      0.999996       -4.7467
     0.999995    0.00270178    0.00177729     -0.270774   -0.00270561      0.999994    0.00215576       0.62706   -0.00177146   -0.00216055      0.999996       -4.7407
     0.999994    0.00275793    0.00188087     -0.274352   -0.00276186      0.999994    0.00208749      0.634814   -0.00187511   -0.00209267      0.999996      -4.74563
     0.999994    0.00278204    0.00186394     -0.276327   -0.00278607      0.999994    0.00216284      0.605867   -0.00185791   -0.00216802      0.999996      -4.75348
     0.999995    0.00267117    0.00166617      -0.27035   -0.00267494      0.999994    0.00226157      0.614478   -0.00166012   -0.00226602      0.999996       -4.7351
     0.999995    0.00274067    0.00171554     -0.271542   -0.00274414      0.999994    0.00202296      0.632415   -0.00170998   -0.00202765      0.999996      -4.74899
     0.999995    0.00264604    0.00174005     -0.268948   -0.00264964      0.999994    0.00206608      0.611129   -0.00173457   -0.00207068      0.999996      -4.74723
     0.999995     0.0027127    0.00178313     -0.268439    -0.0027163      0.999994    0.00202012      0.637807   -0.00177764   -0.00202495      0.999996      -4.74058
     0.999995    0.00266809    0.00180826     -0.271326   -0.00267242      0.999994    0.00239216      0.607194   -0.00180186   -0.00239698      0.999996        -4.756
     0.999994    0.00300045    0.00153176     -0.279495   -0.00300358      0.999993    0.00204662        0.6708   -0.00152561   -0.00205121      0.999997      -4.72495
     0.999994    0.00286633    0.00178311     -0.277324    -0.0028694      0.999994    0.00172417      0.651413   -0.00177816   -0.00172928      0.999997      -4.75989
     0.999995    0.00281095    0.00158849     -0.273805    -0.0028137      0.999995    0.00173606      0.616603    -0.0015836   -0.00174052      0.999997      -4.77454
     0.999994    0.00302591     0.0014409     -0.282901   -0.00302838      0.999994    0.00171919      0.665386   -0.00143569   -0.00172355      0.999997      -4.77055
     0.999995     0.0029153    0.00155536     -0.281142   -0.00291778      0.999994    0.00159374      0.636332    -0.0015507   -0.00159827      0.999998      -4.80067
     0.999994    0.00289462    0.00162487     -0.272169   -0.00289726      0.999994     0.0016274      0.629575   -0.00162015    -0.0016321      0.999997      -4.79237
     0.999994    0.00288405    0.00189641     -0.283974   -0.00288596      0.999995    0.00100533      0.660846    -0.0018935    -0.0010108      0.999998      -4.79752
     0.999994    0.00294668    0.00164522      -0.28759   -0.00294914      0.999995    0.00149244      0.619592   -0.00164081   -0.00149728      0.999998      -4.78577
     0.999994    0.00319554    0.00141057     -0.291195    -0.0031974      0.999994    0.00131743      0.629714   -0.00140635   -0.00132193      0.999998      -4.76908
     0.999994    0.00323583    0.00149337      -0.29609   -0.00323745      0.999994    0.00108431      0.645141   -0.00148985   -0.00108914      0.999998      -4.79394
     0.999994     0.0031854    0.00127657     -0.297852   -0.00318739      0.999994    0.00156044      0.640031   -0.00127159    -0.0015645      0.999998      -4.79812
     0.999994    0.00341532     0.0010902     -0.302717   -0.00341714      0.999993    0.00167585      0.654308   -0.00108446   -0.00167956      0.999998      -4.76399
     0.999994     0.0034334    0.00100284     -0.308746   -0.00343499      0.999993    0.00158743      0.649367   -0.00099738   -0.00159086      0.999998      -4.78097
     0.999993    0.00351595   0.000904749     -0.305692   -0.00351773      0.999992    0.00196991        0.6142  -0.000897815   -0.00197308      0.999998      -4.78641
     0.999993    0.00354106   0.000857632     -0.305382    -0.0035429      0.999991    0.00215237      0.635029  -0.000850002    -0.0021554      0.999997       -4.6716
     0.999994    0.00328045    0.00120825     -0.293017   -0.00328205      0.999994    0.00132124      0.620034   -0.00120391    -0.0013252      0.999998      -4.85484
     0.999994    0.00326726    0.00113216     -0.289712    -0.0032681      0.999994   0.000739565      0.689161   -0.00112974  -0.000743261      0.999999      -4.86012
     0.999994    0.00324655    0.00129167     -0.290984   -0.00324744      0.999994   0.000688468       0.65332   -0.00128943  -0.000692658      0.999999      -4.88847
     0.999994    0.00321929    0.00128186     -0.289247   -0.00322044      0.999994   0.000899141      0.633961   -0.00127896  -0.000903264      0.999999      -4.87918
     0.999994    0.00316643    0.00125647     -0.292392   -0.00316643      0.999995  -2.18268e-06      0.686417   -0.00125647  -1.79586e-06      0.999999      -4.87492
     0.999995    0.00302786    0.00120784     -0.291804   -0.00302826      0.999995    0.00032901      0.651881   -0.00120684  -0.000332666      0.999999      -4.88436
     0.999995    0.00286982    0.00117195     -0.283505    -0.0028705      0.999996   0.000586658      0.652332   -0.00117026  -0.000590019      0.999999      -4.87238
     0.999995    0.00291646    0.00145726     -0.289643   -0.00291709      0.999996   0.000430593      0.684935     -0.001456  -0.000434841      0.999999      -4.88239
     0.999994    0.00293252    0.00164222     -0.297348   -0.00293359      0.999995   0.000650506      0.674879    -0.0016403   -0.00065532      0.999998      -4.90017
     0.999995    0.00285194    0.00162993     -0.290316   -0.00285341      0.999996   0.000899567      0.658321   -0.00162736  -0.000904213      0.999998      -4.90536
     0.999995    0.00287549    0.00152036      -0.29265   -0.00287677      0.999996   0.000840645      0.693086   -0.00151794  -0.000845014      0.999998      -4.90988
     0.999995    0.00288789    0.00140571     -0.292842   -0.00288878      0.999996   0.000636123      0.654317   -0.00140386  -0.000640181      0.999999      -4.93633
     0.999995    0.00290391    0.00140818     -0.289048   -0.00290492      0.999996   0.000710798      0.662111   -0.00140611  -0.000714885      0.999999      -4.91518
     0.999994    0.00289955    0.00175886     -0.287267   -0.00290015      0.999996   0.000338537      0.695201   -0.00175787  -0.000343636      0.999998      -4.91274
     0.999994    0.00296457     0.0017843     -0.276386   -0.00296558      0.999995   0.000564544      0.653362   -0.00178262  -0.000569832      0.999998      -4.93966
     0.999995    0.00279272    0.00170259     -0.265603   -0.00279372      0.999996   0.000585619      0.672595   -0.00170095  -0.000590372      0.999998      -4.93387
     0.999995    0.00282443    0.00151147     -0.261503   -0.00282538      0.999996   0.000624158      0.676714    -0.0015097  -0.000628426      0.999999      -4.96384
     0.999995    0.00277523    0.00149762     -0.253534   -0.00277669      0.999996   0.000975736      0.661471   -0.00149491   -0.00097989      0.999998      -4.96023
     0.999994     0.0028731     0.0017166     -0.260948   -0.00287407      0.999996   0.000562282      0.714693   -0.00171497  -0.000567213      0.999998        -4.971
     0.999994    0.00277808    0.00188819     -0.265929   -0.00277956      0.999996   0.000779109      0.673645   -0.00188601  -0.000784353      0.999998      -4.99756
     0.999994     0.0028084    0.00185608     -0.265831   -0.00281002      0.999996   0.000870943      0.672107   -0.00185362  -0.000876154      0.999998      -5.00777
     0.999995     0.0026105    0.00200057     -0.258134   -0.00261193      0.999996    0.00071204      0.696841    -0.0019987  -0.000717262      0.999998      -5.00501
     0.999995    0.00252696    0.00192939     -0.255376    -0.0025281      0.999997   0.000585809      0.694193   -0.00192791  -0.000590684      0.999998      -5.01941
     0.999995    0.00246526    0.00209016     -0.251274   -0.00246699      0.999997   0.000822844      0.681728   -0.00208812  -0.000827997      0.999997      -5.01765
     0.999995    0.00234185    0.00205161     -0.239273   -0.00234326      0.999997   0.000683526      0.703883      -0.00205   -0.00068833      0.999998      -5.00369
     0.999995    0.00231243    0.00207126     -0.243781   -0.00231365      0.999997   0.000585752      0.711617    -0.0020699  -0.000590541      0.999998      -5.03221
     0.999995    0.00247796    0.00194744     -0.248972   -0.00247932      0.999997    0.00069379      0.687456   -0.00194571  -0.000698614      0.999998       -5.0287
     0.999994    0.00248488    0.00228188     -0.244498   -0.00248561      0.999997   0.000321406      0.709884   -0.00228107  -0.000327076      0.999997      -5.02722
     0.999994      0.002342    0.00257953     -0.235292   -0.00234325      0.999997     0.0004812      0.682497    -0.0025784  -0.000487242      0.999997      -5.03569
     0.999993    0.00235227    0.00276082     -0.225968   -0.00235442      0.999997   0.000774622       0.67561   -0.00275899  -0.000781117      0.999996      -5.02139
     0.999994    0.00222739     0.0026494      -0.22733   -0.00222928      0.999997   0.000711755      0.728999   -0.00264781  -0.000717657      0.999996      -5.01486
     0.999994    0.00217576     0.0027098     -0.216897   -0.00217899      0.999997    0.00118988      0.691411    -0.0027072   -0.00119578      0.999996      -5.02238
     0.999995    0.00170184    0.00279592     -0.177966   -0.00170522      0.999998     0.0012059      0.700216   -0.00279386   -0.00121066      0.999995      -5.02551
     0.999995    0.00168107    0.00281746     -0.180644    -0.0016834      0.999998   0.000824251      0.738435   -0.00281607   -0.00082899      0.999996      -5.04082
     0.999994     0.0015407    0.00300663      -0.17496   -0.00154232      0.999999   0.000537443      0.695044    -0.0030058  -0.000542077      0.999995      -5.07535
     0.999994     0.0014602    0.00322198     -0.173032   -0.00146212      0.999999   0.000593301      0.709069   -0.00322111  -0.000598008      0.999995      -5.05528
     0.999994    0.00155233    0.00315627     -0.179939     -0.001554      0.999999   0.000526159       0.72288   -0.00315545  -0.000531061      0.999995      -5.06803
     0.999994    0.00166143    0.00303448     -0.182505   -0.00166412      0.999998   0.000884489      0.692651     -0.003033  -0.000889534      0.999995      -5.07711
     0.999994    0.00173029    0.00308671     -0.184832   -0.00173225      0.999998   0.000632718      0.739918   -0.00308561  -0.000638061      0.999995      -5.04423
     0.999994    0.00175321    0.00308451     -0.189255   -0.00175455      0.999998   0.000432516      0.726642   -0.00308375  -0.000437925      0.999995      -5.06519
     0.999994    0.00173617    0.00304117     -0.183899   -0.00173835      0.999998   0.000716244      0.708313   -0.00303992  -0.000721526      0.999995      -5.06777
     0.999994    0.00168819    0.00308727     -0.185776   -0.00168917      0.999999   0.000314711      0.726732   -0.00308673  -0.000319924      0.999995      -5.05684
     0.999994    0.00166105    0.00299308     -0.181674   -0.00166263      0.999998   0.000526922      0.721704    -0.0029922  -0.000531895      0.999995      -5.05666
     0.999994    0.00163079    0.00291004     -0.173401    -0.0016337      0.999998    0.00099897      0.701967   -0.00290841   -0.00100372      0.999995      -5.04728
     0.999994    0.00168784    0.00300184     -0.175224   -0.00168944      0.999998   0.000528532       0.76285   -0.00300094    -0.0005336      0.999995      -5.06077
     0.999994    0.00191367    0.00294813     -0.192931   -0.00191646      0.999998   0.000942913      0.717266   -0.00294632  -0.000948557      0.999995      -5.09714
     0.999994     0.0019024    0.00285713     -0.186189   -0.00190423      0.999998   0.000637852      0.731725   -0.00285591  -0.000643289      0.999996      -5.08248
     0.999994    0.00190765    0.00297111      -0.20436   -0.00190877      0.999998    0.00037636      0.725143   -0.00297038  -0.000382029      0.999996      -5.10111
     0.999994    0.00199113    0.00286657      -0.19979   -0.00199384      0.999998   0.000941566       0.70019   -0.00286469  -0.000947276      0.999995      -5.06015
     0.999994    0.00206053    0.00276207     -0.211126   -0.00206114      0.999998   0.000219063      0.765325   -0.00276161  -0.000224755      0.999996       -5.0721
     0.999995    0.00195791    0.00263277     -0.208414    -0.0019596      0.999998   0.000641504      0.729365   -0.00263151  -0.000646659      0.999996      -5.08109
     0.999994    0.00199827    0.00277494     -0.216043   -0.00200055      0.999998   0.000819915      0.727828   -0.00277329  -0.000825461      0.999996      -5.08305
     0.999993    0.00204792     0.0029965     -0.215685   -0.00204945      0.999998   0.000506014      0.750291   -0.00299545  -0.000512152      0.999995      -5.11994
     0.999994    0.00214368    0.00289772     -0.227503   -0.00214669      0.999997      0.001035      0.701905   -0.00289549   -0.00104121      0.999995      -5.13248
     0.999994    0.00230805    0.00247498     -0.223453   -0.00230992      0.999997   0.000751259      0.760331   -0.00247324  -0.000756972      0.999997      -5.10756
     0.999994    0.00238546    0.00266209     -0.219998   -0.00238779      0.999997   0.000870814      0.727171      -0.00266  -0.000877165      0.999996      -5.11742
     0.999994    0.00222613     0.0027905     -0.231467   -0.00222756      0.999997   0.000509683      0.746817   -0.00278935  -0.000515896      0.999996      -5.07624
     0.999993    0.00211304    0.00318253     -0.226533   -0.00211462      0.999998   0.000493834      0.721792   -0.00318148   -0.00050056      0.999995      -5.09264
     0.999993    0.00199388    0.00319213     -0.219352   -0.00199746      0.999997    0.00111607      0.714216   -0.00318989   -0.00112243      0.999994      -5.07112
     0.999993    0.00207391     0.0032554     -0.225221    -0.0020761      0.999998   0.000668822      0.764031     -0.003254  -0.000675575      0.999994      -5.09942
     0.999993    0.00206553    0.00318055     -0.221984    -0.0020683      0.999997   0.000870153      0.718251   -0.00317875  -0.000876725      0.999995       -5.1083
     0.999993    0.00211823    0.00322868     -0.221471   -0.00212213      0.999997    0.00120501      0.727191   -0.00322611   -0.00121185      0.999994       -5.0897
     0.999992    0.00209697    0.00350684     -0.229802   -0.00209981      0.999997   0.000807321      0.757811   -0.00350514  -0.000814678      0.999994      -5.10232
     0.999992    0.00206306    0.00339934     -0.234091   -0.00206709      0.999997     0.0011827      0.730401    -0.0033969   -0.00118971      0.999994      -5.11321
     0.999992    0.00213666    0.00328511     -0.241467    -0.0021399      0.999997    0.00098091      0.731666     -0.003283  -0.000987932      0.999994      -5.11282
     0.999991    0.00211134    0.00355885     -0.249558   -0.00211381      0.999998   0.000691731      0.757156   -0.00355739  -0.000699248      0.999993      -5.12218
     0.999991    0.00204044    0.00361228     -0.249732   -0.00204306      0.999998   0.000720027      0.699503    -0.0036108  -0.000727401      0.999993      -5.13638
     0.999993    0.00201046    0.00328468     -0.245951    -0.0020127      0.999998   0.000679359      0.723548   -0.00328331  -0.000685965      0.999994      -5.13794
     0.999993    0.00188832    0.00334055     -0.241168   -0.00189051      0.999998   0.000650978      0.693243   -0.00333931  -0.000657289      0.999994      -5.18322
     0.999992    0.00202779    0.00338988     -0.249289   -0.00203099      0.999997   0.000941233       0.70449   -0.00338796   -0.00094811      0.999994      -5.15047
     0.999992     0.0017927     0.0036004     -0.250774   -0.00179526      0.999998   0.000708266      0.724954   -0.00359912  -0.000714724      0.999993       -5.1558
     0.999992    0.00168121    0.00352063     -0.249262    -0.0016849      0.999998    0.00104348      0.698641   -0.00351887    -0.0010494      0.999993      -5.16542
     0.999992    0.00162291    0.00361256     -0.247567   -0.00162628      0.999998   0.000929682      0.696699   -0.00361104   -0.00093555      0.999993      -5.18033
     0.999992    0.00159105    0.00366092     -0.250017   -0.00159282      0.999999    0.00048103      0.736128   -0.00366015  -0.000486858      0.999993      -5.21598
     0.999993    0.00145302    0.00351639     -0.237858   -0.00145604      0.999999   0.000853888      0.695548   -0.00351515  -0.000859002      0.999993      -5.21992
     0.999994    0.00125784    0.00329312     -0.227934    -0.0012598      0.999999   0.000594824      0.727356   -0.00329237  -0.000598969      0.999994      -5.23946
     0.999993    0.00103291    0.00355764     -0.221785   -0.00103411      0.999999   0.000333035      0.709292   -0.00355729  -0.000336712      0.999994      -5.30505
     0.999993   0.000808347    0.00357142     -0.209232  -0.000810152             1   0.000503802      0.674225   -0.00357101  -0.000506692      0.999993      -5.31627
     0.999993   0.000932479    0.00366881     -0.220321  -0.000933923      0.999999   0.000392028      0.711257   -0.00366844  -0.000395451      0.999993      -5.34584
     0.999993   0.000886776    0.00370996     -0.225235  -0.000889284      0.999999   0.000674495      0.701841   -0.00370936   -0.00067779      0.999993      -5.39093
     0.999993   0.000959134    0.00349585     -0.225362    -0.0009627      0.999999    0.00101851      0.687793   -0.00349487   -0.00102187      0.999993      -5.37281
     0.999993   0.000964868    0.00371418      -0.22902  -0.000967442      0.999999   0.000691369      0.716333   -0.00371351  -0.000694957      0.999993      -5.39531
     0.999993   0.000789842    0.00360681     -0.221494  -0.000792863      0.999999   0.000836201      0.670086   -0.00360615  -0.000839055      0.999993       -5.4137
     0.999993   0.000620977    0.00380945     -0.214212  -0.000624307      0.999999   0.000872921      0.718401    -0.0038089  -0.000875293      0.999992      -5.39059
     0.999993   0.000669175    0.00377234     -0.223836  -0.000672231      0.999999   0.000809085       0.71228   -0.00377179  -0.000811615      0.999993      -5.42095
     0.999992   0.000663396    0.00394455     -0.217866   -0.00066797      0.999999    0.00115848      0.703809   -0.00394378   -0.00116111      0.999992      -5.40758
     0.999992   0.000779105    0.00388879     -0.228696   -0.00078239      0.999999   0.000843374       0.73216   -0.00388813   -0.00084641      0.999992      -5.43778
     0.999993   0.000806025    0.00378248     -0.228023  -0.000809191      0.999999   0.000835745      0.695512   -0.00378181    -0.0008388      0.999992      -5.44366
     0.999993   0.000818177    0.00359785     -0.223398  -0.000821031      0.999999   0.000791958      0.702555    -0.0035972  -0.000794906      0.999993      -5.41423
     0.999993   0.000880113     0.0037335     -0.248602  -0.000881899      0.999999   0.000476681      0.747485   -0.00373308   -0.00047997      0.999993      -5.44554
     0.999993   0.000855999    0.00374952     -0.240115  -0.000858668      0.999999   0.000710315      0.683208   -0.00374891  -0.000713529      0.999993       -5.4218
     0.999993    0.00119378    0.00361911     -0.253221   -0.00119576      0.999999   0.000546069      0.759742   -0.00361846  -0.000550393      0.999993      -5.38058
     0.999991     0.0010958     0.0040525     -0.262162   -0.00109924      0.999999    0.00084625      0.715286   -0.00405157  -0.000850697      0.999991      -5.42716
     0.999991    0.00107363    0.00398688     -0.256271   -0.00107997      0.999998    0.00158734      0.716159   -0.00398517   -0.00159163      0.999991      -5.42471
     0.999991    0.00103426    0.00412142     -0.257068   -0.00103948      0.999999    0.00126383      0.750188   -0.00412011   -0.00126811      0.999991      -5.45812
      0.99999   0.000911145    0.00431006     -0.249477  -0.000917305      0.999999     0.0014274      0.711468   -0.00430875   -0.00143134       0.99999      -5.43614
      0.99999    0.00103073     0.0043807     -0.251435   -0.00103607      0.999999    0.00121638      0.760125   -0.00437944   -0.00122091       0.99999      -5.43421
     0.999989   0.000854515    0.00450339     -0.239519  -0.000860107      0.999999    0.00123995      0.711317   -0.00450233   -0.00124381      0.999989      -5.42208
      0.99999   0.000819579    0.00430171     -0.229014  -0.000825425      0.999999    0.00135734      0.755802   -0.00430059   -0.00136087       0.99999      -5.35407
      0.99999   0.000744095    0.00448633     -0.224526  -0.000750443      0.999999     0.0014134      0.755066   -0.00448527   -0.00141675      0.999989      -5.38722
      0.99999   0.000325669    0.00449754     -0.201228  -0.000332808      0.999999    0.00158671      0.733209   -0.00449702   -0.00158819      0.999989      -5.38551
     0.999989   0.000147543    0.00475851      -0.19508  -0.000155359      0.999999    0.00164229      0.736846   -0.00475826   -0.00164301      0.999987      -5.37399
     0.999988  -0.000101226    0.00498103     -0.158094   9.21734e-05      0.999998    0.00181754      0.731818   -0.00498121   -0.00181706      0.999986       -5.3595
     0.999988  -7.34674e-05    0.00483588     -0.145818   6.45427e-05      0.999998    0.00184563       0.71476   -0.00483601    -0.0018453      0.999987      -5.31193
     0.999988  -0.000357527    0.00482818     -0.131502   0.000348701      0.999998    0.00182885      0.753787   -0.00482883   -0.00182715      0.999987      -5.33019
     0.999989  -0.000212167     0.0047409     -0.127831   0.000202061      0.999998    0.00213202      0.700849   -0.00474134   -0.00213104      0.999986      -5.33178
     0.999989  -0.000240106    0.00475562     -0.116708   0.000230669      0.999998    0.00198501       0.74658   -0.00475608   -0.00198389      0.999987      -5.33944
     0.999989  -0.000171269    0.00465103     -0.118152   0.000160176      0.999997    0.00238536       0.70091   -0.00465142   -0.00238458      0.999986      -5.31031
     0.999989  -0.000112923     0.0047258     -0.135804   0.000101623      0.999997    0.00239147       0.75498   -0.00472606   -0.00239096      0.999986      -5.27552
     0.999989  -3.06389e-05    0.00475467     -0.155931     1.872e-05      0.999997    0.00250679      0.739185   -0.00475474   -0.00250668      0.999986      -5.29522
      0.99999  -0.000272386    0.00455395     -0.150347   0.000259451      0.999996    0.00284061      0.719741   -0.00455471    -0.0028394      0.999986      -5.27778
     0.999989  -0.000456168    0.00466748     -0.143721   0.000444942      0.999997     0.0024059        0.7713   -0.00466856   -0.00240379      0.999986      -5.29891
     0.999988  -0.000675657    0.00480543       -0.1297   0.000663911      0.999997    0.00244541      0.721036   -0.00480707   -0.00244219      0.999985      -5.32157
     0.999989  -0.000644329    0.00472673     -0.132425   0.000631865      0.999996    0.00263799      0.706004   -0.00472841   -0.00263497      0.999985      -5.30593
     0.999988  -0.000766249    0.00487323      -0.13177   0.000755449      0.999997    0.00221759      0.766968   -0.00487491   -0.00221388      0.999986      -5.33722
     0.999987  -0.000716577    0.00503255     -0.128851   0.000705468      0.999997    0.00220886      0.731695   -0.00503412   -0.00220528      0.999985      -5.33923
     0.999987  -0.000847465    0.00496053     -0.117481   0.000833967      0.999996    0.00272248       0.72922   -0.00496282   -0.00271831      0.999984      -5.32789
     0.999987  -0.000869607    0.00508652     -0.127595   0.000857276      0.999997    0.00242592      0.738755   -0.00508862   -0.00242153      0.999984      -5.34307
     0.999987  -0.000822087    0.00494157      -0.13171   0.000807623      0.999995    0.00292831      0.729489   -0.00494395   -0.00292429      0.999984      -5.36863
     0.999988  -0.000616755    0.00486826     -0.139645   0.000602866      0.999996    0.00285389      0.720106      -0.00487   -0.00285092      0.999984       -5.3555
     0.999987  -0.000684753    0.00513484     -0.157023   0.000673331      0.999997     0.0022257      0.742552   -0.00513635   -0.00222221      0.999984      -5.37707
     0.999986  -0.000752821     0.0051482     -0.160407   0.000740239      0.999997    0.00244546      0.701044   -0.00515003   -0.00244162      0.999984      -5.38108
     0.999986    -0.0010094    0.00523717     -0.149583   0.000996281      0.999996    0.00250627      0.702453   -0.00523968   -0.00250101      0.999983      -5.35662
     0.999986  -0.000934366    0.00513329     -0.158712   0.000921885      0.999997    0.00243323      0.744329   -0.00513555   -0.00242846      0.999984      -5.35217
     0.999986   -0.00083936    0.00515637     -0.162144   0.000825692      0.999996    0.00265214      0.698338   -0.00515858   -0.00264785      0.999983      -5.34174
     0.999985  -0.000996342    0.00534869     -0.163345   0.000982704      0.999996    0.00255181      0.751402   -0.00535121   -0.00254652      0.999982      -5.35464
     0.999984   -0.00097398    0.00549804      -0.15779   0.000958301      0.999995     0.0028537      0.701569   -0.00550079   -0.00284839      0.999981      -5.37982
     0.999984   -0.00106912     0.0055488     -0.148061    0.00105237      0.999995    0.00302065       0.73557     -0.005552   -0.00301476       0.99998      -5.34267
     0.999984   -0.00108391    0.00553958     -0.157896    0.00106838      0.999995    0.00280459       0.74268    -0.0055426   -0.00279862      0.999981      -5.38102
     0.999984    -0.0011189    0.00560829     -0.153396    0.00110137      0.999995    0.00312704      0.698746   -0.00561176   -0.00312081      0.999979      -5.36533
     0.999982   -0.00116602    0.00586546     -0.161567    0.00114987      0.999996    0.00275711      0.746907   -0.00586865   -0.00275031      0.999979      -5.39241
     0.999983  -0.000979868    0.00581806     -0.150979   0.000959853      0.999994     0.0034419      0.680018   -0.00582139   -0.00343626      0.999977      -5.26825
     0.999984  -0.000876292    0.00550257     -0.145747   0.000858913      0.999995    0.00315998      0.776093   -0.00550531    -0.0031552       0.99998      -5.24378
     0.999985  -0.000746984    0.00541073     -0.160604   0.000728549      0.999994    0.00340828      0.722616   -0.00541324   -0.00340429       0.99998      -5.27089
     0.999986   -0.00056636    0.00526076     -0.181973   0.000548391      0.999994    0.00341653      0.747505   -0.00526267    -0.0034136       0.99998      -5.24294
     0.999985  -0.000670601    0.00536094     -0.202889   0.000652529      0.999994    0.00337211      0.762841   -0.00536317   -0.00336856       0.99998      -5.22361
     0.999984  -0.000665934    0.00556766     -0.201902   0.000646358      0.999994    0.00351719      0.733724   -0.00556996   -0.00351354      0.999978      -5.24566
     0.999982  -0.000904635    0.00589798     -0.187025   0.000883788      0.999993    0.00353633      0.751251   -0.00590114   -0.00353105      0.999976      -5.25521
     0.999979   -0.00102268    0.00641251     -0.189473    0.00100152      0.999994    0.00330292      0.751359   -0.00641585   -0.00329642      0.999974      -5.29684
     0.999978    -0.0012419    0.00650135     -0.158713    0.00121763      0.999992    0.00373617      0.692124   -0.00650594   -0.00372817      0.999972      -5.26831
     0.999977   -0.00136343    0.00665374     -0.148621     0.0013428      0.999994    0.00310415      0.727241   -0.00665794   -0.00309514      0.999973      -5.24401
     0.999979   -0.00122482    0.00640572      -0.15866     0.0012001      0.999992    0.00386159      0.715991    -0.0064104   -0.00385382      0.999972      -5.19106
     0.999978  -0.000973624    0.00649086     -0.174634   0.000948373      0.999992    0.00389213      0.715912   -0.00649459   -0.00388589      0.999971       -5.1789
     0.999978   -0.00102618    0.00651454     -0.187762    0.00100248      0.999993    0.00363984      0.749194   -0.00651822   -0.00363323      0.999972       -5.1832
     0.999978  -0.000870089    0.00654631     -0.184141   0.000842834      0.999991    0.00416505      0.703474   -0.00654988   -0.00415944       0.99997      -5.15171
     0.999975     -0.001064    0.00698249     -0.191446    0.00104041      0.999994    0.00338108      0.782273   -0.00698605   -0.00337373       0.99997      -5.17604
     0.999976   -0.00107088    0.00688538     -0.187301    0.00104415      0.999992      0.003885      0.723362   -0.00688948   -0.00387772      0.999969      -5.14754
     0.999974   -0.00110369    0.00705766     -0.209695    0.00107706      0.999992    0.00377604      0.745163   -0.00706177   -0.00376835      0.999968      -5.16701
     0.999972   -0.00118979    0.00735157     -0.218167    0.00116366      0.999993    0.00355812      0.734855   -0.00735575   -0.00354947      0.999967      -5.19301
     0.999974   -0.00106549    0.00719817     -0.192563    0.00103685      0.999992    0.00398156      0.706957   -0.00720235   -0.00397399      0.999966       -5.1594
     0.999973   -0.00115075    0.00723082     -0.195302    0.00112451      0.999993    0.00363098      0.773381   -0.00723494   -0.00362275      0.999967      -5.15137
     0.999974   -0.00112728    0.00707066     -0.189112    0.00109758      0.999991    0.00420398      0.719644   -0.00707533   -0.00419611      0.999966      -5.13851
     0.999973   -0.00135138    0.00720153     -0.189211     0.0013245      0.999992    0.00373626      0.757313   -0.00720652   -0.00372662      0.999967      -5.16654
     0.999974   -0.00116051     0.0070792     -0.200601    0.00113211      0.999991    0.00401505      0.719721    -0.0070838   -0.00400693      0.999967      -5.16629
     0.999974  -0.000848552    0.00716507     -0.217961   0.000817542       0.99999    0.00432974      0.727719   -0.00716868   -0.00432377      0.999965      -5.12339
     0.999971   -0.00122273    0.00746263     -0.221292    0.00119284      0.999991     0.0040089      0.760266   -0.00746747   -0.00399988      0.999964      -5.15333
     0.999971   -0.00130619    0.00755376     -0.222301    0.00127603      0.999991     0.0039968      0.716121   -0.00755892   -0.00398705      0.999963      -5.17384
     0.999967   -0.00138008    0.00796932     -0.230795    0.00134764      0.999991    0.00407497      0.737714   -0.00797487   -0.00406409       0.99996      -5.15503
     0.999967   -0.00134254    0.00799287     -0.228204    0.00130963      0.999991    0.00412154      0.743315   -0.00799832   -0.00411094       0.99996      -5.15686
     0.999966   -0.00120507    0.00811583     -0.240192    0.00117032       0.99999    0.00428517      0.701548   -0.00812091   -0.00427552      0.999958      -5.14585
     0.999962   -0.00156043    0.00854355     -0.247234    0.00152541       0.99999     0.0041036      0.741348   -0.00854987   -0.00409041      0.999955      -5.15047
      0.99996   -0.00156539    0.00875613     -0.257727    0.00152998      0.999991    0.00404984      0.745202   -0.00876238   -0.00403628      0.999953      -5.14953
     0.999965   -0.00119253    0.00829426      -0.25858    0.00115961      0.999991      0.003972      0.728213   -0.00829892   -0.00396224      0.999958      -5.12042
     0.999962   -0.00148815    0.00859172      -0.26766    0.00145536      0.999992    0.00382158       0.78399   -0.00859733   -0.00380893      0.999956      -5.14179
      0.99996   -0.00147802    0.00878427     -0.260944    0.00144314      0.999991    0.00397547      0.709501   -0.00879007   -0.00396263      0.999954      -5.15927
      0.99996   -0.00152188    0.00886349     -0.247707    0.00148587      0.999991    0.00406863      0.747536    -0.0088696    -0.0040553      0.999952      -5.12941
     0.999957   -0.00139671    0.00913519     -0.261568     0.0013593      0.999991    0.00409985      0.752693   -0.00914083   -0.00408726       0.99995      -5.13082
      0.99996   -0.00135219    0.00883514     -0.269118    0.00131421       0.99999    0.00430257      0.709962   -0.00884087   -0.00429078      0.999952      -5.12086
     0.999957   -0.00160223    0.00911776     -0.262478    0.00156224      0.999989    0.00439206      0.744166    -0.0091247   -0.00437762      0.999949       -5.1273
     0.999953   -0.00168673    0.00957751     -0.271676    0.00164868      0.999991    0.00397883      0.760216   -0.00958414   -0.00396285      0.999946      -5.13889
     0.999955   -0.00164707    0.00936574     -0.277023    0.00160548      0.999989    0.00444645      0.717228   -0.00937296   -0.00443121      0.999946      -5.12829
     0.999952   -0.00176527    0.00968723     -0.281004    0.00172495       0.99999    0.00416887      0.762753   -0.00969449   -0.00415196      0.999944      -5.13601
     0.999951   -0.00184939    0.00971264     -0.284764    0.00180815      0.999989    0.00425316      0.733737    -0.0097204   -0.00423539      0.999944      -5.14053
     0.999952   -0.00189963    0.00959441     -0.263565    0.00185858      0.999989    0.00428556      0.742074   -0.00960245   -0.00426752      0.999945      -5.14115
     0.999947   -0.00203116     0.0100462     -0.270443    0.00198836      0.999989    0.00426911      0.755098    -0.0100548   -0.00424891       0.99994      -5.14792
      0.99995   -0.00197544    0.00983195      -0.26345    0.00193217      0.999988    0.00440895      0.713629   -0.00984054   -0.00438974      0.999942      -5.12941
     0.999946   -0.00213966     0.0101756     -0.279274    0.00209767      0.999989    0.00413535      0.750507    -0.0101844   -0.00411379       0.99994      -5.13129
