# 3dvolreg matrices (DICOM-to-DICOM, row-by-row):
     0.999991   5.92973e-05   -0.00427291     -0.136978  -5.72796e-05             1   0.000472324       0.43834    0.00427294  -0.000472074      0.999991      0.340812
     0.999983  -0.000915348   -0.00572565     -0.122668    0.00091846      0.999999   0.000540855      0.405905    0.00572515  -0.000546104      0.999983      0.432176
     0.999982  -0.000611892   -0.00591083      -0.13948   0.000612785             1   0.000149231      0.438285    0.00591074  -0.000152851      0.999983      0.408931
     0.999983    0.00180455   -0.00557909     -0.258945   -0.00181638      0.999996   -0.00211509      0.543441    0.00557525    0.00212519      0.999982      0.352382
     0.999995    0.00287778   -0.00121698     -0.232082   -0.00288149      0.999991   -0.00305464      0.517506    0.00120818    0.00305813      0.999995       0.15179
     0.999994    0.00264817   -0.00236055      -0.29596   -0.00264989      0.999996  -0.000724646      0.517963    0.00235863   0.000730896      0.999997      0.172754
     0.999995     0.0024566   -0.00212115     -0.241096   -0.00245828      0.999997  -0.000789097      0.540339    0.00211921   0.000794308      0.999997      0.213371
     0.999997    0.00208387   -0.00127671      -0.21231   -0.00208427      0.999998  -0.000309457      0.588548    0.00127606   0.000312118      0.999999      0.140039
     0.999994    0.00352637  -0.000195972     -0.234931   -0.00352612      0.999993     0.0012638      0.533158   0.000200427    -0.0012631      0.999999       0.11209
     0.999994    0.00333645  -0.000421808     -0.220472   -0.00333616      0.999994   0.000664354      0.536018   0.000424022  -0.000662943             1     0.0680234
     0.999997    0.00245289  -0.000932359     -0.129892   -0.00245236      0.999997   0.000565272      0.491597   0.000933743  -0.000562983      0.999999      0.132915
     0.999995    0.00254595   -0.00173526     -0.137412   -0.00254068      0.999992    0.00303183       0.49236    0.00174296   -0.00302741      0.999994      0.153713
     0.999996    0.00230909   -0.00154736     -0.209508   -0.00230482      0.999994    0.00275621      0.527856    0.00155371   -0.00275263      0.999995     0.0786118
     0.999997    0.00208473  -0.000953492     -0.164435    -0.0020816      0.999992     0.0032759      0.526324   0.000960314   -0.00327391      0.999994    0.00706466
     0.999996    0.00193633   -0.00184741     -0.191499   -0.00192908       0.99999    0.00392107      0.494068    0.00185499   -0.00391749      0.999991      0.155976
     0.999998    0.00182052  -0.000672507     -0.155408   -0.00181813      0.999992    0.00353656      0.544718   0.000678941   -0.00353533      0.999994   -0.00620381
     0.999996    0.00250477   -0.00089009     -0.169203   -0.00250139       0.99999    0.00377582      0.534656   0.000899539   -0.00377358      0.999992     0.0449283
     0.999998    0.00161552   -0.00116693     -0.150165   -0.00161145      0.999993    0.00347662       0.54646    0.00117254   -0.00347474      0.999993     0.0459542
     0.999998  -0.000514611   -0.00195634    -0.0751759   0.000520181      0.999996    0.00284739      0.513245    0.00195486    -0.0028484      0.999994      0.073785
     0.999997  -0.000264105   -0.00244791    -0.0695412   0.000270702      0.999996    0.00269507      0.535776    0.00244719   -0.00269573      0.999993     0.0723241
     0.999997  -0.000269998   -0.00226857    -0.0675965   0.000275711      0.999997    0.00251869      0.543123    0.00226789    -0.0025193      0.999994      0.136191
     0.999997   -4.6847e-05   -0.00241569    -0.0628093   5.34319e-05      0.999996    0.00272589      0.535509    0.00241556   -0.00272601      0.999993     0.0920838
     0.999998  -0.000218714    -0.0017638    -0.0467333   0.000222707      0.999997    0.00226387      0.557607     0.0017633   -0.00226426      0.999996     0.0688046
     0.999998  -0.000360459     -0.001857    -0.0505211   0.000365233      0.999997    0.00257116      0.536641    0.00185607   -0.00257184      0.999995     0.0820066
     0.999998  -0.000306749   -0.00178605    -0.0671933   0.000310724      0.999997    0.00222555      0.537112    0.00178536    -0.0022261      0.999996     0.0893959
     0.999997  -7.96507e-05   -0.00240061    -0.0692582   8.59216e-05      0.999997    0.00261221      0.528135    0.00240039   -0.00261241      0.999994      0.125382
     0.999998  -0.000321038   -0.00209969    -0.0506133   0.000325242      0.999998     0.0020023      0.602489    0.00209904   -0.00200298      0.999996     -0.053749
     0.999998   0.000816445   -0.00171728    -0.0658087  -0.000813661      0.999998     0.0016211      0.528516     0.0017186    -0.0016197      0.999997    -0.0652613
     0.999997     0.0018556     -0.001464    -0.0612435   -0.00185351      0.999997    0.00142573      0.450099    0.00146664   -0.00142302      0.999998    -0.0463272
     0.999997    0.00205762    -0.0014372    -0.0595695   -0.00205512      0.999996    0.00173626      0.497923    0.00144077    -0.0017333      0.999997      0.019959
     0.999997    0.00203445   -0.00140545    -0.0567221   -0.00203257      0.999997    0.00133577       0.51573    0.00140816   -0.00133291      0.999998     0.0852013
     0.999997    0.00197775   -0.00140794     -0.061145   -0.00197566      0.999997    0.00149009      0.513338    0.00141088    -0.0014873      0.999998      0.122704
     0.999997    0.00198316   -0.00106314    -0.0710919   -0.00198099      0.999996     0.0020337      0.528707    0.00106716   -0.00203159      0.999997     0.0874252
     0.999997    0.00204114   -0.00130636    -0.0876199   -0.00203796      0.999995    0.00243318      0.507199    0.00131132   -0.00243051      0.999996    0.00407259
     0.999998    0.00204803  -0.000854311    -0.0759431   -0.00204564      0.999994    0.00278317      0.526003   0.000860006   -0.00278141      0.999996     -0.101118
     0.999998    0.00152356   -0.00127321    -0.0487037   -0.00151953      0.999994    0.00316025      0.516365    0.00127801   -0.00315831      0.999994    -0.0584722
     0.999999    0.00104824   -0.00130751    -0.0607902   -0.00104639      0.999998    0.00141964      0.455801      0.001309   -0.00141827      0.999998      0.040181
            1   0.000590313  -0.000465501    -0.0472131  -0.000590025             1   0.000617975      0.457139   0.000465866    -0.0006177             1    -0.0425429
     0.999999    0.00101426    -0.0011954    -0.0429133   -0.00101204      0.999998    0.00185781      0.454265    0.00119728    -0.0018566      0.999998    -0.0186501
     0.999999     0.0011898   -0.00118274    -0.0390052   -0.00118834      0.999999    0.00122889      0.478486     0.0011842   -0.00122749      0.999999    -0.0436784
     0.999999   0.000851244   -0.00107679    -0.0276414  -0.000849835      0.999999    0.00130882      0.462362     0.0010779   -0.00130791      0.999999    -0.0449095
     0.999998   0.000858072   -0.00172345   -0.00683057  -0.000854977      0.999998    0.00179568      0.463982    0.00172499   -0.00179421      0.999997     0.0295225
     0.999999   0.000447046   -0.00142233      0.017446  -0.000445232      0.999999    0.00127525      0.483332    0.00142289   -0.00127461      0.999998    -0.0632899
     0.999998     0.0006596   -0.00199329     0.0280484  -0.000656583      0.999999    0.00151378      0.454429    0.00199429   -0.00151247      0.999997    -0.0285823
     0.999998   0.000877382   -0.00169523      0.023802  -0.000875531      0.999999    0.00109234      0.468645    0.00169618   -0.00109086      0.999998    -0.0858663
     0.999998   0.000871013   -0.00190878     0.0201457   -0.00086806      0.999998    0.00154739      0.467582    0.00191013   -0.00154573      0.999997   -0.00214491
     0.999998   0.000846317    -0.0017336     0.0260698  -0.000844278      0.999999     0.0011762      0.484895    0.00173459   -0.00117474      0.999998    -0.0475225
     0.999999   0.000895477   -0.00136641    0.00958618  -0.000893051      0.999998     0.0017751      0.492526      0.001368   -0.00177388      0.999997    -0.0358104
     0.999998   0.000843758   -0.00186267     0.0159595   -0.00084113      0.999999    0.00141159      0.485871    0.00186385   -0.00141002      0.999997    -0.0347436
     0.999998    0.00077622    -0.0015771      0.020882  -0.000773829      0.999999    0.00151573      0.487268    0.00157828   -0.00151451      0.999998    -0.0684495
     0.999998   0.000814045    -0.0019225     0.0230015  -0.000811334      0.999999    0.00141047      0.476651    0.00192364    -0.0014089      0.999997    -0.0228349
     0.999998   0.000819495   -0.00160512     0.0293632  -0.000816793      0.999998    0.00168307      0.496786     0.0016065   -0.00168175      0.999997    -0.0421893
     0.999997   0.000685995   -0.00225792     0.0353345  -0.000681366      0.999998    0.00205022      0.501748    0.00225932   -0.00204868      0.999995     0.0489491
     0.999999   0.000622219   -0.00155755     0.0351861  -0.000619668      0.999998    0.00163796      0.498735    0.00155856   -0.00163699      0.999997    -0.0559174
     0.999997   0.000710333   -0.00213496     0.0281167  -0.000706422      0.999998    0.00183219      0.486844    0.00213626   -0.00183068      0.999996      0.059606
     0.999998   0.000650524   -0.00179204     0.0328912  -0.000647378      0.999998    0.00175601      0.500551    0.00179318   -0.00175485      0.999997    -0.0353283
     0.999997    0.00064839   -0.00236946     0.0334416  -0.000644007      0.999998    0.00185008      0.484616    0.00237065   -0.00184855      0.999995     0.0509126
     0.999998   0.000507698   -0.00192661     0.0367069  -0.000504783      0.999999    0.00151327      0.504377    0.00192737   -0.00151229      0.999997   -0.00990961
     0.999997   0.000528865    -0.0023844     0.0394868  -0.000524285      0.999998    0.00192116      0.495929    0.00238541    -0.0019199      0.999995     0.0526444
     0.999998   0.000644738   -0.00182779     0.0479179  -0.000642158      0.999999    0.00141177      0.512284     0.0018287   -0.00141059      0.999997     -0.023942
     0.999997   0.000636848   -0.00215348     0.0307994  -0.000632618      0.999998    0.00196448      0.507949    0.00215473   -0.00196311      0.999996     0.0888599
     0.999999   0.000386386   -0.00157508     0.0342269  -0.000383952      0.999999    0.00154543      0.521233    0.00157567   -0.00154483      0.999998   -0.00125996
     0.999998   0.000580076   -0.00192486     0.0322627  -0.000576211      0.999998    0.00200763      0.501908    0.00192602   -0.00200652      0.999996      0.059786
     0.999998   0.000652228   -0.00187038     0.0371482  -0.000649236      0.999999    0.00159969      0.516066    0.00187143   -0.00159847      0.999997    -0.0247541
     0.999998   0.000549852   -0.00189786     0.0349863  -0.000545369      0.999997     0.0023616      0.512147    0.00189916   -0.00236056      0.999995     0.0226152
     0.999997   0.000765571    -0.0024842     0.0490282  -0.000760763      0.999998    0.00193556      0.520378    0.00248568   -0.00193366      0.999995     0.0538437
     0.999998    0.00074898   -0.00194389     0.0641504  -0.000745853      0.999998    0.00160896      0.512126    0.00194509   -0.00160751      0.999997    -0.0490723
     0.999998   0.000927446   -0.00191196     0.0415846  -0.000923823      0.999998    0.00189514      0.482909    0.00191371   -0.00189337      0.999996     0.0111901
     0.999999   0.000887994   -0.00125856     0.0268373  -0.000886194      0.999999     0.0014305      0.488966    0.00125983   -0.00142938      0.999998    -0.0527173
     0.999998     0.0010915   -0.00155403     0.0220182    -0.0010887      0.999998    0.00180109      0.490411      0.001556    -0.0017994      0.999997   -0.00209922
     0.999998    0.00139109   -0.00126273    0.00270292   -0.00138926      0.999998    0.00145453      0.514216    0.00126475   -0.00145277      0.999998    -0.0560363
     0.999998    0.00144432   -0.00127111     -0.010636   -0.00144147      0.999996    0.00223843       0.49625    0.00127434   -0.00223659      0.999997    -0.0503833
     0.999999    0.00128879     -0.001035    -0.0065676   -0.00128732      0.999998    0.00141998      0.508208    0.00103682   -0.00141864      0.999998    -0.0902922
     0.999998    0.00124213   -0.00138895     -0.009242   -0.00123945      0.999997    0.00192976       0.48315    0.00139134   -0.00192803      0.999997     -0.051685
     0.999999    0.00123152   -0.00111322    -0.0140941    -0.0012295      0.999998    0.00180873      0.492455    0.00111544   -0.00180736      0.999998    -0.0938291
     0.999999    0.00108965   -0.00120854   -0.00609059    -0.0010876      0.999998     0.0016916      0.484702    0.00121038   -0.00169028      0.999998   -0.00799185
     0.999999   0.000885856   -0.00107594     0.0237384  -0.000883897      0.999998    0.00182019      0.494509    0.00107755   -0.00181923      0.999998    -0.0867026
     0.999999    0.00108942   -0.00111454    0.00176169   -0.00108728      0.999998    0.00191565      0.494963    0.00111662   -0.00191443      0.999998    -0.0321162
     0.999999    0.00103672  -0.000745257   -0.00307607   -0.00103538      0.999998    0.00178824      0.489536   0.000747109   -0.00178747      0.999998    -0.0766842
     0.999999   0.000990548  -0.000231887    -0.0253741   -0.00099004      0.999997    0.00218415      0.489118   0.000234049   -0.00218391      0.999998       -0.0558
     0.999999    0.00112996  -0.000368448    -0.0169523    -0.0011293      0.999998     0.0017813      0.486803    0.00037046   -0.00178089      0.999998    -0.0667361
            1   0.000882534    -0.0002022   -0.00865345  -0.000882081      0.999997    0.00223072      0.488317   0.000204168   -0.00223054      0.999997    -0.0882991
            1     0.0003846   0.000442786     0.0255946  -0.000385844      0.999996    0.00281338      0.477047  -0.000441702   -0.00281355      0.999996     -0.106358
     0.999999  -0.000891359   0.000959381      0.126552   0.000888389      0.999995    0.00309194      0.452771  -0.000962132   -0.00309109      0.999995     -0.113584
     0.999998   -0.00143154    0.00112001      0.165329    0.00142751      0.999993    0.00359484      0.415466   -0.00112515   -0.00359323      0.999993     -0.139594
     0.999998   -0.00174969   0.000999232      0.184405     0.0017465      0.999993    0.00318396      0.454894    -0.0010048   -0.00318221      0.999994     -0.220812
     0.999997   -0.00184392    0.00178419      0.197504    0.00183812      0.999993    0.00324477      0.441758   -0.00179016   -0.00324148      0.999993     -0.192458
     0.999997   -0.00161255    0.00163031       0.15625    0.00160909      0.999996     0.0021251      0.432403   -0.00163373   -0.00212247      0.999996     -0.222546
     0.999997   -0.00159967     0.0016626      0.109819    0.00159574      0.999996    0.00236133      0.393645   -0.00166637   -0.00235868      0.999996     -0.206903
     0.999997   -0.00146616    0.00215372      0.112736    0.00146074      0.999996     0.0025138      0.408115   -0.00215739   -0.00251064      0.999995     -0.189103
     0.999997   -0.00130543    0.00216985     0.0951455    0.00130036      0.999996    0.00233738      0.423106    -0.0021729   -0.00233455      0.999995     -0.151925
     0.999997   -0.00130769    0.00219562      0.107346    0.00130208      0.999996    0.00255587      0.412806   -0.00219895   -0.00255301      0.999994     -0.160539
     0.999998   -0.00105582    0.00188748      0.106002    0.00105132      0.999997    0.00238491      0.419829   -0.00188999   -0.00238292      0.999995      -0.12464
     0.999997  -0.000887732    0.00237775      0.131153   0.000881294      0.999996    0.00270708      0.431715   -0.00238014   -0.00270498      0.999994     -0.133812
     0.999998  -0.000850832    0.00196606      0.124046   0.000846257      0.999997     0.0023267      0.422487   -0.00196803   -0.00232503      0.999995     -0.116823
     0.999998  -0.000761752    0.00196709       0.12129   0.000756619      0.999996    0.00260903      0.419934   -0.00196907   -0.00260753      0.999995      -0.11955
     0.999998  -0.000702765    0.00201264      0.114157   0.000698259      0.999997    0.00223865      0.443008   -0.00201421   -0.00223724      0.999995     -0.142787
     0.999998  -0.000618738    0.00176835      0.115616   0.000613654      0.999996    0.00287386      0.449499   -0.00177012   -0.00287277      0.999994    -0.0802964
     0.999999  -3.04795e-05    0.00168081     0.0848301   2.69427e-05      0.999998    0.00210423      0.467342   -0.00168087   -0.00210418      0.999996    -0.0923242
     0.999998   0.000114468    0.00194746     0.0911983  -0.000118979      0.999997    0.00231624      0.450966   -0.00194719   -0.00231646      0.999995    -0.0829118
     0.999997   0.000120561    0.00243248      0.086554  -0.000125511      0.999998    0.00203499        0.4587   -0.00243223   -0.00203529      0.999995      -0.13576
     0.999996   0.000163207    0.00270702     0.0796967  -0.000169742      0.999997    0.00241399      0.455005   -0.00270662   -0.00241444      0.999993     -0.105572
     0.999997   7.93278e-05    0.00262138     0.0742789  -8.41955e-05      0.999998    0.00185683      0.467741   -0.00262123   -0.00185704      0.999995     -0.114024
     0.999996  -1.11435e-06    0.00268988     0.0471352  -5.31301e-06      0.999997    0.00238945      0.461551   -0.00268987   -0.00238946      0.999994    -0.0440702
     0.999997   4.94567e-05    0.00262885     0.0577557  -5.34215e-05      0.999999    0.00150814      0.464406   -0.00262877   -0.00150828      0.999995     -0.169921
     0.999996  -0.000180543    0.00294226     0.0499251   0.000175452      0.999998     0.0017304      0.460896   -0.00294256   -0.00172988      0.999994     -0.156364
     0.999996  -0.000290657    0.00278319     0.0641528   0.000286203      0.999999    0.00160058      0.470989   -0.00278365   -0.00159978      0.999995     -0.183449
     0.999996  -0.000153228    0.00283439     0.0677674   0.000149267      0.999999     0.0013974      0.466393    -0.0028346   -0.00139697      0.999995     -0.170966
     0.999996  -0.000104228    0.00299693     0.0544723   9.93309e-05      0.999999    0.00163416      0.444913   -0.00299709   -0.00163385      0.999994     -0.150721
     0.999995  -9.52456e-05    0.00314235     0.0508869   9.14162e-05      0.999999    0.00121877      0.458221   -0.00314246   -0.00121847      0.999994     -0.124115
     0.999997  -0.000488391    0.00227925    -0.0534714   0.000486843             1   0.000679912      0.448737   -0.00227958    -0.0006788      0.999997    -0.0118693
     0.999996  -0.000400551    0.00265127    -0.0785739   0.000400335             1    8.1965e-05      0.463682   -0.00265131  -8.09034e-05      0.999996    -0.0193668
     0.999996  -0.000200611    0.00283138    -0.0430362   0.000199549             1   0.000375393      0.468374   -0.00283146  -0.000374826      0.999996     -0.100008
     0.999994   -0.00031625    0.00349227    0.00472736   0.000315899             1   0.000101077      0.475182    -0.0034923  -9.99735e-05      0.999994      -0.15965
     0.999995  -0.000479027    0.00321117     0.0144012   0.000477677             1    0.00042125      0.446577   -0.00321137  -0.000419714      0.999995      -0.13328
     0.999994  -0.000471801     0.0034979     0.0301375   0.000470006             1   0.000513802      0.446505   -0.00349814  -0.000512155      0.999994     -0.160305
     0.999993  -0.000120494    0.00361016     0.0321006    0.00011637      0.999999    0.00114254      0.428306   -0.00361029   -0.00114211      0.999993     -0.231069
     0.999993  -0.000118315    0.00373595     0.0295284   0.000114549      0.999999    0.00100821      0.436165   -0.00373607   -0.00100777      0.999993     -0.197408
     0.999992  -5.26603e-05    0.00402916     0.0222006   4.94103e-05             1   0.000806701      0.448225    -0.0040292  -0.000806495      0.999992     -0.194617
     0.999994   0.000235433    0.00352954     0.0198334  -0.000239803      0.999999    0.00123791      0.457956   -0.00352924   -0.00123875      0.999993     -0.187952
     0.999993   4.59579e-05     0.0036349     0.0427107  -5.02924e-05      0.999999    0.00119238      0.460824   -0.00363484   -0.00119256      0.999993     -0.203909
     0.999994  -0.000136003    0.00341173     0.0233815   0.000131751      0.999999    0.00124641      0.474269    -0.0034119   -0.00124595      0.999993    -0.0860273
     0.999995   -0.00033077    0.00329871     0.0300882   0.000327772             1   0.000909174        0.4757   -0.00329901  -0.000908087      0.999994     -0.117079
     0.999995  -0.000437143    0.00308887     0.0402364   0.000432939      0.999999    0.00136155      0.477206   -0.00308946   -0.00136021      0.999994    -0.0533334
     0.999994  -0.000291192    0.00332271     0.0393565   0.000287837      0.999999    0.00101004      0.478673     -0.003323   -0.00100908      0.999994      -0.10736
     0.999995  -0.000436529    0.00299245     0.0461641    0.00043329      0.999999    0.00108285       0.48668   -0.00299292   -0.00108155      0.999995    -0.0044643
     0.999995  -0.000424946     0.0032482     0.0461033    0.00042196      0.999999   0.000919855      0.493301   -0.00324859   -0.00091848      0.999994    -0.0849609
     0.999995  -0.000448021    0.00320684     0.0442341   0.000443177      0.999999    0.00151123      0.496679   -0.00320752    -0.0015098      0.999994    -0.0329738
     0.999996  -0.000560898    0.00292641     0.0532279   0.000557423      0.999999    0.00118799      0.501767   -0.00292707   -0.00118636      0.999995    -0.0676431
     0.999994  -0.000827469    0.00326892     0.0557488   0.000823391      0.999999    0.00124854      0.483536   -0.00326995   -0.00124584      0.999994    -0.0322136
      0.99999  -0.000908654    0.00433934     0.0542509   0.000903191      0.999999    0.00126062      0.567141   -0.00434048   -0.00125668       0.99999     -0.415597
     0.999982   -0.00227352    0.00552577     0.0186216    0.00226429      0.999996    0.00167584      0.582347   -0.00552956    -0.0016633      0.999983     -0.556372
     0.999979   -0.00281878    0.00576582     0.0891885    0.00281015      0.999995    0.00150555      0.466981   -0.00577004   -0.00148932      0.999982     -0.559604
     0.999981  -0.000957382    0.00605935      0.130268    0.00093117       0.99999    0.00432707      0.541185   -0.00606343   -0.00432135      0.999972     -0.610771
     0.999984  -0.000444915    0.00566945       0.28169   0.000420101       0.99999    0.00437728      0.957123   -0.00567135   -0.00437483      0.999974     -0.684887
     0.999986  -0.000831564    0.00522093      0.340115   0.000814129      0.999994    0.00334086       1.08281   -0.00522368   -0.00333656      0.999981     -0.765258
     0.999989   -1.4082e-05    0.00474325      0.271663  -4.62099e-06      0.999992    0.00394305      0.900506   -0.00474327   -0.00394302      0.999981      -1.05397
     0.999997   0.000921923    0.00227804      0.172936  -0.000931494      0.999991    0.00420408      0.714426   -0.00227414   -0.00420619      0.999989      -1.27639
     0.999997   0.000369485      0.002558      0.148572  -0.000383302      0.999985    0.00540306      0.712207   -0.00255597   -0.00540402      0.999982      -1.31143
     0.999997   0.000307144    0.00260937      0.198021   -0.00032157      0.999985    0.00552987      0.698259   -0.00260764   -0.00553069      0.999981      -1.29578
     0.999996  -0.000116278     0.0028491      0.207925   9.96962e-05      0.999983    0.00581933      0.698915   -0.00284973   -0.00581903      0.999979      -1.32702
     0.999997   1.02426e-05    0.00242513      0.238266  -2.43368e-05      0.999983     0.0058118       0.66249   -0.00242503   -0.00581184       0.99998      -1.22598
     0.999996  -0.000236363    0.00275097      0.217475   0.000223549      0.999989     0.0046574      0.661661   -0.00275204   -0.00465677      0.999985      -1.09731
     0.999997   5.99047e-06    0.00242738      0.236725  -1.73932e-05      0.999989    0.00469756      0.649165   -0.00242732   -0.00469759      0.999986      -1.02222
     0.999996  -0.000194857    0.00280532      0.225624   0.000183349      0.999992    0.00410201      0.639761   -0.00280609   -0.00410148      0.999988      -1.01131
     0.999996   0.000527893    0.00262263      0.184936  -0.000540549      0.999988    0.00482749      0.616137   -0.00262005   -0.00482889      0.999985     -0.974696
     0.999994   0.000439497    0.00340968      0.197339  -0.000454442       0.99999     0.0043836      0.637863   -0.00340772   -0.00438512      0.999985     -0.913196
     0.999995   0.000715886    0.00310289      0.214421  -0.000728452      0.999992    0.00405064      0.647704   -0.00309996   -0.00405288      0.999987     -0.776101
     0.999994   0.000737547    0.00346734      0.215234  -0.000750051      0.999993    0.00360627      0.687585   -0.00346466   -0.00360885      0.999987     -0.870478
     0.999996   0.000793712    0.00285874      0.219347  -0.000807824      0.999987    0.00493867      0.662028   -0.00285478   -0.00494096      0.999984     -0.895602
     0.999993     0.0004239     0.0036317      0.198977  -0.000440498      0.999989     0.0045708      0.660393   -0.00362972   -0.00457237      0.999983     -0.895527
     0.999994   0.000507984    0.00334283      0.185262  -0.000525755      0.999986    0.00531746      0.649881   -0.00334008   -0.00531918       0.99998     -0.878101
     0.999993   0.000426571    0.00372909      0.205143  -0.000443278       0.99999    0.00448052      0.644137   -0.00372714   -0.00448214      0.999983     -0.849029
     0.999994   0.000592085    0.00337836       0.21218  -0.000608753      0.999988    0.00493486      0.655188    -0.0033754   -0.00493688      0.999982     -0.858931
     0.999994   0.000277617    0.00353272      0.221179  -0.000293052       0.99999    0.00436954      0.665067   -0.00353148   -0.00437055      0.999984     -0.872308
     0.999995    0.00048954    0.00311083      0.231351  -0.000503471       0.99999    0.00447891      0.676297   -0.00310861   -0.00448045      0.999985     -0.841199
     0.999994   0.000320881    0.00342596      0.234931  -0.000335105      0.999991    0.00415199      0.675995    -0.0034246   -0.00415312      0.999986     -0.867045
     0.999995   0.000293716    0.00310405       0.25514  -0.000307137      0.999991    0.00432405      0.685695   -0.00310275   -0.00432499      0.999986     -0.866076
     0.999995   0.000262986    0.00317962      0.250821  -0.000275617      0.999992    0.00397268       0.67855   -0.00317855   -0.00397354      0.999987     -0.910476
     0.999995   0.000305468    0.00300528      0.258217  -0.000318622       0.99999    0.00437744      0.674621   -0.00300392   -0.00437838      0.999986     -0.883406
     0.999995   0.000317422    0.00310257       0.26021  -0.000329758      0.999992    0.00397651      0.686235   -0.00310128   -0.00397752      0.999987     -0.883741
     0.999996   0.000410911    0.00288807      0.248603  -0.000424573      0.999989    0.00473123      0.679935   -0.00288609   -0.00473243      0.999985      -0.84303
     0.999994   0.000152491    0.00333263      0.261602  -0.000167107       0.99999    0.00438581      0.694298   -0.00333193   -0.00438635      0.999985     -0.836443
     0.999994   0.000313435    0.00339378       0.26473  -0.000329173      0.999989    0.00463756      0.715027   -0.00339229   -0.00463865      0.999983     -0.833262
     0.999995   0.000329384    0.00309948      0.249331  -0.000343266       0.99999    0.00447949      0.716474   -0.00309797   -0.00448053      0.999985     -0.845163
     0.999996   0.000429454    0.00292356      0.245966  -0.000443361      0.999989    0.00475784      0.692423   -0.00292148   -0.00475912      0.999984     -0.869471
     0.999995   0.000241078    0.00315723       0.24454  -0.000254397      0.999991     0.0042187      0.695567   -0.00315618   -0.00421949      0.999986     -0.811639
     0.999994   0.000234855    0.00331968      0.251784  -0.000249933       0.99999    0.00454231      0.699571   -0.00331858   -0.00454311      0.999984     -0.830903
     0.999995   0.000262013    0.00327166      0.242488  -0.000276651       0.99999     0.0044745      0.709742   -0.00327045   -0.00447538      0.999985     -0.830859
     0.999995   0.000407904    0.00326418      0.252218   -0.00042271       0.99999    0.00453622      0.683171   -0.00326229   -0.00453758      0.999984     -0.841353
     0.999995   0.000313311    0.00307917      0.248522  -0.000327211       0.99999    0.00451468      0.688679   -0.00307773   -0.00451567      0.999985     -0.798789
     0.999995   0.000339821    0.00316503      0.249692  -0.000353448      0.999991    0.00430591      0.702348   -0.00316354   -0.00430701      0.999986     -0.821695
     0.999996   0.000412193    0.00286082      0.243327  -0.000424158      0.999991    0.00418325      0.714315   -0.00285907   -0.00418445      0.999987      -0.79658
     0.999995   0.000393913    0.00306318      0.245358   -0.00040677      0.999991    0.00419785      0.688387    -0.0030615   -0.00419908      0.999986     -0.867798
     0.999995   0.000344304    0.00310184      0.256273  -0.000357335      0.999991    0.00420151      0.677258   -0.00310037    -0.0042026      0.999986     -0.844841
     0.999994   0.000408477    0.00348642       0.26461  -0.000421308      0.999993    0.00368038      0.678906    -0.0034849   -0.00368183      0.999987     -0.888868
     0.999994    0.00064225    0.00330866      0.242894  -0.000656336      0.999991     0.0042579       0.68589   -0.00330589   -0.00426005      0.999985     -0.856843
     0.999993   0.000647077    0.00361823      0.249335  -0.000661335      0.999992    0.00394093      0.706426   -0.00361565    -0.0039433      0.999986     -0.850554
     0.999994   0.000539589    0.00348786      0.258054  -0.000554556      0.999991     0.0042917      0.709036   -0.00348551   -0.00429361      0.999985     -0.846454
     0.999993   0.000335984    0.00377734      0.254726  -0.000350946      0.999992    0.00396093      0.714501   -0.00377598   -0.00396223      0.999985     -0.859917
     0.999994   0.000462902    0.00352247      0.255448  -0.000477142      0.999992    0.00404283      0.695789   -0.00352057   -0.00404449      0.999986     -0.841934
     0.999992    0.00020061    0.00390702      0.262111  -0.000214914      0.999993    0.00366102      0.692867   -0.00390626   -0.00366183      0.999986      -0.86935
     0.999993   0.000181672    0.00364343      0.261677  -0.000195386      0.999993    0.00376405      0.697795   -0.00364272   -0.00376474      0.999986      -0.80741
     0.999991     0.0001718    0.00434083      0.275012  -0.000187252      0.999994    0.00355943      0.689647   -0.00434019   -0.00356021      0.999984     -0.911659
     0.999989   0.000128609    0.00462511      0.222656  -0.000144597      0.999994    0.00345675      0.659315   -0.00462464   -0.00345738      0.999983     -0.871041
     0.999989   0.000366313    0.00475594      0.236015  -0.000381833      0.999995    0.00326291       0.66992   -0.00475472   -0.00326468      0.999983     -0.917219
     0.999989    0.00039195    0.00476869      0.243852  -0.000411157      0.999992    0.00402738      0.671278   -0.00476708    -0.0040293      0.999981     -0.897799
     0.999987   0.000391824    0.00512311      0.247511  -0.000409636      0.999994     0.0034761      0.698576   -0.00512172   -0.00347815      0.999981     -0.889351
     0.999989   0.000442951    0.00458342      0.237238  -0.000461534      0.999992    0.00405414      0.697091   -0.00458159   -0.00405622      0.999981     -0.857493
      0.99999   0.000438845    0.00440294       0.26326  -0.000454084      0.999994    0.00346071      0.698456    -0.0044014   -0.00346267      0.999984     -0.881496
     0.999993   0.000230452    0.00385351      0.265954  -0.000245388      0.999992    0.00387598      0.688814   -0.00385259    -0.0038769      0.999985      -0.83833
     0.999991   0.000191438    0.00424963      0.266003  -0.000207751      0.999993    0.00383856        0.6851   -0.00424887   -0.00383941      0.999984      -0.88027
     0.999992   0.000241278    0.00405835      0.259867  -0.000257544      0.999992      0.004008      0.682766   -0.00405735   -0.00400902      0.999984     -0.821092
     0.999991    0.00023449    0.00421451      0.266731  -0.000249972      0.999993     0.0036734      0.690792   -0.00421362   -0.00367442      0.999984     -0.845295
     0.999993   0.000222054    0.00362247      0.272176  -0.000236775      0.999992    0.00406391      0.671927   -0.00362153   -0.00406474      0.999985     -0.814064
     0.999991    0.00011741    0.00417817      0.273245  -0.000133926      0.999992    0.00395301        0.6827   -0.00417767   -0.00395354      0.999983     -0.863049
     0.999992   9.08599e-05    0.00410757      0.263793  -0.000106901      0.999992     0.0039051      0.680094   -0.00410719    -0.0039055      0.999984     -0.824346
      0.99999   7.48175e-05    0.00455226      0.279237  -9.22045e-05      0.999993    0.00381932      0.692593   -0.00455194    -0.0038197      0.999982     -0.868031
     0.999991   -9.2968e-05    0.00418599      0.279685   7.74708e-05      0.999993    0.00370217      0.679094   -0.00418631   -0.00370182      0.999984     -0.849333
      0.99999  -0.000344684    0.00449462      0.288739   0.000328619      0.999994    0.00357462       0.66841   -0.00449582   -0.00357311      0.999984     -0.868908
      0.99999  -0.000328701    0.00436921      0.289906   0.000313836      0.999994    0.00340233      0.661064    -0.0043703   -0.00340093      0.999985     -0.818827
     0.999989  -0.000513841     0.0045622      0.301777    0.00049945      0.999995    0.00315502      0.661103    -0.0045638   -0.00315271      0.999985     -0.872098
     0.999991  -0.000677291    0.00414409      0.304679   0.000663159      0.999994    0.00341063      0.637618   -0.00414637   -0.00340785      0.999986     -0.868417
     0.999989  -0.000792996    0.00463601      0.303287   0.000778502      0.999995     0.0031273       0.62997   -0.00463847   -0.00312366      0.999984     -0.896876
     0.999991  -0.000856811    0.00410445      0.311881   0.000843187      0.999994    0.00331997      0.616561   -0.00410727   -0.00331648      0.999986     -0.863761
      0.99999  -0.000883951    0.00436115      0.332301   0.000871265      0.999995    0.00290993      0.630391    -0.0043637    -0.0029061      0.999986     -0.896592
     0.999991   -0.00110195    0.00408642      0.324922     0.0010898      0.999995    0.00297565      0.615559   -0.00408968   -0.00297117      0.999987     -0.858029
      0.99999   -0.00107301    0.00444324      0.338603    0.00106015      0.999995    0.00289425      0.619692   -0.00444633   -0.00288951      0.999986     -0.885572
      0.99999   -0.00105127    0.00441432      0.331682    0.00103731      0.999994    0.00316319      0.622053   -0.00441762   -0.00315858      0.999985     -0.867346
     0.999989   -0.00120729    0.00444921      0.365435    0.00119513      0.999996    0.00273587      0.643336   -0.00445249   -0.00273052      0.999986     -0.882285
     0.999991   -0.00152247     0.0038636      0.366335    0.00151099      0.999994    0.00297177       0.62148    -0.0038681   -0.00296591      0.999988     -0.846289
     0.999991   -0.00187503     0.0039031      0.358337    0.00186409      0.999994    0.00280561      0.595165   -0.00390834   -0.00279831      0.999988     -0.836224
