# 3dvolreg matrices (DICOM-to-DICOM, row-by-row):
     0.999977   -0.00315121    0.00593015      0.235749    0.00315719      0.999995  -0.000998043      0.805552   -0.00592698    0.00101674      0.999982     -0.263682
      0.99998   -0.00280981    0.00560494        0.2088    0.00281464      0.999996  -0.000853947      0.828767   -0.00560251   0.000869706      0.999984     -0.227122
     0.999979   -0.00293588    0.00576766      0.215328    0.00294262      0.999995   -0.00116085      0.818303   -0.00576422     0.0011778      0.999983     -0.191369
     0.999977   -0.00307026    0.00609641       0.19985    0.00307628      0.999995  -0.000979139      0.808224   -0.00609338   0.000997871      0.999981     -0.257454
     0.999977   -0.00295757    0.00604691      0.205449    0.00296318      0.999995  -0.000919514      0.804324   -0.00604416   0.000937411      0.999981     -0.219901
     0.999978   -0.00297095    0.00591545      0.214771    0.00297809      0.999995   -0.00119793      0.824341   -0.00591186    0.00121552      0.999982     -0.249237
      0.99998   -0.00320913     0.0055049      0.222618    0.00321184      0.999995  -0.000483717      0.813841   -0.00550332   0.000501388      0.999985     -0.191654
     0.999978   -0.00337681    0.00576762      0.237968    0.00338247      0.999994  -0.000971835      0.832293   -0.00576431   0.000991322      0.999983     -0.234446
     0.999978   -0.00323405    0.00577679      0.230733    0.00324081      0.999994   -0.00116092      0.830592     -0.005773    0.00117962      0.999983     -0.194046
     0.999977   -0.00297008    0.00617571      0.220278    0.00297717      0.999995     -0.001139      0.828675   -0.00617229    0.00115736       0.99998     -0.291758
     0.999977   -0.00283127    0.00621405      0.220195    0.00283596      0.999996  -0.000746743      0.815968   -0.00621191   0.000764348       0.99998     -0.240111
     0.999977   -0.00307308    0.00600998      0.234585    0.00307945      0.999995   -0.00105094      0.837466   -0.00600672    0.00106943      0.999981     -0.263894
     0.999976   -0.00298509     0.0062004      0.226483    0.00298912      0.999995  -0.000639765      0.831735   -0.00619846   0.000658283      0.999981     -0.218299
     0.999976   -0.00288797    0.00634529      0.215948    0.00289494      0.999995   -0.00109046      0.830376   -0.00634211     0.0011088      0.999979      -0.22976
     0.999976   -0.00279317    0.00632547      0.227258    0.00279949      0.999996  -0.000990079      0.812701   -0.00632268    0.00100776       0.99998     -0.223951
     0.999976   -0.00279648    0.00628868      0.212219    0.00280364      0.999995   -0.00113016      0.829674   -0.00628549    0.00114777       0.99998     -0.218976
      0.99998   -0.00283567    0.00569566      0.211163    0.00284028      0.999996  -0.000801463      0.825174   -0.00569336   0.000817624      0.999983     -0.187235
     0.999978   -0.00309735    0.00592671      0.226111    0.00310129      0.999995  -0.000655138      0.837002   -0.00592465   0.000673504      0.999982     -0.226571
     0.999979   -0.00313679    0.00572246      0.224296    0.00314244      0.999995  -0.000977275      0.848656   -0.00571937   0.000995237      0.999983     -0.138771
     0.999977   -0.00311459    0.00594619      0.236489    0.00311961      0.999995  -0.000834268      0.839629   -0.00594356   0.000852799      0.999982     -0.174822
     0.999979   -0.00301542    0.00567582      0.241619    0.00302007      0.999995   -0.00081091      0.842283   -0.00567334   0.000828034      0.999984       -0.1689
     0.999977   -0.00322711    0.00589517      0.254687    0.00323252      0.999994  -0.000907753      0.852964    -0.0058922   0.000926789      0.999982     -0.207587
     0.999979   -0.00321639    0.00554782      0.254957    0.00321922      0.999995  -0.000500017      0.845821   -0.00554619   0.000517866      0.999984     -0.209222
     0.999976   -0.00332057    0.00604057       0.25863     0.0033259      0.999994  -0.000872195      0.837945   -0.00603764   0.000892265      0.999981     -0.176491
     0.999976   -0.00323531    0.00617139      0.251863    0.00324177      0.999994     -0.001037      0.825438     -0.006168    0.00105698       0.99998     -0.241094
     0.999977   -0.00305746    0.00600216      0.250392    0.00306312      0.999995  -0.000934054      0.831329   -0.00599927   0.000952418      0.999982     -0.165303
     0.999978   -0.00320119    0.00583337      0.246577    0.00320746      0.999994   -0.00106677      0.815379   -0.00582992    0.00108546      0.999982     -0.220151
      0.99998   -0.00314998    0.00554384      0.262115    0.00315454      0.999995  -0.000813123      0.833397   -0.00554125   0.000830594      0.999984     -0.157549
     0.999981   -0.00308255    0.00533144      0.266531    0.00308887      0.999995   -0.00117798      0.838431   -0.00532778    0.00119442      0.999985     -0.188366
     0.999979   -0.00337529    0.00555294      0.274559    0.00337774      0.999994   -0.00043147      0.827888   -0.00555145   0.000450218      0.999984     -0.159839
     0.999979   -0.00341276    0.00551471      0.283811    0.00341886      0.999994   -0.00109818      0.837799   -0.00551093    0.00111702      0.999984     -0.190678
      0.99998   -0.00341618    0.00535399      0.260501    0.00341951      0.999994  -0.000614299      0.816999   -0.00535186   0.000632595      0.999985     -0.123429
     0.999977   -0.00381956    0.00557736      0.259046    0.00382583      0.999992    -0.0011142      0.813228   -0.00557306    0.00113551      0.999984     -0.216978
     0.999977   -0.00350313    0.00584837      0.258801      0.003508      0.999994  -0.000823946      0.811263   -0.00584544   0.000844443      0.999983      -0.18604
     0.999977   -0.00329406    0.00590775      0.252386    0.00330016      0.999994   -0.00102281      0.824596   -0.00590435    0.00104228      0.999982     -0.218987
     0.999977   -0.00342953    0.00588556      0.247661    0.00343519      0.999994  -0.000951099      0.813135   -0.00588226   0.000971295      0.999982     -0.111071
     0.999975   -0.00367087    0.00603465      0.230332    0.00367921      0.999992    -0.0013716      0.794529   -0.00602957    0.00139377      0.999981     -0.167736
     0.999976   -0.00361966    0.00587111      0.241836    0.00362176      0.999993  -0.000347153      0.791771   -0.00586981   0.000368408      0.999983      -0.12404
     0.999975   -0.00376299    0.00605921      0.247759    0.00376934      0.999992   -0.00103843      0.813503   -0.00605526    0.00106125      0.999981     -0.187661
     0.999978   -0.00372859    0.00552517      0.253342    0.00373359      0.999993  -0.000895392      0.799456   -0.00552179   0.000916001      0.999984     -0.102918
     0.999976   -0.00399055    0.00557704      0.252834    0.00399547      0.999992  -0.000870163      0.797382   -0.00557352   0.000892426      0.999984      -0.17418
     0.999976   -0.00398846    0.00558231       0.26032    0.00399174      0.999992  -0.000575271       0.79946   -0.00557997    0.00059754      0.999984     -0.114427
     0.999976   -0.00388659    0.00567236      0.254841    0.00389438      0.999991   -0.00136273      0.822059   -0.00566701    0.00138478      0.999983     -0.187998
     0.999976   -0.00399656    0.00565973      0.261271    0.00399971      0.999992  -0.000545515      0.800438    -0.0056575   0.000568139      0.999984     -0.189832
     0.999977   -0.00404978    0.00547448      0.271537    0.00405466      0.999991  -0.000881311      0.801015   -0.00547086   0.000903488      0.999985     -0.185066
      0.99998   -0.00398783    0.00480813      0.272427    0.00399214      0.999992  -0.000886623        0.8075   -0.00480455   0.000905801      0.999988     -0.110606
     0.999977   -0.00421744    0.00527363       0.26965    0.00422228      0.999991   -0.00090685      0.793404   -0.00526976   0.000929096      0.999986     -0.199018
     0.999977   -0.00418868    0.00542657        0.2639    0.00419805       0.99999   -0.00171618      0.789212   -0.00541933    0.00173892      0.999984     -0.231783
     0.999973    -0.0042663     0.0059209      0.239564     0.0042748       0.99999   -0.00142263      0.761542   -0.00591477     0.0014479      0.999981     -0.311498
     0.999971   -0.00422802    0.00637095      0.242722     0.0042378       0.99999   -0.00152132      0.757616   -0.00636446    0.00154828      0.999979     -0.364565
      0.99997   -0.00431302    0.00649366      0.252344    0.00432029       0.99999   -0.00110599      0.784671   -0.00648883    0.00113401      0.999978     -0.284981
     0.999972   -0.00412754    0.00631508      0.230293    0.00413478      0.999991   -0.00113375      0.778288   -0.00631034    0.00115983      0.999979     -0.332239
     0.999971   -0.00405084    0.00641038      0.220715    0.00405785      0.999991    -0.0010816      0.776161   -0.00640594    0.00110759      0.999979     -0.368945
     0.999971   -0.00406989     0.0063721      0.222533    0.00408168       0.99999   -0.00183832      0.788618   -0.00636455    0.00186428      0.999978     -0.419794
      0.99997   -0.00424656    0.00643492      0.224971    0.00425567       0.99999   -0.00140225      0.743569    -0.0064289     0.0014296      0.999978     -0.427656
     0.999969   -0.00442515     0.0064971      0.226009    0.00443454      0.999989   -0.00143255       0.74355   -0.00649069    0.00146132      0.999978     -0.476549
      0.99997   -0.00429153    0.00637671      0.215007     0.0042981       0.99999   -0.00101609      0.739069   -0.00637229    0.00104346      0.999979     -0.464772
      0.99997   -0.00442881    0.00639387       0.22796    0.00444308      0.999988   -0.00221984      0.740558   -0.00638396    0.00224818      0.999977     -0.425178
     0.999968    -0.0050455    0.00613676      0.222622    0.00505667      0.999986   -0.00180596      0.724423   -0.00612756    0.00183694       0.99998     -0.398424
     0.999964   -0.00530706    0.00660415      0.213333    0.00531843      0.999984   -0.00170458      0.708446     -0.006595    0.00173964      0.999977     -0.432847
     0.999963   -0.00534069    0.00675271      0.215853    0.00535062      0.999985   -0.00145372       0.70698   -0.00674484     0.0014898      0.999976     -0.358535
     0.999962   -0.00563469    0.00661405      0.221546    0.00564473      0.999983   -0.00150012      0.708743   -0.00660549     0.0015374      0.999977       -0.4204
     0.999962   -0.00577494    0.00645648      0.238766    0.00578051      0.999983  -0.000843192      0.698547    -0.0064515   0.000880482      0.999979      -0.38583
     0.999963   -0.00600098    0.00620196      0.260037    0.00601068      0.999981    -0.0015459      0.722592   -0.00619256    0.00158312       0.99998     -0.422511
     0.999965   -0.00592018    0.00597387      0.252041    0.00592567      0.999982  -0.000900517      0.702879   -0.00596843   0.000935884      0.999982      -0.40133
     0.999964   -0.00586098    0.00618871      0.262009    0.00587176      0.999981   -0.00172637      0.708945   -0.00617848    0.00176265      0.999979     -0.426982
     0.999965   -0.00561894    0.00626144      0.262232    0.00562892      0.999983   -0.00157766      0.694429   -0.00625247    0.00161285      0.999979     -0.423438
     0.999965   -0.00538768    0.00645099       0.24185     0.0053989      0.999984   -0.00172392      0.712393   -0.00644159    0.00175869      0.999978     -0.458658
     0.999965   -0.00568312    0.00621769      0.257769    0.00568974      0.999983    -0.0010473      0.700872   -0.00621164    0.00108264       0.99998      -0.42852
     0.999962   -0.00592342    0.00639812      0.275787    0.00593035      0.999982   -0.00106569      0.719029    -0.0063917    0.00110359      0.999979     -0.430263
     0.999963   -0.00581391    0.00626999      0.281248    0.00582098      0.999982   -0.00111124      0.713503   -0.00626342    0.00114769       0.99998     -0.373562
     0.999962   -0.00590585    0.00641344      0.292691     0.0059137      0.999982   -0.00120588      0.710469    -0.0064062    0.00124376      0.999979     -0.453197
     0.999963   -0.00582078    0.00640451      0.304245    0.00582741      0.999983   -0.00101655      0.712712   -0.00639849    0.00105383      0.999979     -0.421015
     0.999963   -0.00593257    0.00615561      0.304949    0.00593853      0.999982  -0.000951661      0.714131   -0.00614986   0.000988181      0.999981       -0.4177
     0.999964   -0.00593461    0.00602005      0.304423    0.00593789      0.999982  -0.000527484      0.698775   -0.00601681   0.000563211      0.999982     -0.416255
     0.999963   -0.00592516    0.00618214      0.305156     0.0059322      0.999982   -0.00112118      0.724389   -0.00617538    0.00115781       0.99998      -0.42546
     0.999964   -0.00582515    0.00617071      0.293474    0.00583078      0.999983   -0.00089427      0.698265   -0.00616539   0.000930218      0.999981     -0.404655
     0.999961   -0.00597229    0.00643199      0.309647    0.00597776      0.999982  -0.000831676      0.709525   -0.00642691   0.000870093      0.999979     -0.468804
     0.999963   -0.00589642    0.00619488      0.303852    0.00590311      0.999982   -0.00106271      0.711734    -0.0061885    0.00109924       0.99998      -0.43043
     0.999964   -0.00578178     0.0062006      0.280345    0.00578859      0.999983    -0.0010816      0.695442   -0.00619424    0.00111745       0.99998     -0.498752
     0.999964   -0.00572597    0.00627052      0.272622    0.00573071      0.999983  -0.000738316      0.680686   -0.00626619   0.000774224       0.99998     -0.470558
     0.999963   -0.00602379    0.00611242      0.299631    0.00603242      0.999981   -0.00139389      0.714769   -0.00610391    0.00143071       0.99998     -0.480327
     0.999963   -0.00599587    0.00617259      0.298059     0.0060004      0.999982  -0.000716541      0.677776   -0.00616818   0.000753552      0.999981     -0.497609
     0.999963   -0.00599525    0.00611444      0.312047    0.00600253      0.999981   -0.00117453      0.694471   -0.00610728    0.00121119      0.999981     -0.512927
     0.999964   -0.00618079    0.00577958      0.318996    0.00618566      0.999981  -0.000825217      0.686072   -0.00577436   0.000860937      0.999983     -0.455585
     0.999963   -0.00643178    0.00570578      0.336481    0.00643767      0.999979   -0.00101472      0.690807   -0.00569913    0.00105142      0.999983     -0.492849
     0.999965    -0.0064861    0.00531672      0.335911      0.006491      0.999979   -0.00090461      0.701632   -0.00531074   0.000939089      0.999985     -0.407982
     0.999963   -0.00649615     0.0056938      0.337271    0.00650213      0.999978   -0.00103341      0.698093   -0.00568697    0.00107039      0.999983     -0.498354
     0.999964   -0.00633743    0.00570322      0.342395    0.00634174       0.99998  -0.000737185      0.681902   -0.00569843   0.000773326      0.999983     -0.454167
     0.999964   -0.00640301    0.00563995      0.346975    0.00640865      0.999979  -0.000983193      0.691695   -0.00563354     0.0010193      0.999984     -0.513994
     0.999963   -0.00659992    0.00552578      0.344907     0.0066026      0.999978  -0.000467162      0.692975   -0.00552257   0.000503629      0.999985     -0.449722
     0.999963   -0.00667981    0.00546192      0.359497    0.00668583      0.999977   -0.00108476      0.715056   -0.00545455    0.00112123      0.999984     -0.479818
     0.999966   -0.00632739    0.00537583      0.346338    0.00633172       0.99998  -0.000788108      0.693721   -0.00537073   0.000822119      0.999985     -0.468075
     0.999965   -0.00624988    0.00555402      0.348168    0.00625632       0.99998   -0.00114376      0.721873   -0.00554676    0.00117847      0.999984     -0.545162
     0.999973   -0.00570707    0.00468323        0.3444    0.00571139      0.999983  -0.000910189      0.763387   -0.00467796   0.000936912      0.999989     -0.526803
     0.999971    -0.0058291    0.00487925      0.341884    0.00583519      0.999982   -0.00123553      0.716142   -0.00487196    0.00126396      0.999987      -0.60743
     0.999969   -0.00592511    0.00513143      0.331112    0.00593028      0.999982  -0.000992861      0.720404   -0.00512546    0.00102326      0.999986     -0.617327
     0.999967   -0.00599959    0.00554196       0.32693    0.00600211      0.999982  -0.000438922      0.721648   -0.00553923   0.000472171      0.999985     -0.639214
     0.999966   -0.00601947    0.00555287      0.337503    0.00602424      0.999981  -0.000841931      0.718392    -0.0055477   0.000875355      0.999984     -0.616975
     0.999966   -0.00612829    0.00542756      0.355526    0.00613361      0.999981  -0.000964828      0.709681   -0.00542154   0.000998086      0.999985     -0.656058
     0.999965   -0.00629737    0.00546082      0.359933    0.00630053       0.99998  -0.000560914      0.707415   -0.00545718   0.000595301      0.999985     -0.682335
     0.999963   -0.00651409    0.00569499      0.364205    0.00652024      0.999978   -0.00106229      0.708736   -0.00568794    0.00109938      0.999983     -0.646655
     0.999964   -0.00646496    0.00547988      0.346319    0.00647015      0.999979  -0.000929401      0.713155   -0.00547376   0.000964823      0.999985      -0.58328
     0.999966   -0.00629034    0.00538902      0.341261    0.00629433       0.99998   -0.00072332      0.713448   -0.00538436   0.000757216      0.999985     -0.601022
     0.999967     -0.006248    0.00515504      0.331922    0.00625248       0.99998  -0.000854416      0.721823    -0.0051496    0.00088662      0.999986      -0.56037
     0.999967   -0.00605329    0.00543919      0.320552    0.00605644      0.999982  -0.000561852      0.716748   -0.00543569   0.000594776      0.999985     -0.601643
     0.999966   -0.00601518    0.00571473      0.313439    0.00602037      0.999981  -0.000891187      0.708913   -0.00570926   0.000925561      0.999983     -0.557881
     0.999966   -0.00596543    0.00573608      0.304423    0.00597138      0.999982     -0.001021       0.70335   -0.00572989    0.00105522      0.999983     -0.572313
     0.999961   -0.00608385    0.00633574      0.277362    0.00609003      0.999981  -0.000955802      0.726068    -0.0063298    0.00099435      0.999979     -0.569173
     0.999962   -0.00604524    0.00623303      0.281912    0.00604996      0.999981  -0.000738534      0.714655   -0.00622845   0.000776215       0.99998     -0.632507
     0.999961   -0.00617012    0.00636303      0.271135    0.00617329      0.999981  -0.000478192      0.733111   -0.00635996   0.000517454       0.99998     -0.587554
     0.999961    -0.0062816    0.00615706      0.294527    0.00628489       0.99998  -0.000515447      0.726055   -0.00615369   0.000554123      0.999981     -0.602316
     0.999961   -0.00621455     0.0062173      0.306786    0.00621692      0.999981  -0.000362531        0.7271   -0.00621493    0.00040117      0.999981     -0.628179
     0.999961   -0.00638438    0.00617032      0.323865     0.0063891      0.999979  -0.000745524      0.729233   -0.00616544   0.000784917      0.999981       -0.6452
      0.99996   -0.00652988     0.0061195      0.324945    0.00653312      0.999979  -0.000508964      0.722739   -0.00611605   0.000548923      0.999981     -0.588875
     0.999963   -0.00641203    0.00573642      0.324949    0.00641609      0.999979  -0.000688312      0.721385   -0.00573189   0.000725092      0.999983     -0.585562
     0.999959   -0.00642581    0.00640594      0.294752    0.00642775      0.999979  -0.000281468      0.731814     -0.006404   0.000322632      0.999979     -0.606249
     0.999958   -0.00660339    0.00630486      0.298706     0.0066082      0.999978  -0.000742403      0.734633   -0.00629982   0.000784036       0.99998      -0.57654
     0.999959   -0.00676126    0.00602906      0.308403    0.00676383      0.999977  -0.000404887      0.729019   -0.00602619    0.00044565      0.999982     -0.548694
      0.99996   -0.00673953    0.00595895      0.312314    0.00673915      0.999977   8.34255e-05      0.714685   -0.00595938  -4.32639e-05      0.999982     -0.565185
     0.999964    -0.0065005    0.00550323      0.338572    0.00650298      0.999979  -0.000432454      0.732683    -0.0055003   0.000468226      0.999985     -0.563454
      0.99997    -0.0058468    0.00517561      0.233111    0.00585062      0.999983  -0.000721904      0.714907    -0.0051713   0.000752163      0.999986     -0.452221
     0.999963   -0.00606638    0.00604133      0.203391    0.00607127      0.999981  -0.000792309      0.732272   -0.00603641   0.000828959      0.999981     -0.469863
     0.999961   -0.00601848    0.00642559      0.241722    0.00602254      0.999982  -0.000612822      0.738582   -0.00642178   0.000651496      0.999979     -0.586952
     0.999959   -0.00624847    0.00654535      0.269642    0.00624949       0.99998  -0.000135794      0.729373   -0.00654437   0.000176694      0.999979     -0.531821
      0.99996   -0.00635509    0.00628109      0.275908    0.00635806       0.99998  -0.000453809      0.728628   -0.00627808   0.000493727       0.99998     -0.523685
     0.999958   -0.00634687    0.00663259      0.272544    0.00635034       0.99998  -0.000502668      0.707645   -0.00662927   0.000544766      0.999978     -0.529586
     0.999958    -0.0063132    0.00658304      0.284181    0.00631949       0.99998   -0.00093383      0.706838   -0.00657701   0.000975393      0.999978     -0.566951
     0.999959   -0.00642483    0.00642819      0.279089    0.00642493      0.999979   4.48799e-06      0.705009   -0.00642809   3.68129e-05      0.999979     -0.586136
     0.999958    -0.0062314    0.00668842      0.292798    0.00622464       0.99998    0.00103161      0.708738   -0.00669471  -0.000989935      0.999977      -0.72105
     0.999957   -0.00639774    0.00668631      0.311598    0.00638151      0.999977    0.00244539      0.689167    -0.0067018   -0.00240261      0.999975     -0.794554
     0.999957   -0.00609884    0.00692159      0.310667    0.00608217      0.999979    0.00242622      0.711287   -0.00693624   -0.00238402      0.999973      -0.94034
     0.999958   -0.00619399    0.00670645      0.305606    0.00617621      0.999977    0.00266875      0.707635   -0.00672283   -0.00262722      0.999974     -0.914624
     0.999959   -0.00616957    0.00664698      0.300486    0.00615733      0.999979    0.00186047      0.692778   -0.00665832   -0.00181947      0.999976     -0.896065
     0.999961   -0.00634902    0.00607263      0.316358    0.00634259      0.999979    0.00107637      0.673009   -0.00607934   -0.00103781      0.999981     -0.842618
     0.999958   -0.00624946     0.0067518      0.311826    0.00624564       0.99998   0.000587349       0.69508   -0.00675533  -0.000545155      0.999977     -0.847471
     0.999957   -0.00635065    0.00678736      0.286642     0.0063455       0.99998   0.000779977      0.701732   -0.00679218  -0.000736874      0.999977     -0.770353
     0.999956   -0.00629296    0.00699297      0.309522    0.00628828       0.99998   0.000691166      0.703814   -0.00699718  -0.000647161      0.999975     -0.872865
     0.999952   -0.00669634    0.00721662      0.321851    0.00668925      0.999977    0.00100629      0.694849   -0.00722319  -0.000957969      0.999973     -0.855442
     0.999952   -0.00685204    0.00697446      0.330647    0.00685124      0.999977   0.000138437      0.706377   -0.00697524  -9.06465e-05      0.999976     -0.796339
     0.999957   -0.00666444    0.00641871      0.318094    0.00666093      0.999978    0.00056796      0.702665   -0.00642235  -0.000525181      0.999979     -0.751139
     0.999957    -0.0064255    0.00661911      0.307257    0.00642409      0.999979   0.000232986      0.700867   -0.00662047  -0.000190454      0.999978     -0.767844
     0.999956   -0.00639263    0.00684477      0.299859    0.00638737      0.999979   0.000789325      0.709294   -0.00684968   -0.00074557      0.999976     -0.772091
     0.999958   -0.00641215    0.00652882      0.309874    0.00640855      0.999979   0.000573004      0.711744   -0.00653236   -0.00053114      0.999979      -0.78548
     0.999958   -0.00630882    0.00658569      0.286332    0.00630465       0.99998    0.00065337      0.724133   -0.00658968  -0.000611822      0.999978     -0.718048
     0.999959    -0.0062907    0.00647478      0.291961    0.00628727       0.99998   0.000550076      0.725004   -0.00647811  -0.000509345      0.999979     -0.748877
     0.999956   -0.00652779    0.00667251      0.298303    0.00652425      0.999979   0.000552861      0.714939   -0.00667598  -0.000509304      0.999978     -0.707647
     0.999955   -0.00640569    0.00695975      0.290576    0.00641449      0.999979   -0.00124208      0.719285   -0.00695165    0.00128667      0.999975     -0.772878
     0.999964    -0.0058814    0.00613744      0.263745    0.00588707      0.999982  -0.000906306      0.697357     -0.006132   0.000942405      0.999981      -0.63128
     0.999961   -0.00588886    0.00652749      0.270175    0.00589948      0.999981   -0.00160867      0.739486    -0.0065179    0.00164712      0.999977     -0.596243
      0.99996   -0.00624804    0.00639463      0.276564    0.00625268       0.99998  -0.000705859       0.72863   -0.00639009   0.000745814      0.999979     -0.468265
      0.99997   -0.00558055    0.00543832      0.242992    0.00558504      0.999984  -0.000810337      0.736527   -0.00543371   0.000840686      0.999985     -0.275049
     0.999962    -0.0060178    0.00634119      0.256084    0.00602519      0.999981    -0.0011462      0.763296   -0.00633417    0.00118436      0.999979     -0.424263
     0.999964   -0.00621675    0.00585175      0.288575     0.0062206       0.99998  -0.000639888      0.719704   -0.00584766   0.000676266      0.999983     -0.449979
     0.999962   -0.00633863      0.005988       0.30223    0.00634298       0.99998  -0.000708092      0.734454   -0.00598339   0.000746047      0.999982     -0.531531
     0.999968   -0.00618584    0.00500905      0.280286    0.00618823      0.999981  -0.000460674        0.7393    -0.0050061   0.000491656      0.999987     -0.343611
     0.999969   -0.00619791    0.00480733      0.277757    0.00620308       0.99998   -0.00106253      0.744295   -0.00480065    0.00109232      0.999988     -0.385747
     0.999973   -0.00619288    0.00393292      0.278707    0.00619474      0.999981  -0.000460281      0.744104   -0.00392999   0.000484632      0.999992     -0.282738
      0.99997   -0.00654606     0.0040314      0.301256    0.00655063      0.999978   -0.00112153      0.775543   -0.00402397    0.00114791      0.999991     -0.421901
      0.99997   -0.00656899    0.00421912      0.292701     0.0065711      0.999978  -0.000486122      0.742392   -0.00421583   0.000513832      0.999991     -0.389909
     0.999966   -0.00670753    0.00469735      0.312727    0.00671216      0.999977  -0.000969723      0.750353   -0.00469074    0.00100122      0.999988     -0.433896
     0.999968   -0.00657848    0.00445825      0.305847    0.00658228      0.999978  -0.000837614      0.737708   -0.00445264   0.000866933       0.99999      -0.32794
      0.99997    -0.0061413    0.00475736      0.299099    0.00614647      0.999981   -0.00107196      0.738346   -0.00475068    0.00110117      0.999988     -0.350779
      0.99997   -0.00612589    0.00468631      0.304626    0.00613055      0.999981  -0.000982176      0.750227    -0.0046802    0.00101088      0.999989     -0.301458
     0.999971   -0.00603651    0.00471601       0.30696    0.00604037      0.999981   -0.00080446      0.752814   -0.00471107   0.000832922      0.999989      -0.36585
     0.999972   -0.00622055    0.00414802      0.312658    0.00622469       0.99998  -0.000985206      0.749702   -0.00414181      0.001011      0.999991      -0.31026
      0.99997   -0.00639879    0.00431547      0.321192    0.00640222      0.999979  -0.000779389      0.748489   -0.00431039   0.000806994       0.99999     -0.385634
      0.99997   -0.00639382    0.00434814      0.330895    0.00639732      0.999979   -0.00079182      0.742606   -0.00434299   0.000819613       0.99999      -0.32386
     0.999972   -0.00620459     0.0040919      0.315356      0.006208       0.99998  -0.000822085      0.734316   -0.00408672   0.000847465      0.999991      -0.35141
     0.999969   -0.00645985    0.00444714      0.318044     0.0064639      0.999979  -0.000895931      0.753192   -0.00444125   0.000924649       0.99999     -0.345367
     0.999967   -0.00675312    0.00445607      0.329592    0.00675847      0.999976   -0.00118628      0.737461   -0.00444795    0.00121636      0.999989     -0.335845
     0.999967   -0.00666977    0.00455893      0.328485    0.00667346      0.999977  -0.000794058      0.748365   -0.00455353   0.000824456      0.999989     -0.349561
      0.99997   -0.00658194    0.00407545      0.328299    0.00658587      0.999978  -0.000952341      0.757862   -0.00406909   0.000979152      0.999991     -0.355367
      0.99997   -0.00667586    0.00402689      0.312917    0.00667845      0.999978  -0.000628217      0.745387   -0.00402261   0.000655092      0.999992     -0.325128
     0.999967   -0.00682383    0.00430698       0.33326    0.00682837      0.999976   -0.00103945      0.756747   -0.00429978    0.00106883       0.99999     -0.353996
     0.999967    -0.0068508    0.00440619      0.313265    0.00685471      0.999976  -0.000873062      0.757597   -0.00440011   0.000903237       0.99999     -0.334425
     0.999977     -0.005896    0.00324545      0.181631    0.00590068      0.999982   -0.00143382      0.749524   -0.00323693    0.00145294      0.999994     -0.183706
     0.999973    -0.0063248    0.00386808      0.207376     0.0063299      0.999979   -0.00130661       0.75851   -0.00385973    0.00133106      0.999992     -0.282217
     0.999968   -0.00686492    0.00408329      0.268292    0.00686716      0.999976  -0.000534525      0.734592   -0.00407952   0.000562549      0.999992     -0.342732
     0.999963   -0.00712188    0.00472336      0.309335    0.00712759      0.999974   -0.00119384      0.760651   -0.00471474    0.00122746      0.999988     -0.347229
     0.999967   -0.00698766    0.00416946      0.299775    0.00699096      0.999975  -0.000777974      0.754056   -0.00416393   0.000807097      0.999991     -0.312243
     0.999968   -0.00703635    0.00368987      0.291862    0.00704028      0.999975   -0.00105382      0.760804   -0.00368236    0.00107976      0.999993     -0.317203
     0.999972   -0.00683197    0.00312393      0.263795    0.00683449      0.999976  -0.000797282      0.755713   -0.00311841    0.00081861      0.999995     -0.279229
     0.999971   -0.00676309    0.00361447      0.260559    0.00676751      0.999976   -0.00121297      0.767271   -0.00360618    0.00123739      0.999993     -0.329185
      0.99997     -0.006847    0.00349817      0.253348    0.00685097      0.999976   -0.00112372      0.746701   -0.00349039    0.00114766      0.999993     -0.298698
     0.999967   -0.00706183    0.00391528      0.266791    0.00706568      0.999975   -0.00097162      0.772852   -0.00390832   0.000999253      0.999992     -0.340079
     0.999969   -0.00708637    0.00356502      0.259336    0.00708999      0.999974   -0.00100411      0.757787   -0.00355781    0.00102935      0.999993     -0.258735
     0.999969   -0.00683367     0.0038887      0.254625    0.00684021      0.999975   -0.00167114      0.744503   -0.00387718    0.00169768      0.999991     -0.410513
     0.999969   -0.00675988    0.00403319      0.248956    0.00676548      0.999976   -0.00137809      0.729181   -0.00402378    0.00140533      0.999991     -0.414483
     0.999967   -0.00692468    0.00419895      0.284663    0.00693263      0.999974   -0.00188044      0.744907   -0.00418582    0.00190949      0.999989     -0.423661
     0.999963   -0.00717577    0.00473485      0.290384    0.00718335      0.999973   -0.00158667      0.731205   -0.00472334    0.00162063      0.999988     -0.410845
     0.999963   -0.00710513    0.00494144      0.288672    0.00711494      0.999973   -0.00197077      0.728224    -0.0049273    0.00200586      0.999986     -0.451668
     0.999964   -0.00690308    0.00485122      0.292003     0.0069102      0.999975   -0.00145201      0.711795   -0.00484107    0.00148548      0.999987     -0.425637
     0.999964   -0.00694029    0.00486805      0.300938    0.00694745      0.999975   -0.00145593      0.715593   -0.00485782     0.0014897      0.999987     -0.429469
     0.999962   -0.00704829    0.00507217      0.301597    0.00705286      0.999975  -0.000884139      0.716958   -0.00506581   0.000919879      0.999987     -0.424376
     0.999963   -0.00699152    0.00501732      0.295707    0.00699704      0.999975   -0.00108277      0.736758   -0.00500962    0.00111784      0.999987     -0.400513
     0.999964   -0.00691178    0.00492078      0.281517    0.00691585      0.999976  -0.000811164      0.729529   -0.00491505   0.000845166      0.999988     -0.422619
     0.999965   -0.00692827    0.00472149      0.290699    0.00693066      0.999976  -0.000489618      0.750882   -0.00471798   0.000522324      0.999989     -0.350846
     0.999965   -0.00688064     0.0047425      0.288509    0.00688492      0.999976  -0.000887434      0.752488   -0.00473628   0.000920055      0.999988     -0.396855
     0.999965   -0.00681804    0.00481227      0.278835    0.00682011      0.999977  -0.000413542      0.740242   -0.00480934   0.000446348      0.999988     -0.355071
     0.999965   -0.00702501    0.00457013      0.289358    0.00702865      0.999975   -0.00078174      0.749183   -0.00456453   0.000813834      0.999989      -0.36936
     0.999969   -0.00683629    0.00395115       0.27564    0.00684218      0.999975   -0.00147831       0.72544   -0.00394095     0.0015053      0.999991     -0.356708
      0.99997   -0.00679463     0.0037767      0.277768    0.00680131      0.999975   -0.00175946       0.73526   -0.00376465    0.00178509      0.999991     -0.349276
     0.999968   -0.00690831    0.00409862      0.285161    0.00691194      0.999976  -0.000873423      0.736502   -0.00409249   0.000901725      0.999991     -0.372831
     0.999969   -0.00683789    0.00379861      0.285387    0.00684315      0.999976   -0.00137304      0.736363   -0.00378913      0.001399      0.999992     -0.394445
     0.999969   -0.00693188    0.00378078      0.295899    0.00693643      0.999975    -0.0011927        0.7099   -0.00377242    0.00121889      0.999992     -0.377323
     0.999969   -0.00680568    0.00399685      0.307481    0.00680838      0.999977  -0.000663955      0.706969   -0.00399224   0.000691146      0.999992     -0.376547
      0.99997   -0.00654528    0.00423996      0.282892    0.00654598      0.999979   -0.00015072      0.725001   -0.00423889    0.00017847      0.999991     -0.377366
     0.999967   -0.00683294    0.00435244      0.289054    0.00683429      0.999977  -0.000294784      0.703243   -0.00435033    0.00032452       0.99999     -0.352315
     0.999966   -0.00694542    0.00446015      0.308952    0.00694662      0.999976  -0.000253006      0.702624   -0.00445828    0.00028398       0.99999      -0.36448
     0.999966   -0.00718712    0.00405993       0.30944    0.00718776      0.999974   -0.00014447       0.72554   -0.00405879   0.000173646      0.999992     -0.316249
     0.999966    -0.0071003    0.00407477      0.296576    0.00710073      0.999975  -9.10178e-05      0.708675   -0.00407402   0.000119949      0.999992     -0.354742
