# 3dvolreg matrices (DICOM-to-DICOM, row-by-row):
     0.999999    0.00110445   0.000245117     -0.052523   -0.00110483      0.999998    0.00156399     0.0679673  -0.000243389   -0.00156426      0.999999    -0.0419719
            1  -0.000255539  -4.92668e-05   -0.00204841    0.00025561      0.999999    0.00145634    0.00100203   4.88946e-05   -0.00145635      0.999999     -0.109631
            1  -3.88172e-11   -1.2325e-10   3.88677e-09   3.88172e-11             1   1.58918e-10   3.89277e-09    1.2325e-10  -1.58918e-10             1   1.12187e-08
            1   0.000491912  -0.000272311    0.00238068  -0.000491692             1   0.000809273     0.0595289   0.000272709  -0.000809139             1     0.0299199
     0.999999    0.00101014  -0.000147044    -0.0300293   -0.00100984      0.999997    0.00203035      0.101159   0.000149095    -0.0020302      0.999998    0.00374695
     0.999999    0.00111519  -0.000647644    -0.0415136   -0.00111379      0.999997    0.00215626     0.0865268   0.000650047   -0.00215554      0.999997     0.0355908
     0.999999    0.00110966  -0.000709752    -0.0380137   -0.00110843      0.999998    0.00172756     0.0913346   0.000711667   -0.00172677      0.999998   -0.00664044
     0.999999    0.00127793  -0.000703036    -0.0468483   -0.00127633      0.999997    0.00227721       0.10474   0.000705944   -0.00227631      0.999997     0.0358639
     0.999999     0.0011572  -0.000829168     -0.034929    -0.0011555      0.999997    0.00204368       0.10104    0.00083153   -0.00204272      0.999998    -0.0307962
     0.999999    0.00115763  -0.000915628    -0.0365746   -0.00115576      0.999997    0.00203768     0.0878539   0.000917984   -0.00203662      0.999998    0.00192091
     0.999999    0.00100168   -0.00116583    -0.0284024  -0.000999416      0.999998    0.00194452     0.0917637    0.00116777   -0.00194335      0.999997   0.000895145
     0.999999    0.00097321  -0.000883013    -0.0220138   -0.00097166      0.999998    0.00175389     0.0926893   0.000884718   -0.00175303      0.999998     0.0402572
     0.999999    0.00103763   -0.00128341    -0.0244038    -0.0010352      0.999998    0.00189633     0.0918257    0.00128537     -0.001895      0.999997     0.0197774
     0.999999   0.000942886   -0.00102006     -0.019423  -0.000941012      0.999998    0.00183574     0.0978545    0.00102178   -0.00183478      0.999998     0.0413612
     0.999999   0.000898893   -0.00138408    -0.0221118  -0.000896093      0.999998    0.00202265     0.0921383    0.00138589   -0.00202141      0.999997     0.0568249
     0.999999   0.000801511   -0.00122902    -0.0183724  -0.000799046      0.999998    0.00200492      0.116165    0.00123063   -0.00200393      0.999997      0.067174
     0.999998    0.00101936   -0.00147236    -0.0224595   -0.00101666      0.999998    0.00182969       0.11556    0.00147422   -0.00182819      0.999997     0.0629235
     0.999999    0.00122864  -0.000809236     -0.039304   -0.00122718      0.999998    0.00180556      0.121131   0.000811452   -0.00180456      0.999998     0.0507544
     0.999999    0.00143357   -0.00094867    -0.0487363   -0.00143182      0.999997    0.00184139      0.117655   0.000951307   -0.00184003      0.999998     0.0625246
     0.999999    0.00123951  -0.000537765    -0.0424702   -0.00123847      0.999997    0.00193616      0.114312   0.000540163   -0.00193549      0.999998     0.0425072
     0.999999    0.00117951  -0.000692122    -0.0342262   -0.00117835      0.999998     0.0016709      0.111853   0.000694091   -0.00167008      0.999998     0.0250778
     0.999999    0.00114518   -0.00103781    -0.0369609   -0.00114319      0.999998      0.001915      0.103679       0.00104   -0.00191381      0.999998     0.0835216
     0.999999    0.00126449  -0.000925009    -0.0453199   -0.00126275      0.999997    0.00187659      0.110528    0.00092738   -0.00187542      0.999998     0.0654923
     0.999999    0.00129325  -0.000890959    -0.0371369   -0.00129146      0.999997    0.00201173      0.132223   0.000893558   -0.00201057      0.999998      0.103024
     0.999999      0.001226  -0.000668281    -0.0396979   -0.00122472      0.999997    0.00191562       0.14149   0.000670628    -0.0019148      0.999998     0.0347629
     0.999999    0.00141716  -0.000599505    -0.0441066   -0.00141579      0.999996    0.00228387      0.130778   0.000602739   -0.00228302      0.999997     0.0507426
     0.999999    0.00146284  -0.000429333    -0.0351992   -0.00146205      0.999997    0.00183454      0.121353   0.000432016   -0.00183391      0.999998      0.032743
     0.999999    0.00156932   0.000172356    -0.0559311   -0.00156968      0.999997    0.00208794      0.126123  -0.000169079   -0.00208821      0.999998     0.0215714
     0.999999    0.00141181   3.57064e-05    -0.0604118   -0.00141188      0.999997    0.00189361      0.127391  -3.30329e-05   -0.00189366      0.999998    0.00613559
     0.999999    0.00140264    0.00020735    -0.0569149   -0.00140304      0.999997    0.00195366      0.121323  -0.000204609   -0.00195395      0.999998     0.0284163
     0.999999    0.00152975   4.01528e-05    -0.0610568   -0.00152982      0.999997    0.00167649      0.123531  -3.75881e-05   -0.00167655      0.999999      0.039593
     0.999999    0.00147473   0.000574248    -0.0659657   -0.00147588      0.999997     0.0020173      0.123298  -0.000571271   -0.00201814      0.999998     0.0244204
     0.999999    0.00137922    0.00015293    -0.0479509   -0.00137953      0.999997    0.00199533       0.11582  -0.000150178   -0.00199554      0.999998     0.0646938
     0.999999    0.00130248   0.000258749    -0.0446571   -0.00130299      0.999997     0.0019811      0.137543  -0.000256168   -0.00198144      0.999998     0.0424255
     0.999999    0.00135078  -0.000111254    -0.0429782   -0.00135054      0.999997    0.00213576      0.126858   0.000114138    -0.0021356      0.999998     0.0873505
     0.999999    0.00126612   7.30216e-05    -0.0353532   -0.00126625      0.999997     0.0019298      0.134615  -7.05781e-05   -0.00192989      0.999998     0.0389061
     0.999999    0.00139973  -0.000102635    -0.0208052   -0.00139949      0.999996    0.00230415      0.130237   0.000105859     -0.002304      0.999997     0.0951557
     0.999999    0.00136796   0.000191826    -0.0273991   -0.00136832      0.999997    0.00188946      0.135061  -0.000189241   -0.00188972      0.999998     0.0466021
     0.999999     0.0013551  -0.000154478    -0.0383237   -0.00135473      0.999996    0.00238961      0.124004   0.000157715    -0.0023894      0.999997     0.0628264
     0.999999    0.00118956   0.000439853    -0.0387483   -0.00119035      0.999998    0.00180655       0.13706  -0.000437703   -0.00180707      0.999998     0.0421988
     0.999999     0.0013468   0.000309964     -0.052373   -0.00134751      0.999996    0.00230734      0.118082  -0.000306855   -0.00230775      0.999997     0.0448792
     0.999999    0.00129051   0.000375916     -0.049782    -0.0012912      0.999997    0.00182857      0.134618  -0.000373556   -0.00182905      0.999998     0.0168374
     0.999999     0.0013246  -4.96235e-05    -0.0467819   -0.00132448      0.999996    0.00241002      0.114412   5.28157e-05   -0.00240995      0.999997     0.0694601
     0.999999     0.0012441   0.000563617    -0.0425582   -0.00124522      0.999997    0.00199795      0.133189  -0.000561129   -0.00199865      0.999998    0.00516621
     0.999999    0.00128385   0.000651979    -0.0484866   -0.00128519      0.999997    0.00206413      0.108222  -0.000649327   -0.00206496      0.999998     0.0527164
     0.999999    0.00116706   0.000842239    -0.0530933   -0.00116885      0.999997    0.00213269      0.131972  -0.000839747   -0.00213368      0.999997     0.0132094
     0.999999    0.00117656   0.000477173    -0.0458145   -0.00117757      0.999997    0.00211412      0.135611  -0.000474684   -0.00211468      0.999998     0.0621968
     0.999999    0.00115312   0.000422954    -0.0389951   -0.00115403      0.999997    0.00215784      0.134273  -0.000420464   -0.00215833      0.999998     0.0107609
     0.999999    0.00129858   0.000187596    -0.0339377     -0.001299      0.999997    0.00228641      0.134284  -0.000184626   -0.00228665      0.999997     0.0550591
     0.999999    0.00129419    0.00049164    -0.0263511   -0.00129505      0.999998    0.00174752      0.127481  -0.000489377   -0.00174816      0.999998     0.0107737
     0.999999    0.00127724   0.000732931    -0.0420734   -0.00127892      0.999997    0.00230126       0.12126  -0.000729989    -0.0023022      0.999997     0.0126563
     0.999999    0.00119005   0.000613423    -0.0372718   -0.00119116      0.999998    0.00182291      0.129256  -0.000611252   -0.00182364      0.999998     0.0232174
     0.999999    0.00118573    0.00052427    -0.0324706   -0.00118692      0.999997    0.00227399      0.120487  -0.000521572   -0.00227461      0.999997    0.00896973
     0.999999    0.00106122   0.000584879    -0.0249983   -0.00106253      0.999997    0.00224069      0.131485  -0.000582499   -0.00224131      0.999997     -0.048103
     0.999999   0.000835378   0.000868247    -0.0131231  -0.000836971      0.999998    0.00183593      0.123893  -0.000866711   -0.00183666      0.999998   0.000181807
     0.999999    0.00063956   0.000966439    -0.0101014  -0.000641703      0.999997    0.00221918      0.117441  -0.000965017    -0.0022198      0.999997    -0.0323225
     0.999999   0.000557472    0.00110669   -0.00311759  -0.000560109      0.999997    0.00238397       0.13162   -0.00110536   -0.00238458      0.999997    0.00408233
            1   0.000603445   0.000689692    0.00557669  -0.000605184      0.999997     0.0025238       0.14081  -0.000688166   -0.00252421      0.999997    -0.0156692
     0.999999   0.000825381   0.000638689    -0.0134832  -0.000827191      0.999996    0.00283962      0.138262  -0.000636343   -0.00284015      0.999996    0.00308833
     0.999999   0.000711376   0.000985585    -0.0182055  -0.000713808      0.999997    0.00246922      0.133308  -0.000983825   -0.00246992      0.999996    0.00371348
     0.999999   0.000703592    0.00105546    -0.0183706  -0.000706692      0.999995     0.0029393      0.121818   -0.00105338   -0.00294004      0.999995   0.000356469
     0.999999   0.000678622   0.000765144   -0.00319297  -0.000680551      0.999997    0.00252335       0.12566  -0.000763429   -0.00252387      0.999997     -0.015125
     0.999999   0.000789606   0.000994634    -0.0173343  -0.000792392      0.999996    0.00280326      0.121119  -0.000992416   -0.00280405      0.999996    -0.0221733
     0.999999   0.000779292   0.000946829    -0.0156807  -0.000781732      0.999996    0.00257893      0.134692  -0.000944816   -0.00257967      0.999996     0.0122955
     0.999999   0.000686646    0.00105625    -0.0129862  -0.000689454      0.999996    0.00266089      0.136078   -0.00105442   -0.00266161      0.999996    0.00327933
     0.999999   0.000772777   0.000927341   -0.00507311  -0.000775137      0.999996    0.00254763      0.145897  -0.000925369   -0.00254835      0.999996    -0.0146282
            1   0.000721917   0.000621389   -0.00976688  -0.000723594      0.999996    0.00270143      0.128843  -0.000619436   -0.00270187      0.999996     0.0237603
     0.999999   0.000692015   0.000892545  -0.000452675  -0.000694012      0.999997     0.0022384      0.140803  -0.000890994   -0.00223901      0.999997   -0.00812488
     0.999999   0.000691991    0.00101817    -0.0046955   -0.00069462      0.999996    0.00258401      0.129767   -0.00101638   -0.00258471      0.999996     0.0192691
     0.999999   0.000583258    0.00112337   0.000533154  -0.000586204      0.999996    0.00262394      0.139206   -0.00112184    -0.0026246      0.999996   -0.00886787
            1   0.000454796   0.000836448    0.00700233  -0.000456921      0.999997    0.00254125      0.151966  -0.000835289   -0.00254163      0.999996     0.0492018
            1   0.000302293    0.00075271     0.0157722  -0.000304358      0.999996    0.00274424      0.147056  -0.000751877   -0.00274447      0.999996    -0.0213607
     0.999999   0.000248558    0.00116974   -0.00283446  -0.000251663      0.999996    0.00265569      0.147719   -0.00116908   -0.00265598      0.999996     0.0042042
     0.999999   0.000224408    0.00114392    0.00427646   -0.00022726      0.999997    0.00249317      0.139074   -0.00114336   -0.00249343      0.999996    -0.0261099
            1   0.000492955   0.000857668   0.000653723  -0.000495101      0.999997    0.00250334      0.127332  -0.000856431   -0.00250376      0.999996     0.0378805
     0.999999   0.000501456    0.00138081    -0.0209768  -0.000503836      0.999998    0.00172397      0.138476   -0.00137994   -0.00172466      0.999998    -0.0411239
     0.999998   0.000639328    0.00189217    -0.0318856  -0.000643909      0.999997     0.0024216      0.124334   -0.00189062   -0.00242281      0.999995     -0.036336
     0.999998    0.00052243    0.00214722    -0.0064832  -0.000527057      0.999998    0.00215468      0.145188   -0.00214609   -0.00215581      0.999995    -0.0549945
     0.999998   0.000301246    0.00176292    -0.0115384  -0.000305585      0.999997    0.00246201       0.15559   -0.00176218   -0.00246255      0.999995    -0.0249717
     0.999998   0.000277325    0.00176334    -0.0120297  -0.000281421      0.999997    0.00232324      0.142837   -0.00176269   -0.00232374      0.999996    -0.0743304
     0.999998   0.000182111     0.0018833     0.0034209  -0.000186431      0.999997    0.00229369      0.140221   -0.00188287   -0.00229404      0.999996     -0.013874
     0.999998  -9.63635e-06    0.00188556      0.020967   4.92485e-06      0.999997    0.00249872      0.148904   -0.00188557    -0.0024987      0.999995    -0.0765695
     0.999999  -8.94689e-05    0.00150884     0.0246633    8.5853e-05      0.999997    0.00239635      0.149805   -0.00150905   -0.00239621      0.999996   -0.00619903
     0.999999  -0.000313832     0.0013919     0.0432188   0.000310522      0.999997    0.00237725      0.143198   -0.00139264   -0.00237682      0.999996    -0.0509831
     0.999999  -0.000521922   0.000957928     0.0655968   0.000519651      0.999997    0.00236981      0.140914  -0.000959162   -0.00236931      0.999997      0.016628
     0.999999  -0.000764825    0.00127723     0.0823398   0.000761853      0.999997    0.00232583       0.14984     -0.001279   -0.00232486      0.999996    -0.0311822
     0.999999  -0.000873121    0.00118691     0.0676635   0.000869922      0.999996    0.00269292      0.149745   -0.00118926   -0.00269189      0.999996     0.0118374
     0.999999     -0.000913    0.00105344     0.0708652   0.000910522      0.999997    0.00235085      0.165575   -0.00105558   -0.00234989      0.999997    -0.0361417
     0.999999  -0.000997643    0.00089916     0.0873995   0.000995336      0.999996    0.00256305      0.151927  -0.000901713   -0.00256216      0.999996    0.00741525
     0.999999  -0.000946709    0.00113314      0.092218   0.000944225      0.999997    0.00219081      0.157248   -0.00113521   -0.00218974      0.999997    -0.0402554
     0.999999  -0.000809142   0.000836935     0.0842626   0.000807043      0.999997     0.0025045      0.138297  -0.000838959   -0.00250382      0.999997    -0.0226471
     0.999999  -0.000983785   0.000797372     0.0945188   0.000982067      0.999997    0.00215176       0.14469  -0.000799487   -0.00215098      0.999997    -0.0386006
            1  -0.000806141   0.000457828     0.0801495   0.000805025      0.999997    0.00243298       0.12904  -0.000459788   -0.00243261      0.999997     0.0233136
     0.999999  -0.000652979    0.00105347     0.0663893   0.000650779      0.999998    0.00208746      0.148397   -0.00105483   -0.00208677      0.999997     -0.107975
     0.999999  -0.000381588    0.00130632      0.053353   0.000378595      0.999997    0.00229084      0.144374   -0.00130719   -0.00229034      0.999997    -0.0827263
     0.999999   -0.00055997    0.00157125     0.0606742   0.000557428      0.999999    0.00161787      0.146886   -0.00157215   -0.00161699      0.999997    -0.0840648
     0.999999  -0.000625979    0.00139463     0.0712352   0.000622557      0.999997    0.00245321      0.127589   -0.00139617   -0.00245234      0.999996    -0.0396628
     0.999999  -0.000800095    0.00147962      0.061539    0.00079739      0.999998    0.00182758      0.159287   -0.00148108    -0.0018264      0.999997    -0.0982806
     0.999996   -0.00155541    0.00240968     0.0640629    0.00155135      0.999997    0.00168891      0.133937    -0.0024123   -0.00168517      0.999996     -0.132747
     0.999996   -0.00224908    0.00190138      0.116593     0.0022483      0.999997   0.000411271     0.0402359    -0.0019023  -0.000406995      0.999998    -0.0758474
     0.999998   -0.00151287    0.00158506     0.0590214    0.00151174      0.999999   0.000710489     0.0724124   -0.00158613  -0.000708091      0.999998    -0.0751547
     0.999996  -0.000855129    0.00275195     0.0594792   0.000851165      0.999999     0.0014415     0.0925043   -0.00275318   -0.00143915      0.999995     -0.152828
     0.999997   -0.00077323    0.00251112     0.0823374   0.000768431      0.999998    0.00191147     0.0981175   -0.00251259   -0.00190953      0.999995     -0.105452
     0.999996    -0.0010538    0.00261655     0.0877372    0.00104929      0.999998    0.00172159      0.122821   -0.00261836   -0.00171883      0.999995     -0.163094
     0.999997  -0.000917404     0.0022113     0.0840852    0.00091298      0.999998    0.00200083      0.113579   -0.00221313    -0.0019988      0.999996    -0.0866406
     0.999996   -0.00129379    0.00246701     0.0982946    0.00128984      0.999998    0.00160027      0.121448   -0.00246907   -0.00159709      0.999996     -0.128963
     0.999996   -0.00128056    0.00246978      0.090866    0.00127591      0.999997    0.00188525      0.110075   -0.00247219   -0.00188209      0.999995    -0.0645871
     0.999996   -0.00105529    0.00256353     0.0604196    0.00104848      0.999996    0.00265549       0.17203   -0.00256633   -0.00265279      0.999993     -0.189096
     0.999994   -0.00175783    0.00293404     0.0771122    0.00174636      0.999991     0.0039066      0.182737   -0.00294088   -0.00390145      0.999988     -0.474176
     0.999995   -0.00151365    0.00281894      0.101952      0.001501      0.999989     0.0044846      0.015564   -0.00282569   -0.00448034      0.999986     -0.590031
     0.999995    -0.0011182      0.002931      0.132398    0.00110447      0.999988    0.00468282     0.0311282    -0.0029362   -0.00467956      0.999985     -0.595199
     0.999995   -0.00149567    0.00295841      0.145045    0.00148175      0.999988    0.00470245     0.0929432   -0.00296541   -0.00469804      0.999985     -0.489419
     0.999993   -0.00179542    0.00320152      0.147729    0.00178005      0.999987    0.00479783     0.0932203    -0.0032101    -0.0047921      0.999983     -0.495871
     0.999996   -0.00183819    0.00222369      0.159432    0.00182751      0.999987    0.00479399     0.0927387   -0.00223248    -0.0047899      0.999986     -0.368845
     0.999996   -0.00180041    0.00202067      0.133789    0.00179065      0.999987    0.00481885      0.133062   -0.00202932   -0.00481521      0.999986     -0.340955
     0.999997   -0.00153896    0.00164284      0.121976    0.00153098      0.999987    0.00485042      0.135603   -0.00165028    -0.0048479      0.999987     -0.286641
     0.999997   -0.00152508    0.00181339      0.116748    0.00151688      0.999989    0.00451255      0.134257   -0.00182025   -0.00450979      0.999988     -0.337189
     0.999996   -0.00141941    0.00240566      0.122143    0.00140784      0.999987    0.00480404      0.142911   -0.00241245   -0.00480064      0.999986     -0.348827
     0.999997    -0.0015173    0.00212676      0.128819     0.0015082       0.99999    0.00427008      0.138436   -0.00213322   -0.00426686      0.999989     -0.342822
     0.999997   -0.00159068    0.00203044      0.129232    0.00158135      0.999988    0.00458803       0.12234   -0.00203771    -0.0045848      0.999987     -0.334476
     0.999997   -0.00167643    0.00193877      0.137206    0.00166745      0.999988    0.00462549      0.129058    -0.0019465   -0.00462224      0.999987     -0.331638
     0.999997   -0.00164322    0.00204705      0.140717    0.00163379      0.999988    0.00460087      0.117519   -0.00205459   -0.00459751      0.999987     -0.339495
     0.999997   -0.00145283    0.00194274      0.133015    0.00144471       0.99999    0.00417588      0.123836   -0.00194879   -0.00417306      0.999989     -0.331822
     0.999997   -0.00154798    0.00202748      0.124841    0.00153884      0.999989    0.00450551      0.115224   -0.00203443   -0.00450238      0.999988     -0.327215
     0.999997   -0.00143336    0.00189926      0.135107    0.00142491      0.999989    0.00444457      0.110843   -0.00190561   -0.00444185      0.999988     -0.296882
     0.999996   -0.00172436    0.00207695      0.142797    0.00171534      0.999989    0.00433788      0.128944   -0.00208441    -0.0043343      0.999988      -0.30293
     0.999998   -0.00181369    0.00124229      0.165092    0.00180768      0.999987    0.00481572       0.13641   -0.00125101   -0.00481346      0.999988     -0.225535
     0.999997   -0.00192154    0.00124075       0.17035    0.00191611      0.999989    0.00436866        0.1558   -0.00124913   -0.00436628       0.99999     -0.276042
     0.999998   -0.00191329   0.000825191      0.180564    0.00190947      0.999988    0.00460163      0.125701  -0.000833985   -0.00460005      0.999989     -0.188035
     0.999997   -0.00183135    0.00131931      0.174762    0.00182556      0.999989     0.0043734      0.137641    -0.0013273   -0.00437098       0.99999     -0.274377
     0.999997   -0.00169219    0.00164587      0.161227    0.00168532       0.99999    0.00416495      0.138492   -0.00165291   -0.00416217       0.99999     -0.244772
     0.999997   -0.00156716    0.00159524      0.152984     0.0015604       0.99999    0.00423508       0.12385   -0.00160186   -0.00423258       0.99999     -0.279776
     0.999997   -0.00153064    0.00171056      0.140513    0.00152329       0.99999    0.00429213      0.130274   -0.00171711   -0.00428952      0.999989     -0.252211
     0.999997   -0.00166536    0.00184874      0.142785    0.00165741      0.999989    0.00428906      0.134796   -0.00185587   -0.00428598      0.999989      -0.25694
     0.999998   -0.00141812    0.00164813      0.121194    0.00141063      0.999989    0.00453564      0.133379   -0.00165455    -0.0045333      0.999988     -0.180029
     0.999997   -0.00148814    0.00203823      0.107406    0.00147922      0.999989    0.00437205      0.148963   -0.00204471   -0.00436902      0.999988     -0.260862
     0.999997   -0.00154704    0.00195248      0.118287    0.00153763      0.999987    0.00481235      0.121268    -0.0019599   -0.00480933      0.999987     -0.236962
     0.999996    -0.0015925    0.00213728      0.117986    0.00158344       0.99999    0.00423433      0.138943     -0.002144   -0.00423093      0.999989     -0.263776
     0.999996   -0.00142305    0.00223148      0.105912    0.00141263      0.999988    0.00466211      0.140631   -0.00223809   -0.00465894      0.999987      -0.22217
     0.999997   -0.00143637    0.00215239      0.103067     0.0014267      0.999989    0.00448785      0.137578   -0.00215881   -0.00448476      0.999988      -0.26341
     0.999997   -0.00142423    0.00173216       0.11908    0.00141581      0.999987    0.00484856       0.12737   -0.00173905   -0.00484609      0.999987     -0.201159
     0.999997   -0.00164934    0.00183855      0.125304    0.00164106      0.999989    0.00449448      0.129213   -0.00184594   -0.00449145      0.999988        -0.262
     0.999997   -0.00168665    0.00148952      0.143973    0.00167961      0.999987    0.00471092      0.134436   -0.00149745   -0.00470841      0.999988     -0.193737
     0.999997   -0.00183401    0.00179711      0.136156    0.00182576      0.999988    0.00458461      0.140012   -0.00180549   -0.00458131      0.999988     -0.233551
     0.999997   -0.00170629    0.00158446      0.127988     0.0016988      0.999987    0.00471807      0.122624   -0.00159249   -0.00471537      0.999988     -0.191469
     0.999997   -0.00173394    0.00192797       0.13221    0.00172518      0.999988     0.0045365      0.138882   -0.00193581   -0.00453316      0.999988     -0.275784
     0.999997   -0.00155014    0.00205916      0.123231    0.00154034      0.999988    0.00474953       0.13625    -0.0020665   -0.00474634      0.999987     -0.235053
     0.999997   -0.00162319    0.00185912      0.132635    0.00161455      0.999988    0.00463984      0.148685   -0.00186663   -0.00463683      0.999988     -0.255101
     0.999998    -0.0013949    0.00168188      0.125381    0.00138655      0.999987    0.00495703       0.14442   -0.00168877   -0.00495468      0.999986     -0.200081
     0.999997   -0.00140142    0.00179312      0.115799    0.00139323      0.999989    0.00456204      0.148308   -0.00179949   -0.00455953      0.999988     -0.211334
     0.999998   -0.00147071    0.00158427      0.131671    0.00146262      0.999986    0.00509416      0.141045   -0.00159174   -0.00509183      0.999986     -0.164624
     0.999997   -0.00147911    0.00173437      0.123299    0.00147106      0.999988    0.00463028      0.147279   -0.00174119   -0.00462772      0.999988     -0.230546
     0.999997   -0.00153969    0.00166023      0.127196    0.00153158      0.999987    0.00488019      0.153611   -0.00166772   -0.00487763      0.999987      -0.20188
     0.999997   -0.00160949    0.00190224      0.134107    0.00160071      0.999988    0.00461183      0.150912   -0.00190964   -0.00460877      0.999988     -0.247422
     0.999997   -0.00149503    0.00186115      0.133155    0.00148563      0.999986    0.00504499      0.146048   -0.00186866   -0.00504221      0.999986     -0.195682
     0.999997   -0.00149282    0.00194666      0.123276    0.00148355      0.999988     0.0047532      0.153859   -0.00195373    -0.0047503      0.999987     -0.230412
     0.999997   -0.00152536    0.00177802       0.13297    0.00151621      0.999986    0.00513949      0.127604   -0.00178584   -0.00513678      0.999985     -0.215999
     0.999997   -0.00151669    0.00178139      0.135243    0.00150816      0.999987    0.00478229       0.14378   -0.00178862   -0.00477959      0.999987     -0.226476
     0.999998   -0.00144218    0.00164112      0.133373    0.00143393      0.999986    0.00502055      0.150402   -0.00164834   -0.00501819      0.999986     -0.196444
     0.999997   -0.00180692    0.00180773      0.134985    0.00179741      0.999985    0.00524623      0.158548   -0.00181718   -0.00524296      0.999985     -0.233598
     0.999997   -0.00167819    0.00157031       0.14488    0.00166942      0.999983    0.00557011      0.154208   -0.00157963   -0.00556748      0.999983     -0.226793
     0.999997   -0.00153257    0.00203375      0.132443      0.001523      0.999988    0.00469882      0.144466   -0.00204092    -0.0046957      0.999987     -0.261664
     0.999997   -0.00128075    0.00190527      0.132265    0.00127121      0.999987    0.00500223      0.136558   -0.00191165   -0.00499979      0.999986     -0.205767
     0.999998  -0.000748588    0.00175277      0.131598   0.000739902      0.999987    0.00495081       0.16929   -0.00175645   -0.00494951      0.999986     -0.256335
     0.999998   -0.00102675    0.00194589      0.124418    0.00101665      0.999986    0.00518334      0.165305   -0.00195119   -0.00518135      0.999985     -0.260082
     0.999997   -0.00125504    0.00226015      0.115525    0.00124418      0.999988    0.00480083      0.172574   -0.00226614     -0.004798      0.999986     -0.285233
     0.999997   -0.00110738    0.00199979      0.124547    0.00109657      0.999985    0.00540238      0.150771   -0.00200575   -0.00540018      0.999983     -0.248271
     0.999997    -0.0014162    0.00194448      0.126495    0.00140663      0.999987    0.00491456      0.161298   -0.00195141   -0.00491181      0.999986     -0.281849
     0.999997   -0.00115561    0.00194379      0.132405    0.00114547      0.999986    0.00521248      0.127095   -0.00194979   -0.00521024      0.999985      -0.25926
     0.999997   -0.00179583    0.00192761      0.123421    0.00178676      0.999987    0.00469256      0.215454   -0.00193602    -0.0046891      0.999987     -0.340845
     0.999995   -0.00274629    0.00160315       0.11644    0.00274669      0.999996  -0.000245274      0.100165   -0.00160247   0.000249676      0.999999     -0.113381
     0.999995   -0.00250061    0.00205469     0.0882668     0.0025029      0.999996   -0.00111336     0.0379242    -0.0020519     0.0011185      0.999997    -0.0612861
     0.999994   -0.00199147    0.00269667     0.0778318    0.00198712      0.999997    0.00161267      0.125626   -0.00269988    -0.0016073      0.999995       -0.1524
     0.999995    -0.0021834    0.00237767     0.0998251    0.00217861      0.999996    0.00201437       0.11612   -0.00238205   -0.00200918      0.999995     -0.111356
     0.999997   -0.00204365    0.00114763       0.11158    0.00204148      0.999996    0.00188616      0.141584   -0.00115148   -0.00188381      0.999998    -0.0961849
     0.999999   -0.00154689   0.000420231     0.0727277    0.00154601      0.999997    0.00207681      0.132977  -0.000423443   -0.00207616      0.999998    -0.0519247
     0.999997   -0.00159381    0.00181058     0.0791504    0.00159017      0.999997    0.00201021      0.138676   -0.00181378   -0.00200732      0.999996     -0.200685
     0.999997   -0.00174186     0.0016881      0.101611    0.00173778      0.999996    0.00241539      0.114733    -0.0016923   -0.00241245      0.999996     -0.186034
     0.999997   -0.00196576     0.0016084      0.117986    0.00196262      0.999996    0.00194856      0.126333   -0.00161222    -0.0019454      0.999997     -0.235863
     0.999998   -0.00183145    0.00119313      0.116719    0.00182852      0.999995    0.00245012     0.0996502   -0.00119761   -0.00244793      0.999996     -0.162526
     0.999997     -0.001769    0.00158661      0.115321    0.00176623      0.999997    0.00175147      0.122123   -0.00158971   -0.00174866      0.999997     -0.183362
     0.999997   -0.00179396      0.001388      0.124656    0.00179039      0.999995    0.00257562      0.115171   -0.00139262   -0.00257313      0.999996     -0.133857
     0.999997   -0.00183017    0.00161412      0.137698    0.00182681      0.999996    0.00208546      0.149832   -0.00161793   -0.00208251      0.999997     -0.178711
     0.999997   -0.00193026    0.00146496      0.140224    0.00192652      0.999995    0.00254623      0.152092   -0.00146987    -0.0025434      0.999996     -0.123662
     0.999997   -0.00180174    0.00161246      0.129654    0.00179797      0.999996    0.00233787      0.172297   -0.00161666   -0.00233496      0.999996     -0.162637
     0.999998   -0.00161552    0.00128781      0.127242    0.00161211      0.999995       0.00264      0.152691   -0.00129207   -0.00263792      0.999996      -0.12084
     0.999997   -0.00171468    0.00160857       0.13645    0.00171115      0.999996    0.00219389      0.153216   -0.00161233   -0.00219113      0.999996     -0.220281
     0.999997   -0.00159203    0.00162077      0.129467    0.00158795      0.999996      0.002513      0.130223   -0.00162476   -0.00251042      0.999996     -0.182998
     0.999997   -0.00138004    0.00193339      0.112845    0.00137616      0.999997    0.00200855      0.145002   -0.00193616   -0.00200588      0.999996      -0.19651
     0.999997   -0.00135845    0.00191751       0.10862    0.00135342      0.999996    0.00262137      0.140745   -0.00192107   -0.00261877      0.999995     -0.129278
     0.999995   -0.00159902    0.00274675       0.08103    0.00159361      0.999997    0.00196959      0.162131   -0.00274989    -0.0019652      0.999994     -0.187595
     0.999994   -0.00150556    0.00305826     0.0716764    0.00149825      0.999996    0.00239186      0.134352   -0.00306185   -0.00238727      0.999992     -0.235546
     0.999995   -0.00151805    0.00271288      0.119209    0.00150906      0.999993    0.00331349      0.147299   -0.00271789   -0.00330938      0.999991     -0.260153
     0.999993  -0.000674745    0.00362673     0.0841933   0.000662405      0.999994    0.00340252      0.161206     -0.003629   -0.00340009      0.999988     -0.204345
      0.99999  -0.000750702    0.00434254     0.0478134   0.000733736      0.999992    0.00390719      0.195286   -0.00434544   -0.00390396      0.999983     -0.234368
     0.999992  -0.000863223    0.00383713     0.0437782   0.000848434      0.999992    0.00385416      0.186323   -0.00384043   -0.00385088      0.999985     -0.146711
     0.999993  -0.000721211    0.00359862     0.0245953   0.000708377      0.999993    0.00356641      0.181234   -0.00360116   -0.00356384      0.999987     -0.200825
     0.999994  -0.000742208    0.00329452     0.0428866   0.000730329      0.999993    0.00360544      0.177078   -0.00329717   -0.00360301      0.999988     -0.168229
     0.999993   -0.00107501    0.00372013      0.068747    0.00106269      0.999994    0.00331104      0.183552   -0.00372367   -0.00330706      0.999988     -0.216312
     0.999994   -0.00108304    0.00329166     0.0906572    0.00107159      0.999993    0.00347901      0.184648   -0.00329541   -0.00347546      0.999989     -0.144469
     0.999994  -0.000976379    0.00335324     0.0771587    0.00096518      0.999994    0.00333958      0.170451   -0.00335648   -0.00333632      0.999989     -0.192276
     0.999992   -0.00115747    0.00373407     0.0872674    0.00114443      0.999993    0.00349293      0.172517   -0.00373809   -0.00348863      0.999987     -0.206313
     0.999995  -0.000991088    0.00298774     0.0937451   0.000981739      0.999995    0.00312874       0.16495   -0.00299082   -0.00312579      0.999991     -0.155155
     0.999994   -0.00132418     0.0031934      0.116249    0.00131391      0.999994    0.00321648      0.169632   -0.00319764   -0.00321227       0.99999     -0.190979
     0.999995   -0.00137859    0.00279304      0.120894    0.00136986      0.999994    0.00312546      0.162989   -0.00279733   -0.00312162      0.999991         -0.13
     0.999995   -0.00134566    0.00302283      0.118814    0.00133659      0.999995    0.00300171      0.179896   -0.00302685   -0.00299765      0.999991     -0.123911
     0.999997   -0.00104161    0.00218232      0.115974     0.0010342      0.999994    0.00339646      0.188146   -0.00218585   -0.00339419      0.999992    -0.0344997
     0.999996   -0.00142221    0.00246208      0.129175    0.00141549      0.999995    0.00272759      0.204672   -0.00246595    -0.0027241      0.999993     -0.110401
     0.999998   -0.00117843    0.00173625      0.123348    0.00117289      0.999994    0.00318892      0.210148      -0.00174   -0.00318688      0.999993     0.0205316
     0.999997   -0.00137678     0.0020951      0.124154    0.00136975      0.999993    0.00335051      0.216424    -0.0020997   -0.00334763      0.999992     -0.107657
     0.999997   -0.00124499    0.00186467      0.116745    0.00123836      0.999993    0.00355552       0.20142   -0.00186908    -0.0035532      0.999992    -0.0470079
     0.999997   -0.00123334    0.00206452      0.122038    0.00122784      0.999996    0.00266168      0.218444   -0.00206779   -0.00265914      0.999994      -0.10622
