# 3dvolreg matrices (DICOM-to-DICOM, row-by-row):
      0.99997    0.00372612   -0.00676272     -0.344633   -0.00372585      0.999993   5.15787e-05      0.877733    0.00676286  -2.63803e-05      0.999977     -0.251026
     0.999971    0.00343671   -0.00677482      -0.32304   -0.00344392      0.999994   -0.00105217      0.852656    0.00677116    0.00107547      0.999976      -0.35958
     0.999972    0.00349561   -0.00656544     -0.307898   -0.00350397      0.999993    -0.0012626      0.832705    0.00656098    0.00128557      0.999978     -0.331075
     0.999973    0.00372757   -0.00636236      -0.30808   -0.00373439      0.999992   -0.00105955      0.859097    0.00635837    0.00108328      0.999979     -0.374311
     0.999972    0.00361422   -0.00650909     -0.319546   -0.00362065      0.999993  -0.000976811      0.842757    0.00650551    0.00100035      0.999978     -0.318528
     0.999971    0.00379245   -0.00659193     -0.320864   -0.00379999      0.999992   -0.00113146      0.857216    0.00658759    0.00115647      0.999978     -0.352254
     0.999969    0.00369583   -0.00695916      -0.34009   -0.00370226      0.999993  -0.000911521      0.850268    0.00695574   0.000937257      0.999975     -0.336181
     0.999971    0.00348027   -0.00676784     -0.332608   -0.00348691      0.999993  -0.000969763      0.860465    0.00676442   0.000993334      0.999977     -0.382141
      0.99997    0.00355061   -0.00694228     -0.339882   -0.00355597      0.999993  -0.000760466      0.861842    0.00693953   0.000785129      0.999976     -0.341096
     0.999968    0.00366755   -0.00706494     -0.339937   -0.00367283      0.999993  -0.000735406       0.89126    0.00706219   0.000761331      0.999975     -0.383192
     0.999968    0.00393335   -0.00693118     -0.351834   -0.00393676      0.999992   -0.00047808        0.8588    0.00692925   0.000505351      0.999976     -0.330848
     0.999969    0.00359646   -0.00698067     -0.339782   -0.00360158      0.999993  -0.000720759      0.901522    0.00697804   0.000745878      0.999975     -0.384291
     0.999969     0.0036161   -0.00696042     -0.340358   -0.00361984      0.999993  -0.000525405      0.863497    0.00695847   0.000550584      0.999976     -0.334955
     0.999968    0.00365886   -0.00706461     -0.336719   -0.00366415      0.999993  -0.000735742      0.874012    0.00706187   0.000761605      0.999975     -0.333817
      0.99997     0.0037132   -0.00686877     -0.332459   -0.00371455      0.999993   -0.00018263       0.87825    0.00686804   0.000208139      0.999976     -0.291479
     0.999969    0.00364699   -0.00696255     -0.333945   -0.00365228      0.999993  -0.000747338      0.880887    0.00695977   0.000772744      0.999975     -0.347481
     0.999969    0.00359704   -0.00699197     -0.333058   -0.00360123      0.999993  -0.000586924      0.890701    0.00698981   0.000612086      0.999975      -0.30553
     0.999969    0.00351306   -0.00702856     -0.333341   -0.00351976      0.999993  -0.000941489      0.890853    0.00702521   0.000966199      0.999975     -0.337254
     0.999969    0.00366814   -0.00700597     -0.332097   -0.00367306      0.999993   -0.00068877      0.883625    0.00700339   0.000714482      0.999975     -0.291599
     0.999971    0.00357247   -0.00673694     -0.316865   -0.00357769      0.999993  -0.000762993      0.892994    0.00673417   0.000787074      0.999977     -0.378879
     0.999969    0.00372534   -0.00688753      -0.33573   -0.00372864      0.999993  -0.000466241      0.889396    0.00688575   0.000491908      0.999976     -0.315419
     0.999969    0.00363836    -0.0069166     -0.329033   -0.00364275      0.999993  -0.000621961      0.899919    0.00691429   0.000647137      0.999976     -0.339893
     0.999968    0.00365534   -0.00706687     -0.344746   -0.00365947      0.999993  -0.000571147       0.88321    0.00706474    0.00059699      0.999975     -0.294377
     0.999969    0.00370713   -0.00692689     -0.323302   -0.00371221      0.999993  -0.000720113        0.8952    0.00692417   0.000745805      0.999976     -0.333591
     0.999968    0.00404959   -0.00694932     -0.334388   -0.00405297      0.999992  -0.000471888      0.900582    0.00694735   0.000500038      0.999976     -0.276895
     0.999966    0.00418962   -0.00709348     -0.337883   -0.00419422      0.999991   -0.00063373      0.914507    0.00709076   0.000663461      0.999975     -0.293078
     0.999967     0.0040497   -0.00711111     -0.342405   -0.00405348      0.999992  -0.000517215      0.922249    0.00710895   0.000546023      0.999975     -0.245182
     0.999968    0.00376833   -0.00706151     -0.331481   -0.00377355      0.999993  -0.000727078      0.897216    0.00705872   0.000753702      0.999975     -0.344373
     0.999969    0.00348361   -0.00703543     -0.318288   -0.00348675      0.999994  -0.000434594      0.867064    0.00703388   0.000459112      0.999975     -0.311498
     0.999971    0.00331415    -0.0069074     -0.308898   -0.00332031      0.999994  -0.000880745      0.872171    0.00690444   0.000903654      0.999976     -0.336788
     0.999972    0.00323508   -0.00670765     -0.296743   -0.00324003      0.999994  -0.000728591      0.873814    0.00670525   0.000750304      0.999977     -0.314439
     0.999971    0.00330907   -0.00682732     -0.292693   -0.00331579      0.999994   -0.00097327      0.886329    0.00682406    0.00099588      0.999976     -0.359395
     0.999971    0.00334387   -0.00678699     -0.303558   -0.00334998      0.999994  -0.000889724      0.858957    0.00678398   0.000912435      0.999977     -0.304044
      0.99997    0.00363362   -0.00689078     -0.316792   -0.00364094      0.999993   -0.00105098      0.894746    0.00688691    0.00107604      0.999976     -0.374086
      0.99997    0.00359164   -0.00693005     -0.319923   -0.00359636      0.999993  -0.000668448      0.874742     0.0069276   0.000693351      0.999976     -0.301117
      0.99997    0.00344887   -0.00689514     -0.312464   -0.00345434      0.999994  -0.000781662      0.902539     0.0068924   0.000805457      0.999976     -0.348418
     0.999968    0.00351897   -0.00715654     -0.324509   -0.00352503      0.999993  -0.000834122      0.874362    0.00715356   0.000859323      0.999974     -0.303895
     0.999968    0.00358551   -0.00718804     -0.324513   -0.00359304      0.999993   -0.00103492      0.863421    0.00718427    0.00106072      0.999974     -0.377088
      0.99997    0.00347147   -0.00696193     -0.320687   -0.00347462      0.999994  -0.000440633      0.852837    0.00696036    0.00046481      0.999976     -0.335042
      0.99997    0.00330433   -0.00703107     -0.313082   -0.00331128      0.999994  -0.000977571      0.871394    0.00702779    0.00100082      0.999975     -0.397648
     0.999969    0.00361659   -0.00705721     -0.333227   -0.00361996      0.999993   -0.00046604      0.869745    0.00705548   0.000491573      0.999975     -0.300092
     0.999969    0.00358812   -0.00702044     -0.346189    -0.0035913      0.999993  -0.000440556      0.916439    0.00701881   0.000465755      0.999975     -0.359955
      0.99997    0.00349809   -0.00691009     -0.349874   -0.00350059      0.999994  -0.000350314      0.889815    0.00690882   0.000374492      0.999976     -0.331024
     0.999969    0.00361094   -0.00697111     -0.348293   -0.00361639      0.999993  -0.000768514      0.904691    0.00696828   0.000793701      0.999975     -0.388122
     0.999969    0.00362182   -0.00696841     -0.344128   -0.00362322      0.999993  -0.000188557       0.89477    0.00696768   0.000213799      0.999976     -0.321636
      0.99997    0.00365165   -0.00681766     -0.322935    -0.0036541      0.999993  -0.000345915      0.911781    0.00681635   0.000370817      0.999977      -0.34787
     0.999968    0.00376216   -0.00704285     -0.338461   -0.00376368      0.999993  -0.000201771      0.905214    0.00704204   0.000228271      0.999975     -0.290275
     0.999969    0.00361666   -0.00696202     -0.330405    -0.0036187      0.999993  -0.000280662      0.898252    0.00696096   0.000305846      0.999976     -0.354322
     0.999969    0.00372307   -0.00695086     -0.339086   -0.00372399      0.999993  -0.000119687      0.907862    0.00695037   0.000145569      0.999976      -0.33053
     0.999972    0.00342621   -0.00670168     -0.336646   -0.00343145      0.999994  -0.000770859      0.916642      0.006699   0.000793833      0.999977     -0.454592
      0.99997    0.00318959    -0.0070177     -0.339566   -0.00319703      0.999994   -0.00104905       0.90532    0.00701431    0.00107146      0.999975     -0.463278
     0.999969    0.00361015    -0.0069374     -0.328177   -0.00361642      0.999993  -0.000891488      0.929782    0.00693413    0.00091655      0.999976     -0.419066
      0.99997    0.00361306   -0.00679204     -0.296013   -0.00361357      0.999993  -6.30067e-05      0.924489    0.00679176   8.75484e-05      0.999977     -0.354411
     0.999972    0.00351829   -0.00661804     -0.264852   -0.00351803      0.999994    4.9933e-05      0.921005    0.00661818  -2.66491e-05      0.999978     -0.398228
     0.999968    0.00352105   -0.00714438     -0.296279   -0.00352175      0.999994  -8.50469e-05      0.907381    0.00714404   0.000110205      0.999974     -0.372993
      0.99997    0.00355392   -0.00695069     -0.290611   -0.00355582      0.999994  -0.000260979      0.897462    0.00694971   0.000285686      0.999976     -0.395141
     0.999966    0.00384704   -0.00731858     -0.315971   -0.00384834      0.999993   -0.00016315      0.909899     0.0073179   0.000191309      0.999973     -0.376599
     0.999965    0.00393044   -0.00732429     -0.328059   -0.00393468      0.999992  -0.000564981      0.897141    0.00732201    0.00059378      0.999973     -0.391819
     0.999968    0.00376935   -0.00707639     -0.313418   -0.00377377      0.999993   -0.00061152      0.895604    0.00707403   0.000638205      0.999975     -0.365535
     0.999969    0.00373244   -0.00691307     -0.309504    -0.0037383      0.999993  -0.000835788      0.876509     0.0069099   0.000861605      0.999976      -0.38462
     0.999969    0.00339815   -0.00704397     -0.308755   -0.00340294      0.999994  -0.000668349      0.878492    0.00704166   0.000692298      0.999975     -0.384543
     0.999969    0.00381906   -0.00681339     -0.293165   -0.00382501      0.999992   -0.00085988       0.87451    0.00681005   0.000885915      0.999976     -0.354891
     0.999969    0.00378958   -0.00697073      -0.30775   -0.00379516      0.999992  -0.000786529      0.899347     0.0069677   0.000812959      0.999975     -0.368214
      0.99997     0.0037279   -0.00673971     -0.309027   -0.00373308      0.999993  -0.000755853      0.880018    0.00673684    0.00078099      0.999977     -0.363053
     0.999968    0.00377639   -0.00704198     -0.318713   -0.00378131      0.999993  -0.000686755      0.903985    0.00703933   0.000713361      0.999975     -0.390272
     0.999968    0.00385158    -0.0070718     -0.330123   -0.00385504      0.999992  -0.000475632      0.888045    0.00706992   0.000502879      0.999975     -0.354764
     0.999965    0.00383406   -0.00741332     -0.337956   -0.00383787      0.999993   -0.00049952      0.914214    0.00741135   0.000527954      0.999972     -0.398027
     0.999968     0.0038928   -0.00704614     -0.315445   -0.00389831      0.999992  -0.000768176      0.871557    0.00704309   0.000795619      0.999975     -0.356206
     0.999967    0.00375805   -0.00726928     -0.327859   -0.00376474      0.999993  -0.000906862      0.886991    0.00726582   0.000934199      0.999973     -0.375237
      0.99997    0.00354766   -0.00695075     -0.308785    -0.0035527      0.999993  -0.000713162      0.855135    0.00694817   0.000737834      0.999976     -0.351462
     0.999967    0.00360363   -0.00721301     -0.304724   -0.00360811      0.999993  -0.000608349       0.89911    0.00721077   0.000634355      0.999974     -0.410762
     0.999966    0.00361617   -0.00743341     -0.298656   -0.00362333      0.999993  -0.000950079      0.837009    0.00742992    0.00097698      0.999972     -0.386913
     0.999962    0.00336557   -0.00803096     -0.284576   -0.00337481      0.999994   -0.00113717       0.86992    0.00802708    0.00116423      0.999967      -0.41888
     0.999963    0.00339632   -0.00784985     -0.277449   -0.00340591      0.999993    -0.0012083      0.830184    0.00784569    0.00123499      0.999968      -0.40787
     0.999964    0.00340265   -0.00779192     -0.280214   -0.00341358      0.999993   -0.00139069      0.827644    0.00778713    0.00141724      0.999969     -0.430452
     0.999966    0.00345249   -0.00749596     -0.276629   -0.00346178      0.999993   -0.00122661      0.805604    0.00749168    0.00125251      0.999971      -0.38262
     0.999963    0.00371749   -0.00780512      -0.29341   -0.00372656      0.999992   -0.00114746       0.83576     0.0078008     0.0011765      0.999969     -0.420062
     0.999964    0.00378342   -0.00760372     -0.293832    -0.0037906      0.999992  -0.000929559      0.833515    0.00760014   0.000958348      0.999971     -0.397656
     0.999965    0.00348088   -0.00761579     -0.279252   -0.00348803      0.999993  -0.000925776      0.860461    0.00761252   0.000952308      0.999971     -0.404265
     0.999966    0.00368628   -0.00743788      -0.29835   -0.00369183      0.999993  -0.000732262       0.85103    0.00743513   0.000759696      0.999972     -0.327214
     0.999965      0.003678    -0.0075387     -0.306963   -0.00368428      0.999993  -0.000819303       0.88992    0.00753563   0.000847049      0.999971     -0.400404
     0.999964    0.00384444   -0.00754205     -0.309304   -0.00384888      0.999992  -0.000574065      0.849538    0.00753979   0.000603073      0.999971     -0.351015
     0.999963     0.0036079   -0.00778115     -0.301603   -0.00361149      0.999993  -0.000447461      0.880231    0.00777949   0.000475546       0.99997     -0.427747
     0.999965    0.00357895    -0.0075305     -0.287698   -0.00358286      0.999993  -0.000505092      0.852196    0.00752864   0.000532056      0.999972     -0.364974
     0.999965    0.00354005    -0.0076235     -0.283122    -0.0035448      0.999994   -0.00061004      0.860432    0.00762129   0.000637042      0.999971     -0.396192
     0.999965    0.00370263   -0.00745917      -0.29713   -0.00370667      0.999993  -0.000527675      0.841817    0.00745717   0.000555305      0.999972      -0.34533
     0.999963    0.00361606   -0.00775397     -0.305993   -0.00362061      0.999993  -0.000572256       0.86742    0.00775185   0.000600309       0.99997     -0.413339
     0.999966    0.00375747   -0.00738116     -0.305732   -0.00376061      0.999993  -0.000412297      0.838544    0.00737955   0.000440041      0.999973     -0.340722
     0.999966    0.00361731    -0.0074278     -0.301262   -0.00362101      0.999993  -0.000484198      0.878123      0.007426   0.000511077      0.999972     -0.404314
     0.999964    0.00380743   -0.00754014     -0.316661   -0.00380956      0.999993  -0.000268185      0.852187    0.00753907     0.0002969      0.999972      -0.34168
     0.999965    0.00381258   -0.00750116     -0.321207   -0.00381774      0.999992   -0.00067405      0.880111    0.00749853   0.000702664      0.999972       -0.4038
     0.999963    0.00382941   -0.00766984     -0.333266   -0.00383136      0.999993   -0.00023965      0.862082    0.00766886   0.000269027      0.999971     -0.352433
     0.999961     0.0040441   -0.00780277     -0.347065   -0.00404693      0.999992  -0.000347365      0.895342     0.0078013   0.000378929      0.999969     -0.413885
     0.999956    0.00459441   -0.00821211     -0.387715   -0.00459499      0.999989  -5.20356e-05        0.8692    0.00821178   8.97678e-05      0.999966     -0.360549
     0.999961    0.00392088   -0.00797363     -0.330417   -0.00392519      0.999992  -0.000525259      0.881943    0.00797151   0.000556537      0.999968     -0.404827
     0.999961    0.00354089   -0.00810368     -0.323641   -0.00354166      0.999994  -8.17558e-05      0.843942    0.00810334   0.000110453      0.999967     -0.257035
     0.999961    0.00358806   -0.00811916     -0.319981   -0.00359857      0.999993   -0.00127945      0.787163    0.00811451    0.00130861      0.999966     -0.256418
     0.999964    0.00367591   -0.00771127     -0.238876   -0.00369396       0.99999   -0.00232835      0.654786    0.00770264    0.00235675      0.999968     -0.392823
     0.999971    0.00309762   -0.00702474     -0.170139   -0.00311225      0.999993   -0.00207285      0.702931    0.00701827    0.00209465      0.999973     -0.521335
     0.999975    0.00230032   -0.00673143     -0.185157   -0.00230951      0.999996   -0.00135815      0.823111    0.00672828    0.00137366      0.999976     -0.640937
     0.999978    0.00166257   -0.00647135       -0.1588   -0.00167595      0.999996   -0.00206251      0.719358     0.0064679    0.00207331      0.999977     -0.619615
     0.999976    0.00133281   -0.00678134      -0.11408   -0.00134994      0.999996   -0.00252227      0.757197    0.00677795    0.00253137      0.999974     -0.629322
     0.999976    0.00199093    -0.0067081     -0.103536   -0.00200423      0.999996   -0.00197742      0.759118    0.00670413    0.00199081      0.999976     -0.585859
     0.999978    0.00259697   -0.00611924    -0.0732782   -0.00261056      0.999994   -0.00221456      0.748586    0.00611345    0.00223048      0.999979      -0.62347
     0.999978    0.00261884    -0.0061215      -0.10458   -0.00263281      0.999994    -0.0022742      0.737553    0.00611551    0.00229026      0.999979     -0.564073
     0.999979    0.00257818   -0.00597165     -0.102478   -0.00259474      0.999993   -0.00276805      0.731123    0.00596447    0.00278349      0.999978     -0.595811
     0.999977    0.00238431   -0.00632968     -0.103058   -0.00240219      0.999993   -0.00281899      0.724169    0.00632291    0.00283413      0.999976      -0.57065
      0.99998    0.00221707   -0.00585321    -0.0807754   -0.00223534      0.999993   -0.00311678      0.712043    0.00584626    0.00312981      0.999978     -0.570576
     0.999979    0.00209998   -0.00615921    -0.0700946   -0.00211938      0.999993   -0.00314462      0.718609    0.00615256    0.00315761      0.999976     -0.549625
     0.999979    0.00206809   -0.00611964    -0.0365022    -0.0020907      0.999991   -0.00368995      0.728991    0.00611196    0.00370267      0.999974     -0.484123
     0.999977    0.00196058   -0.00655092    -0.0724612   -0.00198105      0.999993   -0.00311914      0.739567    0.00654476    0.00313204      0.999974        -0.462
     0.999976     0.0018017   -0.00667654    -0.0887156   -0.00182332      0.999993   -0.00323321      0.712971    0.00667067    0.00324531      0.999972     -0.553186
     0.999975    0.00235291   -0.00671749     -0.115269   -0.00237342      0.999993   -0.00304728      0.728404    0.00671027    0.00306315      0.999973     -0.496222
     0.999977     0.0025066   -0.00627949     -0.101316   -0.00252497      0.999993   -0.00291874      0.739289    0.00627213    0.00293453      0.999976      -0.50958
     0.999973    0.00247558   -0.00687939      -0.12817   -0.00249563      0.999993   -0.00290797      0.773154    0.00687214    0.00292506      0.999972     -0.474462
     0.999975    0.00236508   -0.00672435     -0.115088     -0.002385      0.999993   -0.00295618      0.734288    0.00671731    0.00297215      0.999973      -0.48219
     0.999974     0.0024191   -0.00681259     -0.120267   -0.00244097      0.999992   -0.00320352      0.750171    0.00680479    0.00322007      0.999972     -0.492947
     0.999976    0.00237192   -0.00648345     -0.101169   -0.00239159      0.999993   -0.00302808      0.726523    0.00647622    0.00304352      0.999974     -0.482992
     0.999972    0.00196242    -0.0072715    -0.0826558   -0.00198565      0.999993   -0.00319001       0.74082    0.00726518    0.00320436      0.999968     -0.454311
     0.999973    0.00164842   -0.00717974    -0.0686709   -0.00167286      0.999993   -0.00339899       0.73145    0.00717409     0.0034109      0.999968     -0.465925
     0.999974    0.00198305   -0.00693884    -0.0542874   -0.00200786      0.999992   -0.00357155      0.728027     0.0069317    0.00358539       0.99997     -0.500054
     0.999977    0.00213444   -0.00645716    -0.0474331   -0.00215815      0.999991   -0.00366705      0.696138    0.00644927     0.0036809      0.999972     -0.479186
     0.999976      0.002146    -0.0066036    -0.0521078   -0.00217206       0.99999   -0.00394154      0.698006    0.00659507    0.00395579       0.99997     -0.460352
     0.999978    0.00234106   -0.00621446     -0.052751   -0.00236475       0.99999   -0.00380728      0.692391    0.00620548     0.0038219      0.999973     -0.423252
     0.999972    0.00283986   -0.00693079     -0.116403   -0.00286892      0.999987   -0.00418637      0.701928    0.00691881    0.00420614      0.999967     -0.475639
     0.999977    0.00265695   -0.00624611    -0.0888414   -0.00268377      0.999987   -0.00428946      0.667731    0.00623464    0.00430613      0.999971     -0.461154
     0.999978    0.00238879   -0.00622723    -0.0941732   -0.00241617      0.999987   -0.00439294      0.667952    0.00621665    0.00440789      0.999971     -0.473717
     0.999979    0.00255537   -0.00592916    -0.0790306   -0.00258189      0.999987   -0.00446883      0.645803    0.00591766    0.00448404      0.999972     -0.456174
     0.999977    0.00258924   -0.00630389     -0.098002   -0.00261753      0.999987   -0.00448332      0.674207    0.00629219    0.00449972       0.99997     -0.460275
     0.999978    0.00282618   -0.00603232    -0.0917922   -0.00285276      0.999986   -0.00440247       0.66357    0.00601979    0.00441958      0.999972     -0.408843
     0.999976    0.00292754   -0.00632206     -0.123788   -0.00295623      0.999985    -0.0045345      0.669586     0.0063087    0.00455308       0.99997     -0.409695
     0.999977    0.00283485   -0.00617424     -0.124078   -0.00286213      0.999986   -0.00441441      0.661319    0.00616164    0.00443198      0.999971     -0.440349
     0.999975    0.00256987   -0.00656248     -0.129168   -0.00259798      0.999987   -0.00427729      0.663802    0.00655141    0.00429423      0.999969     -0.481898
     0.999977    0.00263244   -0.00623499     -0.108811   -0.00265904      0.999987   -0.00426205      0.655761     0.0062237    0.00427854      0.999971     -0.458335
     0.999975    0.00247942   -0.00661781     -0.116746   -0.00250649      0.999989   -0.00408531      0.672863     0.0066076    0.00410179       0.99997     -0.477202
     0.999976    0.00242718    -0.0064565    -0.0945608   -0.00245439      0.999988   -0.00420992      0.646583    0.00644621    0.00422567       0.99997     -0.539668
     0.999976    0.00212875   -0.00652873    -0.0985442   -0.00215938      0.999987   -0.00468873      0.649509    0.00651866    0.00470272      0.999968     -0.611636
     0.999979    0.00214737   -0.00612465    -0.0609499   -0.00217605      0.999987   -0.00468094      0.621501    0.00611452    0.00469417       0.99997     -0.529322
     0.999976    0.00205066   -0.00655678     -0.080353   -0.00207923      0.999988   -0.00435424      0.676938    0.00654778    0.00436777      0.999969     -0.569407
     0.999978    0.00199279   -0.00626839    -0.0634272   -0.00202094      0.999988   -0.00448702      0.639467    0.00625937    0.00449959       0.99997     -0.544248
     0.999976    0.00220784   -0.00649083    -0.0812181   -0.00223683      0.999988   -0.00446296      0.676087    0.00648089    0.00447738      0.999969     -0.588727
     0.999978    0.00215837   -0.00629446    -0.0557913   -0.00218407      0.999989   -0.00408006      0.685539    0.00628559    0.00409372      0.999972     -0.543093
     0.999976    0.00224853   -0.00655706    -0.0785362   -0.00227671      0.999988   -0.00429316       0.64648    0.00654733    0.00430799      0.999969     -0.526287
     0.999976    0.00230243   -0.00652438    -0.0727073   -0.00233055      0.999988   -0.00430561      0.655386    0.00651439    0.00432071      0.999969     -0.572636
     0.999976    0.00238227   -0.00653278    -0.0716448    -0.0024093      0.999989   -0.00413259      0.641689    0.00652286    0.00414823       0.99997     -0.513427
     0.999973     0.0026483   -0.00678193    -0.0993603   -0.00267619      0.999988   -0.00410599      0.677993    0.00677097    0.00412403      0.999969     -0.591564
      0.99997    0.00283023   -0.00716839     -0.147775   -0.00285939      0.999988   -0.00406059      0.657892     0.0071568    0.00408096      0.999966     -0.545679
     0.999973    0.00254533   -0.00692138     -0.118107    -0.0025762      0.999987   -0.00445433      0.648525    0.00690995    0.00447204      0.999966     -0.590325
     0.999973     0.0026136   -0.00693237     -0.113676   -0.00264516      0.999986   -0.00454762      0.618992    0.00692039    0.00456583      0.999966     -0.513641
     0.999974    0.00242617   -0.00685426     -0.112203   -0.00245698      0.999987   -0.00448957      0.647538    0.00684327    0.00450629      0.999966     -0.594542
     0.999972    0.00264293   -0.00700154      -0.12485   -0.00267095      0.999988     -0.003995      0.629132     0.0069909    0.00401359      0.999968     -0.476441
     0.999971    0.00254157   -0.00717849     -0.118176   -0.00257051      0.999989   -0.00402638      0.664854    0.00716818    0.00404471      0.999966     -0.531779
     0.999971    0.00259626    -0.0072175     -0.126052   -0.00262439      0.999989   -0.00389025      0.628683    0.00720732    0.00390907      0.999966     -0.498041
     0.999968    0.00226129   -0.00761923     -0.142451   -0.00229161      0.999989   -0.00397325      0.662696    0.00761017    0.00399058      0.999963     -0.610213
     0.999967    0.00249798   -0.00769741     -0.166639   -0.00252795      0.999989   -0.00388605      0.625964    0.00768762    0.00390538      0.999963     -0.571337
     0.999966    0.00261788   -0.00783758     -0.173262   -0.00265173      0.999987   -0.00431226      0.648813    0.00782619     0.0043329       0.99996      -0.60035
     0.999967     0.0025737   -0.00776528      -0.16956   -0.00260529      0.999988   -0.00405978      0.636176    0.00775474    0.00407988      0.999962     -0.538925
     0.999969    0.00248688   -0.00752631     -0.147666   -0.00252093      0.999987    -0.0045181      0.640415    0.00751497    0.00453693      0.999961     -0.562798
     0.999968    0.00241508   -0.00768898     -0.147446   -0.00244803      0.999988   -0.00427846      0.639721    0.00767856    0.00429714      0.999961     -0.519072
     0.999966    0.00267461   -0.00781705     -0.160174   -0.00270712      0.999988   -0.00415227      0.660338    0.00780585    0.00417329      0.999961     -0.558916
     0.999965    0.00282793   -0.00792897      -0.18071   -0.00285964      0.999988   -0.00399018       0.63334    0.00791759    0.00401271      0.999961     -0.515274
     0.999966     0.0026401   -0.00786253     -0.167085   -0.00267365      0.999987   -0.00425872      0.653786    0.00785118    0.00427959       0.99996     -0.551563
     0.999965    0.00277829   -0.00791897     -0.170962   -0.00281066      0.999988    -0.0040785      0.625054    0.00790754    0.00410062       0.99996     -0.505721
     0.999966    0.00265908   -0.00775411     -0.153341   -0.00269179      0.999988   -0.00421046      0.665061    0.00774282    0.00423119      0.999961     -0.532039
      0.99997    0.00270429   -0.00732271     -0.143277   -0.00273269      0.999989   -0.00387131      0.634251    0.00731216     0.0038912      0.999966      -0.48438
     0.999966    0.00283812    -0.0077042     -0.166019   -0.00287137      0.999987   -0.00430723      0.656844    0.00769187     0.0043292      0.999961     -0.546056
     0.999965     0.0028628   -0.00783187      -0.20005   -0.00289364      0.999988   -0.00392846      0.652715    0.00782053    0.00395099      0.999962     -0.503248
     0.999968    0.00256391   -0.00760633     -0.178539   -0.00259677      0.999987   -0.00431379      0.670188    0.00759517    0.00433341      0.999962     -0.625918
     0.999969     0.0026135   -0.00743989     -0.157221   -0.00264766      0.999986   -0.00458617      0.635043     0.0074278    0.00460573      0.999962      -0.56359
      0.99997    0.00251127   -0.00731775     -0.131787   -0.00254468      0.999986   -0.00455882      0.658717     0.0073062     0.0045773      0.999963     -0.573068
     0.999969    0.00239013   -0.00756093     -0.146305   -0.00242197      0.999988    -0.0042054       0.66125    0.00755079    0.00422358      0.999963      -0.54833
     0.999968      0.002637   -0.00753547     -0.142405   -0.00266758      0.999988   -0.00405206      0.680794     0.0075247    0.00407204      0.999963     -0.577773
     0.999968    0.00283953   -0.00750203     -0.150157   -0.00286949      0.999988   -0.00398549       0.66555    0.00749062    0.00400689      0.999964     -0.532391
     0.999968    0.00289088   -0.00743015     -0.149696   -0.00291882      0.999989   -0.00375256      0.695958    0.00741922    0.00377413      0.999965     -0.574268
     0.999967     0.0029255   -0.00756871     -0.152315   -0.00294945      0.999991   -0.00315582      0.707177    0.00755941    0.00317804      0.999966     -0.548007
     0.999967    0.00260962   -0.00773831     -0.165792   -0.00263987      0.999989   -0.00390032      0.715212    0.00772805    0.00392062      0.999962     -0.703952
      0.99997    0.00281767   -0.00717415     -0.132037   -0.00284724      0.999987   -0.00411551      0.718228    0.00716246    0.00413582      0.999966     -0.627528
      0.99997    0.00295307   -0.00717902     -0.134484   -0.00297998      0.999989   -0.00374101       0.74412     0.0071679    0.00376229      0.999967     -0.554287
     0.999971    0.00277621   -0.00709687     -0.143381   -0.00280273      0.999989   -0.00372946      0.701597    0.00708644    0.00374925      0.999968     -0.526166
      0.99997    0.00238176   -0.00731531     -0.141819   -0.00241172      0.999989   -0.00409002       0.69676    0.00730548    0.00410754      0.999965     -0.583674
     0.999969    0.00280876   -0.00737241     -0.154629   -0.00283801      0.999988   -0.00395984      0.694227     0.0073612    0.00398064      0.999965     -0.543472
     0.999967    0.00286266   -0.00759296     -0.169168   -0.00289195      0.999988   -0.00384936      0.715826    0.00758185    0.00387119      0.999964     -0.585325
      0.99997    0.00285898   -0.00722194      -0.15394   -0.00288885      0.999987    -0.0041285      0.688815    0.00721004    0.00414924      0.999965     -0.525431
     0.999967    0.00275684   -0.00766366     -0.171703   -0.00278766      0.999988   -0.00401487      0.722836     0.0076525     0.0040361      0.999963     -0.575435
     0.999969    0.00293161   -0.00737521     -0.161821   -0.00296036      0.999988   -0.00389047      0.689823    0.00736372    0.00391218      0.999965     -0.507458
     0.999967    0.00273371   -0.00769097     -0.168319    -0.0027651      0.999988   -0.00407434      0.728695    0.00767974    0.00409547      0.999962     -0.574567
     0.999967    0.00275573   -0.00759033     -0.170583   -0.00278535      0.999989   -0.00389483      0.704468    0.00757951    0.00391584      0.999964     -0.530804
     0.999965    0.00266497   -0.00788495     -0.189333   -0.00269606      0.999989   -0.00393452      0.715962    0.00787437    0.00395564      0.999961     -0.555309
     0.999966    0.00276009   -0.00773773     -0.179228   -0.00278989      0.999989   -0.00384375      0.719804    0.00772703     0.0038652      0.999963     -0.545627
     0.999964    0.00268643   -0.00810585     -0.194571   -0.00271344      0.999991   -0.00332255       0.72611    0.00809685    0.00334443      0.999962     -0.545765
     0.999966    0.00274802   -0.00774469     -0.173025   -0.00277474       0.99999   -0.00344092      0.732294    0.00773516     0.0034623      0.999964     -0.555539
     0.999965    0.00268587   -0.00788861     -0.184497   -0.00271144      0.999991   -0.00323223      0.753114    0.00787986    0.00325351      0.999964     -0.554198
     0.999969    0.00256024   -0.00745377     -0.161207   -0.00258773       0.99999   -0.00368175      0.708563    0.00744427    0.00370093      0.999965     -0.545503
     0.999966    0.00259543    -0.0078342     -0.193341   -0.00262361       0.99999   -0.00358836      0.718129    0.00782481     0.0036088      0.999963     -0.564937
     0.999969    0.00263459    -0.0074395     -0.172895    -0.0026631      0.999989   -0.00382577      0.709535    0.00742934    0.00384546      0.999965     -0.534809
     0.999969    0.00249558   -0.00743396     -0.176851   -0.00252344       0.99999   -0.00374093      0.741708    0.00742455    0.00375957      0.999965     -0.578577
     0.999965    0.00296104   -0.00781616     -0.216605   -0.00299005      0.999989   -0.00370283      0.719628    0.00780511    0.00372607      0.999963     -0.541709
      0.99996    0.00306635   -0.00845488     -0.250696   -0.00309749      0.999988   -0.00367247      0.721855    0.00844352    0.00369851      0.999958     -0.563731
     0.999967    0.00223325   -0.00785724     -0.163032   -0.00226539      0.999989   -0.00408458      0.655767    0.00784803    0.00410225      0.999961     -0.555123
     0.999967    0.00204603   -0.00792505     -0.155991   -0.00207897      0.999989   -0.00415069       0.66097    0.00791647    0.00416702       0.99996     -0.526977
     0.999967    0.00192403   -0.00790512     -0.150309   -0.00195776      0.999989   -0.00426144      0.662622    0.00789684    0.00427677       0.99996     -0.616184
     0.999964    0.00185427    -0.0082371     -0.162813   -0.00188582      0.999991   -0.00382449      0.670148    0.00822993    0.00383989      0.999959     -0.666518
     0.999966    0.00195894   -0.00796807     -0.146042   -0.00198999       0.99999   -0.00388963      0.667126    0.00796038    0.00390536      0.999961     -0.639574
     0.999966    0.00188761   -0.00797819     -0.131567   -0.00191508      0.999992    -0.0034368      0.687164    0.00797164    0.00345196      0.999962     -0.646093
     0.999968    0.00189633   -0.00780456     -0.120165   -0.00192319      0.999992   -0.00343575       0.69034    0.00779798    0.00345065      0.999964     -0.660181
     0.999964    0.00208696   -0.00820389       -0.1704   -0.00211676      0.999991   -0.00362477       0.69349    0.00819626      0.003642       0.99996      -0.62584
     0.999966     0.0019445   -0.00796052     -0.141005   -0.00197351      0.999991   -0.00363721      0.682478    0.00795338     0.0036528      0.999962     -0.659108
     0.999965    0.00181135   -0.00814818     -0.167597   -0.00184469       0.99999   -0.00408616      0.665817     0.0081407    0.00410105      0.999958     -0.684371
     0.999968    0.00177522   -0.00785388     -0.156837   -0.00180702       0.99999   -0.00404292      0.685818    0.00784662    0.00405698      0.999961     -0.660637
     0.999971    0.00173207   -0.00744474     -0.112519   -0.00176281       0.99999   -0.00412401      0.663624    0.00743752    0.00413701      0.999964     -0.619205
      0.99997    0.00151218   -0.00758935     -0.123076   -0.00154535      0.999989     -0.004367      0.670523    0.00758266     0.0043786      0.999962     -0.687532
     0.999966    0.00183038   -0.00807297     -0.128361   -0.00186337       0.99999   -0.00408138      0.635225    0.00806542    0.00409628      0.999959     -0.676415
