# 3dvolreg matrices (DICOM-to-DICOM, row-by-row):
     0.999979    0.00317845    -0.0056637     -0.251166   -0.00318367      0.999995  -0.000912391      0.456087    0.00566077   0.000930403      0.999984     -0.391162
     0.999982    0.00324714   -0.00505615       -0.2253   -0.00325201      0.999994  -0.000955888      0.387917    0.00505302   0.000972314      0.999987     -0.379284
     0.999982    0.00348131   -0.00484713     -0.215246   -0.00348549      0.999994  -0.000854754      0.381105    0.00484412   0.000871633      0.999988     -0.408995
     0.999979    0.00357877   -0.00534909     -0.244049   -0.00358338      0.999993  -0.000852129      0.456455      0.005346   0.000871279      0.999985     -0.343217
     0.999981    0.00355601   -0.00501453     -0.253434   -0.00356078      0.999993   -0.00094338      0.424603    0.00501114   0.000961218      0.999987      -0.36958
      0.99998    0.00338099   -0.00531703      -0.26051   -0.00338739      0.999994   -0.00119443      0.446723    0.00531296    0.00121241      0.999985     -0.368465
     0.999982    0.00331226   -0.00503096     -0.250459   -0.00331691      0.999994  -0.000914327      0.401167    0.00502791   0.000930997      0.999987       -0.3679
     0.999978    0.00346082   -0.00560777     -0.284622   -0.00346708      0.999993    -0.0011074      0.460375     0.0056039    0.00112682      0.999984     -0.377106
     0.999979    0.00342367   -0.00548599     -0.286074   -0.00342652      0.999994  -0.000508768      0.436112    0.00548421   0.000527555      0.999985     -0.363194
     0.999979     0.0033146   -0.00564032     -0.261031   -0.00331897      0.999994  -0.000766722      0.467768    0.00563775   0.000785425      0.999984     -0.365081
      0.99998    0.00318193   -0.00555352     -0.251715   -0.00318401      0.999995  -0.000366119      0.449495    0.00555233   0.000383794      0.999985     -0.331965
      0.99998    0.00298424   -0.00560629     -0.262566   -0.00298897      0.999995  -0.000837085      0.466665    0.00560376   0.000853825      0.999984     -0.372845
      0.99998    0.00321208    -0.0055327     -0.273987   -0.00321606      0.999995  -0.000711755      0.442168    0.00553038   0.000729534      0.999984     -0.328345
      0.99998    0.00290793   -0.00557131     -0.284674   -0.00291269      0.999995  -0.000847685      0.471708    0.00556882   0.000863896      0.999984     -0.411266
     0.999978    0.00317683   -0.00580977     -0.296929   -0.00317968      0.999995  -0.000482435      0.477851    0.00580821   0.000500898      0.999983     -0.362089
     0.999978    0.00331114   -0.00579084     -0.290372   -0.00331354      0.999994  -0.000404204      0.476477    0.00578947   0.000423383      0.999983     -0.382774
     0.999977    0.00351932   -0.00585373     -0.307491   -0.00351971      0.999994  -5.64073e-05       0.44732     0.0058535   7.70094e-05      0.999983     -0.343619
     0.999974    0.00395078   -0.00597265     -0.335267   -0.00395457      0.999992  -0.000621994      0.479008    0.00597015   0.000645597      0.999982     -0.365175
     0.999974    0.00347982   -0.00627619     -0.326347   -0.00348352      0.999994  -0.000577864      0.494703    0.00627414   0.000599712       0.99998     -0.340726
     0.999975    0.00345266   -0.00612804     -0.320349   -0.00345668      0.999994   -0.00064525      0.473433    0.00612578   0.000666417      0.999981     -0.360474
     0.999974    0.00350598   -0.00629399     -0.329866   -0.00350974      0.999994  -0.000587258        0.4909    0.00629189   0.000609333       0.99998     -0.342038
     0.999974    0.00371026   -0.00618778     -0.320614   -0.00371235      0.999993  -0.000326145      0.502083    0.00618653   0.000349108      0.999981     -0.368284
     0.999973    0.00346804   -0.00648886      -0.32201   -0.00346953      0.999994  -0.000217587      0.511252    0.00648807   0.000240094      0.999979     -0.332693
     0.999977    0.00278601   -0.00625913     -0.271263    -0.0027887      0.999996  -0.000420825      0.509834    0.00625794    0.00043827       0.99998     -0.424498
     0.999974    0.00300525   -0.00654762     -0.287542    -0.0030087      0.999995  -0.000516682      0.491591    0.00654604   0.000536368      0.999978     -0.388254
     0.999977    0.00317469   -0.00602645     -0.287912   -0.00318085      0.999994   -0.00101222      0.450597     0.0060232    0.00103136      0.999981     -0.389679
     0.999975    0.00318584   -0.00637157     -0.304923   -0.00319082      0.999995  -0.000772156      0.493261    0.00636908   0.000792467      0.999979     -0.362457
     0.999975    0.00333832   -0.00630532     -0.299845   -0.00334267      0.999994  -0.000680568      0.466254    0.00630301   0.000701628       0.99998     -0.379277
     0.999971    0.00342366   -0.00686906     -0.323244   -0.00342908      0.999994   -0.00077829      0.484375    0.00686635   0.000801822      0.999976     -0.352061
     0.999975    0.00343713   -0.00612699     -0.309211   -0.00344077      0.999994  -0.000584919      0.460913    0.00612494   0.000605986      0.999981     -0.357655
     0.999973     0.0034408   -0.00653286     -0.329149   -0.00344672      0.999994  -0.000895426      0.522527    0.00652974   0.000917919      0.999978      -0.37629
     0.999974    0.00355398   -0.00632786     -0.327031   -0.00355605      0.999994  -0.000315797      0.490378    0.00632669    0.00033829       0.99998     -0.346126
     0.999974    0.00334814   -0.00635564     -0.313448   -0.00335177      0.999994  -0.000560603      0.511362    0.00635373   0.000581892       0.99998     -0.384198
     0.999975    0.00331461    -0.0062957     -0.306312   -0.00331828      0.999994  -0.000572517      0.480696    0.00629377   0.000593393       0.99998     -0.335039
     0.999975     0.0032886   -0.00623505     -0.317212   -0.00329339      0.999994  -0.000758413      0.476175    0.00623252   0.000778929       0.99998     -0.343086
     0.999974    0.00359678   -0.00624089     -0.323174   -0.00359993      0.999993  -0.000493054      0.466024    0.00623907   0.000515508       0.99998      -0.34539
     0.999973    0.00353515     -0.006389     -0.320756    -0.0035404      0.999993  -0.000810826      0.499233    0.00638609   0.000833424      0.999979     -0.347898
     0.999976    0.00364744   -0.00589857     -0.319359   -0.00365069      0.999993  -0.000540377      0.492472    0.00589656   0.000561897      0.999982     -0.344863
     0.999972    0.00387318   -0.00640588     -0.338955   -0.00387689      0.999992  -0.000566265      0.538191    0.00640364   0.000591084      0.999979     -0.343012
     0.999974    0.00365467   -0.00619656     -0.332933   -0.00365723      0.999993  -0.000400935      0.486273    0.00619505   0.000423587      0.999981     -0.304569
     0.999974     0.0034832   -0.00633986     -0.336226   -0.00348808      0.999994  -0.000758142      0.511789    0.00633718   0.000780236       0.99998     -0.349159
     0.999973    0.00363864   -0.00633145     -0.339619   -0.00364055      0.999993  -0.000290961      0.489035    0.00633035   0.000314003       0.99998     -0.298443
     0.999974    0.00358861   -0.00621407     -0.319518   -0.00359259      0.999993  -0.000628923      0.487397    0.00621177   0.000651232       0.99998     -0.342565
     0.999973    0.00339704   -0.00645311     -0.336823   -0.00340332      0.999994   -0.00096166      0.490719     0.0064498   0.000983597      0.999979     -0.313528
     0.999974    0.00360348   -0.00631509     -0.334572   -0.00360864      0.999993  -0.000805474      0.479431    0.00631215   0.000828241       0.99998     -0.320956
     0.999968    0.00403925   -0.00695539     -0.354505   -0.00404465      0.999992  -0.000761535      0.525541    0.00695225   0.000789643      0.999976     -0.264633
     0.999972    0.00390094   -0.00645511     -0.343849   -0.00390415      0.999992  -0.000485093      0.502872    0.00645316   0.000510281      0.999979     -0.343935
     0.999969    0.00395071   -0.00685096     -0.369902   -0.00395727      0.999992  -0.000943209      0.515337    0.00684717    0.00097029      0.999976     -0.316129
     0.999971    0.00400041     -0.006532     -0.350632    -0.0040025      0.999992  -0.000305763      0.483479    0.00653072   0.000331899      0.999979     -0.342253
     0.999969    0.00393798   -0.00679535      -0.36245   -0.00394125      0.999992  -0.000466792      0.513027    0.00679346    0.00049356      0.999977     -0.374773
     0.999968    0.00430749   -0.00676494     -0.383704   -0.00430952      0.999991  -0.000285566      0.480557    0.00676364    0.00031471      0.999977      -0.33308
     0.999967    0.00414997   -0.00694448     -0.382265   -0.00415175      0.999991  -0.000242337      0.528544    0.00694342   0.000271161      0.999976     -0.439264
     0.999969    0.00378433   -0.00686007     -0.366092   -0.00378453      0.999993  -1.64278e-05       0.48749    0.00685996   4.23894e-05      0.999976     -0.387854
     0.999968    0.00409939   -0.00688767     -0.371499   -0.00410373      0.999991  -0.000617034      0.505234    0.00688509    0.00064528      0.999976     -0.370142
     0.999965     0.0041882   -0.00728865     -0.387235   -0.00419118      0.999991  -0.000393642      0.513004    0.00728694   0.000424176      0.999973     -0.321895
     0.999966    0.00443124   -0.00693843       -0.3779   -0.00443466       0.99999  -0.000478121      0.498193    0.00693624   0.000508875      0.999976     -0.347306
     0.999964    0.00461828   -0.00717024     -0.401838   -0.00462256      0.999989  -0.000580679      0.537516    0.00716748   0.000613803      0.999974     -0.311571
     0.999965    0.00481111   -0.00686261     -0.393456   -0.00481037      0.999988   0.000124221      0.529124    0.00686313  -9.12049e-05      0.999976     -0.357268
     0.999965    0.00469744   -0.00693392     -0.392411   -0.00469768      0.999989   -1.7651e-05       0.54114    0.00693376   5.02237e-05      0.999976     -0.381215
     0.999968    0.00464422   -0.00656656     -0.374274   -0.00464902      0.999989  -0.000714678      0.479279    0.00656317   0.000745183      0.999978     -0.326526
     0.999966    0.00464589    -0.0067878      -0.38136   -0.00465272      0.999989  -0.000991176      0.509228    0.00678311    0.00102272      0.999976     -0.331289
     0.999969     0.0045464    -0.0064312     -0.352991   -0.00455214      0.999989  -0.000877913      0.479453    0.00642714   0.000907162      0.999979     -0.346188
     0.999967    0.00438644   -0.00678859     -0.362052   -0.00439283       0.99999  -0.000926914      0.486891    0.00678445   0.000956705      0.999977     -0.348123
      0.99997    0.00431636   -0.00647024     -0.338737   -0.00432206       0.99999  -0.000867064       0.46902    0.00646643   0.000895002      0.999979     -0.341397
     0.999968     0.0041754   -0.00679592     -0.348698    -0.0041808      0.999991  -0.000781257       0.48422     0.0067926   0.000809645      0.999977     -0.376138
     0.999971    0.00414773   -0.00637603     -0.325758   -0.00415344      0.999991  -0.000883171      0.460513    0.00637231   0.000909628      0.999979     -0.375172
     0.999971    0.00405396   -0.00649609     -0.320447   -0.00406034      0.999991  -0.000969327       0.46845     0.0064921   0.000995674      0.999978     -0.379652
     0.999972    0.00414443   -0.00616801     -0.317125   -0.00414858      0.999991  -0.000659536      0.475941    0.00616522   0.000685107      0.999981     -0.369462
      0.99997    0.00421863   -0.00650074     -0.326734     -0.004223      0.999991  -0.000657793      0.495219     0.0064979   0.000685226      0.999979     -0.361764
     0.999973    0.00414264   -0.00598743     -0.310002   -0.00414627      0.999991  -0.000594498      0.472173    0.00598491   0.000619308      0.999982     -0.370431
     0.999969    0.00439801   -0.00654782     -0.337328   -0.00440178       0.99999  -0.000561294      0.517473    0.00654528   0.000590098      0.999978     -0.399975
      0.99997    0.00453333   -0.00635423     -0.347795   -0.00453437       0.99999   -0.00014931      0.500969    0.00635349   0.000178118       0.99998     -0.374839
     0.999971    0.00410715   -0.00648349     -0.335339   -0.00411088      0.999991  -0.000561709      0.509842    0.00648113   0.000588346      0.999979     -0.369455
     0.999972    0.00403983   -0.00622534     -0.315974   -0.00404108      0.999992  -0.000187699       0.49267    0.00622453   0.000212851      0.999981     -0.352611
     0.999972    0.00384544   -0.00637046     -0.316047   -0.00384809      0.999993  -0.000404863      0.521787    0.00636885   0.000429366       0.99998     -0.366329
     0.999973    0.00408214   -0.00608331     -0.307332   -0.00408434      0.999992  -0.000348262      0.491942    0.00608184   0.000373099      0.999981     -0.350163
      0.99997    0.00419055   -0.00651216     -0.309653   -0.00419398      0.999991  -0.000513223      0.523162    0.00650995   0.000540519      0.999979     -0.382692
     0.999969    0.00457074   -0.00641782     -0.332645   -0.00457101       0.99999  -2.84015e-05      0.499795    0.00641762   5.77365e-05      0.999979     -0.332009
     0.999967    0.00472359   -0.00666535     -0.372535   -0.00472627      0.999989  -0.000386247      0.536294    0.00666346   0.000417737      0.999978     -0.368222
     0.999967    0.00450954   -0.00679679      -0.37122   -0.00450994       0.99999   -4.2804e-05      0.545611    0.00679652   7.34557e-05      0.999977     -0.294518
     0.999969    0.00453005   -0.00643168     -0.349875   -0.00453241       0.99999  -0.000351714      0.518194    0.00643002   0.000380854      0.999979     -0.340903
     0.999966    0.00470298   -0.00673869     -0.380985   -0.00470476      0.999989  -0.000249586      0.533067    0.00673744   0.000281281      0.999977     -0.311387
     0.999968    0.00465471   -0.00648521     -0.364688   -0.00465673      0.999989  -0.000296762      0.514972    0.00648376   0.000326953      0.999979     -0.350034
     0.999965    0.00483566   -0.00690021     -0.382264   -0.00483674      0.999988  -0.000139496       0.53142    0.00689946   0.000172865      0.999976     -0.350014
     0.999966    0.00509701   -0.00645833     -0.384915   -0.00509706      0.999987   8.91706e-06      0.521795    0.00645829   2.40017e-05      0.999979     -0.337095
     0.999966    0.00488029   -0.00666565     -0.407942   -0.00488041      0.999988  -3.10383e-06      0.571327    0.00666556   3.56349e-05      0.999978     -0.354206
     0.999971    0.00458231   -0.00601062     -0.367105   -0.00458088      0.999989   0.000250978       0.51373    0.00601171  -0.000223437      0.999982     -0.319073
     0.999967    0.00473961   -0.00657858     -0.390826   -0.00474105      0.999989  -0.000203174      0.547206    0.00657754   0.000234357      0.999978     -0.349141
     0.999964    0.00504104   -0.00687062     -0.398139   -0.00504091      0.999987   3.62339e-05      0.528774    0.00687072  -1.59838e-06      0.999976     -0.269004
     0.999964    0.00501784    -0.0068202     -0.396508   -0.00502058      0.999987  -0.000385377       0.56185    0.00681818   0.000419604      0.999977     -0.339289
     0.999962    0.00532268   -0.00689182     -0.427429   -0.00532136      0.999986   0.000210058      0.555113    0.00689284  -0.000173376      0.999976     -0.291263
     0.999963    0.00511819   -0.00694141      -0.42147   -0.00511758      0.999987   0.000105204      0.552326    0.00694185  -6.96771e-05      0.999976     -0.314722
     0.999963    0.00543873   -0.00673044     -0.426259   -0.00543392      0.999985   0.000733572       0.57436    0.00673433  -0.000696972      0.999977     -0.219113
     0.999961    0.00564521   -0.00680009     -0.443012   -0.00564344      0.999984   0.000279971       0.57717    0.00680156  -0.000241585      0.999977     -0.288327
     0.999964    0.00536816   -0.00652332     -0.428644   -0.00536874      0.999986  -7.21676e-05      0.557356    0.00652284   0.000107187      0.999979     -0.338365
     0.999964    0.00511673   -0.00670703     -0.437338   -0.00511791      0.999987  -0.000160073      0.546838    0.00670612   0.000194393      0.999977     -0.381171
     0.999972    0.00445933   -0.00602802     -0.439989   -0.00445977       0.99999  -5.97856e-05      0.556874    0.00602769   8.66675e-05      0.999982     -0.417847
      0.99997     0.0043938   -0.00636346     -0.437171   -0.00439703       0.99999  -0.000492887      0.523237    0.00636123   0.000520852       0.99998     -0.388119
     0.999968    0.00491468   -0.00636354     -0.426995   -0.00491583      0.999988  -0.000163928      0.556987    0.00636266   0.000195205       0.99998     -0.403287
     0.999968    0.00503967    -0.0062914     -0.440528   -0.00503798      0.999987   0.000284738       0.59458    0.00629276  -0.000253032       0.99998     -0.328444
      0.99997    0.00501742     -0.005943     -0.438857   -0.00501815      0.999987  -0.000107769      0.585543    0.00594238   0.000137588      0.999982     -0.364578
     0.999967    0.00514112   -0.00635795     -0.444781   -0.00514035      0.999987   0.000137955      0.582306    0.00635858  -0.000105269       0.99998     -0.340261
     0.999969    0.00503748   -0.00610026     -0.439961   -0.00503863      0.999987  -0.000174297      0.575637     0.0060993   0.000205029      0.999981     -0.386927
     0.999969    0.00488119   -0.00625074     -0.437644   -0.00488128      0.999988    2.2637e-08      0.588853    0.00625066    3.0489e-05       0.99998     -0.336193
      0.99997    0.00494514   -0.00604446      -0.44406    -0.0049458      0.999988   -9.5048e-05      0.587595    0.00604392    0.00012494      0.999982     -0.396693
     0.999967    0.00487505   -0.00645341     -0.492449   -0.00487386      0.999988    0.00020033      0.590309    0.00645431   -0.00016887      0.999979      -0.42616
      0.99997    0.00472034   -0.00610215     -0.451885   -0.00471967      0.999989   0.000123788      0.565448    0.00610266  -9.49841e-05      0.999981     -0.377636
     0.999973    0.00454951   -0.00573873     -0.442444   -0.00455208       0.99999  -0.000435938      0.569288    0.00573668   0.000462049      0.999983     -0.337828
      0.99997    0.00506871    -0.0058876     -0.446603   -0.00507211      0.999987  -0.000562976      0.575941    0.00588467   0.000592822      0.999983      -0.35925
     0.999966    0.00497518    -0.0065932      -0.46253   -0.00497802      0.999988  -0.000414845      0.566554    0.00659106   0.000447652      0.999978       -0.3266
     0.999968    0.00473216   -0.00652454     -0.454362   -0.00473507      0.999989   -0.00043068      0.572838    0.00652243    0.00046156      0.999979     -0.364412
     0.999967     0.0049271   -0.00648975     -0.455373     -0.004928      0.999988  -0.000124131      0.574374    0.00648906   0.000156108      0.999979     -0.308982
     0.999967    0.00493567   -0.00651896      -0.45523   -0.00493906      0.999988  -0.000504033      0.599095    0.00651639   0.000536214      0.999979     -0.361496
     0.999967    0.00479005   -0.00661605     -0.459353   -0.00479074      0.999989   -8.8124e-05      0.580108    0.00661555   0.000119817      0.999978     -0.304793
      0.99997    0.00478286   -0.00611942     -0.440933    -0.0047856      0.999988  -0.000433643      0.578405    0.00611727   0.000462915      0.999981     -0.327133
     0.999968    0.00489272   -0.00638794     -0.457418   -0.00489489      0.999988  -0.000323341      0.604368    0.00638628   0.000354598       0.99998     -0.314605
     0.999967     0.0050286   -0.00635949      -0.44921   -0.00503049      0.999987  -0.000280533      0.585516      0.006358   0.000312515       0.99998     -0.350065
     0.999967     0.0051487   -0.00634265     -0.456629   -0.00514876      0.999987   7.09383e-06       0.60091     0.0063426   2.55632e-05       0.99998     -0.302102
     0.999967    0.00508647   -0.00627911     -0.455959   -0.00508676      0.999987  -2.99461e-05      0.610717    0.00627888   6.18855e-05       0.99998     -0.357065
     0.999963    0.00540705   -0.00665065     -0.479068   -0.00540428      0.999985   0.000434327      0.600054     0.0066529  -0.000398369      0.999978     -0.325157
     0.999963    0.00542336   -0.00660539      -0.47689   -0.00541855      0.999985   0.000747045      0.632512    0.00660934  -0.000711226      0.999978     -0.367234
     0.999965    0.00508314   -0.00660006     -0.473052   -0.00507968      0.999987   0.000540739       0.64272    0.00660273  -0.000507194      0.999978     -0.333589
     0.999967    0.00505924   -0.00629783     -0.466206   -0.00505903      0.999987   4.83152e-05      0.610469    0.00629799  -1.64527e-05       0.99998     -0.350041
     0.999967    0.00492807   -0.00646823     -0.464182   -0.00492716      0.999988   0.000157751      0.606559    0.00646893  -0.000125876      0.999979      -0.31746
     0.999966    0.00509097   -0.00646525     -0.457716   -0.00508855      0.999987   0.000391553      0.624327    0.00646716  -0.000358641      0.999979     -0.318335
     0.999965    0.00510767   -0.00656921      -0.47157   -0.00510204      0.999987   0.000873758      0.634646    0.00657358  -0.000840212      0.999978     -0.310376
     0.999962    0.00558228   -0.00675234      -0.49761   -0.00557636      0.999984   0.000894498      0.664158    0.00675722   -0.00085681      0.999977     -0.347463
     0.999956    0.00593451   -0.00732397     -0.542765   -0.00592837      0.999982   0.000859761      0.644075    0.00732894  -0.000816304      0.999973      -0.30922
     0.999959    0.00568364   -0.00698791     -0.504595   -0.00567988      0.999984    0.00055795      0.652436    0.00699096  -0.000518237      0.999975     -0.356628
     0.999964    0.00550137   -0.00652385     -0.485805    -0.0054973      0.999985   0.000641128      0.628132    0.00652727  -0.000605241      0.999979     -0.309135
     0.999964    0.00543385   -0.00645481     -0.469102   -0.00543161      0.999985   0.000364973      0.634501     0.0064567    -0.0003299      0.999979     -0.340111
     0.999963    0.00527208   -0.00681609     -0.461618   -0.00526775      0.999986   0.000651979      0.623261    0.00681943  -0.000616049      0.999977     -0.343836
     0.999963    0.00535337   -0.00667289     -0.461945   -0.00535014      0.999986   0.000501817      0.634102    0.00667548  -0.000466098      0.999978     -0.365036
     0.999962      0.005538    -0.0066837     -0.484005   -0.00553419      0.999985   0.000587958      0.636301    0.00668685  -0.000550947      0.999977     -0.307713
     0.999966    0.00524764   -0.00640291     -0.478861   -0.00524366      0.999986   0.000637596      0.641742    0.00640616  -0.000603999      0.999979     -0.340641
     0.999966    0.00503927   -0.00647232     -0.482556   -0.00503613      0.999987   0.000502265      0.650211    0.00647477  -0.000469653      0.999979     -0.283382
     0.999964    0.00533874   -0.00654973     -0.486586   -0.00533545      0.999986   0.000520042      0.654526    0.00655241  -0.000485078      0.999978     -0.313339
     0.999964    0.00529647   -0.00669605     -0.490717   -0.00528959      0.999985    0.00104493      0.664374    0.00670149   -0.00100948      0.999977     -0.279181
     0.999964    0.00520777   -0.00666657     -0.480721    -0.0052037      0.999986   0.000627149      0.629599    0.00666975  -0.000592435      0.999978     -0.337035
     0.999961    0.00524947   -0.00710066     -0.500883   -0.00524449      0.999986    0.00072041      0.633866    0.00710434  -0.000683143      0.999975     -0.326303
     0.999962    0.00536231   -0.00683046     -0.484626   -0.00535864      0.999985    0.00055553      0.612867    0.00683334  -0.000518907      0.999977     -0.338794
     0.999962    0.00530853   -0.00698493      -0.49219   -0.00530481      0.999986   0.000551712      0.628008    0.00698776  -0.000514637      0.999975      -0.33127
     0.999966    0.00528076   -0.00635503     -0.480763   -0.00527821      0.999986   0.000417664      0.613423    0.00635714  -0.000384107       0.99998     -0.319114
     0.999964    0.00518031   -0.00667623     -0.500191   -0.00517584      0.999986   0.000687718      0.624207     0.0066797  -0.000653138      0.999977     -0.327236
     0.999965    0.00526841   -0.00651782     -0.493295   -0.00526299      0.999986   0.000847974      0.628407    0.00652219  -0.000813641      0.999978     -0.348986
     0.999961    0.00550648   -0.00686321     -0.517862   -0.00549964      0.999984    0.00101506      0.635163    0.00686869  -0.000977276      0.999976     -0.336686
     0.999957    0.00609694   -0.00700023     -0.547008   -0.00609248      0.999981   0.000658411      0.631197    0.00700411  -0.000615734      0.999975      -0.30849
     0.999957    0.00587632   -0.00719184     -0.545304   -0.00587056      0.999982   0.000822344      0.686515    0.00719655  -0.000780088      0.999974     -0.316983
     0.999961     0.0055788   -0.00688175     -0.531923   -0.00557205      0.999984    0.00100023      0.644731    0.00688722  -0.000961848      0.999976     -0.279794
     0.999959    0.00539148   -0.00722682     -0.543065   -0.00538508      0.999985   0.000905204       0.69401     0.0072316   -0.00086625      0.999973     -0.282704
      0.99996     0.0057784   -0.00684257     -0.523746   -0.00577105      0.999983    0.00109288      0.658514    0.00684877   -0.00105335      0.999976     -0.230996
     0.999957    0.00580484   -0.00719161     -0.517017   -0.00579709      0.999983    0.00109792      0.687438    0.00719786   -0.00105618      0.999974     -0.315083
     0.999961    0.00585944   -0.00659488     -0.517328   -0.00585293      0.999982    0.00100566      0.652618    0.00660066  -0.000967022      0.999978     -0.213466
      0.99996    0.00579521   -0.00679358     -0.517904   -0.00578816      0.999983    0.00105672      0.705927    0.00679958   -0.00101736      0.999976     -0.302921
      0.99996    0.00587828    -0.0067362     -0.513648   -0.00586977      0.999982    0.00128297      0.687635    0.00674362   -0.00124338      0.999976     -0.267251
      0.99996    0.00585468   -0.00670252     -0.503941   -0.00584911      0.999983   0.000850367      0.683471    0.00670738  -0.000811129      0.999977     -0.342169
      0.99996    0.00589375   -0.00677499     -0.510987   -0.00588415      0.999982    0.00143733      0.667849    0.00678333   -0.00139741      0.999976     -0.268807
     0.999962    0.00572432   -0.00654267     -0.503632   -0.00571438      0.999982    0.00153717      0.694484    0.00655136   -0.00149973      0.999977     -0.325242
     0.999958    0.00595375   -0.00695488     -0.521194   -0.00594401      0.999981    0.00142017       0.69914    0.00696321   -0.00137877      0.999975     -0.294312
     0.999959    0.00586093   -0.00691881     -0.517098    -0.0058519      0.999982    0.00132516      0.691885    0.00692645   -0.00128462      0.999975       -0.3334
     0.999957      0.005958   -0.00711675     -0.522585   -0.00594747      0.999981     0.0014998      0.694193    0.00712555   -0.00145741      0.999974      -0.29517
     0.999957    0.00595641   -0.00708277     -0.515995   -0.00594757      0.999982    0.00126796      0.695035    0.00709019   -0.00122578      0.999974     -0.327434
      0.99996    0.00559578   -0.00700053     -0.502639   -0.00558442      0.999983    0.00164196      0.694515     0.0070096    -0.0016028      0.999974     -0.277083
     0.999961    0.00513462   -0.00715866      -0.46865   -0.00512403      0.999986    0.00149774        0.6956    0.00716625     -0.001461      0.999973     -0.341736
     0.999959     0.0051618   -0.00739625     -0.474075   -0.00515182      0.999986    0.00136842      0.661935     0.0074032   -0.00133026      0.999972     -0.342654
     0.999959    0.00540777   -0.00730453     -0.467456   -0.00539932      0.999985    0.00117667      0.649934    0.00731078   -0.00113718      0.999973     -0.376976
     0.999958    0.00545402   -0.00730684     -0.472759   -0.00544375      0.999984    0.00142421      0.643352    0.00731449   -0.00138437      0.999972     -0.311642
      0.99996    0.00534852   -0.00710865     -0.468178   -0.00533928      0.999985    0.00131832      0.679335     0.0071156   -0.00128031      0.999974     -0.337684
     0.999959    0.00546487   -0.00727192     -0.474936    -0.0054535      0.999984    0.00158197      0.684334    0.00728044   -0.00154225      0.999972     -0.300913
      0.99996    0.00529124   -0.00720815     -0.470053   -0.00528122      0.999985    0.00140893      0.682894     0.0072155   -0.00137081      0.999973     -0.349956
      0.99996     0.0053684   -0.00714608     -0.475674   -0.00536176      0.999985   0.000948497      0.649201    0.00715107  -0.000910143      0.999974     -0.286978
     0.999961    0.00530867   -0.00711916      -0.46833   -0.00530286      0.999986   0.000834765      0.662398    0.00712349   -0.00079698      0.999974     -0.321698
      0.99996    0.00534984    -0.0071407     -0.469132   -0.00534185      0.999985    0.00113722      0.657569    0.00714668   -0.00109903      0.999974     -0.277231
     0.999961    0.00528745   -0.00707535     -0.465865   -0.00528137      0.999986   0.000879045      0.668086    0.00707989  -0.000841644      0.999975     -0.339593
     0.999961    0.00544165   -0.00698287     -0.466812    -0.0054346      0.999985    0.00102749      0.660662    0.00698836  -0.000989503      0.999975     -0.298169
     0.999959    0.00534308   -0.00729497     -0.481567   -0.00533521      0.999985    0.00109781      0.667116    0.00730073   -0.00105885      0.999973     -0.307644
     0.999957    0.00571248   -0.00723813     -0.492997   -0.00570444      0.999983    0.00113205      0.659407    0.00724447   -0.00109071      0.999973     -0.303675
     0.999952    0.00615006   -0.00766786     -0.544376   -0.00614092       0.99998    0.00121491      0.677595    0.00767518   -0.00116776       0.99997     -0.293039
     0.999954    0.00579817   -0.00760534     -0.521467   -0.00579031      0.999983    0.00105399      0.640458    0.00761132   -0.00100991      0.999971     -0.303901
     0.999952    0.00502549   -0.00840757     -0.498425   -0.00506586      0.999976    -0.0047883      0.318862     0.0083833    0.00483066      0.999953     -0.549397
     0.999967    0.00533329   -0.00610941     -0.413483   -0.00536688       0.99997   -0.00549551      0.305957    0.00607992    0.00552812      0.999966     -0.585523
     0.999975    0.00519296   -0.00485607     -0.388631   -0.00520854      0.999981   -0.00320168      0.510337    0.00483935    0.00322689      0.999983     -0.510818
     0.999967    0.00587799   -0.00553124     -0.438701   -0.00589602      0.999977   -0.00324999      0.444941    0.00551201     0.0032825      0.999979     -0.400629
     0.999967    0.00586301   -0.00553905     -0.435097   -0.00588017      0.999978   -0.00308572      0.492942    0.00552084    0.00311819       0.99998     -0.436448
     0.999966    0.00587879   -0.00576271     -0.454638   -0.00589493      0.999979   -0.00278769      0.484617     0.0057462    0.00282157       0.99998     -0.427992
     0.999967    0.00571562   -0.00573927     -0.453761    -0.0057331      0.999979   -0.00303446      0.504811     0.0057218    0.00306726      0.999979     -0.460597
      0.99997    0.00553549   -0.00534231     -0.426599   -0.00554666      0.999982   -0.00207679      0.511241    0.00533072    0.00210636      0.999984     -0.453443
     0.999972    0.00542004   -0.00506829     -0.397571   -0.00543312      0.999982   -0.00257036      0.507664    0.00505426    0.00259782      0.999984     -0.491078
      0.99997     0.0056118   -0.00539585      -0.42337   -0.00562407      0.999982   -0.00226108      0.557015    0.00538306    0.00229136      0.999983     -0.440661
     0.999969    0.00588374   -0.00519867     -0.433642   -0.00589498       0.99998   -0.00214922      0.507402    0.00518593     0.0021798      0.999984     -0.444165
     0.999968    0.00578046   -0.00557031     -0.441233   -0.00579457       0.99998   -0.00251908       0.55347    0.00555564    0.00255128      0.999981      -0.44893
      0.99997    0.00585568   -0.00510958     -0.446058   -0.00586807       0.99998   -0.00241245      0.499119    0.00509535    0.00244236      0.999984     -0.431884
     0.999966    0.00573293     -0.006003     -0.495736   -0.00575022      0.999979   -0.00286809      0.516852    0.00598643    0.00290251      0.999978     -0.534595
     0.999964    0.00589464   -0.00604419     -0.483194   -0.00590789       0.99998   -0.00217693      0.508844    0.00603124    0.00221256      0.999979     -0.488812
     0.999965    0.00586396    -0.0059112     -0.476268    -0.0058774       0.99998   -0.00225869      0.527513    0.00589784    0.00229336       0.99998     -0.533852
     0.999966    0.00588044   -0.00576064     -0.473254   -0.00589352       0.99998   -0.00225577      0.482134    0.00574726    0.00228964      0.999981     -0.458147
     0.999967    0.00582923   -0.00562898     -0.452991   -0.00584403       0.99998   -0.00261511      0.506121    0.00561362    0.00264792      0.999981     -0.477102
     0.999966    0.00585626   -0.00581021     -0.464255   -0.00586835      0.999981   -0.00206597      0.522368      0.005798    0.00209999      0.999981     -0.452631
     0.999968    0.00564514   -0.00568632     -0.455923   -0.00565765      0.999982   -0.00218596      0.516151    0.00567388    0.00221807      0.999981     -0.478989
     0.999968    0.00549291   -0.00580845     -0.463813   -0.00550516      0.999983   -0.00209559       0.53186    0.00579684     0.0021275      0.999981     -0.408429
     0.999968    0.00575669    -0.0055773     -0.450964   -0.00576769      0.999981   -0.00195746      0.562095    0.00556593    0.00198957      0.999983     -0.435274
     0.999967    0.00582062   -0.00561515     -0.447609   -0.00583083      0.999981   -0.00180378       0.54261    0.00560455    0.00183646      0.999983     -0.404195
     0.999969    0.00570384   -0.00551466     -0.444665   -0.00571506      0.999982   -0.00202101      0.538737    0.00550303    0.00205246      0.999983     -0.480721
     0.999965    0.00576988   -0.00604474     -0.480103   -0.00578158      0.999981   -0.00192126      0.555196    0.00603354    0.00195615       0.99998     -0.440938
     0.999974    0.00523774   -0.00486615     -0.446647   -0.00524864      0.999984   -0.00223161      0.501081    0.00485438    0.00225709      0.999986     -0.420692
     0.999975     0.0050723   -0.00485626     -0.466262   -0.00508586      0.999983   -0.00278376      0.585559    0.00484206    0.00280839      0.999984     -0.388578
     0.999975    0.00500773   -0.00503773     -0.460543   -0.00502158      0.999984   -0.00274051      0.565786    0.00502392    0.00276574      0.999984     -0.416083
     0.999967    0.00514009   -0.00627198     -0.487933   -0.00515325      0.999985   -0.00208288       0.57241    0.00626118    0.00211513      0.999978     -0.444362
     0.999969    0.00469918   -0.00638488     -0.468907   -0.00470816      0.999988   -0.00139288      0.615768    0.00637825     0.0014229      0.999979     -0.485327
     0.999965    0.00517054   -0.00658163     -0.421241   -0.00518123      0.999985   -0.00160885      0.595805    0.00657322    0.00164289      0.999977     -0.292435
      0.99997    0.00504782   -0.00586206     -0.379458   -0.00505716      0.999986   -0.00157888      0.630263    0.00585401    0.00160848      0.999982     -0.303519
     0.999963    0.00496351   -0.00703249     -0.432313   -0.00498498      0.999983   -0.00303888      0.701985    0.00701728    0.00307383      0.999971     -0.422496
