# 3dvolreg matrices (DICOM-to-DICOM, row-by-row):
     0.999999   0.000380144   -0.00115752    -0.0341041  -0.000380893             1  -0.000646714    -0.0106943    0.00115728   0.000647155      0.999999     0.0351015
            1  -0.000128346   0.000360488     0.0360189   0.000128447             1  -0.000280146     -0.060775  -0.000360452   0.000280192             1     0.0232148
            1   6.25055e-11   7.08881e-12  -3.69297e-09  -6.25055e-11             1  -3.71017e-11   3.31944e-09  -7.08881e-12   3.71017e-11             1   1.24144e-08
            1   0.000276099  -0.000171171     -0.032352  -0.000276012             1   0.000509167    0.00124398   0.000171312   -0.00050912             1    -0.0303341
     0.999999   0.000375442  -0.000943885    -0.0920206  -0.000375348             1   9.91944e-05   -0.00355354   0.000943922    -9.884e-05             1     0.0184764
            1   0.000282422   -0.00071014    -0.0898721  -0.000282557             1  -0.000189626    0.00222561   0.000710087   0.000189827             1     0.0349971
            1  -0.000435953  -0.000656888    -0.0609873   0.000435563             1  -0.000594912    -0.0185142   0.000657147   0.000594625             1     0.0304937
     0.999999  -0.000478086   -0.00125878    -0.0676135   0.000477369             1   -0.00057022    -0.0328246    0.00125905   0.000569619      0.999999    -0.0220266
     0.999997   0.000469624   -0.00240854      -0.11187    -0.0004713             1  -0.000695325     -0.061848    0.00240821   0.000696458      0.999997   -0.00297851
     0.999996  -5.68037e-05   -0.00270483    -0.0752035   5.33015e-05      0.999999   -0.00129485     -0.110099     0.0027049     0.0012947      0.999996    -0.0830865
     0.999996   1.43673e-06   -0.00282965     -0.102256  -5.21579e-06      0.999999   -0.00133551     -0.089352    0.00282965    0.00133552      0.999995    -0.0371002
     0.999996   0.000242502   -0.00265052     -0.134307   -0.00024584      0.999999   -0.00125931     -0.104833    0.00265021    0.00125996      0.999996    -0.0425732
     0.999996   0.000600292   -0.00273039     -0.154045   -0.00060309      0.999999   -0.00102405    -0.0474488    0.00272977     0.0010257      0.999996     0.0143195
     0.999997    0.00109163   -0.00235315     -0.163113   -0.00109235      0.999999  -0.000305147    -0.0411361    0.00235282   0.000307717      0.999997    -0.0543105
     0.999997   0.000713975   -0.00223976     -0.164082  -0.000714228             1  -0.000112353   -0.00772712    0.00223968   0.000113952      0.999997    -0.0317576
     0.999996   0.000961839   -0.00262162     -0.151453   -0.00096214             1  -0.000113373     0.0193115    0.00262151   0.000115895      0.999997    0.00453131
     0.999995    0.00164156   -0.00288085     -0.159515   -0.00163869      0.999998   0.000999404     0.0171209    0.00288248  -0.000994678      0.999995      0.115312
     0.999995    0.00180187   -0.00261576     -0.157018   -0.00180023      0.999998   0.000625976     0.0328898    0.00261688  -0.000621264      0.999996     0.0714927
     0.999994     0.0020838   -0.00269138     -0.168444   -0.00208312      0.999998   0.000256495      0.034828     0.0026919  -0.000250887      0.999996      0.138378
     0.999994    0.00201998   -0.00271576      -0.17487   -0.00202047      0.999998  -0.000177888      0.046945    0.00271539   0.000183374      0.999996     0.0525892
     0.999994    0.00202735   -0.00285468     -0.165596   -0.00202648      0.999998   0.000307446     0.0556318     0.0028553  -0.000301659      0.999996     0.0315262
     0.999995    0.00197588   -0.00260922     -0.136144   -0.00197605      0.999998  -6.23314e-05     0.0211787     0.0026091   6.74871e-05      0.999997    -0.0496139
     0.999994    0.00207001   -0.00284015     -0.161052   -0.00206927      0.999998    0.00026293     0.0376834    0.00284068  -0.000257051      0.999996    -0.0290805
     0.999995    0.00209982   -0.00233157     -0.137187   -0.00209995      0.999998  -5.20551e-05    -0.0231481    0.00233146    5.6951e-05      0.999997    -0.0900424
     0.999994    0.00196724   -0.00270513     -0.124164   -0.00196923      0.999998  -0.000736063     0.0537714    0.00270367   0.000741386      0.999996    -0.0293271
     0.999993    0.00239736   -0.00291711     -0.169397   -0.00239646      0.999997   0.000313591    0.00390161    0.00291785  -0.000306598      0.999996    -0.0154485
     0.999991    0.00285115   -0.00308578     -0.216396   -0.00285136      0.999996  -6.50265e-05     0.0190475    0.00308559   7.38246e-05      0.999995     -0.056237
     0.999992    0.00226825   -0.00314477     -0.196241   -0.00227018      0.999997  -0.000609263     0.0539545    0.00314338   0.000616398      0.999995    0.00337595
     0.999993    0.00236006   -0.00290818      -0.18022   -0.00236098      0.999997  -0.000312212   -0.00560268    0.00290744   0.000319076      0.999996    -0.0376024
     0.999992    0.00230683   -0.00323649     -0.182443   -0.00230825      0.999997  -0.000434282     0.0306875    0.00323548   0.000441749      0.999995    -0.0279142
     0.999992    0.00244332   -0.00310396     -0.171474   -0.00244265      0.999997   0.000220122    0.00921151    0.00310449  -0.000212538      0.999995    -0.0306942
     0.999991     0.0025208   -0.00350603     -0.187655    -0.0025213      0.999997  -0.000137821     0.0351817    0.00350567   0.000146659      0.999994    -0.0335443
     0.999992    0.00229026   -0.00323544     -0.183911   -0.00228929      0.999997   0.000301257     0.0341413    0.00323612  -0.000293847      0.999995    -0.0404484
     0.999991    0.00224108   -0.00354965     -0.183609   -0.00224075      0.999997   9.69771e-05     0.0352709    0.00354986  -8.90224e-05      0.999994    0.00887236
     0.999988    0.00266357     -0.004169     -0.184801   -0.00266393      0.999996  -7.90917e-05     0.0182627    0.00416878   9.01966e-05      0.999991    -0.0791736
     0.999987    0.00254106   -0.00439863     -0.205913   -0.00254759      0.999996   -0.00147752   -0.00294162    0.00439485     0.0014887      0.999989    -0.0404478
      0.99999     0.0025725   -0.00364364     -0.168421   -0.00257584      0.999996  -0.000912729    -0.0100682    0.00364128   0.000922105      0.999993    -0.0650583
     0.999988    0.00258151   -0.00419338     -0.180872   -0.00258559      0.999996  -0.000968845   -0.00303278    0.00419086   0.000979676      0.999991    -0.0308462
     0.999988    0.00246513   -0.00411847     -0.181826   -0.00246723      0.999997  -0.000506203    -0.0222977    0.00411721   0.000516358      0.999991    -0.0475338
     0.999988    0.00227693   -0.00427328     -0.178624   -0.00227942      0.999997  -0.000579543     0.0344597    0.00427195   0.000589277      0.999991    -0.0373147
     0.999989    0.00259956   -0.00396804     -0.159532   -0.00260143      0.999997  -0.000467338   -0.00889834    0.00396681   0.000477655      0.999992    -0.0709111
     0.999987    0.00277476   -0.00429705     -0.152574   -0.00277828      0.999996  -0.000813719     0.0121296    0.00429477   0.000825647       0.99999    -0.0548844
     0.999989    0.00270332   -0.00371623      -0.15502   -0.00270583      0.999996  -0.000669714    -0.0301112     0.0037144   0.000679762      0.999993    -0.0613791
     0.999988    0.00266488   -0.00406262     -0.171831    -0.0026694      0.999996    -0.0011088    -0.0106345    0.00405965    0.00111963      0.999991    -0.0615032
      0.99999    0.00230525   -0.00374511     -0.148735   -0.00230779      0.999997  -0.000676124    -0.0128863    0.00374354    0.00068476      0.999993    -0.0758861
      0.99999    0.00224122   -0.00385506     -0.159053   -0.00224393      0.999997  -0.000698691     0.0129306    0.00385348   0.000707335      0.999992    -0.0364879
      0.99999    0.00266442   -0.00362264     -0.166099    -0.0026666      0.999996  -0.000597676    0.00900896    0.00362104    0.00060733      0.999993    -0.0399762
     0.999988    0.00276441    -0.0039413     -0.178177   -0.00276782      0.999996  -0.000860268     0.0176969    0.00393891   0.000871167      0.999992   -0.00705974
     0.999989    0.00269782   -0.00383703     -0.168959   -0.00269915      0.999996  -0.000340961    0.00776076    0.00383609   0.000351314      0.999993    -0.0262926
     0.999989    0.00252214   -0.00393354     -0.173111   -0.00252407      0.999997  -0.000484131     0.0129933    0.00393231   0.000494055      0.999992    -0.0174405
      0.99999    0.00259152   -0.00361015     -0.155882   -0.00259309      0.999997   -0.00042873    -0.0143528    0.00360903   0.000438087      0.999993    -0.0790881
     0.999989    0.00238725   -0.00394345     -0.156906   -0.00238886      0.999997  -0.000403328     0.0132624    0.00394248   0.000412744      0.999992     -0.105743
      0.99999    0.00259082   -0.00366594     -0.149968   -0.00259203      0.999997   -0.00032717    -0.0108677    0.00366508   0.000336669      0.999993    -0.0988818
     0.999989    0.00264787   -0.00392552     -0.167142   -0.00265089      0.999996  -0.000765321     0.0239102    0.00392348   0.000775718      0.999992    -0.0815972
      0.99999    0.00255747   -0.00361692     -0.152076   -0.00255829      0.999997  -0.000223086    0.00659372    0.00361634   0.000232337      0.999993    -0.0827501
     0.999989    0.00234516   -0.00396744     -0.165181    -0.0023464      0.999997   -0.00030705     0.0395532    0.00396671   0.000316356      0.999992    -0.0665345
     0.999989    0.00270801   -0.00391928     -0.168802    -0.0027084      0.999996  -9.52386e-05      0.012514    0.00391901   0.000105853      0.999992    -0.0670133
     0.999988    0.00267185   -0.00420945     -0.174518   -0.00267356      0.999996  -0.000400003     0.0336524    0.00420837   0.000411252      0.999991     -0.057481
     0.999989    0.00278203   -0.00389561     -0.171242   -0.00278308      0.999996  -0.000264135     0.0134847    0.00389486   0.000274974      0.999992    -0.0632181
     0.999986    0.00287202   -0.00441738      -0.18792   -0.00287529      0.999996  -0.000732296     0.0296778    0.00441526   0.000744987       0.99999    -0.0904821
     0.999987    0.00299693   -0.00413847     -0.176821   -0.00299851      0.999995  -0.000376149   0.000985518    0.00413733   0.000388553      0.999991      -0.07181
     0.999986    0.00281896   -0.00449429     -0.186957   -0.00282145      0.999996  -0.000547229     0.0322654    0.00449272   0.000559902       0.99999    -0.0796231
     0.999986    0.00315888   -0.00432718      -0.20086   -0.00315859      0.999995   7.28964e-05    0.00586344    0.00432739  -5.92276e-05      0.999991    -0.0649522
     0.999985    0.00259941    -0.0048199     -0.220095   -0.00260118      0.999997   -0.00035992     0.0473867    0.00481894   0.000372452      0.999988    -0.0846197
     0.999986    0.00233297    -0.0047124     -0.203779   -0.00233453      0.999997  -0.000327081   -0.00777648    0.00471163   0.000338078      0.999989    -0.0944331
     0.999985    0.00236828   -0.00485685     -0.198548   -0.00237149      0.999997  -0.000654158    -0.0095368    0.00485529   0.000665666      0.999988    -0.0958518
     0.999985    0.00258081   -0.00486739     -0.209253   -0.00258187      0.999997  -0.000211306   -0.00580509    0.00486682    0.00022387      0.999988    -0.0626485
     0.999984    0.00271764   -0.00504167     -0.195186   -0.00272151      0.999996  -0.000761283     0.0165613    0.00503959   0.000774991      0.999987    -0.0763298
     0.999985    0.00269131   -0.00470745     -0.200271   -0.00269376      0.999996  -0.000514955    -0.0223276    0.00470605   0.000527628      0.999989     -0.063511
     0.999986    0.00249353   -0.00474591     -0.209506   -0.00249684      0.999997  -0.000691846     0.0206857    0.00474417   0.000703686      0.999988    -0.0988109
     0.999986    0.00255266   -0.00472332      -0.20498   -0.00255419      0.999997  -0.000317805    0.00896664    0.00472249   0.000329864      0.999989    -0.0502515
     0.999985     0.0025602   -0.00481098     -0.199009   -0.00256382      0.999996  -0.000745087     0.0378518    0.00480906    0.00075741      0.999988     -0.120371
     0.999984     0.0026881   -0.00492567     -0.218218   -0.00268997      0.999996  -0.000371823     0.0152881    0.00492465   0.000385067      0.999988     -0.074678
     0.999984    0.00256855   -0.00494594     -0.225309   -0.00257169      0.999996  -0.000628756     0.0228537    0.00494431   0.000641466      0.999988     -0.120672
     0.999985     0.0026228   -0.00484846     -0.224241   -0.00262481      0.999996  -0.000409432     0.0226084    0.00484737   0.000422152      0.999988    -0.0792684
     0.999984    0.00265895   -0.00507847     -0.234842   -0.00266147      0.999996  -0.000489752     0.0325909    0.00507715    0.00050326      0.999987    -0.0996387
     0.999984    0.00299633    -0.0048643     -0.234801   -0.00299657      0.999996  -4.14039e-05     0.0177325    0.00486415   5.59795e-05      0.999988    -0.0566999
     0.999985    0.00263203   -0.00485951     -0.230328   -0.00263495      0.999996  -0.000595203     0.0385997    0.00485792   0.000607999      0.999988    -0.0790288
     0.999985    0.00256481   -0.00491564     -0.222054   -0.00256626      0.999997  -0.000289592     0.0173306    0.00491488   0.000302202      0.999988    -0.0488818
     0.999987    0.00146373   -0.00482748     -0.215736   -0.00147933      0.999994   -0.00322969     0.0342959    0.00482273    0.00323679      0.999983     -0.439393
     0.999979    0.00251201   -0.00596872     -0.230767   -0.00251567      0.999997  -0.000605283      0.196753    0.00596718   0.000620286      0.999982     -0.138784
     0.999981    0.00289592   -0.00543515     -0.213395    -0.0028965      0.999996  -9.88619e-05      0.135701    0.00543485   0.000114603      0.999985     -0.157011
      0.99998     0.0031882   -0.00539563     -0.216085    -0.0031913      0.999995  -0.000566233      0.129547    0.00539379   0.000583441      0.999985      -0.24259
     0.999982    0.00322024   -0.00503787     -0.227497   -0.00322269      0.999995  -0.000476924     0.0778614    0.00503631   0.000493151      0.999987     -0.266385
     0.999981     0.0028721   -0.00540795     -0.230266   -0.00287896      0.999995   -0.00126223     0.0711363     0.0054043    0.00127777      0.999985     -0.254739
     0.999984    0.00288688   -0.00486162     -0.218658   -0.00289209      0.999995   -0.00106501     0.0081204    0.00485852    0.00107905      0.999988     -0.266987
     0.999984    0.00275977   -0.00495671     -0.216353   -0.00276894      0.999994   -0.00184461     0.0450428    0.00495159    0.00185831      0.999986     -0.290518
     0.999986     0.0026903   -0.00451851      -0.18615   -0.00269607      0.999996   -0.00127166     0.0035741    0.00451507    0.00128382      0.999989     -0.256933
     0.999988    0.00242339   -0.00434337     -0.140477    -0.0024295      0.999996   -0.00140346     0.0213515    0.00433995      0.001414       0.99999     -0.341121
     0.999985    0.00254491   -0.00485241      -0.18664   -0.00254997      0.999996   -0.00103751     0.0429578    0.00484975    0.00104986      0.999988     -0.293388
     0.999984    0.00258173   -0.00501921     -0.227579   -0.00259184      0.999995    -0.0020081    -0.0292071      0.005014    0.00202107      0.999985     -0.342987
     0.999984    0.00277436   -0.00488473     -0.228617   -0.00278116      0.999995   -0.00138474      0.020236    0.00488087    0.00139831      0.999987     -0.304438
     0.999986    0.00282294   -0.00444844     -0.207516   -0.00282918      0.999995   -0.00139818     0.0136572    0.00444447    0.00141074      0.999989     -0.360326
     0.999983    0.00295797   -0.00503708     -0.229297   -0.00296377      0.999995   -0.00114475     0.0598923    0.00503367    0.00115966      0.999987     -0.302071
     0.999982    0.00337588    -0.0049879     -0.250525   -0.00338027      0.999994  -0.000872837     0.0548689    0.00498493   0.000889682      0.999987     -0.305049
     0.999979    0.00359309    -0.0054137     -0.296004     -0.003596      0.999993   -0.00052735     0.0949873    0.00541177   0.000546806      0.999985     -0.272615
      0.99998    0.00364197   -0.00526046     -0.285133   -0.00364515      0.999993  -0.000595149     0.0599798    0.00525826   0.000614312      0.999986     -0.309378
      0.99998    0.00330501   -0.00547851      -0.29737   -0.00331074      0.999994   -0.00103678     0.0775058    0.00547505     0.0010549      0.999984     -0.310796
     0.999981    0.00328073   -0.00530081     -0.293139   -0.00328561      0.999994  -0.000912502     0.0325207    0.00529779     0.0009299      0.999986     -0.313451
     0.999977    0.00334468   -0.00586768     -0.303545   -0.00335219      0.999994   -0.00127006     0.0839262    0.00586339     0.0012897      0.999982     -0.327114
     0.999978    0.00364882   -0.00556977     -0.302836     -0.003652      0.999993  -0.000561658      0.062559    0.00556768   0.000581987      0.999984     -0.287315
     0.999978     0.0036261   -0.00558495     -0.316846   -0.00363239      0.999993    -0.0011165     0.0755989    0.00558086    0.00113676      0.999984      -0.33367
     0.999977    0.00372948   -0.00557698     -0.338039   -0.00373345      0.999993  -0.000702116     0.0476705    0.00557432   0.000722921      0.999984     -0.282419
     0.999978    0.00356886   -0.00554399     -0.337888   -0.00357324      0.999993  -0.000780302     0.0764457    0.00554117   0.000800095      0.999984     -0.344897
     0.999976    0.00366954   -0.00581434     -0.343068   -0.00367358      0.999993  -0.000683199     0.0992396    0.00581179   0.000704542      0.999983     -0.284607
     0.999976    0.00364144   -0.00583262     -0.339244   -0.00364728      0.999993  -0.000990901     0.0654122    0.00582897    0.00101215      0.999982     -0.324657
     0.999975    0.00366376   -0.00606162     -0.337301   -0.00366956      0.999993  -0.000945216     0.0713452    0.00605812   0.000967436      0.999981     -0.279719
     0.999976    0.00366946   -0.00581387     -0.329466   -0.00367493      0.999993  -0.000930959     0.0413114    0.00581041   0.000952303      0.999983     -0.343024
     0.999975    0.00344088   -0.00622936     -0.348355   -0.00344929      0.999993   -0.00133908     0.0670214    0.00622471    0.00136054       0.99998     -0.346652
     0.999976     0.0035603   -0.00590074     -0.329839   -0.00356441      0.999993  -0.000684667     0.0499405    0.00589826   0.000705683      0.999982     -0.319133
     0.999974    0.00358578    -0.0062195      -0.32383   -0.00358976      0.999993  -0.000627384      0.108412    0.00621721   0.000649694       0.99998     -0.364917
     0.999972    0.00398313   -0.00627057     -0.328292   -0.00398693      0.999992  -0.000594504     0.0430534    0.00626816   0.000619487       0.99998     -0.340373
     0.999975    0.00356674   -0.00612207     -0.319422   -0.00357496      0.999993   -0.00133257     0.0412455    0.00611727    0.00135442       0.99998     -0.400866
     0.999974    0.00334554   -0.00633318     -0.320177   -0.00335451      0.999993    -0.0014063     0.0538667    0.00632843    0.00142751      0.999979     -0.349491
     0.999974    0.00348758   -0.00628228     -0.332626    -0.0034966      0.999993   -0.00142418     0.0242903    0.00627727    0.00144611      0.999979     -0.370288
     0.999973    0.00355598   -0.00646648     -0.336521    -0.0035666      0.999992   -0.00163011     0.0412666    0.00646063    0.00165313      0.999978     -0.335152
     0.999973     0.0037391   -0.00633672     -0.342186   -0.00374789      0.999992   -0.00137631     0.0514683    0.00633152    0.00140003      0.999979     -0.355574
     0.999971    0.00374216   -0.00664901     -0.363134   -0.00375117      0.999992   -0.00134281     0.0895643    0.00664393    0.00136771      0.999977     -0.333163
     0.999973    0.00348062   -0.00644378     -0.345597   -0.00348825      0.999993   -0.00117298     0.0480225    0.00643965    0.00119543      0.999979     -0.335318
     0.999971    0.00373115   -0.00668927     -0.345576   -0.00374056      0.999992   -0.00139377     0.0722034    0.00668402    0.00141875      0.999977      -0.33285
     0.999973    0.00380988   -0.00635932     -0.330949   -0.00381696      0.999992    -0.0011006     0.0385746    0.00635508    0.00112485      0.999979     -0.344059
     0.999971    0.00367305   -0.00659991     -0.336551   -0.00368359      0.999992   -0.00158541     0.0650768    0.00659404    0.00160967      0.999977      -0.36441
     0.999971    0.00400943   -0.00642196      -0.34771   -0.00401726      0.999991   -0.00120596     0.0368977    0.00641707    0.00123172      0.999979     -0.332521
      0.99997    0.00395505   -0.00672119     -0.375586    -0.0039634      0.999991   -0.00123033     0.0721964    0.00671627    0.00125693      0.999977     -0.353094
     0.999969    0.00434312   -0.00661999     -0.395146     -0.004349       0.99999  -0.000874771     0.0584949    0.00661613   0.000903534      0.999978     -0.334755
     0.999969    0.00394066    -0.0067682     -0.396605   -0.00395003      0.999991   -0.00137053     0.0810389    0.00676274    0.00139722      0.999976     -0.359493
     0.999973    0.00384216   -0.00631358     -0.350091   -0.00385134      0.999992   -0.00144367     0.0290709    0.00630798    0.00146795      0.999979     -0.347721
     0.999973    0.00374061   -0.00634579     -0.344874   -0.00375227      0.999991   -0.00182654     0.0213358     0.0063389     0.0018503      0.999978     -0.390043
     0.999973    0.00362149   -0.00639847     -0.337347   -0.00363138      0.999992   -0.00153531    -0.0110673    0.00639286     0.0015585      0.999978     -0.389498
     0.999972    0.00345104   -0.00671396     -0.335705    -0.0034639      0.999992   -0.00190439     0.0460455    0.00670733    0.00192759      0.999976      -0.40371
     0.999972       0.00369   -0.00654519     -0.341991   -0.00369993      0.999992    -0.0015057   -0.00495251    0.00653958    0.00152988      0.999977     -0.362599
     0.999972    0.00378619    -0.0064573     -0.338215   -0.00379933      0.999991   -0.00202307     0.0125908    0.00644958    0.00204754      0.999977     -0.403054
      0.99997    0.00401684   -0.00659217     -0.336309   -0.00402565      0.999991   -0.00132439     0.0199053    0.00658679    0.00135089      0.999977      -0.35286
     0.999968    0.00403818   -0.00683497     -0.355818   -0.00404854      0.999991   -0.00150312     0.0369755    0.00682884    0.00153074      0.999976     -0.439914
     0.999967    0.00398803   -0.00707654     -0.378205   -0.00399781      0.999991   -0.00136845     0.0504365    0.00707102     0.0013967      0.999974     -0.382323
     0.999968    0.00405022   -0.00684914     -0.370253   -0.00406072      0.999991   -0.00152043     0.0332791    0.00684291     0.0015482      0.999975     -0.419886
     0.999967    0.00387358   -0.00713019     -0.392264   -0.00388456      0.999991   -0.00152776     0.0463325    0.00712421    0.00155541      0.999973     -0.370828
     0.999969    0.00365473   -0.00690644     -0.370535   -0.00366737      0.999992   -0.00181824      0.024018    0.00689974    0.00184351      0.999974     -0.394496
     0.999968    0.00381164   -0.00696554     -0.379614   -0.00382506      0.999991    -0.0019147      0.044579    0.00695818    0.00194128      0.999974     -0.351949
     0.999967    0.00415508   -0.00693998     -0.386171   -0.00416826       0.99999   -0.00188467     0.0314745    0.00693208    0.00191354      0.999974     -0.365813
     0.999965    0.00400424   -0.00731161     -0.413558   -0.00401866       0.99999   -0.00195893     0.0352188    0.00730369    0.00198824      0.999971     -0.372215
     0.999967    0.00386823   -0.00712138     -0.407544    -0.0038829       0.99999   -0.00204711     0.0187368    0.00711339     0.0020747      0.999973     -0.405915
     0.999967    0.00382843   -0.00715866     -0.417038   -0.00384335       0.99999   -0.00207174     0.0482799    0.00715066    0.00209918      0.999972     -0.406819
     0.999968    0.00396425   -0.00701924     -0.413506   -0.00397757       0.99999   -0.00188588     0.0221615     0.0070117    0.00191374      0.999974     -0.386545
     0.999966     0.0039095   -0.00726052     -0.409991   -0.00392264      0.999991   -0.00179595     0.0555157    0.00725343    0.00182437      0.999972     -0.394288
     0.999967    0.00394908   -0.00711335     -0.410703   -0.00396125      0.999991   -0.00169752     0.0231049    0.00710658    0.00172564      0.999973     -0.410255
     0.999964     0.0041041   -0.00742348     -0.441161   -0.00411531       0.99999   -0.00149528     0.0857647    0.00741727    0.00152577      0.999971     -0.399505
     0.999963    0.00436537   -0.00740434     -0.441083   -0.00437505       0.99999   -0.00129249      0.045628    0.00739862    0.00132484      0.999972     -0.382177
     0.999963    0.00403024   -0.00753671     -0.437141   -0.00404389       0.99999   -0.00179729     0.0471459    0.00752939     0.0018277       0.99997     -0.418318
     0.999965     0.0040169   -0.00734214     -0.417868   -0.00402822      0.999991   -0.00152782     0.0165196    0.00733593    0.00155734      0.999972     -0.401964
     0.999965    0.00370799   -0.00743478      -0.41066   -0.00372218      0.999991   -0.00189656     0.0422614    0.00742768    0.00192417      0.999971     -0.441553
     0.999966    0.00391773   -0.00730262     -0.416505   -0.00392886      0.999991   -0.00151062     0.0326296    0.00729664    0.00153926      0.999972     -0.379542
     0.999966    0.00387347   -0.00727415     -0.407394   -0.00388542      0.999991   -0.00162973     0.0573477    0.00726777    0.00165794      0.999972     -0.446726
     0.999963     0.0043355   -0.00737078     -0.431876   -0.00434579       0.99999   -0.00138021     0.0366956    0.00736471    0.00141219      0.999972      -0.36085
     0.999963    0.00443671   -0.00739794     -0.436015   -0.00444623      0.999989   -0.00127089     0.0685697    0.00739223    0.00130374      0.999972     -0.428587
     0.999962    0.00420858   -0.00757184     -0.434089   -0.00421577      0.999991  -0.000934025      0.095608    0.00756784   0.000965911      0.999971     -0.386643
     0.999963    0.00430848   -0.00747629      -0.42868   -0.00431677       0.99999   -0.00109253     0.0565257    0.00747151    0.00112476      0.999971     -0.399322
     0.999959    0.00442593   -0.00783892     -0.459026   -0.00443547      0.999989   -0.00119991     0.0647868    0.00783352    0.00123463      0.999969     -0.348583
     0.999962     0.0043231   -0.00763592     -0.447603   -0.00433229       0.99999   -0.00118748     0.0674176     0.0076307    0.00122052       0.99997     -0.379292
     0.999962    0.00419605   -0.00768277      -0.43677   -0.00420413      0.999991   -0.00103587     0.0731182    0.00767835    0.00106813       0.99997     -0.348808
     0.999963    0.00415625    -0.0074735     -0.418436   -0.00416496      0.999991   -0.00115022     0.0708332    0.00746865     0.0011813      0.999971     -0.391906
     0.999961    0.00403148   -0.00782082     -0.426283   -0.00403941      0.999991   -0.00099874      0.100157    0.00781672    0.00103029      0.999969     -0.357661
     0.999963    0.00401417   -0.00754449     -0.405086   -0.00402106      0.999992  -0.000898224     0.0636268    0.00754082   0.000928528      0.999971     -0.372681
     0.999958    0.00426196   -0.00805785     -0.444592   -0.00426733      0.999991  -0.000648365      0.108125    0.00805501   0.000682724      0.999967     -0.362266
     0.999958    0.00465813   -0.00793285     -0.456172   -0.00466358      0.999989  -0.000668095     0.0620445    0.00792965   0.000705062      0.999968     -0.361745
     0.999957    0.00451421    -0.0081137     -0.435135   -0.00451958       0.99999  -0.000643957     0.0608196    0.00811071     0.0006806      0.999967      -0.36522
     0.999956    0.00453699   -0.00824385     -0.419127   -0.00453465       0.99999   0.000302359      0.108835    0.00824514  -0.000264963      0.999966     -0.354743
     0.999956    0.00419732   -0.00839307     -0.418533   -0.00419411      0.999991   0.000399883      0.140881    0.00839468  -0.000364664      0.999965     -0.396871
     0.999955    0.00429212   -0.00842448     -0.420368   -0.00429323      0.999991  -0.000113129     0.0556627    0.00842392   0.000149293      0.999965     -0.352574
     0.999956    0.00423573   -0.00840054     -0.419525   -0.00424641       0.99999   -0.00125325     0.0519637    0.00839515    0.00128887      0.999964     -0.398309
     0.999953    0.00444555   -0.00855919     -0.433487   -0.00445341       0.99999  -0.000899036     0.0444728    0.00855511   0.000937112      0.999963     -0.372818
     0.999955    0.00438566   -0.00836019     -0.426953   -0.00439417       0.99999   -0.00099948      0.054239    0.00835572    0.00103617      0.999965     -0.437707
     0.999954    0.00428765    -0.0085257      -0.43954   -0.00429514       0.99999  -0.000860613     0.0576385    0.00852193   0.000897193      0.999963     -0.398755
     0.999956    0.00438098   -0.00825412     -0.427815   -0.00439067       0.99999   -0.00115627     0.0495499    0.00824897    0.00119246      0.999965     -0.436447
     0.999952    0.00464028    -0.0085881     -0.451616   -0.00464918      0.999989   -0.00101717     0.0779292    0.00858329    0.00105705      0.999963     -0.369608
     0.999952    0.00473247   -0.00854261     -0.437934   -0.00474039      0.999988  -0.000907254     0.0906272    0.00853821   0.000947706      0.999963     -0.425543
     0.999951    0.00466423     -0.008731     -0.431916   -0.00466907      0.999989  -0.000533111     0.0937877    0.00872842   0.000573851      0.999962     -0.397526
     0.999953    0.00453036   -0.00855105     -0.419774   -0.00453858      0.999989  -0.000941811     0.0688235    0.00854669   0.000980576      0.999963     -0.496775
     0.999953    0.00403795   -0.00885126      -0.43819   -0.00404769      0.999991   -0.00108342     0.0779015    0.00884681     0.0011192       0.99996     -0.495338
     0.999955    0.00449804   -0.00837874      -0.41691   -0.00450582      0.999989  -0.000910633     0.0245391    0.00837455   0.000948345      0.999964     -0.414945
     0.999952    0.00445879   -0.00873134     -0.438168   -0.00446823      0.999989   -0.00106249      0.123881    0.00872651    0.00110145      0.999961     -0.464749
     0.999949    0.00484856   -0.00880389     -0.455579   -0.00485234      0.999988  -0.000408308     0.0859438     0.0088018   0.000451007      0.999961     -0.403216
     0.999952    0.00453547   -0.00873497     -0.460784   -0.00454192      0.999989  -0.000717873       0.10501    0.00873162   0.000757512      0.999962     -0.469824
      0.99995    0.00467806   -0.00880068     -0.478225   -0.00468643      0.999989  -0.000930916      0.111867    0.00879622   0.000972114      0.999961     -0.383261
     0.999949    0.00510667   -0.00869561      -0.47443   -0.00511484      0.999986  -0.000917234      0.107421    0.00869081   0.000961664      0.999962      -0.43566
     0.999944    0.00512309   -0.00921948     -0.510867    -0.0051306      0.999987  -0.000791364      0.131724     0.0092153   0.000838621      0.999957     -0.387553
     0.999946    0.00525556   -0.00900831     -0.506275   -0.00526201      0.999986  -0.000692125     0.0864688    0.00900454   0.000739489      0.999959     -0.405176
     0.999945    0.00507258   -0.00914838     -0.534433   -0.00507987      0.999987  -0.000774216      0.140813    0.00914434   0.000820646      0.999958     -0.442306
     0.999943    0.00533902   -0.00920756     -0.537579    -0.0053423      0.999986  -0.000331529     0.0918439    0.00920566   0.000380699      0.999958     -0.399416
     0.999945    0.00507007   -0.00918173      -0.52484    -0.0050784      0.999987  -0.000884777      0.141799    0.00917713   0.000931356      0.999957     -0.430955
     0.999946    0.00505457   -0.00910175     -0.505665   -0.00506252      0.999987   -0.00085019      0.101071    0.00909733   0.000896221      0.999958      -0.39636
     0.999947    0.00498235   -0.00905595     -0.488885   -0.00499215      0.999987   -0.00105922      0.110318    0.00905055    0.00110437      0.999958     -0.451094
     0.999947    0.00498156   -0.00897994     -0.477871   -0.00498823      0.999987  -0.000720805     0.0738276    0.00897624   0.000765562      0.999959     -0.389295
     0.999948    0.00488772   -0.00891762     -0.475592   -0.00489598      0.999988  -0.000904666      0.086414    0.00891308   0.000948279       0.99996     -0.470774
     0.999947    0.00498417   -0.00899424     -0.484332   -0.00498868      0.999987  -0.000478773     0.0945108    0.00899174   0.000523617      0.999959     -0.419411
     0.999948    0.00519865   -0.00882166     -0.478566   -0.00520836      0.999986   -0.00107845     0.0683519    0.00881593    0.00112434      0.999961     -0.456425
     0.999947    0.00516195   -0.00888182     -0.478385    -0.0051708      0.999986  -0.000974079      0.094196    0.00887667    0.00101995       0.99996     -0.422669
     0.999951    0.00512035   -0.00849439      -0.46153   -0.00513133      0.999986    -0.0012719     0.0409912    0.00848776    0.00131543      0.999963     -0.437557
     0.999951    0.00514725   -0.00844602       -0.4707   -0.00515827      0.999986   -0.00128309     0.0966092     0.0084393     0.0013266      0.999964     -0.421473
     0.999951    0.00542356   -0.00831259     -0.464028   -0.00543395      0.999984   -0.00122756     0.0897513     0.0083058    0.00127267      0.999965     -0.402452
     0.999947    0.00533459   -0.00882979     -0.478273   -0.00534643      0.999985   -0.00131825      0.097796    0.00882262    0.00136539       0.99996     -0.428077
     0.999953     0.0049798     -0.008329     -0.459393   -0.00499104      0.999987   -0.00132936     0.0753807    0.00832227    0.00137087      0.999964     -0.413534
     0.999953    0.00488209   -0.00835032     -0.464521   -0.00489428      0.999987   -0.00143951     0.0892154    0.00834318    0.00148031      0.999964     -0.425899
     0.999956    0.00475168   -0.00813236     -0.448348   -0.00476102      0.999988   -0.00112991     0.0631669    0.00812689    0.00116858      0.999966     -0.433942
     0.999956    0.00444441   -0.00827308     -0.441397   -0.00445222       0.99999   -0.00092511      0.115234    0.00826888   0.000961902      0.999965     -0.435007
     0.999953    0.00486216   -0.00835067     -0.453935   -0.00487247      0.999987   -0.00121441     0.0965372    0.00834466    0.00125504      0.999964     -0.413729
     0.999952    0.00499721   -0.00846002     -0.464678    -0.0050096      0.999986   -0.00144376     0.0717657    0.00845269    0.00148607      0.999963     -0.373954
     0.999956    0.00487261   -0.00806919     -0.439374   -0.00488546      0.999987   -0.00157309     0.0703981    0.00806142    0.00161244      0.999966     -0.410856
     0.999954    0.00487975   -0.00827837     -0.462479   -0.00489113      0.999987   -0.00135476     0.0902519    0.00827165    0.00139519      0.999965     -0.382331
     0.999955    0.00488992   -0.00814484     -0.462474   -0.00489951      0.999987   -0.00115841     0.0738359    0.00813908    0.00119826      0.999966     -0.422292
     0.999951    0.00502997   -0.00849464     -0.480655   -0.00503707      0.999987  -0.000815144      0.117344    0.00849043   0.000857893      0.999964     -0.460418
     0.999952     0.0052806    -0.0082231     -0.468233    -0.0052887      0.999986  -0.000963204     0.0638389    0.00821789    0.00100665      0.999966     -0.431308
