# 3dvolreg matrices (DICOM-to-DICOM, row-by-row):
            1   4.37135e-05  -0.000877249    -0.0181936  -4.33058e-05             1   0.000464768   -0.00615154   0.000877269   -0.00046473             1    -0.0300775
            1   3.34351e-05   7.79974e-05   -0.00597304  -3.34059e-05             1   -0.00037318  -0.000903086  -7.80098e-05   0.000373178             1    0.00108065
            1   1.32135e-10  -1.18167e-10  -6.21132e-09  -1.32135e-10             1     7.543e-11  -7.29988e-09   1.18167e-10    -7.543e-11             1   3.45929e-09
            1  -0.000152476    4.7601e-05    0.00247735    0.00015247             1   0.000128196     0.0131612  -4.76205e-05  -0.000128188             1    -0.0100668
            1   0.000149091  -0.000138823   -0.00530851  -0.000149068             1    0.00016671     0.0133376   0.000138848  -0.000166689             1    0.00130705
            1   4.07257e-05  -8.46811e-05   -0.00752973  -4.07364e-05             1  -0.000125573     0.0178048    8.4676e-05   0.000125577             1    0.00195464
            1  -4.31587e-05  -0.000214577   -0.00695646   4.32666e-05             1   0.000502917   -0.00231726   0.000214555  -0.000502926             1    -0.0119042
            1  -0.000127967  -0.000392081   -0.00403801   0.000128087             1   0.000306669    0.00117848   0.000392042   -0.00030672             1   -0.00382794
            1  -0.000192088  -0.000442596   -0.00574466   0.000192268             1    0.00040687    0.00182552   0.000442518  -0.000406955             1    -0.0158724
            1  -0.000214693  -0.000321473   -0.00304873   0.000214828             1   0.000421682      0.015046   0.000321383  -0.000421751             1   -0.00400053
            1  -0.000266252  -0.000384697   -0.00573634     0.0002665             1   0.000644626     0.0238763   0.000384526  -0.000644728             1   -0.00688612
            1  -0.000279215  -0.000283673   -0.00243791   0.000279404             1   0.000667304     0.0263336   0.000283487  -0.000667383             1    0.00666176
            1  -0.000340981  -0.000353895  -0.000383776   0.000341232             1   0.000707362     0.0231574   0.000353654  -0.000707482             1    -0.0151357
            1  -0.000208547  -0.000589927   -0.00799115   0.000209085             1   0.000912508    0.00753066   0.000589736  -0.000912631      0.999999    -0.0102039
            1   -0.00022449  -0.000454256    -0.0122091   0.000224762             1   0.000598068     0.0306956   0.000454122   -0.00059817             1     0.0021731
            1  -0.000199006  -0.000675912    -0.0144786   0.000199651             1   0.000954184     0.0273881   0.000675721  -0.000954319      0.999999     0.0243418
            1   -0.00025544  -0.000601542   -0.00967793   0.000255591             1   0.000251672      0.044857   0.000601477  -0.000251826             1    0.00438928
            1   0.000136329  -0.000833782    -0.0176702  -0.000135279      0.999999    0.00126013   0.000983441   0.000833953   -0.00126001      0.999999     0.0562982
            1    0.00030893  -0.000578384    -0.0237944  -0.000307864      0.999998    0.00184134    -0.0127792   0.000578952   -0.00184116      0.999998   -0.00760875
            1    0.00033594    6.3933e-05    -0.0375287  -0.000336037      0.999999    0.00152456     0.0383128  -6.34207e-05   -0.00152458      0.999999     -0.104396
            1   0.000302496  -0.000609259    -0.0292568   -0.00030139      0.999998    0.00181475    -0.0169871   0.000609807   -0.00181457      0.999998    -0.0711846
            1   0.000113206  -0.000633613    -0.0270108  -0.000112306      0.999999    0.00141885    0.00407054   0.000633773   -0.00141878      0.999999    -0.0467602
            1   6.44425e-05  -0.000753606    -0.0330496  -6.31174e-05      0.999998    0.00175817    0.00421752   0.000753718   -0.00175812      0.999998    -0.0513615
            1  -0.000159944  -0.000805636    -0.0282244   0.000161048      0.999999    0.00137038    0.00875048   0.000805416   -0.00137051      0.999999    -0.0276198
            1  -5.94668e-05  -0.000750756    -0.0240849   6.06641e-05      0.999999    0.00159494     0.0126853    0.00075066   -0.00159498      0.999998    -0.0313852
            1  -0.000102262  -0.000718441    -0.0201833   0.000103367      0.999999    0.00153757    0.00714794   0.000718283   -0.00153764      0.999999     -0.016098
            1  -3.35841e-05  -0.000910218    -0.0214039   3.48661e-05      0.999999    0.00140849      0.013725    0.00091017   -0.00140852      0.999999    -0.0326396
     0.999999   9.19788e-05   -0.00107981    -0.0280831  -9.04503e-05      0.999999     0.0014155     0.0184967    0.00107994   -0.00141541      0.999998    -0.0143316
     0.999999   1.87795e-05   -0.00108813    -0.0281268  -1.72015e-05      0.999999    0.00145026     0.0234772    0.00108816   -0.00145024      0.999998    -0.0328492
     0.999999   2.34411e-05   -0.00112938    -0.0297692  -2.19585e-05      0.999999     0.0013127      0.017991    0.00112941   -0.00131267      0.999999   -0.00816329
     0.999999   8.43273e-05    -0.0012666    -0.0306277  -8.29459e-05      0.999999    0.00109062     0.0231856    0.00126669   -0.00109052      0.999999   -0.00987149
     0.999999   6.81228e-05   -0.00134802    -0.0348349  -6.61379e-05      0.999999     0.0014724    0.00329967    0.00134812   -0.00147231      0.999998    -0.0202096
     0.999999    4.7247e-05   -0.00140187    -0.0274802  -4.59163e-05             1   0.000949309     0.0163954    0.00140191  -0.000949243      0.999999   -0.00132703
     0.999999   9.76124e-05   -0.00145426    -0.0306389  -9.55785e-05      0.999999    0.00139857     0.0320582    0.00145439   -0.00139843      0.999998    0.00793847
     0.999999   0.000232847     -0.001492    -0.0307573  -0.000231035      0.999999    0.00121442      0.049444    0.00149228   -0.00121407      0.999998     0.0166222
     0.999999   5.73244e-05   -0.00162089    -0.0177186  -5.53693e-05      0.999999    0.00120624     0.0382445    0.00162096   -0.00120615      0.999998    0.00451519
     0.999999  -7.35929e-05   -0.00145496    -0.0107554   7.51882e-05      0.999999    0.00109643     0.0295158    0.00145488   -0.00109654      0.999998     0.0287641
     0.999999  -0.000318836   -0.00159345    -0.0127922    0.00032041      0.999999   0.000987888    0.00950191    0.00159314  -0.000988398      0.999998     0.0279938
     0.999999  -0.000181923   -0.00119833    -0.0291511   0.000184264      0.999998    0.00195447     0.0165875    0.00119797   -0.00195469      0.999997     -0.268106
     0.999999  -0.000394863    -0.0014337     -0.026274   0.000401426      0.999989    0.00457993    -0.0222711    0.00143187    -0.0045805      0.999988     -0.449875
     0.999998  -0.000756819   -0.00170449    -0.0319121   0.000763021      0.999993     0.0036409     -0.029534    0.00170172   -0.00364219      0.999992     -0.436931
     0.999997    -0.0012653   -0.00188662     -0.032179    0.00127339       0.99999    0.00429734    -0.0734103    0.00188116   -0.00429973      0.999989     -0.482685
     0.999997    -0.0013366   -0.00197271    -0.0350656     0.0013447      0.999991    0.00410736    -0.0750551     0.0019672      -0.00411       0.99999     -0.517986
     0.999998  -0.000958948   -0.00190695    -0.0398776   0.000967282       0.99999    0.00437426     -0.071417    0.00190273    -0.0043761      0.999989     -0.464303
     0.999998   -0.00103728   -0.00196347    -0.0331503    0.00104492      0.999992    0.00389185    -0.0607757    0.00195942   -0.00389389       0.99999     -0.422614
     0.999998   -0.00100524    -0.0019565    -0.0418202    0.00101363       0.99999    0.00429161    -0.0779049    0.00195217   -0.00429358      0.999989     -0.437021
     0.999999  -0.000619918   -0.00155866    -0.0525529   0.000626225      0.999992    0.00404909    -0.0610204    0.00155614   -0.00405006      0.999991     -0.444428
     0.999998   -0.00065714   -0.00179811    -0.0594468   0.000665533      0.999989    0.00467099    -0.0899486    0.00179502   -0.00467217      0.999987     -0.453574
     0.999998  -0.000768115   -0.00162958    -0.0453137   0.000774851      0.999991    0.00413666    -0.0722632    0.00162639   -0.00413792       0.99999     -0.444664
     0.999998    -0.0007637   -0.00180454    -0.0417342   0.000772274      0.999988    0.00475526    -0.0809313    0.00180088   -0.00475665      0.999987     -0.430615
     0.999998  -0.000738677    -0.0016656    -0.0346481   0.000745103      0.999992    0.00386055    -0.0573673    0.00166274   -0.00386178      0.999991      -0.41008
     0.999998  -0.000745351    -0.0018241    -0.0352908     0.0007525      0.999992    0.00392176      -0.06215    0.00182116   -0.00392313      0.999991     -0.375205
     0.999998  -0.000627506   -0.00175599    -0.0386455   0.000633959      0.999993    0.00367667    -0.0284923    0.00175367   -0.00367777      0.999992     -0.367703
     0.999998  -0.000485736    -0.0017464    -0.0408047   0.000492561      0.999992    0.00390997    -0.0323148    0.00174449   -0.00391083      0.999991     -0.347262
     0.999998  -0.000680491   -0.00175836    -0.0332523   0.000687256      0.999992     0.0038497    -0.0252896    0.00175572    -0.0038509      0.999991     -0.354822
     0.999998  -0.000735163   -0.00181846    -0.0265362   0.000742146      0.999992    0.00384223    -0.0244493    0.00181562   -0.00384357      0.999991     -0.323969
     0.999998  -0.000799953   -0.00191117    -0.0189709   0.000807115      0.999993    0.00374938    -0.0184138    0.00190816   -0.00375091      0.999991     -0.332548
     0.999998  -0.000706148   -0.00208092    -0.0132733   0.000714104      0.999992    0.00382476    -0.0215548     0.0020782   -0.00382623      0.999991     -0.276172
     0.999996  -0.000474795   -0.00275488    -0.0144671    0.00048446      0.999994     0.0035087    -0.0583278     0.0027532   -0.00351002       0.99999     -0.210288
     0.999995   -0.00049297   -0.00314108   -0.00398503    0.00050183      0.999996    0.00282053     0.0038435    0.00313968   -0.00282209      0.999991     -0.319172
     0.999995  -0.000504297   -0.00319423    -0.0116318   0.000515388      0.999994    0.00347223     -0.018501    0.00319245   -0.00347385      0.999989     -0.296462
     0.999994   -0.00063481   -0.00332951    -0.0190199   0.000648078      0.999992    0.00398545    -0.0294299    0.00332695   -0.00398759      0.999987       -0.3168
     0.999994  -0.000656203   -0.00329699    -0.0154635     0.0006697      0.999991    0.00409441    -0.0249767    0.00329428   -0.00409659      0.999986     -0.301191
     0.999994  -0.000783934    -0.0033005    -0.0131595    0.00079781      0.999991    0.00420484    -0.0340589    0.00329718   -0.00420744      0.999986     -0.329393
     0.999995  -0.000771183   -0.00322272    -0.0108539   0.000784224      0.999992    0.00404734    -0.0242498    0.00321957   -0.00404984      0.999987     -0.305926
     0.999994  -0.000671541   -0.00329276    -0.0159287   0.000684775      0.999992    0.00401964    -0.0167048    0.00329003   -0.00402187      0.999987     -0.324955
     0.999995  -0.000712519    -0.0031373   -0.00805421   0.000726139       0.99999    0.00434234     -0.013008    0.00313417   -0.00434459      0.999986     -0.326932
     0.999995  -0.000820329    -0.0030999    0.00158252   0.000833103      0.999991    0.00412157    -0.0264176    0.00309649   -0.00412413      0.999987     -0.348362
     0.999994  -0.000839549   -0.00337224   -0.00520996   0.000854399       0.99999     0.0044045    -0.0263236    0.00336851   -0.00440735      0.999985     -0.344245
     0.999994  -0.000847326   -0.00332776   -0.00698761   0.000861888       0.99999    0.00437685    -0.0122048    0.00332402   -0.00437969      0.999985     -0.350411
     0.999993  -0.000685064   -0.00355839    -0.0161715   0.000700662       0.99999    0.00438397    -0.0117111    0.00355536   -0.00438643      0.999984     -0.324028
     0.999994  -0.000793006   -0.00344592  -0.000408883   0.000807796       0.99999    0.00429296     -0.022554    0.00344248   -0.00429572      0.999985     -0.295499
     0.999994  -0.000805312   -0.00327366    0.00368657   0.000820442      0.999989    0.00462293    -0.0302925     0.0032699   -0.00462559      0.999984     -0.305938
     0.999995  -0.000792834    -0.0031037    0.00181623   0.000807059      0.999989     0.0045846   -0.00545149    0.00310003   -0.00458708      0.999985     -0.316527
     0.999995  -0.000860738    -0.0030242    0.00173667   0.000874634      0.999989    0.00459657    -0.0174387    0.00302021   -0.00459919      0.999985     -0.332676
     0.999995  -0.000858486   -0.00306753    0.00139699   0.000872555      0.999989    0.00458786    -0.0183286    0.00306355   -0.00459051      0.999985     -0.308873
     0.999995  -0.000828242   -0.00312804  -0.000917772   0.000841553      0.999991    0.00425643  -0.000324856    0.00312448   -0.00425904      0.999986     -0.325272
     0.999994  -0.000919642   -0.00326325  -0.000633009   0.000934412      0.999989    0.00452728    -0.0143635    0.00325905    -0.0045303      0.999984     -0.322445
     0.999994    -0.0010386   -0.00317677     -0.002356    0.00105251       0.99999    0.00438079     -0.020531    0.00317219   -0.00438411      0.999985     -0.333667
     0.999994   -0.00131148    -0.0031462    0.00333285    0.00132872      0.999984    0.00548255    -0.0356291    0.00313896    -0.0054867       0.99998     -0.363763
     0.999999   -0.00032755  -0.000974438    0.00858483   0.000324339      0.999995   -0.00329327    0.00271436   0.000975511    0.00329295      0.999994    -0.0487772
     0.999996    0.00226831    0.00182296    -0.0157882   -0.00223877      0.999869    -0.0160501      0.118017   -0.00185913      0.016046       0.99987      0.447276
     0.999998     0.0014412    0.00162915    -0.0292942   -0.00142754      0.999964   -0.00835305      0.188064   -0.00164112    0.00835071      0.999964      0.234128
     0.999999   0.000970738    0.00117828    -0.0205335  -0.000962588      0.999976   -0.00689781      0.146617   -0.00118495    0.00689667      0.999976      0.142104
     0.999999   0.000223415    0.00158807    -0.0190401  -0.000221087      0.999999   -0.00146649      0.103892    -0.0015884    0.00146613      0.999998     -0.104196
     0.999999   0.000572256    0.00113357    -0.0313172  -0.000570467      0.999999   -0.00157805     0.0740908   -0.00113447     0.0015774      0.999998      -0.31965
            1   0.000430246    0.00077212    -0.0338459  -0.000428818      0.999998   -0.00184918     0.0879538  -0.000772914    0.00184885      0.999998     -0.344356
            1   0.000439906   0.000137571    -0.0331548  -0.000439789             1  -0.000855425     0.0436206  -0.000137948   0.000855365             1     -0.365811
            1   0.000605818   0.000104298    -0.0214083  -0.000605726      0.999999  -0.000877134     0.0444725   -0.00010483   0.000877071             1      -0.40152
            1   0.000434742   0.000117156    -0.0220077   -0.00043476             1   0.000156644     0.0295794  -0.000117088  -0.000156695             1     -0.432042
            1   0.000232574   4.49699e-05    -0.0173409  -0.000232578             1    8.7249e-05     0.0335571  -4.49496e-05  -8.72595e-05             1      -0.44109
            1   9.39349e-05  -9.19869e-06    -0.0221456  -9.39279e-05             1   0.000755194     0.0181319   9.26963e-06  -0.000755193             1     -0.457393
            1   0.000149198  -0.000146745    -0.0212809  -0.000149173             1   0.000167889     0.0212326    0.00014677  -0.000167868             1     -0.435841
            1   0.000100894  -0.000390853     -0.034349  -0.000100516             1   0.000968444    0.00573772    0.00039095  -0.000968405      0.999999     -0.454978
            1   1.34331e-05   -0.00045398    -0.0290848  -1.32247e-05             1   0.000459053     0.0331672   0.000453986  -0.000459047             1     -0.431567
            1  -3.92664e-05  -0.000704231     -0.032935   3.98962e-05             1   0.000894322      0.016267   0.000704196   -0.00089435      0.999999     -0.428866
            1  -9.23497e-05  -0.000673049    -0.0314661   9.28036e-05             1    0.00067443     0.0362492   0.000672986  -0.000674492             1     -0.427124
            1   -0.00012586  -0.000897487    -0.0382471   0.000126935      0.999999    0.00119706     0.0140464   0.000897336   -0.00119718      0.999999     -0.437339
            1  -0.000146571  -0.000979965    -0.0227341   0.000147302             1   0.000745583     0.0289741   0.000979855  -0.000745727      0.999999     -0.439734
     0.999999  -0.000323847    -0.0011106    -0.0255433    0.00032551      0.999999     0.0014975      0.013806    0.00111011   -0.00149786      0.999998      -0.45664
     0.999999   -0.00027356   -0.00105201    -0.0278936   0.000274633      0.999999    0.00101938    0.00953265    0.00105173   -0.00101967      0.999999     -0.458847
     0.999999  -0.000340877   -0.00107651    -0.0243098   0.000342503      0.999999    0.00151058    0.00844333    0.00107599   -0.00151095      0.999998     -0.468529
     0.999999  -0.000602293   -0.00119585    -0.0091088    0.00060394      0.999999     0.0013776      0.072883    0.00119502   -0.00137833      0.999998     -0.451432
     0.999999  -0.000659341   -0.00153153    -0.0102917   0.000662782      0.999997    0.00224753     0.0622074    0.00153004   -0.00224854      0.999996     -0.419415
     0.999999  -0.000582625   -0.00129745    -0.0142722   0.000585211      0.999998    0.00199304      0.052452    0.00129629    -0.0019938      0.999997     -0.440799
     0.999999  -0.000333768   -0.00123145    -0.0316439   0.000336595      0.999997    0.00229614     0.0297469    0.00123069   -0.00229655      0.999997     -0.449138
     0.999999  -0.000216873   -0.00126344    -0.0184599   0.000219989      0.999997    0.00246635    -0.0115544     0.0012629   -0.00246663      0.999996     -0.474648
            1   0.000207538  -0.000743749    -0.0138999  -0.000206184      0.999998     0.0018195   -0.00649687   0.000744125   -0.00181934      0.999998     -0.629768
     0.999999   9.03469e-05   -0.00103154    -0.0228897  -8.73379e-05      0.999996    0.00291668    -0.0308603     0.0010318   -0.00291659      0.999995     -0.615621
            1   7.76613e-06  -0.000915938    -0.0439104  -4.56932e-06      0.999994    0.00349016    -0.0638932    0.00091596   -0.00349015      0.999993     -0.684684
     0.999999   8.03865e-05   -0.00108903    -0.0400903  -7.68018e-05      0.999995    0.00329129    -0.0511546    0.00108929   -0.00329121      0.999994     -0.656245
     0.999999  -9.74775e-05   -0.00132454    -0.0311515   0.000102518      0.999993    0.00380605     -0.080737    0.00132416   -0.00380618      0.999992     -0.685688
     0.999999   -0.00025331   -0.00150516    -0.0300774   0.000258827      0.999993    0.00366632    -0.0569746    0.00150422   -0.00366671      0.999992     -0.670455
     0.999999  -0.000237349   -0.00116543    -0.0333911   0.000241623      0.999993    0.00366819    -0.0448032    0.00116456   -0.00366847      0.999993     -0.683594
     0.999999   -0.00035482   -0.00130978    -0.0327804   0.000360242      0.999991    0.00414146    -0.0573655    0.00130829   -0.00414193      0.999991      -0.67517
     0.999999  -0.000266455   -0.00146774    -0.0332324   0.000272428      0.999992    0.00407064    -0.0313872    0.00146664   -0.00407103      0.999991     -0.676855
     0.999999  -0.000316791   -0.00157135    -0.0232299   0.000323265      0.999991     0.0041214    -0.0433475    0.00157003    -0.0041219       0.99999     -0.635961
     0.999999  -0.000613023   -0.00153945    -0.0184012   0.000619572      0.999991    0.00425696    -0.0361319    0.00153683   -0.00425791       0.99999     -0.652509
     0.999998  -0.000583979   -0.00177865    -0.0129944   0.000591633      0.999991    0.00430594    -0.0296836    0.00177612   -0.00430699      0.999989     -0.638956
     0.999998  -0.000402437   -0.00173351    -0.0115896   0.000409202      0.999992    0.00390353    -0.0278359    0.00173192   -0.00390423      0.999991     -0.652536
     0.999999  -0.000420216   -0.00160154   -0.00503599   0.000426999      0.999991    0.00423715    -0.0335469    0.00159975   -0.00423783       0.99999     -0.644792
     0.999998  -0.000487079   -0.00171169   -0.00505131   0.000494299      0.999991    0.00422017    -0.0420663    0.00170962   -0.00422101       0.99999     -0.660357
     0.999999  -0.000780786   -0.00147463   -0.00648702   0.000787832      0.999988    0.00478381    -0.0619346    0.00147088   -0.00478497      0.999987     -0.670813
     0.999999   -0.00091966  -0.000880397    0.00975718   0.000924495      0.999984    0.00550721     -0.100259   0.000875319   -0.00550802      0.999984     -0.666523
     0.999999  -0.000759635   -0.00111407    0.00660277   0.000766018      0.999983    0.00574039     -0.103286    0.00110969   -0.00574124      0.999983     -0.720043
     0.999999  -0.000674277   -0.00122976   -0.00489052   0.000681349      0.999983    0.00575938    -0.0882228    0.00122586   -0.00576022      0.999983     -0.704334
     0.999999  -0.000533632   -0.00125825   -0.00199881   0.000541066      0.999982    0.00591506    -0.0795021    0.00125507   -0.00591573      0.999982     -0.727703
     0.999999  -0.000818834   -0.00143324     0.0221385   0.000827384      0.999982    0.00597529    -0.0745743    0.00142832   -0.00597647      0.999981     -0.730343
     0.999999  -0.000365834   -0.00168207     0.0038128   0.000375784      0.999982    0.00591915     -0.114926    0.00167988   -0.00591977      0.999981     -0.683148
     0.999999  -0.000348918   -0.00120136    -0.0155576   0.000355665      0.999984    0.00562109    -0.0864721    0.00119938   -0.00562152      0.999983     -0.671566
     0.999999  -0.000956546   -0.00103968    -0.0101346   0.000961722      0.999987     0.0049892    -0.0676954     0.0010349   -0.00499019      0.999987     -0.884939
     0.999997    -0.0013229    -0.0020807    -0.0127786    0.00133476      0.999983     0.0057089     -0.114195    0.00207311   -0.00571166      0.999982     -0.869772
     0.999997  -0.000928754   -0.00204109     -0.016147   0.000941096      0.999981    0.00605407     -0.126826    0.00203543   -0.00605597       0.99998     -0.875225
     0.999998   -0.00117753   -0.00176019   -0.00939777    0.00118958      0.999976    0.00685829     -0.154015    0.00175207   -0.00686037      0.999975     -0.860191
     0.999998   -0.00115818   -0.00184437   -0.00600125    0.00117047      0.999977      0.006676    -0.0837323     0.0018366   -0.00667815      0.999976      -0.86021
     0.999997    -0.0011108   -0.00201204   -0.00509602    0.00112389      0.999978    0.00651731     -0.103368    0.00200475   -0.00651956      0.999977     -0.820543
     0.999996   -0.00149006   -0.00221995   -0.00613982    0.00150391      0.999979    0.00625403    -0.0931834    0.00221058   -0.00625735      0.999978     -0.835777
     0.999996   -0.00144644   -0.00231174    -0.0134101    0.00146123      0.999978    0.00640978    -0.0763461    0.00230242   -0.00641313      0.999977     -0.808662
     0.999996   -0.00150994   -0.00229104    -0.0121876     0.0015247      0.999978    0.00645518    -0.0923254    0.00228124   -0.00645865      0.999977     -0.834819
     0.999996   -0.00166605   -0.00235328   -0.00613245     0.0016814      0.999977    0.00653396    -0.0972609    0.00234235   -0.00653789      0.999976      -0.81673
     0.999996   -0.00169899   -0.00223946   -0.00467745    0.00171354      0.999977     0.0065105    -0.0912711    0.00222835   -0.00651431      0.999976     -0.811111
     0.999996   -0.00180003    -0.0022914   0.000309349    0.00181563      0.999975    0.00682654     -0.103071    0.00227905   -0.00683067      0.999974     -0.795804
     0.999996   -0.00186503   -0.00226717   0.000674629    0.00187984      0.999977    0.00655052    -0.0949239     0.0022549   -0.00655475      0.999976     -0.786979
     0.999995   -0.00195048   -0.00229634   -0.00420491    0.00196649      0.999974    0.00698848    -0.0915156    0.00228265   -0.00699296      0.999973     -0.820103
     0.999996   -0.00191144   -0.00209046    0.00474245    0.00192553      0.999975    0.00676052    -0.0743652    0.00207749   -0.00676452      0.999975     -0.827426
     0.999995   -0.00207802   -0.00222159    0.00753184    0.00209353      0.999973    0.00700256     -0.098573    0.00220698   -0.00700717      0.999973     -0.812824
     0.999995   -0.00227951   -0.00220055    0.00705225    0.00229395      0.999976    0.00658253    -0.0710895    0.00218549   -0.00658754      0.999976     -0.823408
     0.999995   -0.00225693   -0.00224396    0.00492819    0.00227209      0.999974    0.00677322    -0.0731348    0.00222861   -0.00677828      0.999975     -0.777968
     0.999995   -0.00221458   -0.00215965    0.00546142    0.00222905      0.999975    0.00671957    -0.0620093    0.00214471   -0.00672435      0.999975     -0.815933
     0.999997   -0.00185581   -0.00186002    0.00750188     0.0018683      0.999976    0.00673912    -0.0750105    0.00184746   -0.00674257      0.999976     -0.750025
     0.999999  -0.000657176   -0.00102503    -0.0200105   0.000663714      0.999979    0.00639095     -0.115674    0.00102081   -0.00639163      0.999979     -0.612442
     0.999999  -0.000695483  -0.000959988    -0.0160176   0.000701115      0.999982    0.00587853    -0.0837215   0.000955883    -0.0058792      0.999982     -0.819604
     0.999999   -0.00124653   0.000129528   -0.00726762    0.00124564      0.999977    0.00663668    -0.0766211  -0.000137798   -0.00663651      0.999978      -1.16887
     0.999999   -0.00122674  -0.000418106   -0.00053879    0.00123005      0.999967    0.00800798     -0.105862   0.000408268   -0.00800849      0.999968     -0.931043
     0.999999  -0.000260699   -0.00109652      0.018882   0.000269735      0.999966    0.00824836     -0.132636    0.00109433   -0.00824865      0.999965     -0.817066
            1  -3.56477e-05   0.000266845    -0.0182509   3.51063e-05      0.999998    0.00202886    -0.0571176  -0.000266917   -0.00202885      0.999998     -0.346461
            1  -5.22531e-05  -0.000837895    -0.0677184   5.11492e-05      0.999999   -0.00131744     0.0357067   0.000837963     0.0013174      0.999999     -0.125051
     0.999999   -0.00116461  -0.000421633    -0.0336015    0.00116669      0.999987    0.00497396     0.0336304   0.000415835   -0.00497445      0.999988     -0.725935
            1  -0.000619681   0.000303556    -0.0229291    0.00061937      0.999999    0.00102354     0.0413192   -0.00030419   -0.00102335      0.999999     -0.215018
     0.999998    -0.0018768  -0.000739872    -0.0174166    0.00187615      0.999998  -0.000873208      0.129522   0.000741509   0.000871818      0.999999      0.317745
     0.999999  -0.000931919   -0.00139114   -0.00706811   0.000934596      0.999998    0.00192492       0.14056    0.00138935   -0.00192621      0.999997    -0.0727964
     0.999999  -0.000665462   -0.00094635    -0.0142628   0.000668602      0.999994    0.00332149     0.0868162   0.000944134   -0.00332212      0.999994     -0.385601
     0.999999  -0.000891412  -0.000919907    -0.0107944      0.000895      0.999992    0.00390692     0.0332773   0.000916417   -0.00390774      0.999992     -0.403194
     0.999999   -0.00118202  -0.000939847   -0.00906095    0.00118624      0.999989    0.00449287    0.00212449   0.000934526   -0.00449398      0.999989     -0.451288
     0.999999   -0.00115721  -0.000979443   0.000153221    0.00116127      0.999991    0.00415192      0.025354   0.000974629   -0.00415305      0.999991     -0.407816
     0.999999   -0.00100114  -0.000915604    8.1807e-05    0.00100491      0.999991    0.00413281     0.0234147   0.000911458   -0.00413373      0.999991     -0.449626
     0.999999   -0.00114791  -0.000897079   -0.00620397    0.00115213      0.999988    0.00471558   -0.00417929   0.000891655   -0.00471661      0.999988     -0.478665
     0.999999   -0.00129465  -0.000945574   -0.00673588    0.00129934      0.999987    0.00497385    -0.0208069   0.000939122   -0.00497507      0.999987      -0.50181
     0.999998   -0.00148411   -0.00095856   -0.00325082    0.00148904      0.999986    0.00515954    -0.0210911   0.000950889   -0.00516096      0.999986     -0.495831
     0.999998   -0.00154763  -0.000880728    -0.0137185    0.00155194      0.999987     0.0049149     0.0027343    0.00087311   -0.00491626      0.999988     -0.526273
     0.999998   -0.00146044   -0.00103609    -0.0165506    0.00146582      0.999985    0.00521573    -0.0186838    0.00102845   -0.00521724      0.999986     -0.519701
     0.999999   -0.00129285  -0.000523412   -0.00703944    0.00129553      0.999986    0.00515882     -0.028802   0.000516735   -0.00515949      0.999987     -0.506523
     0.999999   -0.00133283   -0.00070237    -0.0108435    0.00133674      0.999983    0.00560234    -0.0373138   0.000694891   -0.00560327      0.999984     -0.529132
     0.999999   -0.00129936  -0.000706172   -0.00335769    0.00130311      0.999985    0.00532409    -0.0267142   0.000699243   -0.00532501      0.999986     -0.525858
     0.999999   -0.00135296  -0.000901279   -0.00638304    0.00135832      0.999981    0.00597407    -0.0316714   0.000893179   -0.00597528      0.999982     -0.530841
     0.999999   -0.00131684   -0.00046162   -0.00849022    0.00131922      0.999986    0.00519994    -0.0150014   0.000454766   -0.00520054      0.999986     -0.601165
     0.999999   -0.00111259  -0.000123346    -0.0261019    0.00111325      0.999984    0.00545773    -0.0521159   0.000117272   -0.00545786      0.999985     -0.647195
     0.999999   -0.00147688  -0.000496203    -0.0117541    0.00148054      0.999971    0.00745604    -0.0887395   0.000485177   -0.00745677      0.999972     -0.474487
     0.999999   -0.00125263  -0.000432826    -0.0149375    0.00125527       0.99998    0.00615733    -0.0628204   0.000425104   -0.00615787      0.999981     -0.606932
     0.999999   -0.00103649  -0.000179202    -0.0133428    0.00103751      0.999982    0.00583609    -0.0432479   0.000173149   -0.00583627      0.999983     -0.638075
     0.999999     -0.001046   -0.00032847    -0.0184471    0.00104806      0.999979    0.00633126    -0.0793475   0.000321841    -0.0063316       0.99998     -0.687057
     0.999999   -0.00104294  -0.000422044   -0.00782477    0.00104567      0.999978    0.00653197    -0.0795273   0.000415222   -0.00653241      0.999979     -0.725613
     0.999999   -0.00125762  -0.000611211   -0.00131785    0.00126199      0.999973      0.007211     -0.101222   0.000602126   -0.00721177      0.999974      -0.76492
     0.999999   -0.00120312  -0.000603161      0.002684    0.00120711      0.999977    0.00665658    -0.0874226   0.000595139    -0.0066573      0.999978     -0.740989
     0.999999   -0.00105965  -0.000576398   -0.00239427    0.00106348      0.999977    0.00669805     -0.103813   0.000569287   -0.00669866      0.999977     -0.759826
     0.999999   -0.00111912  -0.000322556    0.00186078    0.00112119      0.999978    0.00648859     -0.112035   0.000315287   -0.00648894      0.999979     -0.737488
     0.999999   -0.00122949  -0.000346725   0.000549207    0.00123174      0.999978    0.00656445     -0.109069   0.000338646   -0.00656487      0.999978     -0.744912
     0.999999    -0.0012959   -0.00049568     0.0057575    0.00129905      0.999979    0.00640217    -0.0960138   0.000487372    -0.0064028      0.999979     -0.736069
     0.999999   -0.00124561  -0.000428184    0.00634111    0.00124851      0.999976    0.00683984     -0.108992   0.000419653   -0.00684036      0.999977     -0.761281
     0.999999   -0.00123172  -0.000490929     0.0064521    0.00123508      0.999975    0.00691493     -0.110161     0.0004824   -0.00691553      0.999976     -0.747159
     0.999999   -0.00125147  -0.000537686    0.00870739    0.00125509      0.999976     0.0067773     -0.102484   0.000529192   -0.00677797      0.999977     -0.752508
     0.999999   -0.00133793  -0.000559951    0.00877588    0.00134168      0.999976    0.00675777     -0.100303   0.000550897   -0.00675851      0.999977     -0.730964
     0.999999   -0.00141285  -0.000477673   -0.00625331    0.00141617      0.999974    0.00703356     -0.117276   0.000467723   -0.00703423      0.999975     -0.781265
     0.999999   -0.00137563  -0.000315074   -0.00161872     0.0013778      0.999975    0.00699518    -0.0941149   0.000305443   -0.00699561      0.999975      -0.75313
     0.999999   -0.00123177   -0.00039782    -0.0034181    0.00123463      0.999973    0.00728187     -0.106349   0.000388839   -0.00728235      0.999973     -0.787624
     0.999999   -0.00129648  -0.000578267    0.00935461    0.00130057      0.999974    0.00712426     -0.112701   0.000569015   -0.00712501      0.999974     -0.759307
     0.999999   -0.00118224  -0.000642364    0.00793519    0.00118682      0.999974    0.00717223     -0.118948   0.000633867   -0.00717299      0.999974     -0.777718
     0.999999   -0.00131064  -0.000740768    0.00304637    0.00131609      0.999972    0.00741277     -0.116865   0.000731031   -0.00741374      0.999972     -0.772073
     0.999999   -0.00130268  -0.000639311    0.00135716    0.00130729      0.999973    0.00726674     -0.102075   0.000629827   -0.00726757      0.999973      -0.80322
     0.999999   -0.00148847  -0.000562785   -0.00722989    0.00149263      0.999971    0.00746144     -0.105545   0.000551663   -0.00746228      0.999972     -0.786767
     0.999999   -0.00149647  -0.000604174   -0.00826012    0.00150081      0.999973    0.00724982     -0.111609   0.000593309   -0.00725072      0.999974      -0.79349
     0.999999   -0.00119195  -0.000527334  -0.000612871    0.00119574      0.999973    0.00724876     -0.118888    0.00051868   -0.00724938      0.999974      -0.73849
     0.999999   -0.00106559  -0.000380085   -0.00872661    0.00106811      0.999977    0.00668913     -0.145552   0.000372948   -0.00668953      0.999978     -0.774599
     0.999999    -0.0012235  -0.000426413    -0.0115509    0.00122612       0.99998    0.00620368    -0.0875008   0.000418815    -0.0062042      0.999981     -0.829249
     0.999999    -0.0013187   -0.00062283   -0.00525808    0.00132292      0.999976    0.00681981    -0.0895036   0.000613821   -0.00682063      0.999977     -0.775845
     0.999999   -0.00120338  -0.000581044   -0.00372664    0.00120719      0.999978    0.00659592    -0.0965511   0.000573094   -0.00659661      0.999978     -0.789063
     0.999999   -0.00111628   -0.00101918   0.000790814    0.00112339      0.999975      0.006999    -0.0926257    0.00101134   -0.00700014      0.999975     -0.763064
     0.999999  -0.000933326   -0.00082866    0.00566847   0.000939396      0.999973    0.00735572    -0.0949449   0.000821772   -0.00735649      0.999973     -0.788906
     0.999999   -0.00142822   -0.00017594    -0.0102083    0.00142935      0.999977    0.00660209     -0.105262   0.000166507   -0.00660233      0.999978     -0.686686
     0.999996   -0.00201291    0.00207051    -0.0886723    0.00200509      0.999991    0.00377426     0.0020062   -0.00207809   -0.00377009      0.999991     -0.330775
     0.999999   -0.00134033   0.000462198    -0.0557695    0.00133663      0.999968    0.00790333     -0.050224  -0.000472777    -0.0079027      0.999969     -0.725397
     0.999999   -0.00146343    0.00078966    -0.0233365    0.00145744      0.999971    0.00752975    -0.0901897  -0.000800656   -0.00752859      0.999971     -0.839312
