# 3dvolreg matrices (DICOM-to-DICOM, row-by-row):
     0.999998   -0.00205113   0.000673292    -0.0576256    0.00204672      0.999977    0.00648613      0.379807   -0.00068658   -0.00648474      0.999979     -0.571932
     0.999998    -0.0021646   0.000299936    -0.0322397    0.00216379      0.999994     0.0026981      0.538155  -0.000305775   -0.00269744      0.999996     0.0380009
     0.999997   -0.00229209   0.000202292    -0.0310525    0.00229132       0.99999    0.00375795      0.513228  -0.000210904   -0.00375747      0.999993    -0.0813633
     0.999997   -0.00225346    0.00019711    -0.0367565    0.00225276      0.999991    0.00348907      0.525499  -0.000204971   -0.00348862      0.999994    -0.0782295
     0.999997   -0.00229255   0.000165452    -0.0398297    0.00229185      0.999989    0.00414863      0.504954  -0.000174961   -0.00414824      0.999991     -0.117963
     0.999997   -0.00228874   0.000170049    -0.0397683    0.00228803      0.999989    0.00402623      0.499908  -0.000179262   -0.00402583      0.999992       -0.1086
     0.999998    -0.0018301   0.000409298    -0.0431041    0.00182777      0.999983    0.00561937      0.466584  -0.000419575   -0.00561861      0.999984     -0.277942
     0.999999    -0.0015646   0.000644186    -0.0561017    0.00156046      0.999978    0.00637151      0.474111  -0.000654141   -0.00637049      0.999979     -0.531305
     0.999998   -0.00202944   0.000191447    -0.0628577      0.002028      0.999972    0.00720705      0.428492  -0.000206068   -0.00720665      0.999974     -0.588597
     0.999998    -0.0015043    0.00107354    -0.0700987    0.00149643      0.999972    0.00729722      0.413186   -0.00108449   -0.00729561      0.999973     -0.499245
     0.999999  -0.000738552    0.00118182    -0.0721743   0.000727863      0.999959    0.00901941      0.358278   -0.00118844   -0.00901854      0.999959     -0.720261
     0.999999  -0.000583693    0.00133798     -0.060826   0.000572002      0.999962    0.00872192      0.343838   -0.00134302   -0.00872115      0.999961      -0.70562
     0.999999  -0.000701543    0.00128541    -0.0598764   0.000689641      0.999957    0.00923642      0.308646   -0.00129184   -0.00923552      0.999957     -0.769503
     0.999999  -0.000720835    0.00116333    -0.0452684   0.000710605      0.999961    0.00876962      0.293713   -0.00116961   -0.00876878      0.999961     -0.668189
     0.999999  -0.000793125    0.00129853    -0.0589195   0.000781654      0.999961    0.00881048       0.29433   -0.00130547   -0.00880946       0.99996     -0.770539
     0.999999  -0.000541507     0.0015672    -0.0554979   0.000528506      0.999966    0.00828432      0.325602   -0.00157163   -0.00828348      0.999964     -0.784991
     0.999999  -0.000610755    0.00152851    -0.0602524   0.000597252      0.999961    0.00881952      0.280136   -0.00153384    -0.0088186       0.99996     -0.823386
     0.999999  -0.000542355    0.00145899    -0.0537064   0.000529861      0.999963    0.00855052       0.30317   -0.00146358   -0.00854974      0.999962     -0.799692
     0.999999  -0.000647338    0.00121922    -0.0610731   0.000636063      0.999957    0.00922513      0.266215   -0.00122514   -0.00922435      0.999957     -0.815557
     0.999999   -0.00044173    0.00150126    -0.0543177   0.000428424      0.999961    0.00885204      0.277198   -0.00150511   -0.00885139       0.99996     -0.813456
     0.999999   -0.00055363    0.00147275    -0.0581875   0.000540089      0.999958    0.00917909      0.250736   -0.00147777   -0.00917828      0.999957     -0.833135
     0.999999  -0.000477124    0.00150019    -0.0560216   0.000463869      0.999961    0.00882347      0.274402   -0.00150435   -0.00882276       0.99996     -0.830601
     0.999999  -0.000501962    0.00147089     -0.063714   0.000488082      0.999955    0.00942149      0.280188   -0.00147556   -0.00942076      0.999955      -0.83132
     0.999999  -0.000686727    0.00145612    -0.0482052   0.000673621      0.999959    0.00898185      0.285915   -0.00146223   -0.00898086      0.999959     -0.835391
     0.999998  -0.000834374    0.00154402    -0.0405272   0.000820669       0.99996    0.00885578      0.285449   -0.00155135    -0.0088545       0.99996     -0.849411
     0.999999   -0.00057082    0.00143525    -0.0627459   0.000558334      0.999962     0.0086847      0.285798   -0.00144016   -0.00868388      0.999961      -0.84191
     0.999999  -0.000689334    0.00148331    -0.0705721   0.000676091       0.99996    0.00891015         0.266   -0.00148939   -0.00890913      0.999959     -0.839788
     0.999998  -0.000330472    0.00184747    -0.0790145   0.000314333      0.999962    0.00872925      0.279542   -0.00185029   -0.00872865       0.99996     -0.835197
     0.999998  -0.000450203    0.00176654    -0.0664815   0.000434681      0.999961    0.00877769      0.272627   -0.00177043   -0.00877691       0.99996     -0.814531
     0.999998  -0.000687956    0.00163307    -0.0549648   0.000673679      0.999962    0.00872726      0.270927   -0.00163901   -0.00872615      0.999961      -0.86014
     0.999998  -0.000310894    0.00182961    -0.0652791    0.00029597      0.999967    0.00815145         0.268   -0.00183208   -0.00815089      0.999965     -0.834134
     0.999998  -0.000577408    0.00175805    -0.0620034     0.0005623      0.999963    0.00858196      0.247759   -0.00176294   -0.00858096      0.999962     -0.872634
     0.999998  -0.000669052    0.00184573     -0.059111   0.000654236      0.999968    0.00801603      0.267686   -0.00185103    -0.0080148      0.999966     -0.848216
     0.999999  -0.000683339    0.00130523    -0.0634055   0.000673153      0.999969    0.00778883       0.26403   -0.00131052   -0.00778795      0.999969     -0.957524
     0.999999  -0.000716817     0.0014235    -0.0651967   0.000706991      0.999976    0.00689092      0.290601   -0.00142841   -0.00688991      0.999975     -0.859597
     0.999995   -0.00141526    0.00280762    -0.0801662    0.00141768      0.999999   -0.00086111      0.402416    -0.0028064   0.000865086      0.999996   -0.00104685
     0.999998   -0.00116689    0.00177799    -0.0733064    0.00116478      0.999999    0.00119099      0.487699   -0.00177938   -0.00118892      0.999998    0.00241401
     0.999999    -0.0011538    0.00115073    -0.0671921    0.00114688      0.999981    0.00599118      0.459442   -0.00115763   -0.00598985      0.999981     -0.560134
     0.999999   -0.00109328    0.00118763    -0.0670005    0.00108468      0.999973    0.00721861      0.376767   -0.00119549   -0.00721731      0.999973     -0.703668
     0.999999  -0.000992981    0.00106332    -0.0526038   0.000985667      0.999976    0.00685666      0.352422    -0.0010701    -0.0068556      0.999976     -0.735219
     0.999999   0.000375336    0.00136162     -0.059873  -0.000385597      0.999971    0.00754364      0.339791   -0.00135875   -0.00754416      0.999971     -0.744006
     0.999999  -0.000182575    0.00145422    -0.0813379    0.00017091      0.999968    0.00801754      0.295809   -0.00145564   -0.00801728      0.999967     -0.673677
     0.999999   -0.00079997    0.00112942    -0.0945069    0.00079152      0.999972    0.00746265       0.29485   -0.00113536   -0.00746175      0.999972     -0.752896
     0.999999  -0.000917076    0.00108649    -0.0833179    0.00090832      0.999967    0.00803149      0.294197   -0.00109382    -0.0080305      0.999967      -0.70517
     0.999998     -0.001647   0.000693543    -0.0521007    0.00164172       0.99997    0.00754035      0.312064  -0.000705942    -0.0075392      0.999971     -0.815919
     0.999999   -0.00134007    0.00105178    -0.0600931    0.00133272      0.999975    0.00695828      0.334515   -0.00106108   -0.00695687      0.999975     -0.828328
     0.999999  -0.000777898    0.00130471    -0.0894717   0.000767488      0.999968    0.00796047       0.29106   -0.00131086   -0.00795946      0.999967     -0.855473
     0.999998  -0.000998242    0.00145207    -0.0589924   0.000986944      0.999969    0.00776073      0.321797   -0.00145977   -0.00775928      0.999969     -0.812583
     0.999998    -0.0013708    0.00129029    -0.0630814    0.00136033      0.999966    0.00807608      0.296666   -0.00130131   -0.00807431      0.999967     -0.876258
     0.999998   -0.00130344    0.00132385    -0.0612105     0.0012936      0.999972    0.00740034      0.325639   -0.00133345   -0.00739862      0.999972      -0.84524
     0.999998   -0.00142751    0.00110223    -0.0682464    0.00141878      0.999968    0.00787633      0.294724   -0.00111344   -0.00787475      0.999968     -0.880177
     0.999998   -0.00137615    0.00111998    -0.0676369    0.00136803      0.999973    0.00721401      0.325651   -0.00112988   -0.00721246      0.999973     -0.878513
     0.999999   -0.00114952   0.000506969    -0.0735422    0.00114553      0.999969    0.00781703      0.295438  -0.000515939   -0.00781644      0.999969     -0.781561
     0.999999   -0.00159889   0.000481036    -0.0601249    0.00159532      0.999972    0.00733459      0.286208   -0.00049275   -0.00733381      0.999973     -0.831137
     0.999998    -0.0015417    0.00102077    -0.0684928    0.00153478      0.999976    0.00674804      0.342018   -0.00103115   -0.00674647      0.999977     -0.820286
     0.999998   -0.00159685   0.000837539    -0.0723147    0.00159056      0.999971    0.00745375      0.288654  -0.000849417   -0.00745241      0.999972     -0.823483
     0.999999   -0.00147785   0.000659456    -0.0717713    0.00147309      0.999973    0.00716179      0.331822  -0.000670023   -0.00716081      0.999974     -0.853158
     0.999999   -0.00127916   0.000528208     -0.079112    0.00127524      0.999972    0.00735083      0.327759  -0.000537596   -0.00735015      0.999973      -0.85247
     0.999999   -0.00120051   0.000552122    -0.0768843    0.00119653      0.999974    0.00714025       0.32056  -0.000560679   -0.00713958      0.999974     -0.878134
     0.999999   -0.00114483   0.000464715    -0.0829066    0.00114138      0.999972     0.0073516      0.300866  -0.000473119   -0.00735107      0.999973      -0.88228
     0.999999   -0.00130094   0.000640933    -0.0683625    0.00129638      0.999974    0.00706262      0.296907  -0.000650104   -0.00706178      0.999975     -0.875215
     0.999999   -0.00144829   0.000615923     -0.071077    0.00144368      0.999971    0.00742008      0.288026  -0.000626652   -0.00741918      0.999972       -0.8657
     0.999999   -0.00137068   0.000720487    -0.0727932    0.00136557      0.999974    0.00704518      0.305027  -0.000730125   -0.00704419      0.999975     -0.860929
     0.999999    -0.0014359   0.000533753    -0.0786184    0.00143181       0.99997    0.00758856      0.299875  -0.000544634   -0.00758779      0.999971     -0.863826
     0.999999   -0.00128857   0.000541102    -0.0767681    0.00128463      0.999973    0.00721601      0.318715  -0.000550386    -0.0072153      0.999974     -0.861921
     0.999999     -0.001464   0.000555917    -0.0739312    0.00145964      0.999969    0.00775862      0.290258  -0.000567258   -0.00775779       0.99997     -0.892018
     0.999999   -0.00145456   0.000555658    -0.0643494    0.00145044      0.999972    0.00734404      0.307437  -0.000566324   -0.00734323      0.999973     -0.865861
     0.999999    -0.0015384   0.000451598     -0.067141    0.00153492       0.99997    0.00761601      0.307443  -0.000463301    -0.0076153      0.999971     -0.899095
     0.999999   -0.00133157   0.000450912    -0.0624944    0.00132843      0.999975    0.00688561      0.346477   -0.00046007   -0.00688501      0.999976     -0.867665
     0.999999   -0.00167065   0.000211979    -0.0699743    0.00166899       0.99997     0.0075723      0.318072  -0.000224623   -0.00757194      0.999971     -0.891431
     0.999999   -0.00148238   0.000458229    -0.0672071    0.00147913      0.999974    0.00700358      0.337687  -0.000468599   -0.00700289      0.999975     -0.881949
     0.999999   -0.00132756   0.000582744    -0.0705065    0.00132287      0.999967    0.00798118       0.30616   -0.00059332    -0.0079804      0.999968     -0.815761
     0.999999    -0.0014368   0.000544353     -0.070053    0.00143312      0.999976    0.00670584      0.281358  -0.000553975   -0.00670505      0.999977     -0.926528
     0.999999   -0.00132683   0.000627115    -0.0694019    0.00132266      0.999977    0.00660815      0.312686  -0.000635869   -0.00660731      0.999978     -0.908617
     0.999999   -0.00146282   0.000593706    -0.0745311    0.00145836      0.999971    0.00743917      0.310524  -0.000604571   -0.00743829      0.999972     -0.924773
     0.999999    -0.0014728   0.000610374    -0.0651334    0.00146866      0.999976    0.00671735      0.325598  -0.000620253   -0.00671645      0.999977     -0.893707
     0.999998   -0.00167943   0.000610826    -0.0685307    0.00167495      0.999972    0.00725704      0.309184  -0.000622996     -0.007256      0.999973     -0.952923
     0.999998   -0.00166091   0.000559609    -0.0710511    0.00165701      0.999975    0.00690298      0.316779   -0.00057106   -0.00690204      0.999976     -0.908367
     0.999999   -0.00143952   0.000613217    -0.0747394    0.00143467      0.999968     0.0078429      0.283739  -0.000624488   -0.00784202      0.999969     -0.959261
     0.999998  -0.000120478    0.00181527    -0.0624212   0.000106067      0.999968    0.00793696      0.315921   -0.00181617   -0.00793675      0.999967     -0.952577
     0.999999  -0.000707766     0.0010443    -0.0801569   0.000698241      0.999958    0.00909293      0.260887    -0.0010507    -0.0090922      0.999958     -0.915541
     0.999999  -0.000554377    0.00091778    -0.0807592   0.000546527      0.999963    0.00853142      0.286841  -0.000922476   -0.00853091      0.999963     -0.998538
     0.999999  -0.000336963    0.00116084     -0.082679   0.000326737      0.999961    0.00879786       0.27942   -0.00116376   -0.00879747      0.999961     -0.942487
     0.999999   -0.00027666    0.00103529    -0.0825919   0.000267536      0.999961    0.00880299      0.260855   -0.00103768   -0.00880271      0.999961     -0.982034
     0.999999  -5.55644e-05    0.00106927    -0.0826559   4.63416e-05      0.999963    0.00862348      0.274341   -0.00106971   -0.00862342      0.999962     -0.939102
     0.999999  -5.27274e-05    0.00109362    -0.0876196   4.29742e-05       0.99996    0.00891638      0.253179   -0.00109405   -0.00891632       0.99996     -0.996924
     0.999999   0.000127577    0.00107305    -0.0750915    -0.0001366      0.999965    0.00841278      0.288482   -0.00107194   -0.00841292      0.999964     -0.939681
     0.999999  -0.000129319    0.00114892    -0.0766129   0.000118855      0.999959    0.00910248      0.240369   -0.00115005   -0.00910234      0.999958      -1.00439
     0.999999    9.8184e-05    0.00116715    -0.0677695  -0.000107807      0.999966    0.00824791      0.281407    -0.0011663   -0.00824803      0.999965     -0.999664
     0.999999  -4.98047e-05    0.00122145    -0.0797311   3.80483e-05      0.999954    0.00962305      0.255116   -0.00122187   -0.00962299      0.999953      -1.03952
     0.999999   0.000136647    0.00131198    -0.0714575  -0.000148064      0.999962    0.00870569      0.271746   -0.00131074   -0.00870588      0.999961     -0.996825
     0.999999   7.01984e-05    0.00110865    -0.0689451  -8.01144e-05       0.99996    0.00894666      0.247767   -0.00110798   -0.00894675      0.999959     -0.969562
     0.999999  -0.000130119    0.00109793    -0.0650226   0.000120154      0.999959    0.00907129       0.24196   -0.00109907   -0.00907115      0.999958      -1.01782
     0.999999  -0.000155803    0.00117682    -0.0602362   0.000145346      0.999961    0.00888084      0.282343   -0.00117816   -0.00888067       0.99996     -0.995536
            1   7.56563e-05   0.000627184    -0.0629178  -8.18198e-05      0.999952    0.00983302      0.284388  -0.000626409   -0.00983307      0.999951     -0.908647
            1   0.000417564  -0.000444311    -0.0710936  -0.000412901      0.999945     0.0104446      0.251185   0.000448648    -0.0104444      0.999945     -0.739058
            1  -0.000200782  -0.000217963    -0.0697193   0.000203074      0.999944     0.0105664      0.241336   0.000215829    -0.0105664      0.999944     -0.822482
     0.999999  -0.000292674  -0.000999557    -0.0792601   0.000303664      0.999939     0.0110125      0.260177   0.000996274    -0.0110128      0.999939     -0.754446
            1  -5.66676e-05  -0.000588054    -0.0746908   6.26236e-05      0.999949     0.0101334      0.284731   0.000587449    -0.0101334      0.999948     -0.816419
            1  -0.000240736  -0.000453562    -0.0760517   0.000245407      0.999947     0.0103262      0.256279   0.000451052    -0.0103263      0.999947     -0.847976
            1  -0.000289021  -0.000609891    -0.0799543   0.000294877      0.999954    0.00962245      0.285845   0.000607082   -0.00962263      0.999954     -0.894114
            1  -0.000100605  -0.000591407    -0.0850473   0.000106117      0.999957    0.00932625      0.296962   0.000590443   -0.00932631      0.999956     -0.896419
            1  -2.53177e-05  -0.000630313    -0.0780658   3.15551e-05      0.999951     0.0098977      0.259805   0.000630032   -0.00989772      0.999951     -0.923269
     0.999998    0.00107037   -0.00164445     -0.113012   -0.00104907      0.999916     0.0128981      0.283706    0.00165812    -0.0128964      0.999915     -0.565064
     0.999999   0.000469687   -0.00137636     -0.102359  -0.000452948      0.999926     0.0121373      0.279488    0.00138196    -0.0121367      0.999925     -0.711591
     0.999999  -0.000454547   -0.00101249    -0.0433734   0.000466142      0.999934     0.0114813       0.29835     0.0010072    -0.0114818      0.999934     -0.738496
     0.999999  -0.000160815   -0.00163987    -0.0749971   0.000180101      0.999931     0.0117671      0.285767    0.00163786    -0.0117674      0.999929     -0.803688
     0.999999   0.000101175   -0.00159385     -0.102374  -8.44211e-05      0.999945     0.0105082      0.295741    0.00159482    -0.0105081      0.999944     -0.819279
     0.999999  -0.000290634   -0.00120446    -0.0687492   0.000302572      0.999951    0.00992359      0.258377    0.00120152   -0.00992395       0.99995     -0.881748
            1  -0.000353574  -0.000788958    -0.0578012   0.000360932      0.999956    0.00934509       0.28676    0.00078562   -0.00934537      0.999956     -0.894907
            1   -0.00038865  -0.000778508    -0.0624438   0.000396095      0.999954    0.00958592      0.266444   0.000774746   -0.00958623      0.999954     -0.938534
     0.999999  -0.000600503  -0.000863927    -0.0581743   0.000608478      0.999957    0.00926102      0.276297   0.000858329   -0.00926154      0.999957      -0.92833
     0.999999  -0.000760368  -0.000856948    -0.0686303   0.000768856       0.99995    0.00994785      0.246869   0.000849341   -0.00994851       0.99995     -0.955962
     0.999999   -0.00074906   -0.00096589    -0.0665199   0.000758315      0.999953    0.00961709      0.281325   0.000958641   -0.00961782      0.999953     -0.914087
     0.999999  -0.000714494   -0.00121491    -0.0753813   0.000726935      0.999947     0.0102709      0.267765    0.00120751    -0.0102718      0.999947     -0.934925
     0.999999    -0.0004922   -0.00127198     -0.064673   0.000504365      0.999954    0.00958127      0.281302    0.00126721    -0.0095819      0.999953     -0.915578
     0.999999  -0.000532828   -0.00117082    -0.0697747   0.000544719      0.999948     0.0101795       0.25617    0.00116533    -0.0101802      0.999948     -0.945627
     0.999999  -0.000357237  -0.000962051    -0.0697699    0.00036639      0.999955    0.00953015      0.266971   0.000958603    -0.0095305      0.999954     -0.998074
     0.999999  -0.000333281   -0.00110414    -0.0724552   0.000343845      0.999954    0.00958147      0.265426    0.00110089   -0.00958184      0.999953     -0.945258
            1  -0.000307025  -0.000822841    -0.0660249   0.000314893      0.999954    0.00957929      0.259813   0.000819862   -0.00957955      0.999954     -0.907197
     0.999999   -0.00032219   -0.00138243    -0.0880501    0.00033582      0.999951    0.00987105      0.248259    0.00137918    -0.0098715       0.99995     -0.941003
     0.999999  -0.000518801   -0.00135383    -0.0750136   0.000531162      0.999958    0.00914604      0.285908    0.00134903   -0.00914674      0.999957     -0.916654
     0.999999  -0.000717437   -0.00119973     -0.066995    0.00072899      0.999953    0.00965719        0.2614    0.00119275   -0.00965806      0.999953     -0.946904
     0.999999  -0.000495336   -0.00114766    -0.0637323   0.000506152      0.999955    0.00944299      0.270601    0.00114293   -0.00944357      0.999955     -0.929554
     0.999999  -0.000569405   -0.00122492    -0.0718426   0.000581436      0.999951    0.00984445      0.264876    0.00121925   -0.00984515      0.999951     -0.953909
     0.999999  -0.000415688   -0.00116552    -0.0615007   0.000426604      0.999956    0.00938112      0.283273    0.00116157   -0.00938161      0.999955     -0.897991
     0.999999  -0.000538404   -0.00133946    -0.0679888   0.000551162      0.999954    0.00954259      0.289661    0.00133426   -0.00954332      0.999954     -0.933018
     0.999999  -0.000726544   -0.00123001    -0.0676683   0.000738107      0.999955    0.00942685      0.292967    0.00122311   -0.00942775      0.999955     -0.913514
     0.999999  -0.000613478   -0.00108667    -0.0681414   0.000623629      0.999956    0.00936594      0.291924    0.00108088   -0.00936661      0.999956     -0.938915
            1  -0.000486041  -0.000386383    -0.0720205   0.000489922      0.999949     0.0101092      0.268092   0.000381449    -0.0101094      0.999949     -0.931056
            1  -0.000377491  -4.66693e-06    -0.0660466   0.000377519       0.99995    0.00997923      0.275185   8.99628e-07   -0.00997923       0.99995     -0.951885
            1   -0.00033734   -0.00022696    -0.0536491   0.000339641      0.999948     0.0102161      0.270185   0.000223502    -0.0102162      0.999948     -0.917469
            1  -0.000321446   -0.00025031    -0.0494778   0.000323966      0.999949     0.0101307      0.255308   0.000247041    -0.0101308      0.999949     -0.965831
            1   -0.00036078  -0.000338387      -0.05251   0.000364242      0.999947     0.0102881      0.258381   0.000334658    -0.0102882      0.999947     -0.949701
            1  -0.000136906  -0.000254135     -0.074557   0.000139312      0.999955    0.00949156      0.293713   0.000252824    -0.0094916      0.999955     -0.975006
            1  -6.99753e-05  -0.000325988    -0.0881659    7.3084e-05      0.999954    0.00954598      0.318486   0.000325305     -0.009546      0.999954     -0.985557
     0.999996  -0.000269415   -0.00284579    -0.0406879   0.000307484       0.99991     0.0133854      0.205296    0.00284193    -0.0133862      0.999906     -0.793019
     0.999991    0.00028914     -0.004323     0.0275927  -0.000247119      0.999953    0.00971769      0.262956    0.00432561   -0.00971653      0.999943     -0.652307
     0.999998    9.0865e-05   -0.00184706   0.000870433  -7.81903e-05      0.999976    0.00686101       0.36098    0.00184764   -0.00686086      0.999975     -0.605955
     0.999998   0.000120686   -0.00179544    -0.0197291  -0.000105313      0.999963    0.00855957      0.366228     0.0017964   -0.00855937      0.999962      -0.68591
     0.999994  -0.000493979    -0.0035341    0.00943855   0.000532653       0.99994     0.0109506      0.303226    0.00352848    -0.0109524      0.999934     -0.915229
     0.999996   -0.00019624    -0.0029282   -0.00338668   0.000225026      0.999952    0.00983367      0.325126    0.00292613   -0.00983428      0.999947     -0.814732
     0.999997    0.00056643   -0.00242127    -0.0328666  -0.000547076      0.999968    0.00798666      0.347478    0.00242571   -0.00798531      0.999965     -0.590412
     0.999998   0.000286051   -0.00209084    -0.0347849  -0.000267288       0.99996    0.00896891      0.362973    0.00209332   -0.00896833      0.999958     -0.638846
     0.999997  -7.33307e-05   -0.00228031    -0.0420753   9.55978e-05      0.999952    0.00976639      0.297345    0.00227949   -0.00976659       0.99995     -0.769922
     0.999997  -0.000855098   -0.00220275     -0.051282   0.000875942      0.999955    0.00947955      0.328999    0.00219455   -0.00948145      0.999953     -0.768377
     0.999997  -0.000764473   -0.00230767    -0.0546433   0.000786127      0.999956    0.00939712      0.353767    0.00230038   -0.00939891      0.999953      -0.68354
     0.999998  -0.000399332   -0.00200152    -0.0452898   0.000418001      0.999956    0.00933551      0.351229     0.0019977   -0.00933632      0.999954      -0.72475
     0.999998  -0.000442644   -0.00177255    -0.0393388   0.000461063      0.999946     0.0104043      0.326401    0.00176784    -0.0104051      0.999944     -0.862135
     0.999999  -0.000288338   -0.00147078      -0.04292   0.000302939      0.999951    0.00993683      0.303659    0.00146784   -0.00993727       0.99995       -0.9173
     0.999999  -0.000306773    -0.0012854    -0.0471118   0.000319973      0.999947     0.0102813      0.282518    0.00128218    -0.0102818      0.999946     -0.924161
     0.999999   -0.00031797   -0.00120472    -0.0426504   0.000330532      0.999945     0.0104415      0.268033    0.00120134    -0.0104419      0.999945     -0.938869
     0.999999  -0.000247188   -0.00112197    -0.0384061   0.000259175      0.999943     0.0106965      0.265788    0.00111926    -0.0106968      0.999942      -0.94132
     0.999999  -0.000184457   -0.00105488     -0.022873   0.000193617      0.999962    0.00869041      0.288617    0.00105324   -0.00869061      0.999962     -0.713381
            1   0.000355237   0.000200111   -0.00085332  -0.000355323             1    0.00042946      0.448015  -0.000199959  -0.000429531             1      0.189494
     0.999995    0.00229024    0.00194976    -0.0153891   -0.00228591      0.999995   -0.00222215      0.511344   -0.00195484    0.00221768      0.999996   -0.00479973
     0.999978    0.00487212      0.004544   -0.00566989   -0.00483032      0.999946   -0.00916507      0.580861   -0.00458841    0.00914292      0.999948      0.837895
     0.999988    0.00399617    0.00276406    0.00409517   -0.00398034      0.999976   -0.00570882      0.607917    -0.0027868    0.00569775       0.99998      0.244201
     0.999997    0.00253749   0.000559926    0.00140018   -0.00253542       0.99999   -0.00367963       0.56297  -0.000569258    0.00367819      0.999993     0.0871981
     0.999997    0.00219589  -0.000720374    0.00223843   -0.00219675      0.999997   -0.00119487      0.543139   0.000717748    0.00119645      0.999999        0.5492
     0.999997    0.00225272  -0.000337773   -0.00884865    -0.0022531      0.999997    -0.0011263      0.583282   0.000335234    0.00112706      0.999999      0.435331
     0.999997      0.002337  -0.000175562   -0.00252671   -0.00233721      0.999997   -0.00122357      0.582021   0.000172702    0.00122398      0.999999       0.45034
     0.999997    0.00223248   -0.00031944      0.004065   -0.00223269      0.999997  -0.000659709      0.574021   0.000317966   0.000660421             1      0.420454
     0.999997    0.00228512  -0.000263478    0.00043891   -0.00228541      0.999997   -0.00111473       0.60519    0.00026093    0.00111533      0.999999      0.426645
     0.999998    0.00203438  -0.000205628   -0.00402407    -0.0020344      0.999998   -0.00012312      0.587349   0.000205377   0.000123538             1      0.395276
     0.999998    0.00204645  -0.000196229   -0.00943933   -0.00204655      0.999998  -0.000513106      0.611466   0.000195179   0.000513507             1      0.395469
     0.999998    0.00200933  -0.000400535     -0.015388   -0.00200928      0.999998   0.000120628      0.621333   0.000400777  -0.000119823             1      0.409978
     0.999998    0.00193321  -0.000243499    -0.0136821   -0.00193325      0.999998  -0.000184829      0.612359   0.000243142     0.0001853             1      0.384992
     0.999998    0.00190242  -0.000383332    -0.0128452   -0.00190241      0.999998   1.31838e-05      0.607062   0.000383357  -1.24546e-05             1       0.39265
     0.999998    0.00189168  -0.000352376    -0.0155452   -0.00189154      0.999998   0.000403023       0.59223   0.000353138  -0.000402355             1      0.356947
     0.999998    0.00183377  -0.000337574    -0.0112605   -0.00183363      0.999998   0.000421747      0.603999   0.000338347  -0.000421127             1      0.387936
     0.999998    0.00185474  -0.000300763   -0.00725484   -0.00185459      0.999998   0.000521873      0.592361    0.00030173  -0.000521314             1      0.363695
     0.999998    0.00177073  -0.000457572    -0.0103827   -0.00177025      0.999998    0.00105022      0.586711    0.00045943    -0.0010494      0.999999       0.34247
     0.999998    0.00180072  -0.000416702   -0.00943604   -0.00180018      0.999998    0.00128941      0.592069   0.000419023   -0.00128866      0.999999      0.325383
     0.999998    0.00190934   -0.00055079   -0.00964818   -0.00190857      0.999997    0.00140138      0.570336   0.000553464   -0.00140033      0.999999      0.316198
     0.999998    0.00189688  -0.000442631    -0.0112724   -0.00189628      0.999997    0.00133817      0.578761   0.000445169   -0.00133733      0.999999      0.315886
     0.999998    0.00178183  -0.000406351    -0.0124222   -0.00178098      0.999996    0.00208285      0.554821   0.000410061   -0.00208213      0.999998      0.281485
     0.999998    0.00178106  -0.000481337   -0.00961263   -0.00178002      0.999996    0.00215749      0.561882   0.000485178   -0.00215663      0.999998      0.279468
     0.999999    0.00155451  -0.000655807    -0.0124081   -0.00155316      0.999997    0.00206366      0.571294   0.000659012   -0.00206264      0.999998      0.234792
     0.999998    0.00163464  -0.000613165    -0.0116717   -0.00163359      0.999997    0.00170061      0.573155   0.000615943   -0.00169961      0.999998       0.21238
     0.999998    0.00174086   -0.00105118    -0.0206675   -0.00173785      0.999994     0.0028636      0.538655    0.00105616   -0.00286177      0.999995      0.284436
     0.999999    0.00148277  -0.000774027    -0.0170646   -0.00148178      0.999998    0.00127493      0.563032   0.000775916   -0.00127379      0.999999      0.187309
     0.999998    0.00176895  -0.000846175    -0.0169882   -0.00176767      0.999997    0.00151266      0.570286   0.000848848   -0.00151116      0.999998      0.208269
     0.999998    0.00178418   -0.00082986    -0.0161893   -0.00178254      0.999996    0.00197306      0.563674   0.000833378   -0.00197158      0.999998      0.214324
     0.999998    0.00185022  -0.000752407    -0.0126214   -0.00184884      0.999997    0.00182025      0.589792   0.000755773   -0.00181885      0.999998      0.241544
     0.999998    0.00180861  -0.000539922    -0.0135537   -0.00180743      0.999996    0.00217407      0.594221   0.000543852   -0.00217309      0.999997      0.192796
     0.999998    0.00165798  -0.000717626    -0.0107379   -0.00165629      0.999996    0.00234123      0.579417   0.000721505   -0.00234004      0.999997      0.202506
     0.999998    0.00165089  -0.000740519   -0.00722599    -0.0016491      0.999996    0.00239978      0.573597   0.000744478   -0.00239855      0.999997       0.17223
     0.999998    0.00177379  -0.000776719   -0.00779136   -0.00177205      0.999996    0.00223929      0.588363   0.000780688   -0.00223791      0.999997      0.207348
     0.999998    0.00168193  -0.000782243    -0.0108382   -0.00167996      0.999995    0.00250972      0.579799    0.00078646    -0.0025084      0.999997      0.189495
     0.999998     0.0017254  -0.000868161    -0.0155092   -0.00172351      0.999996    0.00216533       0.60398   0.000871894   -0.00216383      0.999997       0.23529
     0.999998    0.00175901  -0.000980544    -0.0177409   -0.00175656      0.999995    0.00249468      0.594342   0.000984927   -0.00249296      0.999996      0.199446
     0.999998    0.00176355   -0.00105318    -0.0253337   -0.00176033      0.999994    0.00304827      0.594812    0.00105855   -0.00304641      0.999995       0.17635
     0.999998    0.00180189  -0.000888881    -0.0219239   -0.00179937      0.999994    0.00283438      0.604239   0.000893984   -0.00283277      0.999996       0.15729
     0.999998    0.00173927  -0.000848405    -0.0203263   -0.00173698      0.999995    0.00269128      0.585113   0.000853082    -0.0026898      0.999996      0.179624
     0.999998    0.00170466  -0.000768172    -0.0202578   -0.00170245      0.999994    0.00286421      0.599565    0.00077305   -0.00286289      0.999996      0.158481
     0.999998    0.00180238  -0.000757485    -0.0136752   -0.00179992      0.999993    0.00322996      0.592567   0.000763302   -0.00322859      0.999994      0.177681
     0.999998    0.00178788  -0.000969967    -0.0152941   -0.00178483      0.999994    0.00313079      0.594855   0.000975559   -0.00312906      0.999995      0.159021
     0.999998    0.00167588   -0.00102367     -0.017556    -0.0016726      0.999993    0.00320501      0.592393    0.00102904    -0.0032033      0.999994       0.16595
     0.999998    0.00169749  -0.000888235    -0.0172159   -0.00169467      0.999994    0.00315786      0.592539    0.00089359   -0.00315635      0.999995      0.153927
     0.999998    0.00165633  -0.000891199    -0.0164829   -0.00165328      0.999993    0.00340616      0.589823   0.000896834   -0.00340469      0.999994      0.150935
     0.999998    0.00175858  -0.000861105     -0.011275   -0.00175605      0.999994     0.0029338      0.596701    0.00086626   -0.00293228      0.999995      0.149586
     0.999998    0.00197856   -0.00055854    -0.0144478   -0.00197659      0.999992    0.00350702      0.568459   0.000565475   -0.00350591      0.999994      0.184008
     0.999995    0.00280872   -0.00117316    -0.0253756   -0.00280255      0.999982    0.00523281      0.557234    0.00118783    -0.0052295      0.999986      0.289638
     0.999991    0.00366356   -0.00194031    -0.0392016   -0.00365124      0.999973    0.00631836      0.587645    0.00196341   -0.00631122      0.999978      0.365882
     0.999994    0.00296926   -0.00184523    -0.0394183   -0.00296038      0.999984    0.00479395      0.621966    0.00185944   -0.00478846      0.999987      0.291188
     0.999994    0.00270769   -0.00198877    -0.0465467   -0.00269778      0.999984    0.00497038      0.608517     0.0020022   -0.00496499      0.999986      0.275617
     0.999994    0.00256215   -0.00231789    -0.0433299   -0.00255106      0.999985    0.00477429      0.614212    0.00233009   -0.00476835      0.999986       0.24905
     0.999994    0.00247302   -0.00227549    -0.0357064    -0.0024626      0.999987    0.00456791      0.611608    0.00228675   -0.00456228      0.999987      0.200443
     0.999995    0.00229681   -0.00223168    -0.0312854   -0.00228507      0.999984    0.00524915      0.591551     0.0022437   -0.00524402      0.999984      0.189613
     0.999996    0.00207668   -0.00214796    -0.0284473   -0.00206594      0.999985    0.00499031      0.595297    0.00215829   -0.00498585      0.999985      0.182124
     0.999996     0.0020226   -0.00216423    -0.0328766   -0.00201031      0.999982    0.00566735      0.583457    0.00217565   -0.00566297      0.999982      0.169597
