# 3dvolreg matrices (DICOM-to-DICOM, row-by-row):
     0.999998  -0.000848718   -0.00151943     0.0112846   0.000859781      0.999973    0.00729527      0.134868     0.0015132   -0.00729656      0.999972     -0.955942
     0.999998  -0.000763375   -0.00166615     0.0155462   0.000775533      0.999973    0.00730855      0.136404    0.00166052   -0.00730983      0.999972     -0.970926
     0.999998  -0.000916467   -0.00162197      0.014848   0.000928403      0.999972    0.00737358      0.137519    0.00161517   -0.00737507      0.999971     -0.942932
     0.999999  -0.000852219   -0.00144593     0.0149638   0.000862397      0.999975    0.00705319      0.155098    0.00143989   -0.00705443      0.999974      -0.96194
     0.999998   -0.00117169   -0.00166687     0.0361855    0.00118335      0.999975    0.00701004      0.141179    0.00165861   -0.00701199      0.999974     -0.868827
     0.999998   -0.00127244   -0.00156957     0.0180101    0.00128257      0.999978    0.00646794      0.135579     0.0015613   -0.00646994      0.999978     -0.962542
     0.999998   -0.00126499   -0.00145284     0.0173515    0.00127445      0.999978    0.00653289      0.164362    0.00144455   -0.00653473      0.999978     -0.958947
     0.999998    -0.0012475   -0.00145706     0.0140563    0.00125782      0.999974    0.00710029      0.127828    0.00144817   -0.00710211      0.999974     -0.978779
     0.999998   -0.00104051   -0.00139884     0.0211767     0.0010502      0.999975     0.0069449      0.146299    0.00139158   -0.00694636      0.999975     -0.961845
     0.999998   -0.00111698   -0.00156497    0.00935317    0.00112827      0.999973     0.0072297      0.131036    0.00155685   -0.00723145      0.999973     -0.983004
     0.999999  -0.000963018   -0.00136347     0.0135792   0.000972329      0.999976     0.0068451      0.165492    0.00135685   -0.00684641      0.999976     -0.973302
     0.999999   -0.00103121   -0.00117825    0.00729823    0.00103984      0.999972    0.00735241      0.129056    0.00117064   -0.00735362      0.999972      -0.98858
     0.999998   -0.00130339   -0.00122885     0.0166319    0.00131197      0.999975     0.0070104      0.132891    0.00121968   -0.00701201      0.999975     -0.982834
     0.999998   -0.00136082    -0.0013493     0.0154976    0.00137063      0.999972    0.00730108      0.138686    0.00133933   -0.00730292      0.999972     -0.976904
     0.999997   -0.00150101    -0.0017823     0.0129259    0.00151355      0.999974    0.00705566      0.134218    0.00177166   -0.00705833      0.999974     -0.950739
     0.999998   -0.00129781   -0.00170678     0.0149483    0.00131029      0.999972    0.00732866      0.138905    0.00169722   -0.00733088      0.999972     -0.966859
     0.999998   -0.00126349   -0.00181813     0.0180574    0.00127672      0.999973    0.00729318      0.139095    0.00180886   -0.00729548      0.999972     -0.943876
     0.999997   -0.00149211   -0.00194174      0.020274    0.00150679       0.99997    0.00758028      0.147662    0.00193037   -0.00758318      0.999969     -0.963204
     0.999997   -0.00150872   -0.00184172     0.0233974    0.00152236      0.999971    0.00742737      0.164758    0.00183046   -0.00743016      0.999971     -0.945056
     0.999998   -0.00124991   -0.00158177     0.0113933    0.00126186      0.999971    0.00757468       0.16065    0.00157226   -0.00757666       0.99997     -0.960606
     0.999997    -0.0015269   -0.00166309     0.0253441    0.00153989      0.999968    0.00783858      0.206335    0.00165107   -0.00784112      0.999968     -0.944351
     0.999997   -0.00169966    -0.0017795     0.0286995    0.00171302       0.99997     0.0075307      0.218301    0.00176665   -0.00753372       0.99997     -0.964708
     0.999997   -0.00150214   -0.00168209     0.0367784     0.0015143      0.999973    0.00725244      0.233148    0.00167115   -0.00725497      0.999972     -0.926763
     0.999998    -0.0013609   -0.00176106      0.038749    0.00137333      0.999974    0.00708124      0.218694    0.00175138   -0.00708364      0.999973     -0.943312
     0.999998   -0.00116194   -0.00176618     0.0344614    0.00117458      0.999974     0.0071707      0.217633     0.0017578   -0.00717276      0.999973     -0.913397
     0.999998   -0.00108556   -0.00179848     0.0254974     0.0010989      0.999972    0.00743382      0.213396    0.00179036   -0.00743578      0.999971     -0.930079
     0.999998  -0.000791816   -0.00162789     0.0144096   0.000804279       0.99997    0.00766941      0.199448    0.00162177    -0.0076707      0.999969     -0.912438
     0.999999  -0.000557827    -0.0012642     0.0160872   0.000567342      0.999971    0.00753839      0.207217    0.00125995    -0.0075391      0.999971     -0.914202
     0.999999  -0.000716473   -0.00134014     0.0175976   0.000727023      0.999969    0.00788896      0.194708    0.00133444   -0.00788993      0.999968     -0.908278
     0.999999  -0.000698434   -0.00119556     0.0152848   0.000707507      0.999971    0.00760542       0.19938    0.00119021   -0.00760625       0.99997     -0.924078
     0.999999  -0.000416042   -0.00106112     0.0129151   0.000424047      0.999971    0.00755488      0.204533    0.00105794   -0.00755532      0.999971      -0.92166
     0.999999  -0.000385423   -0.00107806     0.0114199   0.000393374      0.999973    0.00738575       0.19758    0.00107518   -0.00738617      0.999972      -0.91357
     0.999999  -0.000478522   -0.00109982    0.00390926   0.000487159      0.999969    0.00786651      0.177173    0.00109602   -0.00786704      0.999968     -0.927874
     0.999999  -0.000342918   -0.00107631    0.00777049   0.000350745      0.999973    0.00728009      0.200956    0.00107378   -0.00728046      0.999973     -0.927633
     0.999999  -0.000372861   -0.00130843    0.00571905   0.000383609      0.999966    0.00822343      0.180291    0.00130532   -0.00822393      0.999965     -0.811891
     0.999999  -0.000216865   -0.00112724   -0.00164883   0.000224456      0.999977    0.00673867      0.211305    0.00112576   -0.00673892      0.999977      -0.90107
     0.999999  -8.47481e-05   -0.00104377     0.0119092   9.17038e-05      0.999978    0.00666577      0.213204    0.00104318   -0.00666586      0.999977     -0.905271
     0.999999  -2.38167e-05   -0.00127761     0.0120919   3.31978e-05      0.999973    0.00734321      0.180505     0.0012774   -0.00734325      0.999972     -0.920125
     0.999999  -0.000114055   -0.00110563     0.0167129   0.000121956      0.999974    0.00714875      0.193904    0.00110479   -0.00714888      0.999974     -0.919528
     0.999999  -0.000206755    -0.0012166     0.0170156   0.000215613      0.999973    0.00728568      0.193825    0.00121506   -0.00728593      0.999973     -0.946518
     0.999999  -0.000127435   -0.00113493     0.0196093   0.000135481      0.999975    0.00709232      0.205148      0.001134   -0.00709247      0.999974     -0.930803
            1  -0.000256697  -0.000892941     0.0197453   0.000263138      0.999974    0.00722023      0.208774   0.000891064   -0.00722046      0.999974     -0.961116
     0.999999  -0.000450447  -0.000941994     0.0169486    0.00045741      0.999972    0.00740537       0.18842   0.000938632   -0.00740579      0.999972     -0.951588
            1  -0.000217781  -0.000907916      0.020373   0.000224223      0.999975    0.00710118      0.203017   0.000906347   -0.00710138      0.999974     -0.955948
            1  -0.000173386  -0.000899779     0.0191067   0.000180163      0.999972    0.00753814      0.181499   0.000898446    -0.0075383      0.999971     -0.963787
     0.999999  -0.000294505   -0.00132941     0.0317489   0.000303854      0.999975    0.00703743      0.186334     0.0013273   -0.00703782      0.999974     -0.941301
     0.999999  -0.000537487   -0.00153356     0.0303397   0.000548712      0.999973    0.00732888       0.18454    0.00152957   -0.00732972      0.999972     -0.949274
     0.999999  -0.000381948   -0.00143691     0.0287538   0.000392641      0.999972    0.00744904      0.174443    0.00143402    -0.0074496      0.999971     -0.956061
     0.999999   -0.00034843   -0.00139222     0.0269409     0.0003588      0.999972    0.00745543      0.179905    0.00138958   -0.00745592      0.999971      -0.96656
     0.999999  -0.000414079   -0.00143767      0.022259   0.000424848      0.999972    0.00749815      0.163157    0.00143453   -0.00749875      0.999971     -0.959935
     0.999999   -0.00040346   -0.00132749      0.022535   0.000413089      0.999974    0.00726122       0.18578    0.00132453   -0.00726177      0.999973     -0.978555
     0.999999  -0.000427828   -0.00143843     0.0169234   0.000438769      0.999971    0.00761422      0.183189    0.00143513   -0.00761484       0.99997     -0.977008
     0.999999    -0.0004654   -0.00135842     0.0217075   0.000475558      0.999972    0.00748659      0.186156    0.00135489   -0.00748723      0.999971     -0.965684
     0.999999  -0.000649354   -0.00133013     0.0187617   0.000659295      0.999972     0.0074869      0.182381    0.00132523   -0.00748776      0.999971     -0.970163
     0.999998  -0.000970768   -0.00155788    0.00847028   0.000985392      0.999955    0.00941339      0.191629    0.00154868   -0.00941491      0.999954     -0.939754
     0.999996   -0.00200464   -0.00174801    -0.0284651    0.00202939      0.999896     0.0142736      0.170742    0.00171922    -0.0142771      0.999897      -0.90318
     0.999999    -0.0011514  -0.000722508   -0.00735159    0.00115842      0.999951    0.00978943      0.189526   0.000711201   -0.00979026      0.999952     -0.958825
     0.999999   -0.00106734   -0.00082685   -0.00360017    0.00107549       0.99995    0.00992209      0.180182   0.000816218   -0.00992297       0.99995     -0.998236
     0.999999   -0.00100393  -0.000765515   -0.00169349    0.00101125      0.999953    0.00963286       0.17099   0.000755809   -0.00963363      0.999953     -0.980837
     0.999999   -0.00111901  -0.000818841   -0.00402344    0.00112709       0.99995    0.00993988      0.174568   0.000807677    -0.0099408       0.99995      -0.99944
     0.999999   -0.00110901  -0.000757177   -0.00326897    0.00111657      0.999949     0.0100589      0.178092   0.000745983    -0.0100598      0.999949     -0.989161
     0.999997   -0.00220661   0.000817512    -0.0227072    0.00220362      0.999991    0.00364336      0.248818  -0.000825544   -0.00364154      0.999993     -0.532621
     0.999996   -0.00254224    0.00156072    -0.0835899    0.00254135      0.999997    0.00057164      0.316993   -0.00156217  -0.000567671      0.999999     -0.605273
     0.999999   -0.00125471   0.000869836    -0.0603785    0.00125077      0.999989    0.00451006      0.319851  -0.000875485   -0.00450897      0.999989     -0.918292
     0.999999   -0.00144094   0.000288859    -0.0419238    0.00143891      0.999975    0.00689838      0.231159  -0.000298791   -0.00689795      0.999976     -0.979537
     0.999999   -0.00110828   0.000119028    -0.0391889    0.00110718       0.99996    0.00885281      0.189159  -0.000128835   -0.00885267      0.999961      -0.93344
            1  -0.000985222   0.000140964    -0.0350868   0.000983934       0.99996     0.0088647      0.163664  -0.000149692   -0.00886456      0.999961      -0.95514
            1  -0.000421561   5.96588e-05   0.000982446   0.000421031      0.999963    0.00863008      0.190461  -6.32947e-05   -0.00863005      0.999963      -1.01169
            1   9.76186e-05  -0.000842583    -0.0258182  -9.01701e-05      0.999961    0.00883559      0.160986   0.000843413   -0.00883551      0.999961     -0.874813
     0.999999  -0.000817493   -0.00104198    -0.0226898   0.000826899      0.999959    0.00905903      0.148701    0.00103453   -0.00905988      0.999958     -0.904908
     0.999999  -0.000987786  -0.000874302    -0.0177524    0.00099546      0.999961    0.00882174      0.226509   0.000865553    -0.0088226      0.999961     -0.982647
     0.999999   -0.00108608   -0.00122161    -0.0228177     0.0010974      0.999956    0.00930011      0.198196    0.00121145   -0.00930143      0.999956     -0.975236
     0.999999  -0.000741269  -0.000868728    -0.0194071   0.000749089      0.999959    0.00903646      0.187518   0.000861993    -0.0090371      0.999959      -1.01747
     0.999999  -0.000670187  -0.000968131    -0.0255466   0.000678938      0.999959    0.00906662       0.19062   0.000962015   -0.00906727      0.999958     -0.987623
            1  -0.000559769  -0.000791555    -0.0250479   0.000567014      0.999958     0.0091826      0.183321   0.000786382   -0.00918304      0.999958      -1.02274
     0.999999   -0.00059917  -0.000939649    -0.0118875   0.000607636      0.999959    0.00903512      0.201758   0.000934196   -0.00903568      0.999959     -0.997955
     0.999999  -0.000817004  -0.000891429    -0.0224129   0.000825272      0.999956    0.00931464       0.19026    0.00088378   -0.00931537      0.999956      -1.01884
     0.999999  -0.000775733  -0.000845191    -0.0220858     0.0007834      0.999958    0.00910861      0.194423    0.00083809   -0.00910927      0.999958     -0.995059
     0.999999  -0.000816138   -0.00103219     -0.032882   0.000825836      0.999955    0.00943005      0.182088    0.00102445    -0.0094309      0.999955       -1.0227
     0.999999  -0.000722605    -0.0008384    -0.0249005   0.000729836      0.999962    0.00865585      0.210982   0.000832113   -0.00865645      0.999962      -1.02103
     0.999999  -0.000657576  -0.000798752    -0.0236244    0.00066449      0.999962    0.00868685      0.190347    0.00079301   -0.00868738      0.999962      -1.02998
     0.999999  -0.000759511  -0.000767236    -0.0242845   0.000766012      0.999964    0.00850879      0.182586   0.000760745   -0.00850937      0.999964      -1.02221
     0.999999  -0.000849428  -0.000799673    -0.0235973   0.000856373      0.999962    0.00872573      0.186056   0.000792231   -0.00872641      0.999962      -1.02322
     0.999999  -0.000813677  -0.000819138    -0.0233726   0.000820824      0.999961    0.00876287      0.182783   0.000811976   -0.00876354      0.999961     -0.999983
     0.999999  -0.000861221  -0.000914115    -0.0258425   0.000869278       0.99996    0.00885041       0.17596   0.000906457    -0.0088512       0.99996      -1.02076
     0.999999  -0.000935654  -0.000866762    -0.0263477   0.000943462      0.999959    0.00905212      0.170151   0.000858256   -0.00905293      0.999959      -1.01201
     0.999999  -0.000917953   -0.00088166    -0.0301597    0.00092573       0.99996    0.00886147      0.180828    0.00087349   -0.00886228       0.99996       -1.0375
     0.999999  -0.000936714   -0.00107253    -0.0296376   0.000946601      0.999957    0.00925582      0.175611    0.00106381   -0.00925683      0.999957      -1.07047
     0.999998  -0.000899421    0.00156841    -0.0220782   0.000889905      0.999981    0.00605732      0.201198   -0.00157382   -0.00605591       0.99998     -0.762207
     0.999988  -0.000760393    0.00490974    -0.0547866   0.000764621      0.999999  -0.000859438      0.325815   -0.00490908   0.000863181      0.999988     -0.344818
     0.999997   -0.00171778    0.00196603     -0.080178    0.00170807      0.999986    0.00493189      0.319145   -0.00197447   -0.00492851      0.999986      -1.03022
     0.999998  -0.000499864    0.00168995    -0.0656571   0.000488283      0.999976    0.00684601       0.21532   -0.00169333   -0.00684517      0.999975      -1.01482
     0.999998  -0.000474818    0.00166866    -0.0538025   0.000463677      0.999978    0.00667035      0.214441   -0.00167179   -0.00666957      0.999976      -1.00414
     0.999999  -0.000605899    0.00129228    -0.0545379   0.000596769      0.999975     0.0070538      0.193699   -0.00129652   -0.00705302      0.999974      -1.04228
     0.999999  -0.000748615    0.00116453    -0.0483498   0.000740252      0.999974    0.00716553      0.183682   -0.00116986   -0.00716466      0.999974      -1.03707
     0.999999  -0.000805248    0.00133945    -0.0498703   0.000795831      0.999975    0.00701662      0.191158   -0.00134507   -0.00701555      0.999974      -1.06603
     0.999999  -0.000855803    0.00120616    -0.0474182   0.000847449      0.999976    0.00690986      0.185008   -0.00121204   -0.00690883      0.999975      -1.04567
     0.999999  -0.000849011    0.00116633    -0.0437957   0.000840659      0.999974    0.00714292      0.192308   -0.00117236   -0.00714193      0.999974      -1.06176
     0.999999   -0.00086547    0.00112814    -0.0420137   0.000857144      0.999973    0.00735982      0.180125   -0.00113448   -0.00735885      0.999972      -1.06314
     0.999999  -0.000712676    0.00125361    -0.0380716   0.000703635      0.999974    0.00719712      0.183661   -0.00125871   -0.00719623      0.999973      -1.07646
     0.999999  -0.000804112    0.00117065    -0.0430953   0.000795198      0.999971    0.00759462      0.169019   -0.00117672   -0.00759369       0.99997       -1.0854
     0.999999  -0.000881174    0.00102404    -0.0395861   0.000873641      0.999973    0.00733384      0.176964   -0.00103048   -0.00733293      0.999973      -1.08271
     0.999999  -0.000893769    0.00109874    -0.0467783   0.000885155      0.999969    0.00781536      0.170782   -0.00110569   -0.00781438      0.999969      -1.07952
     0.999999  -0.000693948    0.00112145    -0.0489048   0.000685996      0.999975      0.007076      0.171433   -0.00112633   -0.00707523      0.999974      -1.08007
     0.999999  -0.000836136    0.00116053    -0.0513118    0.00082709      0.999969    0.00777392      0.141279   -0.00116699   -0.00777296      0.999969      -1.03592
     0.999999   -0.00104606   0.000881666    -0.0548053    0.00103984      0.999975    0.00702772      0.145505  -0.000888995   -0.00702679      0.999975      -1.08972
     0.999999   -0.00103175   0.000844129    -0.0523375    0.00102621      0.999978    0.00653596      0.187217  -0.000850854   -0.00653509      0.999978      -1.06593
     0.999999  -0.000985785   0.000841229    -0.0551278   0.000979482      0.999972    0.00746053      0.179273  -0.000848559    -0.0074597      0.999972      -1.06313
     0.999999  -0.000741649    0.00118985    -0.0355928   0.000732588      0.999971    0.00759711      0.199878   -0.00119545   -0.00759623       0.99997      -1.02451
     0.999999   -0.00109852   0.000886724    -0.0424462    0.00109126      0.999966    0.00815207       0.15524  -0.000895649    -0.0081511      0.999966      -1.05427
     0.999999  -0.000927116   0.000805609     -0.042415   0.000920861       0.99997    0.00773031      0.158687  -0.000812752   -0.00772957       0.99997      -1.05733
     0.999999   -0.00114859   0.000770051    -0.0436674    0.00114229      0.999966    0.00813326      0.157051  -0.000779367   -0.00813237      0.999967      -1.08314
     0.999999   -0.00103945   0.000743986    -0.0371684    0.00103374       0.99997     0.0076411       0.17641  -0.000751907   -0.00764032      0.999971      -1.05411
     0.999999   -0.00136436   0.000288471    -0.0399857    0.00136186      0.999963    0.00847075      0.158545  -0.000300017   -0.00847034      0.999964      -1.08434
     0.999999   -0.00141203   0.000188311    -0.0386639    0.00141047      0.999967    0.00803734      0.184001  -0.000199653   -0.00803707      0.999968      -1.07396
     0.999999   -0.00118247   1.84149e-05    -0.0360879    0.00118227      0.999964    0.00839786      0.169207  -2.83445e-05   -0.00839783      0.999965       -1.1163
     0.999999   -0.00103767   9.12237e-05    -0.0245971    0.00103689      0.999966    0.00817995      0.172091  -9.97087e-05   -0.00817985      0.999967      -1.07842
     0.999999   -0.00116484  -3.36854e-05    -0.0408106    0.00116509      0.999962    0.00868001      0.152297   2.35732e-05   -0.00868005      0.999962      -1.11183
     0.999999   -0.00122506   0.000104403    -0.0288989     0.0012242      0.999968    0.00790058      0.175507  -0.000114079   -0.00790045      0.999969        -1.086
     0.999999   -0.00146369   0.000128108    -0.0318796    0.00146255      0.999963    0.00851842      0.142255  -0.000140571   -0.00851822      0.999964      -1.11683
     0.999999   -0.00138067  -2.22179e-05    -0.0383177    0.00138081      0.999964    0.00837389      0.158073   1.06555e-05   -0.00837391      0.999965      -1.09761
     0.999999   -0.00148375   6.86679e-05    -0.0417285    0.00148312      0.999964     0.0084056      0.168284  -8.11372e-05   -0.00840549      0.999965      -1.11503
     0.999999   -0.00143004    0.00015776    -0.0373076    0.00142868      0.999964    0.00831138      0.152672   -0.00016964   -0.00831114      0.999965      -1.12147
     0.999999   -0.00138221   0.000363033    -0.0466023    0.00137902      0.999962    0.00863742      0.138828  -0.000374958   -0.00863691      0.999963      -1.14266
     0.999999   -0.00111374   0.000450065    -0.0454697    0.00110996      0.999965    0.00830344      0.171593  -0.000459297   -0.00830294      0.999965      -1.07239
     0.999999    -0.0011383   0.000190614      -0.04578    0.00113663      0.999963    0.00854688       0.15586  -0.000200336   -0.00854666      0.999963      -1.10362
     0.999999   -0.00127312   0.000378209     -0.045208    0.00126997      0.999965    0.00821985       0.16381  -0.000388661   -0.00821936      0.999966       -1.0825
     0.999999   -0.00129008   0.000402457    -0.0451821    0.00128659      0.999963    0.00855577      0.142216   -0.00041348   -0.00855524      0.999963      -1.10866
     0.999999   -0.00136657   0.000267649    -0.0394869    0.00136423      0.999962    0.00855834      0.153273  -0.000279334   -0.00855796      0.999963      -1.08765
     0.999999   -0.00138585   0.000311227    -0.0394349    0.00138324      0.999965    0.00823833       0.15323  -0.000322633   -0.00823789      0.999966      -1.10561
     0.999999   -0.00133523   6.38129e-05    -0.0494397     0.0013346      0.999958    0.00909539      0.150451  -7.59547e-05    -0.0090953      0.999959      -1.08472
            1  -0.000627688   0.000556234    -0.0618783   0.000621711      0.999943     0.0106811      0.160848  -0.000562907    -0.0106807      0.999943       -1.1735
     0.999999  -0.000983305   0.000286179    -0.0641216   0.000980135       0.99994     0.0108753      0.117713  -0.000296856     -0.010875      0.999941      -1.30236
     0.999998   -0.00176576  -0.000321694    -0.0642136    0.00176925      0.999936     0.0112013     0.0491956   0.000301894    -0.0112018      0.999937      -1.35943
     0.999999   -0.00138341   2.93165e-05    -0.0499461    0.00138303      0.999943     0.0105923       0.10141  -4.39684e-05    -0.0105923      0.999944      -1.25321
     0.999999   -0.00154626  -0.000253195    -0.0369379     0.0015489      0.999941     0.0107499     0.0997976   0.000236558    -0.0107502      0.999942      -1.22326
     0.999999   -0.00131838   -9.6153e-05    -0.0554835    0.00131932      0.999944     0.0104555      0.102779   8.23634e-05    -0.0104556      0.999945      -1.27938
     0.999999   -0.00146998  -0.000309252    -0.0301571    0.00147349      0.999931     0.0116838     0.0908702   0.000292055    -0.0116843      0.999932      -1.04992
     0.999999   -0.00157713  -0.000430524     -0.028757    0.00158117      0.999953    0.00953978      0.086468   0.000415459   -0.00954045      0.999954      -1.08599
     0.999999   -0.00118132  -0.000151144     -0.056363    0.00118255      0.999964    0.00839368       0.12275   0.000141223   -0.00839385      0.999965      -1.13866
     0.999999   -0.00124868  -0.000273532     -0.062364    0.00125114      0.999957    0.00918114     0.0941785   0.000262056   -0.00918147      0.999958      -1.13648
     0.999999   -0.00127695  -4.96252e-05    -0.0589413    0.00127734      0.999959    0.00896839       0.10517    3.8171e-05   -0.00896844       0.99996      -1.14298
     0.999999   -0.00130198  -0.000128093    -0.0642147    0.00130311      0.999956    0.00927392      0.104071   0.000116013   -0.00927408      0.999957      -1.16511
     0.999999   -0.00117451  -3.67653e-06     -0.057616    0.00117449      0.999961    0.00872092      0.132823  -6.56638e-06   -0.00872091      0.999962       -1.1836
     0.999999   -0.00147266  -0.000213348    -0.0579444    0.00147452      0.999958    0.00903394      0.103664   0.000200035   -0.00903424      0.999959      -1.20302
     0.999999   -0.00162722  -0.000288863     -0.058544    0.00162965      0.999962     0.0086093      0.124748   0.000274843   -0.00860976      0.999963      -1.18314
     0.999998   -0.00177464  -0.000474348    -0.0604434    0.00177887      0.999957    0.00907167      0.118407   0.000458229    -0.0090725      0.999959      -1.18723
     0.999999   -0.00156246  -0.000222421    -0.0593471    0.00156429      0.999963    0.00844398      0.147608   0.000209219   -0.00844431      0.999964      -1.18684
     0.999999   -0.00159581  -0.000351927    -0.0684417     0.0015989      0.999959    0.00894531      0.136037   0.000337637   -0.00894587       0.99996      -1.17695
     0.999999   -0.00165693  -0.000275035    -0.0670152    0.00165935      0.999958    0.00903918      0.131187   0.000260046   -0.00903962      0.999959      -1.18831
     0.999999   -0.00163098  -0.000320292    -0.0725365    0.00163389      0.999955    0.00931019      0.114094   0.000305093    -0.0093107      0.999957      -1.18187
     0.999999   -0.00154148  -0.000109131    -0.0639168    0.00154236      0.999961    0.00865563      0.117039    9.5784e-05   -0.00865579      0.999963      -1.16948
     0.999998   -0.00162342  -0.000791404    -0.0833062    0.00163198      0.999939     0.0109349      0.109682   0.000773603    -0.0109362       0.99994      -1.19632
     0.999995   -0.00204436   -0.00230644    -0.0853549    0.00208077      0.999871     0.0158999      0.119602    0.00227364    -0.0159047      0.999871      -1.16703
     0.999999   -0.00133397  -0.000936744    -0.0668742    0.00134537      0.999924     0.0122688       0.11772   0.000920306    -0.0122701      0.999924      -1.13269
     0.999999   -0.00103807  -0.000308692    -0.0691623     0.0010415      0.999936      0.011309      0.149297   0.000296932    -0.0113093      0.999936      -1.17256
     0.999999   -0.00133134  -0.000455229    -0.0734454    0.00133676      0.999926     0.0121047      0.127068    0.00043908    -0.0121053      0.999927      -1.17136
     0.999999   -0.00113379  -0.000219754    -0.0765292    0.00113627      0.999932      0.011645      0.149909   0.000206536    -0.0116453      0.999932      -1.14969
     0.999999  -0.000733033   0.000997077     -0.107281   0.000720174      0.999917     0.0128363     0.0903228    -0.0010064    -0.0128356      0.999917      -1.82706
            1   -0.00057364  -0.000200933     -0.056764   0.000576499      0.999894       0.01453     0.0402579   0.000192577    -0.0145301      0.999894      -1.58334
            1  -0.000528828  -0.000586112     -0.023275   0.000537129      0.999898      0.014254     0.0482633   0.000578514    -0.0142543      0.999898      -1.27965
            1    -0.0005287  -0.000730694    -0.0248461   0.000539707      0.999885     0.0151466     0.0975091   0.000722602     -0.015147      0.999885      -1.45471
            1  -0.000548619   -0.00054395    -0.0275642   0.000556684      0.999888     0.0149392      0.110208   0.000535693    -0.0149395      0.999888      -1.46664
            1  -0.000531354  -0.000616475    -0.0260019   0.000540431       0.99989     0.0148193      0.102086   0.000608533    -0.0148196       0.99989      -1.44023
     0.999999   -0.00116134    -3.815e-05    -0.0409683     0.0011618      0.999874     0.0158426     0.0761046   1.97465e-05    -0.0158427      0.999874      -1.56336
            1   0.000539623   -0.00084123    -0.0625173  -0.000535655      0.999989    0.00470954      0.128381   0.000843762   -0.00470909      0.999989     -0.999309
     0.999997    0.00205433   -0.00113717     0.0280075   -0.00208188      0.999691    -0.0247749       0.34221    0.00108592     0.0247772      0.999692      0.436808
     0.999992    0.00391521  -0.000518269     0.0723868   -0.00392687      0.999684    -0.0248221      0.485362   0.000420922     0.0248239      0.999692   -0.00486613
      0.99999     0.0043893  -0.000537662     0.0122401   -0.00439344      0.999959   -0.00795277      0.380929   0.000502733    0.00795505      0.999968      -1.50477
     0.999997  -0.000162778    0.00252522     -0.057093   0.000131864      0.999925     0.0122373      0.198708   -0.00252702     -0.012237      0.999922      -1.69205
     0.999999    -0.0013709  -0.000271576    -0.0885409     0.0013758       0.99982      0.018932     0.0960135   0.000245573    -0.0189324      0.999821      -1.07555
     0.999998   -0.00208355  -0.000100022    -0.0645084    0.00208516      0.999788     0.0204788      0.133658   5.73324e-05     -0.020479       0.99979     -0.920977
     0.999998   -0.00201366   0.000893021    -0.0558245    0.00199572      0.999805     0.0196592      0.142199  -0.000932433    -0.0196574      0.999806     -0.958256
     0.999998  -0.000786886    0.00172063    -0.0408676   0.000760744      0.999885     0.0151415      0.168255   -0.00173235    -0.0151401      0.999884      -1.10579
     0.999999  -0.000574059    0.00159725    -0.0504028   0.000550419      0.999891      0.014762      0.156277   -0.00160555    -0.0147611       0.99989       -1.1058
     0.999999  -0.000640754    0.00101645    -0.0624082   0.000624879      0.999879     0.0155423      0.135274   -0.00102629    -0.0155417      0.999879      -1.08213
     0.999999  -0.000642332    0.00111713    -0.0752183   0.000626274      0.999897     0.0143161      0.167681   -0.00112621    -0.0143154      0.999897      -1.13984
     0.999999  -0.000824684    0.00109311     -0.079656   0.000808334      0.999889     0.0148735      0.161871   -0.00110525    -0.0148726      0.999889       -1.1485
     0.999999  -0.000771337    0.00115231    -0.0788932   0.000754148       0.99989     0.0148439      0.164047   -0.00116363     -0.014843      0.999889      -1.15162
     0.999999  -0.000756013      0.001062    -0.0754633   0.000740507      0.999894     0.0145257      0.164095   -0.00107287    -0.0145249      0.999894      -1.11282
     0.999999  -0.000839247    0.00130801    -0.0713156   0.000820438      0.999897     0.0143149       0.14808   -0.00131989    -0.0143138      0.999897      -1.18469
     0.999998  -0.000736851    0.00156761     -0.061021   0.000715215      0.999905     0.0137578      0.171402    -0.0015776    -0.0137566      0.999904      -1.17599
     0.999999  -0.000761529    0.00143994      -0.06518   0.000741893      0.999907     0.0135885      0.151277   -0.00145016    -0.0135874      0.999907      -1.18252
     0.999999   -0.00080389    0.00148195    -0.0611231   0.000783837      0.999909     0.0134827      0.166343   -0.00149266    -0.0134815      0.999908      -1.18022
     0.999999  -0.000891271    0.00134246    -0.0608539   0.000873091      0.999909     0.0134822      0.158198   -0.00135435     -0.013481      0.999908      -1.16153
     0.999999  -0.000813815     0.0013322     -0.070092   0.000795467      0.999906     0.0137154      0.157724   -0.00134324    -0.0137143      0.999905      -1.17843
     0.999999  -0.000931741    0.00130238    -0.0636714   0.000913799      0.999906     0.0137095      0.171159   -0.00131503    -0.0137083      0.999905      -1.14944
     0.999999  -0.000998478    0.00123398    -0.0703485   0.000980938        0.9999     0.0141338      0.164738   -0.00124797    -0.0141326      0.999899      -1.17525
     0.999999  -0.000740206    0.00142784    -0.0776905   0.000720927      0.999909     0.0134558      0.197099   -0.00143768    -0.0134547      0.999908      -1.15131
     0.999999  -0.000731315    0.00123596    -0.0570658   0.000714631      0.999909     0.0134457      0.187948   -0.00124569    -0.0134448      0.999909      -1.14844
     0.999999  -0.000631429    0.00142437    -0.0416261    0.00061291      0.999916     0.0129647      0.142868   -0.00143244    -0.0129638      0.999915      -1.25384
     0.999999  -0.000939339     0.0012991    -0.0159194   0.000922467      0.999916     0.0129276      0.169829   -0.00131113    -0.0129264      0.999916      -1.25614
     0.999998   -0.00104889     0.0014807     -0.026275    0.00102917      0.999912     0.0132556      0.171855   -0.00149447    -0.0132541      0.999911      -1.21444
     0.999999  -0.000984854    0.00134553    -0.0216126   0.000966623      0.999909     0.0134833      0.150039   -0.00135868     -0.013482      0.999908      -1.20471
     0.999999  -0.000800014    0.00123522    -0.0324745    0.00078384      0.999915     0.0130391      0.190472   -0.00124554    -0.0130381      0.999914      -1.17186
     0.999999  -0.000708897    0.00113188    -0.0410164   0.000693509      0.999908     0.0135383      0.173771   -0.00114137    -0.0135375      0.999908      -1.13139
     0.999999  -0.000915989     0.0010785    -0.0420256   0.000901268      0.999907     0.0135714      0.162978   -0.00109083    -0.0135704      0.999907       -1.1436
     0.999999   -0.00106634    0.00101062    -0.0400666    0.00105245      0.999906     0.0136451      0.182658   -0.00102507     -0.013644      0.999906      -1.14286
     0.999999   -0.00119695   0.000928245    -0.0384642    0.00118428      0.999908     0.0135307      0.171232  -0.000944354    -0.0135296      0.999908      -1.14549
     0.999999   -0.00109116    0.00096505    -0.0369793    0.00107825      0.999911     0.0132775      0.186127  -0.000979453    -0.0132765      0.999911      -1.15943
     0.999999   -0.00114481   0.000844743     -0.019641    0.00113343       0.99991     0.0133554      0.183361  -0.000859956    -0.0133544       0.99991      -1.22208
     0.999999  -0.000919768    0.00132732    -0.0283675   0.000902284      0.999914     0.0131136      0.161025   -0.00133926    -0.0131124      0.999913      -1.18793
     0.999999  -0.000865707    0.00127742     -0.028136   0.000849553       0.99992     0.0125932      0.191479   -0.00128822    -0.0125921       0.99992      -1.06492
     0.999999  -0.000915005    0.00127757     -0.030887   0.000898679      0.999919     0.0127214      0.197155   -0.00128911    -0.0127202      0.999918      -1.09948
     0.999999  -0.000783998      0.001353    -0.0282803   0.000767188      0.999923       0.01238      0.217074    -0.0013626     -0.012379      0.999922      -1.05736
     0.999999  -0.000755255    0.00129697    -0.0240514   0.000738896      0.999921     0.0125674      0.198883   -0.00130636    -0.0125664       0.99992      -1.09462
     0.999998  -0.000830019    0.00153368    -0.0100493   0.000810851      0.999922     0.0124562      0.196817    -0.0015439     -0.012455      0.999921      -1.08426
     0.999998  -0.000898231    0.00158783     -0.001224   0.000878042      0.999919     0.0126703      0.202605   -0.00159908    -0.0126689      0.999918      -1.11576
     0.999999   -0.00110049    0.00130092    -0.0105037    0.00108355      0.999916     0.0129513      0.207616   -0.00131507    -0.0129498      0.999915      -1.11846
     0.999999   0.000141747    0.00119061   -0.00566482  -0.000155971      0.999929     0.0119551      0.215263   -0.00118883    -0.0119553      0.999928      -1.03513
     0.999989    0.00415805   -0.00206281    0.00272414   -0.00419292      0.999843    -0.0171989      0.239438    0.00199097     0.0172074       0.99985      0.799822
     0.999991    0.00281868     -0.003251    0.00616293   -0.00290907        0.9996    -0.0281445      0.400875    0.00317037     0.0281537      0.999599       1.10291
