# 3dvolreg matrices (DICOM-to-DICOM, row-by-row):
     0.999999   -0.00131686   0.000710747     -0.313455    0.00131323      0.999986    0.00508214     -0.175607  -0.000717429    -0.0050812      0.999987     -0.567642
     0.999999   -0.00145955    0.00060804     -0.321047    0.00145612      0.999983    0.00560775     -0.214867  -0.000616214   -0.00560685      0.999984     -0.554222
     0.999998   -0.00176857   0.000757205      -0.32075    0.00176489      0.999987     0.0048314     -0.171821   -0.00076574   -0.00483005      0.999988     -0.713039
     0.999999   -0.00155836   0.000574455     -0.303883    0.00155526      0.999984    0.00535991     -0.155301  -0.000582799   -0.00535901      0.999985     -0.621493
     0.999999   -0.00152393   0.000286534     -0.282542    0.00152211      0.999979    0.00626632     -0.172994  -0.000296078   -0.00626587       0.99998      -0.47011
     0.999998   -0.00178078    0.00089782     -0.285035    0.00177606      0.999985       0.00523     -0.127377   -0.00090712    -0.0052284      0.999986     -0.688177
     0.999998   -0.00161332   0.000649115     -0.301053    0.00160966      0.999983    0.00559736     -0.142701  -0.000658134   -0.00559631      0.999984     -0.573849
     0.999998   -0.00176487   0.000927045     -0.287476    0.00175945      0.999982    0.00581204     -0.139431  -0.000937285    -0.0058104      0.999983     -0.567289
     0.999998   -0.00193608   0.000961905     -0.285055      0.001931      0.999984    0.00525334     -0.112728  -0.000972061   -0.00525147      0.999986     -0.687901
     0.999998      -0.00178   0.000574759      -0.29598    0.00177633      0.999978    0.00632838     -0.158064  -0.000586011   -0.00632735       0.99998      -0.48134
     0.999997   -0.00202614    0.00100307     -0.289553    0.00202078      0.999984    0.00530862     -0.152197   -0.00101381   -0.00530658      0.999985     -0.677699
     0.999998   -0.00195652    0.00098561     -0.269414    0.00195098      0.999982      0.005593     -0.135423  -0.000996536   -0.00559107      0.999984      -0.70464
     0.999998   -0.00171965   0.000678698     -0.269816    0.00171529      0.999978    0.00638552     -0.187592  -0.000689664   -0.00638434      0.999979      -0.48892
     0.999997   -0.00199633    0.00133997     -0.277774    0.00198894      0.999983    0.00549268     -0.140328   -0.00135091      -0.00549      0.999984      -0.70441
     0.999998   -0.00167076   0.000605693     -0.283273    0.00166697      0.999979    0.00620411     -0.156615  -0.000616046   -0.00620309      0.999981     -0.625276
     0.999998   -0.00174174   0.000848407     -0.282254     0.0017369      0.999982    0.00567372     -0.165166  -0.000858275   -0.00567224      0.999984     -0.651813
     0.999998   -0.00174461   0.000958333     -0.281858    0.00173926      0.999983    0.00555221     -0.136427  -0.000968003   -0.00555054      0.999984     -0.702884
     0.999998   -0.00171014   0.000764866     -0.295157    0.00170524      0.999978    0.00636732     -0.168986  -0.000775738     -0.006366      0.999979     -0.575995
     0.999997   -0.00201932    0.00117844     -0.275867     0.0020132      0.999985    0.00517127     -0.120152   -0.00118887   -0.00516888      0.999986     -0.708342
     0.999998   -0.00177033   0.000934481     -0.269813    0.00176459       0.99998    0.00611699     -0.147945  -0.000945291   -0.00611533      0.999981     -0.554887
     0.999998   -0.00178583    0.00103322     -0.283186    0.00177952       0.99998    0.00607002     -0.177619   -0.00104404   -0.00606816      0.999981     -0.561484
     0.999997   -0.00185409    0.00148825     -0.273308    0.00184552      0.999982    0.00573444     -0.115928   -0.00149886   -0.00573168      0.999982     -0.667455
     0.999998   -0.00157232    0.00115353     -0.280203    0.00156541      0.999981    0.00596967     -0.167047    -0.0011629   -0.00596785      0.999982     -0.584458
     0.999998   -0.00163453    0.00107265     -0.296097    0.00162867      0.999984    0.00543905      -0.17269   -0.00108153   -0.00543729      0.999985     -0.653567
     0.999997   -0.00184649    0.00143122     -0.287002    0.00183889      0.999984    0.00529391      -0.12042   -0.00144097   -0.00529126      0.999985     -0.713333
     0.999998   -0.00156228   0.000928781     -0.276765    0.00155615      0.999977    0.00655993     -0.146012  -0.000939009   -0.00655847      0.999978     -0.473422
     0.999997   -0.00193626    0.00112064     -0.272247    0.00193029      0.999984    0.00529763     -0.128304   -0.00113088   -0.00529546      0.999985     -0.651049
     0.999998   -0.00165242   0.000861548     -0.275535    0.00164696      0.999979    0.00630288     -0.132823  -0.000871945   -0.00630145       0.99998     -0.517524
     0.999998   -0.00170133   0.000910172      -0.27249    0.00169581       0.99998    0.00603038     -0.166861  -0.000920414   -0.00602882      0.999981     -0.608826
     0.999998   -0.00177953   0.000833599     -0.268171    0.00177466      0.999982    0.00581203     -0.124018  -0.000843926   -0.00581054      0.999983     -0.641338
     0.999999   -0.00155131   0.000183324     -0.245919    0.00155002      0.999975    0.00684716     -0.130535  -0.000193942   -0.00684687      0.999977     -0.387116
     0.999998   -0.00198965   0.000989819     -0.259277    0.00198374       0.99998    0.00594054       -0.1044   -0.00100162   -0.00593856      0.999982      -0.61768
     0.999998   -0.00178151   0.000739406     -0.260977    0.00177607      0.999972    0.00728889     -0.105909   -0.00075237   -0.00728756      0.999973     -0.364045
     0.999997   -0.00215243     0.0010014     -0.245774    0.00214539      0.999973    0.00698239     -0.100915    -0.0010164   -0.00698022      0.999975     -0.393627
     0.999997   -0.00217523    0.00124247     -0.246132    0.00216647      0.999973    0.00700275    -0.0666761   -0.00125767   -0.00700004      0.999975     -0.443572
     0.999998   -0.00185849   0.000697074     -0.237044    0.00185304      0.999968    0.00772687     -0.107402  -0.000711413   -0.00772557       0.99997     -0.274269
     0.999997   -0.00224824    0.00120409     -0.261104    0.00224029      0.999976    0.00656063    -0.0637303   -0.00121881   -0.00655791      0.999978     -0.449226
     0.999998    -0.0019875   0.000862771     -0.260082    0.00198084      0.999969    0.00765316    -0.0785581  -0.000877955   -0.00765143       0.99997     -0.323262
     0.999997   -0.00212502   0.000778125     -0.244224    0.00211934      0.999972    0.00722821    -0.0764189  -0.000793463   -0.00722655      0.999974     -0.399996
     0.999997    -0.0022414   0.000856372     -0.257484    0.00223534      0.999973    0.00700776    -0.0503199  -0.000872056   -0.00700582      0.999975     -0.484168
     0.999999   -0.00165763   0.000421411     -0.252205    0.00165509      0.999981    0.00596255     -0.117788  -0.000431286   -0.00596185      0.999982     -0.132852
     0.999998   -0.00177794   0.000225066     -0.244213    0.00177696      0.999989     0.0042875    -0.0893942  -0.000232687   -0.00428709      0.999991     -0.303033
     0.999998    -0.0020818  -0.000743382     -0.252581    0.00208583      0.999983    0.00546681     -0.125219   0.000731988   -0.00546835      0.999985     -0.284207
     0.999997   -0.00206903   -0.00140974     -0.233084    0.00207759      0.999979     0.0060968     -0.106007     0.0013971   -0.00609971       0.99998     -0.511205
     0.999999    0.00109143  -0.000572448       -0.1304   -0.00108803      0.999982    0.00589736    -0.0213423   0.000578874   -0.00589673      0.999982     0.0886407
     0.999999    0.00114193   -0.00054431     -0.213022   -0.00114033      0.999995     0.0029316    -0.0263968   0.000547655   -0.00293098      0.999996      0.186369
            1   0.000279759  -0.000541808     -0.272634  -0.000277958      0.999994    0.00332159     0.0371043   0.000542734   -0.00332144      0.999994    -0.0584417
            1   0.000510945  -0.000742058     -0.295199  -0.000507944      0.999992    0.00403812   0.000115277   0.000744115   -0.00403774      0.999992    0.00406788
            1    0.00014587  -0.000515665     -0.281683  -0.000143797      0.999992    0.00401764    0.00694081   0.000516247   -0.00401757      0.999992    -0.0388247
            1  -0.000208353  -0.000500961      -0.29938   0.000210264      0.999993    0.00381788     0.0437778   0.000500162   -0.00381799      0.999993     -0.170476
            1   9.18763e-05  -0.000337669      -0.30498   -9.0103e-05      0.999986     0.0052481    -0.0375077   0.000338146   -0.00524807      0.999986    -0.0895929
            1  -0.000181066   -6.8099e-05     -0.311458   0.000181366       0.99999    0.00441921    -0.0130989   6.72982e-05   -0.00441922       0.99999     -0.165675
            1  -0.000198838  -0.000206335     -0.309888     0.0001998      0.999989    0.00467485    0.00855706   0.000205403   -0.00467489      0.999989     -0.208061
            1   2.79729e-05  -0.000465422       -0.3125  -2.55846e-05      0.999987    0.00513057    -0.0425059   0.000465559   -0.00513056      0.999987     -0.157137
            1  -0.000334007  -0.000612937      -0.31117   0.000336513      0.999992    0.00409274    -0.0309953   0.000611565   -0.00409294      0.999991     -0.232621
            1  -0.000274178  -0.000899894     -0.306611   0.000278419      0.999989    0.00471565    -0.0860116   0.000898591    -0.0047159      0.999988    -0.0877175
            1  -0.000467018  -0.000494721     -0.310016   0.000469329      0.999989    0.00468228     -0.062088   0.000492529   -0.00468251      0.999989     -0.255474
            1  -0.000210874    -0.0007393      -0.31908   0.000214958      0.999985    0.00552795    -0.0539264   0.000738123   -0.00552811      0.999984      -0.24494
            1  -0.000331033  -0.000851418     -0.315109   0.000335815      0.999984    0.00562257    -0.0754789   0.000849543   -0.00562285      0.999984     -0.233707
            1  -0.000605428  -0.000364978     -0.315578   0.000607222      0.999988    0.00493743     -0.029891   0.000361985   -0.00493765      0.999988     -0.371712
     0.999999  -0.000363717  -0.000953066      -0.31347   0.000369722       0.99998    0.00630821    -0.0695626   0.000950752   -0.00630856       0.99998     -0.178194
            1  -0.000795709  -0.000445981     -0.302207   0.000797619       0.99999     0.0042992    -0.0688481   0.000442556   -0.00429956      0.999991     -0.402568
            1  -0.000754303  -0.000620943     -0.292769   0.000757785      0.999984    0.00562561    -0.0683532    0.00061669   -0.00562607      0.999984     -0.273645
            1  -0.000824371  -0.000338438     -0.300145   0.000826105      0.999986    0.00515611    -0.0938029   0.000334183   -0.00515638      0.999987     -0.351286
            1  -0.000910197  -0.000303579     -0.309226   0.000911748      0.999986     0.0051503    -0.0732512   0.000298887   -0.00515057      0.999987     -0.421402
            1  -0.000779347  -0.000464802     -0.314882   0.000782327      0.999979    0.00644734     -0.105274   0.000459768    -0.0064477      0.999979      -0.25834
     0.999999   -0.00104643   0.000329859     -0.307542     0.0010448      0.999987    0.00490926     -0.105553  -0.000334992   -0.00490892      0.999988     -0.537196
            1  -0.000932132   -3.9471e-05     -0.314225   0.000932356      0.999981    0.00610379     -0.118615   3.37807e-05   -0.00610383      0.999981     -0.435785
            1  -0.000956717  -0.000250692     -0.329095   0.000958147      0.999983    0.00576828     -0.146133    0.00024517   -0.00576852      0.999983     -0.410946
     0.999999   -0.00108887   0.000156864     -0.326362    0.00108809      0.999987    0.00488929    -0.0711648  -0.000162186   -0.00488911      0.999988     -0.563534
            1  -0.000706071  -0.000137846     -0.326414   0.000706898      0.999981    0.00609427    -0.0945754   0.000133541   -0.00609437      0.999981     -0.435191
            1  -0.000890815   0.000133609      -0.33016   0.000890044      0.999984    0.00566759     -0.114758  -0.000138655   -0.00566747      0.999984      -0.51086
     0.999999   -0.00116749   0.000345207     -0.320289    0.00116559      0.999984    0.00545365    -0.0766679  -0.000351569   -0.00545324      0.999985     -0.548702
     0.999999  -0.000827783   -0.00057112     -0.309101   0.000831902      0.999973    0.00725038     -0.104634   0.000565103   -0.00725085      0.999974     -0.299277
     0.999999  -0.000989684  -0.000245329     -0.303534   0.000991084      0.999983    0.00577424    -0.0599536    0.00023961   -0.00577448      0.999983     -0.507908
            1  -0.000872684  -3.48059e-05     -0.317942   0.000872876      0.999982    0.00596269    -0.0877549   2.96017e-05   -0.00596272      0.999982     -0.499557
            1  -0.000893903  -1.93138e-06     -0.323015   0.000893899      0.999982    0.00585559    -0.0921776  -3.30299e-06   -0.00585559      0.999983     -0.482559
            1  -0.000880059   0.000176655     -0.326244    0.00087903      0.999983    0.00574338    -0.0488777  -0.000181706   -0.00574322      0.999983     -0.568984
            1  -0.000784256  -6.59303e-05     -0.337928    0.00078467      0.999978     0.0065257    -0.0982504   6.08111e-05   -0.00652575      0.999979     -0.473394
     0.999999   -0.00106323   7.34122e-05     -0.336711     0.0010628      0.999983    0.00566926    -0.0853308  -7.94387e-05   -0.00566918      0.999984     -0.543022
            1  -0.000721825  -8.78013e-05     -0.320743   0.000722373      0.999979    0.00640962    -0.0753377   8.31728e-05   -0.00640968      0.999979      -0.43094
            1  -0.000875096  -0.000373252     -0.322381   0.000877738      0.999974    0.00713871    -0.0994761   0.000366996   -0.00713903      0.999974      -0.31304
     0.999999   -0.00106676     5.603e-05     -0.322401    0.00106642      0.999983    0.00572174    -0.0781019  -6.21328e-05   -0.00572168      0.999984      -0.59027
     0.999999   -0.00104091  -0.000150982      -0.32898    0.00104183       0.99998    0.00620648     -0.116323   0.000144518   -0.00620664      0.999981      -0.43398
     0.999999   -0.00122745   0.000244288     -0.342599    0.00122611      0.999984    0.00543493     -0.109019  -0.000250955   -0.00543463      0.999985     -0.552715
     0.999999   -0.00108204   1.80818e-05     -0.335011    0.00108191      0.999981    0.00613485     -0.102698  -2.47196e-05   -0.00613483      0.999981     -0.560555
     0.999999    -0.0010444  -9.77948e-05     -0.341017    0.00104505      0.999976    0.00683857     -0.106736   9.06502e-05   -0.00683867      0.999977     -0.452166
     0.999999   -0.00125729   0.000344572     -0.333524    0.00125518      0.999981    0.00607857     -0.064728  -0.000352207   -0.00607813      0.999981     -0.580343
     0.999999     -0.001176   6.62293e-05     -0.318725    0.00117548      0.999971    0.00746447    -0.0907934  -7.50056e-05   -0.00746439      0.999972     -0.385437
     0.999999   -0.00132059  -0.000212046     -0.300741     0.0013221      0.999973    0.00729064     -0.102002   0.000202413   -0.00729092      0.999973     -0.306407
     0.999999   -0.00130968  -0.000153102     -0.297563    0.00131064      0.999978    0.00647679    -0.0540692   0.000144616   -0.00647699      0.999979     -0.509581
     0.999999   -0.00120503  -0.000454589     -0.299249    0.00120866      0.999967    0.00807342    -0.0854454   0.000444845   -0.00807396      0.999967     -0.313805
     0.999999   -0.00140588   2.66636e-05     -0.312845    0.00140568      0.999977     0.0065639    -0.0870362  -3.58911e-05   -0.00656385      0.999978     -0.503909
     0.999999     -0.001114  -0.000105156      -0.31691    0.00111477       0.99997    0.00764466    -0.0739882   9.66371e-05   -0.00764478      0.999971     -0.390554
     0.999999   -0.00123078   0.000238262     -0.330716    0.00122904      0.999973    0.00718249     -0.113042  -0.000247096    -0.0071822      0.999974     -0.488348
     0.999999   -0.00105242     0.0003184     -0.326165     0.0010502      0.999976     0.0068969    -0.0811576   -0.00032565   -0.00689656      0.999976     -0.549485
            1  -0.000920938  -0.000331207     -0.316178   0.000923588      0.999967    0.00809152    -0.0950059   0.000323744   -0.00809183      0.999967     -0.293064
     0.999999   -0.00136273   0.000312837     -0.320809    0.00136065      0.999978    0.00654242     -0.071758  -0.000321746   -0.00654199      0.999979     -0.537799
     0.999999   -0.00117927   0.000103322     -0.322405    0.00117848      0.999972    0.00733626    -0.0937267  -0.000111971   -0.00733613      0.999973     -0.471735
     0.999999   -0.00113967   -0.00014344     -0.317065    0.00114078      0.999967    0.00798691     -0.137593   0.000134333   -0.00798707      0.999968     -0.350642
     0.999999   -0.00131343   0.000279704     -0.308757    0.00131149      0.999976     0.0068309     -0.073068  -0.000288669   -0.00683053      0.999977      -0.56358
     0.999999   -0.00102272  -0.000190286     -0.307405    0.00102432      0.999963    0.00859187    -0.0812765   0.000181491   -0.00859206      0.999963     -0.308386
     0.999999   -0.00113497   -6.6044e-05     -0.312054    0.00113547      0.999966    0.00820391      -0.07637   5.67306e-05   -0.00820398      0.999966     -0.404097
     0.999999   -0.00122831   0.000218577     -0.302819    0.00122667      0.999972     0.0073863    -0.0545211  -0.000227643   -0.00738603      0.999973     -0.541996
     0.999999   -0.00123988   4.32992e-05     -0.294233    0.00123945       0.99996    0.00883602     -0.112552   -5.4253e-05   -0.00883596      0.999961      -0.31878
     0.999999   -0.00162036   0.000528998     -0.298416    0.00161636      0.999971    0.00747112    -0.0808325  -0.000541088   -0.00747025      0.999972      -0.54872
     0.999999   -0.00139963   0.000405856     -0.304555    0.00139617      0.999964    0.00841983    -0.0613061  -0.000417626   -0.00841926      0.999964     -0.428673
     0.999999   -0.00138558   0.000325707      -0.31439     0.0013826      0.999959    0.00899214      -0.10872  -0.000338153   -0.00899168       0.99996     -0.325269
     0.999999   -0.00146277   0.000700766     -0.318472    0.00145739       0.99997    0.00760984    -0.0685952  -0.000711877   -0.00760881      0.999971     -0.523451
     0.999999   -0.00130516   0.000642929     -0.324601     0.0012993      0.999958    0.00902984    -0.0865817  -0.000654687   -0.00902899      0.999959     -0.255046
     0.999999   -0.00142983   0.000524144     -0.330337    0.00142539      0.999964    0.00838089    -0.0954286  -0.000536108   -0.00838014      0.999965      -0.37154
     0.999999   -0.00146558   0.000693053     -0.318934    0.00146022       0.99997    0.00766783    -0.0521958   -0.00070427   -0.00766681       0.99997     -0.470678
     0.999999   -0.00148278   0.000451065     -0.320906    0.00147895      0.999964    0.00838852     -0.089624  -0.000463487   -0.00838785      0.999965     -0.310674
     0.999999   -0.00155318   0.000549465     -0.309643    0.00154933      0.999975    0.00693731    -0.0646705  -0.000560226   -0.00693645      0.999976     -0.526899
     0.999999   -0.00149386     0.0003544     -0.312889    0.00149095      0.999966     0.0080626    -0.0737539  -0.000366433   -0.00806206      0.999967     -0.387472
     0.999999   -0.00138542   0.000263672     -0.307687     0.0013834      0.999971    0.00748593    -0.0907878  -0.000274035   -0.00748556      0.999972     -0.486335
     0.999999   -0.00137267   0.000450579     -0.303032    0.00136918       0.99997    0.00766682    -0.0796685  -0.000461089   -0.00766619      0.999971     -0.515718
     0.999999   -0.00154226   0.000202729     -0.303803    0.00154052      0.999964    0.00831117     -0.108293  -0.000215539   -0.00831085      0.999965     -0.346196
     0.999999   -0.00160174   0.000537418     -0.290764    0.00159779      0.999972    0.00727664    -0.0701716  -0.000549058   -0.00727578      0.999973     -0.528237
     0.999999   -0.00140576   5.62234e-05     -0.290915    0.00140523      0.999962    0.00855161     -0.101457  -6.82428e-05   -0.00855152      0.999963     -0.411814
     0.999999   -0.00134478    0.00010958     -0.301066    0.00134387      0.999968    0.00793034     -0.103648  -0.000120241   -0.00793018      0.999969     -0.466637
     0.999999     -0.001343   0.000286718     -0.288999    0.00134079       0.99997    0.00757405    -0.0489389  -0.000296881   -0.00757366      0.999971     -0.538516
     0.999999   -0.00121607  -0.000501344     -0.277795    0.00122075      0.999955    0.00944139    -0.0898549    0.00048984     -0.009442      0.999955     -0.213054
     0.999999   -0.00154655   6.27399e-05     -0.291054    0.00154602      0.999969    0.00769957    -0.0840275  -7.46458e-05   -0.00769946       0.99997     -0.428943
     0.999999   -0.00151928   0.000522001     -0.302119    0.00151506      0.999967    0.00799192    -0.0456988  -0.000534125   -0.00799112      0.999968     -0.391353
     0.999999   -0.00126766   5.11719e-05     -0.297115    0.00126715      0.999959    0.00894055     -0.091509  -6.25034e-05   -0.00894048       0.99996     -0.238073
     0.999999   -0.00142753    0.00064443     -0.296638    0.00142274      0.999972    0.00736266    -0.0692266  -0.000654922   -0.00736174      0.999973     -0.554107
     0.999999   -0.00138531   0.000269822     -0.301547    0.00138296      0.999963    0.00851381    -0.0791454  -0.000281606   -0.00851342      0.999964     -0.377533
     0.999999    -0.0014179   0.000106273     -0.296915    0.00141697      0.999965    0.00828657     -0.100647  -0.000118018   -0.00828642      0.999966      -0.37308
     0.999999   -0.00155597   0.000278437      -0.31024    0.00155388      0.999972    0.00736067    -0.0693838  -0.000289882   -0.00736022      0.999973      -0.55596
     0.999999   -0.00159191   0.000616869     -0.320557     0.0015866      0.999963      0.008512     -0.102315  -0.000630396     -0.008511      0.999964      -0.40045
     0.999998   -0.00169715    0.00107208     -0.316037    0.00168901       0.99997    0.00754977    -0.0773863   -0.00108486   -0.00754794      0.999971     -0.567977
     0.999998   -0.00174098   0.000734648      -0.31864    0.00173423      0.999957    0.00909074    -0.0952673  -0.000750443   -0.00908945      0.999958     -0.421009
     0.999998   -0.00157994   0.000806381     -0.323299    0.00157308      0.999963    0.00843375     -0.128308  -0.000819676   -0.00843247      0.999964     -0.514724
     0.999999   -0.00142257   0.000770005     -0.315968    0.00141659      0.999969    0.00770712     -0.111289  -0.000780945   -0.00770602       0.99997     -0.602121
     0.999999    -0.0015747   0.000350698     -0.317945     0.0015717      0.999964    0.00837517     -0.141007  -0.000363874    -0.0083746      0.999965     -0.462145
     0.999999   -0.00163523   0.000506375      -0.31562    0.00163164      0.999974    0.00702777      -0.10352  -0.000517853   -0.00702694      0.999975     -0.604003
     0.999998   -0.00172083   0.000787956     -0.320822    0.00171442      0.999966    0.00807214     -0.116686   -0.00080182   -0.00807077      0.999967     -0.445579
     0.999998   -0.00189078   0.000583253     -0.330516    0.00188579      0.999963    0.00844656     -0.123047  -0.000599201   -0.00844544      0.999964     -0.384787
     0.999999   -0.00160963   0.000515647     -0.328028    0.00160589      0.999973     0.0071739     -0.096934   -0.00052718   -0.00717307      0.999974     -0.608978
     0.999999   -0.00112195  -0.000301445     -0.332969    0.00112369      0.999982    0.00583346    -0.0620398   0.000294895    -0.0058338      0.999983     -0.703761
     0.999999  -0.000624725  -0.000988247     -0.218649   0.000627889      0.999995    0.00320429     0.0764816    0.00098624   -0.00320491      0.999994     -0.529236
     0.999999   -0.00102585  -0.000286966     -0.210302    0.00102619      0.999999    0.00118304    0.00839071   0.000285752   -0.00118333      0.999999      -0.33782
     0.999999   -0.00132373  -0.000328327     -0.271997    0.00132471      0.999995    0.00299412  -0.000574333   0.000324362   -0.00299455      0.999995     -0.416046
     0.999999   -0.00105301   -0.00106642     -0.285633    0.00105798      0.999989    0.00467232    -0.0628657    0.00106149   -0.00467344      0.999989     -0.277743
     0.999999   -0.00140019  -0.000851894     -0.294065    0.00140404      0.999989    0.00453711    -0.0364431   0.000845531    -0.0045383      0.999989     -0.345958
     0.999999   -0.00154369  -0.000488523     -0.304934    0.00154591      0.999988    0.00458406     0.0439383   0.000481441   -0.00458481      0.999989     -0.454435
     0.999999   -0.00129636  -0.000847247     -0.299059    0.00130081      0.999985    0.00527316    -0.0289241   0.000840398   -0.00527426      0.999986     -0.291568
     0.999999   -0.00168504  -0.000304788     -0.294147    0.00168621      0.999991    0.00387426  -0.000920309   0.000298257   -0.00387477      0.999992     -0.398789
     0.999999   -0.00167727  -0.000227854     -0.285764    0.00167848      0.999984     0.0054227    0.00272172   0.000218755   -0.00542307      0.999985     -0.172148
     0.999998   -0.00189929   -0.00015043     -0.275363    0.00190013      0.999981    0.00580926    0.00676012   0.000139394   -0.00580953      0.999983    -0.0748407
     0.999998   -0.00196027   0.000469563     -0.273717    0.00195781      0.999985    0.00517406     0.0643843  -0.000479699   -0.00517313      0.999987     -0.423396
     0.999999   -0.00148854  -0.000158369     -0.232367    0.00148969      0.999971    0.00752165   -0.00200894   0.000147168   -0.00752188      0.999972     -0.133343
     0.999998    -0.0018795   0.000133913     -0.253924    0.00187871      0.999982    0.00570522   -0.00770752  -0.000144633   -0.00570496      0.999984     -0.311172
     0.999998   -0.00196617   0.000569984     -0.265801    0.00196283      0.999981    0.00580896     0.0264681  -0.000581395   -0.00580782      0.999983     -0.336919
     0.999998   -0.00177181   -6.0044e-05     -0.254437    0.00177216      0.999979    0.00630815   -0.00613771   4.88659e-05   -0.00630824       0.99998     -0.211446
     0.999998   -0.00202306   0.000244291     -0.258574    0.00202175      0.999984    0.00524864     0.0273666  -0.000254906   -0.00524814      0.999986     -0.463439
     0.999998   -0.00172579  -0.000204525     -0.262582    0.00172716      0.999974    0.00693075     0.0101988   0.000192559    -0.0069311      0.999976      -0.20647
     0.999998   -0.00187433   0.000116181     -0.265331     0.0018737      0.999985    0.00522607   0.000214407  -0.000125974   -0.00522584      0.999986      -0.37697
     0.999998   -0.00180893   0.000279286     -0.264061    0.00180733      0.999983    0.00559765     0.0270153  -0.000289407   -0.00559714      0.999984     -0.397065
     0.999999    -0.0017164   6.82266e-05     -0.263989    0.00171597      0.999981    0.00586898    -0.0237868  -7.82989e-05   -0.00586885      0.999983      -0.26515
     0.999998    -0.0018099   0.000150227      -0.26575    0.00180907      0.999984    0.00534089     0.0342626  -0.000159891   -0.00534061      0.999986     -0.423288
     0.999998   -0.00179764   0.000150658     -0.267339    0.00179654      0.999974    0.00703474   -0.00496781    -0.0001633   -0.00703446      0.999975     -0.217861
     0.999998   -0.00201079   0.000329926     -0.286855    0.00200857      0.999976    0.00659279    0.00477894  -0.000343174   -0.00659212      0.999978     -0.293164
     0.999998    -0.0020558    0.00062962      -0.28367     0.0020521      0.999981    0.00581996     0.0479716  -0.000641573   -0.00581866      0.999983     -0.441042
     0.999998   -0.00200534   0.000959784      -0.28551    0.00199839      0.999972    0.00719333   -0.00843583  -0.000974183    -0.0071914      0.999974     -0.207205
     0.999997   -0.00220999   0.000834059     -0.286437    0.00220462      0.999977    0.00638774     0.0129973  -0.000848157   -0.00638588      0.999979     -0.387738
     0.999998   -0.00207399   0.000464079     -0.274564    0.00207093      0.999977    0.00649085     0.0405567   -0.00047753   -0.00648988      0.999979     -0.344352
     0.999998    -0.0019031   -4.4065e-05     -0.240758    0.00190338      0.999968    0.00781404     0.0302556   2.91927e-05   -0.00781411      0.999969     -0.101976
     0.999997   -0.00219043    0.00048148     -0.258977    0.00218761      0.999981     0.0057939     0.0246904  -0.000494162   -0.00579284      0.999983      -0.47502
     0.999998   -0.00205169   0.000260534     -0.262162    0.00204967      0.999969    0.00755896     0.0135385  -0.000276035   -0.00755841      0.999971     -0.247635
     0.999998   -0.00203127   0.000110505     -0.262022    0.00203039      0.999971    0.00739352     0.0046153   -0.00012552   -0.00739328      0.999973     -0.208639
     0.999997   -0.00219543   0.000537098     -0.261365    0.00219212      0.999979    0.00609932     0.0333403  -0.000550478   -0.00609813      0.999981     -0.456111
     0.999998   -0.00215983   0.000181792     -0.258763     0.0021583      0.999965    0.00803283     0.0135947  -0.000199136   -0.00803242      0.999968     -0.147169
     0.999997   -0.00233429   0.000396274     -0.266005    0.00233168      0.999976    0.00644816     0.0158974  -0.000411316   -0.00644721      0.999979     -0.288495
     0.999997   -0.00222356   0.000338101     -0.263896    0.00222128      0.999976    0.00660443     0.0446329  -0.000352778   -0.00660366      0.999978      -0.39722
     0.999998    -0.0022264   0.000102721     -0.266194    0.00222551      0.999965     0.0080126   -0.00202315  -0.000120557   -0.00801235      0.999968     -0.256058
     0.999997   -0.00238843   0.000434911     -0.263982    0.00238527      0.999972    0.00713605     0.0364048  -0.000451942   -0.00713499      0.999974     -0.417895
     0.999997   -0.00231284   0.000459448      -0.25435    0.00230899      0.999964    0.00820932     0.0271098  -0.000478418   -0.00820823      0.999966     -0.239592
     0.999997     -0.002444    0.00036569     -0.263585    0.00244128      0.999971    0.00727345    0.00742508  -0.000383455   -0.00727254      0.999973     -0.206337
     0.999997   -0.00244937   0.000562441     -0.259101    0.00244506      0.999969    0.00754205     0.0536448  -0.000580897   -0.00754065      0.999971     -0.208989
     0.999997   -0.00224948  -0.000112081     -0.248878    0.00225035      0.999961    0.00850736     0.0114613   9.29395e-05   -0.00850759      0.999964    -0.0603682
     0.999997   -0.00221338    0.00039718     -0.259772    0.00221066      0.999975    0.00673108     0.0312146  -0.000412068   -0.00673019      0.999977     -0.413119
     0.999997   -0.00225908   0.000476066     -0.256428    0.00225527      0.999967    0.00786817    0.00384668  -0.000493824   -0.00786707      0.999969     -0.298792
     0.999997   -0.00235886   0.000403255     -0.262287    0.00235573      0.999968    0.00760316    -0.0164274  -0.000421177   -0.00760219      0.999971     -0.230203
     0.999997   -0.00232165   0.000533511     -0.263026    0.00231777      0.999972    0.00716188     0.0467675  -0.000550123   -0.00716062      0.999974     -0.425525
     0.999997   -0.00244171   0.000532547     -0.269851    0.00243697      0.999959     0.0087254    0.00556277   -0.00055383   -0.00872407      0.999962     -0.209741
     0.999996    -0.0026295   0.000790487     -0.278463     0.0026229      0.999963    0.00823715    0.00367995  -0.000812117   -0.00823505      0.999966     -0.245134
     0.999996   -0.00261907   0.000797678     -0.268689    0.00261289      0.999967    0.00764889     0.0496186  -0.000817685   -0.00764678       0.99997     -0.358129
     0.999997   -0.00244808   0.000343782      -0.24395    0.00244481      0.999955    0.00921218     0.0152567  -0.000366319   -0.00921131      0.999958    -0.0626595
     0.999997   -0.00251119   0.000492265     -0.246383     0.0025074      0.999968    0.00754809    0.00974028  -0.000511204   -0.00754683      0.999971     -0.316585
     0.999997   -0.00230466   0.000264756     -0.231606    0.00230233      0.999961    0.00847776       0.04388  -0.000284284   -0.00847712      0.999964     -0.185544
     0.999997   -0.00243861   5.99113e-05     -0.236436    0.00243798      0.999958    0.00885762     0.0254071   -8.1509e-05   -0.00885745      0.999961     -0.113172
     0.999997   -0.00262067   0.000245938     -0.255538    0.00261866      0.999966    0.00782691      0.056418  -0.000266441   -0.00782624      0.999969     -0.350869
     0.999997   -0.00256601   0.000547776     -0.256747    0.00256098      0.999956    0.00899044     0.0119183  -0.000570821   -0.00898901      0.999959     -0.182424
     0.999996   -0.00264858   0.000633945     -0.270722    0.00264334      0.999963    0.00813009    0.00720187  -0.000655455   -0.00812838      0.999967     -0.241734
     0.999997   -0.00249694   0.000674386     -0.259645    0.00249167      0.999967    0.00770363     0.0563879    -0.0006936   -0.00770192       0.99997     -0.316536
     0.999997   -0.00233825   0.000193131     -0.250858    0.00233639      0.999956     0.0091047     0.0080584  -0.000214412   -0.00910423      0.999959    -0.0594514
     0.999996   -0.00275442   0.000401048     -0.252329    0.00275115      0.999965     0.0079309     0.0294511  -0.000422879   -0.00792977      0.999968     -0.312789
     0.999997   -0.00251839   0.000436053     -0.258815    0.00251425      0.999954     0.0092546     0.0472665   -0.00045934   -0.00925347      0.999957     -0.200822
     0.999997    -0.0025134   0.000347586     -0.262512    0.00251035      0.999961     0.0085066     0.0155325  -0.000368952    -0.0085057      0.999964     -0.177073
     0.999997   -0.00237472   0.000496247     -0.255052    0.00237095      0.999969    0.00746804    0.00988836  -0.000513966   -0.00746684      0.999972     -0.365223
     0.999996   -0.00271109   0.000262398     -0.206786    0.00270867      0.999957    0.00882687     0.0059664  -0.000286317   -0.00882613      0.999961     -0.239147
     0.999997   -0.00232324   0.000893599      -0.20071    0.00231509      0.999957    0.00901625      0.028397  -0.000914508   -0.00901416      0.999959     -0.113946
     0.999997   -0.00236842   0.000604554     -0.227027    0.00236358      0.999966    0.00788235  -0.000816666  -0.000623202    -0.0078809      0.999969     -0.117793
     0.999996   -0.00266585   0.000594759     -0.236952    0.00266156      0.999971    0.00710121     0.0492152  -0.000613673    -0.0070996      0.999975     -0.336345
     0.999996   -0.00259298   0.000789841     -0.244264    0.00258664      0.999965    0.00792367   -0.00451396   -0.00081036    -0.0079216      0.999968     -0.218458
     0.999996   -0.00269986    0.00082055     -0.250238    0.00269364      0.999968     0.0074912      0.011437  -0.000840749   -0.00748896      0.999972     -0.336276
     0.999996   -0.00260032   0.000583625     -0.244587    0.00259566      0.999966    0.00785064      0.052144  -0.000604019   -0.00784909      0.999969     -0.336551
     0.999997   -0.00244167   0.000787421     -0.243265    0.00243491      0.999961    0.00848223   -0.00715089  -0.000808101   -0.00848028      0.999964     -0.149482
     0.999996   -0.00264358   0.000853739     -0.250518     0.0026374      0.999971    0.00716499      0.034345  -0.000872655   -0.00716271      0.999974     -0.301979
     0.999996   -0.00256055   0.000729212     -0.241558    0.00255499      0.999968    0.00752651     0.0371634  -0.000748461   -0.00752462      0.999971     -0.229734
