# 3dvolreg matrices (DICOM-to-DICOM, row-by-row):
            1    0.00063498  -0.000217997     -0.020839  -0.000634971             1   4.29831e-05    -0.0340283   0.000218024  -4.28446e-05             1     0.0266833
            1  -2.68081e-06   0.000124138    0.00798773   2.63883e-06             1   0.000338147    -0.0748119  -0.000124139  -0.000338146             1      0.107505
            1   1.10605e-10  -1.35045e-10  -1.11096e-10  -1.10605e-10             1   2.43725e-10   4.32488e-09   1.35045e-10  -2.43725e-10             1   -2.7017e-09
            1   0.000269243   -2.8858e-05    0.00983844   -0.00026921      0.999999    0.00112073    -0.0178037   2.91597e-05   -0.00112073      0.999999     0.0991107
            1   9.58026e-05   0.000367871    0.00442759  -9.58303e-05             1   7.51752e-05    -0.0439026  -0.000367864  -7.52104e-05             1     0.0946273
            1  -0.000189598   0.000168441    -0.0119101   0.000189582             1   9.54248e-05     0.0193345  -0.000168459  -9.53929e-05             1      0.038455
            1   0.000578706  -0.000237225    -0.0104981  -0.000578432      0.999999    0.00115666    -0.0591524   0.000237894   -0.00115652      0.999999      0.235635
            1    0.00044917   -0.00032787   -0.00706986  -0.000449013             1   0.000479552    -0.0255469   0.000328086  -0.000479405             1      0.145199
            1   0.000213302   -0.00022558    0.00853087  -0.000213097             1   0.000907332     0.0291602   0.000225774  -0.000907284             1    -0.0452502
            1   0.000259123  -9.65094e-05    0.00430828  -0.000258997      0.999999    0.00130443    -0.0896796   9.68473e-05    -0.0013044      0.999999      0.177562
            1   0.000129705    0.00018363   -0.00089414  -0.000129796             1   0.000499542    -0.0540157  -0.000183565  -0.000499566             1     0.0851017
            1  -5.87481e-05   0.000213032    -0.0208153   5.85405e-05             1   0.000974018    -0.0142603  -0.000213089  -0.000974005             1   -0.00813834
            1   0.000335815   0.000129789    -0.0174556  -0.000336025      0.999999     0.0016267    -0.0806058  -0.000129242   -0.00162674      0.999999      0.182371
            1   0.000233187    -6.946e-05    -0.0157593  -0.000233128             1   0.000844417    -0.0163067   6.96568e-05  -0.000844401             1    -0.0688405
            1   0.000261254  -0.000341779   -0.00489173  -0.000260949             1   0.000892913    -0.0250873   0.000342012  -0.000892823             1     -0.063468
            1   0.000479503  -0.000191828    -0.0126245  -0.000479361             1    0.00074287    -0.0615038   0.000192184  -0.000742778             1     0.0602279
            1   0.000301622  -0.000180818    -0.0379805  -0.000301496             1      0.000695     0.0197049   0.000181028  -0.000694945             1    -0.0591237
            1   0.000307656  -9.39544e-05    0.00155794  -0.000307589             1   0.000710476    -0.0509226   9.41729e-05  -0.000710447             1   0.000389416
            1  -1.30325e-05   0.000277208    -0.0230116   1.29935e-05             1   0.000140888    -0.0453078   -0.00027721  -0.000140884             1     -0.126931
            1  -0.000143788   0.000200462    -0.0467011   0.000143567      0.999999    0.00110528   -0.00254229  -0.000200621   -0.00110525      0.999999      -0.12921
            1   0.000199096  -0.000159532    -0.0318612    -0.0001989      0.999999    0.00122347    -0.0917725   0.000159775   -0.00122343      0.999999     0.0649666
            1  -7.62518e-05  -0.000127813    -0.0499031   7.63103e-05             1   0.000457232     -0.010932   0.000127778  -0.000457242             1     -0.103287
            1   0.000277368  -5.35006e-05    -0.0474711   -0.00027734             1   0.000519747    -0.0648409   5.36448e-05  -0.000519732             1    -0.0258857
            1   0.000300276    0.00017153    -0.0536186  -0.000300302             1   0.000149321    -0.0552039  -0.000171485  -0.000149373             1    -0.0496914
            1   0.000424407  -0.000132983    -0.0600539  -0.000424378             1   0.000214301    -0.0355166   0.000133074  -0.000214244             1    -0.0772443
            1   0.000580276  -7.84235e-05    -0.0747388   -0.00058027             1   7.64156e-05    -0.0813442   7.84678e-05  -7.63701e-05             1    -0.0633977
     0.999999    0.00115307  -0.000332613    -0.0953577   -0.00115298      0.999999   0.000255953    -0.0115136   0.000332908   -0.00025557             1     -0.223525
     0.999999    0.00126188   -0.00077605    -0.0893902   -0.00126148      0.999999   0.000519554    -0.0863044   0.000776705  -0.000518574             1    -0.0348423
     0.999998    0.00144719  -0.000993461     -0.106807    -0.0014474      0.999999  -0.000210683    -0.0572898   0.000993155   0.000212121      0.999999     -0.117688
     0.999998    0.00156835   -0.00103359     -0.108954   -0.00156829      0.999999   5.98223e-05    -0.0378172    0.00103368  -5.82013e-05      0.999999      -0.17833
     0.999998    0.00188935  -0.000944957     -0.107492   -0.00188961      0.999998  -0.000270826     -0.115257   0.000944444   0.000272611             1    -0.0296783
     0.999998    0.00178565  -0.000787086     -0.134219   -0.00178622      0.999998  -0.000723354    -0.0473502   0.000785793   0.000724758      0.999999     -0.200346
     0.999997     0.0020527   -0.00111307     -0.139356   -0.00205277      0.999998  -6.79859e-05    -0.0829934    0.00111293   7.02706e-05      0.999999     -0.161041
     0.999997    0.00216067    -0.0012408     -0.137678   -0.00216066      0.999998   8.29794e-06    -0.0996803    0.00124082  -5.61696e-06      0.999999    -0.0371615
     0.999998    0.00173921   -0.00122269     -0.152414   -0.00173927      0.999998  -4.40646e-05    -0.0272528    0.00122261   4.61911e-05      0.999999     -0.155628
     0.999997    0.00214075   -0.00123827      -0.13943   -0.00213991      0.999997   0.000674329    -0.0924114    0.00123971  -0.000671677      0.999999      0.063506
     0.999998    0.00194636   -0.00103378      -0.12656   -0.00194648      0.999998  -0.000117356    -0.0804975    0.00103355   0.000119368      0.999999      0.100648
     0.999999    0.00142444  -0.000981332     -0.147082   -0.00142401      0.999999   0.000440717    -0.0581683   0.000981958  -0.000439319      0.999999     0.0164524
     0.999998    0.00178227  -0.000747484     -0.142088   -0.00178157      0.999998   0.000939248     -0.105712   0.000749157  -0.000937915      0.999999      0.220194
     0.999999    0.00127695  -0.000590669      -0.12911   -0.00127696      0.999999  -1.13763e-05    -0.0335787   0.000590654   1.21305e-05             1    -0.0430458
     0.999998    0.00191354  -0.000952924     -0.130059    -0.0019125      0.999998    0.00108555    -0.0798009   0.000954999   -0.00108373      0.999999     0.0895028
     0.999997    0.00213218   -0.00118429     -0.120558   -0.00213145      0.999998   0.000613137    -0.0980597     0.0011856  -0.000610611      0.999999    -0.0130023
     0.999998    0.00158567   -0.00090794     -0.137456   -0.00158516      0.999999   0.000556115    -0.0787337    0.00090882  -0.000554675      0.999999    -0.0281316
     0.999999    0.00150101  -0.000839378     -0.147417   -0.00150045      0.999999   0.000676092     -0.126067   0.000840391  -0.000674831      0.999999      0.165047
     0.999999    0.00119763   -0.00074047     -0.148419   -0.00119808      0.999999  -0.000609805    -0.0582009   0.000739739   0.000610692             1     -0.148908
     0.999999    0.00143681  -0.000700533     -0.155282   -0.00143677      0.999999   5.68257e-05     -0.084861   0.000700613  -5.58191e-05             1     -0.071095
     0.999998     0.0015331  -0.000951311     -0.160415   -0.00153313      0.999999  -2.81338e-05     -0.104709   0.000951267   2.95922e-05             1    -0.0618639
     0.999998    0.00152304   -0.00124484     -0.169695   -0.00152222      0.999999   0.000661317    -0.0741873    0.00124585  -0.000659421      0.999999     -0.124974
     0.999999    0.00126964  -0.000855079     -0.171184   -0.00126817      0.999998     0.0017101     -0.142206   0.000857248   -0.00170901      0.999998      0.141377
     0.999999   0.000983139  -0.000671188     -0.154188  -0.000983112             1   4.15737e-05     -0.124221   0.000671229  -4.09138e-05             1     -0.100894
     0.999999    0.00122467   -0.00112021      -0.16684   -0.00122407      0.999999   0.000537544      -0.13848    0.00112086  -0.000536172      0.999999     -0.103604
     0.999998    0.00145218   -0.00128045     -0.159961   -0.00145119      0.999999   0.000773896     -0.175738    0.00128157  -0.000772036      0.999999     0.0215615
     0.999999    0.00117075  -0.000967517     -0.146483   -0.00117017      0.999999    0.00058986    -0.0891311   0.000968207  -0.000588727      0.999999     -0.153812
     0.999998    0.00160153   -0.00128746     -0.145707   -0.00159999      0.999998    0.00119936     -0.133197    0.00128938    -0.0011973      0.999998   -0.00249885
     0.999998    0.00150645   -0.00134491      -0.12121   -0.00150631      0.999999   0.000106245     -0.095405    0.00134507  -0.000104219      0.999999     -0.228236
     0.999997    0.00164335     -0.001523     -0.118487   -0.00164267      0.999999   0.000445215    -0.0789442    0.00152373  -0.000442712      0.999999      -0.21238
     0.999997    0.00192576   -0.00166024     -0.122731   -0.00192548      0.999998   0.000171552     -0.140091    0.00166057  -0.000168355      0.999999    -0.0167975
     0.999998    0.00131213   -0.00117667     -0.110173   -0.00131268      0.999999  -0.000465164    -0.0590603    0.00117605   0.000466708      0.999999     -0.170213
     0.999999    0.00115522   -0.00113386     -0.117967   -0.00115399      0.999999     0.0010857    -0.0986963    0.00113512   -0.00108439      0.999999    -0.0098867
     0.999999    0.00113302  -0.000708494     -0.109336   -0.00113253      0.999999   0.000697849     -0.115252   0.000709284  -0.000697046             1   -0.00877727
     0.999999    0.00106481  -0.000772238     -0.127403   -0.00106462      0.999999   0.000243487    -0.0609368   0.000772496  -0.000242664             1     -0.164608
     0.999999     0.0013956  -0.000863677      -0.13452   -0.00139503      0.999999   0.000656222     -0.129276   0.000864592  -0.000655016      0.999999    -0.0240412
     0.999998     0.0015271  -0.000891803     -0.130424   -0.00152717      0.999999  -7.43014e-05    -0.0788545   0.000891688   7.56632e-05             1     -0.147095
     0.999998    0.00156387   -0.00101418     -0.126567   -0.00156352      0.999999   0.000340285    -0.0314673    0.00101471  -0.000338699      0.999999     -0.137825
     0.999999    0.00113457   -0.00097396     -0.131007   -0.00113365      0.999999   0.000944916      -0.11996   0.000975031  -0.000943811      0.999999     0.0436231
     0.999999    0.00082954  -0.000829445     -0.139112  -0.000829509             1   3.76894e-05    -0.0757709   0.000829476  -3.70013e-05             1     -0.124705
     0.999999    0.00100362  -0.000909319     -0.146324   -0.00100247      0.999999     0.0012647     -0.100608   0.000910587   -0.00126378      0.999999     0.0215108
            1   0.000682194  -0.000658853     -0.141794  -0.000681403      0.999999    0.00120059     -0.136238   0.000659672   -0.00120014      0.999999     -0.109382
     0.999999   0.000956443  -0.000605703     -0.150042  -0.000956194      0.999999   0.000412283     -0.100735   0.000606097  -0.000411703             1     -0.188379
     0.999999    0.00119706  -0.000811605     -0.147724   -0.00119634      0.999999   0.000887914     -0.123275   0.000812667  -0.000886942      0.999999    -0.0353543
     0.999999    0.00090815  -0.000788543     -0.145337  -0.000907784      0.999999   0.000465029     -0.105901   0.000788965  -0.000464313             1     -0.148838
     0.999999    0.00100505  -0.000626292     -0.156482   -0.00100436      0.999999    0.00110561    -0.0755286   0.000627402   -0.00110498      0.999999      -0.11839
     0.999999    0.00099134  -0.000834889     -0.149364  -0.000990332      0.999999    0.00120667     -0.113649   0.000836084   -0.00120585      0.999999    -0.0123279
     0.999999   0.000885923  -0.000737806     -0.138368  -0.000885418      0.999999    0.00068417    -0.0733477   0.000738412  -0.000683516      0.999999     -0.242594
     0.999999    0.00105147  -0.000926671     -0.147991   -0.00105031      0.999999    0.00124346     -0.110301   0.000927977   -0.00124248      0.999999     0.0170463
     0.999999   0.000949386  -0.000784525     -0.161366  -0.000948996      0.999999    0.00049797      -0.10355   0.000784998  -0.000497225             1     -0.101111
     0.999999    0.00103671  -0.000913671     -0.160767   -0.00103593      0.999999   0.000850749    -0.0779904   0.000914552  -0.000849802      0.999999     -0.105346
     0.999999    0.00108763   -0.00101604     -0.160794   -0.00108664      0.999999   0.000972242     -0.107848    0.00101709  -0.000971137      0.999999     0.0140599
     0.999999   0.000718413  -0.000810128     -0.152343  -0.000717905             1   0.000627416    -0.0584028   0.000810579  -0.000626834      0.999999      -0.13479
     0.999999   0.000366702   -0.00127266     -0.165986  -0.000364541      0.999998    0.00169771     -0.134005    0.00127328   -0.00169724      0.999998        0.1146
            1   3.34522e-05  -0.000926983     -0.175843  -3.19037e-05      0.999999    0.00167044    -0.0826657   0.000927038   -0.00167041      0.999998     0.0822281
            1   0.000222038  -0.000840227     -0.180585  -0.000220562      0.999998    0.00175716    -0.0175771   0.000840616   -0.00175698      0.999998    -0.0786379
     0.999999   0.000610136  -0.000818898     -0.167336  -0.000608245      0.999997    0.00230802     -0.104628   0.000820304   -0.00230752      0.999997      0.115899
            1   0.000484196  -0.000566846     -0.154482  -0.000483475      0.999999    0.00127195     -0.056644   0.000567461   -0.00127167      0.999999    -0.0453524
            1   0.000288506  -0.000612159     -0.165024  -0.000287578      0.999999    0.00151418    -0.0504388   0.000612595     -0.001514      0.999999    -0.0965314
            1   0.000297203   -0.00080509     -0.175476  -0.000296144      0.999999    0.00131559    -0.0980988    0.00080548   -0.00131535      0.999999    -0.0270051
     0.999999   0.000690297   -0.00103706     -0.169808  -0.000689578             1   0.000694284     -0.045995    0.00103754  -0.000693568      0.999999     -0.194949
     0.999999   0.000697928   -0.00138289     -0.174506   -0.00069594      0.999999    0.00143721     -0.102039    0.00138389   -0.00143625      0.999998    -0.0900791
     0.999999   0.000493028   -0.00108979     -0.171737  -0.000492146             1   0.000809892     -0.104813    0.00109019  -0.000809355      0.999999     -0.217705
     0.999999   0.000536647   -0.00143099     -0.168367  -0.000534836      0.999999    0.00126521    -0.0869894    0.00143167   -0.00126444      0.999998     -0.201451
     0.999999   0.000655796   -0.00141786     -0.164366  -0.000654623      0.999999   0.000827601      -0.13044     0.0014184  -0.000826672      0.999999    -0.0683234
     0.999999   0.000582723    -0.0011075     -0.150721  -0.000582535             1   0.000169857    -0.0606024     0.0011076  -0.000169212      0.999999     -0.215402
     0.999999   0.000530684   -0.00107478     -0.178128  -0.000530072             1   0.000569673     -0.126003    0.00107508  -0.000569103      0.999999     -0.114564
     0.999999   0.000725589  -0.000710803     -0.194175  -0.000725227             1   0.000509776    -0.0955191   0.000711172   -0.00050926             1     -0.191584
     0.999999   0.000962957   -0.00110333      -0.18318  -0.000961936      0.999999   0.000925519    -0.0610163    0.00110422  -0.000924456      0.999999     -0.215741
     0.999998    0.00122613   -0.00129815     -0.170249   -0.00122491      0.999999   0.000938123    -0.0995853     0.0012993  -0.000936531      0.999999     -0.150033
     0.999999    0.00100469   -0.00106047     -0.171683   -0.00100407      0.999999   0.000579859    -0.0411561    0.00106106  -0.000578794      0.999999     -0.216223
     0.999999   0.000878248   -0.00114548     -0.160229  -0.000877013      0.999999    0.00107871    -0.0828553    0.00114642   -0.00107771      0.999999     -0.100325
     0.999999   0.000658575   -0.00102004     -0.161835  -0.000657784      0.999999   0.000775115    -0.0945459    0.00102055  -0.000774444      0.999999      -0.10934
     0.999999   0.000708895   -0.00109646     -0.165667  -0.000708055      0.999999   0.000765857     -0.064196      0.001097   -0.00076508      0.999999     -0.188726
     0.999999   0.000727002   -0.00120717     -0.173235  -0.000725373      0.999999    0.00134952     -0.129766    0.00120815   -0.00134864      0.999998    -0.0388589
     0.999999   0.000776264   -0.00110697     -0.164062  -0.000775585             1   0.000614382    -0.0659677    0.00110745  -0.000613522      0.999999     -0.220867
     0.999999   0.000899042    -0.0011736     -0.169401  -0.000897577      0.999999    0.00124807     -0.096115    0.00117472   -0.00124702      0.999999     -0.120247
     0.999999   0.000994907   -0.00121552     -0.180328  -0.000993596      0.999999    0.00107807     -0.103195     0.0012166   -0.00107686      0.999999    -0.0891631
     0.999999   0.000623961  -0.000962643     -0.167774  -0.000623553             1   0.000423746    -0.0375119   0.000962907  -0.000423145      0.999999     -0.220343
     0.999999   0.000440283   -0.00123311     -0.160685  -0.000439142      0.999999   0.000924979     -0.128861    0.00123352  -0.000924437      0.999999     -0.044722
     0.999999   0.000337954   -0.00120594     -0.165519  -0.000337117             1   0.000693829     -0.119794    0.00120618  -0.000693422      0.999999     -0.157699
            1   0.000283535  -0.000826965     -0.183005  -0.000283317             1   0.000263596    -0.0761944    0.00082704  -0.000263362             1     -0.183117
            1   0.000109603  -0.000873742     -0.193401  -0.000108406      0.999999    0.00137014      -0.12764   0.000873891   -0.00137005      0.999999    -0.0385068
     0.999999   0.000201189   -0.00103439     -0.175057   -0.00020058             1   0.000589293    -0.0989645    0.00103451  -0.000589085      0.999999     -0.283897
     0.999999   0.000154872   -0.00108467     -0.189275  -0.000153261      0.999999    0.00148586     -0.111065     0.0010849   -0.00148569      0.999998     -0.131279
            1    7.5343e-05  -0.000991724     -0.173575  -7.39862e-05      0.999999    0.00136813     -0.134028   0.000991827   -0.00136806      0.999999    -0.0713257
            1  -2.25993e-05  -0.000957682      -0.15879   2.37061e-05      0.999999    0.00115571    -0.0855046   0.000957655   -0.00115573      0.999999     -0.247655
     0.999999  -0.000224891   -0.00127329     -0.156727   0.000228164      0.999997    0.00257103     -0.134732    0.00127271   -0.00257132      0.999996     0.0388197
     0.999999   -0.00055576   -0.00122347     -0.160996   0.000557835      0.999998    0.00169646     -0.108978    0.00122252   -0.00169714      0.999998     -0.119134
     0.999999  -0.000274764   -0.00158773      -0.16269   0.000277117      0.999999    0.00148211     -0.103093    0.00158732   -0.00148255      0.999998    -0.0800338
     0.999999  -4.38809e-05   -0.00142714     -0.155106    4.5041e-05             1   0.000812883    -0.0875919    0.00142711  -0.000812947      0.999999     -0.206111
     0.999998   -3.0895e-05   -0.00174722     -0.145514   3.39175e-05      0.999999    0.00172986     -0.112916    0.00174717   -0.00172992      0.999997     -0.230372
     0.999998   0.000126306   -0.00174178     -0.143204    -0.0001225      0.999998    0.00218511     -0.143908    0.00174206    -0.0021849      0.999996     -0.112787
     0.999999   6.58183e-05   -0.00141271     -0.138214  -6.44077e-05      0.999999   0.000998526    -0.0884397    0.00141277  -0.000998434      0.999999     -0.260604
     0.999999  -0.000186712   -0.00170783     -0.139729   0.000189394      0.999999    0.00157019      -0.15157    0.00170753   -0.00157051      0.999997     -0.173477
     0.999999  -0.000229685   -0.00169291     -0.140638   0.000232284      0.999999    0.00153517     -0.160276    0.00169256   -0.00153556      0.999997     -0.217201
     0.999999  -3.24931e-05   -0.00148564     -0.137566   3.36748e-05             1   0.000795395     -0.115401    0.00148562  -0.000795445      0.999999     -0.312984
     0.999998   8.59222e-05   -0.00180109     -0.134259  -8.30969e-05      0.999999    0.00156866     -0.169251    0.00180122   -0.00156851      0.999997     -0.155334
     0.999998   0.000208805   -0.00172451     -0.121992  -0.000207027      0.999999    0.00103138     -0.114867    0.00172473   -0.00103103      0.999998     -0.349091
     0.999998   0.000280598   -0.00182223      -0.12868  -0.000278076      0.999999    0.00138405     -0.103538    0.00182261   -0.00138354      0.999997     -0.276274
     0.999998  -4.37972e-05   -0.00194268     -0.130376   4.68751e-05      0.999999    0.00158432      -0.15673    0.00194261   -0.00158441      0.999997    -0.0675646
     0.999999  -0.000423088   -0.00143998     -0.136719   0.000424474      0.999999   0.000962464    -0.0749793    0.00143957  -0.000963074      0.999999     -0.252909
     0.999998  -0.000442871   -0.00179015     -0.136445   0.000446242      0.999998    0.00188313     -0.124021    0.00178931   -0.00188392      0.999997     -0.120655
     0.999999  -0.000633224   -0.00156405     -0.134728   0.000636159      0.999998    0.00187672      -0.14493    0.00156286   -0.00187772      0.999997      -0.11873
     0.999999   -0.00107897   -0.00103557     -0.144567    0.00108113      0.999997    0.00208297     -0.117984    0.00103332   -0.00208409      0.999997     -0.304726
     0.999999  -0.000822827   -0.00130216      -0.13316   0.000827282      0.999994    0.00342407     -0.174607    0.00129933   -0.00342514      0.999993    -0.0959106
     0.999999  -0.000842226   -0.00131459     -0.118675   0.000845035      0.999997    0.00213841     -0.132584    0.00131278   -0.00213952      0.999997     -0.269054
     0.999998  -0.000713349   -0.00169964     -0.139089   0.000718264      0.999996     0.0028929     -0.160085    0.00169757   -0.00289411      0.999994     -0.101337
     0.999999  -0.000766712   -0.00150241     -0.139014    0.00077014      0.999997    0.00228281     -0.159465    0.00150066   -0.00228396      0.999996     -0.173812
     0.999998  -0.000769504   -0.00169809     -0.158386   0.000772872      0.999998    0.00198392     -0.110424    0.00169656   -0.00198523      0.999997     -0.283176
     0.999998   -0.00059804   -0.00166948     -0.165269   0.000602176      0.999997     0.0024779     -0.133225      0.001668    -0.0024789      0.999996     -0.119818
     0.999998  -0.000444856   -0.00169269     -0.171995   0.000448293      0.999998     0.0020308     -0.113615    0.00169179   -0.00203156      0.999997     -0.173203
     0.999999  -0.000542592   -0.00137789       -0.1757   0.000544776      0.999999     0.0015855     -0.068768    0.00137703   -0.00158625      0.999998     -0.292402
     0.999999  -0.000638217   -0.00142232     -0.168729   0.000642744      0.999995    0.00318456     -0.144509    0.00142028   -0.00318547      0.999994  -0.000343719
     0.999999  -0.000704442   -0.00144235     -0.171908   0.000707751      0.999997    0.00229465     -0.127075    0.00144073   -0.00229567      0.999996     -0.113677
     0.999998  -0.000659548   -0.00178502      -0.17681    0.00066386      0.999997     0.0024161     -0.104579    0.00178342   -0.00241728      0.999995     -0.176099
     0.999998  -0.000827774    -0.0020292     -0.165935   0.000835997      0.999991    0.00405485      -0.18385    0.00202583   -0.00405654       0.99999     0.0722944
     0.999998   -0.00106788   -0.00161134     -0.185606    0.00107231      0.999996      0.002748     -0.162163     0.0016084   -0.00274972      0.999995     -0.266596
     0.999998  -0.000827178   -0.00180353     -0.193776   0.000832875      0.999995    0.00316046     -0.175012     0.0018009   -0.00316196      0.999993     -0.181763
     0.999999  -0.000932097   -0.00139761     -0.209253   0.000935488      0.999997    0.00242693     -0.208172    0.00139535   -0.00242823      0.999996     -0.201697
     0.999998  -0.000717401   -0.00160057     -0.207954   0.000720571      0.999998    0.00198094      -0.15383    0.00159914   -0.00198209      0.999997     -0.377741
     0.999998  -0.000712083   -0.00183279     -0.206939   0.000716823      0.999996    0.00258704     -0.179242    0.00183095   -0.00258835      0.999995     -0.213756
     0.999998  -0.000985831   -0.00142612     -0.199162   0.000989346      0.999996     0.0024656     -0.178255    0.00142369   -0.00246701      0.999996     -0.231949
     0.999998  -0.000902428   -0.00154347     -0.198533   0.000906011      0.999997    0.00232244     -0.134713    0.00154137   -0.00232384      0.999996      -0.35589
     0.999998  -0.000933803   -0.00202082     -0.208511   0.000942507       0.99999    0.00431051     -0.205528    0.00201677    -0.0043124      0.999989    -0.0351674
     0.999998   -0.00122814   -0.00183727     -0.214174    0.00123328      0.999995    0.00280041     -0.218309    0.00183382   -0.00280267      0.999994     -0.195015
     0.999997   -0.00113529   -0.00197357     -0.206415    0.00114177      0.999994    0.00328691     -0.207964    0.00196983   -0.00328915      0.999993     -0.192703
     0.999997   -0.00116002   -0.00207278     -0.213807     0.0011696      0.999989    0.00462559     -0.237058    0.00206739     -0.004628      0.999987    -0.0640209
     0.999998   -0.00128642   -0.00161262     -0.213498    0.00129326       0.99999    0.00424576     -0.167441    0.00160714   -0.00424783       0.99999     -0.241794
     0.999997   -0.00116564   -0.00196868     -0.215826    0.00117553      0.999987    0.00503327     -0.203816    0.00196279   -0.00503558      0.999985     0.0187216
     0.999997   -0.00124232   -0.00196302     -0.234024    0.00124961      0.999992    0.00371527     -0.202574    0.00195839   -0.00371771      0.999991   0.000756567
     0.999998   -0.00123945   -0.00140993     -0.235272    0.00124508      0.999991    0.00400283     -0.138321    0.00140496   -0.00400458      0.999991     -0.129821
     0.999998    -0.0012133     -0.001716     -0.233889    0.00122152      0.999988    0.00479724     -0.203772    0.00171016   -0.00479932      0.999987    0.00529001
     0.999998   -0.00137036   -0.00165161     -0.232142    0.00137559      0.999994    0.00316991     -0.132525    0.00164726   -0.00317217      0.999994    -0.0305028
            1   0.000105168  -0.000394899    -0.0945514  -0.000104347      0.999998    0.00207697   -0.00200375   0.000395116   -0.00207693      0.999998      0.159472
     0.999999   0.000523121   0.000922034    -0.0627104  -0.000522948             1  -0.000188146    -0.0915044  -0.000922132   0.000187664             1      0.117455
     0.999999   0.000718097  -0.000904931     -0.192177  -0.000717293      0.999999   0.000888686     -0.165155   0.000905569  -0.000888036      0.999999     -0.100687
     0.999999   0.000723587   -0.00116817     -0.214227  -0.000721462      0.999998     0.0018185     -0.151711    0.00116948   -0.00181765      0.999998     -0.153862
     0.999999   0.000732903   -0.00123384     -0.217997  -0.000730788      0.999998    0.00171345     -0.175876     0.0012351   -0.00171254      0.999998    -0.0139534
            1   7.30802e-05  -0.000824055     -0.215554  -7.18173e-05      0.999999    0.00153249     -0.134659   0.000824166   -0.00153243      0.999998     -0.191405
     0.999999   0.000327401    -0.0013664     -0.227508  -0.000325535      0.999999    0.00136539     -0.214511    0.00136684   -0.00136494      0.999998     -0.150659
            1   2.68726e-07   -0.00091193      -0.21944    1.2098e-06      0.999999    0.00162132     -0.246232    0.00091193   -0.00162132      0.999998     -0.105019
     0.999999  -0.000128123   -0.00119005      -0.23606   0.000129798      0.999999    0.00140736      -0.17493    0.00118987   -0.00140751      0.999998     -0.282604
     0.999999  -0.000112042   -0.00138451      -0.24729   0.000114797      0.999998    0.00198982     -0.235523    0.00138428   -0.00198998      0.999997     -0.128386
     0.999999  -0.000536204  -0.000848914     -0.270388   0.000537477      0.999999    0.00149938     -0.229065   0.000848109   -0.00149983      0.999999     -0.182251
     0.999999  -0.000521964   -0.00104272     -0.262581   0.000524738      0.999996    0.00266203     -0.202417    0.00104133   -0.00266258      0.999996     -0.107406
     0.999999  -0.000386677   -0.00123722     -0.242454   0.000390997      0.999994    0.00349366     -0.257094    0.00123586   -0.00349414      0.999993     0.0313083
            1  -0.000638334  -0.000671501     -0.237658   0.000639991      0.999997    0.00247034     -0.190309   0.000669922   -0.00247077      0.999997     -0.166331
     0.999999  -0.000549884   -0.00107103      -0.24775   0.000553426      0.999994     0.0033099     -0.215271    0.00106921   -0.00331049      0.999994     -0.017454
     0.999999  -0.000734603  -0.000862723     -0.242568   0.000737535      0.999994    0.00340355      -0.23821   0.000860218   -0.00340419      0.999994    -0.0521465
     0.999999  -0.000878877  -0.000592407     -0.251577   0.000880663      0.999995    0.00302149     -0.200132   0.000589749   -0.00302201      0.999995     -0.225391
     0.999999  -0.000769041  -0.000930227     -0.243923   0.000773137       0.99999    0.00441134     -0.269263   0.000926825   -0.00441206       0.99999    -0.0486779
     0.999999   -0.00100422  -0.000409409     -0.243797      0.001006       0.99999    0.00439253      -0.23443   0.000404994   -0.00439294       0.99999     -0.237316
     0.999999  -0.000797408  -0.000906193     -0.247272   0.000801785      0.999988    0.00483983     -0.241945   0.000902323   -0.00484055      0.999988    -0.0798217
     0.999999  -0.000747994   -0.00106082     -0.252976   0.000751688      0.999994    0.00348657     -0.267496     0.0010582   -0.00348736      0.999993    -0.0885714
     0.999999  -0.000734939   -0.00108029     -0.248064   0.000739017      0.999993    0.00377982     -0.200301    0.00107751   -0.00378062      0.999992     -0.272986
     0.999998  -0.000403048   -0.00184611     -0.254854   0.000411048      0.999991    0.00433542     -0.261251    0.00184434   -0.00433617      0.999989     -0.168617
     0.999999   -0.00064634   -0.00125792     -0.274039   0.000651279      0.999992    0.00392977       -0.2732    0.00125537   -0.00393058      0.999991     -0.231206
     0.999999  -0.000964783   -0.00049759     -0.268768    0.00096691       0.99999    0.00429363     -0.224832   0.000493443   -0.00429411      0.999991     -0.309442
     0.999999  -0.000837976   -0.00113053     -0.276746   0.000843685      0.999987    0.00505874     -0.287936    0.00112627   -0.00505969      0.999987    -0.0265299
     0.999999  -0.000950812  -0.000691622     -0.263296   0.000954546      0.999985    0.00541816     -0.256526    0.00068646   -0.00541882      0.999985     -0.148161
     0.999999  -0.000863072  -0.000616116     -0.270736   0.000866544      0.999984    0.00565637     -0.217452   0.000611224    -0.0056569      0.999984     -0.201629
     0.999999  -0.000637901   -0.00104294     -0.254473   0.000645039      0.999976    0.00685858      -0.26689    0.00103854   -0.00685925      0.999976   -0.00996224
     0.999999  -0.000950651  -0.000731864     -0.262134   0.000954609      0.999985     0.0054268     -0.223377   0.000726694   -0.00542749      0.999985     -0.224044
     0.999999  -0.000928929  -0.000635749     -0.262623   0.000932963      0.999979    0.00637465     -0.200135   0.000629814   -0.00637523      0.999979    -0.0420828
     0.999999   -0.00103033   -0.00078285     -0.281555    0.00103541      0.999978     0.0065231     -0.232033   0.000776112   -0.00652391      0.999978    -0.0480445
     0.999999   -0.00107041  -0.000673112      -0.29643    0.00107515      0.999974    0.00707664     -0.192167    0.00066552   -0.00707736      0.999975    -0.0211711
     0.999999  -0.000964309   -0.00108091     -0.272496   0.000972488      0.999971    0.00759188     -0.209868    0.00107355   -0.00759293      0.999971      0.192083
     0.999999   -0.00123339  -0.000268614     -0.277775    0.00123502       0.99998    0.00613941      -0.19458   0.000261036   -0.00613974      0.999981     -0.136804
     0.999999    -0.0010233  -0.000509886     -0.295511     0.0010269      0.999974    0.00712227     -0.225577   0.000502585   -0.00712279      0.999975    -0.0574111
     0.999999    -0.0010132  -0.000525097     -0.317019    0.00101684      0.999975    0.00697829     -0.256378   0.000518014   -0.00697882      0.999976    -0.0901996
     0.999999   -0.00102386  -6.18027e-05     -0.307991    0.00102421      0.999981    0.00601006     -0.209764   5.56481e-05   -0.00601012      0.999982     -0.317446
     0.999999  -0.000962884  -0.000447566     -0.315682   0.000966144      0.999973    0.00734206     -0.266243   0.000440485   -0.00734249      0.999973     -0.118149
     0.999999   -0.00102403  -0.000202756     -0.305809    0.00102535      0.999977    0.00663632     -0.264912   0.000195956   -0.00663653      0.999978     -0.210045
     0.999999    -0.0013031   5.36008e-05     -0.305246    0.00130269      0.999975     0.0070012      -0.23553  -6.27227e-05   -0.00700112      0.999975     -0.199671
     0.999999   -0.00116025  -0.000465252     -0.299386    0.00116379       0.99997    0.00769871      -0.26769   0.000456306   -0.00769924       0.99997    -0.0228665
     0.999999   -0.00114116   4.91152e-05     -0.305702    0.00114081      0.999978    0.00657606      -0.22121  -5.66184e-05     -0.006576      0.999978     -0.252502
     0.999999   -0.00106625  -0.000330824     -0.307048    0.00106879      0.999969    0.00777643     -0.247418   0.000322522   -0.00777677       0.99997    -0.0617464
     0.999999   -0.00114106  -0.000366655     -0.304016    0.00114389      0.999969    0.00780353     -0.248698   0.000357739   -0.00780395      0.999969    -0.0535395
     0.999999   -0.00117989   0.000175627     -0.308786    0.00117863      0.999975    0.00697364     -0.204352  -0.000183851   -0.00697343      0.999976     -0.239849
     0.999999  -0.000934991  -0.000486454     -0.293156   0.000939148      0.999962     0.0086158     -0.243792    0.00047838   -0.00861625      0.999963     0.0601805
     0.999999   -0.00120822  -1.73015e-05     -0.304822    0.00120831       0.99997    0.00763758     -0.243357   8.07314e-06   -0.00763759      0.999971    -0.0822621
     0.999999   -0.00122065   3.65949e-05     -0.309006    0.00122037      0.999976    0.00675328     -0.220467  -4.48374e-05   -0.00675323      0.999977     -0.214065
     0.999999   -0.00114681  -0.000361503     -0.306545     0.0011495      0.999971    0.00754458     -0.258674    0.00035284   -0.00754499      0.999971    -0.0310087
     0.999999   -0.00153209   0.000343474     -0.300083    0.00152969      0.999975    0.00688703     -0.200996  -0.000354017    -0.0068865      0.999976     -0.210377
     0.999999   -0.00146306   0.000356797     -0.305709    0.00146027      0.999969    0.00769931      -0.22161  -0.000368051   -0.00769878       0.99997    -0.0910346
