# 3dvolreg matrices (DICOM-to-DICOM, row-by-row):
            1  -0.000671116   0.000168724     -0.153981   0.000670841      0.999998     0.0016259      0.152634  -0.000169815   -0.00162579      0.999999      0.161876
            1  -0.000306729   0.000164644     -0.142441   0.000306489      0.999999    0.00145744      0.227065  -0.000165091   -0.00145739      0.999999      0.218631
            1  -0.000286045   7.86873e-05      -0.13964   0.000285866      0.999997    0.00226565      0.145775  -7.93352e-05   -0.00226563      0.999997      0.256219
            1  -0.000854776   0.000501383     -0.150065   0.000854519             1   0.000512749      0.107512  -0.000501821   -0.00051232             1     0.0905263
     0.999999  -0.000856963   0.000524112     -0.141249   0.000856643      0.999999   0.000610862      0.149286  -0.000524635  -0.000610413             1     0.0567093
            1  -0.000232271   0.000380202     -0.137228   0.000231691      0.999999     0.0015241      0.100191  -0.000380556   -0.00152402      0.999999      0.244948
            1  -0.000858415   0.000321055     -0.144439   0.000858325             1   0.000279229      0.134665  -0.000321295  -0.000278953             1     0.0830955
            1  -0.000885597   8.58017e-05      -0.13524   0.000885482      0.999999    0.00133978      0.156121  -8.69881e-05   -0.00133971      0.999999       0.13996
            1  -0.000979197  -6.58258e-06     -0.125487   0.000979206      0.999998    0.00161547      0.121719    5.0007e-06   -0.00161548      0.999999      0.193989
     0.999999   -0.00137799  -6.03845e-05     -0.131865    0.00137808      0.999998     0.0014122      0.173588   5.84384e-05   -0.00141229      0.999999     0.0661885
            1   -0.00069437  -0.000159371     -0.126489   0.000694735      0.999997     0.0023042      0.126792   0.000157771   -0.00230431      0.999997      0.251542
     0.999999   -0.00107517   9.03449e-05     -0.117447    0.00107507      0.999999     0.0011174      0.150345  -9.15462e-05    -0.0011173      0.999999     0.0197795
            1  -0.000941738   1.70781e-05     -0.119843    0.00094171      0.999998    0.00160219      0.143728  -1.85869e-05   -0.00160217      0.999999     0.0668208
            1  -0.000905797   0.000142487     -0.133398   0.000905533      0.999998    0.00184104      0.117276  -0.000144155   -0.00184091      0.999998      0.106655
     0.999999   -0.00124859   0.000386335     -0.126727    0.00124808      0.999998    0.00132263      0.178281  -0.000387986   -0.00132214      0.999999    -0.0911364
     0.999999   -0.00115011   0.000422919     -0.129145      0.001149      0.999996    0.00263429     0.0978274  -0.000425947    -0.0026338      0.999996     0.0723433
     0.999999   -0.00133063   0.000157855     -0.135454    0.00133025      0.999996    0.00237677     0.0863673  -0.000161017   -0.00237655      0.999997    -0.0309077
     0.999999   -0.00129592  -0.000241821     -0.126217    0.00129654      0.999996    0.00256525      0.125827   0.000238496   -0.00256556      0.999997    -0.0509421
            1  -0.000817929  -6.39808e-05      -0.12252   0.000818111      0.999995    0.00290353     0.0938106   6.16057e-05   -0.00290358      0.999996      0.179895
     0.999999   -0.00127477   0.000296082     -0.128965    0.00127426      0.999998    0.00169544      0.142259  -0.000298243   -0.00169507      0.999999     -0.052594
     0.999999   -0.00130225   0.000385337     -0.133948    0.00130124      0.999996    0.00261255      0.145421  -0.000388738   -0.00261205      0.999997     0.0467218
     0.999999   -0.00101263   0.000284028     -0.119779    0.00101165      0.999994     0.0034238      0.111481  -0.000287493   -0.00342351      0.999994      0.203905
     0.999999   -0.00149706   0.000486216      -0.14049    0.00149594      0.999996    0.00231035      0.175569  -0.000489673   -0.00230962      0.999997    0.00680431
     0.999999   -0.00140016   0.000304021     -0.125657    0.00139909      0.999993    0.00348177      0.164934  -0.000308894   -0.00348134      0.999994      0.125085
     0.999999   -0.00158408   0.000197625      -0.09745    0.00158335      0.999992     0.0036811      0.135278  -0.000203455   -0.00368078      0.999993      0.236422
     0.999998   -0.00175338    0.00049096     -0.125108    0.00175197      0.999994    0.00286762      0.173118  -0.000495986   -0.00286675      0.999996     0.0183038
     0.999999   -0.00117732  -0.000223161    -0.0997507    0.00117812      0.999993    0.00361066       0.13897   0.000218908   -0.00361092      0.999993      0.262964
     0.999998   -0.00180305  -0.000123752     -0.106634    0.00180337      0.999995    0.00260609       0.14933   0.000119053   -0.00260631      0.999997     0.0191391
     0.999999    -0.0014869  -3.23864e-05     -0.114367    0.00148701      0.999992    0.00381214       0.14262   2.67179e-05   -0.00381218      0.999993      0.195437
     0.999998   -0.00172867   0.000228492     -0.129638    0.00172775      0.999991    0.00396165       0.13856  -0.000235338   -0.00396125      0.999992      0.157462
     0.999998   -0.00195527   0.000707189     -0.127486    0.00195258      0.999991    0.00378595      0.142849  -0.000714585   -0.00378456      0.999993     0.0142996
     0.999999   -0.00150029   0.000497791     -0.125058    0.00149858      0.999993    0.00341559     0.0981274  -0.000502911   -0.00341484      0.999994       0.20674
     0.999998   -0.00170962   0.000578799     -0.133108    0.00170818      0.999995    0.00248867      0.139985  -0.000583051   -0.00248768      0.999997     0.0132426
     0.999999   -0.00139763   0.000687446     -0.135252    0.00139535      0.999994    0.00331369      0.124323  -0.000692073   -0.00331273      0.999994     0.0604872
     0.999999   -0.00120979   0.000688656     -0.149024    0.00120742      0.999993    0.00343203      0.128233  -0.000692803    -0.0034312      0.999994     0.0944866
     0.999998   -0.00161583   0.000668313     -0.152309    0.00161402      0.999995    0.00268994      0.183208  -0.000672656   -0.00268886      0.999996    -0.0559584
     0.999999   -0.00157327   0.000229874     -0.126693    0.00157229       0.99999    0.00418622      0.131925  -0.000236458   -0.00418585      0.999991      0.211386
     0.999998   -0.00218995   0.000334654     -0.125569    0.00218856      0.999989    0.00409127      0.114914   -0.00034361   -0.00409053      0.999992     0.0157754
     0.999998   -0.00186843   0.000347517     -0.135823    0.00186691      0.999989    0.00430788      0.116825  -0.000355562   -0.00430722      0.999991    -0.0481321
     0.999999   -0.00169804  -0.000147713     -0.139196     0.0016988      0.999984    0.00530911      0.074713   0.000138696   -0.00530935      0.999986      0.159742
     0.999997   -0.00202533   0.000975581     -0.164498    0.00202199      0.999992    0.00341226     0.0816646  -0.000982484   -0.00341028      0.999994     -0.169306
     0.999998   -0.00180334   0.000701587     -0.165056     0.0017999      0.999986    0.00487924     0.0793091  -0.000710377   -0.00487797      0.999988     0.0498923
     0.999998   -0.00197787   0.000711989     -0.171158    0.00197492       0.99999    0.00412496     0.0836168   -0.00072014   -0.00412355      0.999991     0.0142195
     0.999997   -0.00225995   0.000945307     -0.174623    0.00225518      0.999985    0.00501711      0.122539  -0.000956631   -0.00501496      0.999987    -0.0550464
     0.999998   -0.00209403   0.000425252     -0.162869    0.00209123      0.999977    0.00647014     0.0616362  -0.000438791   -0.00646924      0.999979      0.151629
     0.999996    -0.0024905   0.000918374     -0.171682     0.0024859      0.999985    0.00497715     0.0879649  -0.000930756   -0.00497485      0.999987      -0.14471
     0.999996   -0.00240336    0.00127568     -0.180568    0.00239575       0.99998     0.0059339     0.0673961   -0.00128992   -0.00593083      0.999982   -0.00323212
     0.999997   -0.00239645   0.000881686     -0.182946    0.00239224      0.999986    0.00473931     0.0524898  -0.000893031   -0.00473718      0.999988      0.030374
     0.999997   -0.00233302   0.000933983     -0.177682    0.00232864      0.999986     0.0046661      0.105746  -0.000944857   -0.00466391      0.999989    -0.0750299
     0.999997   -0.00215336   0.000908204      -0.17297    0.00214772      0.999979    0.00616646     0.0401108  -0.000921463   -0.00616449      0.999981      0.103743
     0.999997    -0.0022622    0.00100418      -0.17468    0.00225658      0.999982    0.00556114     0.0829092   -0.00101674   -0.00555886      0.999984     -0.012294
     0.999997   -0.00214664   0.000824608     -0.177053    0.00214201      0.999982    0.00558316      0.116857  -0.000836578   -0.00558138      0.999984     0.0394719
     0.999997   -0.00221962   0.000604302     -0.179669    0.00221591      0.999979    0.00606995     0.0678755  -0.000617763   -0.00606859      0.999981      0.142926
     0.999996   -0.00252338    0.00124151     -0.183555    0.00251585      0.999979    0.00602624      0.114467   -0.00125669    -0.0060231      0.999981    -0.0432087
     0.999997   -0.00222564   0.000795779     -0.186152    0.00222076      0.999979    0.00608623     0.0816555  -0.000809308   -0.00608445      0.999981      0.174353
     0.999997   -0.00236394   0.000833509     -0.196893    0.00235973      0.999985    0.00501339      0.100284  -0.000845347   -0.00501141      0.999987     0.0230136
     0.999997   -0.00213664   0.000912655     -0.200722    0.00213137      0.999981    0.00573372      0.114588  -0.000924888   -0.00573176      0.999983     0.0310412
     0.999997   -0.00210941   0.000909985     -0.211524    0.00210446      0.999983    0.00540392     0.0724295  -0.000921368   -0.00540199      0.999985     0.0392419
     0.999996    -0.0024284    0.00116739      -0.20061    0.00242239      0.999984    0.00512209      0.128258   -0.00117981   -0.00511924      0.999986      -0.07596
     0.999997   -0.00218003   0.000551262     -0.172649    0.00217628      0.999975    0.00671845     0.0870822  -0.000565895   -0.00671723      0.999977      0.215872
     0.999997   -0.00242887   0.000620705     -0.180049    0.00242523       0.99998    0.00579922     0.0684568  -0.000634778    -0.0057977      0.999983    -0.0519931
     0.999997    -0.0022902    0.00129583     -0.187929    0.00228278      0.999981    0.00570467     0.0810378   -0.00130887   -0.00570169      0.999983    -0.0838725
     0.999998   -0.00213286   0.000378959     -0.174344    0.00213059       0.99998    0.00588951     0.0318248  -0.000391513   -0.00588869      0.999983      0.014514
     0.999997   -0.00245672   0.000528229     -0.153318    0.00245387      0.999983    0.00533748     0.0716935  -0.000541333   -0.00533616      0.999986     -0.203548
     0.999997   -0.00231148   0.000652499     -0.152592    0.00230695      0.999974    0.00685412     0.0488232  -0.000668325   -0.00685259      0.999976     0.0488987
     0.999997   -0.00235313   0.000649797       -0.1587    0.00234933      0.999981    0.00578232     0.0437691  -0.000663391   -0.00578077      0.999983    -0.0385824
     0.999997   -0.00228102   0.000769208     -0.165773     0.0022767      0.999982    0.00557296     0.0595919  -0.000781907   -0.00557119      0.999984    -0.0468178
     0.999998   -0.00220132   0.000216786     -0.155264    0.00219988      0.999977    0.00642595     0.0138798  -0.000230927   -0.00642545      0.999979      0.069614
     0.999997   -0.00247946   0.000771809      -0.16335    0.00247507      0.999981    0.00563133      0.065708  -0.000785757    -0.0056294      0.999984     -0.183965
     0.999997   -0.00217621   0.000790647     -0.173182    0.00217139      0.999979    0.00605034     0.0473994  -0.000803798   -0.00604861      0.999981     0.0165635
     0.999997   -0.00248215   0.000881507     -0.186247    0.00247687      0.999979    0.00594231     0.0385108  -0.000896238   -0.00594011      0.999982     0.0160343
     0.999996   -0.00255787    0.00110953     -0.191447    0.00255171      0.999982    0.00551768     0.0884742   -0.00112362   -0.00551483      0.999984    -0.0782384
     0.999997   -0.00221246    0.00120255     -0.190793    0.00220687      0.999987    0.00463425      0.025897   -0.00121278   -0.00463159      0.999989      0.144317
     0.999998   -0.00212207   0.000602972     -0.206607    0.00211999      0.999992    0.00342115     0.0415847  -0.000610227   -0.00341986      0.999994      0.183212
     0.999998   -0.00213288  -0.000186072      -0.20816    0.00213339      0.999994    0.00276536     0.0507972   0.000180173   -0.00276575      0.999996     -0.247127
     0.999996   -0.00279164   0.000265239     -0.217396     0.0027912      0.999995    0.00166821     0.0305418  -0.000269894   -0.00166746      0.999999     -0.669222
     0.999996   -0.00272094     0.0010799      -0.26603     0.0027178      0.999992    0.00289476    0.00560169   -0.00108777   -0.00289181      0.999995     -0.729886
     0.999997   -0.00237123   0.000548187     -0.262299    0.00236947      0.999992    0.00318547    -0.0483001  -0.000555736   -0.00318416      0.999995      -0.63828
     0.999995   -0.00284136     0.0009733     -0.261563    0.00283952      0.999994    0.00188456    -0.0101102  -0.000978649   -0.00188179      0.999998     -0.842748
     0.999997   -0.00251671   0.000556101     -0.246614    0.00251472      0.999991    0.00354822    0.00193792  -0.000565026   -0.00354681      0.999994     -0.638798
     0.999996   -0.00295971   0.000455709     -0.222228    0.00295844      0.999992    0.00277149    -0.0244308  -0.000463908   -0.00277013      0.999996     -0.731605
     0.999995   -0.00311777    0.00107541     -0.246272    0.00311583      0.999994    0.00179677     -0.020052   -0.00108101   -0.00179341      0.999998     -0.906397
     0.999996   -0.00262788   0.000558421     -0.258156    0.00262615      0.999992    0.00308643    -0.0581813  -0.000566527   -0.00308495      0.999995     -0.742894
     0.999995   -0.00296392   0.000958748     -0.254697    0.00296235      0.999994    0.00162648    -0.0655729  -0.000963563   -0.00162363      0.999998     -0.973413
     0.999996   -0.00272665    0.00085413     -0.270529    0.00272431      0.999993    0.00272459    -0.0509698  -0.000861552   -0.00272225      0.999996     -0.859482
     0.999996   -0.00283938   0.000419914      -0.25019    0.00283794       0.99999     0.0034061    -0.0760263  -0.000429581    -0.0034049      0.999994     -0.731473
     0.999995   -0.00314258   0.000188888     -0.255416    0.00314204      0.999991    0.00282613    -0.0135067  -0.000197768   -0.00282552      0.999996      -0.93725
     0.999996   -0.00288048   0.000194525      -0.24438    0.00287978       0.99999     0.0035347    -0.0608141  -0.000204705   -0.00353413      0.999994     -0.815704
     0.999996   -0.00283277   0.000557978     -0.234645    0.00283049      0.999988    0.00403865     -0.109356  -0.000569412   -0.00403705      0.999992      -0.75414
     0.999995   -0.00300034    0.00092907     -0.240563    0.00299775      0.999992    0.00278449     -0.035451  -0.000937416   -0.00278169      0.999996     -0.978175
     0.999996   -0.00266698    0.00065258     -0.234955    0.00266439      0.999989    0.00393553    -0.0625146  -0.000663069   -0.00393378      0.999992     -0.791305
     0.999996   -0.00288711   0.000679637     -0.226283    0.00288482       0.99999    0.00333772    -0.0701139  -0.000689266   -0.00333574      0.999994     -0.917077
     0.999995   -0.00292966    0.00083101     -0.237783    0.00292688       0.99999    0.00333034    -0.0464556  -0.000840759   -0.00332789      0.999994      -1.00634
     0.999996   -0.00276445   0.000321336     -0.244175    0.00276298      0.999986    0.00448917    -0.0541941  -0.000333742   -0.00448826       0.99999     -0.812111
     0.999995   -0.00301279   0.000789865     -0.230013    0.00301059      0.999992    0.00277074    -0.0543851  -0.000798206   -0.00276834      0.999996     -0.951944
     0.999995   -0.00296434   0.000803739     -0.241616    0.00296202      0.999992    0.00286806    -0.0697988  -0.000812234   -0.00286566      0.999996     -0.936194
     0.999996   -0.00279407   0.000592695     -0.242497    0.00279226      0.999991    0.00303808     -0.101318  -0.000601178   -0.00303641      0.999995     -0.784732
     0.999995   -0.00299917   0.000746584     -0.235396    0.00299689      0.999991    0.00304317    -0.0214078  -0.000755704   -0.00304092      0.999995     -0.919165
     0.999995   -0.00304405   0.000943574     -0.264522     0.0030401      0.999987    0.00415954    -0.0589594  -0.000956224   -0.00415665      0.999991     -0.790039
     0.999995   -0.00305052    0.00108831     -0.267478     0.0030471       0.99999    0.00313671    -0.0734612   -0.00109786   -0.00313338      0.999994     -0.926935
     0.999995   -0.00293184    0.00121074     -0.266289     0.0029282      0.999991    0.00299675    -0.0700883   -0.00121952   -0.00299319      0.999995      -1.01706
     0.999995   -0.00295383   0.000759692     -0.262978    0.00295095      0.999989    0.00376928     -0.110761  -0.000770817   -0.00376702      0.999993      -0.88233
     0.999995   -0.00296698    0.00105357     -0.252494    0.00296422      0.999992    0.00261679    -0.0671814   -0.00106133   -0.00261366      0.999996      -1.00703
     0.999996   -0.00275501   0.000571644     -0.225085    0.00275197      0.999982    0.00526557    -0.0343398  -0.000586141   -0.00526398      0.999986     -0.710639
     0.999995   -0.00307254   0.000309266     -0.203572    0.00307127      0.999987    0.00402254    -0.0655197  -0.000321621   -0.00402157      0.999992     -0.828194
     0.999994   -0.00325055    0.00106451     -0.250288     0.0032468      0.999989    0.00351166    -0.0657906   -0.00107591   -0.00350818      0.999993     -0.989574
     0.999994   -0.00325451    0.00139092      -0.27729    0.00324796      0.999984    0.00469005    -0.0946656   -0.00140616    -0.0046855      0.999988     -0.784641
     0.999994   -0.00326767    0.00118885     -0.270135    0.00326385       0.99999    0.00320031    -0.0950811   -0.00119929   -0.00319641      0.999994      -1.01866
     0.999995   -0.00293717   0.000668483     -0.247907    0.00293402      0.999985     0.0046589    -0.0595219  -0.000682157   -0.00465691      0.999989     -0.835043
     0.999995   -0.00308146   5.85748e-05     -0.212238    0.00308109       0.99998    0.00543213    -0.0554441  -7.53125e-05   -0.00543192      0.999985     -0.701471
     0.999994   -0.00344188   0.000500483     -0.206752    0.00344008      0.999988    0.00353822    -0.0360949  -0.000512655   -0.00353648      0.999994     -0.966802
     0.999995    -0.0031987   0.000541354     -0.221158    0.00319644      0.999986    0.00413376    -0.0697785  -0.000554569   -0.00413201      0.999991     -0.811916
     0.999994   -0.00326701    0.00065612     -0.213709    0.00326431      0.999986     0.0040766    -0.0821325  -0.000669429   -0.00407443      0.999991     -0.837047
     0.999994    -0.0033303   0.000828575      -0.22483    0.00332725      0.999988    0.00364574     -0.040199  -0.000840707   -0.00364296      0.999993     -0.950777
     0.999995   -0.00317504   0.000595884      -0.22676    0.00317219      0.999984    0.00470903    -0.0901594  -0.000610826   -0.00470712      0.999989     -0.789473
     0.999994   -0.00337329   0.000892308      -0.21435    0.00337024      0.999989    0.00339098    -0.0838754  -0.000903736   -0.00338796      0.999994     -0.972688
     0.999995   -0.00318479   0.000543036      -0.19524    0.00318216      0.999983    0.00479167    -0.0749103  -0.000558287   -0.00478991      0.999988     -0.711178
     0.999994   -0.00340592   0.000388504     -0.170943    0.00340425      0.999985    0.00422983    -0.0914403  -0.000402905   -0.00422848      0.999991     -0.811882
     0.999994   -0.00331839   0.000441823     -0.208287    0.00331687      0.999989    0.00340216    -0.0782232  -0.000453108   -0.00340067      0.999994      -1.02606
     0.999995   -0.00321553    0.00018065     -0.196201    0.00321464      0.999984    0.00474603     -0.103213  -0.000195908   -0.00474543      0.999989     -0.976939
     0.999996   -0.00279117   0.000743613     -0.164022    0.00278756      0.999985    0.00481289      -0.12578  -0.000757035    -0.0048108      0.999988     -0.935423
     0.999995   -0.00311111   0.000571437     -0.196374    0.00310901      0.999989    0.00364536      -0.11904  -0.000582771   -0.00364357      0.999993     -0.924415
     0.999995   -0.00320778   0.000637444     -0.209449    0.00320517      0.999987    0.00404494      -0.10017  -0.000650411   -0.00404287      0.999992     -0.941982
     0.999996   -0.00287903   0.000491832     -0.199438    0.00287636      0.999982    0.00535348     -0.110125  -0.000507236   -0.00535204      0.999986     -0.747294
     0.999995   -0.00321125   0.000557258     -0.195105     0.0032085      0.999983    0.00487267    -0.0352505  -0.000572896   -0.00487086      0.999988      -0.91933
     0.999996   -0.00298679   0.000241983     -0.188299    0.00298542       0.99998    0.00548923    -0.0329985  -0.000258373   -0.00548848      0.999985     -0.809735
     0.999995   -0.00302051  -9.02568e-05     -0.160281    0.00302095      0.999981    0.00541736    -0.0664035   7.38919e-05   -0.00541761      0.999985     -0.746812
     0.999994   -0.00337959   0.000305154     -0.161757    0.00337822      0.999985    0.00437276    -0.0297683  -0.000319928   -0.00437171       0.99999     -0.933119
     0.999995   -0.00299274    0.00039056     -0.170961    0.00299037      0.999978    0.00593382    -0.0745626   -0.00040831   -0.00593262      0.999982     -0.701177
     0.999995   -0.00320082    0.00026106     -0.156318    0.00319953      0.999983    0.00478253    -0.0894446  -0.000276364   -0.00478167      0.999989     -0.812973
     0.999995   -0.00324724   0.000570655     -0.179029    0.00324453      0.999984    0.00468076    -0.0461153  -0.000585845   -0.00467888      0.999989     -0.931049
     0.999996   -0.00286711   0.000223373      -0.16788    0.00286576      0.999979    0.00584072    -0.0943849  -0.000240114   -0.00584006      0.999983     -0.691661
     0.999995   -0.00325134   0.000284304     -0.171625    0.00325006      0.999985      0.004393    -0.0661844  -0.000298583   -0.00439205       0.99999      -0.89707
     0.999996   -0.00292384   0.000278352      -0.17032    0.00292235      0.999982    0.00518432     -0.034306  -0.000293505   -0.00518348      0.999987     -0.820266
     0.999995   -0.00302201   1.02132e-06     -0.155797    0.00302195      0.999977    0.00613315    -0.0645933  -1.95557e-05   -0.00613312      0.999981       -0.6759
     0.999994   -0.00330982   0.000304808      -0.17592    0.00330855      0.999986     0.0040766    -0.0279334  -0.000318296   -0.00407557      0.999992     -0.983519
     0.999996   -0.00297849   5.71569e-05     -0.169379    0.00297814      0.999981     0.0054512    -0.0572435  -7.33922e-05   -0.00545101      0.999985     -0.756813
     0.999996   -0.00297668  -3.76348e-05     -0.157009    0.00297683      0.999983    0.00504321      -0.06395   2.26221e-05    -0.0050433      0.999987     -0.731242
     0.999995   -0.00330382   0.000201618     -0.172776    0.00330289      0.999985    0.00446987    -0.0130464  -0.000216382   -0.00446918       0.99999     -0.953093
     0.999995   -0.00316717   6.33589e-05      -0.17324    0.00316677       0.99998    0.00555214    -0.0536684  -8.09421e-05   -0.00555191      0.999985     -0.810723
     0.999995    -0.0032532   0.000240868     -0.172728    0.00325204      0.999984    0.00468075    -0.0688018  -0.000256091   -0.00467994      0.999989     -0.902867
     0.999995   -0.00308169   0.000152668     -0.168225    0.00308078       0.99998    0.00560906     -0.054412   -0.00016995   -0.00560856      0.999984     -0.768403
     0.999995   -0.00320796    7.2758e-05     -0.163669    0.00320744      0.999975    0.00622531     -0.062771  -9.27267e-05   -0.00622504      0.999981     -0.679167
     0.999994   -0.00350022   0.000348322      -0.18852    0.00349864      0.999984    0.00444438    -0.0433358  -0.000363873   -0.00444313       0.99999     -0.986928
     0.999994   -0.00331767   0.000326234     -0.183896    0.00331593      0.999981     0.0051923    -0.0744959  -0.000343454   -0.00519119      0.999986     -0.850538
     0.999994   -0.00340065   0.000480299     -0.196969    0.00339835      0.999983    0.00470637    -0.0897493  -0.000496295   -0.00470471      0.999989     -0.889638
     0.999994   -0.00338485   0.000502664     -0.195014    0.00338249      0.999984    0.00461114    -0.0363983  -0.000518264   -0.00460941      0.999989      -0.95138
     0.999995     -0.003182   4.81509e-05     -0.173134    0.00318165      0.999977    0.00601398    -0.0829944  -6.72862e-05    -0.0060138      0.999982     -0.708563
     0.999994   -0.00354001   0.000309211     -0.175685    0.00353836       0.99998    0.00520103    -0.0494375  -0.000327617   -0.00519991      0.999986     -0.890744
     0.999995   -0.00326627   0.000317398     -0.169592    0.00326413      0.999973    0.00651266    -0.0206677  -0.000338661   -0.00651159      0.999979     -0.793813
     0.999995   -0.00306153  -0.000178856     -0.156155    0.00306266      0.999973    0.00675033      -0.06756   0.000158185   -0.00675085      0.999977     -0.704037
     0.999995   -0.00325227   0.000212544     -0.166093    0.00325115      0.999982     0.0050506    -0.0470583  -0.000228966   -0.00504988      0.999987     -0.950021
     0.999996   -0.00296995   -0.00010508     -0.153503    0.00297059      0.999974    0.00663952     -0.047922   8.53585e-05   -0.00663981      0.999978     -0.684628
     0.999995   -0.00313014  -8.96085e-05     -0.158081    0.00313059       0.99998    0.00550751    -0.0653937   7.23674e-05   -0.00550777      0.999985     -0.778983
     0.999994   -0.00342706      0.000419     -0.164745    0.00342503      0.999983    0.00475856    -0.0258956    -0.0004353    -0.0047571      0.999989     -0.930621
     0.999995      -0.00318    8.9673e-05     -0.165547    0.00317936      0.999974     0.0064038    -0.0641922  -0.000110035   -0.00640348      0.999979      -0.67863
     0.999995   -0.00328294  -9.75085e-07     -0.161787    0.00328291      0.999983    0.00488313    -0.0579307   -1.5056e-05   -0.00488311      0.999988     -0.835134
     0.999995   -0.00324858   0.000312679     -0.163633     0.0032469      0.999981    0.00521401    -0.0464158  -0.000329611   -0.00521297      0.999986     -0.858393
     0.999995   -0.00311539   0.000101013     -0.160048    0.00311472      0.999977    0.00610017    -0.0827801  -0.000120015   -0.00609982      0.999981     -0.755559
     0.999994   -0.00331457   0.000487323     -0.169778    0.00331245      0.999985    0.00428398    -0.0651873  -0.000501516   -0.00428235      0.999991      -1.02952
     0.999995   -0.00328085    0.00037791     -0.168406    0.00327881      0.999981    0.00528667    -0.0920692  -0.000395247    -0.0052854      0.999986     -0.917961
     0.999994    -0.0034719   0.000425501     -0.176891    0.00346957       0.99998    0.00536493    -0.0961054  -0.000444119   -0.00536342      0.999986     -0.909347
     0.999994   -0.00336061   0.000555802     -0.181914    0.00335753       0.99998    0.00545005    -0.0412113  -0.000574106   -0.00544816      0.999985     -0.929829
     0.999996   -0.00293562   1.03458e-05     -0.169145    0.00293549      0.999974     0.0066155    -0.0580089  -2.97661e-05   -0.00661544      0.999978     -0.657213
     0.999995   -0.00317996   0.000177439     -0.168323      0.003179      0.999982    0.00515016    -0.0548735  -0.000193813   -0.00514957      0.999987     -0.852386
     0.999995   -0.00327555   0.000391145     -0.178069    0.00327355      0.999982    0.00501218    -0.0415942  -0.000407556   -0.00501087      0.999987     -0.957612
     0.999994   -0.00336458   0.000349662      -0.18704    0.00336224      0.999973    0.00649793    -0.0785629  -0.000371516   -0.00649672      0.999979     -0.821356
     0.999993   -0.00359657   0.000349013     -0.193056    0.00359476      0.999981    0.00504969    -0.0577214  -0.000367168    -0.0050484      0.999987     -0.963397
     0.999994   -0.00331523  -0.000265218     -0.181849    0.00331681      0.999975    0.00619317    -0.0384353    0.00024468   -0.00619401      0.999981     -0.757327
     0.999995   -0.00311093  -0.000177824     -0.161823    0.00311207      0.999972    0.00685806    -0.0644534   0.000156484   -0.00685858      0.999976     -0.594682
     0.999994   -0.00339156   7.01849e-05     -0.166584    0.00339109      0.999977    0.00580952    -0.0221854  -8.98867e-05   -0.00580925      0.999983     -0.794585
     0.999994   -0.00343144   0.000265588     -0.172787    0.00342989      0.999978    0.00563395     -0.023504  -0.000284915     -0.005633      0.999984     -0.890783
     0.999994   -0.00342082   0.000195256     -0.187719     0.0034195      0.999974    0.00641826    -0.0624443  -0.000217207   -0.00641755      0.999979     -0.778171
     0.999994   -0.00352908   0.000589181     -0.191375    0.00352603      0.999981    0.00510372    -0.0418328  -0.000607181   -0.00510161      0.999987     -0.936396
     0.999995   -0.00316933   0.000279385     -0.180824    0.00316741      0.999973     0.0066117    -0.0600527  -0.000300332   -0.00661078      0.999978     -0.701424
     0.999994   -0.00332177   0.000310066     -0.188522    0.00331996      0.999979    0.00564943    -0.0848854  -0.000328826   -0.00564836      0.999984      -0.87244
     0.999994   -0.00349822     0.0005243     -0.187607    0.00349534      0.999979    0.00541014    -0.0554766  -0.000543215   -0.00540828      0.999985     -0.920729
     0.999994   -0.00334548   0.000221662     -0.188637    0.00334413      0.999977    0.00583393     -0.090095  -0.000241175   -0.00583315      0.999983     -0.787735
     0.999994   -0.00358366   0.000268783     -0.186097    0.00358231      0.999982    0.00488271    -0.0613482  -0.000286276   -0.00488171      0.999988     -0.973734
     0.999994   -0.00339359   9.04957e-05     -0.178321    0.00339294      0.999974    0.00642197    -0.0744877  -0.000112287   -0.00642163      0.999979     -0.770949
     0.999994   -0.00348751   0.000131735     -0.174094    0.00348671      0.999978    0.00566447    -0.0774605  -0.000151487   -0.00566397      0.999984     -0.873782
     0.999994   -0.00342404    0.00029107     -0.177061    0.00342221      0.999976    0.00607756    -0.0248202  -0.000311873   -0.00607653      0.999981     -0.858488
     0.999995   -0.00322288  -0.000140409     -0.163133     0.0032238      0.999969    0.00717239    -0.0417328   0.000117289    -0.0071728      0.999974     -0.619663
     0.999994   -0.00350357  -5.97151e-05     -0.172995    0.00350385      0.999978      0.005631    -0.0288146   3.99852e-05   -0.00563117      0.999984     -0.893305
     0.999994   -0.00343391  -6.81793e-06     -0.171857    0.00343389      0.999977    0.00590962   -0.00759965  -1.34753e-05   -0.00590961      0.999983     -0.916665
     0.999995   -0.00319255   -0.00032953     -0.153971    0.00319493      0.999967    0.00749476     -0.042743   0.000305592   -0.00749577      0.999972     -0.633099
     0.999995    -0.0032791  -0.000422119     -0.160159     0.0032821      0.999968     0.0073036    -0.0192434   0.000398156   -0.00730494      0.999973     -0.617828
     0.999994   -0.00345495  -0.000116612     -0.150566    0.00345555      0.999978    0.00561197     0.0260464   9.72205e-05   -0.00561234      0.999984      -0.78387
     0.999994   -0.00359067   3.54933e-05     -0.152423     0.0035904      0.999976    0.00587202      0.011731   -5.6577e-05   -0.00587185      0.999983     -0.812128
     0.999994   -0.00344293  -0.000195975     -0.160679    0.00344414      0.999972    0.00658529    -0.0247951   0.000173297   -0.00658593      0.999978     -0.716377
     0.999994   -0.00353672  -0.000454416     -0.159373     0.0035393      0.999977    0.00578823     0.0132699   0.000433934    -0.0057898      0.999983     -0.796476
     0.999995   -0.00322964  -0.000729573     -0.149097    0.00323434      0.999973    0.00654166    -0.0349263   0.000708426   -0.00654398      0.999978     -0.666709
     0.999994    -0.0035633  -0.000380215       -0.1485    0.00356535      0.999978    0.00553426    -0.0270638   0.000360487   -0.00553558      0.999985     -0.806498
     0.999994   -0.00341509  -0.000346861      -0.14808    0.00341712      0.999976    0.00601839    -0.0104191   0.000326299   -0.00601954      0.999982     -0.712685
     0.999994   -0.00335865  -0.000391074     -0.156557    0.00336092      0.999977    0.00595304    -0.0469834   0.000371071   -0.00595432      0.999982     -0.672843
     0.999994   -0.00353093  -0.000142859     -0.157393    0.00353167      0.999978    0.00555002    0.00338858   0.000123259   -0.00555049      0.999985     -0.817938
     0.999995   -0.00316509  -0.000344492     -0.149919    0.00316726      0.999974     0.0065073    -0.0440745   0.000323887   -0.00650836      0.999979     -0.671549
     0.999995   -0.00327599  -0.000393965     -0.160319    0.00327815      0.999979    0.00562749    -0.0173182   0.000375521   -0.00562875      0.999984     -0.774371
     0.999994   -0.00339456  -4.16499e-05     -0.157131    0.00339474      0.999978    0.00564058     0.0232966   2.25018e-05   -0.00564069      0.999984     -0.829023
     0.999995   -0.00306341  -0.000310461     -0.144708     0.0030654      0.999973    0.00660908    -0.0536139   0.000290207      -0.00661      0.999978     -0.646729
     0.999995   -0.00327437  -0.000299115     -0.168274    0.00327584      0.999982    0.00506974    -0.0159855   0.000282509   -0.00507069      0.999987     -0.821237
     0.999995   -0.00320944  -0.000305633     -0.173938    0.00321104       0.99998    0.00538742    -0.0117773   0.000288337   -0.00538837      0.999985     -0.752412
     0.999995   -0.00311947  -0.000337136     -0.167006    0.00312144      0.999977    0.00600799    -0.0440792   0.000318386   -0.00600901      0.999982     -0.693612
     0.999994   -0.00338257  -0.000199134     -0.166556    0.00338353      0.999982    0.00501405   -0.00847951    0.00018217   -0.00501469      0.999987     -0.896931
     0.999995   -0.00324052  -0.000507735      -0.16362    0.00324353      0.999977    0.00603307    -0.0395082   0.000488173   -0.00603468      0.999982     -0.765933
     0.999994   -0.00335687  -0.000425315     -0.161455    0.00335895      0.999982    0.00498308    -0.0472008    0.00040858   -0.00498448      0.999987     -0.841361
     0.999994    -0.0034835  -0.000107079     -0.160484    0.00348405      0.999978    0.00560383    -0.0213409   8.75553e-05   -0.00560416      0.999984     -0.779522
     0.999994   -0.00344202  -0.000189162     -0.155901    0.00344315      0.999974    0.00629907    -0.0516788   0.000167476   -0.00629968       0.99998     -0.716989
     0.999993   -0.00367184  -0.000151831     -0.149088    0.00367257       0.99998    0.00514525    -0.0227457   0.000132936   -0.00514577      0.999987      -0.89246
     0.999993   -0.00359724  -0.000256008     -0.151629    0.00359874      0.999975    0.00613406    -0.0432452   0.000233936   -0.00613494      0.999981     -0.727267
     0.999994   -0.00348391  -0.000197261     -0.156418    0.00348496      0.999978    0.00561444    -0.0620029   0.000177696   -0.00561509      0.999984     -0.797933
     0.999994   -0.00346976  -4.41604e-05     -0.161826    0.00346995       0.99998    0.00523689    -0.0148653   2.59887e-05   -0.00523701      0.999986     -0.843382
