# 3dvolreg matrices (DICOM-to-DICOM, row-by-row):
            1   0.000216603  -0.000105213   -0.00431682  -0.000216543             1   0.000574873    -0.0545806   0.000105337  -0.000574851             1    0.00739485
            1   6.03552e-05  -2.13684e-05   0.000316185  -6.03522e-05             1   0.000142683    -0.0232475   2.13771e-05  -0.000142681             1    0.00916852
            1  -2.01766e-11  -1.64394e-10   2.57817e-09   2.01766e-11             1  -4.09027e-11   2.64687e-09   1.64394e-10   4.09027e-11             1   7.27374e-09
            1   8.46489e-05   1.71576e-05   -0.00420518   -8.4653e-05             1   0.000238091    -0.0647027  -1.71374e-05  -0.000238093             1     0.0161235
            1    6.7053e-05    0.00022877     -0.008026  -6.71282e-05             1   0.000328608    -0.0448228  -0.000228748  -0.000328624             1      0.012413
            1   0.000193445    0.00020111     -0.012851  -0.000193486             1   0.000201155    -0.0249423  -0.000201071  -0.000201194             1     0.0249188
            1    2.4844e-06   0.000324334   -0.00858574  -2.64161e-06             1   0.000484718    -0.0121004  -0.000324333  -0.000484719             1   -0.00130547
            1   2.31756e-05   0.000327195   -0.00492609  -2.32707e-05             1   0.000290716     0.0137398  -0.000327189  -0.000290723             1  -0.000937681
            1  -4.00108e-05   0.000157075    0.00205129   3.99839e-05             1    0.00017076     0.0239642  -0.000157082  -0.000170754             1    -0.0131445
            1   2.87701e-05   0.000312534  -0.000933504  -2.89944e-05             1   0.000717754    -0.0309396  -0.000312514  -0.000717763             1    -0.0145804
            1   0.000148699   0.000474994   -0.00667846  -0.000148921             1   0.000466727     0.0233668  -0.000474924  -0.000466798             1    -0.0179835
            1   0.000170871   0.000247709   -0.00410694  -0.000170978             1   0.000431627    0.00809828  -0.000247635  -0.000431669             1    -0.0229007
            1   0.000109316   0.000324662   -0.00875857  -0.000109645      0.999999    0.00101329   -0.00193935  -0.000324551   -0.00101332      0.999999       -0.0221
            1   0.000128154   0.000358236   -0.00860234  -0.000128364             1   0.000587344     0.0573363   -0.00035816   -0.00058739             1    -0.0130876
            1   2.17036e-05   0.000336768   -0.00731403  -2.20551e-05      0.999999    0.00104377    -0.0145743  -0.000336745   -0.00104378      0.999999    -0.0136755
            1   5.81795e-05   0.000415806    -0.0167275  -5.85279e-05             1    0.00083801     0.0331422  -0.000415757  -0.000838034             1   -0.00634453
            1  -2.52008e-06   0.000423146    -0.0108652   2.31487e-06             1   0.000484965     0.0394225  -0.000423148  -0.000484964             1    0.00110495
            1  -2.11543e-05   0.000581605    -0.0149402   2.06013e-05             1   0.000950692   0.000395203  -0.000581625   -0.00095068      0.999999    0.00416336
            1  -4.34485e-05   0.000619776    -0.0082945   4.27814e-05      0.999999    0.00107621     0.0237848  -0.000619822   -0.00107619      0.999999     0.0109125
            1   0.000189173   0.000705429    -0.0151238  -0.000189761             1   0.000832697     0.0448678  -0.000705271   -0.00083283      0.999999   -0.00297772
            1   8.19086e-05    0.00058982    -0.0131574  -8.25042e-05      0.999999    0.00100987    0.00747862  -0.000589737   -0.00100992      0.999999    0.00178963
            1   5.62584e-05   0.000547137    -0.0156613  -5.69164e-05      0.999999    0.00120278      0.010168  -0.000547069   -0.00120282      0.999999     0.0080803
            1   0.000413197   0.000697639    -0.0408822  -0.000415072      0.999996     0.0026892     0.0726458  -0.000696526   -0.00268949      0.999996     0.0830106
     0.999999   0.000567531    0.00123481    -0.0425089  -0.000571211      0.999995    0.00298193    -0.0313734   -0.00123312   -0.00298263      0.999995     0.0986816
     0.999999   0.000424248    0.00118062    -0.0377804  -0.000426758      0.999998    0.00212623   0.000126997   -0.00117971   -0.00212673      0.999997     0.0610814
            1  -0.000641307   0.000408813  -0.000499189    0.00063985      0.999993    0.00355319    -0.0709291  -0.000411089   -0.00355292      0.999994      0.162382
            1  -0.000363437   0.000718762    -0.0172223    0.00036055      0.999992    0.00401243    -0.0167407  -0.000720214   -0.00401217      0.999992       0.18725
            1  -0.000374507   0.000780876    -0.0177594   0.000372551      0.999997    0.00250448    0.00690931  -0.000781811   -0.00250419      0.999997      0.138737
            1  -0.000359435   0.000810273    -0.0118046   0.000357518      0.999997    0.00236488   -0.00564603  -0.000811121   -0.00236459      0.999997      0.134968
            1  -0.000343557   0.000818031    -0.0126227   0.000341339      0.999996    0.00270921    -0.0176389  -0.000818959   -0.00270893      0.999996      0.130121
     0.999999  -0.000548258   0.000947757   -0.00716772   0.000546832      0.999999    0.00150374     0.0427772   -0.00094858   -0.00150322      0.999998      0.103322
     0.999999  -0.000678499   0.000953308   -0.00743219     0.0006772      0.999999    0.00136219   0.000493829  -0.000954231   -0.00136155      0.999999     0.0865079
     0.999999  -0.000695048   0.000810553   -0.00474403   0.000694629             1   0.000516602   -0.00142245  -0.000810911  -0.000516038             1      0.071141
     0.999999  -0.000873037   0.000656748    0.00431858   0.000873088             1  -7.74211e-05      0.017744   -0.00065668   7.79945e-05             1     0.0714987
     0.999999  -0.000836708   0.000804052   -0.00133039   0.000836526             1   0.000227537   -0.00559856  -0.000804242  -0.000226864             1     0.0646415
     0.999999  -0.000884973   0.000958186   -0.00160129   0.000885208             1  -0.000244672     0.0273323  -0.000957969    0.00024552             1     0.0585699
     0.999999  -0.000942361   0.000940498   -0.00320422   0.000942442             1  -8.57243e-05   0.000889809  -0.000940417   8.66106e-05             1     0.0514346
     0.999999  -0.000856936   0.000883347   -0.00497949   0.000856911             1   2.82306e-05    -0.0161998  -0.000883371  -2.74736e-05             1     0.0607167
     0.999999  -0.000926961   0.000959702    0.00323882   0.000927523      0.999999  -0.000585461     0.0287595  -0.000959159   0.000586351      0.999999      0.058742
     0.999999  -0.000829506   0.000927861    0.00515704   0.000829847             1  -0.000366973    0.00393037  -0.000927556   0.000367743             1     0.0635699
     0.999999  -0.000801023    0.00104383   -0.00477989   0.000801483             1   -0.00044029     0.0393802   -0.00104347   0.000441126      0.999999     0.0657594
     0.999999  -0.000873486   0.000980184    0.00143077   0.000874314      0.999999   -0.00084485     0.0382416  -0.000979445   0.000845707      0.999999     0.0465071
     0.999999  -0.000908764     0.0010541   -0.00584785    0.00090881             1  -4.27486e-05   -0.00920224   -0.00105406   4.37065e-05      0.999999     0.0562297
     0.999999  -0.000872561    0.00118113   -0.00802423   0.000873119             1  -0.000472385     0.0359962   -0.00118071   0.000473416      0.999999     0.0483016
     0.999999  -0.000823222     0.0011682   -0.00495647   0.000823035             1   0.000160228    -0.0117563   -0.00116834  -0.000159266      0.999999     0.0427466
     0.999999  -0.000770611    0.00117823   -0.00919564   0.000771113             1  -0.000425387     0.0418373    -0.0011779   0.000426296      0.999999     0.0413851
     0.999999  -0.000775357    0.00117975   -0.00514071   0.000775603             1  -0.000207836     0.0233711   -0.00117959    0.00020875      0.999999     0.0494389
     0.999999   -0.00077611    0.00103434   -0.00772532   0.000776307             1   -0.00019005     0.0165825   -0.00103419   0.000190852      0.999999     0.0650807
     0.999999  -0.000742835    0.00114177    -0.0119997   0.000742264             1   0.000500616    0.00823193   -0.00114214  -0.000499768      0.999999     0.0706567
     0.999999  -0.000672258    0.00132399   -0.00755432   0.000671923             1   0.000253529     0.0622933   -0.00132416   -0.00025264      0.999999     0.0535994
     0.999999   -0.00067162    0.00141043    -0.0112631   0.000670969             1   0.000461974     0.0018103   -0.00141074  -0.000461027      0.999999     0.0464678
     0.999999  -0.000729433    0.00139137   -0.00579211   0.000729561             1  -9.13676e-05     0.0798923   -0.00139131   9.23826e-05      0.999999     0.0197111
     0.999999  -0.000719121    0.00139236    -0.0141485   0.000718441             1   0.000488787    0.00518357   -0.00139271  -0.000487786      0.999999     0.0264592
     0.999999  -0.000828354    0.00139174    -0.0055328   0.000828554             1  -0.000142953     0.0754029   -0.00139163   0.000144106      0.999999     0.0450885
     0.999999  -0.000824499    0.00131977   -0.00876433   0.000824957             1  -0.000346816     0.0544713   -0.00131948   0.000347904      0.999999     0.0550682
     0.999999  -0.000818463     0.0014282    -0.0104994   0.000818321             1   0.000100568     0.0106727   -0.00142828  -9.93995e-05      0.999999     0.0700981
     0.999999  -0.000676886    0.00133179    -0.0127582   0.000677025             1  -0.000103564     0.0531245   -0.00133171   0.000104466      0.999999     0.0697077
     0.999999  -0.000714491     0.0014636   -0.00983453   0.000713777             1   0.000488482    -0.0130902   -0.00146395  -0.000487436      0.999999     0.0640804
     0.999999   -0.00063785    0.00150484    -0.0085442   0.000637737             1   7.55306e-05     0.0965087   -0.00150488  -7.45709e-05      0.999999      0.038153
     0.999999  -0.000527324     0.0015078    -0.0142677    0.00052613             1   0.000791735   -0.00399017   -0.00150822  -0.000790941      0.999999     0.0512101
     0.999999  -0.000574456     0.0015691    -0.0147495    0.00057393             1   0.000335555     0.0873656   -0.00156929  -0.000334653      0.999999     0.0457584
     0.999999  -0.000694288    0.00142457   -0.00981059   0.000693395             1   0.000626981     0.0284677     -0.001425  -0.000625993      0.999999     0.0579599
     0.999999  -0.000679273    0.00141269    -0.0115061   0.000679358             1  -5.98797e-05     0.0846759   -0.00141265   6.08393e-05      0.999999     0.0611384
     0.999999    -0.0007405     0.0014146   -0.00972736   0.000740333             1   0.000118725     0.0512874   -0.00141469  -0.000117677      0.999999     0.0606404
     0.999999  -0.000680902     0.0015427    -0.0139206   0.000680249             1   0.000423566     0.0161993   -0.00154299  -0.000422516      0.999999     0.0635299
     0.999999  -0.000627428    0.00149077    -0.0132186   0.000627392             1   2.41502e-05     0.0820202   -0.00149079  -2.32149e-05      0.999999     0.0597557
     0.999999  -0.000762417    0.00146254    -0.0136872   0.000762008             1   0.000280133     0.0201732   -0.00146275  -0.000279018      0.999999     0.0514646
     0.999999  -0.000606788    0.00159129    -0.0180078   0.000606066             1   0.000453841     0.0258017   -0.00159157  -0.000452876      0.999999     0.0696428
     0.999999   -0.00067995    0.00150989    -0.0122905   0.000680286             1   -0.00022202     0.0896747   -0.00150974   0.000223047      0.999999     0.0402779
     0.999999  -0.000697586    0.00154203    -0.0151205   0.000697183             1   0.000261243     0.0152553   -0.00154221  -0.000260167      0.999999     0.0409677
     0.999998  -0.000677509    0.00171347    -0.0185388   0.000677476             1    1.9731e-05     0.0661591   -0.00171348  -1.85702e-05      0.999999      0.037339
     0.999998  -0.000729275    0.00165898    -0.0117152   0.000729702             1  -0.000256919     0.0695697   -0.00165879   0.000258129      0.999999     0.0281088
     0.999998   -0.00064973    0.00167938    -0.0151775   0.000649434             1   0.000176608     0.0317455   -0.00167949  -0.000175517      0.999999     0.0281923
     0.999998  -0.000692553    0.00177902    -0.0118988   0.000692861             1  -0.000172354     0.0626028    -0.0017789   0.000173586      0.999998     0.0209204
     0.999998  -0.000652153    0.00175133    -0.0107828   0.000651783             1   0.000212023     0.0249895   -0.00175147  -0.000210881      0.999998     0.0352129
     0.999998  -0.000626622     0.0019081    -0.0179314    0.00062607             1    0.00028964      0.036446   -0.00190828  -0.000288445      0.999998     0.0496605
     0.999998  -0.000612606    0.00190077    -0.0135654   0.000611314             1   0.000680082     0.0238307   -0.00190119  -0.000678919      0.999998     0.0293605
     0.999998  -0.000593185    0.00198685     -0.016677    0.00059244             1   0.000375363     0.0886267   -0.00198707  -0.000374185      0.999998     0.0183805
     0.999998  -0.000755449    0.00190093    -0.0182052   0.000755117             1   0.000175593     0.0481697   -0.00190106  -0.000174157      0.999998     0.0246098
     0.999998  -0.000693476    0.00182745    -0.0187301   0.000692123      0.999999   0.000740891      0.031703   -0.00182796  -0.000739625      0.999998     0.0444746
     0.999998  -0.000738962    0.00183383    -0.0145413   0.000739122             1  -8.65847e-05      0.081573   -0.00183377     8.794e-05      0.999998     0.0339097
     0.999998  -0.000853608    0.00182194    -0.0107021   0.000853394             1   0.000117782     0.0493387   -0.00182204  -0.000116227      0.999998     0.0419693
     0.999998  -0.000835594    0.00173574    -0.0095046   0.000834919             1    0.00038944      0.030063   -0.00173607   -0.00038799      0.999998     0.0639174
     0.999998  -0.000730109    0.00183513    -0.0155883   0.000729958             1   8.34471e-05      0.050205   -0.00183519  -8.21074e-05      0.999998     0.0533156
     0.999998  -0.000691496    0.00187271    -0.0168286   0.000691191             1   0.000163386     0.0450086   -0.00187282  -0.000162092      0.999998     0.0583669
     0.999998  -0.000678612    0.00183121    -0.0175425   0.000677304             1   0.000714802     0.0238284    -0.0018317  -0.000713561      0.999998     0.0575255
     0.999998  -0.000672974    0.00185043    -0.0159041   0.000671911             1   0.000575212     0.0661419   -0.00185082  -0.000573968      0.999998      0.049077
     0.999998  -0.000603587    0.00182417    -0.0226925   0.000601794      0.999999   0.000982987     0.0437543   -0.00182476  -0.000981887      0.999998     0.0415525
     0.999998   -0.00054785     0.0017564    -0.0153994   0.000546961             1   0.000506928     0.0925461   -0.00175668  -0.000505967      0.999998     0.0274351
     0.999998   -0.00059762    0.00176558    -0.0111405   0.000596396             1   0.000693746      0.062096   -0.00176599  -0.000692692      0.999998     0.0438463
     0.999998  -0.000562002    0.00182244    -0.0146165   0.000561857             1    7.9624e-05      0.123516   -0.00182249  -7.85999e-05      0.999998     0.0313431
     0.999998  -0.000590818    0.00167351    -0.0112406   0.000590227             1   0.000353611     0.0645305   -0.00167372  -0.000352623      0.999999     0.0252151
     0.999998  -0.000524056    0.00174943    -0.0167108   0.000522953             1   0.000630935     0.0792737   -0.00174976  -0.000630019      0.999998      0.031677
     0.999998  -0.000503531    0.00180992    -0.0112439   0.000502508             1   0.000565316     0.0964298    -0.0018102  -0.000564405      0.999998    0.00878853
     0.999998  -0.000447529    0.00190639    -0.0143508   0.000446329             1   0.000629667      0.100262   -0.00190667  -0.000628815      0.999998    0.00846122
     0.999998  -0.000371443    0.00202473    -0.0126736   0.000369908             1     0.0007585     0.0823885   -0.00202501   -0.00075775      0.999998     0.0267949
     0.999999   0.000200513    0.00167055    -0.0582505  -0.000207003      0.999992    0.00388586      0.166979   -0.00166975    -0.0038862      0.999991      0.133216
     0.999998    0.00041913    0.00168656    -0.0387776  -0.000424763      0.999994    0.00334097     0.0936905   -0.00168515   -0.00334168      0.999993      0.112204
     0.999999    0.00040519     0.0016372    -0.0365321  -0.000410627      0.999994    0.00332202     0.0375123   -0.00163584   -0.00332269      0.999993     0.0905612
     0.999999   0.000327657    0.00165577    -0.0285021  -0.000332559      0.999996    0.00296099      0.100207   -0.00165479   -0.00296153      0.999994     0.0665454
     0.999999   0.000246441    0.00155172    -0.0245717  -0.000251267      0.999995     0.0031104     0.0609334   -0.00155095   -0.00311079      0.999994     0.0688658
     0.999999   0.000399356    0.00157047    -0.0259723  -0.000403781      0.999996    0.00281878     0.0970162   -0.00156934   -0.00281941      0.999995     0.0703692
     0.999999   0.000362666    0.00153199    -0.0286408  -0.000367075      0.999996    0.00287892     0.0437817   -0.00153094   -0.00287948      0.999995     0.0784622
     0.999999   0.000327495    0.00166586    -0.0279306  -0.000331651      0.999997    0.00249552      0.110061   -0.00166503   -0.00249607      0.999995     0.0844537
     0.999999   0.000159177     0.0016084     -0.022987  -0.000163855      0.999996    0.00290927     0.0517901   -0.00160793   -0.00290953      0.999994     0.0921783
     0.999999   0.000367452     0.0016236    -0.0310386   -0.00037245      0.999995    0.00307911     0.0708532   -0.00162246   -0.00307971      0.999994      0.101994
     0.999999   0.000122358    0.00152913    -0.0262454  -0.000126608      0.999996    0.00277969     0.0629881   -0.00152878   -0.00277988      0.999995      0.108993
     0.999998    0.00023106    0.00179573    -0.0280791  -0.000237217      0.999994    0.00342918    0.00908103   -0.00179493    -0.0034296      0.999993      0.107561
     0.999998   0.000121753      0.001885    -0.0256762  -0.000126575      0.999997    0.00255806      0.103933   -0.00188468   -0.00255829      0.999995      0.100436
     0.999998    6.3578e-05    0.00191132    -0.0223672  -6.79443e-05      0.999997    0.00228448     0.0308804   -0.00191117    -0.0022846      0.999996     0.0767648
     0.999998    7.9617e-05    0.00198915    -0.0252639  -8.25948e-05      0.999999    0.00149696      0.103579   -0.00198903   -0.00149712      0.999997     0.0607063
     0.999998    0.00013661    0.00203022    -0.0247762  -0.000140174      0.999998    0.00175542      0.075078   -0.00202997    -0.0017557      0.999996     0.0591222
     0.999998   0.000235294    0.00205218    -0.0287844  -0.000240091      0.999997    0.00233791     0.0798484   -0.00205162   -0.00233839      0.999995     0.0793871
     0.999998   0.000207442    0.00214224    -0.0285891  -0.000211987      0.999998    0.00212124     0.0768281    -0.0021418   -0.00212169      0.999995      0.086801
     0.999998   0.000235513    0.00220317    -0.0366219   -0.00024173      0.999996    0.00282214     0.0581377    -0.0022025   -0.00282267      0.999994      0.107582
     0.999998   0.000257919    0.00196623    -0.0268967  -0.000262308      0.999997    0.00223201      0.111487   -0.00196565   -0.00223252      0.999996      0.100784
     0.999998   0.000124981    0.00210979    -0.0304963  -0.000128981      0.999998    0.00189617     0.0882632   -0.00210955   -0.00189643      0.999996      0.114225
     0.999998   7.07855e-05    0.00217101    -0.0330999   -7.5651e-05      0.999997    0.00224116     0.0768442   -0.00217084   -0.00224132      0.999995      0.117115
     0.999998   2.38576e-05    0.00220918    -0.0283567  -2.71823e-05      0.999999    0.00150495      0.143688   -0.00220914     -0.001505      0.999996      0.103168
     0.999997   7.95363e-05    0.00227193     -0.026641   -8.4689e-05      0.999997    0.00226797     0.0636569   -0.00227174   -0.00226815      0.999995      0.123656
     0.999998     0.0001644    0.00222039    -0.0325096  -0.000169696      0.999997    0.00238522     0.0980674   -0.00221999    -0.0023856      0.999995      0.145117
     0.999997   0.000102446    0.00233669    -0.0297119  -0.000107248      0.999998    0.00205478     0.0988956   -0.00233648   -0.00205502      0.999995      0.130749
     0.999998   3.15539e-05    0.00207915    -0.0303055  -3.65449e-05      0.999997     0.0024005     0.0665034   -0.00207907   -0.00240057      0.999995      0.127954
     0.999997   2.39069e-05    0.00234676    -0.0311414  -2.74013e-05      0.999999    0.00148901      0.157515   -0.00234672   -0.00148907      0.999996      0.101209
     0.999997   5.38203e-05    0.00224607    -0.0305867  -5.82993e-05      0.999998    0.00199413     0.0700615   -0.00224596   -0.00199425      0.999995      0.101436
     0.999997   5.14478e-05    0.00226957    -0.0288847  -5.50489e-05      0.999999    0.00158664      0.123621   -0.00226948   -0.00158676      0.999996      0.119242
     0.999997    3.8622e-05    0.00238402    -0.0295122   -4.1934e-05      0.999999     0.0013892      0.104271   -0.00238396    -0.0013893      0.999996       0.11139
     0.999997   3.05238e-05    0.00235061    -0.0292528  -3.54142e-05      0.999998    0.00208049     0.0731722   -0.00235054   -0.00208056      0.999995      0.127394
     0.999997   4.66171e-05    0.00226486    -0.0192573  -5.01619e-05      0.999999     0.0015651      0.122951   -0.00226479   -0.00156521      0.999996      0.108985
     0.999998   0.000145909    0.00219676    -0.0247209  -0.000151448      0.999997    0.00252128     0.0517774   -0.00219638    -0.0025216      0.999994        0.1217
     0.999997   0.000257225    0.00225669    -0.0237533  -0.000262329      0.999997    0.00226195      0.102042    -0.0022561   -0.00226254      0.999995      0.125952
     0.999998   0.000151747    0.00220591    -0.0258893  -0.000156661      0.999998     0.0022275     0.0848006   -0.00220557   -0.00222784      0.999995      0.129037
     0.999998   0.000140866    0.00216495    -0.0210496  -0.000144862      0.999998    0.00184574      0.133542   -0.00216469   -0.00184605      0.999996       0.12866
     0.999998   0.000105773    0.00219502     -0.024152  -0.000110414      0.999998    0.00211461      0.100124   -0.00219479   -0.00211484      0.999995      0.140686
     0.999998   4.45017e-05    0.00221873    -0.0259476  -4.94304e-05      0.999998    0.00222143      0.088168   -0.00221863   -0.00222154      0.999995      0.147309
     0.999997    1.5271e-05    0.00225336    -0.0273783   -1.9371e-05      0.999998    0.00181952      0.115086   -0.00225333   -0.00181955      0.999996      0.128905
     0.999997   0.000102123    0.00227105    -0.0320293  -0.000108347      0.999996    0.00274038     0.0613098   -0.00227076   -0.00274061      0.999994       0.15195
     0.999998   0.000114751    0.00221829     -0.029811  -0.000119651      0.999998    0.00220885      0.147163   -0.00221803   -0.00220911      0.999995      0.144906
     0.999998   0.000181015    0.00221036     -0.027883  -0.000185821      0.999998    0.00217422     0.0848704   -0.00220996   -0.00217462      0.999995      0.160985
     0.999997   6.87285e-05     0.0023931    -0.0270563   -7.3596e-05      0.999998    0.00203393      0.123718   -0.00239296    -0.0020341      0.999995      0.161408
     0.999997  -2.82583e-05    0.00234131    -0.0224302   2.24739e-05      0.999997    0.00247057     0.0544802   -0.00234138   -0.00247051      0.999994        0.1692
     0.999997  -4.21529e-06    0.00237182    -0.0267425  -4.53128e-07      0.999998    0.00196828      0.113763   -0.00237182   -0.00196828      0.999995      0.166456
     0.999997  -2.95822e-05    0.00240462    -0.0231665   2.47369e-05      0.999998    0.00201501     0.0926614   -0.00240468   -0.00201494      0.999995      0.165231
     0.999997  -4.81872e-06    0.00240016     -0.027044  -5.94824e-07      0.999997    0.00225549     0.0773679   -0.00240016   -0.00225549      0.999995       0.16967
     0.999997   2.13708e-05    0.00249359    -0.0317137  -2.54893e-05      0.999999    0.00165158      0.112318   -0.00249355   -0.00165164      0.999996      0.156887
     0.999997  -4.56321e-05    0.00242665    -0.0231369   4.21022e-05      0.999999    0.00145467      0.100395   -0.00242671   -0.00145456      0.999996      0.150278
     0.999997  -7.21261e-05    0.00237765    -0.0295777   6.79027e-05      0.999998    0.00177632     0.0721423   -0.00237777   -0.00177615      0.999996      0.156225
     0.999997  -8.53714e-05    0.00243923    -0.0329234   8.22586e-05      0.999999    0.00127621      0.145579   -0.00243934     -0.001276      0.999996      0.149253
     0.999998   0.000191792    0.00214044     -0.043629  -0.000200693      0.999991    0.00415889     0.0625526   -0.00213963   -0.00415931      0.999989      0.287608
     0.999998  -4.57048e-05    0.00208704    -0.0233499   3.90042e-05      0.999995     0.0032105     0.0999514   -0.00208717   -0.00321041      0.999993      0.248541
     0.999998   -6.6622e-05    0.00219217    -0.0310785   6.08892e-05      0.999997    0.00261512     0.0784335   -0.00219234   -0.00261498      0.999994      0.235996
     0.999998  -0.000122632    0.00218394    -0.0186202    0.00011891      0.999999    0.00170423      0.115071   -0.00218415   -0.00170397      0.999996      0.193683
     0.999997  -7.38252e-05    0.00230588    -0.0157411   6.91383e-05      0.999998    0.00203262     0.0936914   -0.00230603   -0.00203245      0.999995      0.176992
     0.999998  -0.000147188    0.00222578   -0.00790655   0.000143099      0.999998    0.00183705      0.091757   -0.00222605   -0.00183673      0.999996      0.170406
     0.999997  -0.000227634    0.00233367    -0.0106403   0.000222595      0.999998    0.00215952     0.0892576   -0.00233415     -0.002159      0.999995      0.179585
     0.999997  -0.000259027    0.00244742    -0.0105835   0.000255358      0.999999    0.00149924      0.143465    -0.0024478   -0.00149861      0.999996      0.166765
     0.999996   5.70951e-05     0.0026774    -0.0222453  -6.36861e-05      0.999997    0.00246167     0.0295533   -0.00267725   -0.00246183      0.999993      0.198198
     0.999997  -2.50046e-05    0.00247149    -0.0165846   2.01766e-05      0.999998    0.00195346       0.13569   -0.00247153   -0.00195341      0.999995      0.189191
     0.999997   -5.8078e-05    0.00242788    -0.0136279   5.16965e-05      0.999997    0.00262839     0.0494232   -0.00242803   -0.00262825      0.999994      0.197902
     0.999996  -3.51782e-05    0.00271426    -0.0174781    2.9479e-05      0.999998    0.00209976      0.123947   -0.00271433   -0.00209967      0.999994       0.18651
     0.999996   -9.0259e-05    0.00265038    -0.0168674   8.29203e-05      0.999996     0.0027689     0.0351656   -0.00265062   -0.00276867      0.999993      0.199651
     0.999996   -9.1845e-05    0.00272151    -0.0155567   8.76199e-05      0.999999    0.00155256      0.178551   -0.00272165   -0.00155232      0.999995       0.19286
     0.999996  -9.21153e-05    0.00268611    -0.0195785   8.70252e-05      0.999998    0.00189503     0.0433704   -0.00268628   -0.00189479      0.999995       0.19673
     0.999996   9.44089e-06    0.00269086    -0.0184231  -1.22733e-05      0.999999    0.00105259      0.151121   -0.00269085   -0.00105262      0.999996      0.171918
     0.999997  -0.000134925    0.00261678    -0.0198731   0.000130914      0.999999    0.00153265     0.0704807   -0.00261698    -0.0015323      0.999995      0.181003
     0.999996  -0.000210605    0.00270145    -0.0170291   0.000208385             1   0.000822292      0.157209   -0.00270163  -0.000821726      0.999996      0.168125
     0.999996  -0.000116981     0.0027289    -0.0183713   0.000112664      0.999999    0.00158183     0.0737106   -0.00272908   -0.00158152      0.999995      0.195852
     0.999997  -6.64416e-05    0.00264216    -0.0150351   6.39989e-05             1   0.000924584      0.146648   -0.00264222  -0.000924411      0.999996      0.186485
     0.999997  -0.000264851    0.00253457   -0.00915374   0.000261896      0.999999    0.00116607     0.0860786   -0.00253488    -0.0011654      0.999996       0.18712
     0.999996  -0.000153418     0.0027845    -0.0171743   0.000151027             1   0.000858906      0.117789   -0.00278463  -0.000858482      0.999996      0.195495
     0.999997  -0.000156778    0.00255871    -0.0126943   0.000154635             1   0.000837794      0.123815   -0.00255884  -0.000837396      0.999996      0.191069
     0.999996  -0.000140164    0.00269826    -0.0185541   0.000136828      0.999999     0.0012365     0.0875205   -0.00269843   -0.00123613      0.999996      0.189248
     0.999996  -0.000159263    0.00272031    -0.0146991   0.000157379             1   0.000692781      0.167988   -0.00272042   -0.00069235      0.999996      0.193512
     0.999996  -0.000156049    0.00277419     -0.018165   0.000152747      0.999999    0.00119064     0.0992905   -0.00277437   -0.00119021      0.999995      0.195572
     0.999996  -0.000223656    0.00276689    -0.0145366   0.000222165             1     0.0005394      0.146483   -0.00276701  -0.000538783      0.999996        0.1973
     0.999996  -0.000292162    0.00275963    -0.0111995   0.000290062             1   0.000761215      0.102724   -0.00275985  -0.000760412      0.999996      0.196134
     0.999996  -0.000272172    0.00289427    -0.0110572   0.000270999             1   0.000405748      0.149337   -0.00289438  -0.000404962      0.999996       0.18903
     0.999996   -0.00025281    0.00278347    -0.0100814   0.000250772             1   0.000732407      0.114759   -0.00278366  -0.000731706      0.999996      0.189502
     0.999996  -0.000198867    0.00269792    -0.0131587    0.00019741             1   0.000540326      0.110031   -0.00269803  -0.000539792      0.999996      0.182019
     0.999996  -0.000297402    0.00275899    -0.0125876   0.000296562             1   0.000304922      0.131398   -0.00275908  -0.000304102      0.999996       0.17725
     0.999996  -0.000293276    0.00276517   -0.00753434   0.000291464             1     0.0006555     0.0903246   -0.00276536  -0.000654692      0.999996       0.18498
     0.999996  -0.000176067    0.00286364    -0.0137007   0.000173648             1   0.000844707      0.116402   -0.00286379  -0.000844207      0.999996      0.207606
     0.999996   -0.00020792    0.00280694   -0.00857467   0.000205748             1   0.000774055      0.117411    -0.0028071  -0.000773475      0.999996      0.195574
     0.999996  -0.000183749      0.002839    -0.0128133   0.000181302             1   0.000862041     0.0834733   -0.00283916  -0.000861522      0.999996       0.19177
     0.999996  -0.000167382    0.00281954     -0.010941   0.000165402             1   0.000702538      0.120038   -0.00281966  -0.000702069      0.999996      0.190044
     0.999996  -0.000233106    0.00281106   -0.00931278    0.00023038             1   0.000970102     0.0813897   -0.00281129  -0.000969451      0.999996      0.187958
     0.999996  -0.000162994    0.00276381    -0.0174156   0.000161404             1   0.000575429      0.145443    -0.0027639  -0.000574981      0.999996      0.179259
     0.999996  -0.000197733    0.00274783    -0.0141728   0.000196048             1   0.000613379     0.0954689   -0.00274795  -0.000612838      0.999996      0.194666
     0.999996  -0.000233642    0.00282107    -0.0134376   0.000230862      0.999999   0.000985786     0.0951398    -0.0028213  -0.000985131      0.999996      0.199984
     0.999996  -0.000256892    0.00279701    -0.0118024   0.000254777             1   0.000756446      0.113835    -0.0027972  -0.000755731      0.999996      0.190906
     0.999996  -3.54689e-05    0.00281829    -0.0151481   3.29345e-05             1   0.000899319      0.116179   -0.00281832  -0.000899223      0.999996      0.199156
     0.999996  -7.62547e-05    0.00268651    -0.0129223    7.3949e-05             1   0.000858339     0.0888347   -0.00268658  -0.000858137      0.999996      0.199599
     0.999997  -8.86133e-05    0.00262648   -0.00821948   8.73229e-05             1   0.000491441       0.16771   -0.00262653   -0.00049121      0.999996      0.184047
     0.999996  -0.000187368     0.0027228    -0.0113439   0.000185217             1   0.000789934      0.122719   -0.00272294  -0.000789427      0.999996      0.167978
     0.999995  -0.000289262    0.00303836    -0.0116053   0.000288157             1   0.000364039      0.128402   -0.00303846  -0.000363162      0.999995      0.157768
     0.999996  -0.000272404    0.00278139   -0.00707206   0.000271014             1   0.000499953     0.0885084   -0.00278152  -0.000499197      0.999996      0.181234
     0.999996  -0.000192407    0.00282186    -0.0141355   0.000190273             1   0.000756347     0.0851776   -0.00282201  -0.000755807      0.999996      0.208732
     0.999997  -0.000523722    0.00259288   0.000973084   0.000521646             1    0.00080115      0.125324   -0.00259329  -0.000799795      0.999996      0.167988
     0.999997  -0.000403551     0.0025085   -0.00477906   0.000401982             1   0.000625851      0.110092   -0.00250875  -0.000624841      0.999997      0.169062
     0.999997  -0.000305391     0.0025846    -0.0120555   0.000303403             1   0.000769726       0.12043   -0.00258483  -0.000768939      0.999996      0.185152
     0.999996  -0.000307411    0.00270001    -0.0100906   0.000305921             1   0.000551943      0.134299   -0.00270018  -0.000551115      0.999996      0.176886
     0.999996  -0.000219664    0.00268669    -0.0113521   0.000217204             1   0.000915768     0.0952143   -0.00268689  -0.000915181      0.999996      0.186422
     0.999996  -0.000272322    0.00278155   -0.00971478   0.000270434             1   0.000678988      0.148468   -0.00278173  -0.000678233      0.999996      0.183469
     0.999996  -0.000361794    0.00268888   -0.00415285   0.000358849      0.999999    0.00109572     0.0919647   -0.00268928   -0.00109476      0.999996      0.202707
     0.999996  -0.000406824     0.0028034   -0.00611596   0.000405601             1   0.000437087      0.153471   -0.00280358  -0.000435948      0.999996      0.195764
     0.999996  -0.000447835    0.00295275   -0.00692241   0.000445983             1   0.000627674      0.116309   -0.00295303  -0.000626354      0.999995      0.189221
     0.999996  -0.000548998    0.00275785   -0.00723075   0.000547383             1   0.000586125      0.124202   -0.00275817  -0.000584613      0.999996      0.188914
     0.999996  -0.000508066    0.00278364   -0.00650479   0.000507327             1   0.000266435      0.142707   -0.00278378  -0.000265022      0.999996      0.190097
     0.999996  -0.000537018    0.00274281   -0.00456922   0.000534245      0.999999    0.00101187     0.0806905   -0.00274335    -0.0010104      0.999996      0.210606
     0.999996  -0.000494743    0.00282542   -0.00244581    0.00049359             1    0.00040877      0.149392   -0.00282562  -0.000407373      0.999996      0.208994
     0.999996  -0.000561496    0.00277612   -0.00416283   0.000560016             1   0.000533816      0.119381   -0.00277642  -0.000532259      0.999996      0.205974
     0.999995  -0.000502413    0.00296219    -0.0114873   0.000499838      0.999999   0.000869736      0.127239   -0.00296262  -0.000868252      0.999995      0.233372
     0.999995  -0.000554022    0.00294946   -0.00584103   0.000552275             1   0.000593043      0.137131   -0.00294979  -0.000591411      0.999995      0.224254
     0.999996  -0.000480917    0.00276322   -0.00868223   0.000478239      0.999999   0.000969718      0.120684   -0.00276368  -0.000968393      0.999996      0.229332
     0.999996  -0.000454182     0.0028644    -0.0053641   0.000454045             1   4.83885e-05      0.210769   -0.00286442  -4.70877e-05      0.999996      0.207601
     0.999996  -0.000401991    0.00283227   -0.00329579   0.000399361      0.999999   0.000929048     0.0902337   -0.00283265  -0.000927913      0.999996      0.233161
     0.999996  -0.000511451    0.00272872   -0.00173347   0.000510551             1   0.000330382      0.174315   -0.00272888  -0.000328987      0.999996      0.223546
     0.999996  -0.000407411    0.00277408   -0.00420018   0.000404919             1   0.000898785     0.0726902   -0.00277444  -0.000897658      0.999996      0.235519
     0.999996  -0.000474837    0.00267997   -0.00320871   0.000473547             1   0.000481876      0.158231    -0.0026802  -0.000480605      0.999996      0.224856
     0.999996  -0.000582586    0.00289104   -0.00273349   0.000579562      0.999999    0.00104674      0.102275   -0.00289164   -0.00104506      0.999995      0.218212
     0.999995  -0.000647291     0.0032007    0.00398784   0.000645662             1   0.000509882       0.20308   -0.00320103  -0.000507813      0.999995      0.122078
     0.999996  -0.000644813    0.00277368     0.0116986   0.000642428      0.999999   0.000860727     0.0671624   -0.00277424  -0.000858942      0.999996      0.230763
     0.999996   -0.00061211    0.00284074    0.00854967   0.000610883             1    0.00043299      0.140721   -0.00284101  -0.000431252      0.999996      0.232506
     0.999996  -0.000494501    0.00280018    0.00462366   0.000492493             1   0.000717881      0.108553   -0.00280053  -0.000716499      0.999996      0.249377
     0.999996  -0.000559679    0.00284069     0.0022805   0.000559446             1   8.27568e-05      0.145971   -0.00284073  -8.11673e-05      0.999996      0.236153
     0.999995   -0.00065518    0.00293522    0.00256533   0.000654402             1   0.000265859       0.12357    -0.0029354  -0.000263937      0.999996      0.238731
     0.999995  -0.000512015    0.00303921   -0.00689951    0.00051078             1   0.000407119     0.0952403   -0.00303942  -0.000405565      0.999995      0.266387
     0.999996  -0.000661418    0.00290747    0.00091258   0.000660329             1   0.000375498      0.120949   -0.00290772  -0.000373576      0.999996      0.259798
     0.999995  -0.000617283    0.00294724   -0.00472365   0.000615507             1   0.000603417     0.0699904   -0.00294761    -0.0006016      0.999995      0.274111
     0.999995  -0.000666331    0.00307841   -0.00158156   0.000665493             1   0.000273166       0.13743   -0.00307859  -0.000271116      0.999995      0.255298
     0.999995  -0.000654447    0.00299406   -0.00366765   0.000651936      0.999999   0.000839558     0.0664537   -0.00299461  -0.000837602      0.999995      0.277452
     0.999995  -0.000681201    0.00304197   -0.00451316   0.000680123             1   0.000355406      0.146082   -0.00304221  -0.000353335      0.999995      0.268365
     0.999995  -0.000753066    0.00293034   -0.00199095   0.000751561             1    0.00051476       0.10213   -0.00293072  -0.000512555      0.999996      0.277633
     0.999995  -0.000682518     0.0031316   -0.00686154   0.000680867             1   0.000528391      0.106823   -0.00313196  -0.000526256      0.999995      0.287309
     0.999995  -0.000747499    0.00313155   -0.00236794   0.000746276             1   0.000391585      0.138885   -0.00313184  -0.000389246      0.999995      0.282877
     0.999996  -0.000609558     0.0029127   -0.00742697   0.000608379             1   0.000405908      0.105777   -0.00291294  -0.000404134      0.999996      0.279033
     0.999995  -0.000638894    0.00316977    -0.0143631   0.000639301             1  -0.000127663      0.133136   -0.00316969   0.000129689      0.999995      0.274887
