# 3dvolreg matrices (DICOM-to-DICOM, row-by-row):
      0.99999   -0.00116119    0.00422569     0.0281848    0.00115639      0.999999     0.0011387       -3.5285   -0.00422701    -0.0011338       0.99999     -0.279832
     0.999991   -0.00104024    0.00404496     0.0235961    0.00103595      0.999999    0.00106382      -3.51696   -0.00404606   -0.00105962      0.999991     -0.256979
     0.999992   -0.00104737    0.00393279     0.0313998    0.00104072      0.999998    0.00169297      -3.52765   -0.00393456   -0.00168886      0.999991     -0.263618
     0.999992   -0.00102008    0.00397759     0.0287538    0.00101213      0.999997    0.00200059      -3.51161   -0.00397962   -0.00199654       0.99999     -0.267839
     0.999992  -0.000985268    0.00395551     0.0359406   0.000979674      0.999999     0.0014158      -3.48709    -0.0039569   -0.00141191      0.999991     -0.281501
     0.999991  -0.000955644    0.00403749     0.0328979   0.000947689      0.999998    0.00197176      -3.52434   -0.00403936   -0.00196792       0.99999     -0.286065
     0.999991   -0.00104486    0.00404588     0.0333471    0.00103925      0.999998     0.0013892      -3.45505   -0.00404732   -0.00138499      0.999991     -0.307135
     0.999991    -0.0011455    0.00402728     0.0379613    0.00113954      0.999998     0.0014816      -3.52704   -0.00402897     -0.001477      0.999991     -0.297488
     0.999991    -0.0011278    0.00420309     0.0322669    0.00112137      0.999998    0.00153244      -3.50165   -0.00420482   -0.00152771       0.99999     -0.283779
     0.999991   -0.00115103    0.00419391     0.0350851    0.00114543      0.999998    0.00133717      -3.46688   -0.00419545   -0.00133236       0.99999     -0.275668
     0.999991   -0.00105503    0.00405134     0.0360512    0.00104841      0.999998    0.00163754      -3.50845   -0.00405306   -0.00163328       0.99999     -0.270345
     0.999991   -0.00106155    0.00410511     0.0339834    0.00105527      0.999998    0.00153263      -3.49053   -0.00410673   -0.00152829       0.99999     -0.271646
     0.999991   -0.00107688    0.00410385     0.0381717    0.00107168      0.999999    0.00126816      -3.48425   -0.00410521   -0.00126375      0.999991     -0.269804
     0.999991   -0.00110771    0.00407591     0.0393598    0.00110118      0.999998    0.00160326      -3.49264   -0.00407767   -0.00159875       0.99999      -0.26936
     0.999991   -0.00104139    0.00422546     0.0337033    0.00103612      0.999999    0.00124944      -3.46439   -0.00422676   -0.00124505       0.99999     -0.268911
     0.999991   -0.00114892    0.00405808     0.0363643    0.00114214      0.999998    0.00167298      -3.54308   -0.00405999   -0.00166833       0.99999      -0.25257
      0.99999   -0.00108399    0.00440349     0.0276906    0.00108073      0.999999   0.000742691      -3.47444   -0.00440429  -0.000737925       0.99999     -0.263565
      0.99999   -0.00112514    0.00434904     0.0356433    0.00112143      0.999999   0.000855226      -3.51606      -0.00435   -0.00085034       0.99999     -0.268069
     0.999989   -0.00127006    0.00462049     0.0317363    0.00126533      0.999999    0.00102554      -3.51936   -0.00462178   -0.00101968      0.999989     -0.253417
     0.999988    -0.0014564    0.00464778     0.0467568    0.00145287      0.999999   0.000762167      -3.52162   -0.00464888  -0.000755405      0.999989     -0.251949
     0.999988   -0.00152755    0.00470043     0.0453837     0.0015228      0.999998    0.00101439      -3.55757   -0.00470197   -0.00100722      0.999988     -0.219723
     0.999987   -0.00135017    0.00483526     0.0421438    0.00133861      0.999996    0.00239277      -3.55325   -0.00483848   -0.00238627      0.999985     -0.129274
     0.999987   -0.00146112    0.00498363     0.0354235     0.0014394      0.999989    0.00436015      -3.57629   -0.00498995   -0.00435291      0.999978    -0.0344625
     0.999987   -0.00162312    0.00485375     0.0429166    0.00160204      0.999989    0.00434297      -3.55471   -0.00486075   -0.00433514      0.999979    -0.0482728
     0.999988   -0.00155036    0.00469953     0.0527356    0.00153134      0.999991    0.00404764      -3.52373   -0.00470576    -0.0040404      0.999981     -0.196288
     0.999987    -0.0014647    0.00482222     0.0501725    0.00144612      0.999992    0.00385374      -3.53959   -0.00482783   -0.00384672      0.999981     -0.218787
     0.999987   -0.00154663    0.00490533     0.0576065    0.00153237      0.999995    0.00290963      -3.49965    -0.0049098   -0.00290207      0.999984     -0.248582
     0.999986   -0.00158944    0.00498211     0.0629129     0.0015777      0.999996    0.00235917      -3.53475   -0.00498584   -0.00235128      0.999985     -0.277128
     0.999987   -0.00165112    0.00485944     0.0588943    0.00163927      0.999996    0.00244159        -3.541   -0.00486346   -0.00243359      0.999985     -0.263947
     0.999987   -0.00173151    0.00484813     0.0625511    0.00172131      0.999996    0.00210863      -3.55059   -0.00485176   -0.00210026      0.999986     -0.252442
     0.999987   -0.00159189    0.00493873     0.0475339    0.00158071      0.999996    0.00226569      -3.53846   -0.00494232   -0.00225785      0.999985     -0.244122
     0.999987   -0.00176184    0.00478438     0.0539345    0.00175085      0.999996    0.00230112      -3.56049   -0.00478841   -0.00229272      0.999986     -0.228609
     0.999987   -0.00147901     0.0049373     0.0460707    0.00146903      0.999997    0.00202521      -3.48625   -0.00494028   -0.00201793      0.999986     -0.267511
     0.999988   -0.00149425    0.00464516     0.0492331    0.00148308      0.999996     0.0024073      -3.58322   -0.00464874   -0.00240038      0.999986     -0.257098
     0.999989   -0.00133424    0.00456132     0.0466763    0.00132494      0.999997     0.0020407      -3.49879   -0.00456403   -0.00203463      0.999988      -0.26359
     0.999987   -0.00139255    0.00481283     0.0461564    0.00138123      0.999996     0.0023553      -3.54502   -0.00481609   -0.00234862      0.999986     -0.257418
     0.999987   -0.00149654    0.00490045     0.0484983    0.00148783      0.999997    0.00177967      -3.49459    -0.0049031   -0.00177235      0.999986     -0.267112
     0.999986   -0.00160599    0.00498315      0.054234    0.00159657      0.999997    0.00189294       -3.5237   -0.00498618   -0.00188496      0.999986     -0.253218
     0.999986   -0.00165186    0.00511061     0.0546715    0.00164258      0.999997    0.00182019       -3.5342   -0.00511361   -0.00181177      0.999985     -0.246915
     0.999986   -0.00162206    0.00502746     0.0544804    0.00161538      0.999998    0.00133302      -3.50974   -0.00502961   -0.00132488      0.999986     -0.254789
     0.999987   -0.00153342    0.00488021     0.0540365    0.00152419      0.999997    0.00189483      -3.55069    -0.0048831   -0.00188737      0.999986     -0.236902
     0.999986   -0.00164687    0.00502499     0.0529842    0.00164008      0.999998    0.00135474      -3.49302   -0.00502721   -0.00134648      0.999986     -0.250459
     0.999986   -0.00163517    0.00501443     0.0538033    0.00162683      0.999997    0.00166736      -3.54414   -0.00501714   -0.00165918      0.999986     -0.239272
     0.999985   -0.00169475    0.00517635     0.0503573    0.00168751      0.999998    0.00140369      -3.50212   -0.00517871   -0.00139493      0.999986     -0.244972
     0.999978   -0.00235709    0.00621287     0.0557984    0.00236171      0.999997  -0.000735713      -3.56485   -0.00621112    0.00075037       0.99998     -0.234614
     0.999981   -0.00216261    0.00583397     0.0469541    0.00215841      0.999997   0.000726369      -3.48627   -0.00583553  -0.000713763      0.999983     -0.180997
     0.999979   -0.00220058    0.00605107     0.0437782    0.00219668      0.999997   0.000650191      -3.53009   -0.00605249  -0.000636886      0.999981      -0.16789
     0.999982   -0.00204936    0.00571342     0.0401092    0.00204336      0.999997    0.00105515      -3.55196   -0.00571557   -0.00104345      0.999983     -0.143882
     0.999982   -0.00215747    0.00568268     0.0431934    0.00215077      0.999997     0.0011842      -3.51421   -0.00568521   -0.00117196      0.999983     -0.152679
     0.999983   -0.00185666    0.00557006      0.026696    0.00184487      0.999996    0.00212085       -3.4742   -0.00557397   -0.00211054      0.999982     -0.235938
     0.999985   -0.00153646    0.00517773     0.0297531    0.00151665      0.999992    0.00382681      -3.52675   -0.00518357    -0.0038189      0.999979      -0.19517
     0.999986   -0.00171558    0.00509879     0.0379313     0.0017004      0.999994    0.00298028      -3.49448   -0.00510387   -0.00297157      0.999983     -0.175986
     0.999984   -0.00180461    0.00539838     0.0413858    0.00178713      0.999993     0.0032423       -3.5529    -0.0054042    -0.0032326       0.99998     -0.157349
     0.999983   -0.00188996    0.00548427     0.0417152    0.00187571      0.999995    0.00260181      -3.47705   -0.00548915   -0.00259147      0.999982     -0.173955
     0.999983   -0.00176022    0.00547719     0.0440545    0.00174308      0.999994     0.0031336      -3.55999   -0.00548267     -0.003124       0.99998     -0.185084
     0.999983   -0.00163297    0.00558437      0.050047     0.0016205      0.999996    0.00223689      -3.45906     -0.005588    -0.0022278      0.999982      -0.22314
     0.999983   -0.00174271     0.0055007     0.0575375    0.00173053      0.999996    0.00221833      -3.53913   -0.00550454   -0.00220878      0.999982     -0.253205
     0.999983   -0.00163586    0.00555596     0.0468069    0.00162089      0.999995    0.00269707      -3.53489   -0.00556034   -0.00268802      0.999981     -0.224864
     0.999984   -0.00174369    0.00541494     0.0477357    0.00173003      0.999995    0.00252705      -3.52258   -0.00541932   -0.00251764      0.999982     -0.235651
     0.999983   -0.00165676    0.00566831     0.0410875     0.0016422      0.999995    0.00257258      -3.49233   -0.00567255   -0.00256323      0.999981     -0.237535
     0.999981   -0.00205779    0.00587318     0.0551848    0.00203449       0.99999    0.00397027      -3.51811   -0.00588129   -0.00395824      0.999975     -0.203056
     0.999982   -0.00183143    0.00574227     0.0433648    0.00179558      0.999979    0.00624195      -3.51453   -0.00575358   -0.00623152      0.999964     -0.132691
     0.999982   -0.00165908    0.00574673     0.0328635    0.00161644      0.999971    0.00741624      -3.55277   -0.00575886   -0.00740681      0.999956    -0.0670893
      0.99998   -0.00217776     0.0059887     0.0305907    0.00214197       0.99998    0.00597592      -3.53585   -0.00600159   -0.00596297      0.999964    -0.0961891
     0.999977    -0.0022345    0.00639266     0.0326987    0.00219632       0.99998     0.0059743      -3.54886   -0.00640588   -0.00596012      0.999962      -0.10151
     0.999978   -0.00225863    0.00620092     0.0396848    0.00222278      0.999981    0.00578191       -3.5291   -0.00621386     -0.005768      0.999964    -0.0816095
     0.999979   -0.00224501    0.00604603     0.0451739     0.0022119      0.999983    0.00547677      -3.56523   -0.00605822   -0.00546328      0.999967    -0.0971936
     0.999978    -0.0021572    0.00623832      0.042858    0.00212972      0.999988    0.00440756      -3.49441   -0.00624776   -0.00439418      0.999971    -0.0937703
     0.999978   -0.00224856     0.0062741     0.0487359    0.00221752      0.999985    0.00495097      -3.57344   -0.00628514   -0.00493695      0.999968    -0.0731831
     0.999978   -0.00229868     0.0062834     0.0442475    0.00226997      0.999987    0.00457221       -3.5295   -0.00629382   -0.00455784       0.99997    -0.0783355
     0.999977   -0.00240524    0.00626375      0.049623     0.0023759      0.999986     0.0046877      -3.57509   -0.00627494   -0.00467272      0.999969    -0.0845874
     0.999977   -0.00218918    0.00639564     0.0320139    0.00215601      0.999984    0.00518794      -3.57715   -0.00640689   -0.00517403      0.999966    -0.0553426
     0.999978   -0.00216314    0.00623222     0.0330034    0.00213395      0.999987    0.00468569      -3.53548   -0.00624227   -0.00467229       0.99997    -0.0586856
     0.999977   -0.00225384    0.00635387     0.0348754    0.00221868      0.999982    0.00553559      -3.58786   -0.00636623   -0.00552137      0.999964    -0.0658823
     0.999978   -0.00250003    0.00616442      0.020251    0.00246309      0.999979    0.00599187      -3.55435   -0.00617927   -0.00597655      0.999963    -0.0934568
     0.999979   -0.00213004     0.0060751      0.020837    0.00209704      0.999983    0.00543313      -3.55634   -0.00608657   -0.00542027      0.999967    -0.0750486
     0.999981     -0.001954    0.00576948     0.0228357    0.00191756      0.999978    0.00631507      -3.59548   -0.00578169   -0.00630389      0.999963    -0.0169325
     0.999981   -0.00220169    0.00574667     0.0328402    0.00216888      0.999981    0.00570925       -3.5437   -0.00575913   -0.00569668      0.999967     -0.049555
     0.999979   -0.00238771    0.00596077     0.0415578    0.00235402      0.999981    0.00565378      -3.58256   -0.00597416   -0.00563963      0.999966    -0.0499384
     0.999979   -0.00252364    0.00600069     0.0407701    0.00249032      0.999981    0.00555367      -3.55331    -0.0060146   -0.00553861      0.999967    -0.0566613
     0.999978   -0.00241517    0.00623116     0.0424387    0.00238079      0.999982    0.00552003      -3.57218   -0.00624438   -0.00550507      0.999965    -0.0775998
     0.999976   -0.00247867    0.00643171     0.0415302     0.0024457      0.999984    0.00512888      -3.51885   -0.00644432   -0.00511303      0.999966    -0.0901514
     0.999978   -0.00257957    0.00611688     0.0455806    0.00254978      0.999985    0.00487158      -3.57175   -0.00612935   -0.00485588      0.999969    -0.0928654
     0.999978   -0.00227996    0.00621572     0.0385632      0.002249      0.999985    0.00498359      -3.53177   -0.00622699   -0.00496951      0.999968    -0.0917862
     0.999978   -0.00242451    0.00619902     0.0395697    0.00239422      0.999985    0.00488883      -3.53191   -0.00621078   -0.00487388      0.999969    -0.0947989
     0.999976   -0.00235741    0.00646134     0.0419319    0.00232463      0.999984    0.00507723      -3.52579   -0.00647321   -0.00506209      0.999966    -0.0852664
     0.999977   -0.00249337    0.00627721     0.0465447    0.00246641      0.999988    0.00429877      -3.52388   -0.00628785   -0.00428319      0.999971      -0.10381
     0.999977   -0.00252579     0.0063415     0.0467017    0.00249797      0.999987    0.00439177      -3.55724   -0.00635251   -0.00437582       0.99997    -0.0954012
     0.999976   -0.00258745    0.00650009     0.0447281    0.00255975      0.999988    0.00426638      -3.53555   -0.00651105   -0.00424964       0.99997    -0.0876162
     0.999975   -0.00267544     0.0065621     0.0435562    0.00264556      0.999986    0.00455801        -3.569    -0.0065742   -0.00454053      0.999968    -0.0940617
     0.999976   -0.00251302    0.00649133     0.0382311    0.00248602      0.999988    0.00416533      -3.51975   -0.00650172   -0.00414909       0.99997      -0.10037
     0.999976   -0.00241286     0.0064254     0.0408842    0.00238284      0.999986    0.00467548      -3.57321    -0.0064366   -0.00466006      0.999968     -0.101733
     0.999975   -0.00247553    0.00655098      0.038206    0.00244615      0.999987    0.00448978      -3.53702   -0.00656201   -0.00447365      0.999968    -0.0948591
     0.999975   -0.00254587    0.00655059     0.0396281     0.0025167      0.999987    0.00445759      -3.56028   -0.00656185   -0.00444099      0.999969    -0.0884923
     0.999976   -0.00257941    0.00650727     0.0394585    0.00254846      0.999985    0.00476029      -3.57398   -0.00651945   -0.00474359      0.999967    -0.0717909
     0.999975   -0.00258411    0.00665458     0.0396073    0.00255588      0.999988    0.00424599      -3.54654   -0.00666547   -0.00422887      0.999969    -0.0858717
     0.999974   -0.00260225    0.00668809     0.0382041    0.00257473      0.999988    0.00411959      -3.55007   -0.00669873   -0.00410227      0.999969    -0.0653543
     0.999975   -0.00263774    0.00660813     0.0380709    0.00260725      0.999986    0.00461797      -3.57992   -0.00662022   -0.00460063      0.999968    -0.0469634
     0.999978   -0.00218153    0.00620828     0.0331011    0.00215339      0.999987    0.00453509      -3.55057   -0.00621809   -0.00452162       0.99997    -0.0359931
     0.999979   -0.00214103    0.00608346     0.0401621    0.00211062      0.999985    0.00500058      -3.58354   -0.00609407   -0.00498764      0.999969    0.00642804
     0.999979   -0.00222176    0.00601597     0.0389583    0.00219239      0.999986    0.00488338      -3.58556   -0.00602673   -0.00487009       0.99997    -0.0064038
     0.999978   -0.00237099    0.00612524      0.040684    0.00234396      0.999988    0.00441571       -3.5433   -0.00613564   -0.00440126      0.999971    -0.0265883
     0.999977   -0.00252549    0.00625351     0.0447042    0.00249384      0.999984    0.00506458       -3.6267   -0.00626621   -0.00504887      0.999968     0.0046144
     0.999977   -0.00243377    0.00636033     0.0454333    0.00240328      0.999986    0.00479792      -3.56653   -0.00637191   -0.00478252      0.999968     0.0130924
     0.999975   -0.00258822    0.00660168      0.048077    0.00255746      0.999986    0.00466323      -3.58569   -0.00661365   -0.00464623      0.999967     0.0121138
     0.999973     -0.002773    0.00675914     0.0515157    0.00273935      0.999984    0.00498378      -3.59654   -0.00677285   -0.00496514      0.999965     0.0263383
     0.999972   -0.00292492    0.00691206     0.0591949    0.00289512      0.999986    0.00431675      -3.58107   -0.00692459   -0.00429661      0.999967     0.0383746
     0.999969   -0.00307707    0.00723357     0.0626457    0.00304447      0.999985     0.0045141       -3.6105   -0.00724735   -0.00449194      0.999964     0.0737888
      0.99997    -0.0031093    0.00711571     0.0588125     0.0030787      0.999986    0.00430665      -3.57569     -0.007129   -0.00428462      0.999965     0.0666069
     0.999969   -0.00305987    0.00727244     0.0567999    0.00302878      0.999986    0.00428184      -3.59605   -0.00728544   -0.00425968      0.999964     0.0659953
     0.999969   -0.00305186    0.00725494     0.0582775     0.0030199      0.999986    0.00441141        -3.601    -0.0072683   -0.00438936      0.999964     0.0640358
     0.999968   -0.00291305    0.00744492      0.054312    0.00288382      0.999988    0.00393297      -3.55585   -0.00745629   -0.00391138      0.999965     0.0382846
     0.999968   -0.00294179    0.00747736      0.062641    0.00291158      0.999988    0.00404873      -3.58291   -0.00748918   -0.00402683      0.999964     0.0444379
     0.999967   -0.00289304     0.0075856     0.0631582    0.00286458      0.999989    0.00376012      -3.58837   -0.00759639   -0.00373826      0.999964     0.0307935
     0.999967   -0.00299516    0.00759006     0.0674452    0.00296763      0.999989    0.00363521      -3.56255   -0.00760087   -0.00361257      0.999965      0.028648
     0.999967   -0.00295809      0.007531     0.0587386    0.00293143      0.999989    0.00354774      -3.59645   -0.00754142   -0.00352554      0.999965     0.0359094
     0.999967   -0.00305279    0.00758945     0.0555844    0.00302525      0.999989    0.00363711      -3.56181   -0.00760047   -0.00361403      0.999965     0.0213097
     0.999966   -0.00300014    0.00770487     0.0534742    0.00297084      0.999988    0.00381135      -3.55818   -0.00771622   -0.00378833      0.999963     0.0301127
     0.999966   -0.00306518    0.00767083     0.0538596    0.00303304      0.999987    0.00419828      -3.58905    -0.0076836   -0.00417487      0.999962      0.032596
     0.999965   -0.00303084    0.00780566     0.0557284    0.00300197      0.999989    0.00370843      -3.52517   -0.00781681   -0.00368486      0.999963    0.00556009
     0.999966   -0.00315137    0.00765784     0.0610831    0.00311972      0.999987    0.00414213      -3.61452   -0.00767079    -0.0041181      0.999962     0.0124743
     0.999966   -0.00309223    0.00770215     0.0616245    0.00306806       0.99999    0.00314781      -3.52135   -0.00771181   -0.00312407      0.999965   -0.00566245
     0.999965   -0.00310945    0.00776483     0.0662565    0.00308293      0.999989    0.00342491      -3.59154   -0.00777539   -0.00340085      0.999964    0.00851814
     0.999966   -0.00312809    0.00760757     0.0713586    0.00310253       0.99999    0.00336946      -3.48438   -0.00761803   -0.00334575      0.999965     -0.124826
     0.999974   -0.00280397    0.00670921     0.0912226    0.00279053      0.999994     0.0020121      -3.40963   -0.00671481   -0.00199332      0.999975     -0.371385
     0.999973    -0.0029693    0.00673764     0.0983035    0.00295061      0.999992    0.00278269       -3.5377   -0.00674585   -0.00276273      0.999973     -0.230193
      0.99997   -0.00315377    0.00708234     0.0948349    0.00313568      0.999992    0.00256468      -3.50776   -0.00709037   -0.00254239      0.999972     -0.183529
     0.999968   -0.00321504    0.00727311     0.0878773    0.00319216       0.99999    0.00315461      -3.54345   -0.00728318    -0.0031313      0.999969     -0.160246
     0.999968   -0.00318616    0.00736726     0.0817397    0.00316451      0.999991    0.00294888        -3.492   -0.00737658   -0.00292548      0.999969     -0.174001
     0.999967   -0.00327513    0.00739101     0.0904511    0.00325324       0.99999    0.00297209      -3.53598   -0.00740067   -0.00294794      0.999968     -0.173167
     0.999966   -0.00339376    0.00756371     0.0876182    0.00336981      0.999989    0.00317586      -3.52886    -0.0075744   -0.00315027      0.999966     -0.168741
     0.999966   -0.00340306    0.00747316     0.0873741    0.00338392      0.999991    0.00257232      -3.47005   -0.00748185   -0.00254694      0.999969     -0.183288
     0.999964   -0.00341654     0.0077545     0.0867045    0.00339151      0.999989     0.0032386      -3.54826   -0.00776548   -0.00321219      0.999965     -0.154969
     0.999964   -0.00337703     0.0077595     0.0877568    0.00335781      0.999991     0.0024887      -3.49035   -0.00776783   -0.00246255      0.999967     -0.161077
     0.999964   -0.00348758    0.00768714     0.0955808    0.00346826      0.999991    0.00252555       -3.5243   -0.00769587    -0.0024988      0.999967     -0.142016
     0.999965   -0.00358181    0.00760716     0.0951558    0.00356204       0.99999    0.00261071      -3.52818   -0.00761644   -0.00258352      0.999968      -0.11918
     0.999965   -0.00325708    0.00768267     0.0846479    0.00323826      0.999992    0.00246063      -3.45856   -0.00769062   -0.00243566      0.999967     -0.149217
     0.999966   -0.00331795    0.00751259     0.0838019    0.00329608       0.99999    0.00292193      -3.53297   -0.00752221   -0.00289707      0.999968     -0.116021
     0.999964   -0.00336249    0.00780507     0.0766618    0.00334048       0.99999    0.00283131      -3.50798   -0.00781452   -0.00280514      0.999966     -0.101803
     0.999964   -0.00332442     0.0077721      0.077778     0.0033033      0.999991     0.0027287      -3.50609    -0.0077811   -0.00270293      0.999966     -0.108969
     0.999963   -0.00349628    0.00785885     0.0864982     0.0034766      0.999991    0.00251602      -3.52698   -0.00786757   -0.00248861      0.999966     -0.112844
     0.999962   -0.00342536    0.00800307     0.0835048    0.00340582      0.999991    0.00245363      -3.52921   -0.00801141   -0.00242628      0.999965     -0.105102
     0.999961   -0.00352817    0.00803705     0.0848846    0.00350904      0.999991    0.00239404      -3.51596   -0.00804542   -0.00236574      0.999965     -0.111229
     0.999962   -0.00359494    0.00798143     0.0788525    0.00357708      0.999991    0.00225136      -3.51197   -0.00798945   -0.00222272      0.999966     -0.114382
     0.999962   -0.00348741     0.0079702     0.0770098    0.00346658      0.999991     0.0026252      -3.57075   -0.00797928   -0.00259747      0.999965    -0.0900814
     0.999962    -0.0034501    0.00794746     0.0726343    0.00343125      0.999991     0.0023844      -3.48877   -0.00795562   -0.00235704      0.999966     -0.103029
     0.999964   -0.00345884    0.00771916     0.0802863    0.00343517      0.999989    0.00307773      -3.57151   -0.00772972    -0.0030511      0.999965    -0.0913534
     0.999968   -0.00332674    0.00724272     0.0829013    0.00330766      0.999991    0.00264398      -3.52036   -0.00725146   -0.00261994       0.99997    -0.0857397
     0.999969   -0.00321245    0.00724957     0.0805737     0.0031919      0.999991    0.00284357      -3.53866   -0.00725864   -0.00282034       0.99997     -0.119514
     0.999968   -0.00317376    0.00728278     0.0775643    0.00315134       0.99999    0.00308828      -3.54671   -0.00729251   -0.00306523      0.999969     -0.102797
     0.999965   -0.00352044    0.00755746     0.0893374    0.00349166      0.999987    0.00381821      -3.53599    -0.0075708   -0.00379169      0.999964    -0.0351163
     0.999964   -0.00351235    0.00778488     0.0797101    0.00347419      0.999982    0.00490986      -3.59665   -0.00780199   -0.00488264      0.999958     0.0206043
     0.999963   -0.00357002    0.00777029     0.0823767    0.00353555      0.999984    0.00444607      -3.55092   -0.00778604   -0.00441843       0.99996     0.0203397
     0.999963   -0.00352054    0.00783633     0.0819942    0.00348303      0.999982    0.00479436      -3.58392   -0.00785307   -0.00476689      0.999958     0.0316959
     0.999962   -0.00342793    0.00798748     0.0735338    0.00339313      0.999985     0.0043659      -3.49973   -0.00800233   -0.00433863      0.999959     0.0181709
     0.999962   -0.00371778    0.00784828     0.0767313    0.00366932      0.999974    0.00617988      -3.61629   -0.00787105   -0.00615085       0.99995     0.0974364
     0.999963   -0.00369133    0.00775574     0.0578107    0.00364738      0.999977    0.00567327       -3.4995   -0.00777651   -0.00564477      0.999954      0.146952
     0.999964   -0.00342333    0.00772451     0.0388622    0.00337238      0.999973    0.00659984      -3.61544   -0.00774689   -0.00657355      0.999948      0.163817
     0.999963   -0.00327033    0.00793654     0.0335737    0.00322439      0.999978    0.00579475      -3.51708   -0.00795532   -0.00576895      0.999952      0.126053
     0.999962   -0.00346738    0.00801431     0.0492417    0.00341459      0.999972    0.00659197      -3.61457   -0.00803695   -0.00656435      0.999946      0.148093
     0.999961   -0.00347649    0.00814193     0.0631924    0.00342608      0.999975    0.00619706      -3.52576   -0.00816326   -0.00616892      0.999948       0.12938
     0.999962   -0.00351848    0.00793256     0.0737282    0.00347241      0.999977    0.00581464      -3.59293   -0.00795283   -0.00578687      0.999952      0.119283
     0.999962   -0.00347017    0.00804625     0.0665171    0.00343201      0.999983    0.00475207      -3.53571    -0.0080626   -0.00472427      0.999956     0.0981357
     0.999962   -0.00353267    0.00792493     0.0650959    0.00349689      0.999984    0.00452488      -3.59909   -0.00794078     -0.004497      0.999958      0.109548
      0.99996    -0.0036362    0.00812891     0.0670418    0.00360259      0.999985    0.00414636      -3.56943   -0.00814387   -0.00411691      0.999958      0.119818
      0.99996   -0.00382715    0.00809154     0.0748002    0.00379366      0.999984    0.00414945      -3.56375   -0.00810729   -0.00411859      0.999959      0.131277
     0.999959   -0.00381513    0.00817861      0.072647    0.00378075      0.999984    0.00421491      -3.56867   -0.00819456   -0.00418382      0.999958      0.129355
      0.99996   -0.00383383    0.00807481     0.0718936    0.00380238      0.999985    0.00390656      -3.56224   -0.00808966    -0.0038757       0.99996      0.126386
     0.999959   -0.00381461    0.00816157       0.07237    0.00378152      0.999985    0.00406658      -3.59156   -0.00817695   -0.00403555      0.999958      0.130359
     0.999962   -0.00385518    0.00784074     0.0790762    0.00382845      0.999987    0.00342124      -3.57233   -0.00785383   -0.00339109      0.999963      0.118582
     0.999961   -0.00389968    0.00792392     0.0832439    0.00387588      0.999988    0.00301659       -3.5849   -0.00793559   -0.00298576      0.999964      0.109666
     0.999961   -0.00389392    0.00791222     0.0804092    0.00386836      0.999987    0.00324395      -3.61359   -0.00792475   -0.00321322      0.999963      0.113812
     0.999961   -0.00381415     0.0079328     0.0794417    0.00379245      0.999989    0.00274867      -3.55366    -0.0079432   -0.00271847      0.999965      0.105654
     0.999961   -0.00392018     0.0079018     0.0758681    0.00389803      0.999988    0.00281609      -3.60497   -0.00791275   -0.00278518      0.999965      0.102442
     0.999961   -0.00391284    0.00791626     0.0727999    0.00388977      0.999988     0.0029276      -3.59411   -0.00792762    -0.0028967      0.999964      0.102877
     0.999959   -0.00395815    0.00816553     0.0715915     0.0039372      0.999989    0.00258058      -3.56756   -0.00817566   -0.00254832      0.999963     0.0997432
     0.999959   -0.00396541    0.00811278     0.0739277    0.00394048      0.999987    0.00308694      -3.63042   -0.00812491   -0.00305484      0.999962      0.116764
      0.99996   -0.00380443    0.00805269     0.0704262    0.00378336      0.999989    0.00262991      -3.53788   -0.00806261   -0.00259934      0.999964      0.108896
      0.99996   -0.00363018     0.0081148      0.067445    0.00360253      0.999988    0.00341907      -3.58168   -0.00812712    -0.0033897      0.999961      0.155495
     0.999959   -0.00372927    0.00823319     0.0689565    0.00369915      0.999986    0.00367036      -3.61251   -0.00824676   -0.00363976      0.999959      0.209478
      0.99996   -0.00380751    0.00815041     0.0798936    0.00378184      0.999988    0.00316186      -3.57809   -0.00816235    -0.0031309      0.999962      0.210674
     0.999959   -0.00389863    0.00814539     0.0849115    0.00387143      0.999987    0.00335284      -3.61245   -0.00815835   -0.00332117      0.999961      0.221322
      0.99996   -0.00361548    0.00821458     0.0721333    0.00358545      0.999987    0.00366764      -3.60216   -0.00822773   -0.00363804       0.99996      0.228484
      0.99996   -0.00361557    0.00818712      0.069261    0.00358497      0.999987    0.00374842      -3.61864   -0.00820057   -0.00371892      0.999959      0.218272
     0.999961   -0.00359478    0.00811725      0.073516    0.00356409      0.999986    0.00379224       -3.6155   -0.00813077   -0.00376316       0.99996      0.222735
      0.99996   -0.00360795     0.0082119     0.0671373     0.0035765      0.999986    0.00384194      -3.60345   -0.00822565   -0.00381242      0.999959      0.217986
     0.999962   -0.00365509    0.00787708     0.0624721    0.00362482      0.999986    0.00385301      -3.61148   -0.00789105   -0.00382431      0.999962      0.204929
     0.999964   -0.00336546    0.00783235     0.0571602    0.00333376      0.999986    0.00405606      -3.62886   -0.00784589   -0.00402981      0.999961      0.210834
     0.999962   -0.00354631    0.00792729     0.0680058    0.00352399       0.99999     0.0028266      -3.59688   -0.00793723   -0.00279856      0.999965      0.155853
     0.999961   -0.00368143    0.00799569     0.0694607    0.00365594      0.999988    0.00320137      -3.64456   -0.00800738   -0.00317201      0.999963      0.173109
     0.999959    -0.0037271    0.00820373     0.0668969      0.003704      0.999989    0.00282988      -3.58026   -0.00821419   -0.00279938      0.999962      0.163155
     0.999958   -0.00380573    0.00834106     0.0721711    0.00377984      0.999988    0.00311794      -3.62108   -0.00835282   -0.00308628       0.99996      0.196762
     0.999959   -0.00350386    0.00836273     0.0642746    0.00348062       0.99999    0.00279148      -3.60517   -0.00837243   -0.00276225      0.999961      0.204609
     0.999959   -0.00377271      0.008182     0.0679572    0.00375099      0.999989    0.00266846      -3.59934   -0.00819198   -0.00263766      0.999963      0.206357
     0.999959    -0.0037219    0.00824493     0.0684583    0.00369431      0.999988    0.00335838      -3.64272   -0.00825733   -0.00332779       0.99996      0.225832
     0.999963   -0.00393357    0.00766494     0.0444646    0.00389058      0.999977    0.00561534      -3.60262   -0.00768685   -0.00558531      0.999955      0.224768
     0.999968   -0.00298134    0.00741846     0.0435922    0.00294348      0.999983    0.00510893      -3.45969   -0.00743356   -0.00508693      0.999959      -0.12866
     0.999971   -0.00286606    0.00705732     0.0495212    0.00283733      0.999988    0.00407704      -3.41874   -0.00706892    -0.0040569      0.999967      -0.20447
     0.999969   -0.00310892    0.00719169     0.0572724    0.00308291      0.999989    0.00362499      -3.43093   -0.00720288   -0.00360271      0.999968     -0.332527
     0.999969   -0.00318397    0.00721829     0.0622461    0.00316349      0.999991    0.00284711      -3.37171   -0.00722729   -0.00282419       0.99997      -0.34421
     0.999965   -0.00341285    0.00766732      0.072666    0.00339035       0.99999     0.0029461      -3.43106    -0.0076773      -0.00292      0.999966     -0.354395
     0.999963   -0.00331511    0.00795513     0.0714692     0.0032915       0.99999    0.00297897      -3.40219   -0.00796492   -0.00295267      0.999964     -0.352309
     0.999965   -0.00326676     0.0077635     0.0820824    0.00324703      0.999991    0.00255389      -3.39664   -0.00777178   -0.00252859      0.999967     -0.369536
     0.999964   -0.00334864    0.00785825     0.0750763    0.00333027      0.999992    0.00234977      -3.41208   -0.00786605   -0.00232351      0.999966     -0.371178
     0.999964   -0.00334277    0.00781228     0.0732362    0.00332616      0.999992    0.00213875       -3.3991   -0.00781937   -0.00211269      0.999967     -0.364758
     0.999964   -0.00319295    0.00784962     0.0648349    0.00317315      0.999992    0.00253334      -3.42382   -0.00785765   -0.00250834      0.999966     -0.350139
     0.999964   -0.00324938    0.00782596     0.0662091    0.00323231      0.999992    0.00219321       -3.3989   -0.00783303   -0.00216784      0.999967     -0.343461
     0.999962    -0.0031866    0.00807507      0.059059    0.00316662      0.999992    0.00248587      -3.40566   -0.00808293   -0.00246021      0.999964     -0.328226
     0.999962    -0.0032759    0.00805165     0.0693202    0.00325981      0.999993     0.0020104      -3.38558   -0.00805818   -0.00198407      0.999966     -0.332819
     0.999963    -0.0032838    0.00799148     0.0665715    0.00326452      0.999992    0.00242528      -3.43207   -0.00799938    -0.0023991      0.999965     -0.295789
     0.999962   -0.00329053    0.00805818     0.0659611    0.00327583      0.999993    0.00183713      -3.38047   -0.00806417   -0.00181066      0.999966     -0.280226
      0.99996    -0.0033879    0.00824657     0.0621053    0.00337136      0.999992    0.00201864      -3.43549   -0.00825335   -0.00199076      0.999964     -0.274865
     0.999958   -0.00337451    0.00850494      0.052557     0.0033611      0.999993    0.00158991      -3.41044   -0.00851025   -0.00156126      0.999963     -0.263127
     0.999958   -0.00346347    0.00854173     0.0517016    0.00344761      0.999992    0.00187011      -3.48875   -0.00854814   -0.00184058      0.999962     -0.254402
     0.999958   -0.00355894    0.00847934     0.0573338    0.00355164      0.999993   0.000875171       -3.4056   -0.00848239  -0.000845018      0.999964     -0.267593
     0.999957   -0.00368391    0.00849016     0.0702803    0.00367469      0.999993    0.00110027      -3.48498   -0.00849415   -0.00106902      0.999963     -0.272084
     0.999955    -0.0035048    0.00878743     0.0674866    0.00349673      0.999993   0.000933606      -3.41787   -0.00879064  -0.000902837      0.999961      -0.26454
     0.999957   -0.00357551    0.00861322     0.0683613    0.00356852      0.999993   0.000827095      -3.43787   -0.00861612  -0.000796323      0.999963     -0.289962
     0.999957   -0.00341783    0.00863075     0.0539849     0.0034085      0.999994    0.00109591      -3.46741   -0.00863444   -0.00106645      0.999962     -0.268198
     0.999956   -0.00352549     0.0087223     0.0592208    0.00351838      0.999993   0.000830503      -3.41756   -0.00872517  -0.000799778      0.999962     -0.268276
     0.999961   -0.00344887    0.00816989     0.0639662    0.00344169      0.999994   0.000892972       -3.4031   -0.00817292  -0.000864819      0.999966     -0.358093
     0.999963   -0.00315786    0.00797076       0.06008    0.00315173      0.999995   0.000780977      -3.35408   -0.00797318  -0.000755827      0.999968     -0.399898
     0.999961   -0.00344459    0.00814702     0.0656394    0.00344473      0.999994  -3.56933e-06      -3.38478   -0.00814696   3.16335e-05      0.999967     -0.349999
     0.999958    -0.0037237     0.0083458     0.0699378    0.00372328      0.999993   6.65244e-05      -3.41405   -0.00834599  -3.54479e-05      0.999965     -0.320738
     0.999956   -0.00361571    0.00863065     0.0676153    0.00361235      0.999993   0.000405968      -3.40529   -0.00863206  -0.000374773      0.999963     -0.306403
     0.999958   -0.00364071    0.00843004     0.0726896    0.00363563      0.999993   0.000617913      -3.42001   -0.00843223  -0.000587239      0.999964     -0.304038
     0.999957   -0.00360116    0.00855637      0.062996    0.00359504      0.999993   0.000730056      -3.39301   -0.00855894  -0.000699264      0.999963      -0.30529
     0.999956   -0.00360328    0.00865814     0.0650561    0.00360056      0.999993   0.000329783      -3.35999   -0.00865927  -0.000298594      0.999962     -0.327966
     0.999957   -0.00351125    0.00860863     0.0643504    0.00350329      0.999993   0.000939285      -3.43181   -0.00861188  -0.000909086      0.999963     -0.319933
     0.999954   -0.00357482    0.00888081       0.06406    0.00357295      0.999994   0.000225899      -3.35225   -0.00888156  -0.000194158      0.999961     -0.339361
     0.999956   -0.00362041    0.00863697     0.0707008    0.00361598      0.999993   0.000527811      -3.42888   -0.00863882  -0.000496557      0.999963     -0.309813
     0.999957    -0.0035171    0.00861956     0.0642071    0.00351589      0.999994    0.00015586       -3.4023   -0.00862005  -0.000125548      0.999963     -0.309555
     0.999955   -0.00363297    0.00880018     0.0612239    0.00363265      0.999993   5.27326e-05      -3.38832   -0.00880031  -2.07623e-05      0.999961      -0.31119
     0.999956   -0.00362759    0.00867172      0.061218    0.00362494      0.999993   0.000320752      -3.41837   -0.00867283  -0.000289304      0.999962     -0.292125
     0.999956   -0.00347817    0.00876738     0.0543755    0.00347681      0.999994   0.000170197      -3.38405   -0.00876792  -0.000139707      0.999962     -0.297248
     0.999958    -0.0035499    0.00843403     0.0619533    0.00354665      0.999994   0.000399517      -3.43961    -0.0084354  -0.000369587      0.999964     -0.300968
     0.999958   -0.00327939     0.0085292     0.0566463    0.00327695      0.999995   0.000300596      -3.41393   -0.00853014  -0.000272634      0.999964     -0.287011
