# 3dvolreg matrices (DICOM-to-DICOM, row-by-row):
     0.999969   -0.00245127    0.00745587     0.0827363    0.00246514      0.999995   -0.00185086      -3.66879   -0.00745129    0.00186918       0.99997     -0.155153
     0.999969   -0.00254625    0.00751416     0.0903527    0.00255635      0.999996   -0.00133459      -3.79418   -0.00751073    0.00135376      0.999971     -0.144591
     0.999968   -0.00270128     0.0075522     0.0887098     0.0027121      0.999995   -0.00142302       -3.7304   -0.00754833    0.00144346       0.99997     -0.130621
     0.999967   -0.00267596    0.00763883     0.0844003    0.00268376      0.999996   -0.00101104      -3.73933   -0.00763609    0.00103151       0.99997     -0.131484
     0.999966   -0.00290162    0.00765755     0.0921381    0.00290776      0.999995  -0.000790316      -3.73781   -0.00765522   0.000812556       0.99997     -0.111572
     0.999967   -0.00277323    0.00766532     0.0941357    0.00278066      0.999996  -0.000959273      -3.72163   -0.00766262   0.000980556       0.99997    -0.0991318
     0.999967   -0.00287848    0.00758503     0.0931205    0.00289034      0.999995   -0.00155347      -3.70463   -0.00758052    0.00157534       0.99997      -0.13253
     0.999967   -0.00280212    0.00766023     0.0910324    0.00281028      0.999995   -0.00105489      -3.78923   -0.00765724    0.00107639       0.99997     -0.117813
     0.999965   -0.00286792     0.0078125     0.0950563    0.00287635      0.999995    -0.0010681      -3.75451    -0.0078094    0.00109054      0.999969     -0.110642
     0.999965     -0.002942    0.00786436     0.0961797    0.00295157      0.999995   -0.00120564      -3.74345   -0.00786077    0.00122881      0.999968     -0.112832
     0.999967   -0.00298519    0.00756422     0.0982972    0.00299202      0.999995  -0.000891571      -3.73464   -0.00756152   0.000914174      0.999971    -0.0889358
     0.999966   -0.00282523    0.00770044     0.0963191     0.0028262      0.999996  -0.000114473      -3.77441   -0.00770008   0.000136232       0.99997    -0.0563858
     0.999965   -0.00293617    0.00783365     0.0978998    0.00294419      0.999995   -0.00101143      -3.71228   -0.00783064    0.00103445      0.999969    -0.0636611
     0.999966   -0.00298471    0.00769107      0.102592    0.00299107      0.999995   -0.00081527      -3.77214    -0.0076886   0.000838247       0.99997    -0.0484019
     0.999965   -0.00305865    0.00782965      0.100177    0.00306501      0.999995  -0.000800147      -3.73946   -0.00782717   0.000824116      0.999969     -0.055296
     0.999964   -0.00300024    0.00791668     0.0957547    0.00300891      0.999995   -0.00108374      -3.71418   -0.00791339    0.00110752      0.999968    -0.0829528
     0.999965   -0.00285696    0.00782206     0.0956234    0.00286052      0.999996   -0.00044492      -3.81701   -0.00782076    0.00046728      0.999969    -0.0606714
     0.999964   -0.00301495     0.0078851     0.0932925    0.00301996      0.999995  -0.000623015      -3.74103   -0.00788319   0.000646805      0.999969    -0.0508551
     0.999967   -0.00277121    0.00767769     0.0980731     0.0027728      0.999996  -0.000196086       -3.8079   -0.00767712   0.000217368      0.999971    -0.0512477
     0.999968   -0.00273562    0.00756161     0.0983318     0.0027406      0.999996  -0.000648432      -3.74017    -0.0075598   0.000669134      0.999971    -0.0683786
     0.999967   -0.00268065    0.00770447     0.0976809    0.00268045      0.999996   3.61396e-05      -3.81283   -0.00770454   -1.5487e-05       0.99997    -0.0394033
     0.999965   -0.00283072    0.00781857     0.0968185    0.00283638      0.999996  -0.000713694      -3.74106   -0.00781652   0.000735846      0.999969    -0.0488962
     0.999965   -0.00283814    0.00783941     0.0979824    0.00283998      0.999996  -0.000223167       -3.8353   -0.00783874   0.000245423      0.999969    -0.0325326
     0.999964    -0.0029598    0.00790231      0.091326    0.00296543      0.999995  -0.000699844      -3.76637    -0.0079002   0.000723253      0.999969    -0.0381807
     0.999964   -0.00290596    0.00793561     0.0933165    0.00290843      0.999996  -0.000299612      -3.83303   -0.00793471   0.000322681      0.999968     -0.033488
     0.999964   -0.00289012    0.00794793     0.0908852    0.00289475      0.999996  -0.000570622      -3.76888   -0.00794624   0.000593609      0.999968    -0.0278577
     0.999964   -0.00291169    0.00795938     0.0936363    0.00291611      0.999996  -0.000543594      -3.81925   -0.00795776   0.000566785      0.999968    -0.0322121
      0.99996   -0.00313886    0.00841732      0.105039    0.00314617      0.999995  -0.000855382      -3.76334   -0.00841459    0.00088183      0.999964    -0.0245364
     0.999958   -0.00313857    0.00862768      0.109351    0.00313904      0.999995  -4.07318e-05       -3.8426   -0.00862751   6.78127e-05      0.999963     0.0101126
     0.999957   -0.00318947    0.00875774      0.107751     0.0031947      0.999995  -0.000583406      -3.77354   -0.00875583   0.000611359      0.999961     0.0229241
     0.999958   -0.00322383    0.00856861      0.110992    0.00322386      0.999995   1.02216e-05      -3.83616   -0.00856859   1.74029e-05      0.999963     0.0412106
     0.999956   -0.00338861    0.00873535      0.109846    0.00339607      0.999994  -0.000838694      -3.73769   -0.00873245   0.000868323      0.999961     0.0404545
     0.999956   -0.00336802    0.00873459      0.106605     0.0033705      0.999994   -0.00026904      -3.81573   -0.00873363   0.000298468      0.999962     0.0601549
     0.999957   -0.00326452    0.00868336      0.101073    0.00326527      0.999995  -7.19452e-05      -3.80735   -0.00868308   0.000100296      0.999962     0.0668799
     0.999958   -0.00320775    0.00861719     0.0969161    0.00321165      0.999995  -0.000438596      -3.74466   -0.00861574   0.000466252      0.999963     0.0640573
     0.999958    -0.0031852    0.00862704     0.0967913      0.003184      0.999995   0.000153121      -3.84954   -0.00862748  -0.000125646      0.999963     0.0900815
     0.999956   -0.00327883     0.0088319     0.0952425    0.00328302      0.999995  -0.000459363      -3.77577   -0.00883034   0.000488338      0.999961     0.0886801
     0.999955    -0.0033285    0.00887205     0.0974864    0.00333281      0.999994  -0.000470772      -3.83387   -0.00887043    0.00050032      0.999961     0.0820938
     0.999952   -0.00364663    0.00906042       0.10629    0.00365595      0.999993   -0.00101302      -3.79705   -0.00905666     0.0010461      0.999958     0.0735697
     0.999955    -0.0040107    0.00860321      0.122585    0.00401226      0.999992  -0.000164929      -3.85328   -0.00860248    0.00019944      0.999963      0.108301
     0.999954   -0.00380042    0.00882282      0.113577     0.0038016      0.999993  -0.000117452      -3.82489   -0.00882231   0.000150988      0.999961     0.0978696
     0.999954   -0.00377684    0.00881743      0.122077    0.00377834      0.999993  -0.000153523      -3.86705   -0.00881679   0.000186831      0.999961      0.106278
     0.999951   -0.00382034    0.00914593      0.111586    0.00382215      0.999993  -0.000180903       -3.7952   -0.00914517   0.000215852      0.999958      0.117015
     0.999954   -0.00385707    0.00878499      0.116891    0.00385597      0.999993   0.000141561      -3.91428   -0.00878547   -0.00010768      0.999961       0.12022
     0.999953   -0.00393023    0.00885749      0.117631     0.0039329      0.999992  -0.000284499      -3.81703    -0.0088563   0.000319321      0.999961      0.113672
     0.999952   -0.00379111    0.00904587       0.11262    0.00379023      0.999993   0.000114326       -3.8719   -0.00904624  -8.00345e-05      0.999959      0.120071
     0.999953   -0.00377671    0.00889605      0.118563     0.0037783      0.999993  -0.000161545      -3.85015   -0.00889537    0.00019515       0.99996      0.128202
     0.999952   -0.00376886    0.00907028      0.115114    0.00377549      0.999993  -0.000713897      -3.81948   -0.00906752   0.000748108      0.999959      0.124719
     0.999953   -0.00386182    0.00891031      0.125606    0.00386657      0.999992  -0.000515191      -3.84665   -0.00890825   0.000549619       0.99996      0.132107
     0.999951   -0.00392428    0.00905008      0.121696    0.00392528      0.999992  -9.22072e-05      -3.84748   -0.00904965   0.000127727      0.999959      0.141369
     0.999949   -0.00388227    0.00927653      0.123861    0.00388373      0.999992  -0.000139689      -3.82404   -0.00927592    0.00017571      0.999957      0.144912
      0.99995    -0.0038687    0.00924529      0.124015    0.00386763      0.999993   0.000132862      -3.86662   -0.00924574  -9.70982e-05      0.999957      0.153558
     0.999949   -0.00407849    0.00928573      0.127368     0.0040826      0.999992  -0.000423553      -3.81225   -0.00928393   0.000461442      0.999957      0.151383
     0.999949   -0.00394121    0.00931918      0.129708     0.0039414      0.999992  -1.76366e-06      -3.88139    -0.0093191   3.84942e-05      0.999957      0.160262
     0.999948   -0.00413934    0.00934679      0.131277    0.00414341      0.999991  -0.000416756      -3.82299   -0.00934498   0.000455461      0.999956       0.15631
     0.999947   -0.00417905    0.00937169      0.133507    0.00417981      0.999991  -6.10453e-05      -3.87504   -0.00937136   0.000100214      0.999956      0.166772
     0.999948   -0.00420822    0.00931682      0.135004    0.00421432      0.999991  -0.000635269      -3.80463   -0.00931406     0.0006745      0.999956       0.15694
     0.999947   -0.00408653    0.00948969      0.127409    0.00408526      0.999992   0.000153901      -3.88374   -0.00949024  -0.000115125      0.999955      0.166621
     0.999947   -0.00423693    0.00937211       0.12969    0.00424124      0.999991  -0.000440219      -3.80647   -0.00937016   0.000479945      0.999956      0.157378
     0.999945   -0.00416512    0.00962438      0.129348    0.00416118      0.999991   0.000429844      -3.87801   -0.00962609  -0.000389772      0.999954      0.182333
     0.999945   -0.00417581    0.00957267      0.131046    0.00417446      0.999991    0.00016119      -3.85453   -0.00957326  -0.000121221      0.999954      0.193388
     0.999948   -0.00392634    0.00942729      0.130779    0.00392608      0.999992   4.55613e-05      -3.85102   -0.00942739  -8.54663e-06      0.999956      0.191116
     0.999949   -0.00404677    0.00921525      0.134707      0.004049      0.999992  -0.000223541      -3.84328   -0.00921427   0.000260842      0.999958      0.189549
     0.999949   -0.00386593    0.00935567      0.134694    0.00386527      0.999993   8.82015e-05      -3.88112   -0.00935595  -5.20347e-05      0.999956      0.198846
     0.999949   -0.00390765    0.00928193       0.13111    0.00390961      0.999992  -0.000192926      -3.81717   -0.00928111   0.000229205      0.999957      0.195716
     0.999949    -0.0040122    0.00925369       0.13178    0.00400941      0.999992   0.000320247      -3.92092    -0.0092549  -0.000283129      0.999957      0.208813
     0.999947   -0.00415385    0.00936822      0.131836    0.00415664      0.999991  -0.000277759      -3.82576   -0.00936699   0.000316685      0.999956       0.18516
     0.999946   -0.00397122    0.00955289      0.125389     0.0039622      0.999992   0.000962739      -3.90047   -0.00955663  -0.000924837      0.999954       0.20202
     0.999948   -0.00405679    0.00930597      0.131152    0.00405552      0.999992   0.000155749      -3.82715   -0.00930653     -0.000118      0.999957       0.20194
     0.999947   -0.00407063    0.00949798      0.134135    0.00406792      0.999992   0.000304312      -3.87928   -0.00949914  -0.000265659      0.999955      0.216892
     0.999945   -0.00412876    0.00966828       0.12988    0.00412547      0.999991   0.000359626      -3.84657   -0.00966969   -0.00031972      0.999953      0.230557
     0.999947   -0.00415566    0.00946156      0.133307     0.0041502      0.999991   0.000596555      -3.89941   -0.00946395  -0.000557256      0.999955      0.241319
     0.999945   -0.00409038    0.00969857      0.124814    0.00408704      0.999992   0.000364012      -3.85495   -0.00969998  -0.000324353      0.999953      0.251495
     0.999945   -0.00402872    0.00970195      0.128091    0.00402065      0.999992   0.000851571      -3.92054   -0.00970529  -0.000812516      0.999953      0.282529
     0.999945   -0.00426858    0.00962303      0.122786     0.0042628      0.999991    0.00062153      -3.84448    -0.0096256  -0.000580475      0.999954      0.282759
     0.999944   -0.00421531    0.00972385      0.127829    0.00420691      0.999991   0.000883654        -3.928   -0.00972748  -0.000842697      0.999952      0.293993
     0.999943    -0.0042708    0.00975709      0.123149    0.00426496      0.999991    0.00061928      -3.87447   -0.00975964  -0.000577631      0.999952      0.296879
     0.999944   -0.00427662    0.00964974      0.128042    0.00427109      0.999991   0.000593274      -3.89712   -0.00965219  -0.000552026      0.999953        0.3165
     0.999944   -0.00422812    0.00969387      0.126295    0.00422569      0.999991   0.000271263      -3.87481   -0.00969493  -0.000230284      0.999953      0.306752
     0.999944    -0.0042213    0.00972653      0.129904    0.00421266      0.999991   0.000908923      -3.87946   -0.00973028  -0.000867898      0.999952      0.266192
      0.99994   -0.00420774      0.010082      0.111423    0.00419832      0.999991   0.000956127      -3.86014    -0.0100859  -0.000913743      0.999949      0.239857
     0.999943   -0.00392531    0.00996753      0.109328     0.0038926      0.999987    0.00329873       -3.9815   -0.00998035   -0.00325974      0.999945      0.421095
     0.999942   -0.00398253     0.0099903      0.105677    0.00397284      0.999992   0.000989067      -3.85444   -0.00999415   -0.00094932       0.99995      0.329243
     0.999944   -0.00384815    0.00983342      0.112235    0.00383091      0.999991    0.00177147      -3.97844   -0.00984015    -0.0017337       0.99995      0.370195
     0.999943   -0.00398457    0.00986822      0.110139    0.00397036      0.999991     0.0014599      -3.89248   -0.00987395   -0.00142063       0.99995      0.360395
     0.999944   -0.00378973    0.00987983      0.117426    0.00376895      0.999991    0.00212092      -3.96713   -0.00988778   -0.00208356      0.999949      0.366186
     0.999941   -0.00394832     0.0100704      0.123651    0.00393244      0.999991    0.00159595      -3.89449    -0.0100767   -0.00155625      0.999948       0.36706
      0.99994    -0.0040904     0.0101578      0.129619    0.00407111       0.99999    0.00191982      -3.94383    -0.0101656   -0.00187835      0.999947      0.396127
     0.999937   -0.00413335     0.0104147      0.122747    0.00412037      0.999991    0.00126726      -3.87961    -0.0104198   -0.00122427      0.999945      0.390968
     0.999941   -0.00411244     0.0100982      0.129664    0.00409518       0.99999    0.00172946      -3.94634    -0.0101052     -0.001688      0.999948      0.402777
     0.999939   -0.00410659     0.0102251      0.125253    0.00409091       0.99999    0.00155389       -3.9186    -0.0102314   -0.00151197      0.999947      0.401831
     0.999939   -0.00427634      0.010136      0.126615    0.00427073      0.999991   0.000574422      -3.84937    -0.0101383  -0.000531099      0.999948      0.387831
     0.999941   -0.00412892     0.0100086       0.12776    0.00411809      0.999991    0.00110236      -3.96677     -0.010013   -0.00106107      0.999949      0.417154
      0.99994   -0.00415281     0.0101566       0.12274    0.00414272      0.999991    0.00101359      -3.90865    -0.0101607  -0.000971448      0.999948      0.404088
      0.99994   -0.00408384     0.0101812      0.124838    0.00407133      0.999991    0.00124855      -3.93896    -0.0101862   -0.00120702      0.999947      0.412947
     0.999939   -0.00417553     0.0102155       0.12364    0.00416536      0.999991    0.00101608       -3.9016    -0.0102196  -0.000973466      0.999947      0.409102
     0.999939   -0.00413798     0.0102831      0.128349    0.00412569      0.999991    0.00121598       -3.9543     -0.010288   -0.00117348      0.999946      0.414977
     0.999937   -0.00414568     0.0104568      0.119516    0.00413491      0.999991    0.00105171      -3.91147     -0.010461    -0.0010084      0.999945      0.410906
     0.999936    -0.0043709     0.0104249      0.131424    0.00435799       0.99999    0.00126086      -3.95126    -0.0104303   -0.00121535      0.999945      0.419262
     0.999934   -0.00444755     0.0105893      0.136177    0.00443232      0.999989    0.00146132      -3.94267    -0.0105957   -0.00141429      0.999943      0.449664
     0.999933   -0.00454557     0.0106419      0.135268    0.00452817      0.999988    0.00165816      -3.95756    -0.0106494   -0.00160986      0.999942      0.460702
     0.999932    -0.0045117     0.0107075      0.138366    0.00449704      0.999989    0.00139283      -3.92744    -0.0107137   -0.00134458      0.999942      0.454361
     0.999931   -0.00451893     0.0108387      0.136064    0.00449868      0.999988    0.00189177      -3.97566    -0.0108471   -0.00184288      0.999939      0.469346
     0.999931   -0.00456241     0.0108197       0.13551    0.00454944      0.999989    0.00122314      -3.89624    -0.0108251   -0.00117383      0.999941      0.455241
     0.999931   -0.00454806     0.0108259      0.141951    0.00453212      0.999989    0.00149636       -3.9564    -0.0108326    -0.0014472       0.99994        0.4761
     0.999931   -0.00454546     0.0107905      0.138073    0.00453626      0.999989   0.000877096      -3.90348    -0.0107944  -0.000828087      0.999941      0.473672
     0.999932     -0.004486     0.0107506       0.13972    0.00447406      0.999989    0.00113474      -3.96642    -0.0107556   -0.00108657      0.999942      0.496048
     0.999931   -0.00459271     0.0107671      0.135666    0.00458301      0.999989   0.000925245      -3.91974    -0.0107713  -0.000875836      0.999942      0.481056
     0.999933   -0.00448598     0.0106268       0.13343    0.00447215      0.999989    0.00132487      -3.94257    -0.0106326   -0.00127726      0.999943      0.496811
     0.999932   -0.00433756     0.0108297      0.120677    0.00432077      0.999989    0.00157283      -3.93472    -0.0108364   -0.00152593       0.99994      0.517104
     0.999934   -0.00423909     0.0106419      0.119675    0.00420044      0.999985    0.00365169      -4.02613    -0.0106573   -0.00360675      0.999937      0.603099
     0.999936   -0.00411109     0.0105419      0.108773    0.00408988       0.99999    0.00203339       -3.8835    -0.0105502   -0.00199015      0.999942      0.544985
     0.999935   -0.00422467     0.0105948        0.1242    0.00419788      0.999988    0.00255002      -4.01767    -0.0106054   -0.00250537      0.999941      0.582106
     0.999933   -0.00448168     0.0106736      0.130725    0.00446009      0.999988    0.00204608      -3.94668    -0.0106827   -0.00199834      0.999941      0.559785
     0.999932   -0.00435757     0.0108236      0.132507    0.00433425      0.999988    0.00217771       -3.9748     -0.010833   -0.00213065      0.999939      0.562808
     0.999933   -0.00450234     0.0106711      0.137712    0.00448175      0.999988    0.00195258      -3.97896    -0.0106797   -0.00190462      0.999941      0.558537
     0.999933   -0.00422082     0.0107539      0.134333    0.00419226      0.999988    0.00267639      -3.99391     -0.010765   -0.00263113      0.999939      0.561877
     0.999934   -0.00432884      0.010656      0.129227    0.00430454      0.999988    0.00230175      -3.94995    -0.0106658   -0.00225573      0.999941      0.571236
     0.999932   -0.00423697     0.0108203      0.121787    0.00421059      0.999988    0.00245891       -3.9688    -0.0108306   -0.00241319      0.999938      0.583796
     0.999934   -0.00429677     0.0106843      0.124698    0.00427756      0.999989    0.00181965      -3.94503     -0.010692   -0.00177382      0.999941      0.571491
     0.999934   -0.00431952     0.0106667      0.126474    0.00430067      0.999989    0.00178973      -3.97489    -0.0106743   -0.00174374      0.999942      0.588722
     0.999932   -0.00449336      0.010753      0.128423    0.00447882      0.999989      0.001376      -3.94321     -0.010759   -0.00132775      0.999941      0.586213
     0.999933    -0.0044435     0.0106983      0.132815    0.00442237      0.999988    0.00199877      -3.99553    -0.0107071   -0.00195133      0.999941      0.608221
     0.999932   -0.00437238     0.0107909      0.128388    0.00435418      0.999989    0.00170951      -3.94618    -0.0107983   -0.00166241       0.99994      0.599961
     0.999935   -0.00418202     0.0106348      0.129726    0.00415535      0.999988    0.00252778      -4.03232    -0.0106453   -0.00248343       0.99994      0.624752
     0.999934   -0.00431854      0.010603      0.126392    0.00429156      0.999987    0.00256606      -3.97437     -0.010614   -0.00252039       0.99994      0.609401
     0.999932   -0.00436044     0.0108087      0.124375    0.00433978      0.999989    0.00193389      -3.91597     -0.010817   -0.00188685       0.99994      0.589646
     0.999933    -0.0043337     0.0107144      0.124951    0.00430627      0.999987    0.00258194      -4.03348    -0.0107255   -0.00253563      0.999939      0.612426
     0.999934   -0.00433238     0.0106053      0.125681    0.00430562      0.999987    0.00254482       -3.9843    -0.0106162   -0.00249899      0.999941      0.621524
     0.999934   -0.00423621     0.0106834      0.122268    0.00420961      0.999988    0.00251183      -3.97757    -0.0106939   -0.00246669       0.99994         0.628
     0.999932   -0.00444141     0.0107869      0.132238    0.00441757      0.999988    0.00223336       -4.0027    -0.0107967   -0.00218556      0.999939      0.636641
      0.99993   -0.00458083     0.0109447      0.131816     0.0045612      0.999988    0.00181802      -3.96101    -0.0109529   -0.00176797      0.999938      0.628122
     0.999929   -0.00457497     0.0109704      0.132299     0.0045533      0.999988    0.00199995      -4.01928    -0.0109794   -0.00194985      0.999938      0.656648
      0.99993   -0.00455952     0.0109623      0.124404    0.00454098      0.999988    0.00171548      -3.96587      -0.01097   -0.00166558      0.999938      0.655908
     0.999932   -0.00449506     0.0107905      0.119042    0.00446929      0.999987    0.00241105      -4.03089    -0.0108012   -0.00236266      0.999939      0.681261
     0.999939   -0.00432589     0.0101216      0.114992    0.00429448      0.999986     0.0031233      -3.90634     -0.010135   -0.00307965      0.999944       0.51539
     0.999942   -0.00437308    0.00985796      0.141037    0.00434079      0.999985    0.00329496      -3.95873   -0.00987223   -0.00325198      0.999946       0.45683
     0.999939   -0.00445934     0.0101129      0.145832    0.00442863      0.999986    0.00305694      -3.91598    -0.0101263   -0.00301196      0.999944      0.485983
     0.999939   -0.00437526     0.0101583      0.158938    0.00434244      0.999985    0.00325106      -3.96205    -0.0101724   -0.00320675      0.999943      0.505369
      0.99994   -0.00415075     0.0101635      0.143752    0.00411658      0.999986     0.0033806      -3.93725    -0.0101774   -0.00333856      0.999943      0.520882
      0.99994   -0.00423345      0.010118      0.144708    0.00420083      0.999986    0.00324262       -3.9281    -0.0101316   -0.00319992      0.999944      0.515496
      0.99994   -0.00408398     0.0101205      0.136857    0.00405104      0.999986    0.00327264       -3.9282    -0.0101338   -0.00323145      0.999943      0.517362
     0.999939   -0.00403955     0.0102632      0.139974    0.00400932      0.999988    0.00296448      -3.93994    -0.0102751   -0.00292315      0.999943      0.504645
     0.999939    -0.0041834     0.0101795      0.143254     0.0041556      0.999988    0.00274996      -3.93118    -0.0101908   -0.00270749      0.999944      0.499326
      0.99994   -0.00426985     0.0101019      0.150995    0.00424999      0.999989    0.00198747       -3.8899    -0.0101103   -0.00194442      0.999947      0.467603
     0.999938   -0.00440592     0.0102464      0.149664    0.00438013      0.999987    0.00253815      -3.95382    -0.0102575   -0.00249311      0.999944      0.495089
     0.999937   -0.00440759     0.0103293      0.150913    0.00438576      0.999988    0.00213505      -3.89655    -0.0103386   -0.00208962      0.999944      0.487383
     0.999938    -0.0043173     0.0103018       0.15081     0.0042886      0.999987     0.0028063      -3.98053    -0.0103138   -0.00276194      0.999943      0.524991
     0.999936   -0.00440053     0.0103834      0.148225    0.00437775      0.999988    0.00221532      -3.87717     -0.010393   -0.00216972      0.999944      0.518455
     0.999937   -0.00435118     0.0103499      0.149334    0.00431975      0.999986    0.00305731      -3.97459    -0.0103631   -0.00301241      0.999942      0.514045
      0.99994   -0.00456666    0.00997622      0.149219    0.00451955      0.999979    0.00473983      -3.95149   -0.00999765   -0.00469445      0.999939      0.590764
     0.999938   -0.00435462     0.0102295      0.137223    0.00431627      0.999984    0.00376807      -3.89123    -0.0102458   -0.00372369      0.999941       0.53985
     0.999941   -0.00423019    0.00999474      0.137692    0.00418583      0.999981    0.00445433      -3.98295    -0.0100134   -0.00441223       0.99994      0.552713
      0.99994   -0.00423617     0.0101467      0.140965    0.00420001      0.999985    0.00358197        -3.932    -0.0101617   -0.00353914      0.999942      0.521624
      0.99994   -0.00419675     0.0100785      0.146218    0.00416029      0.999985    0.00363642      -3.94144    -0.0100936   -0.00359428      0.999943      0.526195
     0.999942   -0.00409177    0.00994935      0.147117    0.00405515      0.999985    0.00369815      -3.96239   -0.00996433   -0.00365759      0.999944      0.530033
      0.99994   -0.00430582      0.010096      0.148979    0.00427446      0.999986     0.0031252       -3.9283    -0.0101093   -0.00308186      0.999944      0.515318
     0.999941   -0.00425744     0.0099967      0.146369    0.00422045      0.999984    0.00371781      -3.99464    -0.0100124    -0.0036754      0.999943      0.537547
      0.99994   -0.00440574     0.0100356      0.140462    0.00437385      0.999985    0.00319721      -3.91466    -0.0100496   -0.00315313      0.999945      0.526701
     0.999941   -0.00432219    0.00998109       0.14804    0.00428523      0.999984    0.00372174       -3.9948   -0.00999702   -0.00367875      0.999943      0.534046
     0.999939   -0.00431096     0.0102109      0.148798    0.00427471      0.999984    0.00356926      -3.92877    -0.0102261   -0.00352539      0.999941      0.520659
     0.999939   -0.00433545     0.0101531      0.152403    0.00429462      0.999983    0.00403967      -3.99504    -0.0101705   -0.00399582       0.99994      0.520355
     0.999938   -0.00448925     0.0102135      0.152523    0.00445381      0.999984    0.00348968      -3.90555     -0.010229   -0.00344398      0.999942      0.500687
     0.999937    -0.0044373     0.0102724      0.153308     0.0043995      0.999983    0.00369959      -3.97088    -0.0102887   -0.00365416       0.99994      0.509654
     0.999938   -0.00451029     0.0102059      0.154239    0.00447773      0.999985    0.00321077      -3.93796    -0.0102202   -0.00316487      0.999943      0.498311
     0.999937   -0.00445128     0.0102698      0.145825    0.00441295      0.999983    0.00375244      -3.98442    -0.0102863   -0.00370688       0.99994      0.510787
     0.999938   -0.00449363     0.0102118      0.151127     0.0044607      0.999985    0.00324532      -3.91167    -0.0102262   -0.00319956      0.999943      0.497686
     0.999938   -0.00433827     0.0102755       0.14278    0.00430065      0.999984    0.00368074      -3.99864    -0.0102913   -0.00363632       0.99994      0.518386
     0.999938   -0.00449806     0.0101855      0.140287    0.00446564      0.999985    0.00320381       -3.9265    -0.0101998   -0.00315813      0.999943      0.506478
     0.999937   -0.00440708      0.010313      0.136562    0.00436903      0.999984    0.00370898      -3.98918    -0.0103292   -0.00366369       0.99994      0.519123
     0.999936   -0.00451152     0.0104027      0.136553     0.0044803      0.999985     0.0030232      -3.89794    -0.0104162   -0.00297639      0.999941      0.485961
     0.999937   -0.00452233     0.0102289      0.143709     0.0044863      0.999984     0.0035431      -3.97618    -0.0102448   -0.00349699      0.999941      0.508786
     0.999937   -0.00442424     0.0103415      0.143202    0.00439234      0.999986    0.00310543      -3.88178    -0.0103551   -0.00305981      0.999942      0.484231
     0.999935   -0.00440689     0.0104794      0.150506    0.00437174      0.999985    0.00337539      -3.94301    -0.0104941   -0.00332935      0.999939      0.485894
     0.999937   -0.00447241     0.0103071      0.151369    0.00444324      0.999986    0.00285067      -3.87843    -0.0103197    -0.0028047      0.999943      0.477863
     0.999936   -0.00463163     0.0103373      0.156794    0.00460284      0.999985    0.00280788      -3.93262    -0.0103502   -0.00276012      0.999943      0.488801
     0.999937    -0.0045283     0.0102891      0.149047    0.00449763      0.999985    0.00300207      -3.93301    -0.0103026   -0.00295561      0.999943      0.517896
     0.999938   -0.00467507      0.010146       0.14962    0.00464443      0.999985    0.00304225      -3.91764      -0.01016   -0.00299493      0.999944      0.506789
     0.999937   -0.00451898     0.0102752      0.150134    0.00448406      0.999984    0.00341872      -3.97493    -0.0102905   -0.00337243      0.999941      0.514972
     0.999937   -0.00450489     0.0103279      0.148331    0.00447445      0.999986    0.00296811      -3.91939    -0.0103411   -0.00292171      0.999942      0.482727
     0.999936    -0.0045823     0.0103018      0.156787    0.00454703      0.999984    0.00344466      -3.97289    -0.0103175    -0.0033976      0.999941      0.514607
     0.999936   -0.00455953     0.0103172      0.153599    0.00452421      0.999984    0.00344399      -3.94283    -0.0103328    -0.0033971      0.999941      0.517361
     0.999938   -0.00465536     0.0101574      0.162449    0.00462123      0.999984    0.00338091      -3.92059     -0.010173   -0.00333376      0.999943       0.50073
     0.999937   -0.00456963     0.0102874      0.153064    0.00453476      0.999984    0.00341081      -3.92806    -0.0103028   -0.00336394      0.999941      0.508311
     0.999939   -0.00463121     0.0100089      0.160641    0.00459566      0.999983    0.00357252       -3.9666    -0.0100252    -0.0035263      0.999944      0.516558
     0.999936   -0.00465284     0.0103257      0.155465    0.00462064      0.999984    0.00313975      -3.87901    -0.0103402   -0.00309184      0.999942       0.49738
     0.999936   -0.00458569     0.0102948      0.152921    0.00454995      0.999984    0.00349198      -3.98908    -0.0103107   -0.00344491      0.999941       0.51435
     0.999935   -0.00481727      0.010366      0.157209    0.00478575      0.999984     0.0030639      -3.89785    -0.0103806   -0.00301409      0.999942      0.501406
     0.999935   -0.00473693     0.0104101      0.151283      0.004702      0.999983    0.00337783      -3.93104     -0.010426   -0.00332866       0.99994      0.500644
     0.999936   -0.00471174     0.0102855      0.155913     0.0046785      0.999984    0.00325342      -3.90935    -0.0103007   -0.00320509      0.999942      0.493817
     0.999935   -0.00460421     0.0104077      0.141485    0.00457376      0.999985    0.00294738      -3.88682    -0.0104211   -0.00289959      0.999941      0.478121
     0.999937   -0.00469615     0.0101481      0.148057    0.00466686      0.999985    0.00290832      -3.94065    -0.0101616   -0.00286077      0.999944      0.475815
     0.999937   -0.00466747     0.0102299      0.146757    0.00463735      0.999985    0.00296649      -3.92192    -0.0102436   -0.00291886      0.999943      0.463092
     0.999938   -0.00469338     0.0101265      0.148433    0.00466321      0.999985    0.00300152      -3.92784    -0.0101405   -0.00295411      0.999944      0.476746
     0.999937   -0.00458599     0.0102543      0.142024    0.00456292      0.999987    0.00227177      -3.88393    -0.0102646   -0.00222484      0.999945       0.47434
     0.999938   -0.00458077     0.0101505      0.140514    0.00455764      0.999987    0.00230097      -3.91975    -0.0101609   -0.00225457      0.999946      0.481849
     0.999937   -0.00448865     0.0103236      0.135345    0.00446147      0.999987    0.00265428      -3.94533    -0.0103353   -0.00260805      0.999943       0.49226
     0.999937    -0.0044494     0.0102736      0.127877    0.00442665      0.999988    0.00223581      -3.88241    -0.0102834    -0.0021902      0.999945      0.476486
     0.999938   -0.00448859     0.0101608      0.128454    0.00446058      0.999986    0.00277767      -3.96347    -0.0101731   -0.00273217      0.999945      0.483387
     0.999937   -0.00451426     0.0102769      0.130171    0.00448989      0.999987    0.00239339      -3.89122    -0.0102876    -0.0023471      0.999944      0.483777
     0.999938   -0.00462883     0.0101718      0.138746    0.00460189      0.999986    0.00267039      -3.95845     -0.010184   -0.00262342      0.999945      0.504589
     0.999937   -0.00465156     0.0101936       0.13861     0.0046267      0.999986    0.00246081      -3.90969    -0.0102049   -0.00241349      0.999945      0.501351
     0.999937   -0.00468041     0.0101632      0.141705    0.00466028      0.999987    0.00200276      -3.89042    -0.0101725   -0.00195527      0.999946      0.497072
     0.999936   -0.00456864     0.0103779       0.13449    0.00454686      0.999987    0.00212111      -3.89369    -0.0103875   -0.00207379      0.999944      0.488926
     0.999938   -0.00466141     0.0101549      0.140606    0.00463679      0.999986    0.00244694      -3.94595    -0.0101662    -0.0023997      0.999945      0.511911
     0.999939    -0.0046637     0.0100181      0.135359    0.00464003      0.999986    0.00238449      -3.88311    -0.0100291   -0.00233786      0.999947      0.491566
     0.999939   -0.00458478     0.0100803      0.135056    0.00455667      0.999986    0.00280965      -3.93141     -0.010093   -0.00276355      0.999945      0.508374
     0.999937   -0.00463074     0.0102086      0.137562    0.00460587      0.999986    0.00245841      -3.85223    -0.0102199   -0.00241124      0.999945      0.503484
     0.999937   -0.00465679     0.0102047      0.142064    0.00462881      0.999985    0.00276427      -3.93438    -0.0102174   -0.00271686      0.999944       0.51008
     0.999935   -0.00463892     0.0103862       0.13981     0.0046122      0.999986    0.00259457      -3.87102    -0.0103981    -0.0025465      0.999943      0.516343
     0.999936   -0.00466511     0.0102831      0.142314    0.00464517      0.999987    0.00196281      -3.88284    -0.0102922   -0.00191491      0.999945      0.509363
     0.999936   -0.00461075     0.0102849      0.135883    0.00458681      0.999987    0.00234981      -3.89742    -0.0102956   -0.00230248      0.999944      0.528304
     0.999937   -0.00461689     0.0102777      0.129958     0.0045943      0.999987    0.00222023      -3.86129    -0.0102878   -0.00217287      0.999945      0.519696
     0.999938    -0.0047284     0.0101042      0.138501      0.004702      0.999985    0.00263527      -3.92333    -0.0101166    -0.0025876      0.999945      0.542896
     0.999937   -0.00466921     0.0101731      0.135426    0.00464325      0.999986    0.00257394      -3.90011     -0.010185   -0.00252654      0.999945      0.544455
     0.999937   -0.00471624     0.0101496      0.138631    0.00469337      0.999986    0.00227658      -3.88252    -0.0101602    -0.0022288      0.999946      0.519507
     0.999936   -0.00472973     0.0102674      0.130423    0.00470412      0.999986    0.00251656      -3.91826    -0.0102791    -0.0024681      0.999944      0.500687
     0.999937   -0.00462937     0.0102183      0.130197    0.00460848      0.999987    0.00206679      -3.88421    -0.0102278   -0.00201957      0.999946      0.493429
     0.999939   -0.00460554     0.0100747       0.13178    0.00458322      0.999987    0.00223699      -3.93172    -0.0100849   -0.00219068      0.999947      0.517999
     0.999939   -0.00457061     0.0100112      0.125292    0.00455329      0.999988    0.00175251      -3.84762    -0.0100191   -0.00170682      0.999948      0.503129
     0.999936   -0.00451862     0.0103488        0.1233    0.00449599      0.999987    0.00220867        -3.915    -0.0103587     -0.002162      0.999944      0.513325
     0.999937   -0.00472707     0.0101387      0.133653    0.00470678      0.999987    0.00202397      -3.91152    -0.0101481   -0.00197612      0.999947       0.51133
     0.999936   -0.00468066     0.0102718      0.125673    0.00465648      0.999986      0.002377      -3.92922    -0.0102827   -0.00232902      0.999944      0.518317
     0.999935   -0.00475774     0.0103771       0.13411    0.00473544      0.999986    0.00217219      -3.91996    -0.0103873   -0.00212291      0.999944      0.514371
     0.999934   -0.00472225     0.0105152      0.132226    0.00469776      0.999986    0.00235286      -3.91613    -0.0105262    -0.0023033      0.999942      0.509785
     0.999934   -0.00468654     0.0104592      0.135199    0.00466514      0.999987    0.00206909      -3.91267    -0.0104688   -0.00202016      0.999943      0.519992
     0.999933   -0.00475864     0.0105075      0.131433    0.00474099      0.999987    0.00170378      -3.91957    -0.0105155   -0.00165385      0.999943      0.520079
     0.999934   -0.00478218     0.0104384      0.129314      0.004765      0.999987    0.00167032      -3.90679    -0.0104463   -0.00162047      0.999944      0.512359
     0.999936   -0.00475809     0.0102648      0.128439     0.0047401      0.999987    0.00177569       -3.9192    -0.0102731   -0.00172692      0.999946      0.505571
     0.999934   -0.00476169     0.0104939      0.124888    0.00474569      0.999988    0.00154909      -3.89112    -0.0105012   -0.00149919      0.999944      0.497032
     0.999936   -0.00470667     0.0103068       0.12735    0.00468357      0.999986    0.00226435      -3.94907    -0.0103173   -0.00221593      0.999944      0.511878
     0.999935   -0.00473313     0.0103414      0.129122    0.00471402      0.999987    0.00187112      -3.86763    -0.0103501   -0.00182225      0.999945      0.505506
     0.999936   -0.00462122     0.0102864      0.129848    0.00459815      0.999987    0.00226508      -3.94132    -0.0102967   -0.00221764      0.999945      0.519184
     0.999937   -0.00467213     0.0102039       0.12785    0.00465288      0.999987    0.00190951      -3.85547    -0.0102127   -0.00186191      0.999946      0.511059
     0.999935   -0.00473934     0.0103688      0.130565    0.00471634      0.999986    0.00224151      -3.90171    -0.0103793   -0.00219246      0.999944      0.520558
      0.99993   -0.00456191      0.010895      0.105108    0.00452888      0.999985     0.0030546       -3.7754    -0.0109088   -0.00300504      0.999936      0.459841
     0.999934   -0.00469917     0.0105095      0.119843    0.00466269      0.999983    0.00349306      -3.96997    -0.0105257   -0.00344383      0.999939      0.511462
