# 3dvolreg matrices (DICOM-to-DICOM, row-by-row):
     0.999998    -0.0018578  -0.000713077    -0.0668232    0.00185807      0.999998   0.000370716    -0.0410918   0.000712387   -0.00037204             1      0.343929
     0.999999   -0.00117445   0.000206261     -0.133932    0.00117441      0.999999   0.000190301    -0.0464547  -0.000206484  -0.000190059             1      0.239503
            1   5.28552e-11  -1.40781e-10   -9.0463e-09  -5.28552e-11             1    3.3771e-11  -8.20751e-10   1.40781e-10   -3.3771e-11             1  -5.01217e-09
     0.999997   -0.00195617   -0.00119828    -0.0740712    0.00195868      0.999996    0.00209738     -0.148959    0.00119417   -0.00209972      0.999997      0.553582
     0.999997   -0.00215901     -0.001169    -0.0356654    0.00216131      0.999996    0.00197565    -0.0523426    0.00116473   -0.00197817      0.999997      0.512541
     0.999996   -0.00241321   -0.00114687     -0.102058    0.00241561      0.999995    0.00209529   -0.00735817     0.0011418   -0.00209806      0.999997      0.518327
     0.999997   -0.00217052   -0.00106297   -0.00478573    0.00217151      0.999997   0.000929238   -0.00582455    0.00106095  -0.000931544      0.999999      0.371538
     0.999997   -0.00199123   -0.00143548    -0.0581689    0.00199205      0.999998   0.000568626    -0.0116172    0.00143435  -0.000571484      0.999999      0.308458
     0.999996   -0.00247862   -0.00164127    -0.0593327    0.00247947      0.999997   0.000517184    -0.0871083    0.00163999  -0.000521252      0.999999       0.32593
     0.999996   -0.00225725   -0.00145757    -0.0859636    0.00225873      0.999997     0.0010161      0.021031    0.00145527   -0.00101939      0.999998      0.304547
     0.999998   -0.00172832   -0.00114244    0.00239366     0.0017285      0.999998   0.000161875     0.0546537    0.00114216  -0.000163849      0.999999      0.157866
     0.999997   -0.00211797   -0.00139727    -0.0496089    0.00211898      0.999997   0.000718968    -0.0926403    0.00139575  -0.000721926      0.999999      0.242474
     0.999996   -0.00217368   -0.00151647    -0.0539586    0.00217516      0.999997   0.000971072    0.00976664    0.00151435  -0.000974368      0.999998      0.284856
     0.999996   -0.00215173   -0.00169298    -0.0095866    0.00215253      0.999998   0.000467587     0.0578058    0.00169197   -0.00047123      0.999998      0.226913
     0.999997   -0.00179485   -0.00169406    -0.0649846    0.00179541      0.999998   0.000328061      -0.02017    0.00169347  -0.000331102      0.999999      0.267024
     0.999997   -0.00184224   -0.00158748    -0.0712669    0.00184262      0.999998   0.000235702    -0.0626733    0.00158704  -0.000238627      0.999999       0.27997
     0.999997   -0.00182492   -0.00182945    -0.0137191    0.00182457      0.999998  -0.000193114     0.0800162     0.0018298   0.000189776      0.999998      0.277286
     0.999997   -0.00145406   -0.00217601   -0.00379788    0.00145326      0.999999   -0.00037022      0.039698    0.00217655   0.000367057      0.999998      0.263491
     0.999996   -0.00200446   -0.00213135     0.0265926    0.00200542      0.999998   0.000450864     -0.173067    0.00213044  -0.000455136      0.999998      0.231373
     0.999996   -0.00211574    -0.0018177    -0.0698739    0.00211616      0.999998   0.000232812     0.0744589     0.0018172  -0.000236658      0.999998      0.244754
     0.999997   -0.00186193   -0.00169765    -0.0220748    0.00186231      0.999998   0.000225528    0.00215584    0.00169723  -0.000228688      0.999999      0.205396
     0.999997   -0.00165199   -0.00188732    -0.0158135    0.00165124      0.999999  -0.000395422     0.0204733    0.00188798   0.000392304      0.999998      0.188292
     0.999996   -0.00187989   -0.00198082    -0.0331824    0.00188027      0.999998   0.000192402    -0.0607321    0.00198045  -0.000196126      0.999998      0.229094
     0.999996   -0.00211292   -0.00168456    -0.0663436    0.00211368      0.999998   0.000449879     0.0561434     0.0016836  -0.000453438      0.999998      0.181292
     0.999997   -0.00177775   -0.00147686     0.0153344    0.00177738      0.999998  -0.000255112      0.095941    0.00147731   0.000252486      0.999999      0.167501
     0.999996   -0.00200024   -0.00196347    -0.0107581    0.00200173      0.999998   0.000759713     -0.151923    0.00196194   -0.00076364      0.999998      0.194564
     0.999995   -0.00253221   -0.00204813    -0.0376281    0.00253496      0.999996    0.00134072    -0.0342177    0.00204473    -0.0013459      0.999997      0.195314
     0.999993   -0.00307748   -0.00207115    -0.0311526    0.00308022      0.999994    0.00132426     0.0399133    0.00206706   -0.00133063      0.999997      0.256202
     0.999993   -0.00272405   -0.00249078    -0.0161509    0.00272871      0.999995     0.0018721    -0.0531576    0.00248567   -0.00187888      0.999995      0.170271
     0.999991   -0.00251507   -0.00332007     0.0196942    0.00251909      0.999996    0.00120773    -0.0395522    0.00331702   -0.00121608      0.999994      0.124583
     0.999991   -0.00304655   -0.00285476    0.00100327    0.00305334      0.999993    0.00237682      -0.14183     0.0028475   -0.00238551      0.999993      0.139344
      0.99999   -0.00293213   -0.00324948   -0.00464971    0.00293615      0.999995    0.00123193     0.0173822    0.00324585   -0.00124146      0.999994      0.107147
     0.999989   -0.00258946   -0.00380686     0.0158986    0.00259613      0.999995    0.00174775    -0.0703914    0.00380231   -0.00175761      0.999991      0.154468
     0.999999   -0.00125801   0.000216644     -0.094154    0.00125813      0.999999  -0.000564341     0.0839443  -0.000215934   0.000564613             1      0.620797
     0.999998   -0.00177335   1.10799e-05    -0.0268636    0.00177335      0.999998   0.000203647    -0.0309753   -1.1441e-05  -0.000203627             1      0.584329
     0.999998   -0.00189312   0.000237606     -0.183586    0.00189319      0.999998  -0.000294346     0.0295153  -0.000237048   0.000294795             1       0.51515
     0.999999   -0.00152938   0.000223191    -0.0617419    0.00152957      0.999998  -0.000822145     0.0392064  -0.000221933   0.000822485             1      0.413657
     0.999999   -0.00127603   7.15559e-05     -0.134383    0.00127611      0.999999    -0.0010979     0.0109158  -7.01549e-05    0.00109799      0.999999      0.392711
     0.999999   -0.00123128   0.000509899     -0.144864    0.00123185      0.999999   -0.00111447    0.00366468  -0.000508526    0.00111509      0.999999       0.39632
     0.999997   -0.00221638    0.00085988      -0.11455    0.00222016      0.999988   -0.00441192     0.0538157  -0.000850091    0.00441381       0.99999    -0.0126554
     0.999998   -0.00121844   -0.00161395     -0.129881    0.00121867      0.999999   0.000138093      0.127796    0.00161378   -0.00014006      0.999999      0.283745
     0.999996   -0.00124333   -0.00251123     -0.086995    0.00123583      0.999995   -0.00298775      0.115186    0.00251494    0.00298463      0.999992      0.257491
     0.999997   -0.00259694  -3.55999e-05     0.0406601    0.00259703      0.999993    0.00273335     -0.141575   2.85013e-05   -0.00273343      0.999996      0.543435
     0.999997   -0.00241717  -0.000458135     -0.100366    0.00241919      0.999987    0.00446364    -0.0414839    0.00044734   -0.00446473       0.99999      0.651686
     0.999999   -0.00125666   -0.00106676    -0.0851465     0.0012579      0.999999    0.00116207   0.000270733     0.0010653   -0.00116341      0.999999      0.339839
     0.999999  -0.000899632   -0.00114243    -0.0244096   0.000900862      0.999999    0.00107604    -0.0343939    0.00114146   -0.00107707      0.999999      0.264092
     0.999999  -0.000889446   -0.00134939    -0.0391902   0.000891479      0.999998    0.00150654    -0.0633036    0.00134805   -0.00150774      0.999998      0.259491
     0.999999  -0.000539222   -0.00114694    -0.0810637   0.000541729      0.999997    0.00218671      -0.10594    0.00114575   -0.00218733      0.999997      0.324023
            1  -0.000177055  -0.000834099    -0.0370343   0.000178165      0.999999    0.00133048    0.00318404   0.000833862   -0.00133062      0.999999      0.238463
     0.999999   0.000705632  -0.000709116    -0.0699174  -0.000706115             1  -0.000680478     0.0553306   0.000708636   0.000680978             1      0.236458
     0.999976    0.00177411    -0.0067014     -0.124856   -0.00176455      0.999997    0.00143298     -0.165856    0.00670393   -0.00142112      0.999977       1.28168
     0.999998   -0.00219697  -1.33783e-05    -0.0121373    0.00219701      0.999979    0.00614087     -0.290406  -1.13276e-07   -0.00614089      0.999981      0.867358
     0.999993   -0.00298166    0.00232295     -0.417777    0.00298506      0.999994   -0.00146182       0.25149   -0.00231857    0.00146874      0.999996      -0.46683
     0.999999   -0.00157905   0.000338834     -0.292114    0.00158017      0.999993   -0.00334058      0.182485  -0.000333557    0.00334111      0.999994     -0.370563
     0.999999   -0.00103123   0.000280678     0.0269322    0.00103064      0.999997    0.00208486     -0.104881  -0.000282827   -0.00208457      0.999998      0.415017
            1  -4.61007e-05   0.000793406     -0.181435   4.43949e-05      0.999998    0.00214995      0.050422  -0.000793503   -0.00214991      0.999997      0.277754
     0.999999  -0.000427049    0.00136539     -0.126876   0.000425081      0.999999    0.00144122     -0.083564   -0.00136601   -0.00144064      0.999998      0.249065
     0.999994   0.000798948    0.00337321     -0.101689  -0.000835107      0.999942     0.0107318     -0.102043   -0.00336445    -0.0107346      0.999937      0.735491
     0.999996    -0.0022351   -0.00195267     0.0130794    0.00223029      0.999994   -0.00246286      0.138719    0.00195816    0.00245849      0.999995      0.132515
     0.999996   -0.00252577  -0.000834032     -0.049957    0.00252682      0.999996    0.00126157     -0.139723   0.000830842   -0.00126367      0.999999      0.351048
     0.999996   -0.00277627    -0.0003761     -0.248569    0.00277555      0.999994   -0.00190139     0.0181166   0.000381377    0.00190033      0.999998      0.101691
     0.999997   -0.00231952   0.000383309     -0.067549    0.00232233      0.999969    -0.0075158      0.257391  -0.000365864    0.00751667      0.999972    -0.0870556
     0.999998   -0.00148068   -0.00129395     0.0287119    0.00148037      0.999999  -0.000245508      0.011875    0.00129431   0.000243592      0.999999      0.577194
     0.999996   -0.00167439   -0.00218354    -0.0609876     0.0016746      0.999999   9.70756e-05    -0.0854248    0.00218338  -0.000100732      0.999998      0.425292
     0.999995   -0.00173787   -0.00246093      0.117282    0.00174683      0.999992    0.00364622     -0.210136    0.00245457    -0.0036505       0.99999      0.483573
     0.999994   -0.00176118   -0.00311019     -0.163022    0.00176821      0.999996    0.00226138      0.140461     0.0031062   -0.00226686      0.999993      0.649048
     0.999995   -0.00194075   -0.00241633    0.00343026    0.00194248      0.999998   0.000717707    -0.0098059    0.00241494  -0.000722398      0.999997      0.578361
     0.999997   -0.00164305    -0.0018439    -0.0143777    0.00164506      0.999998     0.0010908     0.0158473    0.00184211   -0.00109383      0.999998      0.530325
     0.999997   -0.00100413   -0.00202792     0.0765524    0.00100301      0.999999  -0.000556411     0.0795762    0.00202848   0.000554376      0.999998      0.284908
     0.999997  -0.000872455   -0.00218688    -0.0142067   0.000872783             1   0.000148911    -0.0722277    0.00218675  -0.000150819      0.999998      0.288016
     0.999997   -0.00103689   -0.00199066    -0.0119449    0.00103765      0.999999   0.000382034   -0.00634931    0.00199026  -0.000384099      0.999998      0.246195
     0.999996   -0.00169413   -0.00211079    -0.0196869    0.00169479      0.999999   0.000312677     0.0797541    0.00211026  -0.000316253      0.999998      0.317093
     0.999996   -0.00129035   -0.00258293     0.0323496    0.00129022      0.999999  -5.25714e-05     0.0474703      0.002583   4.92386e-05      0.999997      0.270671
     0.999995   -0.00124359   -0.00280492    0.00190623    0.00124475      0.999999   0.000410477    -0.0588477    0.00280441  -0.000413966      0.999996       0.33676
     0.999993   -0.00122867   -0.00364909      0.109058    0.00123875      0.999995    0.00276276     -0.134051    0.00364568   -0.00276726       0.99999      0.366206
     0.999985  -0.000761795   -0.00545392    -0.0376709   0.000787323      0.999989    0.00467994      -0.29341     0.0054503   -0.00468416      0.999974       1.23139
     0.999998   -0.00186309  -0.000152253    -0.0545603    0.00186351      0.999994    0.00282237      0.245732   0.000146993   -0.00282265      0.999996      0.599397
     0.999995   -0.00315606   0.000908152     -0.177841    0.00315774      0.999993   -0.00184658      0.313146  -0.000902318    0.00184944      0.999998     -0.347725
            1  -0.000980122   0.000109797    -0.0788813   0.000981145      0.999952   -0.00973549     -0.194466   -0.00010025    0.00973559      0.999953      0.145138
     0.999998    -0.0020871   0.000644677     -0.281348    0.00208375      0.999985    0.00515977    -0.0989467  -0.000655436   -0.00515841      0.999986      0.306658
     0.999999   -0.00131176    0.00024731    -0.0623445    0.00131183      0.999999   -0.00029308     0.0631017  -0.000246925   0.000293404             1      0.354852
     0.999999   -0.00145872  -0.000179132     0.0108316    0.00145865      0.999999  -0.000355694     0.0777743   0.000179651   0.000355432             1      0.253889
     0.999999   -0.00152598  -0.000416239    -0.0694266    0.00152606      0.999999    0.00017411    -0.0792095   0.000415973  -0.000174745             1      0.219949
     0.999998   -0.00177745  -0.000372299     -0.100636     0.0017776      0.999998   0.000408719    0.00542661   0.000371572   -0.00040938             1      0.193009
     0.999999   -0.00163266  -3.41944e-05    -0.0345453    0.00163268      0.999999   0.000573238     0.0747036   3.32584e-05  -0.000573293             1      0.261364
     0.999998   -0.00182506   -0.00107809     -0.101373    0.00182672      0.999997    0.00154343     0.0852151    0.00107527    -0.0015454      0.999998      0.577579
     0.999998   -0.00190847   -0.00115396    0.00213286    0.00191204      0.999993      0.003104    -0.0873807    0.00114803    -0.0031062      0.999995      0.550449
     0.999997   -0.00203229   -0.00103897    -0.0731673    0.00203601      0.999991     0.0035908    -0.0719553    0.00103167   -0.00359291      0.999993      0.518301
     0.999997    -0.0020664   -0.00149137   -0.00388202    0.00207127      0.999992    0.00327263    -0.0369338     0.0014846   -0.00327571      0.999994      0.553787
     0.999997   -0.00193085   -0.00145478    -0.0820757    0.00193498      0.999994     0.0028394    -0.0711559    0.00144929   -0.00284221      0.999995      0.440131
     0.999997   -0.00206007   -0.00142215    -0.0257026    0.00206526      0.999991     0.0036535     -0.109779    0.00141461   -0.00365643      0.999992      0.428331
     0.999998   -0.00181167   -0.00119835    -0.0598851    0.00181511      0.999994    0.00287264    -0.0567645    0.00119314   -0.00287481      0.999995      0.366917
     0.999999   -0.00149875  -0.000827165    -0.0946774    0.00150101      0.999995    0.00273755     -0.102345   0.000823058   -0.00273879      0.999996      0.310741
     0.999999  -0.000983534     0.0005476     -0.149385   0.000981923      0.999995    0.00293525     -0.161608  -0.000550484   -0.00293471      0.999996      0.114055
     0.999999  -0.000980489   0.000795073    -0.0560528   0.000978397      0.999996     0.0026265    -0.0678833  -0.000797645   -0.00262572      0.999996     0.0693639
     0.999999   -0.00140351   0.000430061    -0.0684793    0.00140246      0.999996    0.00243319    -0.0744157  -0.000433475   -0.00243258      0.999997       0.16184
     0.999999   -0.00155889   0.000697632    -0.0998978    0.00155674      0.999994    0.00308353     -0.139175  -0.000702435   -0.00308244      0.999995      0.124588
     0.999999   -0.00112537   0.000654163    -0.0905034    0.00112421      0.999998     0.0017742     0.0595266  -0.000656159   -0.00177346      0.999998      0.255324
     0.999999   -0.00122888   0.000412528    -0.0510062    0.00122755      0.999994    0.00321314     -0.224113  -0.000416475   -0.00321263      0.999995      0.172819
     0.999998   -0.00154708   -0.00106112    -0.0163705    0.00155068      0.999993    0.00339552    -0.0907353    0.00105586   -0.00339716      0.999994     0.0685818
     0.999998     -0.001792  -0.000704319   -0.00727882    0.00179548      0.999986    0.00496505     -0.127831   0.000695411    -0.0049663      0.999987      0.154412
     0.999998   -0.00186327  -0.000705698    -0.0785461    0.00186334      0.999998   9.78615e-05     0.0321544   0.000705514  -9.91763e-05             1      0.434288
     0.999999  -0.000753576   -0.00132144    -0.0823081     0.0007527      0.999999  -0.000663267     0.0135001    0.00132194   0.000662271      0.999999      0.276834
     0.999998   -0.00178316  -0.000314306    -0.0613508    0.00178291      0.999998  -0.000781552     0.0684933   0.000315699    0.00078099             1      0.393342
     0.999998   -0.00205427   0.000157529     -0.119394    0.00205442      0.999997  -0.000952588     0.0616327  -0.000155572   0.000952909             1      0.361131
     0.999999   -0.00147316  -2.24411e-05    -0.0875442    0.00147311      0.999997    -0.0018088      0.106155   2.51057e-05    0.00180877      0.999998      0.320813
     0.999999   -0.00128112  -2.96987e-05     -0.120016    0.00128109      0.999999   -0.00110117    -0.0461104   3.11094e-05    0.00110113      0.999999      0.244598
     0.999999   -0.00131063   0.000878653     -0.173072    0.00131179      0.999998   -0.00131938     0.0491878  -0.000876922    0.00132053      0.999999      0.162581
     0.999999   -0.00146725   0.000621655    -0.0330453    0.00146875      0.999996    -0.0024234      0.146536  -0.000618097    0.00242431      0.999997      0.234214
     0.999999   -0.00155516   0.000449282      -0.12187     0.0015558      0.999998   -0.00141587    -0.0115669  -0.000447079    0.00141657      0.999999      0.218349
     0.999998   -0.00210411   0.000733374     -0.102689    0.00210513      0.999997   -0.00140224     0.0687798  -0.000730422    0.00140378      0.999999      0.229383
     0.999999   -0.00165112  -0.000431008     -0.081752    0.00164943      0.999991   -0.00389214      0.244163   0.000437431    0.00389142      0.999992      0.441805
     0.999998   -0.00176405   0.000863619     -0.183182    0.00176526      0.999997   -0.00139684      0.121088  -0.000861152    0.00139836      0.999999      0.372898
     0.999997   -0.00197309    0.00136432     0.0657492    0.00196424      0.999977    0.00646274    -0.0972573   -0.00137704   -0.00646004      0.999978      0.519475
     0.999996   -0.00253475   -0.00132672     -0.073842    0.00253706      0.999995    0.00174785    -0.0445634    0.00132228   -0.00175121      0.999998      0.423305
     0.999996    -0.0025306   -0.00150924    -0.0560212    0.00253442      0.999994    0.00253409    -0.0402303    0.00150282   -0.00253791      0.999996      0.483107
     0.999995   -0.00280887   -0.00116299    -0.0757368    0.00281149      0.999994    0.00225231    -0.0549848    0.00115666   -0.00225557      0.999997      0.314932
     0.999995   -0.00293643   -0.00142464    -0.0325344    0.00293659      0.999996   0.000110321     0.0555392    0.00142431  -0.000114504      0.999999      0.190428
     0.999995   -0.00280532   -0.00132804    -0.0806486    0.00280722      0.999995    0.00143495     -0.114364    0.00132401   -0.00143867      0.999998      0.255878
     0.999995   -0.00284406   -0.00146062    -0.0600732     0.0028471      0.999994     0.0020832    -0.0122904    0.00145469   -0.00208735      0.999997      0.361092
     0.999984   -0.00257125   -0.00511313    -0.0863092    0.00258819      0.999991    0.00330936     -0.176144    0.00510457   -0.00332253      0.999981      0.754353
     0.999996   -0.00283236   0.000163656     -0.126421    0.00283258      0.999995   -0.00134166       0.15412  -0.000159855    0.00134212      0.999999    -0.0314217
     0.999998  -0.000953699    0.00163396     -0.127015   0.000957261      0.999997   -0.00218065     0.0670302   -0.00163188    0.00218221      0.999996      0.197428
     0.999998   -0.00162534    0.00142765    -0.0172036    0.00162796      0.999997   -0.00183749    -0.0276712   -0.00142466    0.00183981      0.999997     0.0952385
     0.999997   -0.00193448    0.00118209     -0.115732    0.00193716      0.999996   -0.00226516      0.127805    -0.0011777    0.00226745      0.999997     0.0346466
     0.999998   -0.00185625   -9.9293e-05    -0.0604755    0.00185632      0.999998   0.000790252    -0.0413015   9.78259e-05  -0.000790435             1      0.344062
     0.999998   -0.00087011     0.0017744     -0.138488   0.000871049      0.999999    -0.0005286     0.0918569   -0.00177394   0.000530144      0.999998      0.143878
     0.999998  -0.000854822    0.00166353     -0.172472    0.00085484             1  -1.00847e-05     -0.134204   -0.00166352   1.15067e-05      0.999999     -0.022475
     0.999997   -0.00242176  -0.000416738     -0.133918    0.00242204      0.999997   0.000682284   -0.00714604   0.000415084  -0.000683292             1      0.335239
     0.999998   -0.00219073    0.00021916    -0.0828872    0.00219065      0.999998   0.000339498     0.0885235  -0.000219904  -0.000339017             1      0.340505
     0.999998   -0.00219097  -3.48253e-05    -0.0972711    0.00219099      0.999997   0.000622266      -0.05213   3.34619e-05  -0.000622341             1      0.341739
     0.999999    -0.0015627   0.000107682      -0.10219    0.00156257      0.999998    0.00117028    -0.0447333  -0.000109511   -0.00117011      0.999999      0.308572
     0.999999   -0.00155825   -0.00019039     -0.181639    0.00155859      0.999997     0.0018141    -0.0295216   0.000187563   -0.00181439      0.999998       0.50056
     0.999998    -0.0015365  -0.000974002     -0.105173    0.00153698      0.999999   0.000493925    -0.0378616   0.000973241  -0.000495422      0.999999      0.304358
            1  -0.000922746  -0.000127871       -0.1028   0.000922688      0.999999  -0.000449823     0.0559923   0.000128286   0.000449705             1      0.592858
     0.999999  -0.000906327   0.000794467    -0.0846776    0.00090642             1   -0.00011584     0.0942195  -0.000794362    0.00011656             1      0.531349
     0.999999  -0.000680696    0.00113827     -0.123813   0.000681536      0.999999  -0.000738021     0.0397309   -0.00113777   0.000738796      0.999999      0.533097
     0.999999  -0.000915724     0.0010227     -0.125733   0.000914776      0.999999   0.000927585     -0.080253   -0.00102354  -0.000926649      0.999999      0.572453
            1  -0.000801829   0.000214136    -0.0792076    0.00080125      0.999996    0.00268899    -0.0560986  -0.000216291   -0.00268882      0.999996       1.02017
     0.999999   -0.00166718   0.000390656     -0.101913    0.00166703      0.999999   0.000387368      0.171678  -0.000391301  -0.000386716             1     0.0802595
     0.999998   -0.00196953   0.000490773     -0.117072    0.00196906      0.999998   0.000957756     -0.168929  -0.000492658  -0.000956788      0.999999    -0.0709342
     0.999998   -0.00186635   -8.1392e-05    -0.0697721    0.00186635      0.999998   6.25736e-05     0.0451196    8.1275e-05  -6.27254e-05             1      0.393501
     0.999999   -0.00128094   0.000246212     -0.086168    0.00128105      0.999999  -0.000460313     0.0824592  -0.000245622   0.000460628             1      0.356008
     0.999999   -0.00128266   0.000424743      -0.12221    0.00128272      0.999999   -0.00013568     -0.075191  -0.000424569   0.000136225             1         0.239
     0.999999   -0.00147319   0.000722977     -0.123689    0.00147366      0.999999  -0.000649185     0.0766546   -0.00072202   0.000650249             1      0.207804
     0.999999    -0.0014621   0.000883451     -0.136993     0.0014626      0.999999  -0.000558091     0.0186855  -0.000882634   0.000559382      0.999999      0.189917
     0.999998    -0.0019013    0.00114911    -0.0281592    0.00190184      0.999998  -0.000467128     0.0783579   -0.00114822   0.000469312      0.999999      0.284472
     0.999998   -0.00191695   0.000997991     -0.135931    0.00191698      0.999998  -2.37966e-05    0.00302804  -0.000997943   2.57097e-05             1      0.322883
     0.999998   -0.00204245    0.00067824     -0.113216     0.0020416      0.999997     0.0012544    -0.0233332    -0.0006808   -0.00125301      0.999999      0.307997
     0.999998   -0.00172663    0.00087041     -0.100524    0.00172621      0.999998   0.000488364     0.0460642  -0.000871252   -0.00048686             1      0.328017
     0.999998   -0.00172695   0.000987852     -0.147931    0.00172674      0.999998   0.000218856    0.00343463  -0.000988228   -0.00021715      0.999999      0.334971
     0.999998   -0.00158228    0.00144118     -0.191568     0.0015822      0.999999    5.8488e-05    -0.0541096   -0.00144127  -5.62076e-05      0.999999      0.250919
     0.999998   -0.00146475    0.00121535     -0.119295    0.00146477      0.999999  -1.74967e-05     0.0322233   -0.00121532   1.92768e-05      0.999999      0.235762
     0.999998   -0.00157963    0.00136429    -0.0800059    0.00158075      0.999998  -0.000818993     0.0643584     -0.001363   0.000821148      0.999999      0.332205
     0.999998   -0.00168696    0.00137084     -0.153804    0.00168731      0.999999  -0.000256456    -0.0406517   -0.00137041   0.000258768      0.999999      0.322218
     0.999998   -0.00168034      0.001379     -0.141069    0.00167957      0.999998   0.000558586    -0.0459239   -0.00137993  -0.000556269      0.999999       0.24664
     0.999998   -0.00161924    0.00125421    -0.0836646    0.00161911      0.999999   0.000103368     0.0716625   -0.00125438  -0.000101337      0.999999      0.237914
     0.999998   -0.00163658    0.00117208     -0.145926     0.0016373      0.999998  -0.000616402     0.0143588   -0.00117107   0.000618319      0.999999      0.231882
     0.999997   -0.00201827    0.00116515     -0.103513    0.00201796      0.999998   0.000267538    -0.0367332   -0.00116568  -0.000265186      0.999999      0.225468
     0.999998   -0.00173318    0.00124237     -0.139708    0.00173222      0.999998    0.00077452     0.0258929   -0.00124372  -0.000772366      0.999999      0.230681
     0.999998    -0.0015993    0.00112903     -0.146721    0.00159892      0.999999   0.000333384     0.0485177   -0.00112956  -0.000331579      0.999999      0.223715
     0.999998   -0.00139788    0.00149534     -0.209895    0.00139742      0.999999   0.000307517    -0.0679147   -0.00149577  -0.000305427      0.999999      0.143069
     0.999998   -0.00155038    0.00130659    -0.0754601    0.00155076      0.999999  -0.000289919     0.0763671   -0.00130613   0.000291944      0.999999     0.0997873
     0.999997   -0.00130027     0.0018295     -0.186817    0.00130103      0.999999  -0.000416095     -0.022687   -0.00182895   0.000418474      0.999998     0.0773684
     0.999998   -0.00130465    0.00167508     -0.148883    0.00130474      0.999999  -5.11235e-05     0.0245186   -0.00167502   5.33089e-05      0.999999     0.0697942
     0.999997     -0.001394    0.00209302     -0.101423     0.0013964      0.999998     -0.001146     0.0514488   -0.00209142    0.00114892      0.999997      0.126871
     0.999998   -0.00152822    0.00155275     -0.101483    0.00153003      0.999998   -0.00116037     0.0883984   -0.00155098    0.00116275      0.999998      0.250271
     0.999997   -0.00169141     0.0015192     -0.159264    0.00169149      0.999999  -5.45235e-05    -0.0882109   -0.00151911   5.70931e-05      0.999999      0.165244
     0.999997   -0.00172994    0.00157775     -0.161871    0.00172924      0.999998   0.000440533     0.0403159   -0.00157851  -0.000437803      0.999999      0.179518
     0.999997    -0.0016792     0.0017437    -0.0950335    0.00167915      0.999999   3.33863e-05     0.0394411   -0.00174375  -3.04583e-05      0.999998      0.234768
     0.999998    -0.0015916    0.00144968      -0.11199    0.00159271      0.999998  -0.000763947     0.0809755   -0.00144846   0.000766254      0.999999      0.279454
     0.999996   -0.00219647    0.00151592     -0.317342    0.00219774      0.999997  -0.000839826    -0.0785309   -0.00151407   0.000843155      0.999998      0.328013
     0.999996   -0.00257753    0.00106388    -0.0233615    0.00257662      0.999996   0.000848382      0.065313   -0.00106606  -0.000845637      0.999999      0.274194
     0.999996   -0.00232007   -0.00131496     0.0409437    0.00232078      0.999997   0.000536255     0.0271633    0.00131371  -0.000539304      0.999999       0.37503
     0.999997   -0.00228036   -0.00089669      -0.19662    0.00228069      0.999997   0.000362087    -0.0488246   0.000895862  -0.000364131             1      0.491725
     0.999994  -0.000926239   -0.00321094      0.209274   0.000928887      0.999999   0.000823087    -0.0265564    0.00321017  -0.000826065      0.999995      0.338622
     0.999998    -0.0015348   -0.00126019    -0.0534842    0.00153808      0.999995    0.00259983    -0.0237356    0.00125619   -0.00260176      0.999996      0.207474
     0.999998   -0.00162539    -0.0010019     0.0228202    0.00162576      0.999999   0.000373251    -0.0128136     0.0010013   -0.00037488      0.999999      0.158283
     0.999996   -0.00238291   -0.00173539    -0.0178645    0.00238508      0.999996    0.00125271     -0.184687     0.0017324   -0.00125684      0.999998      0.159338
