# 3dvolreg matrices (DICOM-to-DICOM, row-by-row):
     0.999981   -0.00277427    0.00554363      0.512501    0.00263986      0.999706     0.0241083      0.116956   -0.00560888    -0.0240932      0.999694      -3.32371
     0.999978   -0.00320455    0.00578116      0.531318    0.00306029      0.999688     0.0247924     -0.026478   -0.00585881    -0.0247742      0.999676      -3.24322
     0.999977   -0.00346429     0.0058764      0.478642    0.00331786      0.999688      0.024747      0.123314    -0.0059603     -0.024727      0.999676      -3.20914
     0.999981   -0.00276731    0.00557997      0.433568    0.00262817      0.999689     0.0247915      0.140112   -0.00564684    -0.0247764      0.999677      -3.25211
     0.999986   -0.00225402    0.00481699      0.567698    0.00214015      0.999721     0.0235146      0.226866   -0.00486865     -0.023504      0.999712      -3.32008
     0.999987   -0.00272062    0.00423336       0.53907    0.00261712      0.999702     0.0242639     0.0105621   -0.00429811    -0.0242525      0.999697      -3.26336
     0.999985   -0.00330339    0.00439208       0.53354    0.00319174      0.999678     0.0251905     0.0941481   -0.00447388    -0.0251761      0.999673       -3.2353
     0.999982   -0.00354977    0.00476853      0.495091     0.0034282      0.999675     0.0252638       0.14808   -0.00485667     -0.025247      0.999669       -3.2071
     0.999982   -0.00343583    0.00491173       0.52022      0.003312      0.999682     0.0249999      0.134511   -0.00499607    -0.0249832      0.999675      -3.26131
     0.999984   -0.00292666    0.00482751       0.57174    0.00280896      0.999703     0.0242096      0.177332   -0.00489693    -0.0241957      0.999695      -3.34726
     0.999984   -0.00342236     0.0044498      0.501353    0.00331068      0.999685     0.0248679     0.0371433   -0.00453351    -0.0248527      0.999681      -3.28317
     0.999982   -0.00351716    0.00493748      0.473413     0.0033933      0.999685     0.0248733      0.185381    -0.0050234    -0.0248561      0.999678       -3.2409
     0.999981   -0.00352962    0.00500137      0.576406    0.00340664      0.999697     0.0243883      0.184616   -0.00508594    -0.0243708       0.99969      -3.26609
     0.999981   -0.00375802    0.00490506      0.511069    0.00363476      0.999683     0.0249016     0.0715995   -0.00499709    -0.0248833      0.999678      -3.21636
     0.999979    -0.0040008     0.0051553      0.521416    0.00387249      0.999688     0.0246646      0.182804   -0.00525237    -0.0246441      0.999682      -3.21732
     0.999981   -0.00360152    0.00492761      0.525537    0.00348246      0.999707     0.0239622       0.19265   -0.00501246    -0.0239446      0.999701       -3.1965
     0.999979   -0.00428121    0.00493445      0.490973    0.00415665      0.999679     0.0249834     0.0259703   -0.00503983    -0.0249623      0.999676      -3.17612
     0.999977   -0.00411818    0.00533199      0.496658    0.00398569      0.999689     0.0246257      0.205824   -0.00543175    -0.0246038      0.999683      -3.20127
      0.99998   -0.00376301    0.00504685      0.514774    0.00364239      0.999712     0.0237002      0.160791   -0.00513459    -0.0236814      0.999706      -3.17694
     0.999978   -0.00422732    0.00503317      0.481445    0.00410132      0.999684     0.0247881     0.0165297   -0.00513637     -0.024767       0.99968      -3.19017
     0.999979   -0.00379769     0.0052906      0.533472    0.00366743      0.999695     0.0244165      0.239307   -0.00538172    -0.0243966      0.999688      -3.24102
      0.99998    -0.0036976    0.00508893      0.527838    0.00357557      0.999711      0.023783      0.169577    -0.0051754    -0.0237643      0.999704      -3.22135
     0.999978   -0.00449386    0.00485994      0.484651    0.00437038      0.999675     0.0251261     0.0623691   -0.00497127    -0.0251043      0.999672       -3.1902
     0.999978   -0.00443861    0.00500664      0.488137    0.00430666      0.999651     0.0260646      0.185146   -0.00512058    -0.0260424      0.999648      -3.21572
     0.999981   -0.00359464    0.00507834      0.544569    0.00347251      0.999709     0.0238575      0.207074   -0.00516262    -0.0238394      0.999702      -3.32386
      0.99998   -0.00399911    0.00487977      0.504712    0.00387674      0.999684     0.0248335     0.0346936   -0.00497754     -0.024814       0.99968      -3.25966
     0.999978   -0.00446646    0.00485589      0.460312    0.00434136      0.999666     0.0254755      0.183536   -0.00496806    -0.0254538      0.999664      -3.22784
     0.999978   -0.00437422    0.00507734      0.544376    0.00424351      0.999666     0.0254753      0.142816   -0.00518709    -0.0254532      0.999663      -3.26537
     0.999979   -0.00413277    0.00490685          0.51       0.00401      0.999685     0.0247721      0.135739   -0.00500768     -0.024752      0.999681      -3.27018
     0.999979   -0.00427707    0.00485537      0.506253    0.00415097      0.999661     0.0256918      0.111515   -0.00496361    -0.0256712      0.999658      -3.25586
      0.99998   -0.00374852    0.00505667      0.524876    0.00362743      0.999711     0.0237478      0.247373   -0.00514423     -0.023729      0.999705       -3.2266
     0.999982   -0.00430022    0.00407157      0.461031    0.00420749      0.999738     0.0225169   0.000516135   -0.00416733    -0.0224993      0.999738      -3.22114
     0.999976   -0.00510548     0.0046657      0.485478    0.00500229      0.999748     0.0218673      0.295621   -0.00477617    -0.0218434       0.99975      -3.27614
     0.999981    -0.0047101     0.0039708      0.550573    0.00462473      0.999764     0.0212415      0.283401   -0.00406991    -0.0212227      0.999766      -3.44307
     0.999991   -0.00375629    0.00206054      0.470933    0.00372888      0.999907     0.0131476      0.525081   -0.00210973    -0.0131398      0.999911      -3.80798
     0.999965   -0.00266761     0.0079731      0.472767    0.00246847      0.999687     0.0248831   -0.00213946   -0.00803698    -0.0248625      0.999659        -3.358
     0.999968   -0.00402586    0.00696325      0.518546    0.00382278      0.999574     0.0289355     0.0171559   -0.00707678    -0.0289079      0.999557      -3.19885
     0.999986    -0.0024266    0.00465352      0.543703    0.00231344      0.999705     0.0241701      0.161353    -0.0047108     -0.024159      0.999697      -3.10028
     0.999984    -0.0025825     0.0051208      0.574808     0.0024484      0.999658      0.026022      0.122808   -0.00518625     -0.026009      0.999648       -3.0149
     0.999984   -0.00261881    0.00510904      0.488213    0.00249305      0.999697     0.0244688      0.177304   -0.00517157    -0.0244556      0.999688      -3.45307
     0.999987   -0.00179422     0.0048002      0.521088    0.00167969      0.999716      0.023758      0.174222   -0.00484147    -0.0237496      0.999706      -3.63357
     0.999985   -0.00238255    0.00492974      0.584203    0.00226212      0.999702     0.0242917     0.0543525   -0.00498615    -0.0242801      0.999693      -3.44392
     0.999984   -0.00239227    0.00503022      0.500759    0.00226802      0.999696      0.024564      0.166379   -0.00508745    -0.0245522      0.999686      -3.30072
     0.999987    -0.0021714     0.0046246      0.513405    0.00205368      0.999678     0.0253093     0.0764651   -0.00467806    -0.0252994      0.999669      -3.28929
     0.999988   -0.00169381    0.00452461      0.518374    0.00157845      0.999677     0.0253784      0.123249   -0.00456613     -0.025371      0.999668      -3.47987
     0.999987   -0.00180109    0.00481081      0.571246    0.00167237      0.999644     0.0266279    -0.0068709   -0.00485706    -0.0266195      0.999634       -3.2858
     0.999987   -0.00188028    0.00470012      0.522517    0.00175878      0.999668     0.0257242     0.0954941   -0.00474692    -0.0257156      0.999658      -3.25556
     0.999989   -0.00111294    0.00446669      0.575536    0.00100396      0.999704     0.0243264      0.169884   -0.00449244    -0.0243216      0.999694      -3.38365
     0.999989   -0.00137012    0.00446457      0.557188    0.00126153      0.999705     0.0242363     0.0305573   -0.00449646    -0.0242304      0.999696      -3.31655
     0.999986    -0.0020958    0.00478058      0.598281    0.00197701      0.999692     0.0247201     0.0651361   -0.00483092    -0.0247103      0.999683        -3.268
     0.999987   -0.00233161    0.00458641      0.506116    0.00221434      0.999675     0.0254095      0.135717   -0.00464416     -0.025399      0.999667      -3.21253
     0.999987   -0.00225843    0.00453291      0.522532     0.0021422      0.999673     0.0254856     0.0844275   -0.00458899    -0.0254756      0.999665      -3.18517
     0.999987   -0.00202401    0.00472697       0.54103    0.00190657      0.999693     0.0247175      0.148307   -0.00477555    -0.0247082      0.999683      -3.22473
     0.999986    -0.0014651    0.00505376      0.545275    0.00134885      0.999736     0.0229299      0.182102   -0.00508602    -0.0229228      0.999724      -3.43416
     0.999986   -0.00171418    0.00499407      0.563253    0.00159095      0.999697     0.0245756     0.0272345   -0.00503468    -0.0245673      0.999686      -3.31262
     0.999987    -0.0021061    0.00470046      0.549416     0.0019843      0.999666     0.0257686      0.127238   -0.00475316    -0.0257589      0.999657      -3.17539
     0.999986    -0.0021799    0.00475307      0.549527    0.00205916      0.999679     0.0252605      0.111314   -0.00480661    -0.0252503       0.99967      -3.14769
     0.999987   -0.00206334    0.00458473      0.545114    0.00194753      0.999682     0.0251238      0.123666   -0.00463512    -0.0251146      0.999674       -3.2235
     0.999987   -0.00225889    0.00456125      0.570679    0.00214345      0.999681     0.0251581      0.108119   -0.00461663     -0.025148      0.999673      -3.21578
     0.999986   -0.00251207    0.00471666       0.56071    0.00239284      0.999682     0.0251178     0.0371932   -0.00477826    -0.0251061      0.999673      -3.10968
      0.99999   -0.00218125    0.00387599      0.523351    0.00208751      0.999709     0.0240278      0.231724   -0.00392728    -0.0240194      0.999704      -3.25345
     0.999991   -0.00244348    0.00340806      0.547809    0.00236412       0.99973        0.0231     0.0807206   -0.00346359    -0.0230918      0.999727      -3.22337
     0.999989   -0.00294122    0.00362688      0.624438    0.00285221        0.9997      0.024306     0.0640202   -0.00369728    -0.0242954      0.999698      -3.18658
      0.99999   -0.00266957    0.00350876      0.527405    0.00258118      0.999685     0.0249573      0.134138   -0.00357428     -0.024948      0.999682      -3.12313
      0.99999   -0.00291699    0.00347276       0.58156    0.00282957      0.999685     0.0249191      0.134788   -0.00354435     -0.024909      0.999683      -3.09017
      0.99999   -0.00246961    0.00367188      0.579269    0.00238007      0.999705     0.0241911      0.166092   -0.00373053    -0.0241822      0.999701      -3.19013
     0.999991   -0.00255661    0.00328311      0.594905    0.00247569      0.999699     0.0244193     0.0525258   -0.00334456    -0.0244109      0.999696      -3.20235
     0.999992   -0.00241704    0.00318854      0.570341    0.00233576      0.999678     0.0252553     0.0513697   -0.00324856    -0.0252477      0.999676      -3.10343
     0.999991    -0.0018378    0.00370226      0.542134    0.00174496      0.999688     0.0249246      0.173933   -0.00374691     -0.024918      0.999682      -3.24757
      0.99999   -0.00237288    0.00380764      0.597683    0.00227548      0.999675      0.025383     0.0549926   -0.00386664    -0.0253741      0.999671      -3.19728
      0.99999   -0.00258356    0.00366702      0.557902    0.00249243      0.999693     0.0246415      0.136554   -0.00372956    -0.0246321       0.99969      -3.12612
      0.99999   -0.00258904    0.00363164      0.576777    0.00249809      0.999689     0.0248291      0.113583   -0.00369479    -0.0248198      0.999685      -3.10168
     0.999991   -0.00217115    0.00364267      0.563882     0.0020805      0.999693     0.0247067      0.141732   -0.00369519    -0.0246989      0.999688      -3.13234
      0.99999   -0.00244952    0.00370852      0.588137    0.00235506      0.999678     0.0252654     0.0222801   -0.00376921    -0.0252564      0.999674      -3.12927
      0.99999   -0.00238474    0.00369807      0.553497    0.00229237       0.99969     0.0247834      0.120822   -0.00375603    -0.0247747      0.999686      -3.14987
     0.999989   -0.00197671    0.00415056      0.575454    0.00187909      0.999725      0.023395      0.207939   -0.00419567     -0.023387      0.999718      -3.23104
     0.999989   -0.00263231    0.00375659      0.581568    0.00253345      0.999657     0.0260826    -0.0133836   -0.00382396    -0.0260728      0.999653      -3.04054
      0.99999   -0.00201416    0.00411328      0.547064     0.0019109      0.999687     0.0249561     0.0725319   -0.00416225     -0.024948       0.99968      -3.18503
      0.99999   -0.00215898    0.00398389      0.581295    0.00206407      0.999718     0.0236758      0.138425   -0.00403388    -0.0236674      0.999712      -3.40075
     0.999988    -0.0022103    0.00427977      0.556557    0.00211004      0.999726     0.0232913     0.0958026   -0.00433008     -0.023282       0.99972      -3.35625
     0.999988   -0.00291504    0.00386704      0.569898     0.0028205      0.999702     0.0242326     0.0932885   -0.00393652    -0.0242214      0.999699      -3.25304
     0.999988   -0.00297053    0.00391057      0.541417    0.00287401      0.999697       0.02446      0.186646   -0.00398205    -0.0244484      0.999693      -3.22818
     0.999989   -0.00265047     0.0038009      0.557337    0.00255762      0.999703      0.024229       0.16745   -0.00386399     -0.024219      0.999699      -3.28275
      0.99999   -0.00166781    0.00424649      0.559853    0.00157033      0.999738     0.0228564      0.162359    -0.0042835    -0.0228494       0.99973      -3.35378
     0.999991   -0.00198724    0.00370177       0.58869    0.00189326       0.99968     0.0252217    -0.0224609   -0.00375071    -0.0252145      0.999675      -3.34543
     0.999989   -0.00252717    0.00394987      0.586687    0.00242704      0.999681     0.0251527      0.151887   -0.00401218    -0.0251429      0.999676      -3.24415
      0.99999   -0.00254172    0.00376123      0.576463    0.00244448      0.999668     0.0256354       0.10998   -0.00382514    -0.0256259      0.999664      -3.21904
     0.999989   -0.00267441     0.0039585      0.462085    0.00257725        0.9997     0.0243505     -0.137248   -0.00402244      -0.02434      0.999696      -3.29774
     0.999945   -0.00102322     0.0104267      0.478332   0.000812932      0.999797     0.0201524       0.50087    -0.0104452    -0.0201428      0.999743      -3.51045
      0.99999   -0.00406942    0.00168738      0.887668    0.00402065      0.999601     0.0279679      0.140418   -0.00180052    -0.0279609      0.999607      -3.20563
     0.999979   -0.00457131     0.0046554      0.387913     0.0044657      0.999738      0.022449     -0.116766    -0.0047568    -0.0224278      0.999737      -3.23537
     0.999987   -0.00351581    0.00362205      0.587782    0.00343098      0.999726     0.0231652      0.137661    -0.0037025    -0.0231525      0.999725      -3.28375
      0.99998   -0.00498293    0.00378145       0.60092     0.0048896      0.999693     0.0243012      0.176886   -0.00390138    -0.0242823      0.999698      -3.20517
      0.99998   -0.00507336    0.00374769      0.493796    0.00498179      0.999698     0.0240509      0.167999   -0.00386858    -0.0240317      0.999704      -3.17556
     0.999978   -0.00555838    0.00375162      0.583063    0.00546584      0.999691     0.0242418       0.23889   -0.00388521    -0.0242208      0.999699      -3.29062
     0.999974   -0.00624479    0.00359185      0.513727    0.00615793        0.9997     0.0237033      0.121822    -0.0037388    -0.0236805      0.999713      -3.30488
     0.999981   -0.00209056    0.00583801      0.463819    0.00194834      0.999704     0.0242618      0.125083     -0.005887      -0.02425      0.999689      -3.29015
     0.999981    -0.0022897      0.005664      0.568176    0.00215724      0.999727     0.0232815      0.165659   -0.00571576    -0.0232689      0.999713      -3.34109
     0.999984   -0.00222753    0.00514411      0.513232    0.00210236      0.999705     0.0242106     0.0958293   -0.00519652    -0.0241994      0.999694      -3.29465
     0.999984   -0.00221083     0.0052654      0.522145    0.00208514      0.999716     0.0237585      0.112712   -0.00531643    -0.0237471      0.999704      -3.21769
     0.999986   -0.00150319    0.00499547      0.532514    0.00139075      0.999747     0.0224365      0.263965   -0.00502793    -0.0224292      0.999736       -3.2486
     0.999991  -0.000844521    0.00406591      0.470162   0.000757226       0.99977     0.0214241      0.102049   -0.00408307    -0.0214208      0.999762      -3.14913
     0.999991   -0.00192443    0.00390827      0.665628    0.00183701      0.999751     0.0222488     0.0094215   -0.00395012    -0.0222414      0.999745      -3.10105
     0.999989   -0.00171542    0.00427527      0.584193    0.00161275      0.999713     0.0239027      0.185412   -0.00431504    -0.0238956      0.999705      -3.22171
      0.99999   -0.00108166     0.0042463      0.565238   0.000980682      0.999718     0.0237114      0.096912   -0.00427075    -0.0237071       0.99971      -3.22225
      0.99999   -0.00119753    0.00424395       0.55875    0.00109654      0.999718      0.023718      0.155442   -0.00427116    -0.0237131       0.99971      -3.17636
      0.99999   -0.00167735    0.00412791      0.612776    0.00158077      0.999727     0.0232902      0.206146   -0.00416585    -0.0232835       0.99972      -3.20851
     0.999991   -0.00200574    0.00365407      0.559313    0.00191945      0.999723     0.0234674     0.0836061   -0.00370013    -0.0234602      0.999718      -3.25489
     0.999992   -0.00210156    0.00333682      0.556994    0.00202419      0.999733     0.0230243      0.256728   -0.00338432    -0.0230174      0.999729      -3.34398
     0.999994    -0.0020566    0.00284907      0.584987    0.00199981      0.999802     0.0197956       0.32014   -0.00288921    -0.0197898        0.9998      -3.32892
     0.999972   -0.00400672    0.00629362      0.543192    0.00383726      0.999636     0.0267102    -0.0301293   -0.00639835    -0.0266853      0.999623      -3.24511
     0.999974   -0.00427051    0.00581364      0.481095    0.00411067      0.999621      0.027233     0.0941694   -0.00592773    -0.0272084      0.999612      -3.16858
     0.999975   -0.00413163    0.00574088      0.483502    0.00397854      0.999643      0.026426      0.118676   -0.00584801    -0.0264025      0.999634      -3.24925
     0.999978   -0.00395483    0.00541755      0.509474    0.00380856      0.999635     0.0267481      0.025044   -0.00552136    -0.0267269      0.999628      -3.32774
     0.999978   -0.00336132    0.00573322      0.453334      0.003203      0.999619     0.0274031    -0.0444455   -0.00582314    -0.0273842      0.999608      -3.32453
     0.999978   -0.00228827    0.00621693        0.4632    0.00212398      0.999652     0.0263058     -0.112281   -0.00627496     -0.026292      0.999635      -3.39058
     0.999957      -0.00251    0.00889881      0.436451     0.0023276      0.999788     0.0204483      0.122753   -0.00894825    -0.0204267      0.999751      -3.48747
     0.999989  -5.81375e-05    0.00458569      0.734564  -8.29778e-05      0.999527     0.0307668      0.386926    -0.0045853    -0.0307669      0.999516      -3.51994
     0.999978   -0.00275053     0.0059956      0.381179    0.00261477      0.999743     0.0225343     -0.205105   -0.00605604    -0.0225181      0.999728      -3.24088
     0.999983   -0.00332857    0.00476081      0.559954    0.00321757      0.999727     0.0231363      0.186398   -0.00483652    -0.0231206      0.999721      -3.19152
     0.999984   -0.00356275    0.00436436      0.509893    0.00345908      0.999717     0.0235343      0.213811   -0.00444698    -0.0235189      0.999714       -3.1931
     0.999982     -0.003579    0.00477383      0.557803    0.00346761      0.999726     0.0231404      0.198588   -0.00485534    -0.0231234      0.999721      -3.19729
     0.999984   -0.00367327    0.00439494      0.527623    0.00357132      0.999729     0.0229844      0.153133   -0.00447818    -0.0229683      0.999726      -3.19556
     0.999985   -0.00369012    0.00416003      0.537195     0.0035927      0.999725     0.0231864      0.105315   -0.00424444    -0.0231711      0.999723      -3.14218
     0.999983   -0.00381476    0.00439692      0.522412    0.00371519      0.999741     0.0224352      0.224132   -0.00448137    -0.0224185      0.999739      -3.15062
     0.999982    -0.0038449    0.00468558      0.545566    0.00374154      0.999754     0.0218705      0.224312   -0.00476851    -0.0218525       0.99975      -3.20907
     0.999984   -0.00379189    0.00420592      0.496848    0.00369564      0.999736     0.0226601      0.105148   -0.00429074    -0.0226442      0.999734      -3.19253
     0.999985   -0.00351262     0.0042313      0.537065     0.0034173      0.999745      0.022327      0.244188   -0.00430865    -0.0223122      0.999742       -3.1634
     0.999982   -0.00391205    0.00459456      0.569364    0.00380896      0.999746     0.0222354      0.254907   -0.00468038    -0.0222175      0.999742      -3.16467
     0.999981   -0.00416151    0.00450775      0.524218     0.0040605      0.999746     0.0221902      0.187349   -0.00459894    -0.0221715      0.999744      -3.17631
     0.999981    -0.0045677    0.00416781      0.497058    0.00447243      0.999735      0.022589      0.161251   -0.00426988    -0.0225699      0.999736      -3.15058
      0.99998   -0.00448886    0.00445547      0.556691    0.00438782      0.999739     0.0224344      0.282398   -0.00455501    -0.0224144      0.999738      -3.20224
      0.99998    -0.0044813    0.00437884       0.51955     0.0043826      0.999742     0.0222966      0.202074   -0.00447763    -0.0222769      0.999742      -3.21757
     0.999981   -0.00473045    0.00394668      0.522919    0.00463896      0.999728     0.0228761       0.12729   -0.00405382    -0.0228573      0.999731      -3.19039
     0.999981   -0.00433793    0.00433609      0.502363     0.0042389      0.999736     0.0225927      0.248622   -0.00443295    -0.0225739      0.999735      -3.22108
     0.999982   -0.00326003    0.00511462      0.501023    0.00315358      0.999781     0.0206861      0.306946   -0.00518094    -0.0206696      0.999773      -3.11655
     0.999983   -0.00338834    0.00481329      0.536671     0.0032512      0.999596     0.0282199     -0.103354   -0.00490696    -0.0282038       0.99959      -3.33089
      0.99998   -0.00305041    0.00555609       0.49821    0.00291818      0.999716     0.0236532      0.187298   -0.00562666    -0.0236366      0.999705      -3.43431
     0.999977   -0.00323276    0.00596764      0.494043    0.00309157      0.999719     0.0235186      0.197755   -0.00604199    -0.0234996      0.999706      -3.46338
     0.999977   -0.00316007    0.00607601      0.485765    0.00301684      0.999721       0.02344      0.147294   -0.00614838    -0.0234211      0.999707      -3.49006
     0.999974   -0.00327547    0.00634622      0.513427    0.00313197      0.999742     0.0224909      0.222887   -0.00641826    -0.0224704      0.999727      -3.55202
     0.999975   -0.00349492     0.0061603      0.487609    0.00334882      0.999717     0.0235701     0.0804391   -0.00624093    -0.0235489      0.999703      -3.50397
     0.999974   -0.00346518    0.00635101      0.475431    0.00331571      0.999721     0.0233972      0.235044   -0.00643032    -0.0233756      0.999706      -3.49519
     0.999975   -0.00352346    0.00617183      0.489042    0.00338011      0.999728     0.0230853      0.128549   -0.00625149    -0.0230639      0.999714      -3.47242
     0.999976   -0.00337353    0.00607964      0.481746      0.003229      0.999716     0.0236271      0.160712   -0.00615762    -0.0236069      0.999702      -3.49192
     0.999972   -0.00334311    0.00669031      0.503092    0.00319786      0.999761     0.0216059      0.282897   -0.00676094    -0.0215839      0.999744      -3.57358
     0.999972   -0.00355038    0.00653686      0.486515    0.00340207       0.99974     0.0225614      0.103261   -0.00661526    -0.0225385      0.999724      -3.52464
     0.999973   -0.00394149     0.0061401      0.478115     0.0037959      0.999716     0.0235458       0.17342   -0.00623116    -0.0235218      0.999704      -3.47167
     0.999975   -0.00378402    0.00598658      0.480113    0.00364169      0.999715      0.023611      0.171816   -0.00607422    -0.0235887      0.999703      -3.50346
     0.999974   -0.00311093    0.00644382      0.488752     0.0029681      0.999752     0.0220585      0.213462   -0.00651085    -0.0220388      0.999736       -3.6134
     0.999976   -0.00324702    0.00619711      0.495879    0.00310021      0.999718     0.0235551     0.0708621   -0.00627185    -0.0235353      0.999703       -3.6431
     0.999975   -0.00339848     0.0061711      0.480901    0.00324544      0.999691      0.024642       0.13298   -0.00625293    -0.0246213      0.999677      -3.54272
     0.999975   -0.00343804    0.00623616       0.51165    0.00328137      0.999683      0.024961      0.157792      -0.00632    -0.0249399      0.999669      -3.44138
     0.999973   -0.00322342    0.00662186      0.453156    0.00306837      0.999724     0.0232937       0.19725   -0.00669512    -0.0232728      0.999707      -3.67314
     0.999982   -0.00330142    0.00494023      0.527497     0.0031799      0.999697      0.024407     0.0653378   -0.00501931    -0.0243909       0.99969      -3.19753
     0.999983   -0.00330606    0.00480852      0.488106    0.00318748      0.999696     0.0244623      0.191561   -0.00488793    -0.0244466      0.999689      -3.23973
     0.999983   -0.00310534    0.00491451      0.554939    0.00298519      0.999701     0.0242703      0.141414   -0.00498841    -0.0242553      0.999693      -3.25174
     0.999984   -0.00274597    0.00499846      0.498641    0.00262576      0.999711     0.0238992      0.155313   -0.00506264    -0.0238857      0.999702       -3.2535
     0.999985   -0.00277322      0.004628      0.491669    0.00266169       0.99971     0.0239318     0.0655025   -0.00469303    -0.0239191      0.999703      -3.25853
     0.999986   -0.00196292    0.00491858      0.492701    0.00184748      0.999725     0.0233665      0.201246    -0.0049631     -0.023357      0.999715      -3.34189
     0.999986  -0.000972046    0.00510796      0.416622   0.000854175      0.999734     0.0230277     0.0524471   -0.00512899     -0.023023      0.999722      -3.49201
     0.999986  -0.000422989    0.00526145      0.604597   0.000304757      0.999748      0.022452      0.213555   -0.00526962    -0.0224501      0.999734      -3.54362
     0.999987   0.000212077    0.00514379      0.519037  -0.000318472      0.999786     0.0206922      0.193417    -0.0051383    -0.0206935      0.999773      -3.59286
     0.999976   -0.00459381    0.00526943      0.591906    0.00445537      0.999652     0.0259902    -0.0474742     -0.005387    -0.0259661      0.999648      -3.06759
     0.999975   -0.00415164    0.00565097      0.467058    0.00399754      0.999627     0.0270143      0.132265   -0.00576101     -0.026991      0.999619      -3.15823
     0.999976   -0.00423107    0.00543364      0.450503    0.00408119      0.999619     0.0273049   -0.00422899    -0.0055471    -0.0272821      0.999612      -2.91125
     0.999995  -0.000704041    0.00315147      0.585842   0.000621072      0.999655      0.026251     -0.127521   -0.00316886    -0.0262489       0.99965      -3.18955
     0.999985   -0.00216905    0.00508449       0.69905    0.00204645       0.99971     0.0239939       0.39928   -0.00513506    -0.0239831      0.999699      -3.58944
      0.99998   -0.00366389     0.0051844      0.498071    0.00353891      0.999708     0.0239128      0.152153    -0.0052705     -0.023894      0.999701      -3.66281
     0.999988   -0.00203837    0.00444781      0.248355    0.00194015      0.999757     0.0219759      0.182677   -0.00449152     -0.021967      0.999749        -3.269
     0.999983   -0.00104591    0.00566335      0.436072   0.000931479      0.999796     0.0201705      0.274632   -0.00568329    -0.0201649      0.999781      -3.48151
     0.999981   -0.00305569     0.0053451      0.684434    0.00291645      0.999661     0.0258655      0.107602   -0.00542232    -0.0258494      0.999651      -3.43369
     0.999985   -0.00325982    0.00433424      0.493454    0.00314365      0.999643     0.0265445     -0.013806   -0.00441922    -0.0265304      0.999638       -3.4824
     0.999982    -0.0035487    0.00491775      0.405202    0.00342553      0.999686     0.0248318      0.169208   -0.00500432    -0.0248145       0.99968      -3.34035
     0.999983   -0.00347451    0.00461183      0.606828    0.00335973       0.99969     0.0246661      0.113753   -0.00469611    -0.0246502      0.999685      -3.57005
     0.999988   -0.00270605    0.00412727      0.521438    0.00260805      0.999719     0.0235677      0.168777   -0.00418989    -0.0235567      0.999714      -3.59422
     0.999989   -0.00331509    0.00331235      0.589701    0.00323233       0.99969     0.0246881   -0.00584611   -0.00339317    -0.0246771       0.99969      -3.52891
     0.999989   -0.00327221    0.00327283      0.522705    0.00318891      0.999679     0.0251402      0.137826   -0.00335404    -0.0251294      0.999679      -3.67417
     0.999976   -0.00301848    0.00619346      0.493732    0.00286828      0.999705     0.0241176       0.11009   -0.00626443    -0.0240993       0.99969       -3.2016
