# 3dvolreg matrices (DICOM-to-DICOM, row-by-row):
     0.999998    0.00189533    0.00077984     -0.172849    -0.0018934      0.999995   -0.00246628     -0.173393   -0.00078451     0.0024648      0.999997     -0.530007
     0.999998    0.00165476   0.000849025     -0.175525   -0.00165271      0.999996   -0.00241855     -0.292127  -0.000853023    0.00241714      0.999997     -0.450819
     0.999998    0.00170174   0.000805633     -0.180401   -0.00169962      0.999995   -0.00262098      -0.10917  -0.000810089     0.0026196      0.999996     -0.457753
     0.999998    0.00181841    0.00069652     -0.174172     -0.001817      0.999996    -0.0020179     -0.234411  -0.000700187    0.00201664      0.999998     -0.472112
     0.999998    0.00177421   0.000695342     -0.172438   -0.00177263      0.999996   -0.00225577     -0.187165  -0.000699342    0.00225453      0.999997     -0.477672
     0.999998    0.00181605   0.000813004     -0.179824   -0.00181409      0.999995   -0.00240155     -0.166524  -0.000817362    0.00240007      0.999997     -0.480118
     0.999998    0.00174464    0.00065618     -0.175711   -0.00174291      0.999995   -0.00262471     -0.216118  -0.000660756    0.00262356      0.999996     -0.490757
     0.999998    0.00174151   0.000583032     -0.169162      -0.00174      0.999995   -0.00257428     -0.153102  -0.000587512    0.00257326      0.999997     -0.499638
     0.999998    0.00195046    0.00065717     -0.165219   -0.00194872      0.999995   -0.00264575     -0.160586  -0.000662327    0.00264447      0.999996     -0.513054
     0.999997    0.00213881    0.00102224      -0.18053   -0.00213566      0.999993    -0.0030768      -0.16516   -0.00102881    0.00307461      0.999995     -0.514336
     0.999996    0.00262237   0.000948663     -0.180661   -0.00261888       0.99999   -0.00365773    -0.0688304  -0.000958246    0.00365523      0.999993     -0.525076
     0.999996    0.00272024   0.000789781      -0.15782   -0.00271746       0.99999   -0.00350245     -0.137086  -0.000799301    0.00350029      0.999994     -0.523547
     0.999995    0.00299011   0.000761094     -0.162406   -0.00298762       0.99999   -0.00325552     -0.131041  -0.000770821    0.00325323      0.999994     -0.493236
     0.999994    0.00330581   0.000495904     -0.107067   -0.00330418      0.999989   -0.00324711    -0.0774951  -0.000506633    0.00324546      0.999995     -0.483169
     0.999995    0.00314055   0.000583967     -0.137634   -0.00313869       0.99999   -0.00315997     -0.159892  -0.000593885    0.00315812      0.999995      -0.49607
     0.999995    0.00302837   0.000663983     -0.141758   -0.00302616       0.99999   -0.00331344    -0.0779055   -0.00067401    0.00331142      0.999994     -0.484136
     0.999995    0.00315259   0.000610284     -0.144486   -0.00315068       0.99999   -0.00309689     -0.132083  -0.000620041    0.00309495      0.999995     -0.464089
     0.999996    0.00276936   0.000598648     -0.142465   -0.00276735      0.999991   -0.00334078    -0.0824904  -0.000607894    0.00333911      0.999994     -0.440715
     0.999996    0.00269859   0.000634067     -0.145532   -0.00269661      0.999992    -0.0030893     -0.164695  -0.000642399    0.00308757      0.999995     -0.425488
     0.999996    0.00277549   0.000450914     -0.135689   -0.00277386       0.99999   -0.00357134    -0.0413748  -0.000460821    0.00357007      0.999994     -0.486386
     0.999995     0.0029424   0.000585688     -0.151011   -0.00294043       0.99999   -0.00334419     -0.191834  -0.000595522    0.00334245      0.999994     -0.498895
     0.999995    0.00308304   0.000522153     -0.139757    -0.0030811      0.999989   -0.00367335    -0.0956299  -0.000533473    0.00367172      0.999993     -0.516737
     0.999995     0.0030289   0.000322062     -0.126075   -0.00302769      0.999989   -0.00369572    -0.0728455  -0.000333252    0.00369473      0.999993     -0.516987
     0.999996    0.00295657    0.00020022     -0.124546   -0.00295577      0.999988   -0.00385903     -0.111743  -0.000211627    0.00385843      0.999993     -0.503781
     0.999996    0.00298246     0.0001451     -0.122366   -0.00298181      0.999986    -0.0043032    -0.0121253  -0.000157932    0.00430275      0.999991      -0.51411
     0.999996    0.00275465   0.000107211     -0.119669   -0.00275419      0.999988   -0.00409469       -0.1196  -0.000118489    0.00409438      0.999992     -0.515962
     0.999996    0.00279199   0.000225977     -0.124166   -0.00279102      0.999987   -0.00416894    -0.0549486  -0.000237614    0.00416829      0.999991     -0.495267
     0.999996    0.00284842   0.000148043     -0.118644   -0.00284778      0.999987   -0.00416961     -0.052082  -0.000159918    0.00416917      0.999991      -0.48277
     0.999996      0.002814     7.553e-05     -0.120299   -0.00281368      0.999988   -0.00388466     -0.134471  -8.64606e-05    0.00388443      0.999992     -0.484991
     0.999996    0.00286075  -3.76735e-06     -0.104584   -0.00286074      0.999987   -0.00430328   -0.00907233  -8.54331e-06    0.00430327      0.999991     -0.489316
     0.999996    0.00298694  -0.000186801     -0.107485    -0.0029877      0.999987   -0.00416824     -0.112194   0.000174348    0.00416878      0.999991     -0.504472
     0.999995    0.00301387   5.71509e-05     -0.102403   -0.00301362      0.999988   -0.00389335    -0.0829301  -6.88843e-05    0.00389316      0.999992     -0.491102
     0.999996     0.0026934  -0.000520303     -0.107671   -0.00269542      0.999989   -0.00392161   -0.00502444   0.000509735      0.003923      0.999992     -0.498837
     0.999996    0.00276253   -0.00070208    -0.0783852   -0.00276536      0.999988   -0.00406077     -0.133276   0.000690853     0.0040627      0.999992     -0.452343
     0.999995    0.00318345  -0.000870356    -0.0717459   -0.00318761      0.999983   -0.00482076     0.0591691   0.000854995     0.0048235      0.999988     -0.434312
     0.999999    0.00151171   0.000709248      -0.16762   -0.00151074      0.999998   -0.00136963     -0.281757  -0.000711317    0.00136856      0.999999     -0.537628
     0.999999    0.00116728    0.00112819     -0.198012   -0.00116561      0.999998    -0.0014736     -0.222327   -0.00112991    0.00147228      0.999998     -0.561411
     0.999999      0.001024    0.00114808      -0.19757   -0.00102239      0.999998   -0.00140723     -0.272466   -0.00114952    0.00140606      0.999998     -0.565816
     0.999999   0.000960201    0.00127529     -0.216812    -0.0009584      0.999999   -0.00141217     -0.234265   -0.00127664    0.00141094      0.999998     -0.565967
     0.999999    0.00108194    0.00118885     -0.211516   -0.00107975      0.999998   -0.00183456     -0.162638   -0.00119083    0.00183328      0.999998     -0.587918
     0.999999    0.00111125    0.00122843      -0.21856   -0.00110936      0.999998   -0.00153625     -0.249437   -0.00123013    0.00153489      0.999998     -0.575648
     0.999999     0.0011453    0.00117447     -0.212908   -0.00114147      0.999994   -0.00325487      -0.12063   -0.00117819    0.00325353      0.999994       -0.6047
     0.999999    0.00111486    0.00103253      -0.17827   -0.00113337      0.999835     0.0181093     -0.923052   -0.00101217    -0.0181105      0.999835      -0.20979
     0.999999     0.0010957  -8.54734e-05     -0.121691   -0.00109512      0.999978    0.00654082     -0.659997   9.26383e-05   -0.00654072      0.999979     -0.314208
     0.999998    0.00206238   0.000624469     -0.166382   -0.00205998      0.999991   -0.00382187    -0.0960037  -0.000632345    0.00382057      0.999993     -0.558655
     0.999998     0.0017489   0.000945747     -0.178637    -0.0017452      0.999991   -0.00390611      -0.12316   -0.00095257    0.00390445      0.999992     -0.498084
     0.999998    0.00139444    0.00117656       -0.1927   -0.00138942       0.99999   -0.00425472    -0.0583953   -0.00118248    0.00425308       0.99999     -0.493159
     0.999998    0.00152459    0.00128742      -0.21429   -0.00151779      0.999985   -0.00526844     -0.088201   -0.00129544    0.00526648      0.999985     -0.502659
     0.999998    0.00201275   0.000219975     -0.148049   -0.00201216      0.999994   -0.00263873     -0.161315  -0.000225285    0.00263828      0.999996     -0.518807
     0.999998    0.00204307   0.000115745     -0.137953   -0.00204274      0.999994   -0.00277503     -0.229976  -0.000121414    0.00277479      0.999996     -0.525085
     0.999998    0.00211016   0.000196138     -0.125338   -0.00210916      0.999985   -0.00496887    -0.0569731   -0.00020662    0.00496844      0.999988     -0.534166
     0.999998    0.00182485   0.000300758     -0.152054    -0.0018243      0.999997   -0.00181101     -0.251651  -0.000304062    0.00181046      0.999998     -0.561542
     0.999998    0.00191092   0.000413975     -0.159567   -0.00190997      0.999996   -0.00229904     -0.208376  -0.000418367    0.00229824      0.999997     -0.606911
     0.999999    0.00145263   0.000189973     -0.172175   -0.00145204      0.999994   -0.00308685    -0.0745307  -0.000194456    0.00308657      0.999995     -0.748457
     0.999999    0.00123695   0.000130327     -0.141038   -0.00123642      0.999991   -0.00401682     -0.183494  -0.000135294    0.00401665      0.999992     -0.811022
     0.999998    0.00206771   0.000543243     -0.146289   -0.00206648      0.999995   -0.00225575     -0.193533  -0.000547905    0.00225462      0.999997     -0.488332
     0.999997    0.00216618   0.000693984     -0.166236   -0.00216511      0.999996   -0.00154401     -0.229746  -0.000697326     0.0015425      0.999999     -0.407168
     0.999997    0.00220417   0.000520422      -0.15773   -0.00220313      0.999996   -0.00197544     -0.213827  -0.000524774    0.00197428      0.999998     -0.384747
     0.999998    0.00156293    0.00102081     -0.147017   -0.00156818      0.999985    0.00516122     -0.427282   -0.00101273   -0.00516282      0.999986    -0.0592513
     0.999999    0.00172735   0.000112038     -0.143126    -0.0017272      0.999998   -0.00139464      -0.27276  -0.000114447    0.00139444      0.999999     -0.394122
     0.999998    0.00175722    0.00012768     -0.144402   -0.00175646      0.999982   -0.00574452     -0.082875  -0.000137772    0.00574429      0.999983     -0.657994
     0.999999     0.0016572   0.000391137     -0.156339   -0.00165604      0.999994   -0.00294379     -0.125066  -0.000396013    0.00294313      0.999996     -0.530558
     0.999999    0.00161802    0.00016205     -0.141339    -0.0016175      0.999994     -0.003138     -0.242865  -0.000167127    0.00313773      0.999995     -0.515576
     0.999999    0.00149769   4.86711e-05     -0.144652   -0.00149747       0.99999    -0.0041741    -0.0769848  -5.49221e-05    0.00417402      0.999991     -0.530755
     0.999999    0.00149278  -2.63574e-05     -0.130478   -0.00149288       0.99999   -0.00417189     -0.129052   2.01294e-05    0.00417192      0.999991     -0.523185
     0.999999    0.00143362  -4.24434e-05     -0.141508   -0.00143379       0.99999   -0.00432783     -0.115292   3.62385e-05    0.00432788      0.999991      -0.51441
     0.999999    0.00161596  -0.000137296     -0.130046   -0.00161663      0.999986   -0.00500144    -0.0393201   0.000129212    0.00500166      0.999987      -0.52448
     0.999997    0.00214163   0.000821394     -0.176243   -0.00213987      0.999995   -0.00214056     -0.245787  -0.000825974     0.0021388      0.999997     -0.541303
     0.999997    0.00221616   0.000863874     -0.153198   -0.00221318      0.999992   -0.00342849     -0.101632  -0.000871465    0.00342657      0.999994     -0.667685
     0.999998    0.00186075   3.96617e-05     -0.133794   -0.00186057       0.99999   -0.00416218    -0.0694352   -4.7406e-05     0.0041621      0.999991     -0.733916
     0.999999    0.00144614  -5.98519e-05     -0.135019   -0.00144638      0.999989   -0.00436307     -0.139833   5.35417e-05    0.00436315       0.99999     -0.699366
     0.999999    0.00142231    0.00010246     -0.142016   -0.00142181      0.999988   -0.00472595    -0.0429893   -0.00010918     0.0047258      0.999989     -0.677224
     0.999999     0.0012427   0.000398147     -0.159487   -0.00124064      0.999986   -0.00513151    -0.0342938  -0.000404519    0.00513101      0.999987     -0.644127
     0.999998    0.00200612   0.000571731     -0.163552   -0.00200548      0.999997   -0.00111056     -0.289084  -0.000573957    0.00110941      0.999999     -0.487856
     0.999997    0.00221503   0.000725591     -0.158123    -0.0022144      0.999997  -0.000861376     -0.229972  -0.000727497   0.000859767      0.999999      -0.46799
     0.999997    0.00233995    0.00070999     -0.162292   -0.00233913      0.999997     -0.001162     -0.280928  -0.000712706    0.00116034      0.999999     -0.492519
     0.999997    0.00241175    0.00042912      -0.14936   -0.00241125      0.999996    -0.0011665     -0.259743  -0.000431932    0.00116547      0.999999     -0.493588
     0.999997    0.00232582   0.000404732     -0.145772   -0.00232547      0.999997  -0.000864379      -0.29156  -0.000406742   0.000863436             1     -0.488918
     0.999997    0.00232602    0.00047271     -0.148056    -0.0023254      0.999996     -0.001302     -0.182846  -0.000475737     0.0013009      0.999999     -0.473519
     0.999997    0.00237411   0.000470836     -0.150543   -0.00237348      0.999996   -0.00133224     -0.296881  -0.000473997    0.00133112      0.999999     -0.482452
     0.999997     0.0022756    0.00059788     -0.152811   -0.00227466      0.999996   -0.00157407     -0.200176   -0.00060146    0.00157271      0.999999     -0.493508
     0.999997     0.0024271   0.000524329     -0.151938   -0.00242633      0.999996   -0.00145905     -0.244107  -0.000527868    0.00145778      0.999999     -0.504314
     0.999997    0.00238897   0.000686559     -0.165033     -0.002388      0.999996   -0.00140264     -0.264219  -0.000689907      0.001401      0.999999     -0.517335
     0.999997    0.00232976   0.000699033     -0.152986   -0.00232852      0.999996   -0.00177512     -0.178464  -0.000703165    0.00177348      0.999998      -0.52422
     0.999997    0.00234104   0.000572417      -0.15697   -0.00234013      0.999996   -0.00157907       -0.2765  -0.000576111    0.00157773      0.999999     -0.529183
     0.999998    0.00215229   0.000462084     -0.145696   -0.00215141      0.999996   -0.00190009     -0.177558  -0.000466172    0.00189909      0.999998     -0.521596
     0.999997    0.00222013   0.000484768     -0.148923   -0.00221921      0.999996   -0.00190215     -0.220078  -0.000488989    0.00190107      0.999998     -0.517563
     0.999998    0.00212303      0.000647      -0.15855   -0.00212167      0.999996   -0.00209137     -0.209351  -0.000651438       0.00209      0.999998     -0.502922
     0.999997    0.00229039   0.000358568     -0.155398   -0.00228967      0.999995   -0.00201138     -0.176024  -0.000363174    0.00201055      0.999998     -0.522227
     0.999997    0.00233598   0.000328596     -0.134633   -0.00233542      0.999996   -0.00169389     -0.255345  -0.000332552    0.00169312      0.999999     -0.514195
     0.999997    0.00229808   0.000295057     -0.144555   -0.00229754      0.999996   -0.00180748     -0.202239   -0.00029921     0.0018068      0.999998     -0.516561
     0.999997    0.00247636   0.000280409     -0.141731   -0.00247587      0.999995   -0.00170853     -0.200187  -0.000284639    0.00170783      0.999999     -0.533214
     0.999997    0.00246158   0.000299273     -0.134124   -0.00246098      0.999995   -0.00198958     -0.251912  -0.000304169    0.00198884      0.999998      -0.52077
     0.999997    0.00244606   0.000359084     -0.141793   -0.00244526      0.999995   -0.00220824     -0.163286  -0.000364484    0.00220735      0.999997     -0.516808
     0.999997    0.00244549   0.000353519     -0.133739   -0.00244472      0.999995   -0.00215252     -0.235341  -0.000358781    0.00215165      0.999998     -0.514793
     0.999997    0.00233351   0.000326647     -0.163391   -0.00233269      0.999994   -0.00251183     -0.139047  -0.000332506    0.00251106      0.999997     -0.564738
     0.999997    0.00244867   0.000387205     -0.140341   -0.00244773      0.999994   -0.00240772     -0.222013  -0.000393098    0.00240677      0.999997     -0.616759
     0.999997    0.00243471   0.000395417     -0.138165   -0.00243357      0.999993   -0.00285455     -0.196153  -0.000402364    0.00285358      0.999996      -0.62729
     0.999997     0.0024433    0.00051951     -0.125711    -0.0024411      0.999988   -0.00419859    -0.0394384  -0.000529763    0.00419731      0.999991     -0.622238
     0.999996    0.00270492   0.000294234      -0.16203   -0.00270324      0.999981   -0.00555859    -0.0443678  -0.000309264    0.00555777      0.999985     -0.625243
     0.999999    0.00138665   0.000775835     -0.158985   -0.00138536      0.999998   -0.00166175     -0.220705  -0.000778137    0.00166067      0.999998     -0.466587
     0.999999    0.00109748   0.000794658     -0.184818    -0.0010969      0.999999  -0.000726395     -0.261018  -0.000795454   0.000725523      0.999999     -0.422642
     0.999999    0.00147773   0.000647276     -0.182449   -0.00147726      0.999999  -0.000716358     -0.266081  -0.000648333   0.000715401             1     -0.446367
     0.999998    0.00200363   0.000691483     -0.165514   -0.00200303      0.999998  -0.000863761     -0.247177  -0.000693212   0.000862374      0.999999     -0.435809
     0.999997     0.0022918   0.000883842      -0.16366   -0.00229164      0.999997  -0.000182127     -0.336014  -0.000884257   0.000180101             1     -0.429424
     0.999997    0.00240251   0.000909166     -0.166925     -0.002402      0.999997  -0.000560969      -0.25288  -0.000910511   0.000558784      0.999999     -0.418648
     0.999997     0.0024161   0.000777101     -0.170305   -0.00241585      0.999997  -0.000324782     -0.328978  -0.000777883   0.000322903             1     -0.427948
     0.999997     0.0023979   0.000724027     -0.167033   -0.00239771      0.999997  -0.000265418     -0.320739  -0.000724662   0.000263682             1     -0.429042
     0.999997    0.00237312   0.000640279     -0.157557   -0.00237292      0.999997  -0.000309259     -0.299461  -0.000641011   0.000307739             1     -0.430918
     0.999998    0.00215067    0.00042292     -0.159802   -0.00215045      0.999998   -0.00051622     -0.319041  -0.000424029   0.000515309             1     -0.432425
     0.999998    0.00199594   0.000413276     -0.142341   -0.00199565      0.999998  -0.000681273     -0.284654  -0.000414634   0.000680447             1     -0.432481
     0.999997    0.00226703  -0.000109605     -0.135061   -0.00226707      0.999997  -0.000335794     -0.317573   0.000108844   0.000336042             1     -0.443782
     0.999997    0.00226214  -2.89659e-05     -0.110097   -0.00226216      0.999997  -0.000455776     -0.258147   2.79348e-05   0.000455841             1       -0.4313
     0.999998    0.00185043   0.000256695     -0.146229    -0.0018502      0.999998  -0.000918582     -0.241191  -0.000258394   0.000918106             1     -0.461588
     0.999999    0.00161544   0.000104869     -0.157508   -0.00161532      0.999998   -0.00119745     -0.214525  -0.000106803    0.00119728      0.999999     -0.424368
     0.999998    0.00194608   0.000130818     -0.129984   -0.00194601      0.999998  -0.000547185      -0.27347  -0.000131882   0.000546929             1     -0.437588
     0.999998    0.00220901   0.000136489     -0.129143   -0.00220899      0.999998  -0.000155392     -0.355966  -0.000136832    0.00015509             1     -0.448203
     0.999998    0.00209748   0.000205452     -0.129678   -0.00209739      0.999998  -0.000436703     -0.271016  -0.000206367   0.000436271             1     -0.454506
     0.999997    0.00240951   6.20846e-05     -0.134455   -0.00240948      0.999997  -0.000462296     -0.291577  -6.31983e-05   0.000462145             1     -0.473985
     0.999997    0.00262415   0.000125212     -0.117788   -0.00262405      0.999996  -0.000732341     -0.301569  -0.000127133    0.00073201             1     -0.460015
     0.999997    0.00263053  -2.80762e-05     -0.115136   -0.00263056      0.999996  -0.000935728     -0.233005   2.56146e-05   0.000935798             1     -0.483008
     0.999996    0.00280148   0.000113783     -0.115647    -0.0028014      0.999996  -0.000637776     -0.319238  -0.000115569   0.000637455             1     -0.469251
     0.999996    0.00273429   0.000127986     -0.110038   -0.00273414      0.999996   -0.00112543     -0.231255  -0.000131063    0.00112508      0.999999      -0.45975
     0.999996    0.00267699   0.000308935     -0.128929   -0.00267676      0.999996  -0.000769219     -0.285959  -0.000310993   0.000768389             1      -0.47412
     0.999996    0.00291145    0.00046431     -0.130044    -0.0029111      0.999995  -0.000742147      -0.29976  -0.000466469   0.000740792             1      -0.48213
     0.999996    0.00284211   0.000549837     -0.135634   -0.00284155      0.999995   -0.00102014     -0.214388  -0.000552734    0.00101857      0.999999     -0.508319
     0.999995    0.00293215   0.000687519     -0.141916   -0.00293158      0.999995  -0.000841202     -0.276312  -0.000689982   0.000839183      0.999999     -0.510004
     0.999995    0.00293241   0.000703389     -0.146172   -0.00293164      0.999995   -0.00109102     -0.235279  -0.000706585    0.00108895      0.999999     -0.487628
     0.999996    0.00275462   0.000676883     -0.148505   -0.00275381      0.999995   -0.00119413     -0.207296  -0.000680169    0.00119226      0.999999     -0.479414
     0.999996    0.00263782   0.000780242     -0.155954   -0.00263722      0.999996   -0.00076948     -0.303476  -0.000782269   0.000767419      0.999999     -0.468436
     0.999996    0.00268421   0.000716285     -0.153099   -0.00268344      0.999996   -0.00107334     -0.191404  -0.000719163    0.00107141      0.999999     -0.465181
     0.999996    0.00261857   0.000571679     -0.144388   -0.00261796      0.999996   -0.00105143     -0.309269   -0.00057443    0.00104993      0.999999     -0.475379
     0.999996    0.00270063   0.000569398     -0.144991   -0.00270018      0.999996  -0.000781531     -0.223776  -0.000571506   0.000779991             1     -0.479833
     0.999996    0.00269442   0.000667276     -0.146427   -0.00269379      0.999996  -0.000948822     -0.301921   -0.00066983   0.000947021      0.999999     -0.464613
     0.999996     0.0027472   0.000514863     -0.147197   -0.00274663      0.999996   -0.00111291      -0.20263  -0.000517918    0.00111149      0.999999     -0.497439
     0.999996    0.00282478   0.000466483     -0.135335   -0.00282431      0.999996  -0.000986029     -0.287379  -0.000469266   0.000984708      0.999999       -0.4857
     0.999996    0.00272746   0.000437016     -0.135542   -0.00272688      0.999995   -0.00132353     -0.187123  -0.000440624    0.00132233      0.999999     -0.480972
     0.999996    0.00281402   0.000546484     -0.139612    -0.0028134      0.999995   -0.00113093     -0.303642  -0.000549664    0.00112939      0.999999     -0.478822
     0.999997    0.00253086   0.000277775     -0.148557   -0.00253033      0.999995   -0.00189162     -0.143987  -0.000282561    0.00189091      0.999998     -0.507752
     0.999997    0.00251584   0.000392443     -0.121418   -0.00251487      0.999994   -0.00245239     -0.213658  -0.000398611    0.00245139      0.999997      -0.50847
     0.999995    0.00295882   0.000643141     -0.146633   -0.00295742      0.999993   -0.00216196     -0.218604  -0.000649534    0.00216005      0.999997     -0.523611
     0.999994    0.00331575   0.000445244     -0.137638   -0.00331468      0.999992   -0.00238539     -0.121923  -0.000453149     0.0023839      0.999997     -0.537269
     0.999995    0.00300558   0.000239759     -0.106937   -0.00300496      0.999992   -0.00256074     -0.194988  -0.000247453       0.00256      0.999997     -0.536195
     0.999996    0.00271989    0.00011592     -0.123079   -0.00271959      0.999993   -0.00247653      -0.11593  -0.000122656    0.00247621      0.999997     -0.541395
     0.999995    0.00301335   0.000425976     -0.133529   -0.00301266      0.999994   -0.00161867     -0.239407  -0.000430851    0.00161738      0.999999     -0.485201
     0.999996    0.00291668    0.00043326     -0.133612   -0.00291576      0.999994   -0.00211741     -0.106766  -0.000439433    0.00211614      0.999998     -0.503358
     0.999996       0.00284   0.000360092     -0.123349   -0.00283949      0.999995   -0.00141045     -0.282772  -0.000364096    0.00140942      0.999999     -0.496781
     0.999997    0.00263239   0.000258859     -0.139924   -0.00263164      0.999992   -0.00288135    -0.0361412  -0.000266442    0.00288065      0.999996     -0.504967
     0.999998    0.00217082   0.000494201     -0.147851   -0.00216917      0.999992   -0.00331148     -0.149602  -0.000501386     0.0033104      0.999994     -0.477061
     0.999998    0.00187602   -0.00016603     -0.141589   -0.00187661      0.999992   -0.00364157    -0.0458357   0.000159197    0.00364188      0.999993     -0.533622
     0.999998     0.0017725  -0.000300621     -0.105629   -0.00177348      0.999993   -0.00327955     -0.214324   0.000294806    0.00328008      0.999995     -0.511119
     0.999998    0.00194995  -0.000301392     -0.120381   -0.00195097      0.999992   -0.00342933    -0.0497763   0.000294702    0.00342991      0.999994     -0.533997
     0.999998    0.00175451  -0.000244051     -0.100975   -0.00175532      0.999993   -0.00336475     -0.206198   0.000238146    0.00336518      0.999994     -0.508078
     0.999999    0.00170166  -0.000160021     -0.126141   -0.00170224      0.999992   -0.00369736    -0.0866007   0.000153728    0.00369763      0.999993     -0.517559
     0.999998    0.00188207   5.24197e-05      -0.12068   -0.00188188      0.999993   -0.00331365     -0.203539  -5.86559e-05    0.00331355      0.999995     -0.527214
     0.999998    0.00216786   0.000503333     -0.141512   -0.00216623      0.999993   -0.00320308     -0.133131  -0.000510273    0.00320198      0.999995     -0.552191
     0.999997     0.0024355   0.000554016     -0.144091   -0.00243381      0.999992   -0.00301993     -0.174359  -0.000561367    0.00301857      0.999995      -0.55377
     0.999997    0.00223483   0.000628674     -0.153355    -0.0022328      0.999992     -0.003213     -0.134844   -0.00063585    0.00321158      0.999995     -0.562867
     0.999997    0.00212892     0.0007393     -0.170336   -0.00212632      0.999992   -0.00350359    -0.0793565  -0.000746753    0.00350201      0.999994     -0.558912
     0.999997    0.00232881   0.000519827     -0.162169   -0.00232708      0.999992   -0.00329018     -0.165246  -0.000527485    0.00328896      0.999994     -0.559233
     0.999997    0.00226386   0.000552452     -0.142291   -0.00226207      0.999992    -0.0032222     -0.116572  -0.000559742    0.00322095      0.999995     -0.546604
     0.999997    0.00225473   0.000498725     -0.150298   -0.00225298      0.999991   -0.00346831    -0.0922442  -0.000506541    0.00346718      0.999994     -0.554541
     0.999997    0.00222996   0.000459141     -0.151619   -0.00222847      0.999992   -0.00320789     -0.158248  -0.000466291    0.00320685      0.999995     -0.544376
     0.999997    0.00229992   0.000504714     -0.145007   -0.00229805      0.999991   -0.00366672    -0.0928757  -0.000513143    0.00366555      0.999993     -0.549306
     0.999997    0.00245709    0.00053017     -0.160421   -0.00245519      0.999991   -0.00356396     -0.117523  -0.000538922    0.00356265      0.999994     -0.546031
     0.999996     0.0026384   0.000470912     -0.138744   -0.00263668       0.99999   -0.00362539     -0.142209  -0.000480473    0.00362414      0.999993     -0.541258
     0.999997    0.00260552   0.000415265     -0.147636   -0.00260388      0.999989   -0.00389642    -0.0697588  -0.000425412    0.00389533      0.999992      -0.55864
     0.999997    0.00251441   0.000382496     -0.132205   -0.00251282      0.999988   -0.00411047     -0.125623  -0.000392827     0.0041095      0.999991     -0.564326
     0.999996    0.00267407   0.000871827     -0.154848   -0.00267048      0.999988   -0.00409446    -0.0993068  -0.000882765    0.00409212      0.999991      -0.52781
     0.999997    0.00248454   0.000465619     -0.162134   -0.00248244      0.999987   -0.00445513      0.019602  -0.000476682    0.00445396       0.99999     -0.611722
     0.999998    0.00207213  -0.000125254     -0.133443   -0.00207264      0.999989   -0.00427509     -0.108615   0.000116394    0.00427534      0.999991     -0.598518
     0.999998     0.0019923   0.000108122     -0.126299    -0.0019918      0.999988   -0.00449217    -0.0558714  -0.000117071    0.00449194       0.99999     -0.597815
     0.999998    0.00188737   0.000163349     -0.131371   -0.00188672      0.999991   -0.00392902     -0.120758  -0.000170763     0.0039287      0.999992     -0.591551
     0.999998    0.00196046   0.000323189     -0.141884   -0.00195902      0.999988   -0.00439994    -0.0431768  -0.000331811     0.0043993       0.99999     -0.578311
     0.999998     0.0018158   0.000341541     -0.146744   -0.00181431      0.999989   -0.00429936    -0.0730294  -0.000349344    0.00429873      0.999991     -0.585611
     0.999998    0.00178594   0.000309813     -0.147521   -0.00178457      0.999989   -0.00435465     -0.100913  -0.000317587    0.00435409       0.99999     -0.591756
     0.999998    0.00178539   0.000359143     -0.152762   -0.00178373      0.999988   -0.00454706    -0.0506398  -0.000367257    0.00454641       0.99999     -0.585796
     0.999998    0.00176339    0.00014008     -0.143312   -0.00176275      0.999989   -0.00443712    -0.0671442  -0.000147903    0.00443686       0.99999     -0.585144
     0.999999    0.00150427  -6.80562e-05     -0.139964   -0.00150455      0.999989    -0.0043462     -0.107858   6.15177e-05     0.0043463      0.999991     -0.590865
