# 3dvolreg matrices (DICOM-to-DICOM, row-by-row):
            1  -0.000694685  -0.000133784     -0.011729   0.000694797      0.999999    0.00084414    -0.0330816   0.000133198  -0.000844233             1     0.0548674
     0.999999   -0.00109121   3.74204e-05    -0.0188961    0.00109119      0.999999   0.000543585     0.0410227  -3.80136e-05  -0.000543544             1   -0.00418709
            1  -5.30929e-11  -1.22661e-13   2.84835e-09   5.30929e-11             1   7.57608e-11   2.35448e-09   1.22661e-13  -7.57608e-11             1   3.32902e-09
            1   0.000672283  -0.000489508     0.0223927  -0.000672087             1    0.00040066     0.0480647   0.000489777   -0.00040033             1     0.0319612
            1   0.000223539  -0.000196737    0.00782072  -0.000223476             1   0.000318709     0.0315324   0.000196808  -0.000318665             1     0.0194545
            1  -0.000319149  -4.34822e-05    -0.0233735   0.000319169             1   0.000454187     -0.070686   4.33373e-05  -0.000454201             1     0.0442087
            1   -6.8433e-05  -0.000222596   0.000420313   6.84646e-05             1    0.00014215        0.0154   0.000222586  -0.000142165             1     0.0343838
            1  -2.05082e-05  -0.000267797   -0.00331787   2.06163e-05             1   0.000403426    -0.0217043   0.000267789  -0.000403431             1    0.00384942
            1    4.4977e-05   -0.00035143      0.016188  -4.48433e-05             1   0.000380447    -0.0474294   0.000351447  -0.000380431             1   -0.00882472
            1  -8.25181e-05  -0.000462279    0.00764501   8.25002e-05             1  -3.87902e-05     0.0201037   0.000462282   3.87521e-05             1    -0.0106068
            1  -0.000260644  -0.000669893      0.016481   0.000260578             1  -9.75705e-05    0.00918076   0.000669918   9.73959e-05             1    -0.0124654
            1  -0.000299315  -0.000556927    0.00514818   0.000299391             1   0.000136552    0.00423883   0.000556886  -0.000136719             1    0.00375386
            1  -0.000663074  -0.000464632      0.008025   0.000663272             1   0.000424788    0.00818349    0.00046435  -0.000425096             1    0.00636227
            1  -0.000408987  -0.000434998    0.00264876   0.000409117             1   0.000298248    -0.0285534   0.000434876  -0.000298426             1     0.0121471
            1  -0.000125756  -0.000247086    0.00504773   0.000125867             1   0.000450777    -0.0307551    0.00024703  -0.000450808             1     0.0213248
            1  -1.97814e-05  -0.000310627     0.0164087   1.97974e-05             1   5.14816e-05     0.0238139   0.000310626  -5.14877e-05             1     0.0194298
            1   0.000520849   0.000415476   -0.00846765  -0.000521021             1   0.000413282     -0.012149  -0.000415261  -0.000413498             1     0.0276372
            1   0.000510739   0.000320542    -0.0204028  -0.000510768             1   9.04587e-05     0.0102529  -0.000320495  -9.06224e-05             1     0.0229197
            1   0.000560866   0.000280426    -0.0102471  -0.000560851             1  -5.37819e-05    0.00817988  -0.000280456   5.36247e-05             1    0.00635479
            1   0.000450769   0.000223982    -0.0123684  -0.000450788             1   8.80381e-05    -0.0244294  -0.000223942  -8.81391e-05             1   -0.00359382
            1   0.000421763   0.000303617   0.000158324  -0.000421777             1   4.59127e-05     0.0181969  -0.000303598  -4.60407e-05             1    0.00381378
            1   0.000610926    0.00041145    -0.0119814  -0.000611104             1   0.000430562    0.00180373  -0.000411187  -0.000430813             1    -0.0152584
            1   0.000850149   0.000490311    -0.0105115  -0.000850261             1   0.000228238   -0.00873184  -0.000490117  -0.000228655             1   -0.00141538
     0.999999   0.000725476    0.00121039    -0.0224217  -0.000725689             1   0.000174953     0.0173478   -0.00121027  -0.000175831      0.999999  -0.000251698
     0.999999    0.00071061    0.00120512    -0.0629874  -0.000710423             1  -0.000155464     0.0569101   -0.00120523   0.000154608      0.999999    0.00618037
     0.999999   0.000869102   0.000952268    -0.0510657  -0.000869096             1  -7.54789e-06    0.00448532  -0.000952274   6.72027e-06             1    0.00566115
     0.999999   0.000924266    0.00117034    -0.0419015  -0.000924312             1   3.92416e-05   -0.00366158    -0.0011703  -4.03233e-05      0.999999     0.0188198
     0.999999   0.000805012    0.00117323    -0.0579318  -0.000804783             1  -0.000195997     0.0752069   -0.00117338   0.000195052      0.999999     0.0296846
     0.999999   0.000827638     0.0011185    -0.0486292  -0.000827725             1   7.74568e-05    -0.0231142   -0.00111843  -7.83826e-05      0.999999     0.0369643
     0.999999   0.000801553     0.0011061    -0.0471612  -0.000801501             1  -4.78867e-05     0.0283203   -0.00110613   4.70001e-05      0.999999     0.0431288
     0.999998    0.00118478    0.00142473    -0.0608086   -0.00118478      0.999999  -1.73181e-06     0.0447706   -0.00142473   4.38136e-08      0.999999     0.0362149
     0.999998    0.00110895    0.00137241    -0.0550949   -0.00110958      0.999999   0.000457202    -0.0236799    -0.0013719  -0.000458724      0.999999     0.0148855
     0.999998    0.00138824    0.00133109    -0.0762213   -0.00138868      0.999999   0.000329021      0.130626   -0.00133063  -0.000330868      0.999999     0.0469058
     0.999995    0.00231684    0.00199345    -0.0300046   -0.00231427      0.999996   -0.00129104     0.0816247   -0.00199643    0.00128642      0.999997     0.0683905
     0.999999   -0.00145997  -0.000423678    -0.0102911    0.00146046      0.999998    0.00116637    0.00583892   0.000421974   -0.00116699      0.999999     0.0463141
     0.999997   -0.00235521   -0.00101776    0.00356536    0.00235672      0.999996    0.00148569     -0.158766    0.00101426   -0.00148808      0.999998      0.033429
     0.999997   -0.00214333   -0.00070785    -0.0195456    0.00214398      0.999997   0.000911578    -0.0371699   0.000705894  -0.000913094      0.999999    0.00906777
     0.999997   -0.00200155   -0.00113759    -0.0105866    0.00200307      0.999997    0.00134184    -0.0806644     0.0011349   -0.00134412      0.999998    -0.0133826
     0.999997   -0.00201153   -0.00130876     0.0208171    0.00201354      0.999997    0.00154205     -0.119041    0.00130565   -0.00154468      0.999998   -0.00828289
     0.999996   -0.00226108   -0.00154789    0.00910724    0.00226279      0.999997    0.00110424     0.0231056    0.00154539   -0.00110773      0.999998    -0.0402882
     0.999996   -0.00241668   -0.00166557     0.0444804    0.00241938      0.999996    0.00162424     -0.121888    0.00166164   -0.00162826      0.999997  -0.000791091
     0.999994   -0.00300341    -0.0017183     0.0117723    0.00300999      0.999988    0.00384024     -0.215609    0.00170674   -0.00384539      0.999991     0.0370478
            1   8.97798e-06  -5.88346e-05    -0.0132997  -8.94325e-06             1    0.00059033   -0.00239069   5.88399e-05  -0.000590329             1     0.0931522
            1    0.00038422   0.000377461   -0.00118596  -0.000384346             1   0.000332935    -0.0187853  -0.000377333   -0.00033308             1     0.0777377
            1   -0.00011489   0.000391914     -0.020545   0.000114468      0.999999    0.00107624    -0.0646115  -0.000392037    -0.0010762      0.999999     0.0843724
            1  -0.000162929   0.000492449    -0.0206042   0.000162866             1   0.000127025     0.0374269   -0.00049247  -0.000126944             1     0.0809662
            1  -0.000303796   0.000625008    -0.0474786   0.000303727             1   0.000110503    -0.0472913  -0.000625042  -0.000110313             1     0.0909338
            1  -0.000365154   0.000459035    -0.0371458   0.000365262             1  -0.000235996     0.0606847  -0.000458949   0.000236164             1     0.0827839
            1  -0.000297062   0.000430551    -0.0464272   0.000297046             1   3.83172e-05   -0.00967649  -0.000430563  -3.81893e-05             1     0.0731343
            1  -0.000322745   0.000478073    -0.0289951   0.000322862             1  -0.000244345     0.0028069  -0.000477994     0.0002445             1     0.0713902
            1  -0.000216701   0.000478293    -0.0539332   0.000216733             1  -6.62881e-05     0.0375493  -0.000478279   6.63918e-05             1     0.0564295
            1  -0.000184896   0.000400715    -0.0210589   0.000184884             1   3.17063e-05    -0.0180666  -0.000400721  -3.16322e-05             1     0.0613882
            1  -0.000625143    0.00038226    -0.0403386   0.000625226             1  -0.000217029     0.0240484  -0.000382125   0.000217268             1     0.0459395
            1  -0.000763063   0.000340166    -0.0494233    0.00076323             1  -0.000492776     0.0530323   -0.00033979   0.000493036             1     0.0376489
            1  -0.000665985   0.000352967    -0.0422762   0.000665892             1   0.000263452    -0.0144824  -0.000353142  -0.000263216             1     0.0573518
            1  -0.000676762   0.000443362    -0.0524941   0.000676436             1   0.000735944    -0.0216206   -0.00044386  -0.000735644             1     0.0925974
     0.999999  -0.000838337   0.000654601    -0.0499895   0.000837785      0.999999    0.00084294    -0.0564166  -0.000655308  -0.000842391      0.999999      0.107949
            1  -0.000598589   0.000625959    -0.0536867   0.000598013      0.999999   0.000919909    -0.0463041   -0.00062651  -0.000919534      0.999999      0.101866
            1  -0.000814894   0.000431539    -0.0419613   0.000814712             1   0.000422638     0.0276323  -0.000431883  -0.000422286             1     0.0652663
     0.999999  -0.000905104   0.000595394    -0.0560278   0.000904943             1   0.000269441     -0.049268  -0.000595638  -0.000268903             1     0.0742795
     0.999999   -0.00101502   0.000554955    -0.0459687    0.00101497      0.999999   0.000106303     0.0491215  -0.000555063   -0.00010574             1      0.047736
     0.999999  -2.02977e-05    0.00129471     -0.100788   2.21053e-05      0.999999   -0.00139617     0.0783286   -0.00129468     0.0013962      0.999998     0.0853136
            1  -0.000396969  -0.000385167   -0.00188033    0.00039667             1   -0.00077642      0.209696   0.000385475   0.000776267             1   -0.00332129
     0.999999   -0.00156332  -0.000178821    -0.0027705    0.00156344      0.999999    0.00064308    -0.0827937   0.000177815  -0.000643358             1   -0.00637813
     0.999999   -0.00127572  -0.000292685    -0.0312903    0.00127579      0.999999     0.0002372    -0.0126657   0.000292382  -0.000237573             1    -0.0163889
     0.999999   -0.00121001  -0.000186073    -0.0200652    0.00121016      0.999999   0.000808999    -0.0714214   0.000185094  -0.000809224             1    -0.0190978
     0.999999   -0.00150648  -0.000250285    -0.0202478     0.0015066      0.999999   0.000473973     0.0394872   0.000249571  -0.000474349             1    -0.0317866
     0.999999   -0.00168698  -0.000181951    -0.0178859    0.00168719      0.999998    0.00115733     -0.134093   0.000179999   -0.00115764      0.999999    0.00216613
     0.999998   -0.00190694  -0.000127232    -0.0344248    0.00190712      0.999997    0.00136876     0.0180544   0.000124622     -0.001369      0.999999    0.00856047
     0.999998   -0.00217593   0.000109624    -0.0477321    0.00217577      0.999997    0.00147945    -0.0888913  -0.000112843   -0.00147921      0.999999   -0.00206523
     0.999997   -0.00224797   0.000382259    -0.0649188    0.00224743      0.999996     0.0014251    -0.0786844  -0.000385462   -0.00142424      0.999999      0.018322
     0.999997   -0.00230495   0.000223257    -0.0773119    0.00230456      0.999996     0.0017005     -0.109976  -0.000227176   -0.00169998      0.999999     0.0138952
     0.999998   -0.00208573   7.46301e-05    -0.0557146     0.0020856      0.999996    0.00163575    -0.0623068  -7.80416e-05   -0.00163559      0.999999   -0.00281138
     0.999998   -0.00187105  -9.62493e-05    -0.0530552    0.00187124      0.999996    0.00199752     -0.158521   9.25115e-05   -0.00199769      0.999998   -0.00179147
     0.999998   -0.00189074   -0.00033178    -0.0300387     0.0018914      0.999996    0.00199212    -0.0424969   0.000328012   -0.00199275      0.999998   0.000209117
     0.999998   -0.00212298   -0.00045092    -0.0245547    0.00212387      0.999996    0.00197358     -0.156468   0.000446729   -0.00197453      0.999998       0.01682
     0.999998   -0.00202399  -0.000364203    -0.0334818    0.00202462      0.999996    0.00174386    -0.0309836   0.000360672    -0.0017446      0.999998     0.0109451
     0.999998   -0.00196356  -0.000201038    -0.0292301    0.00196398      0.999996    0.00213304     -0.171094   0.000196848   -0.00213343      0.999998     0.0277831
     0.999998   -0.00213307  -0.000477051    -0.0247049    0.00213383      0.999996    0.00159612    -0.0362882   0.000473644   -0.00159714      0.999999    0.00155045
     0.999998   -0.00206488  -0.000449279    -0.0189932    0.00206574      0.999996    0.00191265     -0.141415   0.000445327   -0.00191357      0.999998   -0.00104131
     0.999999   -0.00152371  -8.24889e-05   -0.00165912    0.00152383      0.999998    0.00149046    -0.0303367   8.02177e-05   -0.00149059      0.999999    -0.0238886
     0.999997   -0.00237402   0.000248162    -0.0498297    0.00237376      0.999997    0.00101642     0.0239942  -0.000250574   -0.00101583      0.999999     0.0179943
     0.999995   -0.00312887   0.000103513    -0.0803046    0.00312875      0.999994    0.00114146     -0.134562  -0.000107084   -0.00114113      0.999999       0.05146
     0.999996   -0.00286977  -0.000376149      -0.06729    0.00287009      0.999996   0.000845079    -0.0214244   0.000373722  -0.000846155             1   -0.00457333
     0.999996   -0.00274793  -0.000274546    -0.0526378    0.00274824      0.999996    0.00112437    -0.0823498   0.000271455   -0.00112512      0.999999     0.0123087
     0.999996   -0.00270764  -0.000280631    -0.0529248    0.00270805      0.999995    0.00144988    -0.0701041   0.000276704   -0.00145063      0.999999     0.0301546
     0.999996   -0.00262848   -0.00033499    -0.0436504    0.00262905      0.999995    0.00171749    -0.0893691   0.000330474   -0.00171837      0.999998     0.0158974
     0.999997   -0.00251337  -0.000179529    -0.0540714    0.00251366      0.999996    0.00161543     -0.102547   0.000175468   -0.00161588      0.999999     0.0223342
     0.999997   -0.00234339  -0.000230895    -0.0391627    0.00234374      0.999996    0.00149576    -0.0448604   0.000227389   -0.00149629      0.999999    0.00507698
     0.999997   -0.00231071  -0.000223507    -0.0341311    0.00231112      0.999996    0.00187311     -0.137195   0.000219178   -0.00187362      0.999998    -0.0139172
     0.999997     -0.002295  -0.000174548    -0.0382342    0.00229527      0.999996    0.00155167    -0.0516472   0.000170987   -0.00155207      0.999999    0.00685022
     0.999997   -0.00224845  -2.40289e-05    -0.0433098    0.00224848      0.999996    0.00142668    -0.0871443    2.0821e-05   -0.00142673      0.999999   -0.00110721
     0.999997   -0.00228571  -8.89004e-05    -0.0570719    0.00228583      0.999996    0.00143166    -0.0930208   8.56277e-05   -0.00143186      0.999999    0.00675239
     0.999998   -0.00214989  -3.60603e-05     -0.047623    0.00214994      0.999997    0.00142343   -0.00795183       3.3e-05   -0.00142351      0.999999    -0.0287439
     0.999997   -0.00243524   -0.00019815    -0.0429285    0.00243554      0.999996    0.00151814     -0.172663   0.000194452   -0.00151862      0.999999    -0.0487299
     0.999997   -0.00258914   7.97009e-05    -0.0587953    0.00258907      0.999996   0.000868189     0.0057582  -8.19485e-05   -0.00086798             1    -0.0689711
     0.999996   -0.00286877   0.000264007     -0.066864    0.00286851      0.999995   0.000982274     -0.109294  -0.000266824  -0.000981512      0.999999     -0.061981
     0.999995   -0.00310302   0.000238064     -0.091075    0.00310285      0.999995   0.000698851     0.0180567  -0.000240231  -0.000698109             1    -0.0673552
     0.999995   -0.00313194     0.0002374    -0.0868895    0.00313156      0.999994    0.00157711     -0.137066  -0.000242338   -0.00157636      0.999999    -0.0294398
     0.999995   -0.00303857     0.0002476    -0.0810115     0.0030382      0.999994    0.00147641    -0.0415781  -0.000252085   -0.00147565      0.999999    -0.0447387
     0.999994   -0.00336856   0.000281075    -0.0850013    0.00336802      0.999992    0.00193036     -0.162201  -0.000287576    -0.0019294      0.999998    -0.0507099
     0.999994   -0.00353536   0.000435908    -0.0926575    0.00353477      0.999993    0.00134086    -0.0358332  -0.000440646   -0.00133931      0.999999    -0.0302366
     0.999994   -0.00345944   0.000346511    -0.0907093    0.00345879      0.999992    0.00187945     -0.121767   -0.00035301   -0.00187824      0.999998    -0.0338823
     0.999995   -0.00304865  -0.000400841     -0.106347    0.00304919      0.999994    0.00136145    -0.0039443   0.000396688   -0.00136266      0.999999     -0.106231
     0.999998   -0.00164607  -0.000766449   -0.00558593     0.0016471      0.999998    0.00134545    -0.0324313   0.000764233   -0.00134671      0.999999     -0.135594
     0.999998   -0.00185718   -0.00111394     0.0209122    0.00185801      0.999998    0.00074623    -0.0300111    0.00111255  -0.000748298      0.999999     -0.179628
     0.999997   -0.00216241   -0.00102859     0.0219275    0.00216319      0.999997   0.000759794    -0.0870972    0.00102694  -0.000762017      0.999999     -0.177931
     0.999997   -0.00226535  -0.000724903    -0.0127304    0.00226581      0.999997   0.000642972    -0.0382971   0.000723445  -0.000644612             1     -0.130135
     0.999997   -0.00219176  -0.000907847    -0.0140578    0.00219236      0.999997    0.00065068     0.0157253   0.000906419  -0.000652669      0.999999      -0.16648
     0.999997   -0.00226892  -0.000726535    0.00138634     0.0022696      0.999997   0.000937284    -0.0809078   0.000724406   -0.00093893      0.999999     -0.153869
     0.999997   -0.00227078  -0.000572525    -0.0142493    0.00227114      0.999997   0.000638593     0.0339364   0.000571074  -0.000639892             1      -0.15163
     0.999997   -0.00224843  -0.000412346    -0.0197183    0.00224873      0.999997   0.000721923    -0.0454685   0.000410722  -0.000722848             1      -0.14808
     0.999997   -0.00257742  -0.000586413    -0.0304357    0.00257795      0.999996   0.000901948    -0.0718486   0.000584086  -0.000903456      0.999999     -0.144919
     0.999996   -0.00249902  -0.000939301    -0.0206348     0.0025002      0.999996    0.00126205    -0.0491606   0.000936143   -0.00126439      0.999999     -0.134194
     0.999997   -0.00252078  -0.000609461    -0.0211655    0.00252166      0.999996    0.00145465     -0.146911   0.000605792   -0.00145618      0.999999     -0.125991
     0.999997   -0.00246666  -0.000407108    -0.0363149    0.00246727      0.999996    0.00151554   -0.00906384   0.000403368   -0.00151654      0.999999     -0.125881
     0.999997   -0.00250436  -0.000506172    -0.0250965    0.00250516      0.999996    0.00159187       -0.1227   0.000502184   -0.00159313      0.999999      -0.11321
     0.999996   -0.00274659  -0.000463006     -0.030002    0.00274718      0.999995    0.00128671    -0.0594315   0.000459469   -0.00128798      0.999999     -0.128899
     0.999995   -0.00299184   -0.00066981    -0.0365339    0.00299275      0.999995    0.00136266     -0.075373    0.00066573   -0.00136466      0.999999     -0.117266
     0.999995   -0.00299691  -0.000651224    -0.0255422    0.00299779      0.999995    0.00136419     -0.083272   0.000647132   -0.00136614      0.999999     -0.113043
     0.999996   -0.00290059  -0.000466488    -0.0461203    0.00290112      0.999995     0.0011229    -0.0238465   0.000463228   -0.00112425      0.999999     -0.119044
     0.999996   -0.00285951  -0.000278593    -0.0470051    0.00285986      0.999995     0.0012572     -0.122874   0.000274996   -0.00125799      0.999999     -0.134547
     0.999996   -0.00287138   -0.00044343    -0.0582451    0.00287187      0.999995    0.00111377    -0.0409116    0.00044023   -0.00111504      0.999999      -0.14299
     0.999997   -0.00257441  -0.000600862    -0.0288464    0.00257508      0.999996    0.00111733    -0.0606221   0.000597983   -0.00111887      0.999999     -0.148103
     0.999996   -0.00275417  -0.000903799    -0.0200149    0.00275511      0.999996    0.00103346    -0.0672301   0.000900949   -0.00103595      0.999999     -0.169906
     0.999995   -0.00301879  -0.000976856    -0.0213529    0.00301961      0.999995   0.000840168     0.0238593   0.000974315  -0.000843113      0.999999     -0.142748
     0.999995   -0.00312769   -0.00090053    -0.0181984    0.00312866      0.999995    0.00108104    -0.0689114   0.000897143   -0.00108385      0.999999     -0.135766
     0.999994    -0.0031807  -0.000971773    -0.0273077    0.00318159      0.999995   0.000912551    -0.0498769   0.000968865  -0.000915638      0.999999     -0.120657
     0.999996   -0.00285408  -0.000831621     -0.034605    0.00285489      0.999995    0.00098171    -0.0323594   0.000828815   -0.00098408      0.999999     -0.101311
     0.999996   -0.00280357   -0.00074829    -0.0178285    0.00280463      0.999995    0.00141631    -0.0894836   0.000744315    -0.0014184      0.999999     -0.105147
     0.999996   -0.00287489  -0.000593385     -0.031964    0.00287565      0.999995    0.00127895    -0.0785826   0.000589705   -0.00128065      0.999999    -0.0947054
     0.999997   -0.00260172  -0.000395477    -0.0482346    0.00260226      0.999996    0.00136366    -0.0357149   0.000391927   -0.00136469      0.999999     -0.095591
     0.999997   -0.00260855  -0.000291729    -0.0247413    0.00260899      0.999995    0.00153165     -0.102149   0.000287732   -0.00153241      0.999999    -0.0892551
     0.999996    -0.0026631  -0.000324562    -0.0525491     0.0026635      0.999996    0.00123742    -0.0665313   0.000321265   -0.00123828      0.999999    -0.0796891
     0.999997   -0.00254107  -0.000609825    -0.0279077    0.00254182      0.999996    0.00122333    -0.0486139   0.000606714   -0.00122487      0.999999    -0.0935332
     0.999997   -0.00245424  -0.000598196    -0.0306095      0.002455      0.999996    0.00127088    -0.0943116   0.000595075   -0.00127234      0.999999    -0.0950991
     0.999997   -0.00238513  -0.000597883    -0.0203349    0.00238556      0.999997   0.000723619    -0.0120002   0.000596155  -0.000725043             1     -0.113573
     0.999997   -0.00222036  -0.000435118    -0.0212421     0.0022208      0.999997    0.00102603    -0.0584322   0.000432838   -0.00102699      0.999999     -0.122261
     0.999997   -0.00236508  -0.000454173     -0.031882    0.00236551      0.999997   0.000964132    -0.0819932   0.000451891  -0.000965204      0.999999     -0.133272
     0.999997   -0.00230405  -0.000579188    -0.0366745     0.0023047      0.999997    0.00112958    -0.0253588   0.000576584   -0.00113091      0.999999     -0.120857
     0.999997   -0.00224603  -0.000560165    -0.0154545    0.00224664      0.999997    0.00109067     -0.028879   0.000557713   -0.00109192      0.999999     -0.116945
     0.999998   -0.00197298  -0.000210934    -0.0463647    0.00197329      0.999997    0.00152187     -0.131183   0.000207931   -0.00152228      0.999999    -0.0743037
     0.999998   -0.00216259  -0.000479104    -0.0308975    0.00216333      0.999996    0.00156761    -0.0503867   0.000475712   -0.00156864      0.999999    -0.0685828
     0.999998   -0.00210489  -0.000662291    -0.0211337    0.00210604      0.999996    0.00172809    -0.0755673   0.000658651   -0.00172948      0.999998    -0.0618698
     0.999997   -0.00215211  -0.000721828    -0.0210393    0.00215329      0.999996    0.00164042     -0.105903   0.000718295   -0.00164197      0.999998    -0.0602694
     0.999998   -0.00199793  -0.000646929    -0.0115777    0.00199876      0.999997    0.00128569    -0.0158443   0.000644358   -0.00128698      0.999999      -0.07105
     0.999998   -0.00189648  -0.000875972   -0.00275883    0.00189785      0.999997    0.00156881     -0.113237   0.000872994   -0.00157047      0.999998    -0.0777462
     0.999998   -0.00189951  -0.000906243   -0.00114962    0.00190086      0.999997    0.00149383    -0.0942866   0.000903403   -0.00149555      0.999998     -0.067938
     0.999998   -0.00193798   -0.00106358    0.00930744    0.00193942      0.999997    0.00134902    -0.0607719    0.00106097   -0.00135108      0.999999    -0.0810319
            1  -0.000464131  -0.000543825   0.000184802   0.000465021      0.999999    0.00163747    -0.0233936   0.000543064   -0.00163772      0.999999     -0.136878
            1   0.000331295  -0.000887955    -0.0291363  -0.000330857             1    0.00049362     0.0973277   0.000888118  -0.000493326      0.999999     -0.215976
            1   0.000273449  -0.000695586     0.0697579  -0.000273321             1   0.000184643    -0.0248185   0.000695637  -0.000184453             1     -0.195136
     0.999999  -0.000988388  -0.000947774     0.0750773   0.000988832      0.999999   0.000467666    -0.0110318   0.000947311  -0.000468603      0.999999      -0.20261
     0.999999  -0.000881117   -0.00123973     0.0342657   0.000881038             1  -6.42116e-05     0.0410969    0.00123979   6.31193e-05      0.999999     -0.210912
     0.999999  -0.000633824  -0.000846556     0.0237935   0.000634118             1   0.000347346    -0.0596715   0.000846335  -0.000347883             1     -0.200522
     0.999999  -0.000605653  -0.000865637     0.0306256   0.000605671             1   1.96326e-05     0.0595805   0.000865625  -2.01568e-05             1      -0.21788
            1  -0.000486359  -0.000671787     0.0091437    0.00048671             1   0.000522215    -0.0753846   0.000671533  -0.000522542             1     -0.223755
            1  -0.000861314  -0.000454611     0.0124874   0.000861623      0.999999   0.000678737    -0.0658516   0.000454027  -0.000679128             1     -0.207474
            1   -0.00067042  -0.000484402    0.00101997   0.000670724             1   0.000629303     0.0180504    0.00048398  -0.000629628             1     -0.213339
            1    -0.0005764  -0.000366532     0.0063074    0.00057661             1   0.000573385    -0.0522206   0.000366201  -0.000573597             1     -0.189422
            1  -0.000312106  -0.000425386   -0.00606154   0.000312319             1   0.000501756     0.0290646   0.000425229  -0.000501889             1     -0.195034
            1  -0.000218918  -0.000471958     0.0125828   0.000219096             1   0.000376028    -0.0372259   0.000471875  -0.000376131             1     -0.207873
            1  -0.000269348  -0.000679748      0.016182   0.000269472             1   0.000183269    -0.0113791   0.000679699  -0.000183452             1     -0.212728
            1  -0.000348493   -0.00074492     0.0234899   0.000348983             1   0.000656972    -0.0206989   0.000744691  -0.000657232             1     -0.206123
            1  -0.000155927   -0.00049612     0.0204159   0.000156078             1   0.000303406      0.042143   0.000496073  -0.000303483             1     -0.194488
            1   1.64228e-05  -0.000385298    0.00717525  -1.64122e-05             1   2.76398e-05      0.011391   0.000385298  -2.76335e-05             1     -0.193188
            1  -0.000103483  -4.88901e-05     0.0153991   0.000103484             1   2.47168e-05    -0.0112891   4.88876e-05  -2.47218e-05             1     -0.197678
            1    6.6318e-05  -5.42151e-05   -0.00839688  -6.63059e-05             1   0.000223335     0.0454182   5.42299e-05  -0.000223331             1       -0.1844
            1   -1.5372e-05   -0.00063038    0.00681035   1.57064e-05             1   0.000530488    -0.0573938   0.000630372  -0.000530498             1     -0.178819
            1  -0.000105961  -0.000255344     0.0158425   0.000105813             1  -0.000580706      0.157788   0.000255406   0.000580679             1     -0.141648
            1   0.000405359  -0.000184634    0.00821991  -0.000405967      0.999994    -0.0033037      0.226545   0.000183294    0.00330378      0.999995     -0.115197
            1  -0.000884755  -0.000260948    -0.0259264   0.000885149      0.999998    0.00151222    -0.0148183   0.000259609   -0.00151245      0.999999     0.0563914
     0.999999   -0.00159769  -0.000387442    -0.0141286    0.00159957      0.999987    0.00490385      -0.33588   0.000379602   -0.00490447      0.999988      0.098856
            1  -0.000528662  -7.32833e-05    -0.0175475    0.00052865             1  -0.000169293     -0.023666   7.33728e-05   0.000169254             1      0.033193
            1  -0.000689006  -0.000182615   -0.00299296   0.000688893             1  -0.000622475     0.0681206   0.000183044   0.000622349             1     0.0253308
            1   -0.00064774  -0.000601184   0.000950162   0.000647418             1  -0.000534673     0.0048135    0.00060153   0.000534284             1     0.0230028
     0.999999  -0.000928438  -0.000476308   -0.00761489   0.000927754      0.999999   -0.00143333     0.0425917   0.000477638    0.00143289      0.999999     0.0478418
     0.999999  -0.000882716  -0.000553906     0.0069167   0.000882128      0.999999   -0.00106064      0.153904   0.000554842    0.00106015      0.999999     0.0418513
     0.999999   -0.00119782  -0.000652621     0.0127561    0.00119732      0.999999  -0.000763694    -0.0489014   0.000653535   0.000762912      0.999999     0.0608649
