# 3dvolreg matrices (DICOM-to-DICOM, row-by-row):
            1   0.000226144   0.000719471   -0.00718367  -0.000225529             1   -0.00085449      0.151841  -0.000719664   0.000854327      0.999999      -0.06759
            1   0.000362813   0.000547813    0.00322699  -0.000362221      0.999999   -0.00108121       0.22841  -0.000548205    0.00108101      0.999999    -0.0978559
            1  -6.46738e-12  -9.44785e-11  -4.72508e-09   6.46738e-12             1   3.42933e-11  -5.23845e-09   9.44785e-11  -3.42933e-11             1  -3.45606e-09
            1   0.000274822  -0.000762185     0.0176154  -0.000274651             1   0.000224988      0.139129   0.000762246  -0.000224779             1      0.032033
     0.999999   0.000395242   -0.00126087     0.0345735  -0.000394121             1   0.000889699      0.165007    0.00126123  -0.000889202      0.999999     0.0364198
     0.999999   0.000397252   -0.00164034     0.0337489  -0.000395703      0.999999   0.000944598      0.143513    0.00164071  -0.000943948      0.999998     0.0744488
     0.999997   0.000562378   -0.00224702     0.0342492  -0.000560452      0.999999   0.000857532      0.130026     0.0022475   -0.00085627      0.999997      0.124734
     0.999997   0.000738586   -0.00247894     0.0318583   -0.00073628      0.999999   0.000931016      0.162374    0.00247963  -0.000929188      0.999996     0.0976531
     0.999996   0.000711764   -0.00254859     0.0415158   -0.00071024             1   0.000599179      0.158348    0.00254901  -0.000597366      0.999997      0.131452
     0.999996   0.000532663   -0.00265622     0.0635438  -0.000531624             1   0.000391964      0.145977    0.00265643  -0.000390551      0.999996      0.159222
     0.999996    0.00070278   -0.00258396      0.054004  -0.000701016             1   0.000683724       0.18816    0.00258444   -0.00068191      0.999996      0.108978
     0.999998    0.00107709   -0.00173608     0.0186949   -0.00107482      0.999999    0.00130526      0.155298    0.00173749   -0.00130339      0.999998      0.180624
     0.999996    0.00122072   -0.00244964     0.0385814     -0.001217      0.999998    0.00151912      0.111789    0.00245149   -0.00151613      0.999996      0.197493
     0.999996    0.00138934   -0.00252013      0.038849   -0.00138623      0.999998    0.00123357      0.131245    0.00252184   -0.00123007      0.999996      0.161279
     0.999995    0.00140739   -0.00272106     0.0471875   -0.00140315      0.999998    0.00155813      0.133294    0.00272325    -0.0015543      0.999995      0.181734
     0.999994    0.00140537    -0.0030878     0.0461381   -0.00140053      0.999998    0.00156803      0.123409       0.00309    -0.0015637      0.999994       0.21321
     0.999993    0.00167782   -0.00335248     0.0399471   -0.00167245      0.999997    0.00160404      0.118919    0.00335516   -0.00159842      0.999993      0.215037
     0.999992    0.00168825   -0.00352189     0.0446154   -0.00168144      0.999997    0.00193408      0.128753    0.00352514   -0.00192814      0.999992      0.258424
     0.999992    0.00163124     -0.003644     0.0525541   -0.00162403      0.999997    0.00197942     0.0812679    0.00364722   -0.00197349      0.999991      0.274048
     0.999992     0.0016316   -0.00352507     0.0487174   -0.00162382      0.999996    0.00220848       0.10471    0.00352866   -0.00220274      0.999991      0.254924
     0.999992    0.00172226   -0.00359414     0.0465407   -0.00171588      0.999997    0.00177805     0.0700579     0.0035972   -0.00177187      0.999992      0.237113
     0.999993    0.00170018   -0.00344699     0.0561666   -0.00169218      0.999996    0.00232344     0.0813177    0.00345093   -0.00231759      0.999991      0.257735
     0.999993    0.00138246   -0.00340469     0.0718535   -0.00137208      0.999994    0.00304885      0.114252    0.00340889   -0.00304416       0.99999      0.312554
     0.999992    0.00159958   -0.00376937     0.0657189   -0.00158843      0.999994    0.00296014      0.129631    0.00377408   -0.00295413      0.999989      0.287884
      0.99999    0.00182995   -0.00409473     0.0675444   -0.00181653      0.999993    0.00327947      0.105339    0.00410071     -0.003272      0.999986      0.289839
     0.999988    0.00176393   -0.00449074     0.0855669   -0.00174775      0.999992    0.00360517     0.0696879    0.00449707   -0.00359728      0.999983      0.318944
     0.999991    0.00160054   -0.00391677     0.0771388    -0.0015887      0.999994    0.00302175      0.124781    0.00392158    -0.0030155      0.999988      0.273613
     0.999994    0.00204128   -0.00276393     0.0411403   -0.00203663      0.999997    0.00168399      0.210441    0.00276736   -0.00167836      0.999995      0.220725
     0.999992    0.00208273   -0.00337696     0.0593411    -0.0020801      0.999998   0.000784137       0.20433    0.00337858  -0.000777106      0.999994      0.233816
      0.99999    0.00186999   -0.00411859     0.0954729   -0.00186635      0.999998   0.000887287      0.104619    0.00412024  -0.000879591      0.999991      0.283172
     0.999989    0.00188588    -0.0041824      0.102552   -0.00188273      0.999998   0.000757177      0.126132    0.00418382  -0.000749295      0.999991      0.296501
     0.999989      0.001965   -0.00420895      0.100535   -0.00196074      0.999998    0.00101665     0.0951695    0.00421093   -0.00100839      0.999991      0.285825
     0.999988    0.00214907   -0.00450794      0.101661   -0.00214261      0.999997    0.00143862     0.0698235    0.00451101   -0.00142894      0.999989      0.313057
     0.999986    0.00223872   -0.00485942      0.103029    -0.0022308      0.999996    0.00163434     0.0850019    0.00486306   -0.00162347      0.999987      0.338316
     0.999987    0.00212865   -0.00468643      0.108997   -0.00212523      0.999997    0.00073419      0.121188    0.00468798  -0.000724221      0.999989      0.356956
     0.999986    0.00209999   -0.00478101      0.108358   -0.00209531      0.999997   0.000982447     0.0969515    0.00478306  -0.000972416      0.999988      0.336477
     0.999986     0.0022226   -0.00484943      0.101408   -0.00221631      0.999997    0.00130171     0.0563158    0.00485231   -0.00129095      0.999987      0.370709
     0.999985    0.00262185   -0.00485121     0.0930655   -0.00261598      0.999996      0.001217     0.0753695    0.00485438   -0.00120429      0.999987      0.398114
     0.999984    0.00259092   -0.00494163     0.0935265   -0.00258713      0.999996   0.000772226      0.098759    0.00494362  -0.000759429      0.999987      0.402667
     0.999982    0.00273437   -0.00533828     0.0952881   -0.00272683      0.999995    0.00141845     0.0848019    0.00534214   -0.00140387      0.999985      0.383666
     0.999981    0.00266917   -0.00551051      0.110057   -0.00266004      0.999995    0.00166343      0.021139    0.00551492   -0.00164874      0.999983      0.391697
     0.999981    0.00248898   -0.00564578      0.113558   -0.00248353      0.999996   0.000970505     0.0571565    0.00564818  -0.000956465      0.999984      0.406063
     0.999983    0.00292955   -0.00512414     0.0839703   -0.00292306      0.999995      0.001274     0.0781923    0.00512785     -0.001259      0.999986      0.402847
     0.999981    0.00294492   -0.00546518      0.103846    -0.0029405      0.999995   0.000816849     0.0483288    0.00546756  -0.000800763      0.999985      0.434702
     0.999979    0.00285263   -0.00575155      0.113648   -0.00284347      0.999995     0.0015998     0.0104364    0.00575608   -0.00158341      0.999982      0.462379
     0.999979    0.00277444   -0.00577688      0.116819   -0.00276551      0.999995    0.00155324     0.0819831    0.00578116   -0.00153723      0.999982      0.446914
     0.999978    0.00301505    -0.0058767      0.117712   -0.00300494      0.999994    0.00172957     0.0573714    0.00588188   -0.00171187      0.999981      0.399719
     0.999977    0.00292196   -0.00615967      0.129612   -0.00291813      0.999996   0.000631747      0.128154    0.00616149  -0.000613758      0.999981      0.454801
     0.999977    0.00286914   -0.00607289      0.108924   -0.00285913      0.999995    0.00165582    -0.0610046    0.00607761   -0.00163842       0.99998      0.523647
     0.999975    0.00311797   -0.00638462      0.114859   -0.00310356      0.999993    0.00226599      0.126804    0.00639164   -0.00224612      0.999977      0.519388
     0.999974    0.00296745   -0.00663517      0.120923   -0.00294858      0.999992     0.0028517    0.00492256    0.00664358   -0.00283206      0.999974      0.547954
     0.999973    0.00320121   -0.00667496      0.116963   -0.00318546      0.999992    0.00236941     0.0528852    0.00668249   -0.00234808      0.999975       0.53663
      0.99997    0.00346584   -0.00685948      0.110336   -0.00344568       0.99999    0.00294852     0.0131879    0.00686963    -0.0029248      0.999972      0.542804
      0.99997     0.0033638    -0.0069881      0.109051   -0.00334665      0.999991    0.00246418     0.0307598    0.00699633   -0.00244072      0.999973       0.59531
     0.999969    0.00334676   -0.00707941      0.112566   -0.00332382      0.999989    0.00324977     0.0269196    0.00709021   -0.00322614       0.99997      0.629627
     0.999968     0.0034004   -0.00717723      0.113285   -0.00337467      0.999988    0.00359415    0.00188797    0.00718936   -0.00356982      0.999968      0.624418
     0.999968    0.00348459   -0.00725601      0.109227   -0.00345951      0.999988    0.00346639     0.0469359      0.007268   -0.00344117      0.999968      0.626833
     0.999969    0.00324149   -0.00723037      0.124533   -0.00321722      0.999989    0.00336677    0.00748546    0.00724121    -0.0033434      0.999968      0.663549
     0.999969    0.00332503   -0.00710438      0.122671   -0.00329982      0.999988    0.00355623     0.0405972    0.00711612   -0.00353268      0.999968      0.655623
      0.99997    0.00322263   -0.00709262      0.127126   -0.00319236      0.999986    0.00427523     -0.038558     0.0071063   -0.00425246      0.999966      0.689525
     0.999969    0.00316717   -0.00726295      0.133527   -0.00313739      0.999987    0.00410717    -0.0289579    0.00727586   -0.00408426      0.999965      0.724083
      0.99997    0.00319907   -0.00702757      0.123541   -0.00317393      0.999989    0.00358571     0.0276481    0.00703896    -0.0035633      0.999969      0.711679
      0.99997    0.00317433   -0.00710483      0.127541   -0.00314069      0.999984    0.00474096   -0.00716013    0.00711977    -0.0047185      0.999964      0.739046
     0.999968      0.003136   -0.00733354      0.122381   -0.00309905      0.999982    0.00504428       -0.0296    0.00734923   -0.00502139       0.99996      0.768837
     0.999966    0.00311489   -0.00758339      0.124881   -0.00307465      0.999981    0.00531232     0.0506988    0.00759979   -0.00528883      0.999957      0.718946
     0.999968    0.00317496   -0.00734586      0.123771   -0.00313662      0.999981    0.00522496     0.0467632    0.00736231   -0.00520176      0.999959      0.760491
     0.999965    0.00331384    -0.0077197      0.130869   -0.00327388      0.999981    0.00518313    -0.0213566    0.00773673   -0.00515768      0.999957      0.807787
     0.999974    0.00296398   -0.00661825     0.0932753   -0.00292814      0.999981    0.00541824    -0.0400351    0.00663419   -0.00539872      0.999963      0.756215
      0.99997    0.00328751   -0.00702033      0.107749   -0.00325516      0.999984    0.00461395     0.0764404    0.00703539   -0.00459096      0.999965      0.754728
     0.999971    0.00342217   -0.00677917     0.0990972   -0.00338955      0.999983    0.00481665    -0.0439975    0.00679553   -0.00479353      0.999965      0.793645
     0.999965    0.00354737   -0.00756291      0.118487   -0.00351016      0.999982    0.00492795    -0.0531204    0.00758025   -0.00490123      0.999959       0.84323
     0.999966    0.00362579   -0.00735998      0.117333   -0.00359211      0.999983    0.00458331     0.0112172    0.00737648   -0.00455672      0.999962       0.79916
     0.999966    0.00365824   -0.00738368      0.116787   -0.00362187      0.999981    0.00493271    -0.0323301    0.00740159    -0.0049058      0.999961      0.808355
     0.999963    0.00357622   -0.00783726      0.131937    -0.0035329      0.999978    0.00553471     -0.127195    0.00785689   -0.00550681      0.999954      0.863074
     0.999963    0.00357043   -0.00781738      0.125891   -0.00352515      0.999977    0.00579935    -0.0566997     0.0078379   -0.00577158      0.999953      0.888891
     0.999963    0.00355982   -0.00786249      0.122693   -0.00351148      0.999975    0.00615369     -0.135702     0.0078842   -0.00612585       0.99995      0.888476
      0.99996     0.0036246   -0.00822575      0.133043   -0.00357433      0.999975    0.00611736     -0.103652    0.00824771   -0.00608771      0.999947      0.896409
     0.999961    0.00355841   -0.00810106       0.12486    -0.0035079      0.999974    0.00624066    -0.0716418    0.00812306     -0.006212      0.999948      0.911554
     0.999962    0.00357826   -0.00800474      0.123693   -0.00352722      0.999973    0.00638077     -0.096106    0.00802736    -0.0063523      0.999948      0.935048
     0.999958    0.00348677   -0.00849125      0.122511   -0.00343209      0.999973    0.00644491    -0.0665365     0.0085135    -0.0064155      0.999943      0.905073
     0.999956     0.0035658   -0.00862386      0.122919   -0.00351146      0.999974    0.00630802     -0.029358    0.00864612   -0.00627746      0.999943      0.903077
     0.999955    0.00365272   -0.00873832       0.12495   -0.00359474      0.999971    0.00664121     -0.097835    0.00876233    -0.0066095       0.99994      0.946929
     0.999955    0.00358507   -0.00883416      0.131454   -0.00352156      0.999968    0.00719478     -0.109933    0.00885967   -0.00716334      0.999935      0.986455
     0.999954    0.00376168   -0.00877325      0.123707   -0.00369973      0.999968    0.00706677    -0.0425319    0.00879955   -0.00703399      0.999937      0.967932
     0.999953    0.00379516   -0.00895778      0.126789   -0.00373094      0.999967    0.00717482    -0.0870813    0.00898472   -0.00714106      0.999934       1.00115
     0.999953    0.00359825    -0.0089685      0.124991   -0.00353639       0.99997    0.00690298    -0.0615166    0.00899307   -0.00687095      0.999936        1.0217
     0.999952    0.00368622   -0.00902342      0.118576   -0.00362029      0.999967    0.00731257     -0.108127    0.00905007   -0.00727956      0.999933       1.04028
     0.999953      0.003618   -0.00897362      0.115306    -0.0035498      0.999965    0.00760437     -0.121053    0.00900082   -0.00757216      0.999931       1.06157
     0.999954    0.00397173   -0.00871374      0.107673   -0.00390818      0.999966    0.00729831    -0.0292414    0.00874242   -0.00726392      0.999935      0.995456
     0.999952    0.00401105   -0.00889116      0.102249   -0.00394507      0.999965    0.00742591     -0.012398    0.00892063   -0.00739048      0.999933      0.943251
     0.999957    0.00353338   -0.00863194       0.10203   -0.00346647      0.999964    0.00775359    -0.0914483    0.00865902   -0.00772333      0.999933       1.01796
     0.999956    0.00374942   -0.00862613      0.107229   -0.00367735      0.999958    0.00835626     -0.141757    0.00865711   -0.00832417      0.999928       1.09175
     0.999953    0.00401156   -0.00879394      0.108555   -0.00393193      0.999951    0.00905377     -0.138066    0.00882983   -0.00901877       0.99992       1.11986
     0.999952     0.0039686    -0.0089206      0.110781   -0.00388376      0.999947    0.00950782     -0.133689    0.00895786   -0.00947272      0.999915       1.14244
     0.999955    0.00377441   -0.00868411      0.119701   -0.00368978      0.999946    0.00974154     -0.173014    0.00872041   -0.00970906      0.999915       1.19253
     0.999954     0.0039598   -0.00876931      0.113749   -0.00387055      0.999941     0.0101711     -0.114596    0.00880907    -0.0101367       0.99991       1.20292
     0.999954    0.00397935   -0.00875317      0.117115   -0.00389098      0.999942     0.0100896     -0.116009    0.00879281     -0.010055      0.999911       1.21054
     0.999953    0.00388648   -0.00892288      0.123039   -0.00379378      0.999939     0.0103834      -0.13903    0.00896269     -0.010349      0.999906       1.25158
     0.999952    0.00401827   -0.00896824      0.121762   -0.00392556      0.999939     0.0103312     -0.104104     0.0090092    -0.0102955      0.999906       1.25525
     0.999954    0.00397871   -0.00874226      0.118073   -0.00388085       0.99993     0.0111829     -0.140849    0.00878614    -0.0111484      0.999899       1.28516
     0.999954    0.00382159   -0.00881189      0.118609   -0.00372115      0.999928     0.0113864     -0.205697    0.00885478     -0.011353      0.999896       1.31315
     0.999955    0.00381329   -0.00863152        0.1159   -0.00371772      0.999932     0.0110622     -0.136382    0.00867312    -0.0110297      0.999902       1.32471
     0.999956    0.00393949   -0.00848547      0.110909   -0.00384171      0.999926     0.0115087     -0.128026    0.00853018    -0.0114756      0.999898       1.33673
     0.999953    0.00387444   -0.00891392      0.120285   -0.00376719      0.999921     0.0120168     -0.140467    0.00895977    -0.0119827      0.999888       1.37801
     0.999958    0.00256111   -0.00882902      0.195694   -0.00245209      0.999921     0.0123366     -0.122971    0.00885992    -0.0123144      0.999885       1.52562
      0.99996     0.0036688    -0.0081162      0.103062   -0.00356455      0.999911     0.0128221     -0.169069    0.00816253    -0.0127927      0.999885       1.52593
     0.999952     0.0033049    -0.0092124      0.135149   -0.00317494      0.999896     0.0140857     -0.165404    0.00925799    -0.0140558      0.999858       1.57882
      0.99995    0.00338345    -0.0094078      0.140767   -0.00324736       0.99989     0.0144432    -0.0928911    0.00945564    -0.0144119      0.999851       1.56976
      0.99995    0.00352216   -0.00940092      0.142499   -0.00338167      0.999883     0.0149183       -0.1394    0.00945237    -0.0148857      0.999845       1.56079
     0.999949    0.00337137   -0.00954933      0.150153   -0.00322592      0.999879     0.0152062     -0.159618    0.00959944    -0.0151746      0.999839       1.59752
     0.999949    0.00348832   -0.00943209      0.141636   -0.00334438      0.999878     0.0152337     -0.128897    0.00948408    -0.0152014      0.999839       1.59807
      0.99995    0.00374532    -0.0092968      0.129667   -0.00359956      0.999871     0.0156456      -0.09858     0.0093542    -0.0156114      0.999834       1.61157
     0.999949    0.00366405   -0.00937506      0.136904   -0.00351052       0.99986     0.0163415     -0.186013    0.00943363    -0.0163078      0.999823       1.66719
     0.999946    0.00373651   -0.00971092      0.140047   -0.00357802      0.999861     0.0162868     -0.119779    0.00977043    -0.0162512       0.99982        1.6458
     0.999947    0.00367186   -0.00962522       0.14094    -0.0035124      0.999857     0.0165319     -0.144754    0.00968455    -0.0164972      0.999817       1.64979
     0.999947    0.00371759   -0.00955295      0.139048   -0.00356019      0.999859     0.0164406     -0.126851    0.00961272    -0.0164057      0.999819       1.68426
     0.999947    0.00382682   -0.00951671      0.125795   -0.00366473      0.999849     0.0169919     -0.115734    0.00958029    -0.0169562       0.99981       1.71503
      0.99995    0.00373498   -0.00928863       0.12597   -0.00357749      0.999851     0.0169146     -0.147299    0.00935041    -0.0168805      0.999814       1.66503
     0.999949    0.00385459   -0.00929264      0.120775   -0.00369248      0.999842     0.0173993    -0.0776838    0.00935824    -0.0173641      0.999805       1.67266
      0.99995    0.00384463    -0.0091934      0.116406   -0.00368473      0.999843     0.0173467      -0.16023    0.00925865    -0.0173119      0.999807       1.68216
     0.999948    0.00393263     -0.009408      0.110234   -0.00376649      0.999838     0.0176117     -0.158789    0.00947573    -0.0175754      0.999801       1.72948
     0.999947    0.00400763   -0.00953264      0.110583    -0.0038402      0.999839     0.0175175      -0.10304    0.00960131      -0.01748      0.999801       1.73063
     0.999947    0.00403975   -0.00945642      0.108572   -0.00386878       0.99983     0.0180289     -0.115325    0.00952765    -0.0179913      0.999793       1.75977
     0.999944    0.00413371   -0.00974145       0.11087    -0.0039554      0.999826     0.0182533     -0.139796     0.0098152    -0.0182138      0.999786        1.7911
     0.999948    0.00411764   -0.00937326      0.102952   -0.00394804      0.999829     0.0180412    -0.0925012    0.00944595    -0.0180033      0.999793       1.76792
     0.999946    0.00451226   -0.00933834     0.0807925   -0.00433525      0.999812     0.0188889    -0.0632237    0.00942182    -0.0188474      0.999778       1.79071
      0.99994    0.00447384   -0.00996234      0.089147   -0.00428778      0.999817     0.0186202    -0.0969557     0.0100438    -0.0185764      0.999777       1.81741
     0.999939    0.00449395     -0.010066      0.096911    -0.0043045      0.999815     0.0187644    -0.0240658     0.0101485    -0.0187199      0.999773       1.80641
      0.99994     0.0043526    -0.0100688      0.100893   -0.00415438      0.999799     0.0196248    -0.0782465     0.0101522    -0.0195818      0.999757       1.81391
     0.999939     0.0042414    -0.0101624      0.110677    -0.0040413      0.999799     0.0196304    -0.0991876     0.0102436    -0.0195881      0.999756       1.83163
     0.999939    0.00433169    -0.0102033       0.10439   -0.00413213      0.999801     0.0194992    -0.0455546     0.0102858    -0.0194559      0.999758       1.81102
     0.999935    0.00451713    -0.0104458      0.102695   -0.00430405      0.999784     0.0203317    -0.0930753     0.0105354    -0.0202854      0.999739       1.86719
     0.999938    0.00432595    -0.0102496     0.0997114   -0.00411371      0.999779      0.020639     -0.130481     0.0103366    -0.0205955      0.999734       1.90089
     0.999938    0.00447802    -0.0101709      0.091193   -0.00426938      0.999782     0.0204435    -0.0758964     0.0102603    -0.0203988      0.999739       1.88179
      0.99994    0.00434895    -0.0100146      0.095571   -0.00414296      0.999781     0.0204985     -0.111411     0.0101016    -0.0204558       0.99974       1.87841
     0.999939    0.00444549    -0.0101135     0.0899309   -0.00423558      0.999777      0.020683     -0.148055     0.0102032    -0.0206389      0.999735       1.87753
     0.999939    0.00463527   -0.00998614     0.0739258   -0.00442563      0.999771      0.020914    -0.0277597     0.0100808    -0.0208685      0.999731       1.88379
     0.999938     0.0045211    -0.0102193      0.080698   -0.00430333      0.999765     0.0212325     -0.144066     0.0103129    -0.0211872      0.999722       1.90353
     0.999936    0.00466603    -0.0103071     0.0715481   -0.00444287      0.999758     0.0215682     -0.102403     0.0104052     -0.021521      0.999714       1.90734
     0.999938    0.00548036   -0.00965821     0.0108865   -0.00528382      0.999781     0.0202579     -0.115535    0.00976711    -0.0202056      0.999748       1.92726
     0.999941     0.0054559   -0.00939705      0.023808   -0.00525904      0.999769     0.0208477    -0.0961849    0.00950862     -0.020797      0.999739       1.89635
     0.999942    0.00536099   -0.00936922     0.0412477   -0.00515717      0.999752     0.0216445     -0.217485    0.00948294     -0.021595      0.999722       1.92545
     0.999943    0.00528166   -0.00931154     0.0434804   -0.00507802       0.99975     0.0217593     -0.138687    0.00942414    -0.0217107       0.99972        1.9134
     0.999943    0.00536921   -0.00923972     0.0413965   -0.00516456      0.999744     0.0220315     -0.160523    0.00935565    -0.0219825      0.999715       1.91947
     0.999944    0.00520207   -0.00918148     0.0503684   -0.00500493      0.999759     0.0213654     -0.163351    0.00929041    -0.0213183       0.99973       1.96359
     0.999946    0.00519792   -0.00894378     0.0454236   -0.00500168      0.999749     0.0218254     -0.122265    0.00905499    -0.0217795      0.999722       1.94792
     0.999949    0.00494064   -0.00875934     0.0476077   -0.00474371      0.999739     0.0223621     -0.228268    0.00886753    -0.0223194      0.999712       1.99537
     0.999948    0.00515184   -0.00883624      0.040626   -0.00495575      0.999744     0.0220713     -0.149494    0.00894769    -0.0220263      0.999717        1.9887
     0.999949    0.00513842    -0.0087436     0.0396695   -0.00494138      0.999737     0.0224097     -0.158829    0.00885645    -0.0223653      0.999711       2.00773
     0.999949    0.00500313   -0.00878993     0.0465325   -0.00480834      0.999745      0.022044     -0.189419    0.00889798    -0.0220006      0.999718        2.0162
     0.999949    0.00497863   -0.00875746     0.0466754   -0.00478339      0.999743      0.022176     -0.143986    0.00886561     -0.022133      0.999716       2.02353
     0.999948     0.0049926   -0.00886704     0.0492715   -0.00479416      0.999741     0.0222617     -0.169865    0.00897589     -0.022218      0.999713       2.01092
     0.999948    0.00496695   -0.00895805     0.0493376   -0.00476731      0.999743     0.0221717     -0.193474    0.00906588    -0.0221278      0.999714       2.05326
     0.999949    0.00502199    -0.0087235     0.0439847   -0.00482203      0.999729     0.0227937     -0.153445     0.0088356    -0.0227505      0.999702       2.05822
     0.999952    0.00479657   -0.00856906     0.0477436   -0.00459777      0.999723     0.0230715     -0.224715    0.00867736    -0.0230309      0.999697       2.07305
     0.999955    0.00465603   -0.00825844     0.0555516   -0.00446221      0.999718     0.0233346     -0.211872    0.00836476    -0.0232967      0.999694        2.0635
     0.999953    0.00494466   -0.00833189     0.0502472   -0.00474842      0.999715     0.0234102     -0.128804    0.00844527    -0.0233696      0.999691       2.02737
     0.999951    0.00497305    -0.0085496     0.0586193   -0.00476595      0.999699     0.0240761     -0.194507    0.00866675    -0.0240342      0.999674       2.05254
     0.999951    0.00504053    -0.0085739      0.050093   -0.00483766      0.999712     0.0235194      -0.15506    0.00868997    -0.0234767      0.999687       2.04947
     0.999949     0.0051795   -0.00868085     0.0540935   -0.00497376       0.99971     0.0235572     -0.132761    0.00880035    -0.0235129      0.999685        2.0435
      0.99995    0.00505413   -0.00867929     0.0579657   -0.00484785      0.999709     0.0236253     -0.145722    0.00879617     -0.023582      0.999683       2.06358
     0.999949    0.00500282    -0.0087342     0.0585382   -0.00479217      0.999701     0.0239745       -0.1637    0.00885153    -0.0239314      0.999674       2.10639
     0.999949    0.00526826   -0.00860416     0.0494223    -0.0050594      0.999696     0.0241186     -0.155622    0.00872861    -0.0240738      0.999672       2.10704
     0.999951    0.00499709    -0.0085512        0.0685   -0.00478596      0.999687     0.0245357     -0.209673    0.00867113    -0.0244936      0.999662       2.14288
     0.999951    0.00491664   -0.00861661     0.0758115   -0.00470076      0.999679     0.0248975     -0.167203    0.00873626    -0.0248558      0.999653       2.12805
     0.999949    0.00508463   -0.00868415     0.0675148   -0.00486597      0.999675     0.0250174     -0.148432    0.00880853    -0.0249739      0.999649       2.11934
     0.999949    0.00505898   -0.00879323     0.0681586   -0.00483681      0.999673     0.0251065     -0.198228    0.00891737    -0.0250627      0.999646       2.15061
     0.999951    0.00510103   -0.00848007     0.0637115   -0.00488767      0.999676     0.0249937     -0.136151    0.00860482     -0.024951      0.999652       2.14545
     0.999952    0.00495863    -0.0084836     0.0703303   -0.00474335      0.999671     0.0252107     -0.162087    0.00860581    -0.0251692      0.999646       2.15896
      0.99995    0.00497651   -0.00861892      0.069188   -0.00475546      0.999664     0.0254797     -0.168698    0.00874283    -0.0254375      0.999638        2.1709
     0.999951    0.00499738   -0.00848798     0.0690639   -0.00477821       0.99966     0.0256478     -0.148614    0.00861327     -0.025606      0.999635       2.17696
     0.999951    0.00504139   -0.00846921     0.0656266   -0.00482255      0.999659     0.0256643    -0.0893672     0.0085957    -0.0256222      0.999635       2.14609
     0.999949    0.00517281   -0.00863007     0.0703635   -0.00495189      0.999664      0.025426     -0.120873     0.0087587     -0.025382      0.999639       2.16647
     0.999949     0.0051857   -0.00867293     0.0687563   -0.00496609      0.999671     0.0251536     -0.110324    0.00880052    -0.0251093      0.999646       2.17458
     0.999948    0.00523412   -0.00871208      0.064562   -0.00500791      0.999655     0.0257873      -0.10284    0.00884405    -0.0257423      0.999629       2.14517
     0.999953    0.00500378   -0.00829412     0.0736594   -0.00478773      0.999654     0.0258665     -0.184802    0.00842068    -0.0258256      0.999631       2.15862
     0.999954    0.00494296   -0.00825813     0.0747694   -0.00472923      0.999658      0.025704     -0.136641    0.00838237    -0.0256638      0.999635        2.1419
     0.999952    0.00502956   -0.00844128     0.0689758   -0.00481164       0.99966      0.025641     -0.149174    0.00856737    -0.0255991      0.999636       2.17555
     0.999954    0.00498602   -0.00823273     0.0582931   -0.00476813      0.999643     0.0262762     -0.172019    0.00836081    -0.0262357      0.999621       2.20686
     0.999953    0.00507121   -0.00821501      0.048258    -0.0048538      0.999643     0.0262723     -0.123926    0.00834531    -0.0262312      0.999621       2.21164
     0.999954     0.0050557   -0.00820543     0.0445714   -0.00483976      0.999647     0.0261259     -0.118092    0.00833462     -0.026085      0.999625       2.18143
     0.999953    0.00507705   -0.00828794     0.0520962   -0.00486191      0.999656     0.0257757     -0.143377    0.00841595    -0.0257342      0.999633       2.18261
     0.999953    0.00503493   -0.00824006     0.0535495   -0.00481971      0.999652     0.0259333     -0.137487    0.00836776    -0.0258923       0.99963       2.19656
     0.999955    0.00506584   -0.00805529      0.047719   -0.00485394      0.999647     0.0261113      -0.16286    0.00818472    -0.0260711      0.999627       2.20946
     0.999959    0.00489136    -0.0076691     0.0390341   -0.00468897      0.999646     0.0261902     -0.129691    0.00779449    -0.0261531      0.999628       2.16428
      0.99996    0.00478503    -0.0075889     0.0479497   -0.00458069      0.999632     0.0267189     -0.209195    0.00771396     -0.026683      0.999614       2.17224
     0.999961    0.00477666   -0.00746835     0.0389341   -0.00457698      0.999638     0.0265298     -0.103789    0.00759237    -0.0264946       0.99962       2.14877
     0.999957    0.00507321   -0.00780796     0.0300041   -0.00486614      0.999642      0.026315    -0.0983738    0.00793867    -0.0262758      0.999623       2.16722
     0.999956    0.00510296   -0.00783521     0.0319369   -0.00489497      0.999641     0.0263389     -0.133657    0.00796681    -0.0262994      0.999622       2.19857
     0.999957    0.00511982   -0.00779094     0.0322386   -0.00490935      0.999629     0.0267981     -0.142595    0.00792525    -0.0267587      0.999611       2.19059
     0.999957     0.0052751   -0.00769162     0.0265265   -0.00506771       0.99963     0.0267383     -0.131815    0.00782982    -0.0266981      0.999613       2.15567
     0.999956    0.00536833   -0.00772822     0.0230877   -0.00515764      0.999621     0.0270289     -0.157933    0.00787039    -0.0269879      0.999605       2.14901
     0.999956    0.00538847   -0.00771695     0.0110691   -0.00517327      0.999605     0.0276408     -0.147064    0.00786284    -0.0275997      0.999588       2.15958
     0.999955    0.00549986   -0.00774729   -0.00332957   -0.00528506      0.999608      0.027478     -0.123742    0.00789538    -0.0274358      0.999592       2.17473
     0.999957    0.00541444   -0.00758017  -2.00215e-05    -0.0052005      0.999595      0.027965     -0.105552    0.00772852    -0.0279244       0.99958       2.17017
     0.999955    0.00534965    -0.0078219    0.00432094   -0.00512955      0.999598     0.0278932       -0.1221    0.00796797    -0.0278518       0.99958       2.18849
     0.999959    0.00534826   -0.00725637     0.0159855    -0.0051498       0.99962     0.0270979    -0.0722383    0.00739853    -0.0270595      0.999606       2.16681
      0.99996    0.00520266   -0.00721933      0.020173   -0.00500515       0.99962     0.0271116     -0.186071    0.00735763    -0.0270744      0.999606       2.17991
     0.999956     0.0053724   -0.00772065      0.010903   -0.00515644      0.999602     0.0277245     -0.170262    0.00786653    -0.0276835      0.999586       2.23154
     0.999956    0.00541065   -0.00765956   -0.00151202   -0.00519624      0.999602     0.0277406    -0.0998398     0.0078066    -0.0276996      0.999586       2.20167
     0.999953    0.00563088   -0.00787321   -0.00957957   -0.00540885      0.999595     0.0279434     -0.129327    0.00802737    -0.0278995      0.999579       2.21824
     0.999956     0.0055691   -0.00758063    -0.0139172   -0.00535981      0.999611     0.0273546    -0.0896297    0.00773002    -0.0273128      0.999597       2.21654
     0.999957    0.00558424   -0.00736704    -0.0157897   -0.00537794      0.999601     0.0277313     -0.107372    0.00751896    -0.0276905      0.999588       2.23961
     0.999957    0.00550918   -0.00743507    -0.0133059   -0.00529927      0.999595     0.0279618     -0.147012     0.0075861    -0.0279212      0.999581       2.26936
     0.999957    0.00553823     -0.007373    -0.0372158   -0.00532681      0.999583     0.0283921     -0.174637    0.00752717    -0.0283516       0.99957       2.30569
     0.999958    0.00557744   -0.00730597    -0.0482254   -0.00536632      0.999576     0.0286038     -0.126828    0.00746241    -0.0285634      0.999564       2.31448
     0.999958    0.00554438   -0.00733164     -0.051336   -0.00532917      0.999564     0.0290547     -0.135907    0.00748953    -0.0290144      0.999551       2.31942
      0.99996    0.00554765   -0.00703639    -0.0579908   -0.00534598      0.999583     0.0283634     -0.136148    0.00719081    -0.0283246      0.999573       2.32568
     0.999967    0.00532289   -0.00618233    -0.0653138   -0.00514421      0.999579     0.0285676     0.0604805    0.00633179    -0.0285349      0.999573       2.12913
     0.999977    0.00452842   -0.00512902     -0.056904   -0.00438141      0.999589     0.0283203      0.100047    0.00525516    -0.0282972      0.999586       1.85232
     0.999981    0.00396447   -0.00481747    -0.0219256    -0.0038266      0.999592     0.0282992     0.0177059    0.00492769    -0.0282802      0.999588       1.79304
     0.999981    0.00421827   -0.00451049    -0.0520354   -0.00409239      0.999612     0.0275628      0.101328      0.004625    -0.0275439       0.99961       1.78458
     0.999982    0.00406021   -0.00443858    -0.0598645   -0.00393953      0.999631      0.026867      0.196716    0.00454603    -0.0268491      0.999629       1.79588
     0.999987    0.00345629   -0.00372185    -0.0504008   -0.00335457       0.99963     0.0269993      0.133503    0.00381379    -0.0269865      0.999629       1.78037
     0.999985     0.0038166   -0.00400962    -0.0577315   -0.00370501      0.999616     0.0274778      0.174186    0.00411295    -0.0274626      0.999614       1.73537
     0.999986    0.00364464   -0.00392397    -0.0615862   -0.00353378      0.999605     0.0278987      0.118402     0.0040241    -0.0278844      0.999603       1.74107
     0.999985    0.00368999   -0.00408788    -0.0671408   -0.00357565      0.999612     0.0276348      0.184601    0.00418827    -0.0276198       0.99961       1.74364
     0.999987    0.00361748   -0.00368615     -0.066644   -0.00351669      0.999629     0.0269935      0.168679    0.00378243    -0.0269802      0.999629       1.72725
     0.999988    0.00342865   -0.00355114    -0.0628039   -0.00333187      0.999632     0.0269103      0.136502     0.0036421    -0.0268982      0.999632        1.7167
     0.999989    0.00332091   -0.00340804    -0.0642563   -0.00322673      0.999623     0.0272778      0.150193    0.00349734    -0.0272665      0.999622       1.73794
     0.999988    0.00341575   -0.00353229    -0.0609885   -0.00331739      0.999617      0.027487      0.155692    0.00362483    -0.0274749      0.999616       1.70393
     0.999988    0.00336634    -0.0034605    -0.0634611   -0.00327004      0.999617     0.0274681      0.213543    0.00355164    -0.0274564      0.999617       1.66152
     0.999989    0.00322856   -0.00347414    -0.0741531   -0.00313541      0.999644       0.02649      0.225575    0.00355843    -0.0264788      0.999643       1.62384
     0.999989    0.00329254   -0.00342559    -0.0770797   -0.00320124      0.999648     0.0263242      0.233626    0.00351106     -0.026313      0.999648       1.63598
     0.999989    0.00328885   -0.00340347    -0.0728058   -0.00319612      0.999633        0.0269      0.201842    0.00349069    -0.0268888      0.999632        1.6834
      0.99999    0.00302939   -0.00318102    -0.0756809   -0.00294248      0.999632     0.0269794      0.176828    0.00326158    -0.0269698      0.999631       1.67158
     0.999991    0.00297587   -0.00311503     -0.082393   -0.00288988      0.999624     0.0272536      0.193676    0.00319496    -0.0272443      0.999624       1.67965
     0.999991    0.00317237   -0.00275569    -0.0771139   -0.00309624      0.999625     0.0272051      0.233462    0.00284096    -0.0271963      0.999626        1.6433
     0.999991    0.00295533    -0.0029431    -0.0705331   -0.00287466       0.99963     0.0270461      0.203166    0.00302194    -0.0270374       0.99963       1.65196
     0.999991    0.00300508    -0.0029066    -0.0848265   -0.00292749      0.999649       0.02634      0.311751    0.00298473    -0.0263313      0.999649       1.55873
     0.999991    0.00311059   -0.00300004    -0.0857351   -0.00303309       0.99967     0.0255002      0.321717    0.00307837    -0.0254908       0.99967       1.51668
     0.999993    0.00285488   -0.00261569    -0.0867587   -0.00278607      0.999659     0.0259448      0.234755    0.00268887    -0.0259374       0.99966       1.55227
     0.999991    0.00302281   -0.00305212    -0.0829224   -0.00294226      0.999656     0.0260608      0.288851    0.00312985    -0.0260516      0.999656       1.55158
      0.99999    0.00306466    -0.0031347    -0.0910772   -0.00298027      0.999642     0.0265812      0.249059    0.00321504    -0.0265716      0.999642       1.58839
     0.999991    0.00293843   -0.00292502    -0.0900564   -0.00285947      0.999641     0.0266405      0.235601    0.00300225    -0.0266319      0.999641       1.59434
     0.999991    0.00303328   -0.00304013    -0.0900128   -0.00295309      0.999656      0.026045      0.321381    0.00311808    -0.0260358      0.999656       1.56174
     0.999991    0.00302744   -0.00302554    -0.0889011   -0.00294739      0.999654     0.0261214      0.283172    0.00310358    -0.0261123      0.999654       1.56852
