# 3dvolreg matrices (DICOM-to-DICOM, row-by-row):
     0.999976   0.000860396    0.00688411      0.149253   -0.00106072      0.999575     0.0291485       1.00451    -0.0068561    -0.0291551      0.999551       1.90132
     0.999977    0.00123166    0.00659467       0.14882   -0.00142058      0.999586     0.0287201       1.00431   -0.00655657    -0.0287289      0.999566       1.89454
     0.999976    0.00124505    0.00675342      0.146017   -0.00143964      0.999582     0.0288851      0.984708   -0.00671463    -0.0288941       0.99956        1.8999
     0.999977    0.00143428    0.00667876      0.141473   -0.00162764      0.999577     0.0290373      0.984172   -0.00663429    -0.0290475      0.999556       1.94001
     0.999977    0.00129357    0.00658419        0.1507   -0.00147949      0.999598     0.0283122      0.984596   -0.00654492    -0.0283213      0.999577       1.95927
     0.999977    0.00113446    0.00675642      0.153446   -0.00132462      0.999601     0.0282063        1.0143   -0.00672172    -0.0282145      0.999579       1.89558
     0.999975    0.00110221    0.00704693      0.137029    -0.0013055      0.999581     0.0289087      0.970026   -0.00701211    -0.0289172      0.999557       1.92891
     0.999976    0.00104989    0.00679865      0.143998   -0.00124751      0.999575     0.0291286      0.959176   -0.00676518    -0.0291364      0.999553       1.94735
     0.999975    0.00120464    0.00689858       0.13385   -0.00140311      0.999583     0.0288381       0.98302   -0.00686097     -0.028847       0.99956       1.93002
     0.999974    0.00131229    0.00703382      0.131447   -0.00151742      0.999571     0.0292376      0.948248   -0.00699243    -0.0292475      0.999548       1.95373
     0.999975   0.000723601    0.00699036      0.139334  -0.000932742      0.999551     0.0299618       0.92861   -0.00696553    -0.0299676      0.999527       1.99616
     0.999978    0.00139581    0.00651046      0.134726   -0.00158927      0.999554     0.0298043      0.951625   -0.00646596    -0.0298139      0.999535       2.05906
     0.999978    0.00101654    0.00661628      0.141696   -0.00121236      0.999559     0.0296605      0.969425   -0.00658321    -0.0296678      0.999538       2.03058
     0.999978   0.000863751    0.00657354      0.150679     -0.001066      0.999524     0.0308264      0.928233   -0.00654379    -0.0308327      0.999503        2.0766
      0.99998   0.000955729    0.00631629      0.150856   -0.00115064      0.999521     0.0309278      0.950338    -0.0062837    -0.0309344      0.999502       2.09348
     0.999982    0.00099828    0.00599682      0.149174   -0.00118325      0.999521     0.0309203      0.939202   -0.00596308    -0.0309268      0.999504        2.1213
      0.99998   0.000954616    0.00621669      0.166434   -0.00114656       0.99952     0.0309453      0.898026   -0.00618417    -0.0309518      0.999502       2.17626
     0.999983   0.000909736    0.00582055      0.162098   -0.00108969      0.999519     0.0309888       0.93934   -0.00578956    -0.0309946      0.999503       2.15065
     0.999984    0.00120481    0.00559326      0.157323   -0.00138197      0.999494     0.0317787      0.921826   -0.00555215    -0.0317859      0.999479       2.17798
     0.999985    0.00130637    0.00533016      0.158846    -0.0014721      0.999512      0.031208       0.92307   -0.00528679    -0.0312154      0.999499       2.18913
     0.999984    0.00118099     0.0056203      0.154784   -0.00135555      0.999514     0.0311563      0.940899   -0.00558077    -0.0311634      0.999499       2.16498
     0.999984    0.00134513    0.00547778      0.148918   -0.00151806      0.999497     0.0316873      0.917221    -0.0054324    -0.0316951      0.999483       2.19881
     0.999986    0.00159931    0.00505407      0.160891   -0.00175906      0.999494     0.0317634      0.923448   -0.00500071    -0.0317719      0.999483       2.18358
     0.999985    0.00167942    0.00516207       0.15038    -0.0018414      0.999501     0.0315347      0.981327   -0.00510653    -0.0315438      0.999489       2.12715
     0.999988    0.00159794    0.00459972      0.168775   -0.00174744      0.999464     0.0326853      0.864294   -0.00454502    -0.0326929      0.999455       2.14879
     0.999985    0.00157919    0.00532453      0.168077   -0.00175089      0.999473     0.0323989      0.914261   -0.00527056    -0.0324077      0.999461       2.16478
     0.999984    0.00162654    0.00536305      0.170698   -0.00180028      0.999468     0.0325533      0.938455   -0.00530725    -0.0325625      0.999456       2.11597
     0.999982    0.00144811    0.00581967      0.184611   -0.00163272      0.999492     0.0318426       0.96519    -0.0057706    -0.0318516      0.999476       2.13084
     0.999982    0.00146812    0.00579433      0.188123    -0.0016576       0.99946     0.0328323       0.85507     -0.005743    -0.0328413      0.999444       2.18954
     0.999986    0.00168624    0.00509835      0.179176   -0.00185308      0.999457     0.0328986      0.944494   -0.00504011    -0.0329075      0.999446       2.20811
     0.999984    0.00158484    0.00533811      0.175775   -0.00176366      0.999432     0.0336626      0.907651   -0.00528172    -0.0336715      0.999419       2.23275
     0.999988    0.00172595    0.00451172      0.188956   -0.00187416      0.999452     0.0330546      0.912958    -0.0044522    -0.0330626      0.999443       2.24788
     0.999987     0.0019219     0.0046278      0.185783   -0.00207316      0.999456      0.032905      0.921563   -0.00456205    -0.0329142      0.999448        2.2193
     0.999988    0.00201993    0.00435936      0.188586   -0.00216426      0.999441     0.0333606      0.903042   -0.00428954    -0.0333697      0.999434       2.21459
     0.999989    0.00186449     0.0043598      0.192394    -0.0020089      0.999442     0.0333549      0.881103   -0.00429517    -0.0333633      0.999434       2.21624
     0.999988    0.00170914    0.00464006       0.20979   -0.00186156      0.999452     0.0330452      0.919666   -0.00458104    -0.0330535      0.999443       2.21466
     0.999988    0.00204221    0.00439099      0.208497   -0.00218756      0.999441     0.0333563      0.956606   -0.00432042    -0.0333656      0.999434       2.11443
     0.999989    0.00224141    0.00406823      0.224911   -0.00237723      0.999429     0.0336945      0.888102   -0.00399039    -0.0337038      0.999424        2.1936
      0.99999     0.0022175    0.00397639      0.230232   -0.00235101      0.999423     0.0338912      0.892496   -0.00389894    -0.0339002      0.999418       2.22595
     0.999991    0.00219103    0.00351551      0.246305   -0.00230968      0.999415     0.0341082      0.893222   -0.00343872    -0.0341161      0.999412        2.2154
     0.999992    0.00219153    0.00346267      0.249784   -0.00230792       0.99942      0.033974      0.882137   -0.00338621    -0.0339817      0.999417       2.24238
     0.999992    0.00220593    0.00326742      0.255288   -0.00231634      0.999413     0.0341823      0.879091   -0.00319009    -0.0341896       0.99941       2.24744
     0.999994    0.00226658    0.00278421      0.282557   -0.00236145        0.9994     0.0345565       0.83195   -0.00270422    -0.0345629      0.999399       2.27918
     0.999994     0.0021087    0.00269817      0.300879   -0.00219892      0.999423     0.0338834      0.916313   -0.00262516    -0.0338892      0.999422       2.24965
     0.999994      0.002541    0.00254002        0.2702   -0.00262591      0.999418     0.0340009       1.01519   -0.00245215    -0.0340073      0.999419       2.13028
     0.999994    0.00205246    0.00261102      0.300725   -0.00214319      0.999377     0.0352338      0.869332   -0.00253708    -0.0352392      0.999376       2.22754
     0.999995    0.00207674    0.00242027      0.298709   -0.00216129      0.999368     0.0354714      0.942044   -0.00234508    -0.0354764      0.999368       2.24509
     0.999995    0.00194622     0.0023495       0.29352   -0.00202903      0.999358     0.0357729      0.875434   -0.00227837    -0.0357775      0.999357       2.31362
     0.999995    0.00215926    0.00223425      0.283546   -0.00223872      0.999342     0.0361965      0.906713   -0.00215462    -0.0362014      0.999342       2.35767
     0.999995    0.00206098    0.00218551      0.271322   -0.00213809      0.999354     0.0358885      0.938446   -0.00211013     -0.035893      0.999353       2.29735
     0.999995     0.0022029    0.00212721      0.286863   -0.00227894      0.999334      0.036432      0.908177   -0.00204554    -0.0364366      0.999334       2.38111
     0.999996    0.00238478    0.00165067       0.27269    -0.0024436      0.999327     0.0365985      0.915652   -0.00156228    -0.0366024      0.999329       2.35087
     0.999995    0.00261328    0.00148152      0.275633   -0.00266603      0.999319     0.0367982      0.913202   -0.00138434     -0.036802      0.999322       2.36222
     0.999996    0.00234585    0.00180887      0.281817   -0.00241092      0.999318     0.0368517      0.921434   -0.00172119    -0.0368559      0.999319        2.3911
     0.999996    0.00205227    0.00200046      0.270071   -0.00212453       0.99932      0.036816      0.937271   -0.00192355    -0.0368201       0.99932       2.33085
     0.999991    0.00145537    0.00400734      0.224225   -0.00159817      0.999355      0.035866      0.989712   -0.00395256    -0.0358721      0.999349       2.21956
     0.999994    0.00190659    0.00292381      0.246782   -0.00200928      0.999367     0.0355314       1.02079   -0.00285421    -0.0355371      0.999364       2.23195
     0.999995    0.00246451    0.00182123      0.264509   -0.00252965      0.999324     0.0366734       1.02764   -0.00172961    -0.0366778      0.999326       2.18595
     0.999996    0.00238561    0.00133219      0.283463   -0.00243241      0.999338     0.0363069      0.998975   -0.00124469      -0.03631       0.99934       2.22262
     0.999995     0.0020048    0.00235216      0.256939   -0.00208847      0.999345     0.0361252       1.01349    -0.0022782    -0.0361299      0.999345       2.19325
     0.999992    0.00141795    0.00385858      0.263601   -0.00155041      0.999402     0.0345451       1.11835   -0.00380729    -0.0345508      0.999396       1.98845
      0.99999   0.000874192     0.0044252      0.269983      -0.00103      0.999375     0.0353295       1.03161   -0.00439155    -0.0353337      0.999366       2.05756
     0.999993      0.001397    0.00347861      0.281282   -0.00152114      0.999353     0.0359448       1.05932   -0.00342615    -0.0359498      0.999348       2.09701
     0.999995    0.00170299    0.00257446      0.284703   -0.00179499      0.999344     0.0361641       1.05087   -0.00251119    -0.0361685      0.999343       2.10575
     0.999996    0.00151851    0.00252303       0.29618   -0.00160848      0.999349     0.0360493       1.03358   -0.00246664    -0.0360532      0.999347       2.12869
     0.999997    0.00191831      0.001757      0.287389   -0.00197963      0.999364      0.035594       1.06307    -0.0016876    -0.0355974      0.999365       2.15877
     0.999997     0.0023005    0.00071837      0.280127   -0.00232434      0.999379     0.0351633       1.02555  -0.000637031    -0.0351649      0.999381       2.24995
     0.999997     0.0021803    0.00113219      0.293964   -0.00222048       0.99932      0.036793      0.946995    -0.0010512    -0.0367954      0.999322        2.2923
     0.999997    0.00246234   0.000912995      0.289003   -0.00249447      0.999311     0.0370304      0.990411  -0.000821184    -0.0370325      0.999314       2.29654
     0.999997    0.00245299   0.000773144      0.290059   -0.00248012      0.999302     0.0372873      0.950198  -0.000681138    -0.0372891      0.999304       2.30792
     0.999997    0.00261317   0.000400781       0.29438   -0.00262649      0.999277     0.0379347      0.944659  -0.000301362    -0.0379356       0.99928       2.33545
     0.999997    0.00240926   0.000995199      0.291225   -0.00244499      0.999289     0.0376133       0.94733  -0.000903871    -0.0376156      0.999292       2.40021
     0.999996    0.00267886   0.000412391      0.288713    -0.0026923      0.999309     0.0370666      0.959942   -0.00031281    -0.0370676      0.999313       2.37389
     0.999996    0.00263565   0.000558287      0.284176   -0.00265481      0.999287     0.0376729      0.941012  -0.000458596    -0.0376742       0.99929        2.4033
     0.999997     0.0021972    0.00113364      0.293615   -0.00223795      0.999302     0.0372844      0.947969   -0.00105093    -0.0372868      0.999304       2.31686
     0.999996    0.00260305   0.000672101       0.28494   -0.00262657      0.999284     0.0377559      0.970098  -0.000573339    -0.0377576      0.999287       2.32345
     0.999997    0.00232237   0.000868177      0.292893   -0.00235345      0.999286     0.0376974      0.939798   -0.00078001    -0.0376993      0.999289       2.32479
     0.999997    0.00230637   0.000816397      0.296475   -0.00233506      0.999309     0.0370938      0.955366  -0.000730281    -0.0370956      0.999311       2.34065
     0.999997    0.00246985   0.000195571      0.293149    -0.0024755      0.999275     0.0379964      0.933666  -0.000101584    -0.0379967      0.999278       2.34963
     0.999997    0.00241183   0.000359198      0.298553    -0.0024239      0.999251     0.0386115      0.904887  -0.000265804    -0.0386123      0.999254       2.40356
     0.999997    0.00258493   0.000506261      0.279286   -0.00260238      0.999267     0.0382036      0.992114  -0.000407136    -0.0382048       0.99927       2.38175
     0.999996    0.00273056  -5.91252e-06      0.285614   -0.00272832      0.999261     0.0383297      0.954588   0.000110569    -0.0383295      0.999265       2.41497
     0.999996    0.00272372  -7.78427e-05      0.307105   -0.00271869      0.999252     0.0385693      0.920608   0.000182837    -0.0385689      0.999256        2.4387
     0.999996     0.0027588   7.39465e-05      0.297201   -0.00275961      0.999264     0.0382502       0.94646   3.16325e-05    -0.0382503      0.999268       2.43787
     0.999997    0.00254893  -0.000411943      0.304166   -0.00253184      0.999305     0.0371915      0.970598   0.000506455    -0.0371904      0.999308       2.42035
     0.999996     0.0027623  -0.000165273       0.26822   -0.00275451      0.999341     0.0362052      0.907802   0.000265174    -0.0362047      0.999344       2.49874
     0.999996     0.0027632  -0.000276969      0.264065   -0.00275091      0.999296     0.0374077      0.878246   0.000380139    -0.0374068        0.9993       2.51215
     0.999996    0.00270917  -0.000502507      0.294349   -0.00268806      0.999271     0.0380891      0.870163    0.00060533    -0.0380876      0.999274       2.50497
     0.999996    0.00268803  -0.000503869      0.292835   -0.00266717      0.999289     0.0376214      0.946191   0.000604638    -0.0376199      0.999292       2.45483
     0.999997     0.0024751  -0.000332472      0.297129   -0.00246099      0.999302     0.0372662      0.925312   0.000424478    -0.0372652      0.999305       2.48044
     0.999997    0.00255302  -0.000167182      0.285504   -0.00254494      0.999291     0.0375547      0.978343   0.000262941    -0.0375542      0.999295       2.47475
     0.999996    0.00274171  -0.000446752      0.293791   -0.00272222      0.999237     0.0389507      0.871404   0.000553203    -0.0389493      0.999241       2.49385
     0.999996    0.00272828   -0.00035358      0.293316    -0.0027122      0.999217     0.0394787      0.873982   0.000461012    -0.0394776       0.99922       2.52317
     0.999996    0.00290609   4.80421e-05      0.281863   -0.00290574      0.999227     0.0391998      0.877624   6.59133e-05    -0.0391998      0.999231       2.51295
     0.999997    0.00258027   0.000187785      0.291057   -0.00258568      0.999215     0.0395213      0.815802  -8.56616e-05    -0.0395217      0.999219       2.54385
     0.999997    0.00254928   0.000441215       0.28103   -0.00256447      0.999245       0.03877      0.901482  -0.000342046     -0.038771      0.999248       2.49587
     0.999997    0.00194722    0.00125411      0.236095   -0.00199319      0.999285     0.0377559      0.922202    -0.0011797    -0.0377583      0.999286       2.45277
     0.999996    0.00267533  -0.000111746       0.23733   -0.00266908      0.999261     0.0383377      0.929368   0.000214229    -0.0383372      0.999265       2.54942
     0.999995    0.00297166  -0.000991444      0.233945   -0.00293067      0.999233     0.0390604      0.912586    0.00110676    -0.0390573      0.999236       2.54823
     0.999994    0.00316442   -0.00160998      0.257645   -0.00309853      0.999218     0.0394067      0.912358    0.00173342    -0.0394015      0.999222        2.5762
     0.999993     0.0031505   -0.00220344      0.265226   -0.00306078      0.999211     0.0395992      0.911982    0.00232646    -0.0395922      0.999213        2.5775
     0.999993    0.00305798   -0.00199904      0.266199   -0.00297486      0.999182     0.0403361      0.859218    0.00212075    -0.0403298      0.999184        2.6481
     0.999993    0.00315903   -0.00185512      0.260777   -0.00308257        0.9992      0.039861      0.923796    0.00197956     -0.039855      0.999204       2.60496
     0.999991    0.00343466   -0.00230893      0.259973   -0.00333909      0.999186     0.0401937      0.912562     0.0024451    -0.0401856      0.999189       2.62138
     0.999991    0.00339882   -0.00247381      0.270348   -0.00329797      0.999207     0.0396909      0.873189    0.00260675    -0.0396824      0.999209       2.67055
     0.999992    0.00329416    -0.0021287      0.271971   -0.00320685      0.999203      0.039794      0.867667    0.00225809    -0.0397869      0.999206       2.67281
     0.999992    0.00323115   -0.00245691      0.285018    -0.0031295      0.999182     0.0403103      0.858249    0.00258515    -0.0403023      0.999184       2.67767
      0.99999    0.00347608   -0.00268281      0.279131   -0.00336513      0.999182     0.0403048      0.891244    0.00282072    -0.0402954      0.999184       2.66736
     0.999989    0.00367775   -0.00306919      0.286134   -0.00355169      0.999189     0.0401141      0.888001    0.00321423    -0.0401027       0.99919       2.70017
     0.999987    0.00371358   -0.00337806      0.287114   -0.00357547      0.999193     0.0400084      0.905464    0.00352391    -0.0399958      0.999194       2.69039
     0.999985     0.0038152   -0.00391229      0.277925   -0.00365545      0.999191     0.0400571      0.899151    0.00406195    -0.0400422       0.99919       2.69495
     0.999983    0.00379886   -0.00431396      0.276564   -0.00362041      0.999167      0.040647      0.867533    0.00446478    -0.0406307      0.999164       2.74472
      0.99998    0.00412423   -0.00477817      0.287689    -0.0039294      0.999188     0.0400896      0.922153    0.00493963      -0.04007      0.999185        2.6609
      0.99998    0.00404852   -0.00479183      0.300522   -0.00384564      0.999126     0.0416161      0.904068    0.00495612    -0.0415968      0.999122       2.71083
     0.999981    0.00405588   -0.00472129      0.304908   -0.00385229      0.999095     0.0423599      0.813655    0.00488882    -0.0423409      0.999091         2.817
     0.999978    0.00427293   -0.00512013      0.289145   -0.00405482      0.999114     0.0418785       0.90514    0.00529454    -0.0418568       0.99911       2.79796
     0.999982    0.00405933   -0.00448813      0.284743   -0.00386872      0.999123     0.0416935      0.855882    0.00465345    -0.0416754       0.99912       2.85907
     0.999983    0.00406962   -0.00419477      0.292858   -0.00389024      0.999113     0.0419188      0.862053    0.00436165    -0.0419018      0.999112       2.87352
     0.999984    0.00411978   -0.00390183       0.28013   -0.00395196      0.999106     0.0420823      0.860163    0.00407171    -0.0420662      0.999107       2.86399
     0.999981      0.004259   -0.00444901      0.282646   -0.00406513      0.999079     0.0427116      0.856166    0.00462682    -0.0426927      0.999078       2.85665
     0.999983     0.0040975   -0.00425984      0.290372   -0.00391285      0.999089     0.0424876      0.845741    0.00443005    -0.0424702      0.999088       2.89947
     0.999982    0.00426307   -0.00410624      0.281365   -0.00408308      0.999072     0.0428854      0.862187    0.00428526    -0.0428679      0.999072       2.90781
     0.999983    0.00416713   -0.00408322      0.276513   -0.00398749      0.999065     0.0430559      0.851189    0.00425882    -0.0430389      0.999064       2.90902
     0.999982    0.00422339   -0.00426641      0.275958   -0.00403559      0.999062     0.0431061       0.84586    0.00444447    -0.0430881      0.999061       2.92946
      0.99998    0.00430106   -0.00460066      0.289158   -0.00409704      0.999046     0.0434727        0.8218    0.00478325     -0.043453      0.999044       2.94626
     0.999981    0.00436914   -0.00435225       0.28301   -0.00417704      0.999057     0.0432099      0.833098    0.00453694    -0.0431909      0.999057       2.95703
     0.999982    0.00429285   -0.00427222      0.285129   -0.00410241      0.999039     0.0436296      0.848308    0.00445541    -0.0436113      0.999039       2.93484
     0.999983    0.00422087   -0.00401229      0.288168   -0.00404071      0.999028     0.0438968      0.829068    0.00419368    -0.0438798      0.999028       2.96116
      0.99998    0.00437935   -0.00445818      0.290482   -0.00418184       0.99905     0.0433883      0.854193    0.00464396    -0.0433688      0.999048       2.95388
     0.999979    0.00442656   -0.00478385      0.291018   -0.00421259      0.999029     0.0438467       0.81757    0.00497329    -0.0438256      0.999027       2.97485
     0.999977    0.00449262   -0.00503514       0.29111   -0.00426778      0.999031     0.0438094       0.86905    0.00522708    -0.0437869      0.999027       2.96616
     0.999976    0.00459404   -0.00517218      0.284582   -0.00436154      0.999018     0.0441005      0.848593     0.0053697    -0.0440769      0.999014       2.96728
     0.999977    0.00453385   -0.00504153      0.282798   -0.00431157      0.999055     0.0432589      0.874489    0.00523289    -0.0432362      0.999051       2.99942
     0.999975    0.00495137   -0.00510212      0.262144    -0.0047342      0.999118      0.041731      0.833719    0.00530424    -0.0417058      0.999116       3.00152
     0.999978    0.00475875    -0.0047277      0.271258   -0.00455276      0.999079     0.0426662      0.818369    0.00492638    -0.0426437      0.999078        3.0376
     0.999977     0.0047328   -0.00495794      0.293267   -0.00451422      0.999056     0.0432086      0.835005    0.00515775    -0.0431852      0.999054       3.06946
     0.999976    0.00498647   -0.00488322      0.293781   -0.00477369      0.999078     0.0426566       0.84924    0.00509142    -0.0426322      0.999078       3.00932
     0.999971     0.0049701   -0.00571955      0.303727   -0.00472251      0.999085     0.0425162      0.845382    0.00592563     -0.042488      0.999079       2.98711
     0.999973    0.00492331   -0.00552947      0.292372   -0.00467946      0.999052     0.0432787      0.874383     0.0057373    -0.0432517      0.999048       3.00386
     0.999979    0.00526417   -0.00366035      0.224196   -0.00510408      0.999085     0.0424515       1.04075    0.00388047     -0.042432      0.999092       2.89046
     0.999974     0.0051053   -0.00517503      0.301685   -0.00487388      0.999029     0.0437853      0.731352    0.00539354    -0.0437589      0.999028       2.99356
     0.999972    0.00480928   -0.00576423      0.325303    -0.0045572      0.999066     0.0429755      0.883021    0.00596552    -0.0429481      0.999059       2.95763
     0.999972    0.00474075     -0.005753       0.32136   -0.00448475      0.999034     0.0437232      0.876609    0.00595473    -0.0436962      0.999027       3.02289
     0.999969    0.00492509   -0.00616335      0.317059   -0.00465275      0.999045     0.0434471      0.862739    0.00637144    -0.0434171      0.999037       3.00988
     0.999967    0.00497764   -0.00642532      0.319684   -0.00468954      0.999016     0.0441003      0.892844    0.00663852    -0.0440687      0.999006       3.02974
     0.999965    0.00485903   -0.00674796      0.332044   -0.00455688      0.999017     0.0440916      0.850324    0.00695557    -0.0440593      0.999005       3.05033
     0.999967    0.00481324   -0.00649666      0.316853   -0.00452343      0.999025     0.0439096      0.913548    0.00670167    -0.0438788      0.999014        3.0015
     0.999962    0.00503768   -0.00706397      0.319427   -0.00472345      0.999028     0.0438169      0.885393    0.00727784    -0.0437818      0.999015       3.04747
     0.999962    0.00496948   -0.00711367      0.330669   -0.00465196      0.999022     0.0439772      0.808561    0.00732526    -0.0439425      0.999007       3.12179
      0.99996    0.00536474   -0.00719595      0.318104   -0.00504517      0.999031     0.0437169      0.883742    0.00742351    -0.0436789      0.999018       3.10544
     0.999959     0.0052128   -0.00737052      0.324062   -0.00488086      0.999004     0.0443577      0.817797    0.00759441    -0.0443199      0.998989       3.15886
     0.999959    0.00514576   -0.00748192      0.336566    -0.0048134       0.99903      0.043782      0.814486    0.00769995    -0.0437442      0.999013        3.1766
     0.999957    0.00533912   -0.00756407      0.328286   -0.00500204      0.999023     0.0439024      0.882105    0.00779109    -0.0438626      0.999007       3.16273
     0.999963    0.00478582   -0.00716227      0.333947   -0.00445746      0.998969     0.0451795      0.827422    0.00737111    -0.0451458      0.998953       3.14898
     0.999967    0.00521086   -0.00618765      0.264916   -0.00493631      0.999038     0.0435849      0.871526    0.00640881     -0.043553      0.999031       3.08592
     0.999964    0.00527974   -0.00664952      0.276047   -0.00499059      0.999072     0.0427739      0.841034    0.00686919    -0.0427392      0.999063       3.12336
     0.999962    0.00535673   -0.00691508      0.291265   -0.00504999      0.999035     0.0436386      0.941388    0.00714217     -0.043602      0.999023       3.07941
     0.999958    0.00552128   -0.00736147      0.290074   -0.00519272      0.999021     0.0439282      0.880646     0.0075968    -0.0438881      0.999008        3.1067
      0.99996    0.00530802   -0.00718626      0.305569   -0.00498891      0.999031      0.043718      0.838105    0.00741136    -0.0436804      0.999018       3.10081
     0.999961    0.00538284   -0.00700726      0.296455   -0.00507255      0.999038     0.0435691      0.878188    0.00723504    -0.0435319      0.999026       3.07661
     0.999957    0.00535461   -0.00760432        0.3077   -0.00501953      0.999044     0.0434204      0.836953    0.00782955    -0.0433803      0.999028       3.08994
     0.999959    0.00531942   -0.00738782      0.314325   -0.00499177      0.999033     0.0436809      0.854228    0.00761303    -0.0436422      0.999018       3.14232
     0.999962    0.00528701   -0.00698536      0.312987   -0.00497887      0.999045     0.0434169      0.893867    0.00720823    -0.0433805      0.999033       3.14662
     0.999958    0.00525746   -0.00747068      0.318255    -0.0049247      0.999025      0.043882      0.878053     0.0076941    -0.0438434      0.999009       3.12191
     0.999962    0.00517649   -0.00698862        0.3086   -0.00486566      0.999029     0.0437841      0.918511    0.00720848    -0.0437485      0.999017       3.08715
     0.999962    0.00521671   -0.00695221      0.316826   -0.00490806      0.999033     0.0436974      0.858328    0.00717345    -0.0436616      0.999021       3.11218
     0.999961    0.00547282   -0.00685922       0.30334   -0.00516878      0.999036     0.0435858      0.948173    0.00709115    -0.0435486      0.999026       3.05318
     0.999961    0.00528826   -0.00702613      0.308383   -0.00497076      0.998999     0.0444624      0.885316    0.00725423    -0.0444258      0.998986       3.07449
     0.999961     0.0053913    -0.0069523       0.30967   -0.00508485      0.999046      0.043368      0.924988    0.00717948    -0.0433309      0.999035       3.06079
     0.999959    0.00532704   -0.00737567      0.321622    -0.0049908       0.99898     0.0448788      0.864618    0.00760722    -0.0448401      0.998965       3.10332
     0.999977    0.00447892   -0.00515867      0.267277   -0.00424905      0.999034     0.0437394      0.965646    0.00534959    -0.0437165       0.99903       3.00259
     0.999976     0.0047681   -0.00499827      0.261408   -0.00454709       0.99905     0.0433326      0.961411    0.00520014    -0.0433088      0.999048       3.01475
     0.999977    0.00476227   -0.00476766      0.264776   -0.00454661      0.999009     0.0442651       1.00569    0.00497374    -0.0442424      0.999008       2.95012
     0.999973    0.00567411   -0.00464733      0.224303   -0.00546839      0.999054     0.0431425       1.12284    0.00488773     -0.043116      0.999058       2.87229
     0.999977    0.00482717   -0.00468113      0.269186   -0.00462181      0.999067     0.0429309      0.863389      0.004884    -0.0429083      0.999067       2.87774
     0.999979    0.00465384   -0.00459701      0.276589   -0.00445433      0.999087     0.0424966       1.04869    0.00479058    -0.0424753      0.999086       2.85155
     0.999981    0.00435776   -0.00432518       0.27543   -0.00416905      0.999078     0.0427206        0.9726    0.00450736    -0.0427018      0.999078       2.91951
      0.99998    0.00439409   -0.00465289      0.288847   -0.00419076      0.999073     0.0428422       1.00619    0.00483683    -0.0428219      0.999071       2.92114
     0.999981     0.0041462   -0.00454481      0.297601   -0.00394279      0.999029     0.0438862      0.965261    0.00472236    -0.0438675      0.999026       2.91942
     0.999982    0.00421157   -0.00429347      0.294235   -0.00402471      0.999082     0.0426384       1.01262     0.0044691    -0.0426204      0.999081       2.88057
     0.999981    0.00425301    -0.0045569       0.29786   -0.00405213      0.999057     0.0432195       1.00721    0.00473641    -0.0432002      0.999055        2.8866
     0.999983    0.00405179    -0.0043074      0.300918   -0.00386178      0.999057     0.0432407      0.956084    0.00447854    -0.0432233      0.999055       2.91863
     0.999981    0.00406961   -0.00452588      0.296061   -0.00387105      0.999066     0.0430478      0.975484    0.00469684    -0.0430294      0.999063       2.91364
     0.999982    0.00408835   -0.00434426       0.30514   -0.00389684      0.999058     0.0432116       0.95734    0.00451683    -0.0431939      0.999056       2.93528
     0.999981    0.00414835    -0.0045826      0.302689   -0.00394698      0.999063     0.0431096      0.993491    0.00475713    -0.0430907       0.99906       2.88574
      0.99998    0.00422181   -0.00475176      0.311983   -0.00401224      0.999055     0.0432805      0.964097       0.00493    -0.0432605      0.999052       2.90871
     0.999979    0.00422939   -0.00485021      0.297829   -0.00401375      0.999039     0.0436408      0.996341    0.00503013    -0.0436204      0.999036       2.96901
     0.999973    0.00489262   -0.00540562      0.263857   -0.00465711      0.999075     0.0427528       1.01539     0.0056098    -0.0427265      0.999071       2.95695
     0.999977    0.00470909   -0.00492071      0.257416   -0.00449689      0.999096     0.0422807      0.913391    0.00511536    -0.0422576      0.999094       3.01299
     0.999974    0.00486265   -0.00529266       0.26275    -0.0046338      0.999089     0.0424245       1.01545    0.00549413    -0.0423989      0.999086       2.99834
     0.999977    0.00463711   -0.00492935      0.271214    -0.0044203       0.99906     0.0431187      0.918292    0.00512466     -0.043096      0.999058       2.99687
     0.999976    0.00470765   -0.00500129      0.278003   -0.00449299      0.999103     0.0420984       1.01596    0.00519499     -0.042075      0.999101       2.94716
     0.999976    0.00482708     -0.004893      0.277124   -0.00461479      0.999086     0.0425061      0.967899    0.00509371    -0.0424825      0.999084       2.94137
     0.999975    0.00469985   -0.00522993      0.292433   -0.00447022      0.999061     0.0430846      0.933941    0.00542752    -0.0430602      0.999058       2.99012
     0.999974    0.00487786   -0.00538354      0.290806   -0.00464338      0.999075     0.0427406      0.978855    0.00558704    -0.0427145      0.999072       2.96646
     0.999974    0.00482988   -0.00543048      0.286663   -0.00459174      0.999063     0.0430416      0.968683    0.00563327    -0.0430156      0.999059       2.94859
     0.999974    0.00475937   -0.00543303      0.292443    -0.0045221       0.99907     0.0428786       0.96617    0.00563206    -0.0428529      0.999066       2.97539
     0.999974    0.00474919   -0.00533984      0.293202   -0.00451703      0.999079     0.0426804      0.967915    0.00553762    -0.0426552      0.999075       2.97378
     0.999972    0.00497285   -0.00561571      0.293595   -0.00472493       0.99905      0.043331      0.980309    0.00582585    -0.0433033      0.999045       2.96532
     0.999973    0.00476688   -0.00560777       0.30546   -0.00452145      0.999065     0.0429923       0.96914    0.00580747    -0.0429658       0.99906       2.96459
     0.999974    0.00480323   -0.00538501      0.301588   -0.00456924       0.99908     0.0426522       0.96507    0.00558492    -0.0426265      0.999075       2.96325
     0.999975     0.0047117   -0.00530137      0.300516    -0.0044802      0.999071     0.0428626      0.986636     0.0054984    -0.0428378      0.999067       2.93259
     0.999975    0.00461189   -0.00542413      0.305461   -0.00437313      0.999055     0.0432354      0.909939    0.00561841    -0.0432106       0.99905       3.00583
     0.999977      0.004656   -0.00497548      0.285939   -0.00443333      0.999028     0.0438632      0.962747    0.00517487    -0.0438401      0.999025       3.03984
     0.999975    0.00474091   -0.00528273      0.291409   -0.00451078      0.999075     0.0427549       1.01404    0.00548055      -0.04273      0.999072        2.9892
     0.999979    0.00449068   -0.00467363      0.305149   -0.00428479      0.999059     0.0431687      0.935979    0.00486309    -0.0431478      0.999057       2.97536
      0.99998    0.00433925   -0.00466706       0.31291   -0.00413237      0.999047     0.0434586      0.955413    0.00485119    -0.0434384      0.999044       2.99326
     0.999978    0.00450393   -0.00487354      0.310553   -0.00428659      0.999035     0.0437214      0.969366    0.00506575    -0.0436995      0.999032       2.98311
     0.999977    0.00464128   -0.00485013      0.304498   -0.00442362      0.999023     0.0439621       0.99001    0.00504944    -0.0439397      0.999021       2.97911
     0.999978    0.00443514   -0.00489499       0.31386   -0.00421744      0.999039     0.0436212       0.93409    0.00508375    -0.0435996      0.999036       3.01546
     0.999979    0.00449121   -0.00467281      0.302344   -0.00428371      0.999044      0.043506      0.974723    0.00486373    -0.0434851      0.999042       2.99677
     0.999978    0.00437633   -0.00503901      0.313907   -0.00415374       0.99905     0.0433688      0.957209    0.00522402    -0.0433469      0.999046       3.01718
      0.99998    0.00444706   -0.00446932      0.299606   -0.00425001      0.999059     0.0431718      0.916093     0.0046571     -0.043152      0.999058       3.04241
      0.99998    0.00435118   -0.00448141      0.301225    -0.0041523      0.999046     0.0434698      0.941954    0.00466628    -0.0434503      0.999045       3.06546
      0.99998    0.00444513   -0.00445647      0.297759   -0.00424412      0.999016     0.0441439       0.93168    0.00464831    -0.0441241      0.999015       3.08075
     0.999979    0.00444036   -0.00478053      0.308345   -0.00422771       0.99904     0.0436094      0.997964    0.00496958    -0.0435882      0.999037       3.01386
      0.99998    0.00434804   -0.00459401      0.307111   -0.00414211      0.999026     0.0439229      0.961948    0.00478052     -0.043903      0.999024       3.02251
      0.99998    0.00448738   -0.00452972      0.296233    -0.0042866      0.999048     0.0434028      0.932062    0.00472018    -0.0433825      0.999047       3.02104
     0.999978    0.00467153   -0.00466871      0.295242   -0.00446414      0.999044     0.0434856      0.959193    0.00486739    -0.0434638      0.999043       2.98496
     0.999977    0.00463358   -0.00487853      0.299223   -0.00441808      0.999053     0.0432954       0.95849    0.00507452    -0.0432729       0.99905       3.02508
     0.999977    0.00469668   -0.00485905      0.299393   -0.00448548      0.999082     0.0426001      0.981023    0.00505467    -0.0425773       0.99908       3.01506
     0.999977    0.00476647   -0.00482639      0.295003   -0.00455283       0.99905     0.0433472      0.948248    0.00502842    -0.0433242      0.999048       3.02662
      0.99998    0.00440366   -0.00447962      0.311671   -0.00420788      0.999074     0.0428132      0.905475    0.00466401    -0.0427935      0.999073       3.00226
      0.99998    0.00449454   -0.00448699      0.297981   -0.00429893      0.999079     0.0426925      0.987381    0.00467474    -0.0426723      0.999078       2.97818
     0.999979    0.00462192   -0.00464863      0.293777   -0.00441868      0.999073     0.0428191      0.951789    0.00484223    -0.0427976      0.999072       3.01711
      0.99998    0.00453101   -0.00434061      0.288774   -0.00434191      0.999082     0.0426264      0.964077    0.00452976    -0.0426067      0.999082       3.02194
     0.999978    0.00471107    -0.0047661      0.280903    -0.0045007      0.999055     0.0432251      0.942881    0.00496523    -0.0432027      0.999054       3.02046
     0.999978    0.00460124   -0.00476269      0.287304   -0.00438841      0.999032     0.0437723      0.938968    0.00495949    -0.0437504       0.99903       3.05335
     0.999976    0.00489726   -0.00495253      0.276375    -0.0046768      0.999039     0.0435868      0.986414    0.00516122    -0.0435625      0.999037       3.04231
     0.999975    0.00501971   -0.00504487      0.268825   -0.00479557      0.999042     0.0435007      0.999227    0.00525839    -0.0434755      0.999041       3.03224
     0.999978    0.00531672   -0.00384135      0.210712   -0.00513821       0.99897     0.0450752       1.11899    0.00407705    -0.0450545      0.998976       3.00614
     0.999979    0.00478707   -0.00446839      0.237253    -0.0045815      0.998979     0.0449348      0.802289    0.00467894    -0.0449134       0.99898       3.09793
     0.999978    0.00488704   -0.00452934      0.229072   -0.00467382      0.998933      0.045946      0.903811    0.00474905    -0.0459238      0.998934        3.0925
     0.999978    0.00468583   -0.00463332      0.233251   -0.00446298      0.998885     0.0469916      0.974694    0.00484835    -0.0469699      0.998885       3.10773
     0.999979    0.00445216   -0.00464507      0.234747   -0.00422886      0.998885     0.0470226      0.980704    0.00484924     -0.047002      0.998883       3.12213
      0.99998    0.00443207   -0.00448253      0.230882   -0.00421523      0.998873     0.0472774       0.98848    0.00468701    -0.0472576      0.998872       3.10856
      0.99998    0.00449877    -0.0044185      0.228304   -0.00428367       0.99886     0.0475398      0.949905    0.00462733    -0.0475199       0.99886       3.10067
