# 3dvolreg matrices (DICOM-to-DICOM, row-by-row):
     0.999996    0.00281798   0.000521715       1.08589   -0.00283426      0.999404     0.0344108      -1.28716  -0.000424435    -0.0344122      0.999408       1.41301
     0.999996    0.00266516   0.000743305       1.09447   -0.00268878      0.999424     0.0338284      -1.27982  -0.000652719    -0.0338302      0.999427       1.36738
     0.999996    0.00266256   0.000642901       1.09239   -0.00268314      0.999402     0.0344656      -1.30384   -0.00055075    -0.0344672      0.999406       1.39693
     0.999996    0.00259629   0.000573147       1.09359   -0.00261443      0.999408     0.0343163       -1.2891  -0.000483712    -0.0343177      0.999411       1.43521
     0.999997    0.00247599   0.000458621       1.10414   -0.00249029      0.999406     0.0343732      -1.28019   -0.00037324    -0.0343743      0.999409       1.40756
     0.999997    0.00239525   0.000599738       1.09757   -0.00241451      0.999402     0.0344954      -1.27937  -0.000516754    -0.0344967      0.999405       1.39441
     0.999997    0.00239291   9.83319e-05       1.10966   -0.00239487      0.999419     0.0340012      -1.25798  -1.69131e-05    -0.0340013      0.999422       1.38012
     0.999997    0.00239446   0.000376238       1.08602   -0.00240582      0.999425     0.0338203      -1.29833   -0.00029504    -0.0338211      0.999428       1.41436
     0.999998    0.00202967   0.000525182       1.09869   -0.00204626      0.999427     0.0337804      -1.28718  -0.000456317    -0.0337814      0.999429       1.46792
     0.999998    0.00213376   0.000584836       1.09635    -0.0021525      0.999414     0.0341688      -1.30246  -0.000511585      -0.03417      0.999416       1.45142
     0.999997    0.00222411   0.000615666       1.09358   -0.00224399      0.999405     0.0344224       -1.3548  -0.000538741    -0.0344236      0.999407       1.48474
     0.999998    0.00211052   0.000474811       1.10339   -0.00212539      0.999424     0.0338779      -1.25023  -0.000403037    -0.0338788      0.999426       1.48079
     0.999998    0.00182413   0.000213626       1.11338   -0.00183037      0.999414     0.0341936      -1.32884  -0.000151127    -0.0341939      0.999415       1.50314
     0.999998    0.00197651   0.000329301       1.10397   -0.00198649      0.999431     0.0336827      -1.21605  -0.000262539    -0.0336833      0.999433       1.46956
     0.999998    0.00176204   0.000827969       1.10076   -0.00178864      0.999444     0.0333073      -1.32753  -0.000768819    -0.0333088      0.999445       1.47619
     0.999998    0.00167083   0.000917871       1.09918   -0.00170052      0.999442     0.0333581      -1.25666  -0.000861623    -0.0333596      0.999443       1.47243
     0.999998    0.00166335   0.000982782       1.09862   -0.00169544      0.999433     0.0336134      -1.31977  -0.000926314     -0.033615      0.999434       1.48095
     0.999998    0.00160369   0.000894336       1.10271   -0.00163321      0.999419     0.0340469      -1.32543  -0.000839215    -0.0340483       0.99942       1.51195
     0.999998     0.0017904   0.000915651       1.09499    -0.0018201      0.999436     0.0335329      -1.25662  -0.000855098    -0.0335345      0.999437       1.51782
     0.999999    0.00159371   0.000602348       1.10089   -0.00161316      0.999427     0.0338052      -1.29149  -0.000548128    -0.0338062      0.999428       1.51407
     0.999999    0.00166272    0.00031124       1.09756   -0.00167215      0.999445     0.0332745      -1.28211  -0.000255742    -0.0332749      0.999446       1.53728
     0.999999    0.00153837   0.000356229       1.09584   -0.00154951      0.999429     0.0337529      -1.30663  -0.000304102    -0.0337534       0.99943       1.52829
     0.999999    0.00142965   0.000765913       1.09703   -0.00145458      0.999434     0.0336058      -1.30855  -0.000717435    -0.0336069      0.999435       1.54367
     0.999999    0.00139796   0.000849314       1.10661   -0.00142554      0.999441     0.0333982      -1.31496   -0.00080215    -0.0333994      0.999442       1.55122
     0.999999    0.00152579   0.000580213       1.10021   -0.00154449       0.99943     0.0337219       -1.3169   -0.00052843    -0.0337228      0.999431       1.54779
     0.999999     0.0014219   0.000346333       1.10495   -0.00143288      0.999418     0.0340748      -1.33033   -0.00029768    -0.0340752      0.999419       1.57835
     0.999999     0.0016598   0.000155327       1.10772   -0.00166407       0.99944     0.0334226      -1.27769  -9.97651e-05    -0.0334228      0.999441       1.57424
     0.999999    0.00167946   0.000288023       1.10374   -0.00168812      0.999444     0.0333107      -1.27717  -0.000231919    -0.0333112      0.999445       1.55946
     0.999999    0.00146523   0.000566591       1.11276   -0.00148352      0.999429     0.0337488      -1.31062  -0.000516818    -0.0337496       0.99943       1.59002
     0.999999    0.00130128   0.000598609       1.11356    -0.0013209       0.99942     0.0340363      -1.37939  -0.000553971    -0.0340371       0.99942       1.58577
     0.999999    0.00148724   0.000301762       1.10934   -0.00149665      0.999419     0.0340553      -1.29248  -0.000250939    -0.0340557       0.99942       1.59035
     0.999999    0.00141999   0.000541868       1.10169   -0.00143767      0.999416     0.0341549       -1.3772  -0.000493051    -0.0341557      0.999416       1.60491
     0.999999    0.00156172   0.000747868       1.09299   -0.00158642      0.999412     0.0342544      -1.25148  -0.000693933    -0.0342556      0.999413        1.6027
     0.999999    0.00165088   0.000274532       1.09871   -0.00165944       0.99939     0.0348714      -1.35475  -0.000216796    -0.0348718      0.999392       1.61727
     0.999998    0.00179204   0.000250942       1.09185   -0.00179963      0.999403     0.0345053      -1.31086  -0.000188957    -0.0345057      0.999404       1.58914
     0.999999    0.00154172   0.000440751       1.09775   -0.00155591      0.999413      0.034233      -1.33406  -0.000387714    -0.0342336      0.999414       1.61552
     0.999999    0.00168015   0.000233189       1.09567   -0.00168711      0.999419     0.0340346      -1.29135  -0.000175871     -0.034035      0.999421       1.60326
     0.999999    0.00147871   0.000493231       1.09783   -0.00149482      0.999405     0.0344461      -1.36989  -0.000442002    -0.0344468      0.999406       1.63076
     0.999999     0.0014375   0.000303009       1.10063    -0.0014471      0.999403     0.0345292      -1.35409  -0.000253193    -0.0345296      0.999404       1.64365
     0.999999    0.00142178   0.000436812       1.09697   -0.00143617      0.999389     0.0349261      -1.34631  -0.000386887    -0.0349266       0.99939       1.62618
     0.999999    0.00137101   0.000384574        1.1019    -0.0013838      0.999368      0.035523      -1.35894  -0.000335629    -0.0355235      0.999369       1.65598
     0.999999    0.00154768   0.000559102       1.08666   -0.00156607      0.999402     0.0345398      -1.29099  -0.000505311    -0.0345407      0.999403       1.65268
     0.999999    0.00147952   0.000330098       1.09468   -0.00149012      0.999392     0.0348448      -1.37765  -0.000278343    -0.0348452      0.999393       1.70606
     0.999999    0.00168435   0.000354606       1.09577   -0.00169564      0.999396     0.0347168      -1.32896  -0.000295917    -0.0347174      0.999397       1.68535
     0.999998     0.0017673   0.000105152       1.09915   -0.00176988      0.999399     0.0346102      -1.33486  -4.39223e-05    -0.0346103      0.999401       1.66735
     0.999999    0.00160034   0.000287741       1.10085    -0.0016095      0.999376     0.0352926      -1.35362  -0.000231081     -0.035293      0.999377       1.68685
     0.999999    0.00163971   0.000105666       1.09514   -0.00164238      0.999401     0.0345764      -1.28247  -4.89073e-05    -0.0345765      0.999402       1.66934
     0.999999    0.00172713  -1.58344e-06       1.08522   -0.00172601      0.999382     0.0351194      -1.35024   6.22381e-05    -0.0351193      0.999383        1.6817
     0.999999    0.00167783   7.73295e-05       1.08906   -0.00167951      0.999397     0.0346932      -1.30255  -1.90736e-05    -0.0346932      0.999398       1.69044
     0.999998    0.00200221  -1.90827e-05       1.08145   -0.00200034      0.999396     0.0346916      -1.32185   8.85308e-05    -0.0346915      0.999398       1.63973
     0.999998    0.00171893   0.000309541       1.08979   -0.00172876       0.99938     0.0351784      -1.39916  -0.000248879    -0.0351789      0.999381       1.68554
     0.999998    0.00181189   0.000183057       1.08881   -0.00181719      0.999386     0.0349913      -1.29404  -0.000119544    -0.0349916      0.999388       1.65856
     0.999998    0.00175658   0.000311943       1.08909   -0.00176642      0.999386     0.0349828      -1.36259  -0.000250301    -0.0349833      0.999388        1.6567
     0.999998     0.0020079  -0.000393421       1.09744   -0.00199323       0.99941      0.034283      -1.25192   0.000462026    -0.0342821      0.999412       1.62244
     0.999999    0.00153073   0.000114175        1.1047   -0.00153376      0.999405      0.034467      -1.37426  -6.13472e-05    -0.0344671      0.999406       1.67361
     0.999999    0.00163011    2.0315e-05       1.10197   -0.00162983      0.999395     0.0347524      -1.29722   3.63477e-05    -0.0347524      0.999396       1.69798
     0.999998    0.00176325   4.86559e-07       1.09612   -0.00176217       0.99938     0.0351647      -1.34983   6.15178e-05    -0.0351647      0.999382       1.69213
     0.999999      0.001642   4.31048e-05       1.09956    -0.0016425      0.999376     0.0352762      -1.34236   1.48456e-05    -0.0352762      0.999378        1.7189
     0.999998    0.00186236  -0.000458276       1.10111   -0.00184492      0.999368     0.0354885      -1.30528   0.000524079    -0.0354876       0.99937       1.69625
     0.999999    0.00150655  -0.000227444       1.11265   -0.00149776      0.999397     0.0346868      -1.31129   0.000279564    -0.0346864      0.999398       1.69931
     0.999999    0.00169612  -0.000200503       1.09856   -0.00168827      0.999413     0.0342204       -1.2826   0.000258427      -0.03422      0.999414       1.68237
     0.999999    0.00168714  -0.000266871       1.09754   -0.00167669      0.999377     0.0352468      -1.34419   0.000326171    -0.0352463      0.999379       1.72796
     0.999998      0.001716   -0.00037847       1.10759   -0.00170136      0.999358     0.0357728      -1.35665   0.000439613    -0.0357721       0.99936       1.77006
     0.999998    0.00204231   -0.00074073       1.09188   -0.00201512      0.999385     0.0350146      -1.26611   0.000811785     -0.035013      0.999387       1.68342
     0.999998    0.00172911  -0.000175324       1.09429   -0.00172186      0.999378     0.0352343      -1.34887   0.000236139    -0.0352339      0.999379       1.73113
     0.999997    0.00211651  -0.000767853       1.09958   -0.00208809      0.999375     0.0352957       -1.3276   0.000842076     -0.035294      0.999377       1.73034
     0.999998    0.00196354  -0.000422288       1.09729   -0.00194714      0.999355      0.035846      -1.38638   0.000492401    -0.0358451      0.999357       1.75737
     0.999997     0.0020402   -0.00110144       1.11105   -0.00200071      0.999394     0.0347381      -1.34168    0.00117165    -0.0347358      0.999396       1.75255
     0.999998    0.00186239  -0.000685739       1.10569   -0.00183676      0.999363     0.0356442       -1.3572   0.000751685    -0.0356428      0.999364       1.82918
     0.999997    0.00212404   -0.00107687       1.11051   -0.00208457       0.99937     0.0354189      -1.30239    0.00115142    -0.0354166      0.999372        1.8615
     0.999998    0.00205413  -0.000524509       1.09864   -0.00203393       0.99935     0.0359859      -1.36527   0.000598088    -0.0359848      0.999352       1.89132
     0.999998    0.00194694  -0.000499665       1.10035    -0.0019276      0.999344     0.0361602      -1.36672   0.000569739    -0.0361592      0.999346       1.90724
     0.999998     0.0021676  -0.000336661       1.08352   -0.00215394      0.999338     0.0363175      -1.35573    0.00041516    -0.0363167       0.99934       1.88304
     0.999998    0.00210557  -0.000525921       1.08831   -0.00208518      0.999344     0.0361597      -1.35322   0.000601713    -0.0361585      0.999346       1.94607
     0.999997    0.00245368  -0.000955421       1.07804   -0.00241797      0.999358     0.0357339      -1.32182    0.00104249    -0.0357314      0.999361       1.90955
     0.999997    0.00227252  -0.000761786       1.08753   -0.00224303      0.999324     0.0367007      -1.42419   0.000844674    -0.0366989      0.999326       1.97151
     0.999997    0.00211332  -0.000867712        1.0996   -0.00208057      0.999344     0.0361598      -1.34479    0.00094356    -0.0361579      0.999346       1.97438
     0.999996     0.0023627   -0.00123859       1.09677   -0.00231623       0.99934     0.0362629      -1.36459    0.00132345    -0.0362599      0.999342       1.96161
     0.999998    0.00203078  -0.000893869       1.10134   -0.00199663      0.999325     0.0366865      -1.43212   0.000967767    -0.0366846      0.999326       2.00827
     0.999996    0.00240108    -0.0011486       1.08848    -0.0023572       0.99932     0.0367922      -1.35726    0.00123616    -0.0367894      0.999322       1.97903
     0.999996     0.0024107   -0.00143674       1.09617   -0.00235603      0.999316     0.0369071      -1.40658    0.00152473    -0.0369036      0.999318       2.01945
     0.999996     0.0024247   -0.00160525       1.09806   -0.00236467      0.999335     0.0363979       -1.3929    0.00169244    -0.0363939      0.999336       2.04518
     0.999996    0.00267156   -0.00135259       1.08604   -0.00261965      0.999311     0.0370266      -1.41579    0.00145058    -0.0370229      0.999313       2.04091
     0.999995    0.00258352   -0.00153541        1.0887   -0.00252468      0.999306     0.0371654      -1.46505    0.00163036    -0.0371613      0.999308       2.08702
     0.999997    0.00207348   -0.00140353       1.10025   -0.00202074      0.999328     0.0365901      -1.40323    0.00147846    -0.0365872      0.999329       2.00402
     0.999999    0.00130148  -0.000791398       1.11846   -0.00127325      0.999398     0.0346769      -1.36358   0.000836053    -0.0346758      0.999398         1.912
     0.999997    0.00206315   -0.00128735        1.1019   -0.00201652      0.999377     0.0352266       -1.3707    0.00135922    -0.0352239      0.999379       1.99588
     0.999996    0.00235636   -0.00137107       1.10273   -0.00230477      0.999332     0.0364843      -1.43553    0.00145612     -0.036481      0.999333       2.09193
     0.999996    0.00238897   -0.00148935       1.10653   -0.00233277      0.999325     0.0366584      -1.42891    0.00157592    -0.0366548      0.999327       2.11768
     0.999997    0.00200357   -0.00116452       1.10733   -0.00196007      0.999342     0.0362297       -1.3689    0.00123634    -0.0362273      0.999343       2.00487
     0.999997    0.00185254   -0.00181314       1.10087   -0.00178958      0.999416     0.0341264      -1.30915     0.0018753    -0.0341231      0.999416       1.94004
     0.999995    0.00230427   -0.00204231       1.09897   -0.00223188      0.999393     0.0347655      -1.38628    0.00212118    -0.0347608      0.999393       2.06578
     0.999993     0.0026621   -0.00248083       1.09052   -0.00257306      0.999376     0.0352281       -1.3928    0.00257306    -0.0352215      0.999376        2.1368
     0.999992    0.00267915   -0.00300415       1.09664   -0.00257264      0.999387     0.0349159      -1.42413    0.00309585    -0.0349079      0.999386       2.18837
     0.999991    0.00280101   -0.00333255       1.09879   -0.00268233       0.99938     0.0350989      -1.41033    0.00342879    -0.0350896      0.999378       2.19982
     0.999992    0.00307397    -0.0026444       1.06775   -0.00297761      0.999358     0.0357051      -1.33615    0.00275246    -0.0356969      0.999359       2.15675
     0.999994     0.0031388   -0.00172204       1.06887   -0.00307514      0.999354     0.0358059      -1.40253    0.00183332    -0.0358004      0.999357       2.14844
      0.99999    0.00328667    -0.0030181       1.08383   -0.00317277       0.99931     0.0369997      -1.56208    0.00313762    -0.0369897      0.999311        2.2393
     0.999988    0.00340789   -0.00348533       1.07381   -0.00327797      0.999324     0.0366273      -1.42238     0.0036078    -0.0366155      0.999323       2.24837
     0.999987    0.00321754   -0.00384581       1.08644   -0.00307336      0.999313     0.0369271      -1.44697    0.00396199    -0.0369148      0.999311       2.30237
     0.999986    0.00358801   -0.00401131       1.07087   -0.00344033      0.999337     0.0362364      -1.38852    0.00413867     -0.036222      0.999335       2.27604
     0.999986     0.0035623   -0.00392497       1.07333   -0.00341563      0.999318     0.0367606      -1.44535    0.00405324    -0.0367467      0.999316       2.28804
     0.999986    0.00351093   -0.00398694       1.07586   -0.00336298      0.999327     0.0365281      -1.44461     0.0041125    -0.0365142      0.999325       2.29101
     0.999985    0.00356555   -0.00411534       1.07349   -0.00341073      0.999308     0.0370329      -1.47352    0.00424453    -0.0370183      0.999306       2.30473
     0.999985    0.00354822    -0.0041365       1.06787   -0.00339104      0.999294     0.0374067      -1.47528    0.00426631    -0.0373921      0.999292       2.32445
     0.999991    0.00266202   -0.00328096       1.07502   -0.00254444      0.999372     0.0353322      -1.39681    0.00337295    -0.0353235       0.99937        2.1904
     0.999991    0.00280576   -0.00324474        1.0719   -0.00269061      0.999385     0.0349632      -1.36658    0.00334085    -0.0349542      0.999383       2.15988
     0.999993    0.00244192   -0.00267981       1.08762   -0.00234494      0.999363     0.0356136      -1.48806    0.00276507    -0.0356071      0.999362       2.21999
     0.999989    0.00320003   -0.00333536       1.06588   -0.00307756      0.999343     0.0360999      -1.39035    0.00344869    -0.0360892      0.999343       2.25029
     0.999988    0.00334856    -0.0035995       1.06553   -0.00321573      0.999336     0.0362953      -1.44971    0.00371865    -0.0362833      0.999335       2.29423
     0.999987    0.00338178    -0.0039092       1.07698   -0.00323922       0.99935      0.035917       -1.4464    0.00402812    -0.0359038      0.999347       2.32094
     0.999985    0.00367272   -0.00394297       1.05481   -0.00352803      0.999342     0.0360974      -1.41442    0.00407296    -0.0360829       0.99934       2.31779
     0.999986     0.0032723   -0.00408295        1.0763   -0.00311959      0.999315     0.0368625      -1.52653    0.00420079    -0.0368493      0.999312       2.38429
     0.999985    0.00360068    -0.0040071       1.05417   -0.00345124      0.999321     0.0366955      -1.44302    0.00413651    -0.0366811      0.999318       2.33614
     0.999986    0.00351186   -0.00402456       1.06121   -0.00336217      0.999324     0.0366165      -1.49603    0.00415043    -0.0366024      0.999321       2.34713
     0.999987    0.00351137   -0.00376736       1.06448   -0.00336997      0.999313     0.0369047      -1.50808    0.00389436    -0.0368915      0.999312       2.38293
     0.999985    0.00375545   -0.00396992       1.05143   -0.00360642      0.999312     0.0369038      -1.43242    0.00410578     -0.036889      0.999311       2.34498
     0.999986    0.00355916   -0.00397108       1.06233   -0.00340945      0.999306     0.0370883      -1.49834    0.00410033    -0.0370742      0.999304       2.39535
     0.999983    0.00398004   -0.00416758       1.04047   -0.00382498      0.999324     0.0365756       -1.3813    0.00431033    -0.0365591      0.999322       2.34459
     0.999985    0.00369177   -0.00395882       1.06236   -0.00354288       0.99931     0.0369784      -1.52696     0.0040926    -0.0369638      0.999308       2.40388
     0.999984    0.00395274   -0.00410544       1.04891   -0.00380035      0.999327     0.0364868      -1.44459     0.0042469    -0.0364706      0.999326       2.33985
     0.999983    0.00382516   -0.00441672       1.06354   -0.00366111      0.999324     0.0365708      -1.45864    0.00455363     -0.036554      0.999321       2.33385
     0.999988    0.00305873   -0.00391874       1.05829    -0.0029136      0.999329     0.0365188      -1.47714    0.00402781    -0.0365069      0.999325       2.30489
     0.999989    0.00289605   -0.00369523       1.06001   -0.00275796      0.999317     0.0368426      -1.35144    0.00379941     -0.036832      0.999314       2.24968
     0.999991    0.00288605   -0.00319737       1.07319   -0.00276416      0.999293     0.0374911      -1.46718    0.00330331    -0.0374819      0.999292       2.31575
     0.999985    0.00366403   -0.00399086       1.05824   -0.00351403       0.99931     0.0369667        -1.337    0.00412355    -0.0369521      0.999309       2.28179
     0.999991    0.00279315   -0.00321575       1.07107   -0.00267412      0.999332     0.0364425      -1.47342    0.00331539    -0.0364336      0.999331       2.30607
     0.999991    0.00277736   -0.00315175       1.06183   -0.00266061      0.999332     0.0364614      -1.37541    0.00325091    -0.0364527       0.99933       2.23026
     0.999991    0.00262898    -0.0032583       1.08742   -0.00250609      0.999306     0.0371632        -1.503    0.00335374    -0.0371547      0.999304       2.29383
     0.999989    0.00301453   -0.00359871       1.07398   -0.00287962      0.999314     0.0369236      -1.41016    0.00370755    -0.0369128      0.999312       2.28784
     0.999989     0.0029711   -0.00350711        1.0799    -0.0028385      0.999303     0.0372273      -1.45238    0.00361527    -0.0372169      0.999301       2.31932
     0.999986    0.00344848   -0.00412351       1.05986   -0.00329497      0.999322     0.0366738      -1.38107    0.00424718    -0.0366597      0.999319       2.28179
     0.999989    0.00307947   -0.00344083       1.07675   -0.00295161      0.999327     0.0365653      -1.48089    0.00355111    -0.0365547      0.999325       2.32595
     0.999984    0.00371352   -0.00418247       1.06689   -0.00355888      0.999331     0.0363928      -1.40366    0.00431482    -0.0363773      0.999329        2.2945
     0.999985    0.00355162   -0.00417524       1.07434   -0.00339683      0.999327      0.036514      -1.48385    0.00430212    -0.0364993      0.999324       2.33596
     0.999987    0.00326428   -0.00395019       1.08521   -0.00311697       0.99932     0.0367394      -1.45432    0.00406743    -0.0367266      0.999317       2.37315
     0.999983     0.0037445   -0.00453672       1.07277   -0.00357491      0.999315     0.0368308      -1.46057    0.00467152    -0.0368139      0.999311       2.33758
     0.999983    0.00357062   -0.00455476       1.08165   -0.00340041      0.999315     0.0368441      -1.47967    0.00468319     -0.036828      0.999311       2.37163
     0.999984    0.00359157    -0.0044382       1.07541   -0.00342793      0.999333     0.0363459      -1.46259    0.00456578    -0.0363301      0.999329       2.36615
     0.999982    0.00372923   -0.00477238       1.07258   -0.00355156       0.99932     0.0367109      -1.48431    0.00490604    -0.0366933      0.999315       2.38607
     0.999983    0.00375325   -0.00445485         1.063   -0.00358741      0.999321     0.0366688      -1.48851    0.00458945    -0.0366522      0.999318       2.39802
     0.999979    0.00367554   -0.00532069        1.0887   -0.00348346      0.999358     0.0356709       -1.4406    0.00544838    -0.0356516      0.999349       2.39792
      0.99998    0.00396287   -0.00489563       1.07278   -0.00378862      0.999377      0.035103      -1.39698    0.00503168    -0.0350838      0.999372       2.35288
      0.99998     0.0037679   -0.00509233        1.0866   -0.00358382      0.999357     0.0356873      -1.52593    0.00522352    -0.0356684       0.99935       2.39248
      0.99998    0.00406778   -0.00492661       1.07116   -0.00388958      0.999357     0.0356557      -1.41148    0.00506848    -0.0356358      0.999352       2.32808
      0.99998     0.0037872   -0.00500362       1.08077   -0.00360675       0.99936     0.0355949      -1.50305    0.00513522    -0.0355761      0.999354       2.35511
      0.99998     0.0039879    -0.0048455       1.06472   -0.00381639      0.999383     0.0349039      -1.37722     0.0049817    -0.0348847      0.999379       2.32784
     0.999982    0.00358608   -0.00486086       1.08953   -0.00341439      0.999386     0.0348791      -1.52238    0.00498295    -0.0348619       0.99938       2.39032
     0.999979    0.00395593   -0.00515152       1.06845   -0.00377343      0.999381     0.0349668      -1.36771    0.00528666    -0.0349466      0.999375       2.33699
     0.999981    0.00368366   -0.00502417       1.08621   -0.00350359      0.999367     0.0353905      -1.50973    0.00515136    -0.0353722      0.999361       2.39767
     0.999978    0.00392874   -0.00540934       1.07448    -0.0037365      0.999377     0.0351004      -1.42681    0.00554387    -0.0350794      0.999369       2.35318
      0.99998    0.00355002   -0.00518645       1.08811   -0.00336391      0.999365     0.0354623      -1.47989    0.00530905    -0.0354442      0.999358       2.39222
     0.999987    0.00259774   -0.00440587       1.09082   -0.00244523      0.999409     0.0342739      -1.32377     0.0044923    -0.0342627      0.999403        2.1873
     0.999986    0.00280362   -0.00450215        1.0866   -0.00264862      0.999416     0.0340731      -1.32878    0.00459504    -0.0340607      0.999409       2.16622
     0.999988    0.00236898   -0.00437754       1.09595   -0.00221703      0.999406      0.034397      -1.42039    0.00445642    -0.0343869      0.999399       2.22675
     0.999988    0.00249936   -0.00416708       1.09181   -0.00235533      0.999412      0.034219      -1.37512    0.00425015    -0.0342088      0.999406       2.23566
     0.999986    0.00277785   -0.00449011       1.08371   -0.00262259      0.999411     0.0342219      -1.38339    0.00458253    -0.0342097      0.999404       2.20693
     0.999984    0.00289512   -0.00484965       1.07879   -0.00272776      0.999412     0.0341683      -1.41372    0.00494572    -0.0341546      0.999404        2.2096
     0.999984    0.00280975   -0.00493055       1.08985   -0.00263571      0.999385     0.0349552      -1.44992    0.00502573    -0.0349416      0.999377       2.25008
     0.999986    0.00249986    -0.0046712       1.09763   -0.00233726      0.999402     0.0344957      -1.42444    0.00475465    -0.0344843      0.999394       2.24778
     0.999981    0.00313194   -0.00530717       1.08438   -0.00294741      0.999403     0.0344278      -1.37664    0.00541182    -0.0344115      0.999393       2.19881
     0.999984     0.0027656   -0.00503016       1.10039   -0.00259042      0.999401     0.0345058      -1.46263    0.00512258    -0.0344922      0.999392       2.27769
      0.99998    0.00326114   -0.00533671       1.07719   -0.00307868      0.999422     0.0338474      -1.33783      0.005444    -0.0338304      0.999413        2.2181
     0.999983    0.00287385   -0.00514474       1.09225   -0.00269465      0.999401     0.0345069      -1.43685    0.00524083    -0.0344925      0.999391       2.29697
     0.999988    0.00247331   -0.00427142       1.09357   -0.00232847      0.999433     0.0335877      -1.36112    0.00435208    -0.0335773      0.999427       2.23849
     0.999988    0.00241917   -0.00415778       1.08691   -0.00227951      0.999444     0.0332727      -1.34171    0.00423595    -0.0332628      0.999438       2.19001
     0.999992    0.00178472   -0.00349626       1.09907   -0.00166767      0.999447     0.0331989       -1.3919    0.00355357    -0.0331929      0.999443       2.20863
     0.999989     0.0023057   -0.00400393       1.08672   -0.00217109      0.999443     0.0333061      -1.31823    0.00407849    -0.0332971      0.999437       2.17069
      0.99999    0.00198676   -0.00397329       1.09209   -0.00185236      0.999435     0.0335476      -1.35619     0.0040377    -0.0335399      0.999429        2.1852
     0.999991    0.00206658   -0.00381762       1.09727   -0.00193858      0.999446     0.0332347      -1.36459    0.00388419     -0.033227       0.99944       2.19449
     0.999987    0.00238645   -0.00440339       1.09058   -0.00223631      0.999426      0.033791      -1.35029     0.0044815    -0.0337807      0.999419       2.18666
     0.999987    0.00226417   -0.00459799       1.10853   -0.00210871      0.999435     0.0335386      -1.36247    0.00467133    -0.0335285      0.999427       2.24015
     0.999985    0.00231915   -0.00486591       1.11178   -0.00215725      0.999452     0.0330183       -1.3708    0.00493982    -0.0330073      0.999443        2.2368
     0.999981    0.00324191   -0.00516122       1.07654   -0.00306564      0.999424     0.0338008      -1.36135    0.00526782    -0.0337844      0.999415       2.25014
     0.999983     0.0029869   -0.00508363       1.09906   -0.00281795      0.999454      0.032924      -1.39975    0.00517919    -0.0329091      0.999445       2.32926
     0.999981    0.00334233   -0.00508616       1.08252    -0.0031711       0.99944       0.03331      -1.34665    0.00519465    -0.0332933      0.999432       2.28633
     0.999978    0.00364906   -0.00558989       1.07868    -0.0034577       0.99942     0.0338685      -1.40589    0.00571023    -0.0338484      0.999411       2.27448
     0.999977    0.00366196   -0.00573845       1.06839   -0.00346394      0.999411     0.0341452      -1.38354    0.00586011    -0.0341245        0.9994       2.26472
     0.999975    0.00385256   -0.00598515       1.06665   -0.00364436      0.999401     0.0344167      -1.38812    0.00611416     -0.034394       0.99939        2.2857
     0.999974    0.00391565   -0.00600336       1.06479    -0.0037057      0.999395     0.0345939      -1.37696    0.00613518    -0.0345708      0.999383       2.27811
     0.999976    0.00376089   -0.00581709       1.07463   -0.00355642      0.999389     0.0347693      -1.40474     0.0059443    -0.0347478      0.999378        2.3375
     0.999973    0.00391385    -0.0062757       1.07269   -0.00369398      0.999392     0.0346726      -1.36726    0.00640758    -0.0346484      0.999379       2.30881
     0.999976    0.00362825   -0.00581732       1.08406   -0.00342495      0.999396     0.0345846      -1.40006    0.00593929    -0.0345639      0.999385       2.36312
     0.999976    0.00366938   -0.00587512       1.07397   -0.00346293      0.999389      0.034772      -1.35695    0.00599913    -0.0347508      0.999378       2.32522
     0.999976    0.00317216   -0.00620068        1.0777   -0.00295352      0.999384     0.0349569      -1.37912    0.00630776    -0.0349377       0.99937       2.33469
     0.999988    0.00283959   -0.00398453       1.08156   -0.00269766      0.999377      0.035183      -1.08579    0.00408196    -0.0351718      0.999373       2.11717
     0.999989    0.00253133   -0.00398702       1.10774   -0.00239857      0.999454     0.0329592      -1.32151    0.00406828    -0.0329493      0.999449       2.02833
     0.999995     0.0012988   -0.00272822       1.14792   -0.00120891      0.999465     0.0326941      -1.40612    0.00276922    -0.0326907      0.999462       2.12676
     0.999994    0.00126463   -0.00326761        1.1522   -0.00115321      0.999425     0.0338782      -1.33987    0.00330858    -0.0338743      0.999421       2.17035
     0.999991    0.00146152   -0.00402953       1.13677   -0.00132657      0.999445     0.0332909      -1.30737    0.00407595    -0.0332852      0.999438       2.16845
     0.999992    0.00146465   -0.00382881       1.13741   -0.00133284      0.999414     0.0342056      -1.37399    0.00387667    -0.0342002      0.999407       2.21345
     0.999989    0.00194153   -0.00424841       1.13225   -0.00179466       0.99941     0.0343053      -1.35896    0.00431251    -0.0342973      0.999402       2.19703
     0.999986    0.00238192   -0.00472302       1.12937   -0.00221647      0.999394      0.034731      -1.37802    0.00480288    -0.0347201      0.999386       2.25339
     0.999983    0.00273198   -0.00519943       1.10821   -0.00255057      0.999399     0.0345824      -1.28305    0.00529078    -0.0345685      0.999388       2.22696
     0.999985    0.00261459   -0.00484307       1.11654   -0.00245002       0.99943     0.0336802      -1.35963    0.00492837    -0.0336678      0.999421       2.25481
     0.999984    0.00284257   -0.00481226       1.10021   -0.00267498      0.999402     0.0344826      -1.32662     0.0049074    -0.0344692      0.999394       2.21644
     0.999984    0.00289083   -0.00489246       1.10299   -0.00272329      0.999421     0.0339116      -1.35117    0.00498766    -0.0338977      0.999413       2.24073
     0.999983    0.00264711   -0.00519249       1.11863    -0.0024649      0.999392     0.0347891      -1.38902    0.00528142    -0.0347757      0.999381       2.29301
     0.999984    0.00245739    -0.0051031       1.13509   -0.00228204      0.999416     0.0340881      -1.40406    0.00518389    -0.0340759      0.999406       2.33845
     0.999987    0.00229497   -0.00458581       1.13307   -0.00213409      0.999393     0.0347825      -1.43541    0.00466285    -0.0347722      0.999384       2.40722
     0.999983    0.00265523   -0.00518645        1.1288   -0.00246653      0.999347     0.0360573      -1.34359     0.0052788    -0.0360439      0.999336        2.3957
     0.999984    0.00234516   -0.00507818       1.14139   -0.00215777      0.999328     0.0365963      -1.39448    0.00516059    -0.0365848      0.999317       2.40423
     0.999984    0.00244336   -0.00503693       1.13311   -0.00225976      0.999344     0.0361402      -1.34538    0.00512193    -0.0361283      0.999334       2.38955
     0.999984    0.00261199    -0.0049672       1.11897   -0.00242806      0.999324     0.0366806      -1.35795    0.00505965    -0.0366679      0.999315       2.37422
     0.999988    0.00224469   -0.00441515       1.13912   -0.00208602      0.999363     0.0356195      -1.38155     0.0044923    -0.0356098      0.999356       2.31414
      0.99999    0.00204163   -0.00402786       1.12784   -0.00189482      0.999346     0.0361201      -1.28879    0.00409897    -0.0361121      0.999339       2.26667
     0.999997   0.000835795   -0.00235256       1.14293  -0.000751289      0.999362     0.0356955      -1.35611    0.00238089    -0.0356936       0.99936       2.25293
     0.999996    0.00108194   -0.00261624       1.13199   -0.00098754      0.999358     0.0358169       -1.3079    0.00265331    -0.0358142      0.999355       2.22841
     0.999996   0.000968571   -0.00264321       1.13779  -0.000872428      0.999347     0.0361355      -1.35378    0.00267648     -0.036133      0.999343       2.25703
     0.999996    0.00112197   -0.00246863       1.12554   -0.00103121      0.999334     0.0364649      -1.30475     0.0025079    -0.0364622      0.999332       2.27029
     0.999994    0.00142057   -0.00325419       1.12405   -0.00129846      0.999306     0.0372255      -1.31985    0.00330482     -0.037221      0.999302       2.25974
     0.999996    0.00112192   -0.00261831       1.12965   -0.00102394       0.99931     0.0371281      -1.30688    0.00265816    -0.0371253      0.999307       2.26894
     0.999997    0.00101723   -0.00235853       1.14008  -0.000932253       0.99936     0.0357556       -1.2846     0.0023934    -0.0357533      0.999358       2.23625
     0.999996    0.00108546   -0.00259646       1.12947  -0.000990945      0.999347     0.0361289      -1.31156    0.00263398    -0.0361262      0.999344       2.22469
     0.999997   0.000812516   -0.00238896       1.14104  -0.000725198       0.99934     0.0363273       -1.3442     0.0024169    -0.0363254      0.999337       2.25685
     0.999996    0.00107535   -0.00252591       1.12669  -0.000982023      0.999327     0.0366636      -1.27954    0.00256363     -0.036661      0.999324       2.22625
     0.999996    0.00126904   -0.00256556       1.12698   -0.00117391      0.999324     0.0367464      -1.33088    0.00261046    -0.0367433      0.999321       2.22019
     0.999997   0.000810449   -0.00210318        1.1372  -0.000731432      0.999304     0.0373027      -1.38038    0.00213195    -0.0373011      0.999302       2.21923
     0.999997   0.000999863   -0.00232232       1.12418  -0.000913122      0.999313     0.0370564      -1.31048    0.00235778    -0.0370541       0.99931        2.2098
     0.999997   0.000871596   -0.00218973       1.12922  -0.000789978      0.999315     0.0370016      -1.29543    0.00222048    -0.0369998      0.999313       2.21048
     0.999998   0.000682195   -0.00204688       1.13924  -0.000605489      0.999306     0.0372444      -1.34399    0.00207086    -0.0372431      0.999304       2.24658
     0.999997   0.000845889   -0.00232459       1.13079  -0.000758892      0.999309     0.0371739      -1.28844    0.00235443     -0.037172      0.999306       2.22034
     0.999997   0.000792713   -0.00223945        1.1334    -0.0007085      0.999302      0.037358      -1.33689    0.00226751    -0.0373563      0.999299       2.22723
     0.999997   0.000801261   -0.00221934        1.1341  -0.000718828      0.999319     0.0368981      -1.30293    0.00224739    -0.0368964      0.999317       2.21788
     0.999998   0.000619768   -0.00185699        1.1373   -0.00055187      0.999339     0.0363437      -1.31055    0.00187829    -0.0363426      0.999338       2.24311
     0.999998   0.000613667   -0.00182939       1.13472  -0.000546316       0.99933     0.0365922      -1.31864    0.00185062    -0.0365911      0.999329       2.23286
     0.999998   0.000838875   -0.00206006       1.12877  -0.000762082      0.999315     0.0369988      -1.30528    0.00208969    -0.0369971      0.999313       2.20426
     0.999998   0.000689126   -0.00184312       1.14021  -0.000620148      0.999309     0.0371669      -1.35939    0.00186746    -0.0371657      0.999307       2.23699
     0.999998   0.000739918   -0.00202899       1.13346  -0.000664343      0.999315     0.0369985       -1.3581    0.00205498    -0.0369971      0.999313       2.20908
     0.999998   0.000731252   -0.00172065       1.12828  -0.000668782       0.99935      0.036031      -1.37501    0.00174588    -0.0360298      0.999349        2.2993
     0.999998   0.000805031   -0.00176352       1.12842  -0.000737855      0.999286     0.0377674      -1.33449    0.00179266     -0.037766      0.999285       2.27748
     0.999998   0.000843014   -0.00190889       1.14721  -0.000768665      0.999254     0.0386196      -1.33037    0.00194002    -0.0386181      0.999252       2.28111
     0.999998   0.000883139   -0.00202174       1.13819  -0.000803112      0.999229     0.0392474      -1.28955    0.00205484    -0.0392457      0.999227       2.27105
     0.999998   0.000661392   -0.00169084       1.14249  -0.000595423       0.99925     0.0387225       -1.3141    0.00171518    -0.0387214      0.999249       2.30402
     0.999999   0.000839013   -0.00144479       1.13686  -0.000783133      0.999268     0.0382526      -1.28903    0.00147583    -0.0382515      0.999267       2.31666
     0.999998   0.000886022   -0.00192326       1.13413  -0.000810958      0.999251     0.0386853      -1.28943    0.00195609    -0.0386837       0.99925        2.3094
     0.999998   0.000710397    -0.0016919       1.14695  -0.000643752      0.999236     0.0390704      -1.34753    0.00171836    -0.0390693      0.999235       2.35605
