# 3dvolreg matrices (DICOM-to-DICOM, row-by-row):
     0.999996   0.000463669    0.00292904     0.0874471  -0.000467165      0.999999    0.00119295      0.171197   -0.00292848   -0.00119431      0.999995      0.154728
     0.999997    0.00035128    0.00237398     0.0866786  -0.000354944      0.999999    0.00154335      0.158731   -0.00237344   -0.00154419      0.999996      0.174046
     0.999997   0.000506144    0.00238433     0.0854638  -0.000508194             1   0.000859168      0.177367   -0.00238389  -0.000860377      0.999997      0.143439
     0.999997   0.000240102    0.00244797     0.0811044  -0.000242263             1   0.000882275      0.168932   -0.00244776  -0.000882865      0.999997      0.159903
     0.999997   0.000312362    0.00252563     0.0875862   -0.00031443             1   0.000818555      0.175333   -0.00252537  -0.000819346      0.999996      0.157317
     0.999996    0.00034292    0.00267013      0.101285  -0.000346667      0.999999    0.00140312      0.160755   -0.00266964   -0.00140404      0.999995      0.135759
     0.999996   9.18517e-05    0.00277614      0.114436  -9.46898e-05      0.999999    0.00102219      0.162746   -0.00277605   -0.00102245      0.999996      0.106363
     0.999996   0.000119073    0.00283151       0.10046  -0.000120669             1   0.000563657      0.165103   -0.00283144  -0.000563996      0.999996      0.106919
     0.999996   5.83314e-05    0.00280706     0.0950529  -5.93609e-05             1    0.00036665      0.158084   -0.00280704  -0.000366815      0.999996     0.0977072
     0.999996  -1.84198e-05    0.00284307     0.0992664   1.69276e-05             1   0.000524888      0.173244   -0.00284308  -0.000524838      0.999996      0.128872
     0.999995   8.28068e-05    0.00302175     0.0966925  -8.50743e-05             1   0.000750254      0.157254   -0.00302169  -0.000750508      0.999995       0.15637
     0.999996   3.25673e-05    0.00297992      0.095602  -3.51026e-05             1   0.000850756       0.15447   -0.00297989  -0.000850857      0.999995      0.158823
     0.999995   0.000199509    0.00306294     0.0968361  -0.000203788      0.999999    0.00139665       0.14984   -0.00306266   -0.00139727      0.999994      0.167491
     0.999995   0.000259931    0.00308995     0.0951444  -0.000263207      0.999999    0.00106008       0.17338   -0.00308967   -0.00106088      0.999995      0.129727
     0.999995   0.000115195    0.00306421     0.0893471  -0.000118337      0.999999    0.00102529      0.158217   -0.00306409   -0.00102565      0.999995       0.15641
     0.999996   7.68967e-05    0.00297336     0.0913485  -7.90456e-05             1   0.000722621      0.183128   -0.00297331  -0.000722852      0.999995      0.154576
     0.999996   0.000373446    0.00297612     0.0821713  -0.000376872      0.999999    0.00115065      0.158503   -0.00297568   -0.00115177      0.999995      0.176071
     0.999996   0.000267583    0.00297903     0.0800493  -0.000270218             1   0.000884459       0.15774   -0.00297879   -0.00088526      0.999995      0.162678
     0.999996   0.000318358    0.00272955     0.0899579  -0.000321075      0.999999   0.000994826      0.212131   -0.00272923  -0.000995699      0.999996      0.170371
     0.999996   0.000457189    0.00281517     0.0893263  -0.000461167      0.999999    0.00141251      0.191147   -0.00281452    -0.0014138      0.999995      0.183504
     0.999996   0.000490215    0.00279476     0.0888276  -0.000492904      0.999999   0.000961501       0.20151   -0.00279429  -0.000962875      0.999996      0.147686
     0.999996    0.00049905    0.00294085     0.0918541  -0.000502228      0.999999    0.00107988      0.171449    -0.0029403   -0.00108135      0.999995      0.149399
     0.999996   0.000324316    0.00277134     0.0983912  -0.000327081      0.999999     0.0009973       0.17356   -0.00277102  -0.000998203      0.999996      0.145395
     0.999995   0.000251745    0.00309204     0.0988235  -0.000255597      0.999999    0.00124533      0.170925   -0.00309173   -0.00124612      0.999994      0.149917
     0.999995   0.000442592     0.0030828     0.0970768  -0.000447773      0.999998    0.00168021      0.173146   -0.00308205   -0.00168158      0.999994      0.147448
     0.999996    0.00040912    0.00266974      0.105119  -0.000413241      0.999999    0.00154343      0.187817    -0.0026691   -0.00154452      0.999995      0.137339
     0.999996   0.000391459     0.0028823      0.104036  -0.000395229      0.999999    0.00130756      0.156883   -0.00288178   -0.00130869      0.999995      0.156102
     0.999995   0.000390628    0.00302388      0.095783  -0.000393012             1   0.000787906      0.178283   -0.00302357  -0.000789091      0.999995      0.157929
     0.999995   0.000414304    0.00313275      0.100634  -0.000417809      0.999999    0.00111803      0.163879   -0.00313229   -0.00111933      0.999994      0.158669
     0.999995   0.000364953    0.00327135      0.118409  -0.000369252      0.999999     0.0013135      0.152149   -0.00327086    -0.0013147      0.999994       0.14649
     0.999996   0.000362756    0.00293195      0.125013  -0.000367532      0.999999    0.00162881      0.177263   -0.00293135   -0.00162988      0.999994      0.136233
     0.999996   0.000236311    0.00281809      0.114238  -0.000240741      0.999999    0.00157185      0.142823   -0.00281771   -0.00157252      0.999995      0.170482
     0.999997   0.000253959    0.00254741      0.111207    -0.0002559             1   0.000761717      0.208513   -0.00254721  -0.000762367      0.999996      0.211977
     0.999997   0.000173498    0.00261937      0.107095  -0.000176882      0.999999    0.00129159      0.162321   -0.00261914   -0.00129205      0.999996      0.214663
     0.999996   0.000303514    0.00280942      0.108628  -0.000307905      0.999999    0.00156279      0.180815   -0.00280894   -0.00156365      0.999995      0.194332
     0.999995   0.000385474    0.00307613      0.112282  -0.000389758      0.999999    0.00139209      0.172132   -0.00307559   -0.00139328      0.999994      0.180778
     0.999995   0.000316809    0.00318677      0.120184  -0.000321753      0.999999    0.00155114      0.150717   -0.00318628   -0.00155216      0.999994      0.178258
     0.999995    0.00043795    0.00315042      0.118277  -0.000443595      0.999998    0.00179117      0.182865   -0.00314963   -0.00179256      0.999993      0.166941
     0.999995   0.000626368    0.00297937      0.112516  -0.000631428      0.999998    0.00169786      0.159358    -0.0029783   -0.00169973      0.999994      0.172802
     0.999995   0.000556951      0.003073      0.113993  -0.000561422      0.999999    0.00145426      0.141287   -0.00307219   -0.00145598      0.999994      0.160324
     0.999995   6.84069e-05    0.00306422      0.137123  -7.17577e-05      0.999999    0.00109343      0.194043   -0.00306415   -0.00109365      0.999995      0.182129
     0.999995    6.9882e-05     0.0030689      0.132192  -7.51504e-05      0.999999    0.00171664      0.154438   -0.00306878   -0.00171686      0.999994      0.195729
     0.999995   0.000179494    0.00308408       0.13716  -0.000184139      0.999999    0.00150572      0.186657    -0.0030838   -0.00150628      0.999994      0.165013
     0.999995   0.000252612    0.00311403      0.127373  -0.000257027      0.999999    0.00141745      0.161753   -0.00311366   -0.00141824      0.999994      0.209357
     0.999995   0.000240929    0.00306791      0.132837  -0.000245933      0.999999    0.00163081      0.178378   -0.00306751   -0.00163156      0.999994      0.208655
     0.999996   0.000262642    0.00296796      0.128719  -0.000267164      0.999999    0.00152346      0.144818   -0.00296756   -0.00152425      0.999994      0.151429
     0.999996   0.000248044     0.0027773      0.129416  -0.000252198      0.999999    0.00149548      0.125127   -0.00277692   -0.00149617      0.999995      0.126131
     0.999996   0.000268514    0.00274326       0.12061  -0.000273232      0.999998    0.00171965      0.126978   -0.00274279   -0.00172039      0.999995      0.174856
     0.999996   0.000292943     0.0027682      0.116975  -0.000298149      0.999998    0.00188044      0.170139   -0.00276765   -0.00188126      0.999994       0.21054
     0.999997  -6.11103e-06     0.0025676      0.127081   1.17758e-06      0.999998    0.00192142      0.167724   -0.00256761   -0.00192141      0.999995      0.216629
     0.999997   0.000214799    0.00254046      0.114479  -0.000219198      0.999998     0.0017314      0.163519   -0.00254008   -0.00173195      0.999995       0.22066
     0.999997    0.00031956    0.00261752      0.107264  -0.000324022      0.999998    0.00170429      0.137579   -0.00261697   -0.00170514      0.999995      0.215671
     0.999996    7.3919e-05    0.00274705      0.120176  -7.85158e-05      0.999999    0.00167332      0.159681   -0.00274693   -0.00167353      0.999995       0.24605
     0.999995   0.000119786    0.00302601      0.128081  -0.000126526      0.999998    0.00222736      0.139646   -0.00302573   -0.00222773      0.999993      0.217143
     0.999996   7.75467e-05    0.00283082      0.157883  -8.41717e-05      0.999997    0.00234027      0.181407   -0.00283063    -0.0023405      0.999993      0.199347
     0.999996   0.000187549     0.0029411      0.154772  -0.000193786      0.999998    0.00212041      0.136611    -0.0029407   -0.00212097      0.999993      0.186692
     0.999996   4.66975e-05    0.00289141      0.152858   -5.1489e-05      0.999999    0.00165709       0.14346   -0.00289133   -0.00165723      0.999994      0.184405
     0.999995  -1.41553e-05    0.00310854      0.151311   8.95083e-06      0.999999    0.00167426       0.11919   -0.00310856   -0.00167422      0.999994      0.162589
     0.999995  -0.000226323    0.00303409      0.164087   0.000221072      0.999998    0.00173089      0.126021   -0.00303448   -0.00173021      0.999994      0.167554
     0.999995  -0.000302024    0.00310583      0.167366   0.000296164      0.999998    0.00188696      0.122856   -0.00310639   -0.00188604      0.999993      0.184691
     0.999995  -0.000138457    0.00302072      0.163368    0.00013229      0.999998    0.00204184      0.135909     -0.003021   -0.00204143      0.999993      0.200342
     0.999996   6.99151e-05    0.00280485      0.159945  -7.68456e-05      0.999997    0.00247085      0.138534   -0.00280467   -0.00247105      0.999993      0.182248
     0.999997  -7.81035e-06    0.00260422      0.164292   2.18912e-06      0.999998     0.0021585      0.136713   -0.00260424   -0.00215849      0.999994      0.185621
     0.999997  -3.85364e-05    0.00260002      0.161893    3.4581e-05      0.999999    0.00152129      0.133173   -0.00260008    -0.0015212      0.999995      0.179609
     0.999996   -0.00013066    0.00275693      0.156818   0.000125898      0.999999    0.00172731      0.098328   -0.00275715   -0.00172696      0.999995       0.18022
     0.999996  -5.34364e-06    0.00267853      0.141584  -6.80564e-07      0.999997    0.00224907      0.144302   -0.00267853   -0.00224906      0.999994      0.200457
     0.999996  -3.45285e-06    0.00271058      0.136618  -1.89331e-06      0.999998    0.00197233      0.156512   -0.00271058   -0.00197233      0.999994      0.202206
     0.999996  -8.77739e-06    0.00265304      0.136554   4.30109e-06      0.999999    0.00168724      0.161271   -0.00265305   -0.00168722      0.999995      0.200582
     0.999997  -8.32781e-05    0.00254618      0.131474   7.98898e-05      0.999999    0.00133082      0.185604   -0.00254628   -0.00133061      0.999996      0.211833
     0.999996  -6.50016e-05    0.00267026      0.135533    6.0917e-05      0.999999    0.00152972      0.157333   -0.00267035   -0.00152955      0.999995      0.217554
     0.999996   0.000258349    0.00268049      0.143326  -0.000262653      0.999999     0.0016056      0.168325   -0.00268007    -0.0016063      0.999995      0.206756
     0.999997   0.000317666    0.00253944      0.144449  -0.000322665      0.999998    0.00196838      0.161813   -0.00253881    -0.0019692      0.999995      0.199815
     0.999997  -8.19063e-05    0.00238609      0.160359   7.68012e-05      0.999998    0.00213953      0.185514   -0.00238626   -0.00213934      0.999995      0.183722
     0.999997  -2.62374e-05      0.002593      0.144716   2.01076e-05      0.999997    0.00236399      0.151726   -0.00259305   -0.00236393      0.999994      0.191628
     0.999997   3.65839e-05    0.00259706      0.141912  -4.18434e-05      0.999998    0.00202513      0.166495   -0.00259698   -0.00202523      0.999995      0.168626
     0.999997   7.57392e-05    0.00252886      0.139714  -8.10898e-05      0.999998     0.0021158      0.144643    -0.0025287     -0.002116      0.999995      0.210031
     0.999997  -9.55339e-05    0.00252255      0.149868   9.13225e-05      0.999999    0.00166957      0.128519   -0.00252271   -0.00166933      0.999995      0.176437
     0.999996   0.000331812    0.00266564      0.139627  -0.000335922      0.999999    0.00154158       0.13915   -0.00266513   -0.00154247      0.999995      0.162897
     0.999996   0.000578734    0.00261434       0.12728  -0.000583326      0.999998    0.00175611      0.124355   -0.00261332   -0.00175763      0.999995      0.175046
     0.999997   1.47745e-05    0.00239666      0.142914  -1.99469e-05      0.999998    0.00215818      0.155099   -0.00239662   -0.00215822      0.999995      0.163704
     0.999997  -0.000133639    0.00259208      0.144539   0.000128196      0.999998    0.00210012       0.15661   -0.00259235   -0.00209979      0.999994       0.19733
     0.999996  -4.18423e-05    0.00268329      0.143246   3.72552e-05      0.999999    0.00170952      0.133444   -0.00268336   -0.00170942      0.999995      0.179422
     0.999996   5.63332e-05    0.00280172      0.136213  -6.02582e-05      0.999999    0.00140083      0.151169   -0.00280164   -0.00140099      0.999995      0.188415
     0.999996  -0.000173882    0.00281802      0.130131   0.000169339      0.999999    0.00161227      0.145859    -0.0028183   -0.00161179      0.999995      0.224546
     0.999996  -0.000275529    0.00274645      0.138149   0.000270339      0.999998    0.00188978      0.166235   -0.00274697   -0.00188903      0.999994      0.202936
     0.999996  -0.000191753    0.00265775      0.151877    0.00018583      0.999997    0.00222859      0.138319   -0.00265817   -0.00222809      0.999994      0.202846
     0.999996  -0.000165573    0.00272672      0.158542   0.000160495      0.999998    0.00186259      0.147185   -0.00272702   -0.00186215      0.999995      0.178836
     0.999996  -0.000112126    0.00273899      0.152099   0.000106534      0.999998    0.00204179      0.147825   -0.00273921   -0.00204149      0.999994      0.230164
     0.999996  -0.000204696    0.00295395      0.146788   0.000198689      0.999998    0.00203378      0.152083   -0.00295436   -0.00203318      0.999994      0.246077
     0.999996  -8.90551e-05    0.00296293      0.146519   8.33469e-05      0.999998    0.00192661       0.12856    -0.0029631   -0.00192636      0.999994      0.195153
     0.999996   3.19908e-05     0.0028829      0.140257  -3.82849e-05      0.999998    0.00218324      0.127149   -0.00288283   -0.00218334      0.999993      0.191034
     0.999996   1.07076e-05    0.00267406      0.137368  -1.65984e-05      0.999998    0.00220295      0.157255   -0.00267403   -0.00220299      0.999994      0.172564
     0.999996   0.000121576    0.00278784      0.131348  -0.000127521      0.999998    0.00213228      0.121244   -0.00278758   -0.00213263      0.999994      0.197286
     0.999996   0.000150773     0.0028834      0.143323  -0.000156269      0.999998    0.00190573      0.102886   -0.00288311   -0.00190617      0.999994       0.17575
     0.999996   -3.2421e-05    0.00270109       0.15316   2.73466e-05      0.999998    0.00187863      0.142865   -0.00270115   -0.00187855      0.999995      0.175759
     0.999996    9.2279e-05    0.00269951      0.148666  -9.89073e-05      0.999997    0.00245536       0.13266   -0.00269928   -0.00245562      0.999993      0.174204
     0.999996   4.41196e-06    0.00272587      0.149795  -1.00481e-05      0.999998    0.00206763      0.146464   -0.00272585   -0.00206765      0.999994      0.132632
     0.999996  -9.33403e-05    0.00282044      0.149495   8.76212e-05      0.999998    0.00202779      0.135947   -0.00282062   -0.00202753      0.999994       0.15594
     0.999996  -8.79214e-06    0.00292347      0.153716   2.81965e-06      0.999998    0.00204294      0.129627   -0.00292348   -0.00204292      0.999994      0.174476
     0.999996   4.64183e-05    0.00284204      0.153485  -5.27012e-05      0.999998    0.00221066      0.141815   -0.00284193    -0.0022108      0.999994      0.171953
     0.999996    7.0864e-05    0.00269149      0.142661  -7.75172e-05      0.999997    0.00247191      0.148909    -0.0026913   -0.00247211      0.999993      0.170641
     0.999996   0.000195358    0.00273245      0.141018  -0.000200703      0.999998    0.00195598      0.160428   -0.00273206   -0.00195652      0.999994      0.165981
     0.999997   0.000134566    0.00256929      0.135597  -0.000140035      0.999998    0.00212858      0.144578     -0.002569   -0.00212893      0.999994       0.18992
     0.999997  -0.000114097    0.00251774      0.136447   0.000108187      0.999997    0.00234742      0.172026     -0.002518   -0.00234714      0.999994      0.199761
     0.999997  -4.10603e-05    0.00256246      0.141014   3.47504e-05      0.999997    0.00246243      0.140618   -0.00256255   -0.00246233      0.999994      0.198808
     0.999997   0.000100394    0.00249299      0.141094  -0.000106603      0.999997    0.00249059       0.15356   -0.00249274   -0.00249084      0.999994      0.186327
     0.999997    9.9678e-05    0.00247444      0.132995    -0.0001057      0.999997    0.00243354      0.156134   -0.00247419   -0.00243379      0.999994      0.201276
     0.999998   -0.00010585    0.00199989      0.129752    0.00010193      0.999998    0.00196004       0.13986   -0.00200009   -0.00195983      0.999996       0.22031
     0.999998  -0.000163774    0.00197165      0.131407   0.000160421      0.999999    0.00170097      0.145624   -0.00197193   -0.00170065      0.999997      0.176997
     0.999998    -0.0002642    0.00198793      0.129525   0.000259953      0.999998    0.00213643      0.126506   -0.00198849   -0.00213591      0.999996      0.202376
     0.999998  -0.000292789    0.00195822      0.135086   0.000289043      0.999998    0.00191306      0.152268   -0.00195878    -0.0019125      0.999996      0.186919
     0.999998  -0.000230896     0.0019114      0.130657   0.000226356      0.999997    0.00237503      0.146321   -0.00191194   -0.00237459      0.999995      0.210116
     0.999998  -0.000207432    0.00174546      0.144938   0.000203148      0.999997    0.00245421      0.172692   -0.00174597   -0.00245385      0.999995      0.173203
     0.999998  -0.000499772    0.00181745      0.157534   0.000494975      0.999996    0.00263899      0.154669   -0.00181876   -0.00263809      0.999995      0.206197
     0.999998  -0.000469914    0.00215597      0.172057    0.00046478      0.999997    0.00238097      0.154131   -0.00215708   -0.00237996      0.999995      0.166226
     0.999998  -0.000274802     0.0020239      0.172392   0.000270533      0.999998    0.00210921      0.168005   -0.00202448   -0.00210866      0.999996       0.15235
     0.999998  -0.000357606    0.00176797      0.168921   0.000353502      0.999997    0.00232083      0.136137    -0.0017688    -0.0023202      0.999996      0.177897
     0.999998   -9.8684e-05    0.00187047      0.153258   9.52561e-05      0.999998    0.00183266      0.161338   -0.00187064   -0.00183248      0.999997       0.17978
     0.999999  -0.000534759    0.00126596      0.145581   0.000532948      0.999999    0.00143026      0.157912   -0.00126673   -0.00142959      0.999998      0.205596
     0.999999  -0.000576662     0.0013146      0.150729   0.000575257      0.999999    0.00106874      0.151183   -0.00131521   -0.00106798      0.999999      0.167922
     0.999998  -0.000388592     0.0017466      0.153401   0.000385976      0.999999    0.00149791      0.137415   -0.00174718   -0.00149724      0.999997      0.187587
     0.999999  -0.000509779    0.00127042      0.155617   0.000507694      0.999999    0.00164143      0.162715   -0.00127125   -0.00164078      0.999998      0.160792
     0.999999  -0.000499768    0.00117489      0.150184   0.000497629      0.999998    0.00181996      0.139396    -0.0011758   -0.00181937      0.999998      0.183326
     0.999999  -0.000498147    0.00118429      0.153693   0.000496432      0.999999    0.00144758      0.150991   -0.00118501   -0.00144699      0.999998      0.162851
     0.999999  -0.000278788    0.00142748      0.144039   0.000276468      0.999999    0.00162509      0.111448   -0.00142793   -0.00162469      0.999998      0.197019
     0.999999  -0.000248689    0.00136364      0.159204    0.00024665      0.999999    0.00149542      0.123475   -0.00136401   -0.00149508      0.999998      0.135928
     0.999999   8.68197e-05    0.00127344      0.163017  -8.90321e-05      0.999998    0.00173737      0.111209   -0.00127329   -0.00173748      0.999998      0.142259
     0.999999   0.000116588    0.00151123        0.1625  -0.000118964      0.999999    0.00157223      0.108227   -0.00151105    -0.0015724      0.999998      0.140364
     0.999999  -0.000273921    0.00147345       0.15147   0.000271749      0.999999    0.00147451      0.147093   -0.00147385   -0.00147411      0.999998       0.16777
     0.999999  -0.000298293    0.00146177      0.168967   0.000295362      0.999998     0.0020052     0.0954941   -0.00146236   -0.00200477      0.999997       0.18663
     0.999999  -0.000340884     0.0014265      0.185693   0.000338142      0.999998    0.00192225      0.132235   -0.00142715   -0.00192176      0.999997      0.138538
     0.999999   -0.00046914    0.00154196      0.171896   0.000465888      0.999998    0.00210872      0.133863   -0.00154294     -0.002108      0.999997      0.191888
     0.999999  -0.000415276    0.00163268      0.169289   0.000412236      0.999998    0.00186191      0.132481   -0.00163345   -0.00186123      0.999997      0.181129
     0.999999  -0.000362762    0.00137259      0.166277   0.000358583      0.999995    0.00304405     0.0878033   -0.00137369   -0.00304355      0.999994      0.256933
     0.999999  -0.000476544    0.00118029      0.166879   0.000473358      0.999996    0.00269845       0.13055   -0.00118157   -0.00269789      0.999996      0.244222
     0.999999  -0.000671334    0.00137095      0.177131   0.000667743      0.999996    0.00261862      0.104446    -0.0013727    -0.0026177      0.999996      0.265534
     0.999999  -0.000491231    0.00148534      0.177094   0.000487715      0.999997    0.00236635      0.135169    -0.0014865   -0.00236562      0.999996      0.232509
     0.999999  -0.000445326    0.00127721      0.179568   0.000441525      0.999995    0.00297538      0.132159   -0.00127853   -0.00297481      0.999995       0.26038
     0.999999  -0.000388803     0.0011772      0.177345   0.000385782      0.999997    0.00256514      0.138833   -0.00117819   -0.00256468      0.999996      0.258108
     0.999999  -0.000486522    0.00149287      0.178551   0.000482246      0.999996    0.00286379      0.105365   -0.00149426   -0.00286307      0.999995       0.26438
     0.999999  -0.000404883    0.00142118       0.18895   0.000400414      0.999995    0.00314314      0.122212   -0.00142245   -0.00314257      0.999994      0.241792
     0.999999  -0.000492147     0.0012322       0.18301   0.000488873      0.999996    0.00265587      0.143215   -0.00123351   -0.00265526      0.999996      0.256434
     0.999999  -0.000402232    0.00142705      0.174991   0.000398829      0.999997    0.00238435      0.142496   -0.00142801   -0.00238378      0.999996      0.254698
     0.999999  -0.000385969    0.00151715      0.176279   0.000382134      0.999997    0.00252711      0.117446   -0.00151812   -0.00252653      0.999996      0.246774
     0.999999  -0.000574067    0.00142925       0.17285   0.000570109      0.999996    0.00276752       0.12967   -0.00143083    -0.0027667      0.999995      0.263286
     0.999999  -7.82955e-05    0.00147454      0.167317   7.32333e-05      0.999994    0.00343283      0.125197    -0.0014748   -0.00343272      0.999993      0.251611
     0.999999   -5.1921e-05    0.00137089      0.161741   4.76539e-05      0.999995    0.00311247      0.126844   -0.00137105    -0.0031124      0.999994      0.265325
     0.999999  -0.000479693    0.00124505      0.172166   0.000476178      0.999996     0.0028217      0.150832    -0.0012464   -0.00282111      0.999995      0.284513
     0.999999   -0.00039433    0.00142993      0.173325   0.000389213      0.999994    0.00357667     0.0888149   -0.00143133   -0.00357611      0.999993      0.287918
     0.999999  -0.000462226    0.00123952      0.200651   0.000458112      0.999994    0.00331747     0.0922181   -0.00124105   -0.00331689      0.999994      0.231387
     0.999999   -0.00060533    0.00136544      0.220484   0.000600895      0.999995    0.00324626     0.0628014    -0.0013674   -0.00324544      0.999994      0.228558
     0.999999  -0.000440511    0.00124957      0.225575   0.000436306      0.999994    0.00336324     0.0613343   -0.00125104   -0.00336269      0.999994      0.185862
     0.999999  -0.000482216    0.00111953       0.23373    0.00047892      0.999996    0.00294276     0.0994444   -0.00112094   -0.00294222      0.999995      0.159166
     0.999999  -0.000537798    0.00113173      0.230471   0.000534368      0.999995    0.00302881     0.0646459   -0.00113336    -0.0030282      0.999995      0.194531
     0.999999  -0.000752598    0.00138863      0.232101    0.00074871      0.999996    0.00279833     0.0799109   -0.00139073   -0.00279729      0.999995      0.160711
     0.999999  -0.000872911    0.00134669       0.21819   0.000868523      0.999994    0.00325556     0.0698763   -0.00134952   -0.00325439      0.999994      0.244514
     0.999999  -0.000820563     0.0011777      0.213394   0.000816615      0.999994    0.00334882     0.0900354   -0.00118044   -0.00334785      0.999994      0.223469
     0.999999  -0.000943635    0.00108026      0.217152   0.000939829      0.999993    0.00351874       0.10391   -0.00108357   -0.00351772      0.999993      0.233731
     0.999999   -0.00109311    0.00101126      0.220912    0.00108975      0.999994    0.00332229      0.113895   -0.00101488   -0.00332118      0.999994      0.225659
     0.999999   -0.00100448   0.000915134      0.210449    0.00100133      0.999994    0.00343733     0.0835501  -0.000918581   -0.00343641      0.999994      0.291068
     0.999999   -0.00107867    0.00107194      0.204868    0.00107547      0.999995    0.00298044      0.120296   -0.00107515   -0.00297929      0.999995      0.265459
     0.999999   -0.00114762    0.00111068      0.201748    0.00114409      0.999994    0.00316851     0.0887359   -0.00111431   -0.00316724      0.999994       0.26756
     0.999998   -0.00134502    0.00118435      0.216506    0.00134146      0.999995    0.00299899     0.0951855   -0.00118838   -0.00299739      0.999995      0.232462
     0.999998   -0.00123803    0.00129471      0.221048    0.00123362      0.999993    0.00340676     0.0936338   -0.00129892   -0.00340516      0.999993      0.244636
     0.999999   -0.00109567    0.00111632      0.214133     0.0010916      0.999993    0.00364157     0.0978097    -0.0011203   -0.00364035      0.999993      0.252573
     0.999999   -0.00109748    0.00117578      0.207139    0.00109399      0.999995    0.00296095     0.0971935   -0.00117902   -0.00295966      0.999995      0.223215
     0.999999   -0.00131097    0.00106884      0.213896      0.001308      0.999995    0.00277729      0.100597   -0.00107248   -0.00277588      0.999996      0.230886
     0.999998   -0.00140112    0.00128496       0.22901    0.00139762      0.999995     0.0027157      0.108922   -0.00128875   -0.00271389      0.999995      0.209247
     0.999998   -0.00148802    0.00150986      0.227124    0.00148329      0.999994    0.00313177     0.0979339   -0.00151451   -0.00312952      0.999994      0.238295
     0.999998   -0.00141936    0.00144724      0.222841    0.00141468      0.999994    0.00322492      0.100196   -0.00145181   -0.00322286      0.999994      0.240302
     0.999998   -0.00143176    0.00150923      0.226758    0.00142678      0.999994     0.0032976     0.0759816   -0.00151395   -0.00329543      0.999993      0.230806
     0.999998    -0.0014869    0.00142828      0.226556    0.00148228      0.999994    0.00322519      0.083676   -0.00143307   -0.00322307      0.999994      0.192831
     0.999999   -0.00119252    0.00117463      0.222056    0.00118804      0.999992    0.00380341     0.0823629   -0.00117916   -0.00380201      0.999992      0.215031
     0.999999   -0.00115822    0.00102492      0.225469    0.00115462      0.999993    0.00350728     0.0926975   -0.00102897   -0.00350609      0.999993      0.209258
     0.999999   -0.00122808    0.00103026      0.225814    0.00122498      0.999995    0.00301082      0.106336   -0.00103395   -0.00300956      0.999995      0.213695
     0.999998   -0.00155777   0.000834026      0.218505    0.00155538      0.999995    0.00285439       0.10281  -0.000838468   -0.00285309      0.999996      0.253772
     0.999998   -0.00156877    0.00075783       0.21476    0.00156677      0.999995    0.00263974      0.134618  -0.000761968   -0.00263855      0.999996      0.239765
     0.999999    -0.0013886    0.00100479      0.213978     0.0013856      0.999995    0.00297588       0.11578   -0.00100892   -0.00297448      0.999995      0.266449
     0.999998   -0.00156375    0.00124298      0.218801    0.00156022      0.999995     0.0028391      0.122697   -0.00124741   -0.00283716      0.999995      0.224757
     0.999998   -0.00134954    0.00124272      0.217723    0.00134522      0.999993    0.00347823     0.0977993    -0.0012474   -0.00347656      0.999993      0.247494
     0.999999   -0.00110027    0.00124408      0.224043    0.00109578      0.999993     0.0036001      0.100466   -0.00124803   -0.00359873      0.999993      0.209037
     0.999998   -0.00124077    0.00134302      0.230489    0.00123564      0.999992    0.00381554      0.107107   -0.00134774   -0.00381388      0.999992      0.247748
     0.999998   -0.00134599     0.0012883      0.219022    0.00134089      0.999991    0.00395028     0.0963707    -0.0012936   -0.00394855      0.999991      0.311267
     0.999998   -0.00132802    0.00146455      0.216439    0.00132264      0.999992    0.00366693      0.100539   -0.00146941   -0.00366498      0.999992      0.257075
     0.999999   -0.00117536    0.00125067      0.219519    0.00116996       0.99999      0.004313     0.0997832   -0.00125572   -0.00431153       0.99999      0.269705
     0.999999   -0.00113128    0.00118702      0.224363    0.00112701      0.999993    0.00359295      0.106521   -0.00119108   -0.00359161      0.999993      0.215385
     0.999998   -0.00130713    0.00118606       0.22527    0.00130306      0.999993    0.00342498      0.105697   -0.00119053   -0.00342343      0.999993      0.226972
     0.999998   -0.00147407    0.00142955      0.235455    0.00146933      0.999993    0.00331611      0.101539   -0.00143443     -0.003314      0.999993      0.220728
     0.999998   -0.00136033    0.00148948      0.231228    0.00135485      0.999992    0.00367772      0.102284   -0.00149447    -0.0036757      0.999992      0.250824
     0.999998   -0.00120184     0.0013582      0.230849    0.00119675      0.999992    0.00373781      0.128195   -0.00136268   -0.00373618      0.999992      0.217449
     0.999998   -0.00120899    0.00136268      0.236066    0.00120414      0.999993    0.00354904      0.101663   -0.00136697   -0.00354739      0.999993      0.237626
     0.999998    -0.0011958    0.00129564      0.242162    0.00119155      0.999994    0.00327327     0.0876881   -0.00129954   -0.00327172      0.999994      0.217639
     0.999998   -0.00138846    0.00132966      0.245612    0.00138367      0.999993    0.00359662     0.0672597   -0.00133464   -0.00359477      0.999993      0.247012
     0.999998   -0.00147067    0.00136161      0.239218     0.0014657      0.999992    0.00364346     0.0723467   -0.00136696   -0.00364145      0.999992       0.26675
     0.999998   -0.00122315    0.00147378      0.233219    0.00121755      0.999992    0.00379091       0.06746    -0.0014784   -0.00378911      0.999992      0.247689
     0.999999   -0.00105734      0.001257      0.234571    0.00105207      0.999991    0.00418291     0.0899047   -0.00126141   -0.00418158       0.99999      0.236517
     0.999998   -0.00127703    0.00121872      0.233029    0.00127228      0.999992     0.0038862      0.126299   -0.00122367   -0.00388464      0.999992       0.23566
     0.999998   -0.00136212    0.00127684      0.236449    0.00135723      0.999992    0.00382636      0.104875   -0.00128204   -0.00382462      0.999992       0.25592
     0.999998   -0.00139233     0.0012145      0.258031     0.0013879      0.999992    0.00363405     0.0878629   -0.00121955   -0.00363236      0.999993      0.226725
     0.999998   -0.00161217    0.00106365      0.278677    0.00160829      0.999992    0.00363299     0.0854916    -0.0010695   -0.00363127      0.999993      0.223078
     0.999998   -0.00163245     0.0011151        0.2729     0.0016284      0.999992    0.00362707     0.0988892   -0.00112101   -0.00362524      0.999993      0.212344
     0.999998   -0.00155852    0.00111477      0.271229    0.00155422      0.999991    0.00384632     0.0599257   -0.00112075   -0.00384458      0.999992      0.251811
     0.999998   -0.00163829    0.00111236      0.291655    0.00163425      0.999992    0.00362087     0.0766795   -0.00111828   -0.00361904      0.999993      0.228741
     0.999998   -0.00158414    0.00144366      0.284279    0.00157872      0.999992    0.00374268     0.0528728   -0.00144958   -0.00374039      0.999992      0.234408
     0.999998   -0.00157903    0.00154421      0.271925    0.00157282      0.999991    0.00401303     0.0397362   -0.00155053   -0.00401059      0.999991      0.255405
     0.999997   -0.00166112    0.00153567      0.272536     0.0016554      0.999992    0.00371976      0.114031   -0.00154184   -0.00371721      0.999992      0.252301
     0.999998    -0.0017106    0.00134623      0.270241    0.00170526      0.999991    0.00396007      0.078255   -0.00135299   -0.00395776      0.999991       0.28032
     0.999998   -0.00172863    0.00137452      0.274148    0.00172377      0.999992      0.003534     0.0835731   -0.00138062   -0.00353162      0.999993      0.248515
     0.999997   -0.00195937    0.00151687      0.280244    0.00195334       0.99999    0.00396436     0.0867259   -0.00152463   -0.00396139      0.999991       0.27286
     0.999997   -0.00183406    0.00129913      0.283376    0.00182892      0.999991     0.0039444      0.104107   -0.00130635   -0.00394202      0.999991       0.24914
     0.999998   -0.00179083    0.00125885      0.283751    0.00178652      0.999993    0.00342011     0.0903976   -0.00126496   -0.00341785      0.999993      0.235501
     0.999997   -0.00200094    0.00119848      0.275163    0.00199677      0.999992    0.00346385       0.07695    -0.0012054   -0.00346145      0.999993      0.254365
