# 3dvolreg matrices (DICOM-to-DICOM, row-by-row):
            1  -8.10946e-05  -0.000255021     0.0292108   8.10309e-05             1  -0.000249888   -0.00307893   0.000255042   0.000249867             1    -0.0680653
            1    0.00011044   -9.7202e-05   -0.00761695  -0.000110424             1   0.000163136  -0.000162303     9.722e-05  -0.000163125             1     0.0131188
            1  -8.29682e-11  -1.34931e-11    3.8378e-10   8.29682e-11             1   -5.1467e-11   2.90481e-09   1.34931e-11    5.1467e-11             1    4.8485e-09
            1    0.00031831   3.62748e-05   -0.00378866  -0.000318339             1   0.000807814    -0.0110132  -3.60176e-05  -0.000807825             1    0.00953351
            1  -6.46009e-05  -0.000470802    0.00457839   6.46523e-05             1     0.0001092    0.00145791   0.000470795   -0.00010923             1   -0.00324546
            1  -0.000471225  -0.000447987     0.0292818   0.000471096             1  -0.000288585    -0.0012651   0.000448122   0.000288374             1    -0.0212599
            1  -0.000465957  -0.000803097     0.0206537   0.000465547             1  -0.000510769     0.0146821   0.000803334   0.000510395             1    -0.0592286
     0.999999  -0.000643431   -0.00113214     0.0341875    0.00064292             1  -0.000452365    0.00156956    0.00113243   0.000451636      0.999999    -0.0276634
     0.999999  -0.000540331   -0.00105133     0.0574292    0.00053976             1  -0.000543179      0.017934    0.00105162   0.000542611      0.999999    0.00430949
     0.999999  -0.000537849   -0.00104175     0.0661086    0.00053785             1   6.05895e-07   -0.00976285    0.00104175   -1.1662e-06      0.999999   -0.00707418
            1  -0.000411098  -0.000650571     0.0626642   0.000410709             1  -0.000597052   -0.00515721   0.000650816   0.000596785             1    -0.0841458
            1  -0.000496622   -0.00057392     0.0679002   0.000496292             1  -0.000575763     -0.020574   0.000574205   0.000575478             1    -0.0579472
            1  -0.000459082  -0.000558159     0.0654659   0.000458713             1  -0.000661047    -0.0178903   0.000558462    0.00066079             1    -0.0846731
            1  -0.000366259  -0.000697023     0.0500779   0.000365985             1  -0.000392909     -0.020586   0.000697167   0.000392654             1    -0.0579788
            1    -0.0005481  -0.000548289     0.0643974   0.000547981             1  -0.000216802    -0.0209512   0.000548408   0.000216501             1    -0.0525371
            1  -0.000605807  -0.000251395     0.0831376   0.000605725             1  -0.000328489    -0.0353419   0.000251594   0.000328337             1    -0.0709052
            1  -0.000560516  -0.000314244     0.0813634   0.000560348             1  -0.000532669   -0.00800443   0.000314542   0.000532492             1    -0.0809945
            1  -0.000526482  -0.000390168     0.0845261   0.000526288             1  -0.000497122   -0.00531503    0.00039043   0.000496916             1    -0.0700229
            1  -0.000451987  -0.000227193     0.0844828   0.000451879             1  -0.000476959   -0.00844207   0.000227408   0.000476857             1    -0.0748817
            1  -0.000489595   -8.1621e-05     0.0738973   0.000489574             1  -0.000266886   -0.00762871   8.17516e-05   0.000266846             1     -0.050062
            1  -0.000442072   0.000119967     0.0715203   0.000442153             1  -0.000675765   -0.00431725  -0.000119668   0.000675818             1    -0.0743643
            1  -0.000349441  -7.20321e-05      0.066128   0.000349388             1  -0.000731282   -0.00427036   7.22876e-05   0.000731257             1    -0.0533842
            1  -0.000359723  -0.000223009     0.0598512   0.000359478      0.999999   -0.00109803     0.0162355   0.000223404    0.00109795      0.999999     -0.080114
     0.999999  -0.000315333  -0.000998222     0.0432896   0.000313782      0.999999   -0.00155342    0.00110566   0.000998711    0.00155311      0.999998    -0.0490842
     0.999999  -0.000384193  -0.000989795     0.0453693   0.000382414      0.999998   -0.00179591     0.0236423   0.000990484    0.00179553      0.999998    -0.0691471
            1   2.11209e-05  -0.000694671     0.0414208  -2.18459e-05      0.999999   -0.00104369   -0.00408805   0.000694648    0.00104371      0.999999    -0.0599009
            1  -8.21979e-05  -0.000840712     0.0489016   8.09559e-05      0.999999   -0.00147716   -0.00808345   0.000840832    0.00147709      0.999999    -0.0805601
            1  -0.000594139  -0.000695712     0.0707126    0.00059306      0.999999   -0.00155056     0.0313415   0.000696632    0.00155015      0.999999    -0.0946332
            1  -0.000288536  -0.000741194     0.0710652   0.000287417      0.999999   -0.00150948   -0.00136279   0.000741628    0.00150927      0.999999    -0.0900154
            1  -0.000281512  -0.000662151     0.0696542   0.000280411      0.999999   -0.00166171    0.00542044   0.000662618    0.00166152      0.999998    -0.0914296
            1  -0.000297881   -0.00049857      0.068682   0.000297218      0.999999   -0.00132955    0.00531599   0.000498966     0.0013294      0.999999    -0.0790639
            1  -0.000337726  -0.000473515     0.0706092   0.000337151      0.999999   -0.00121398    -0.0146432   0.000473924    0.00121382      0.999999    -0.0858052
            1  -0.000584974  -0.000489764     0.0941527   0.000584343      0.999999   -0.00128908   -0.00835196   0.000490517    0.00128879      0.999999     -0.122843
            1  -0.000604809  -0.000352614      0.107366   0.000604386      0.999999   -0.00119839    -0.0184344   0.000353338    0.00119818      0.999999     -0.104877
            1  -0.000356847  -0.000304566     0.0922849   0.000356475      0.999999   -0.00122286    -0.0223363   0.000305002    0.00122275      0.999999     -0.107959
            1  -0.000533997  -0.000424484     0.0930386   0.000533633      0.999999  -0.000856765    0.00950389   0.000424941   0.000856538             1     -0.111921
            1  -0.000461448  -0.000375871     0.0872681   0.000461015      0.999999   -0.00115226    0.00161516   0.000376403    0.00115208      0.999999    -0.0658655
            1  -0.000393945  -0.000114127     0.0942823   0.000393804      0.999999   -0.00123585    0.00216497   0.000114614     0.0012358      0.999999    -0.0728768
            1  -0.000418905   3.52855e-05      0.115334   0.000418945      0.999999   -0.00113737   -0.00119755   -3.4809e-05    0.00113739      0.999999     -0.114286
            1  -0.000379602  -0.000160137      0.107857   0.000379494             1  -0.000672425   -0.00560955   0.000160393   0.000672365             1     -0.106018
            1  -0.000148358  -0.000186502     0.0998544   0.000148156      0.999999   -0.00108112     0.0268722   0.000186662     0.0010811      0.999999    -0.0993604
            1  -0.000218596   -0.00029667     0.0916014   0.000218249      0.999999   -0.00117182    0.00362182   0.000296926    0.00117175      0.999999     -0.104349
            1  -0.000150556  -0.000186348     0.0872731   0.000150308      0.999999   -0.00133232   -0.00243462   0.000186548     0.0013323      0.999999    -0.0879573
            1  -0.000138163  -6.96795e-05     0.0871401   0.000138074      0.999999   -0.00126375    -0.0101983    6.9854e-05    0.00126374      0.999999    -0.0896776
            1  -0.000462921   8.45582e-05     0.0993946   0.000462998      0.999999  -0.000913097    -0.0254147  -8.41355e-05   0.000913136             1    -0.0872956
            1  -0.000189147   1.78041e-06     0.0917051   0.000189148             1   -0.00072037   -0.00512877  -1.64415e-06   0.000720371             1     -0.106553
            1  -5.67316e-05  -0.000210674     0.0870985   5.65074e-05      0.999999   -0.00106397      0.015841   0.000210734    0.00106396      0.999999     -0.111345
            1  -0.000116997  -0.000132687     0.0882703   0.000116814      0.999999   -0.00137705     0.0124124   0.000132848    0.00137703      0.999999     -0.119355
            1   5.72486e-05  -0.000167054     0.0811428  -5.74886e-05      0.999999   -0.00143718     0.0114116   0.000166971    0.00143719      0.999999    -0.0874673
            1  -5.90612e-05    0.00014484      0.082829    5.9234e-05      0.999999   -0.00119324     0.0108541  -0.000144769    0.00119324      0.999999    -0.0557202
            1    0.00010525   0.000164144     0.0650475  -0.000105076      0.999999   -0.00105991     0.0539347  -0.000164256     0.0010599      0.999999   -0.00535375
            1   0.000399481   3.76168e-05     0.0616321  -0.000399483             1    4.0091e-05     0.0514641  -3.76008e-05   -4.0106e-05             1    0.00222679
            1   0.000318298    1.5043e-05     0.0675238   -0.00031829             1  -0.000527586     0.0450742  -1.52109e-05   0.000527581             1    -0.0295187
            1   0.000256247   0.000329731     0.0744528  -0.000255972             1  -0.000836096     0.0348895  -0.000329945   0.000836012             1    -0.0485584
            1  -0.000114055   0.000489293     0.0977415   0.000114731      0.999999   -0.00138145     0.0303795  -0.000489135     0.0013815      0.999999    -0.0717595
            1  -1.21595e-05   0.000355045     0.0991529   1.25602e-05      0.999999   -0.00112867     0.0367395  -0.000355031    0.00112867      0.999999     -0.084143
            1   0.000185638   0.000309689     0.0894463  -0.000185429             1  -0.000673901     0.0583368  -0.000309815   0.000673844             1    -0.0766014
            1  -0.000114113   0.000426353      0.102705   0.000114452             1     -0.000795      0.011775  -0.000426262   0.000795049             1    -0.0909753
            1  -0.000223775   0.000360805      0.102198   0.000223959             1  -0.000510121     0.0185068  -0.000360691   0.000510202             1    -0.0615423
            1   4.44789e-05   0.000451898     0.0968186   -4.4253e-05             1  -0.000499942     0.0241717   -0.00045192   0.000499922             1    -0.0386524
            1   8.92246e-05   0.000235328     0.0905699  -8.91561e-05             1  -0.000290979     0.0164325  -0.000235354   0.000290958             1    -0.0248489
            1  -9.51932e-06   0.000240171     0.0998898   9.41285e-06             1   0.000443329      0.045613  -0.000240175  -0.000443326             1    -0.0129174
            1   0.000225203   0.000346879     0.0991689  -0.000225514             1   0.000896105     0.0149424  -0.000346677  -0.000896183             1    -0.0186392
            1   0.000288895   0.000227816     0.0952551  -0.000288947             1   0.000230132     0.0315073   -0.00022775  -0.000230197             1    -0.0417553
            1  -1.52382e-05   0.000269616      0.106767   1.51875e-05             1     0.0001879     0.0583884  -0.000269619  -0.000187896             1    -0.0355113
            1  -0.000268239   0.000226304     0.0942018   0.000268161             1   0.000347305     0.0265379  -0.000226398  -0.000347244             1    -0.0196467
            1  -0.000172017   0.000190927     0.0863123    0.00017193             1   0.000458017     0.0419845  -0.000191006  -0.000457984             1    -0.0180737
            1   0.000109369    0.00038488     0.0936226  -0.000109711             1   0.000889551     0.0379949  -0.000384783  -0.000889593             1    0.00607665
            1   0.000222097    0.00050205     0.0887746  -0.000222472             1   0.000745816     0.0238161  -0.000501884  -0.000745927             1   -0.00520214
            1   0.000318131   0.000416901     0.0909531  -0.000318272             1   0.000337394     0.0228913  -0.000416794  -0.000337527             1    -0.0347668
            1  -6.61387e-05   0.000526959      0.104472   6.59111e-05             1   0.000431843     0.0215118  -0.000526988  -0.000431808             1    -0.0323826
            1  -0.000169219   0.000490905      0.109108   0.000168867             1    0.00071769    0.00489906  -0.000491026  -0.000717607             1    -0.0179625
            1   3.02346e-05   0.000472109       0.10705  -3.04979e-05             1   0.000557752     0.0309749  -0.000472092  -0.000557767             1    -0.0363512
            1  -2.41632e-05    0.00066108      0.114947   2.37108e-05             1    0.00068436    0.00795609  -0.000661097  -0.000684344             1     -0.015401
            1   -0.00010584   0.000682403       0.11828   0.000105407             1   0.000634523     0.0317294   -0.00068247  -0.000634451             1    -0.0420916
            1  -0.000156691   0.000767932      0.120452   0.000155767      0.999999     0.0012032       0.01097   -0.00076812   -0.00120308      0.999999    0.00868983
            1  -1.98724e-05   0.000698563      0.117079   1.92428e-05             1   0.000901384     0.0270493   -0.00069858  -0.000901371      0.999999    -0.0104587
            1    9.1053e-05   0.000721106      0.119453  -9.15734e-05             1   0.000721589     0.0140884   -0.00072104  -0.000721655      0.999999    -0.0076469
            1   6.23075e-05   0.000576805      0.110531  -6.28485e-05             1   0.000937892    -0.0125001  -0.000576746  -0.000937928      0.999999    0.00153929
     0.999999   0.000234068    0.00104022     0.0947528  -0.000235761      0.999999    0.00162777    -0.0353864   -0.00103984   -0.00162801      0.999998    -0.0162206
     0.999999    0.00027092    0.00119727      0.113403  -0.000274049      0.999997    0.00261409     0.0379115   -0.00119656   -0.00261441      0.999996     0.0150233
     0.999999   4.08239e-05    0.00160298      0.123267  -4.59579e-05      0.999995    0.00320293    -0.0221631   -0.00160284     -0.003203      0.999994     0.0300555
     0.999999   0.000307539    0.00153002      0.128449  -0.000312819      0.999994    0.00345194   -0.00243159   -0.00152895   -0.00345242      0.999993     0.0090895
     0.999999   0.000736336    0.00133992      0.118683  -0.000740099      0.999996     0.0028101    -0.0157915   -0.00133785   -0.00281108      0.999995    -0.0281806
     0.999999   0.000256823     0.0015814      0.117316  -0.000259987      0.999998    0.00200138   -0.00534947   -0.00158088   -0.00200179      0.999997    -0.0546274
     0.999999  -0.000292257    0.00148158      0.128667   0.000288468      0.999997    0.00255697     0.0335663   -0.00148232   -0.00255653      0.999996   -0.00221249
     0.999999  -0.000196512    0.00167647      0.127019    0.00019204      0.999996    0.00266712   -0.00441271   -0.00167699   -0.00266679      0.999995    0.00499343
     0.999999  -0.000194692    0.00159842      0.128014   0.000191929      0.999998    0.00172853     0.0278911   -0.00159876   -0.00172822      0.999997    -0.0164282
     0.999998  -0.000213326    0.00173531      0.148791   0.000210495      0.999999     0.0016317    0.00822758   -0.00173566   -0.00163133      0.999997    -0.0452498
     0.999998  -0.000429771    0.00180391      0.148023   0.000425144      0.999997    0.00256464   -0.00763975     -0.001805   -0.00256387      0.999995    -0.0181974
     0.999998  -0.000916554    0.00180048      0.132378   0.000912531      0.999997    0.00223396     0.0206382   -0.00180253   -0.00223232      0.999996    -0.0355802
     0.999997   -0.00111654    0.00219216       0.12459    0.00111051      0.999996    0.00274714    0.00468956   -0.00219522    -0.0027447      0.999994     0.0367037
     0.999996   -0.00155918    0.00254719     0.0919173    0.00155219      0.999995    0.00274476     0.0263609   -0.00255146   -0.00274079      0.999993     0.0327088
     0.999996   -0.00129994    0.00232965      0.101951    0.00129338      0.999995    0.00281553      0.036925    -0.0023333   -0.00281251      0.999993      0.063745
     0.999997  -0.000942295    0.00215011      0.121504   0.000936709      0.999996     0.0025977     0.0251079   -0.00215255   -0.00259568      0.999994     0.0441012
     0.999998  -0.000881952    0.00191581      0.121344   0.000877759      0.999997    0.00218849     0.0235268   -0.00191773   -0.00218681      0.999996    0.00806546
     0.999997   -0.00129537    0.00185196      0.144946    0.00129097      0.999996    0.00237524     0.0163565   -0.00185503   -0.00237284      0.999995     0.0230155
     0.999997   -0.00129015     0.0021039      0.159902    0.00128543      0.999997    0.00224374   -0.00361089   -0.00210679   -0.00224103      0.999995    0.00137836
     0.999996   -0.00131782    0.00230821      0.164948    0.00131266      0.999997     0.0022347    -0.0103359   -0.00231115   -0.00223166      0.999995      0.013982
     0.999997   -0.00120638    0.00221046      0.162514    0.00120143      0.999997    0.00224137    -0.0145676   -0.00221316   -0.00223871      0.999995     0.0148348
     0.999997   -0.00109071    0.00199644      0.156236    0.00108676      0.999997    0.00198138    0.00672432   -0.00199859   -0.00197921      0.999996    0.00180383
     0.999998   -0.00102226    0.00191195      0.160229    0.00101809      0.999997    0.00217623    0.00757771   -0.00191417   -0.00217428      0.999996     0.0155396
     0.999997   -0.00128823     0.0021517      0.180059    0.00128327      0.999997    0.00230387    -0.0019696   -0.00215466   -0.00230111      0.999995     -0.018071
     0.999996   -0.00137446     0.0023246      0.185311    0.00136947      0.999997    0.00214392   -0.00345994   -0.00232754   -0.00214073      0.999995    -0.0167458
     0.999997  -0.000946471    0.00205959      0.175458   0.000942212      0.999997    0.00206793     0.0192361   -0.00206154   -0.00206598      0.999996    -0.0219982
     0.999997   -0.00115464    0.00200869      0.186645    0.00114926      0.999996    0.00267904    -0.0210603   -0.00201177   -0.00267673      0.999994    0.00570551
     0.999997   -0.00110694    0.00204549      0.175412    0.00110169      0.999996    0.00256375    -0.0155003   -0.00204832   -0.00256149      0.999995   -0.00409963
     0.999997   -0.00100837    0.00229384      0.172337    0.00100228      0.999996    0.00265829    -0.0268392   -0.00229651   -0.00265599      0.999994   -0.00220331
     0.999997  -0.000986957    0.00233179      0.173942   0.000980951      0.999996    0.00257546    -0.0340756   -0.00233433   -0.00257317      0.999994    0.00594535
     0.999997  -0.000910076    0.00223722      0.171115   0.000904161      0.999996    0.00264346   -0.00691281   -0.00223962   -0.00264143      0.999994    -0.0185498
     0.999997  -0.000874806    0.00213968      0.163688   0.000867435      0.999994    0.00344314    -0.0143253   -0.00214268   -0.00344127      0.999992    0.00492718
     0.999997  -0.000950193    0.00211915      0.169221   0.000943486      0.999995    0.00316336  -6.05107e-05   -0.00212215   -0.00316135      0.999993     0.0198868
     0.999997   -0.00110008    0.00231319       0.18062    0.00109264      0.999994    0.00321274   -0.00714134   -0.00231671    -0.0032102      0.999992     0.0292084
     0.999997   -0.00111545    0.00233149      0.182198    0.00110814      0.999994    0.00313122   -0.00400654   -0.00233497   -0.00312862      0.999992     0.0536154
     0.999997   -0.00120466    0.00233938      0.169425    0.00119701      0.999994      0.003268    -0.0105661    -0.0023433   -0.00326519      0.999992     0.0302087
     0.999997   -0.00110477    0.00237425      0.167527    0.00109789      0.999995    0.00289685     0.0156713   -0.00237744   -0.00289423      0.999993     0.0399148
     0.999997  -0.000980773    0.00228089      0.184228   0.000973123      0.999994    0.00335256    -0.0204541   -0.00228417   -0.00335033      0.999992     0.0614994
     0.999998   -0.00095137    0.00198556       0.20852   0.000944296      0.999993    0.00356035     0.0192595   -0.00198893   -0.00355847      0.999992     0.0328748
     0.999997   -0.00107209    0.00207985      0.207865    0.00106426      0.999992    0.00376343   0.000367912   -0.00208387   -0.00376121      0.999991    -0.0020972
     0.999997   -0.00115348    0.00213545      0.195307    0.00114616      0.999993    0.00342561   -0.00249686   -0.00213938   -0.00342315      0.999992   -0.00519897
     0.999996    -0.0014174    0.00241888      0.185956    0.00141058      0.999995    0.00281678    0.00093674   -0.00242286   -0.00281336      0.999993   -0.00223129
     0.999995   -0.00150165    0.00287597      0.189641    0.00149291      0.999994    0.00303908    -0.0327993   -0.00288052   -0.00303477      0.999991     0.0217695
     0.999995   -0.00143857    0.00277692      0.186811    0.00142984      0.999994    0.00314348    -0.0348309   -0.00278143    -0.0031395      0.999991     0.0101946
     0.999996     -0.001247    0.00263669        0.1912    0.00123759      0.999993     0.0035672   -0.00731201   -0.00264112   -0.00356392       0.99999    -0.0169168
     0.999996   -0.00115529    0.00244746      0.184394    0.00114627      0.999993    0.00368531    0.00719428    -0.0024517   -0.00368249       0.99999    -0.0110298
     0.999997      -0.00104     0.0022117      0.176761    0.00103295      0.999994    0.00318461   -0.00107324     -0.002215   -0.00318231      0.999992    -0.0137598
     0.999997    -0.0012809    0.00230027      0.184303    0.00127353      0.999994    0.00320277   0.000924363   -0.00230436   -0.00319983      0.999992     0.0244536
     0.999996   -0.00119321    0.00267601      0.191209    0.00118471      0.999994    0.00317348    0.00173598   -0.00267978    -0.0031703      0.999991     0.0277573
     0.999996   -0.00108816    0.00249781      0.188888    0.00107849      0.999992     0.0038687    -0.0102559     -0.002502   -0.00386599      0.999989     0.0182458
     0.999996   -0.00114919    0.00242328       0.18343    0.00114007      0.999992    0.00376163    0.00396102   -0.00242758   -0.00375885       0.99999     0.0309265
     0.999996   -0.00128867    0.00257549      0.188861    0.00127909      0.999992    0.00371935     0.0168957   -0.00258027   -0.00371604       0.99999     0.0554602
     0.999995   -0.00136906    0.00270534      0.193004    0.00135822      0.999991    0.00400486    -0.0145911   -0.00271079   -0.00400117      0.999988      0.047925
     0.999995   -0.00143726    0.00272776      0.187785    0.00142689      0.999992    0.00380181   -0.00646585   -0.00273321    -0.0037979      0.999989    0.00853791
     0.999995   -0.00137787    0.00269921      0.188945    0.00136674      0.999991    0.00411772    -0.0135364   -0.00270486   -0.00411401      0.999988     0.0630562
     0.999996    -0.0011957    0.00252357      0.185361    0.00118619      0.999992    0.00376316   -0.00815761   -0.00252805   -0.00376015       0.99999     0.0676132
     0.999993   -0.00179022    0.00314294      0.127067    0.00178435      0.999997    0.00186955     0.0635675   -0.00314628   -0.00186393      0.999993      0.144699
     0.999993   -0.00216466    0.00305148      0.127633    0.00215892      0.999996    0.00188507      0.115017   -0.00305555   -0.00187847      0.999994      0.189311
     0.999994   -0.00182879    0.00300454      0.153094     0.0018194      0.999993    0.00312417     0.0972531   -0.00301023   -0.00311868      0.999991      0.134485
     0.999994   -0.00154562    0.00320549      0.138236    0.00153601      0.999994    0.00299728     0.0747605    -0.0032101   -0.00299234       0.99999      0.150723
     0.999994   -0.00158001    0.00297917      0.143532    0.00157129      0.999994    0.00292488     0.0663548   -0.00298377   -0.00292018      0.999991      0.137756
     0.999994   -0.00169193    0.00309337      0.149819    0.00168252      0.999994    0.00304234     0.0683239    -0.0030985   -0.00303712      0.999991      0.148322
     0.999993   -0.00181948    0.00315727      0.150591    0.00180988      0.999994     0.0030405     0.0460884   -0.00316278   -0.00303476       0.99999      0.164579
     0.999993   -0.00189549    0.00323522       0.15021    0.00188665      0.999994    0.00273234     0.0536285   -0.00324038   -0.00272621      0.999991      0.147721
     0.999993   -0.00186503    0.00322263      0.149176    0.00185615      0.999994    0.00275775     0.0490576   -0.00322775   -0.00275175      0.999991      0.161364
     0.999994   -0.00159776    0.00321564      0.150382    0.00158856      0.999995    0.00286168     0.0614703    -0.0032202   -0.00285655      0.999991      0.150048
     0.999994   -0.00145898    0.00302283      0.154244     0.0014492      0.999994    0.00323524     0.0742466   -0.00302753   -0.00323084       0.99999       0.14079
     0.999995   -0.00128884    0.00291035      0.154002    0.00127941      0.999994    0.00324038     0.0743089   -0.00291451   -0.00323664      0.999991      0.130294
     0.999995     -0.001305    0.00280678      0.145194    0.00129595      0.999994    0.00322311     0.0762234   -0.00281097   -0.00321945      0.999991       0.14131
     0.999996   -0.00130393     0.0025616      0.147473    0.00129583      0.999994    0.00316255      0.074142    -0.0025657   -0.00315922      0.999992      0.157111
     0.999997   -0.00103317    0.00236672      0.151031    0.00102622      0.999995    0.00293671     0.0757747   -0.00236974   -0.00293428      0.999993      0.158512
     0.999996   -0.00113513    0.00263654      0.144724    0.00112661      0.999994    0.00323253     0.0709436   -0.00264019   -0.00322955      0.999991      0.152584
     0.999995   -0.00128078    0.00290429      0.146903    0.00127206      0.999995    0.00300089      0.056593   -0.00290812   -0.00299718      0.999991      0.161257
     0.999995   -0.00123872    0.00290616      0.143607    0.00122982      0.999995     0.0030599     0.0698289   -0.00290993   -0.00305631      0.999991      0.148948
     0.999996  -0.000995161    0.00281281      0.139883   0.000986001      0.999994    0.00325615     0.0529042   -0.00281604   -0.00325337      0.999991      0.145233
     0.999995  -0.000972548    0.00289149      0.143636   0.000963716      0.999995    0.00305426     0.0480621   -0.00289445   -0.00305146      0.999991      0.126182
     0.999995    -0.0012896    0.00280816      0.172387    0.00128016      0.999994    0.00336001     0.0764036   -0.00281247    -0.0033564       0.99999      0.104103
     0.999996   -0.00123421    0.00254746       0.18042    0.00122431      0.999992    0.00388676     0.0848934   -0.00255224   -0.00388363      0.999989      0.101863
     0.999997  -0.000968441    0.00244294      0.177172   0.000958742      0.999992    0.00396815     0.0676063   -0.00244676   -0.00396579      0.999989      0.116846
     0.999996   -0.00103204    0.00261961      0.177702    0.00102283      0.999993    0.00351162     0.0565687   -0.00262322   -0.00350892       0.99999      0.110527
     0.999996   -0.00107371    0.00260708      0.175293    0.00106394      0.999992    0.00374612     0.0576903   -0.00261108   -0.00374333       0.99999      0.111598
     0.999996   -0.00111472    0.00260317      0.167266    0.00110392      0.999991    0.00414799     0.0622253   -0.00260777    -0.0041451      0.999988      0.138859
     0.999997  -0.000883143     0.0024214      0.171088   0.000871479      0.999988    0.00481382     0.0857272   -0.00242563   -0.00481169      0.999985      0.174147
     0.999997  -0.000641526    0.00235337      0.174317   0.000627853      0.999983    0.00580611     0.0689573   -0.00235706   -0.00580462       0.99998      0.180686
     0.999996  -0.000356063    0.00263643      0.172883   0.000340623      0.999983    0.00585451     0.0313191   -0.00263847    -0.0058536      0.999979       0.16897
     0.999997  -0.000360667    0.00256663      0.172671   0.000346895      0.999986    0.00536423     0.0390459   -0.00256853   -0.00536332      0.999982      0.150667
     0.999997  -0.000694306    0.00243873      0.180777   0.000681381      0.999986    0.00529683     0.0669718   -0.00244237   -0.00529515      0.999983      0.164174
     0.999996  -0.000658319    0.00258509      0.182672   0.000644363      0.999985    0.00539611     0.0606849   -0.00258861   -0.00539443      0.999982      0.152842
     0.999997  -0.000633407    0.00255946      0.193301   0.000619039      0.999984    0.00561085     0.0295993   -0.00256297   -0.00560925      0.999981      0.152954
     0.999997  -0.000563092    0.00251291      0.202503     0.0005496      0.999985    0.00536641      0.052195    -0.0025159   -0.00536502      0.999982     0.0998243
     0.999996  -0.000378075    0.00277624      0.194313   0.000359977      0.999979    0.00651627     0.0292795   -0.00277865   -0.00651524      0.999975      0.123306
     0.999995  -7.95224e-05    0.00301608      0.197458   5.95949e-05      0.999978     0.0066066     0.0398486   -0.00301654   -0.00660639      0.999974     0.0826149
     0.999997  -0.000165783    0.00263396      0.196214   0.000148623      0.999979    0.00651372     0.0448112   -0.00263498   -0.00651331      0.999975      0.126738
     0.999996  -0.000300459    0.00269543      0.196234   0.000283641      0.999981    0.00623755     0.0265667   -0.00269725   -0.00623676      0.999977      0.136052
     0.999995  -0.000431937    0.00303872      0.199713    0.00041489      0.999984    0.00560849     0.0456133   -0.00304109    -0.0056072       0.99998      0.128032
     0.999996  -0.000505983    0.00279428       0.19395   0.000489145      0.999982    0.00602328     0.0417472   -0.00279728   -0.00602189      0.999978      0.189877
     0.999997  -0.000507221     0.0023799      0.211301   0.000492859      0.999982    0.00603125     0.0692881   -0.00238292   -0.00603006      0.999979      0.201695
     0.999996  -0.000589914    0.00268853      0.212695   0.000573318      0.999981    0.00616962     0.0399821   -0.00269212   -0.00616805      0.999977      0.193924
     0.999996  -0.000537858    0.00277621      0.213751   0.000520786      0.999981    0.00614646     0.0308376   -0.00277946   -0.00614499      0.999977      0.177396
     0.999996  -0.000427504    0.00283765      0.212262   0.000410138      0.999981    0.00611782     0.0397803   -0.00284021   -0.00611663      0.999977      0.157991
     0.999996  -0.000362971    0.00278713      0.213493   0.000345815      0.999981    0.00615348     0.0338612   -0.00278931    -0.0061525      0.999977      0.142638
     0.999997  -0.000308792    0.00257523      0.217288   0.000292466       0.99998    0.00633733     0.0257927   -0.00257714   -0.00633656      0.999977      0.145677
     0.999997   -0.00022296    0.00246065      0.225271   0.000207032      0.999979    0.00647163     0.0393339   -0.00246205    -0.0064711      0.999976       0.15393
     0.999997  -0.000246451     0.0024358      0.231583   0.000230196      0.999978    0.00667118     0.0303773   -0.00243739    -0.0066706      0.999975      0.113692
     0.999997  -0.000294227    0.00223986      0.218325   0.000280592      0.999981    0.00608537     0.0379378   -0.00224161   -0.00608472      0.999979      0.121223
     0.999997  -0.000362509    0.00221656      0.222142    0.00035037      0.999985    0.00547475     0.0334012   -0.00221851   -0.00547396      0.999983      0.107093
     0.999998  -0.000560973    0.00196406      0.223164   0.000549908      0.999984    0.00562963     0.0117617   -0.00196719   -0.00562853      0.999982      0.133393
     0.999998  -0.000673859    0.00201311      0.219776   0.000663647      0.999987    0.00506883     0.0449108   -0.00201649   -0.00506748      0.999985      0.120986
     0.999997  -0.000813649    0.00213505      0.222333   0.000802622      0.999986    0.00516056     0.0361932   -0.00213922   -0.00515883      0.999984      0.140309
     0.999997  -0.000443976    0.00230545      0.223931    0.00043188      0.999986    0.00524473     0.0228519   -0.00230774   -0.00524372      0.999984      0.120373
     0.999998   -0.00045715    0.00204406       0.20972   0.000447681      0.999989    0.00463028     0.0168301   -0.00204615   -0.00462936      0.999987      0.125604
     0.999998  -0.000884715    0.00174223      0.217029   0.000877026       0.99999    0.00440872     0.0446013   -0.00174612   -0.00440718      0.999989      0.121208
     0.999998  -0.000686888    0.00183417      0.212902   0.000678341      0.999989     0.0046566     0.0206483   -0.00183734   -0.00465535      0.999987      0.140611
     0.999998  -0.000579429    0.00182285      0.211934   0.000569876      0.999986    0.00523697     0.0378176   -0.00182585   -0.00523593      0.999985      0.126532
     0.999998  -0.000486851    0.00193748      0.216825   0.000476176      0.999985    0.00550655     0.0501392   -0.00194013   -0.00550562      0.999983      0.109903
     0.999998  -0.000334106     0.0021584      0.214416   0.000321608      0.999983    0.00578825      0.021295    -0.0021603   -0.00578754      0.999981      0.121536
     0.999998  -0.000379553     0.0017304      0.207557   0.000371332      0.999989    0.00474838     0.0657383   -0.00173219   -0.00474773      0.999987       0.10259
     0.999999  -0.000485207    0.00163709      0.203794   0.000477075      0.999988    0.00496452     0.0640808   -0.00163948   -0.00496373      0.999986       0.13491
     0.999998  -0.000516286    0.00187861      0.210421   0.000506195      0.999985    0.00536832     0.0596739   -0.00188135   -0.00536736      0.999984      0.114818
     0.999997  -0.000482423    0.00220297      0.221926   0.000470325      0.999985    0.00548871      0.048098   -0.00220559   -0.00548766      0.999983      0.116655
     0.999998  -0.000320897    0.00197594      0.223915   0.000310114      0.999985    0.00545461     0.0554631   -0.00197766   -0.00545398      0.999983        0.1237
     0.999998  -0.000371443     0.0018962      0.225554   0.000361288      0.999986    0.00535296     0.0466368   -0.00189816   -0.00535227      0.999984      0.121479
     0.999998  -0.000485621    0.00208134      0.224863   0.000474104      0.999985    0.00553035     0.0524295   -0.00208399   -0.00552935      0.999983      0.141355
     0.999998  -0.000378922    0.00207562       0.22439   0.000367222      0.999984    0.00563461     0.0491222   -0.00207772   -0.00563383      0.999982       0.11919
     0.999998  -0.000398221    0.00217751      0.229781   0.000385781      0.999984    0.00571038     0.0249745   -0.00217974   -0.00570953      0.999981      0.127802
     0.999996  -0.000477548    0.00264422      0.238321   0.000462757      0.999984    0.00559167    0.00750063   -0.00264684   -0.00559043      0.999981      0.113202
     0.999997  -0.000516185    0.00245598      0.234667    0.00050278      0.999985    0.00545552     0.0431617   -0.00245876   -0.00545427      0.999982      0.119823
     0.999997   -0.00050445     0.0022083      0.237631   0.000491774      0.999983    0.00573706     0.0337668   -0.00221116   -0.00573596      0.999981      0.124078
     0.999997  -0.000451295    0.00223874       0.23619   0.000438947      0.999985     0.0055131     0.0436345    -0.0022412    -0.0055121      0.999982      0.100271
     0.999997  -0.000412722    0.00226056      0.234468   0.000399513      0.999983    0.00584046     0.0377131   -0.00226293   -0.00583954       0.99998       0.11586
     0.999998  -0.000414744    0.00207927      0.235051   0.000402824      0.999984    0.00573009     0.0595854   -0.00208161   -0.00572924      0.999981      0.107708
     0.999998  -0.000421979    0.00207428      0.250623   0.000410379      0.999984    0.00558965     0.0409839   -0.00207661   -0.00558878      0.999982      0.100448
     0.999999  -0.000390924    0.00161226        0.2774   0.000382426      0.999986     0.0052678     0.0356862    -0.0016143   -0.00526718      0.999985     0.0616728
