# 3dvolreg matrices (DICOM-to-DICOM, row-by-row):
     0.999998   -0.00202738   0.000216699     0.0895028    0.00202806      0.999993   -0.00318757      0.273793  -0.000210235      0.003188      0.999995      0.223369
     0.999999   -0.00169092  -5.43609e-05     0.0795722    0.00169077      0.999995   -0.00260916      0.247543   5.87725e-05    0.00260906      0.999997      0.247581
     0.999998   -0.00190079   1.90405e-05     0.0856517    0.00190084      0.999993   -0.00323977      0.259264  -1.28822e-05     0.0032398      0.999995      0.227389
     0.999998   -0.00201286   0.000310019     0.0748677    0.00201377      0.999994   -0.00294888      0.237363  -0.000304081    0.00294949      0.999996      0.272437
     0.999998   -0.00186899   0.000358103     0.0753067    0.00187016      0.999993   -0.00330688      0.256181   -0.00035192    0.00330754      0.999994      0.249444
     0.999998   -0.00178852   0.000431765     0.0768442    0.00178991      0.999993   -0.00323457      0.231519  -0.000425977    0.00323534      0.999995      0.253246
     0.999999   -0.00165323   0.000338086     0.0839426    0.00165427      0.999994    -0.0031063       0.24552  -0.000332948    0.00310686      0.999995      0.221923
     0.999998   -0.00194282   0.000387182     0.0967578    0.00194387      0.999994   -0.00273912      0.281902  -0.000381858    0.00273987      0.999996      0.253301
     0.999998   -0.00205541    0.00054642     0.0920732    0.00205713      0.999993   -0.00316265      0.251361  -0.000539916    0.00316376      0.999995       0.23482
     0.999998   -0.00200699   0.000406144     0.0907991     0.0020083      0.999993   -0.00325985      0.265353  -0.000399599    0.00326066      0.999995      0.245464
     0.999998   -0.00184319   0.000457294     0.0911792    0.00184469      0.999993   -0.00329056       0.26447  -0.000451226     0.0032914      0.999994      0.243721
     0.999998   -0.00202662   0.000574118      0.104413     0.0020284      0.999993   -0.00312388      0.227528  -0.000567783    0.00312504      0.999995      0.246356
     0.999998   -0.00194201   0.000502656      0.118333    0.00194366      0.999993   -0.00329732      0.259235  -0.000496249    0.00329829      0.999994      0.201591
     0.999998   -0.00203836   0.000469416      0.107712    0.00203987      0.999993   -0.00323817      0.254577  -0.000462812    0.00323912      0.999995      0.225526
     0.999998   -0.00208555   0.000646856     0.0968865    0.00208793      0.999991   -0.00369319      0.271518  -0.000639148    0.00369453      0.999993      0.214875
     0.999998   -0.00186018   0.000656109     0.0888203    0.00186242      0.999992   -0.00342992      0.261245  -0.000649724    0.00343113      0.999994      0.249273
     0.999998    -0.0019526   0.000363098     0.0961645    0.00195377      0.999993   -0.00323877      0.279136  -0.000356772    0.00323947      0.999995      0.244012
     0.999998   -0.00214263   0.000401687     0.0935871    0.00214392      0.999993   -0.00322358      0.258237  -0.000394777    0.00322444      0.999995       0.22892
     0.999998   -0.00211169   0.000405316     0.0741745    0.00211296      0.999993   -0.00314492      0.276587  -0.000398672    0.00314577      0.999995      0.241704
     0.999998   -0.00184105   0.000475326     0.0672013    0.00184232      0.999995    -0.0026802       0.27373  -0.000470389    0.00268107      0.999996      0.255588
     0.999998   -0.00174504   0.000324929     0.0655075    0.00174611      0.999993   -0.00333183      0.289662  -0.000319113     0.0033324      0.999994      0.235358
     0.999998   -0.00190604   0.000457566     0.0797818    0.00190756      0.999993   -0.00334847      0.257119   -0.00045118    0.00334934      0.999994      0.243557
     0.999998   -0.00204327   0.000581938     0.0910038    0.00204516      0.999993   -0.00326622      0.271962   -0.00057526     0.0032674      0.999994      0.227984
     0.999998   -0.00198671   0.000618606     0.0832311    0.00198917       0.99999   -0.00400115      0.292986  -0.000610651    0.00400237      0.999992      0.221537
     0.999997   -0.00218478    0.00066086      0.072617    0.00218692      0.999992    -0.0032553      0.265789  -0.000653743    0.00325673      0.999994      0.262209
     0.999997   -0.00216526    0.00063229     0.0775912    0.00216745      0.999992    -0.0034786      0.307834  -0.000624753    0.00347996      0.999994      0.249284
     0.999997   -0.00220978   0.000859432     0.0757085    0.00221273      0.999992   -0.00345154      0.275446  -0.000851797    0.00345344      0.999994       0.26478
     0.999997   -0.00239824   0.000882209     0.0661499    0.00240168      0.999989    -0.0039185      0.280081  -0.000872802     0.0039206      0.999992      0.269329
     0.999997   -0.00240071   0.000702765     0.0625133    0.00240323      0.999991   -0.00361341       0.25089  -0.000694084    0.00361508      0.999993      0.246476
     0.999997   -0.00242948    0.00064774     0.0719187    0.00243192       0.99999   -0.00378366      0.281825  -0.000638541    0.00378522      0.999993      0.239276
     0.999997   -0.00245929   0.000864019     0.0747039    0.00246272      0.999989   -0.00399477      0.283332  -0.000854185    0.00399689      0.999992      0.268345
     0.999997   -0.00251634   0.000781694     0.0699515    0.00251933      0.999989   -0.00385613      0.300501  -0.000771982    0.00385809      0.999992      0.242077
     0.999997   -0.00251331   0.000543965     0.0699894    0.00251519      0.999991   -0.00348231      0.296045  -0.000535208    0.00348366      0.999994      0.267852
     0.999997   -0.00236528   0.000553857     0.0669221    0.00236743       0.99999   -0.00391331      0.292185  -0.000544596    0.00391461      0.999992      0.264404
     0.999997   -0.00234704   0.000824415     0.0712657    0.00235044      0.999989   -0.00414185      0.298242  -0.000814684    0.00414378      0.999991      0.235758
     0.999996   -0.00261869    0.00076059     0.0654325    0.00262165      0.999989   -0.00391337      0.295724  -0.000750334    0.00391535      0.999992      0.278646
     0.999997   -0.00251188   0.000449861     0.0648977    0.00251352       0.99999    -0.0037027      0.281264  -0.000440556    0.00370381      0.999993       0.24152
     0.999997   -0.00259634   0.000457047     0.0752693    0.00259801       0.99999   -0.00369591      0.285371  -0.000447447    0.00369708      0.999993      0.245709
     0.999996    -0.0025576   0.000739364     0.0649796    0.00256064      0.999988   -0.00415032      0.268575  -0.000728741     0.0041522      0.999991      0.227214
     0.999997   -0.00247718   0.000605122     0.0596906    0.00247929      0.999991   -0.00351499      0.272652  -0.000596409    0.00351647      0.999994        0.2505
     0.999997   -0.00244776   0.000481094     0.0661094    0.00244967      0.999989   -0.00401425      0.315499  -0.000471263    0.00401541      0.999992      0.226577
     0.999996   -0.00266212   0.000615871     0.0774059    0.00266456      0.999988   -0.00399758      0.281521  -0.000605222    0.00399921      0.999992      0.263421
     0.999996   -0.00279527   0.000879005     0.0884478    0.00279867      0.999989   -0.00388065      0.272469  -0.000868147     0.0038831      0.999992      0.268574
     0.999996   -0.00269373   0.000761784     0.0843244    0.00269656      0.999989   -0.00373745      0.300783  -0.000751709    0.00373949      0.999993      0.303351
     0.999996   -0.00280771   0.000750672     0.0817319    0.00281007      0.999991   -0.00316141      0.271501  -0.000741789    0.00316351      0.999995      0.305079
     0.999996   -0.00271894   0.000602092     0.0793351    0.00272075      0.999992   -0.00303355      0.315841  -0.000593838    0.00303518      0.999995       0.27695
     0.999996   -0.00270296   0.000622715     0.0788495    0.00270505      0.999991   -0.00338109      0.294457   -0.00061357    0.00338276      0.999994      0.281662
     0.999996   -0.00272183   0.000603484     0.0812953    0.00272411      0.999989   -0.00381246      0.308082    -0.0005931    0.00381409      0.999993      0.268354
     0.999995   -0.00286602   0.000925506      0.077438    0.00286937      0.999989   -0.00364194      0.275041  -0.000915058    0.00364458      0.999993       0.28494
     0.999995   -0.00303345   0.000968082     0.0892028    0.00303713      0.999988   -0.00382053      0.281134  -0.000956481    0.00382345      0.999992      0.270777
     0.999995   -0.00287793   0.000956076     0.0993898    0.00288121       0.99999   -0.00344972      0.297842  -0.000946138    0.00345246      0.999994      0.256622
     0.999996   -0.00271993    0.00073406     0.0792507     0.0027223      0.999991   -0.00324904       0.31065  -0.000725216    0.00325102      0.999994      0.284167
     0.999996   -0.00273854   0.000695829     0.0728804     0.0027408      0.999991   -0.00325833      0.322562  -0.000686899    0.00326023      0.999994      0.291648
     0.999996   -0.00270487   0.000967277     0.0749256    0.00270798      0.999991   -0.00322853      0.296676  -0.000958536    0.00323114      0.999994      0.293819
     0.999995   -0.00276096    0.00119449     0.0678495    0.00276497       0.99999   -0.00337129      0.298076   -0.00118517    0.00337458      0.999994      0.288828
     0.999996   -0.00284854   0.000912877     0.0701323    0.00285106      0.999992   -0.00277591      0.319587  -0.000904962     0.0027785      0.999996      0.304902
     0.999997   -0.00248176   0.000869256     0.0624769    0.00248421      0.999993   -0.00282391      0.307759  -0.000862242    0.00282606      0.999996      0.297704
     0.999997   -0.00240233   0.000941401      0.065294    0.00240585       0.99999   -0.00375261      0.307496  -0.000932377    0.00375487      0.999993      0.255166
     0.999996    -0.0028168   0.000886793     0.0783961    0.00281948      0.999991   -0.00304265      0.289088  -0.000878215    0.00304514      0.999995      0.302479
     0.999997   -0.00256576   0.000410704     0.0620992    0.00256666      0.999994   -0.00219231      0.310717  -0.000405076    0.00219336      0.999998       0.32762
     0.999997    -0.0025669   0.000488583     0.0694098    0.00256792      0.999995   -0.00208636       0.29154  -0.000483225    0.00208761      0.999998      0.320462
     0.999996   -0.00280761   0.000720242     0.0911469    0.00280959      0.999992   -0.00277314      0.292123  -0.000712451    0.00277515      0.999996      0.274352
     0.999995   -0.00296579   0.000678861      0.118159    0.00296758      0.999992   -0.00265524      0.280236   -0.00067098    0.00265725      0.999996      0.246727
     0.999995   -0.00302021   0.000134025      0.167688    0.00302046      0.999994   -0.00188206      0.247248   -0.00012834    0.00188246      0.999998       0.23472
     0.999996   -0.00284023  -0.000557562      0.200767    0.00283992      0.999996  -0.000567798      0.207121   0.000559173   0.000566212             1      0.140367
     0.999996   -0.00285521  -0.000383907      0.193696    0.00285485      0.999995  -0.000935224      0.199319   0.000386576   0.000934124      0.999999      0.138378
     0.999996   -0.00284977  -0.000137979      0.182804    0.00284958      0.999995   -0.00139286      0.185014   0.000141948    0.00139246      0.999999      0.145494
     0.999996   -0.00294936  -4.87772e-05      0.178091    0.00294928      0.999995   -0.00150553      0.195535   5.32173e-05    0.00150538      0.999999      0.144038
     0.999995    -0.0031184   0.000149742      0.187806    0.00311862      0.999994   -0.00149103      0.176887  -0.000145092    0.00149149      0.999999      0.148637
     0.999995    -0.0031555   5.01501e-05      0.198239    0.00315557      0.999994   -0.00148287       0.21661  -4.54705e-05    0.00148302      0.999999      0.151221
     0.999995   -0.00300196  -6.20904e-05       0.18002    0.00300191      0.999995  -0.000818828       0.20436   6.45482e-05   0.000818638             1         0.196
     0.999996   -0.00293518  -3.13574e-05      0.164048    0.00293516      0.999996  -0.000456122       0.23285   3.26961e-05   0.000456028             1      0.217492
     0.999995   -0.00300161    0.00011582      0.159448    0.00300166      0.999995  -0.000402575      0.200777  -0.000114611   0.000402921             1      0.238249
     0.999996   -0.00291962   3.81753e-05      0.156768    0.00291965      0.999996  -0.000671264      0.209872  -3.62153e-05   0.000671372             1      0.207658
     0.999996   -0.00292812   2.00232e-06      0.155088    0.00292812      0.999996  -0.000493499      0.213953  -5.57292e-07   0.000493503             1      0.233133
     0.999995   -0.00302672  -1.04712e-06      0.158188    0.00302672      0.999995  -0.000382439      0.206827   2.20464e-06   0.000382434             1      0.235635
     0.999996   -0.00277552   0.000288905      0.160215    0.00277558      0.999996  -0.000219361      0.175847  -0.000288295   0.000220162             1      0.220288
     0.999996   -0.00276709   0.000502876      0.166791    0.00276744      0.999996  -0.000681731      0.192111  -0.000500988    0.00068312             1      0.194123
     0.999996   -0.00288119   0.000128092      0.174146    0.00288122      0.999996   -0.00026726      0.237116  -0.000127321   0.000267628             1      0.199235
     0.999996   -0.00293701   0.000216139      0.166897    0.00293707      0.999996  -0.000251624      0.210319  -0.000215399   0.000252257             1      0.221252
     0.999995   -0.00300097   8.49815e-05      0.153813    0.00300102      0.999995   -0.00058615      0.218369  -8.32221e-05   0.000586403             1      0.236278
     0.999996   -0.00292486   0.000400671      0.162163    0.00292511      0.999996  -0.000608114       0.19964  -0.000398891   0.000609284             1      0.244927
     0.999995   -0.00298912   0.000493445      0.158475    0.00298942      0.999995  -0.000597013      0.180679  -0.000491658   0.000598486             1      0.244557
     0.999996   -0.00280344   0.000333714      0.173412    0.00280366      0.999996  -0.000650774      0.214021  -0.000331888   0.000651707             1      0.199312
     0.999996   -0.00286976   0.000357746      0.176366    0.00286992      0.999996  -0.000433434      0.197112  -0.000356501   0.000434459             1       0.21501
     0.999995   -0.00301121   0.000474172      0.188409    0.00301167      0.999995  -0.000970872      0.209111  -0.000471246   0.000972295      0.999999      0.180858
     0.999995   -0.00325754   0.000534326      0.181635    0.00325787      0.999994  -0.000623046       0.19655  -0.000532293   0.000624784             1      0.224802
     0.999995   -0.00305799    0.00068715      0.185684    0.00305843      0.999995  -0.000642816       0.17255   -0.00068518   0.000644915             1      0.210149
     0.999995   -0.00304467   0.000710796       0.19346    0.00304535      0.999995  -0.000964423      0.198273  -0.000707856   0.000966583      0.999999      0.178181
     0.999996   -0.00294141   0.000472558      0.191355    0.00294169      0.999995  -0.000603887      0.198133  -0.000470779   0.000605275             1      0.172206
     0.999994   -0.00346009   0.000552926      0.183346    0.00346027      0.999994  -0.000318704       0.23618   -0.00055182   0.000320616             1      0.259941
     0.999993   -0.00368369   0.000937356      0.153546    0.00368364      0.999993   5.52329e-05        0.2128  -0.000937553  -5.17796e-05             1      0.325711
     0.999994   -0.00343699   0.000833462      0.124766    0.00343702      0.999994  -3.47225e-05      0.192582  -0.000833338   3.75869e-05             1      0.288859
     0.999994   -0.00333629    0.00104618       0.11746    0.00333633      0.999994  -3.52443e-05      0.207645   -0.00104606   3.87345e-05      0.999999      0.307546
     0.999994   -0.00346375    0.00094271      0.110828    0.00346385      0.999994  -0.000103005      0.239834  -0.000942348   0.000106269             1      0.317446
     0.999994   -0.00329178   0.000969199      0.107363    0.00329145      0.999995   0.000340911      0.200183  -0.000970316  -0.000337719      0.999999      0.315185
     0.999995   -0.00322024   0.000734945      0.107438    0.00322006      0.999995   0.000242408      0.230509  -0.000735722  -0.000240041             1      0.284997
     0.999994   -0.00330962   0.000757199      0.126117    0.00330986      0.999994  -0.000308461      0.223612  -0.000756174   0.000310965             1      0.249827
     0.999994   -0.00344866   0.000874636      0.135972    0.00344917      0.999994  -0.000574168      0.233075  -0.000872651   0.000577181      0.999999      0.242764
     0.999993   -0.00351356    0.00104528      0.136478    0.00351394      0.999994  -0.000368498      0.223231   -0.00104398   0.000372169      0.999999      0.237042
     0.999993   -0.00363831    0.00109976      0.139496    0.00363877      0.999993  -0.000411273      0.226648   -0.00109826   0.000415272      0.999999      0.240167
     0.999993   -0.00355437    0.00124175      0.146727    0.00355505      0.999994  -0.000541286      0.224051   -0.00123982   0.000545697      0.999999       0.22811
     0.999994   -0.00340987    0.00101944      0.142792    0.00340992      0.999994  -4.18336e-05      0.224539   -0.00101929   4.53096e-05      0.999999      0.238974
     0.999994    -0.0034443    0.00103394      0.143894    0.00344475      0.999994  -0.000434647      0.253153   -0.00103244   0.000438206      0.999999      0.207974
     0.999993   -0.00353803   0.000933379      0.136972    0.00353846      0.999994  -0.000465426      0.238249  -0.000931726   0.000468725      0.999999       0.25297
     0.999993   -0.00362122    0.00096614      0.135135    0.00362148      0.999993  -0.000273691      0.247343  -0.000965142   0.000277188      0.999999      0.260886
     0.999992   -0.00369078    0.00122749      0.127148    0.00369071      0.999993   5.55451e-05      0.228336   -0.00122768  -5.10144e-05      0.999999      0.260955
     0.999993   -0.00353036    0.00107551      0.137915    0.00352996      0.999994   0.000374088      0.216599   -0.00107682  -0.000370289      0.999999      0.257378
     0.999993   -0.00362581    0.00118337      0.158266    0.00362619      0.999993  -0.000319721      0.240195   -0.00118221    0.00032401      0.999999      0.214921
     0.999993   -0.00356046    0.00108057      0.151167    0.00356055      0.999994  -8.27777e-05      0.238257   -0.00108027   8.66245e-05      0.999999      0.262452
     0.999993   -0.00354491   0.000986877      0.147943     0.0035445      0.999994    0.00041728      0.241043   -0.00098835  -0.000413779      0.999999      0.242721
     0.999994    -0.0033373   0.000886476      0.133661    0.00333667      0.999994   0.000714188      0.240383  -0.000888854  -0.000711226      0.999999      0.293604
     0.999994   -0.00322233   0.000940266      0.127047    0.00322187      0.999995    0.00048913      0.235078  -0.000941838  -0.000486097      0.999999      0.319478
     0.999994   -0.00326475    0.00112376      0.107937    0.00326433      0.999995    0.00037876      0.186667   -0.00112499  -0.000375089      0.999999         0.344
     0.999994   -0.00321897   0.000811897     0.0979786    0.00321878      0.999995   0.000242525      0.241234  -0.000812674   -0.00023991             1       0.32041
     0.999994   -0.00325616   0.000704542      0.101888    0.00325586      0.999995   0.000420581      0.267318  -0.000705907  -0.000418285             1       0.35179
     0.999994   -0.00323347   0.000982804      0.107532    0.00323287      0.999995   0.000602802      0.233633  -0.000984748  -0.000599621      0.999999      0.346536
     0.999995   -0.00311493   0.000974964      0.114014    0.00311407      0.999995   0.000881012      0.242958  -0.000977703  -0.000877971      0.999999      0.344147
     0.999995   -0.00320044   0.000846193      0.120866    0.00319998      0.999995   0.000549235       0.22771  -0.000847947  -0.000546524      0.999999      0.350207
     0.999994    -0.0033109   0.000861787      0.120085    0.00331045      0.999994   0.000525194      0.225282  -0.000863521  -0.000522338      0.999999      0.380031
     0.999995    -0.0032442   0.000573678      0.107463    0.00324394      0.999995   0.000452517       0.23824  -0.000575143  -0.000450653             1      0.311571
     0.999993   -0.00360932   0.000605041     0.0894021    0.00360951      0.999993  -0.000325457       0.29853  -0.000603863   0.000327638             1      0.286418
     0.999993   -0.00359785    0.00062128     0.0734381    0.00359806      0.999993  -0.000330901      0.301674  -0.000620085   0.000333134             1      0.360344
     0.999995   -0.00309213   0.000863421     0.0545995    0.00309188      0.999995   0.000283903      0.253159  -0.000864295  -0.000281232             1       0.38631
     0.999995   -0.00301325   0.000460273     0.0516494     0.0030132      0.999995   9.97882e-05      0.289765  -0.000460571  -9.84009e-05             1      0.364895
     0.999995   -0.00316202   0.000402336      0.060386    0.00316198      0.999995    0.00010363      0.321197  -0.000402662  -0.000102357             1      0.397304
     0.999995   -0.00303566   0.000610616     0.0744582    0.00303544      0.999995   0.000349582      0.265221  -0.000611674  -0.000347727             1      0.363701
     0.999996   -0.00277344    0.00102231     0.0918617    0.00277308      0.999996   0.000354188      0.296018   -0.00102329  -0.000351352      0.999999         0.326
     0.999996   -0.00288393   0.000812455      0.080878    0.00288406      0.999996  -0.000160667      0.262034  -0.000811988   0.000163009             1      0.313833
     0.999995   -0.00308092    0.00103596     0.0652083    0.00308088      0.999995   3.54175e-05      0.265084   -0.00103607  -3.22257e-05      0.999999      0.350058
     0.999995   -0.00282285    0.00118049     0.0585965    0.00282205      0.999996    0.00067841      0.273054    -0.0011824  -0.000675075      0.999999       0.32961
     0.999995     -0.002974    0.00111818     0.0756647    0.00297358      0.999996   0.000381715      0.274597   -0.00111931  -0.000378388      0.999999      0.327881
     0.999995   -0.00289567     0.0011618     0.0772562    0.00289591      0.999996   -0.00020659      0.279088    -0.0011612   0.000209953      0.999999      0.326167
     0.999995   -0.00296536    0.00140536     0.0700698    0.00296497      0.999996   0.000276876      0.252876   -0.00140618  -0.000272708      0.999999      0.365524
     0.999995    -0.0030825    0.00103686     0.0815944    0.00308175      0.999995   0.000722109       0.29369   -0.00103908  -0.000718909      0.999999      0.356064
     0.999995   -0.00307209   0.000900409     0.0882733    0.00307148      0.999995   0.000675299      0.295148  -0.000902479   -0.00067253      0.999999      0.375407
     0.999995   -0.00303846   0.000965523     0.0917532    0.00303807      0.999995   0.000409027       0.27854  -0.000966762  -0.000406091      0.999999       0.36131
     0.999995    -0.0029876    0.00101059     0.0931883    0.00298713      0.999995   0.000469037      0.264273   -0.00101199  -0.000466016      0.999999      0.355425
     0.999994   -0.00318632    0.00120728     0.0921924     0.0031859      0.999995   0.000348869      0.281129   -0.00120839  -0.000345021      0.999999      0.369278
     0.999994    -0.0030778    0.00144488     0.0907354    0.00307693      0.999995   0.000604543      0.256021   -0.00144673  -0.000600094      0.999999      0.365123
     0.999995   -0.00296024     0.0010418     0.0855014    0.00295928      0.999995   0.000928329      0.305179   -0.00104454  -0.000925241      0.999999      0.347102
     0.999995   -0.00296323    0.00113419     0.0793089    0.00296271      0.999996   0.000465346      0.252149   -0.00113556  -0.000461983      0.999999       0.36904
     0.999995   -0.00304693    0.00106237     0.0759426    0.00304733      0.999995  -0.000371205      0.293982   -0.00106123    0.00037444      0.999999      0.347654
     0.999995   -0.00311088    0.00108132     0.0826281    0.00311082      0.999995    5.6869e-05      0.279214    -0.0010815  -5.35049e-05      0.999999      0.376931
     0.999994   -0.00323255   0.000973868     0.0867269    0.00323264      0.999995  -8.58728e-05      0.283243  -0.000973585   8.90205e-05             1       0.36887
     0.999995   -0.00291392    0.00115077     0.0853473    0.00291344      0.999996   0.000424518      0.259837     -0.001152  -0.000421163      0.999999       0.35456
     0.999996   -0.00273544   0.000935169       0.10142    0.00273499      0.999996   0.000480534      0.269713   -0.00093648  -0.000477974      0.999999      0.332853
     0.999995   -0.00296352    0.00105831     0.0967115    0.00296391      0.999996  -0.000367029      0.312758   -0.00105722   0.000370164      0.999999      0.333701
     0.999995   -0.00286418    0.00120615     0.0800423    0.00286427      0.999996  -6.79155e-05      0.272415   -0.00120595   7.13699e-05      0.999999      0.359293
     0.999996   -0.00279522    0.00104326     0.0922643    0.00279542      0.999996  -0.000196029      0.284279   -0.00104271   0.000198944      0.999999      0.305706
     0.999995   -0.00294503     0.0013286      0.110111    0.00294511      0.999996  -5.96512e-05      0.285994   -0.00132842   6.35638e-05      0.999999      0.314883
     0.999994   -0.00309025    0.00130079      0.112922    0.00309091      0.999995  -0.000506231      0.300906   -0.00129922   0.000510248      0.999999       0.28267
     0.999995   -0.00296398    0.00134589      0.121374     0.0029639      0.999996   6.19808e-05      0.258801   -0.00134606  -5.79914e-05      0.999999      0.291006
     0.999995   -0.00302199    0.00132876      0.132674    0.00302244      0.999995  -0.000337137      0.304154   -0.00132774   0.000341151      0.999999       0.23824
     0.999993   -0.00330211     0.0014662      0.138316    0.00330292      0.999994  -0.000549711      0.290531   -0.00146438   0.000554551      0.999999      0.273155
     0.999994   -0.00320075    0.00131042      0.130034    0.00320149      0.999995  -0.000561704      0.311172   -0.00130862   0.000565896      0.999999      0.297733
     0.999995   -0.00312154    0.00105239      0.138955    0.00312155      0.999995  -4.95643e-06      0.284485   -0.00105237    8.2415e-06      0.999999      0.306751
     0.999995   -0.00306653   0.000993455      0.162585    0.00306671      0.999995  -0.000182284      0.293336  -0.000992891    0.00018533      0.999999      0.231329
     0.999995   -0.00302115   0.000930558      0.151428    0.00302158      0.999995  -0.000460065       0.28644  -0.000929163   0.000462874      0.999999      0.242051
     0.999995   -0.00290591   0.000929757      0.143771    0.00290652      0.999996  -0.000659311      0.284553  -0.000927837    0.00066201      0.999999      0.250505
     0.999995   -0.00289263    0.00115316      0.153173    0.00289352      0.999996    -0.0007702      0.283226   -0.00115092   0.000773533      0.999999      0.232207
     0.999994   -0.00323546    0.00100119      0.166021    0.00323596      0.999995  -0.000492156      0.276946  -0.000999588   0.000495393      0.999999      0.256277
     0.999995   -0.00287198    0.00104107      0.158561    0.00287206      0.999996  -8.05795e-05      0.269316   -0.00104083   8.35691e-05      0.999999      0.243058
     0.999995   -0.00290899   0.000940722        0.1558    0.00290918      0.999996  -0.000205012      0.287614  -0.000940122   0.000207748             1      0.266109
     0.999995   -0.00307465   0.000959875      0.144506    0.00307542      0.999995  -0.000791976      0.299875  -0.000957436   0.000794923      0.999999      0.241949
     0.999995   -0.00304157    0.00092267      0.125345    0.00304187      0.999995  -0.000318281      0.264421  -0.000921697   0.000321086             1      0.291726
     0.999996   -0.00287311   0.000815841      0.134942    0.00287344      0.999996  -0.000402133       0.29451  -0.000814682   0.000404476             1      0.235932
     0.999995   -0.00301747    0.00090112       0.14373    0.00301772      0.999995  -0.000283291      0.288893  -0.000900261   0.000286009             1      0.278299
     0.999995   -0.00293911    0.00107617      0.147871    0.00293981      0.999995  -0.000642854      0.287158   -0.00107427   0.000646015      0.999999      0.250869
     0.999994   -0.00314093    0.00126835      0.136344    0.00314136      0.999995  -0.000336979      0.279356   -0.00126729   0.000340961      0.999999       0.30411
     0.999994   -0.00317684    0.00130383      0.152678    0.00317793      0.999995  -0.000835588      0.272432   -0.00130116   0.000839727      0.999999      0.234953
     0.999994   -0.00309528    0.00124574       0.15043    0.00309552      0.999995  -0.000191283      0.271968   -0.00124514   0.000195138      0.999999      0.266266
     0.999995   -0.00295533    0.00102698      0.156296    0.00295584      0.999996  -0.000499822      0.300995    -0.0010255   0.000502855      0.999999      0.210138
     0.999995   -0.00294301    0.00100801      0.155114    0.00294351      0.999996  -0.000493296      0.282985   -0.00100656   0.000496261      0.999999      0.243447
     0.999995   -0.00300748    0.00109676       0.15198     0.0030084      0.999995  -0.000838269      0.301845   -0.00109424   0.000841564      0.999999      0.234252
     0.999995   -0.00306158    0.00118714       0.15094    0.00306221      0.999995  -0.000523113      0.276625   -0.00118554   0.000526745      0.999999      0.273552
     0.999995   -0.00308683    0.00105811      0.158193    0.00308758      0.999995  -0.000709362      0.285502   -0.00105591   0.000712625      0.999999      0.241936
     0.999995   -0.00309841   0.000951974      0.148502    0.00309866      0.999995  -0.000268757      0.283236  -0.000951137   0.000271705             1      0.258584
     0.999994   -0.00323741    0.00105062      0.169076    0.00323799      0.999995   -0.00055907      0.301464    -0.0010488   0.000562469      0.999999       0.24513
     0.999994   -0.00330996    0.00124284      0.173307    0.00331058      0.999994  -0.000498638      0.282956   -0.00124118   0.000502749      0.999999      0.252716
     0.999994   -0.00317034    0.00124966      0.161024    0.00317079      0.999995  -0.000356985      0.289739   -0.00124852   0.000360945      0.999999      0.277494
     0.999994   -0.00310251    0.00128651      0.160833    0.00310329      0.999995  -0.000600464      0.296608   -0.00128464   0.000604453      0.999999       0.26665
     0.999994   -0.00315795    0.00133556      0.147282    0.00315818      0.999995  -0.000174755      0.281569     -0.001335   0.000178972      0.999999      0.308375
     0.999995   -0.00308078    0.00114314      0.143157    0.00308049      0.999995   0.000252816      0.305388   -0.00114391  -0.000249293      0.999999       0.30906
     0.999995   -0.00303401    0.00105598      0.139976     0.0030337      0.999995    0.00029326      0.293563   -0.00105686  -0.000290055      0.999999      0.308723
     0.999995   -0.00306651    0.00101375      0.146862     0.0030664      0.999995    0.00011206      0.305437   -0.00101409  -0.000108951      0.999999      0.303883
     0.999995    -0.0029831    0.00114823      0.153679    0.00298303      0.999996   5.71703e-05      0.292761   -0.00114839  -5.37449e-05      0.999999       0.29597
     0.999995   -0.00304865    0.00118273      0.147763     0.0030489      0.999995  -0.000208307      0.293959   -0.00118208   0.000211911      0.999999      0.307427
     0.999994   -0.00309118    0.00121123      0.148053    0.00309124      0.999995  -4.77027e-05      0.315924   -0.00121108   5.14467e-05      0.999999      0.308731
     0.999993   -0.00329607    0.00146617      0.154996    0.00329594      0.999995   8.93481e-05      0.278031   -0.00146645  -8.45151e-05      0.999999      0.339105
     0.999994   -0.00321709    0.00142172      0.155158    0.00321698      0.999995    7.9885e-05      0.292657   -0.00142197  -7.53109e-05      0.999999      0.316489
     0.999995   -0.00297251    0.00121133      0.130013    0.00297187      0.999995   0.000531316       0.30721   -0.00121291  -0.000527714      0.999999      0.324169
     0.999995   -0.00295528    0.00110987      0.131054    0.00295531      0.999996  -2.36018e-05      0.304016    -0.0011098   2.68817e-05      0.999999      0.297792
     0.999995   -0.00304449    0.00121412      0.137651    0.00304466      0.999995  -0.000133428        0.2955   -0.00121371   0.000137124      0.999999      0.304989
     0.999994   -0.00310862    0.00124086      0.135234    0.00310885      0.999995   -0.00018663      0.303045   -0.00124027   0.000190486      0.999999      0.317989
     0.999995   -0.00297755    0.00120964      0.125513    0.00297678      0.999995   0.000635399      0.266457   -0.00121153  -0.000631795      0.999999      0.344641
     0.999996   -0.00271039    0.00116743      0.125478    0.00270998      0.999996   0.000349012      0.299637   -0.00116837  -0.000345847      0.999999      0.317411
     0.999996   -0.00277034    0.00104122      0.129575    0.00277025      0.999996     8.548e-05      0.323576   -0.00104145  -8.25952e-05      0.999999      0.326159
     0.999995   -0.00293271    0.00112376      0.136864    0.00293244      0.999996    0.00024312      0.288993   -0.00112446  -0.000239824      0.999999      0.344463
     0.999995   -0.00297338    0.00106095      0.136372    0.00297321      0.999996   0.000163514      0.298758   -0.00106143  -0.000160359      0.999999      0.349261
     0.999995   -0.00299479    0.00105577       0.13125    0.00299415      0.999995   0.000608866      0.284036   -0.00105759  -0.000605701      0.999999      0.324353
     0.999995   -0.00301056   0.000951842       0.13373    0.00301004      0.999995    0.00054152      0.308263  -0.000953467  -0.000538652      0.999999       0.32762
     0.999995   -0.00304608   0.000994912      0.132227    0.00304591      0.999995   0.000173114      0.311245  -0.000995434  -0.000170082      0.999999      0.319396
     0.999995   -0.00312449   0.000837485      0.130933    0.00312417      0.999995   0.000376535      0.305575  -0.000838657  -0.000373916             1      0.340133
     0.999995   -0.00302754    0.00106707      0.120644    0.00302737      0.999995   0.000159638      0.281478   -0.00106755  -0.000156407      0.999999      0.337751
     0.999995   -0.00289226    0.00115491      0.119396    0.00289218      0.999996   7.86989e-05      0.286142   -0.00115514  -7.53583e-05      0.999999      0.336054
     0.999995   -0.00296738   0.000947448       0.12669    0.00296673      0.999995    0.00068218      0.296334  -0.000949468  -0.000679366      0.999999      0.334851
     0.999995   -0.00296845   0.000771846      0.144401    0.00296839      0.999996   8.67553e-05      0.307838  -0.000772101  -8.44638e-05             1      0.305997
     0.999995    -0.0030198   0.000834931      0.133494    0.00301995      0.999995  -0.000181054      0.293761   -0.00083438   0.000183575             1        0.3173
     0.999995   -0.00293802    0.00113386      0.126025    0.00293816      0.999996  -0.000120447       0.30161    -0.0011335   0.000123778      0.999999      0.297178
     0.999995   -0.00292901    0.00111763      0.118369    0.00292872      0.999996   0.000258004       0.29133   -0.00111838   -0.00025473      0.999999      0.317594
     0.999996   -0.00277274   0.000780124      0.121666    0.00277252      0.999996   0.000272216      0.302942  -0.000780875  -0.000270052             1      0.293683
