# 3dvolreg matrices (DICOM-to-DICOM, row-by-row):
            1  -0.000109814  -0.000304511      -1.20773   0.000108955      0.999996   -0.00282034      -2.46121    0.00030482    0.00282031      0.999996       1.23127
            1  -0.000255221  -0.000408092      -1.21257   0.000253909      0.999995   -0.00321058       -2.4328    0.00040891    0.00321048      0.999995       1.19584
            1  -0.000350624   -0.00055874      -1.21252   0.000349048      0.999996   -0.00281903      -2.46809   0.000559727    0.00281884      0.999996       1.21693
            1  -0.000326332  -0.000506235      -1.20958   0.000324848      0.999996   -0.00292927      -2.44656   0.000507189    0.00292911      0.999996       1.25288
     0.999999  -0.000631702  -0.000845861      -1.22055   0.000629154      0.999995   -0.00300904      -2.45844   0.000847757     0.0030085      0.999995       1.15516
            1  -0.000537979  -0.000727114      -1.21498   0.000536156      0.999997   -0.00250472      -2.45399   0.000728459    0.00250433      0.999997       1.20687
            1  -0.000560209  -0.000717364      -1.21567   0.000558194      0.999996   -0.00280651      -2.43188   0.000718934    0.00280611      0.999996       1.22869
     0.999999  -0.000580684   -0.00101763      -1.23616   0.000577546      0.999995   -0.00308136      -2.41188    0.00101941    0.00308077      0.999995        1.1731
            1  -0.000435338  -0.000895868      -1.23015    0.00043232      0.999994   -0.00336601      -2.42236   0.000897328    0.00336562      0.999994       1.24359
     0.999999  -0.000600503  -0.000887451      -1.21931   0.000598015      0.999996   -0.00280135      -2.45553   0.000889129    0.00280082      0.999996       1.22268
            1  -0.000422632  -0.000814706      -1.20867   0.000420652      0.999997    -0.0024285      -2.43855    0.00081573    0.00242816      0.999997       1.24724
     0.999999  -0.000690108  -0.000910963      -1.21889   0.000687309      0.999995   -0.00306907      -2.43565   0.000913076    0.00306845      0.999995       1.21757
     0.999999  -0.000680505   -0.00112006      -1.23452   0.000677535      0.999996   -0.00264957      -2.42295    0.00112186    0.00264881      0.999996        1.2024
     0.999999  -0.000655777  -0.000895734      -1.23206   0.000653013      0.999995   -0.00308233      -2.44152   0.000897751    0.00308174      0.999995       1.24031
     0.999999  -0.000503825   -0.00113999      -1.23102   0.000500254      0.999995   -0.00312992      -2.42171    0.00114156    0.00312935      0.999994       1.21602
            1   -0.00036734  -0.000855111       -1.2102   0.000365157      0.999997   -0.00255166      -2.39401   0.000856045    0.00255135      0.999996       1.14892
            1  -0.000443826   -0.00068045      -1.21042   0.000441813      0.999996     -0.002956      -2.40734   0.000681759     0.0029557      0.999995       1.19473
     0.999999  -0.000868722   -0.00104825      -1.24118   0.000864965      0.999993   -0.00357898      -2.35489    0.00105135    0.00357807      0.999993       1.05894
            1  -0.000609107  -0.000744477      -1.22653   0.000606927      0.999996   -0.00292454      -2.41854   0.000746255    0.00292409      0.999995       1.12445
            1  -0.000538922  -0.000626692      -1.23178   0.000536748      0.999994   -0.00346427      -2.37724   0.000628555    0.00346394      0.999994       1.14382
            1  -0.000265037  -0.000603333      -1.22932   0.000263197      0.999995   -0.00304714      -2.42333   0.000604138    0.00304698      0.999995       1.15775
            1  -6.83049e-05  -0.000533115      -1.20815    6.6641e-05      0.999995   -0.00312039      -2.45318   0.000533325    0.00312035      0.999995       1.19908
            1  -0.000226262  -0.000685607      -1.21369   0.000223804      0.999994    -0.0035831      -2.45496   0.000686414    0.00358294      0.999993       1.18371
            1   -0.00029819  -0.000796095      -1.21034   0.000295699      0.999995   -0.00312772      -2.44321   0.000797024    0.00312748      0.999995       1.18502
            1     -0.000298  -0.000678156      -1.20014   0.000296025      0.999996   -0.00291045      -2.41173    0.00067902    0.00291024      0.999996       1.20974
     0.999999  -0.000722251  -0.000862163      -1.20581   0.000719717      0.999995   -0.00293519      -2.41281   0.000864279    0.00293456      0.999995       1.12965
     0.999999  -0.000828022  -0.000861937      -1.19343   0.000826091      0.999997   -0.00223794      -2.42084   0.000863787    0.00223722      0.999997       1.17287
     0.999999  -0.000613128  -0.000845734      -1.20559   0.000610589      0.999995   -0.00299921      -2.40039   0.000847569    0.00299869      0.999995       1.14794
     0.999999  -0.000344739  -0.000963125      -1.20635   0.000342415      0.999997   -0.00241233      -2.41941   0.000963954      0.002412      0.999997       1.15212
            1  -0.000223446   -0.00073751      -1.19919   0.000221147      0.999995   -0.00311644      -2.40426   0.000738203    0.00311628      0.999995        1.1951
     0.999999  -0.000541672   -0.00109851      -1.21203   0.000538117      0.999995   -0.00323447      -2.40689    0.00110026    0.00323388      0.999994       1.11727
            1  -0.000351153  -0.000785718      -1.20642   0.000349158      0.999997   -0.00253809      -2.43546   0.000786606    0.00253781      0.999996       1.18256
     0.999999  -0.000555303   -0.00110924      -1.21395   0.000551744      0.999995   -0.00320603      -2.39392    0.00111101    0.00320542      0.999994         1.131
            1  -0.000319799  -0.000940581      -1.20654   0.000317196      0.999996   -0.00276674      -2.44022   0.000941462    0.00276644      0.999996       1.15643
     0.999999  -0.000147175   -0.00106915      -1.21142   0.000143934      0.999995   -0.00303092      -2.42684    0.00106959    0.00303076      0.999995       1.19847
     0.999999  -0.000240287   -0.00110884      -1.21395    0.00023673      0.999995   -0.00320747      -2.43679    0.00110961    0.00320721      0.999994        1.1796
            1  -0.000163449  -0.000896854      -1.20024   0.000161069      0.999996   -0.00265312      -2.45429   0.000897284    0.00265297      0.999996       1.19766
            1  -8.04571e-05  -0.000890244      -1.19529   7.79192e-05      0.999996   -0.00285044      -2.40846    0.00089047    0.00285037      0.999996       1.20761
     0.999999  -0.000128246    -0.0010099      -1.20697    0.00012507      0.999995    -0.0031443      -2.42805     0.0010103    0.00314418      0.999995       1.14037
            1   5.74739e-06  -0.000993033      -1.20341  -8.56263e-06      0.999996   -0.00283501      -2.45026   0.000993013    0.00283502      0.999995       1.20367
     0.999999  -9.28847e-05   -0.00115764      -1.21751   8.90068e-05      0.999994   -0.00334944      -2.39847    0.00115794    0.00334934      0.999994       1.15977
     0.999999  -0.000130535   -0.00116454      -1.20359   0.000127398      0.999996   -0.00269346      -2.43664    0.00116489    0.00269331      0.999996       1.18141
     0.999999  -3.63428e-07   -0.00100997      -1.19526  -2.07585e-06      0.999997   -0.00241518      -2.40711    0.00100997    0.00241518      0.999997       1.20522
     0.999999  -0.000216174   -0.00113204      -1.20457   0.000213067      0.999996   -0.00274375      -2.40685    0.00113263    0.00274351      0.999996       1.16127
     0.999999   -0.00020291   -0.00106796      -1.19801   0.000200279      0.999997   -0.00246363      -2.43254    0.00106845    0.00246341      0.999996       1.18239
     0.999999  -0.000277666   -0.00116052      -1.20194   0.000274539      0.999996   -0.00269388       -2.3883    0.00116127    0.00269356      0.999996       1.17056
     0.999999  -0.000259761   -0.00125814      -1.21195   0.000256257      0.999996   -0.00278423      -2.41462    0.00125885    0.00278391      0.999995        1.1285
     0.999999  -0.000210429   -0.00108345      -1.20532   0.000207746      0.999997   -0.00247552      -2.44457    0.00108397     0.0024753      0.999996       1.19409
     0.999999  -0.000321304   -0.00118627      -1.20323   0.000317768      0.999996   -0.00298023      -2.41022    0.00118722    0.00297985      0.999995       1.18226
     0.999999  -0.000328119   -0.00130395      -1.21674   0.000324284      0.999996   -0.00294021      -2.41129     0.0013049    0.00293979      0.999995        1.1315
     0.999999  -2.67592e-05    -0.0011075      -1.20619   2.40586e-05      0.999997   -0.00243844      -2.45383    0.00110756    0.00243841      0.999996       1.19321
     0.999999  -0.000257086    -0.0012688      -1.21259   0.000253234      0.999995   -0.00303516      -2.40272    0.00126958    0.00303484      0.999995       1.16454
     0.999999  -0.000502082   -0.00110798      -1.20166   0.000499594      0.999997   -0.00224481      -2.42576     0.0011091    0.00224425      0.999997       1.15136
     0.999999  -0.000273017   -0.00109741      -1.20274   0.000270568      0.999997   -0.00223141      -2.41218    0.00109801    0.00223111      0.999997       1.16203
     0.999999  -0.000353279   -0.00114989      -1.20594   0.000350252      0.999996   -0.00263145      -2.41654    0.00115081    0.00263105      0.999996         1.155
     0.999999  -0.000306176   -0.00138408      -1.22132   0.000302651      0.999997   -0.00254597      -2.39934    0.00138486    0.00254555      0.999996        1.1504
     0.999999  -6.68168e-05   -0.00112158      -1.20243   6.43175e-05      0.999998   -0.00222827       -2.4239    0.00112172     0.0022282      0.999997       1.20244
     0.999999  -3.59305e-05   -0.00132609       -1.2111   3.20566e-05      0.999996   -0.00292125      -2.41679    0.00132618    0.00292121      0.999995       1.16461
     0.999999     3.929e-05   -0.00125971      -1.20771   -4.2529e-05      0.999997   -0.00257133      -2.44386     0.0012596    0.00257138      0.999996       1.19457
     0.999999   0.000162874   -0.00139523      -1.21785  -0.000166156      0.999997   -0.00235235      -2.41348    0.00139485    0.00235258      0.999996       1.18915
     0.999999   0.000388669   -0.00145851      -1.23054  -0.000392371      0.999997   -0.00253869       -2.4281    0.00145752    0.00253926      0.999996        1.1645
     0.999999   0.000490973   -0.00152214      -1.24389  -0.000494183      0.999998    -0.0021092      -2.41395     0.0015211    0.00210994      0.999997       1.17838
     0.999998    1.0287e-06   -0.00202392      -1.27143  -5.23874e-06      0.999998   -0.00208014      -2.37484    0.00202391    0.00208014      0.999996       1.14032
     0.999999   -0.00022255   -0.00153122      -1.24619   0.000219317      0.999998    -0.0021107      -2.39703    0.00153168    0.00211036      0.999997       1.12691
     0.999999  -1.39979e-05   -0.00151774      -1.24212   1.08576e-05      0.999998   -0.00206906      -2.38181    0.00151776    0.00206904      0.999997       1.18918
     0.999999  -0.000175419   -0.00159454       -1.2499   0.000170851      0.999996   -0.00286467      -2.38117    0.00159503    0.00286439      0.999995       1.16776
     0.999999  -0.000217224   -0.00168811      -1.25268   0.000212894      0.999997   -0.00256457      -2.38396    0.00168866    0.00256421      0.999995       1.18785
     0.999999  -7.36318e-05   -0.00169715      -1.24663   7.00434e-05      0.999998   -0.00211433      -2.37862     0.0016973    0.00211421      0.999996        1.1998
     0.999998  -4.72138e-05   -0.00182816      -1.25093   4.25071e-05      0.999997   -0.00257449      -2.37939    0.00182827    0.00257441      0.999995       1.18403
     0.999998   2.54962e-06   -0.00203444      -1.26582  -8.23335e-06      0.999996   -0.00279375      -2.38627    0.00203443    0.00279376      0.999994       1.14508
     0.999998   0.000156223   -0.00174769      -1.25057   -0.00016012      0.999998    -0.0022299      -2.38048    0.00174734    0.00223018      0.999996       1.20512
     0.999998  -0.000620389   -0.00190798      -1.26768    0.00061564      0.999997   -0.00248838       -2.3598    0.00190952     0.0024872      0.999995       1.09132
     0.999998  -0.000398643   -0.00195479      -1.25504   0.000395073      0.999998   -0.00182598      -2.37534    0.00195551     0.0018252      0.999996       1.11385
     0.999998  -0.000296351   -0.00175571      -1.25154   0.000292823      0.999998   -0.00200939      -2.34808     0.0017563    0.00200887      0.999996       1.15276
     0.999998   -0.00025529   -0.00181083      -1.25296   0.000250981      0.999997   -0.00237932      -2.37096    0.00181143    0.00237886      0.999996       1.13173
     0.999998  -0.000243965    -0.0018296      -1.24883   0.000240791      0.999998   -0.00173493      -2.37264    0.00183002    0.00173448      0.999997        1.1764
     0.999998  -0.000242217   -0.00178717      -1.25685   0.000237764      0.999997   -0.00249159      -2.33213    0.00178777    0.00249116      0.999995       1.14127
     0.999998   -0.00043456   -0.00186872      -1.25391   0.000429838      0.999997    -0.0025266      -2.35821    0.00186981    0.00252579      0.999995       1.12114
     0.999998  -0.000246358   -0.00184246      -1.24788    0.00024278      0.999998   -0.00194177      -2.37818    0.00184293    0.00194131      0.999996       1.15418
     0.999998  -0.000242309   -0.00179573      -1.25423   0.000237497      0.999996   -0.00267935      -2.37227    0.00179638    0.00267892      0.999995       1.15151
     0.999998  -0.000544289   -0.00189603       -1.2532   0.000540184      0.999998   -0.00216486      -2.39866     0.0018972    0.00216383      0.999996       1.14901
     0.999998  -0.000321189   -0.00179104      -1.24873   0.000317333      0.999998   -0.00215312      -2.37427    0.00179173    0.00215255      0.999996       1.20135
     0.999998  -0.000461668   -0.00176924      -1.25278   0.000457159      0.999997   -0.00254758      -2.37489    0.00177041    0.00254677      0.999995       1.15622
     0.999999  -0.000152748   -0.00171761      -1.24469   0.000149148      0.999998   -0.00209578      -2.42363    0.00171792    0.00209552      0.999996       1.19713
     0.999999  -0.000213183   -0.00168986      -1.24839    0.00020922      0.999997   -0.00234507      -2.34411    0.00169036    0.00234471      0.999996        1.2017
     0.999998  -0.000360405   -0.00191974      -1.26306   0.000355945      0.999997    -0.0023231      -2.38695    0.00192057    0.00232241      0.999995       1.15673
     0.999998  -0.000252198   -0.00173086      -1.25031   0.000248686      0.999998   -0.00202913      -2.37345    0.00173137    0.00202869      0.999996       1.19625
     0.999998  -0.000211433   -0.00182055      -1.25481   0.000206577      0.999996   -0.00266675      -2.37018    0.00182111    0.00266637      0.999995       1.21031
     0.999998  -0.000320683   -0.00194868      -1.25863   0.000316344      0.999997   -0.00222683      -2.37426    0.00194939    0.00222621      0.999996       1.21115
     0.999999  -0.000209289   -0.00165793      -1.24207    0.00020633      0.999998   -0.00178496      -2.39502     0.0016583    0.00178462      0.999997       1.22575
     0.999998  -0.000303839   -0.00175709      -1.23717    0.00030079      0.999998   -0.00173495      -2.35048    0.00175761    0.00173441      0.999997       1.19441
     0.999998  -0.000297935   -0.00178569      -1.25005    0.00029467      0.999998   -0.00182853      -2.38017    0.00178623      0.001828      0.999997       1.18571
     0.999998  -0.000312703    -0.0019385      -1.26066   0.000307591      0.999996   -0.00263712      -2.35468    0.00193932    0.00263652      0.999995       1.20899
     0.999998  -0.000352474   -0.00200311      -1.25288   0.000348044      0.999997    -0.0022116      -2.37504    0.00200389     0.0022109      0.999996       1.21548
     0.999998  -0.000334222   -0.00197426      -1.24807    0.00033123      0.999999   -0.00151599      -2.39942    0.00197477    0.00151533      0.999997       1.21585
     0.999998  -0.000386725   -0.00208975      -1.25779    0.00038252      0.999998   -0.00201214      -2.35863    0.00209052    0.00201134      0.999996       1.18358
     0.999998  -0.000340812   -0.00206196      -1.26383   0.000337638      0.999999    -0.0015395      -2.39908    0.00206248     0.0015388      0.999997       1.18237
     0.999998  -0.000434301   -0.00205686      -1.26771    0.00042972      0.999997   -0.00222695      -2.34002    0.00205782    0.00222606      0.999995       1.17797
     0.999998  -0.000403229   -0.00209105      -1.27495   0.000398625      0.999997   -0.00220156      -2.39206    0.00209194    0.00220073      0.999995       1.17884
     0.999998  -0.000289174   -0.00204823      -1.26766   0.000284968      0.999998   -0.00205333      -2.39212    0.00204882    0.00205274      0.999996       1.23786
     0.999997  -0.000418557   -0.00227762      -1.27708    0.00041379      0.999998   -0.00209297      -2.36367    0.00227849    0.00209202      0.999995       1.19498
     0.999998  -0.000322614   -0.00219438      -1.26651   0.000318755      0.999998   -0.00175881      -2.39966    0.00219495     0.0017581      0.999996       1.20267
     0.999998  -0.000229964   -0.00192257      -1.24962   0.000227204      0.999999   -0.00143574       -2.3955     0.0019229     0.0014353      0.999997       1.22393
     0.999998  -0.000285871   -0.00210376      -1.26172   0.000281806      0.999998    -0.0019322       -2.3568    0.00210431     0.0019316      0.999996       1.18724
     0.999998   -0.00034719   -0.00208017      -1.25484    0.00034377      0.999999   -0.00164435      -2.39087    0.00208074    0.00164363      0.999996        1.2094
     0.999998   -0.00019723   -0.00212867      -1.25599   0.000194132      0.999999   -0.00145532      -2.36745    0.00212895     0.0014549      0.999997       1.25805
     0.999997  -0.000406159   -0.00230255      -1.27093   0.000401295      0.999998   -0.00211241       -2.3706     0.0023034    0.00211148      0.999995       1.18975
     0.999998  -0.000403841   -0.00210002      -1.26308   0.000399348      0.999998   -0.00213957      -2.39074    0.00210088    0.00213873      0.999996       1.22864
     0.999997  -0.000283858   -0.00231289      -1.26759   0.000279117      0.999998   -0.00204959      -2.37346    0.00231347    0.00204894      0.999995        1.2542
     0.999997  -0.000384015   -0.00230716      -1.26589   0.000378618      0.999997   -0.00233923      -2.38383    0.00230805    0.00233835      0.999995       1.22447
     0.999998  -0.000585171   -0.00208111      -1.27132   0.000581485      0.999998   -0.00177116       -2.3775    0.00208214    0.00176994      0.999996       1.21593
     0.999997  -0.000368228   -0.00251053      -1.28861   0.000363901      0.999998   -0.00172356      -2.32096    0.00251116    0.00172264      0.999995       1.16184
     0.999997  -0.000263267   -0.00250748      -1.28551   0.000258572      0.999998   -0.00187262      -2.34814    0.00250797    0.00187197      0.999995       1.14462
     0.999997  -0.000170966   -0.00229545      -1.27088   0.000167847      0.999999   -0.00135873      -2.36404    0.00229568    0.00135835      0.999996       1.20484
     0.999997  -0.000303162   -0.00238321      -1.27641   0.000298288      0.999998   -0.00204554      -2.33099    0.00238383    0.00204482      0.999995       1.16944
     0.999997  -0.000316659   -0.00255311      -1.28008   0.000312294      0.999998   -0.00170965      -2.37306    0.00255365    0.00170885      0.999995       1.18812
     0.999997  -0.000211655   -0.00233066      -1.27788   0.000207082      0.999998   -0.00196231      -2.33951    0.00233107    0.00196182      0.999995       1.21423
     0.999997  -0.000262719    -0.0026092      -1.28473   0.000256301      0.999997   -0.00245972      -2.36483    0.00260983    0.00245904      0.999994        1.1951
     0.999997  -0.000133647   -0.00231937      -1.27518   0.000129223      0.999998    -0.0019078      -2.38013    0.00231962     0.0019075      0.999995       1.27076
     0.999997   -0.00038733   -0.00234692      -1.27387   0.000381722      0.999997   -0.00238952      -2.34425    0.00234783    0.00238862      0.999994       1.20825
     0.999997  -0.000400709   -0.00236526      -1.27397   0.000396288      0.999998   -0.00186958      -2.36026    0.00236601    0.00186863      0.999995       1.19148
     0.999997  -0.000362076   -0.00233682      -1.26783   0.000358277      0.999999   -0.00162593      -2.36179    0.00233741    0.00162508      0.999996       1.25244
     0.999997  -0.000585862   -0.00251798      -1.27878   0.000580779      0.999998     -0.002019      -2.34532    0.00251916    0.00201753      0.999995       1.20925
     0.999997  -0.000411129   -0.00222801      -1.26615   0.000407141      0.999998    -0.0017901      -2.39635    0.00222874    0.00178919      0.999996        1.2457
     0.999997   -0.00037047   -0.00246566       -1.2736   0.000365223      0.999998    -0.0021283      -2.34228    0.00246644    0.00212739      0.999995       1.23239
     0.999996  -0.000432062   -0.00267508      -1.28453   0.000426583      0.999998   -0.00204855      -2.36616    0.00267596     0.0020474      0.999994       1.22138
     0.999997  -0.000293183   -0.00240761      -1.27891    0.00028845      0.999998   -0.00196618      -2.38727    0.00240818    0.00196548      0.999995       1.25349
     0.999997   -0.00039089   -0.00249672       -1.2923   0.000384419      0.999997   -0.00259176      -2.34599    0.00249773    0.00259079      0.999994       1.21812
     0.999997  -0.000383672   -0.00251664      -1.28252   0.000377796      0.999997   -0.00233502      -2.39302    0.00251753    0.00233406      0.999994       1.21706
     0.999997  -0.000273074   -0.00233032      -1.27323   0.000268973      0.999998   -0.00175962      -2.39541     0.0023308    0.00175899      0.999996       1.24767
     0.999997  -0.000344482   -0.00239572       -1.2733   0.000338997      0.999997    -0.0022896      -2.36618     0.0023965    0.00228878      0.999995       1.22073
     0.999997  -0.000224351   -0.00226404      -1.27272   0.000219945      0.999998   -0.00194611      -2.41353    0.00226447     0.0019456      0.999996       1.22867
     0.999997  -0.000372646   -0.00233598      -1.28295   0.000366758      0.999997   -0.00252039      -2.36904    0.00233691    0.00251953      0.999994       1.22956
     0.999997  -0.000443009   -0.00232861      -1.28993   0.000438139      0.999998   -0.00209171      -2.37266    0.00232953    0.00209068      0.999995       1.21935
     0.999997  -0.000483939   -0.00230785      -1.28313   0.000478714      0.999997   -0.00226393      -2.39123    0.00230894    0.00226282      0.999995       1.27421
     0.999997  -0.000442266   -0.00236767       -1.2844   0.000436612      0.999997    -0.0023881      -2.34409    0.00236872    0.00238706      0.999994       1.20183
     0.999997  -0.000448148   -0.00234415       -1.2837   0.000443083      0.999998   -0.00216095      -2.36884    0.00234512     0.0021599      0.999995       1.22933
     0.999997  -0.000174438   -0.00225093      -1.28098   0.000169613      0.999998   -0.00214359      -2.37105     0.0022513     0.0021432      0.999995       1.25643
     0.999997  -0.000484812   -0.00232552      -1.28372    0.00047916      0.999997   -0.00243032      -2.36246    0.00232669     0.0024292      0.999994       1.22208
     0.999997  -0.000385136   -0.00220267      -1.27845    0.00038075      0.999998   -0.00199153      -2.37399    0.00220343    0.00199068      0.999996       1.26332
     0.999998  -0.000538918   -0.00210001      -1.27349   0.000534228      0.999997   -0.00223316      -2.33511    0.00210121    0.00223203      0.999995       1.23741
     0.999997  -0.000454452   -0.00219151      -1.27688   0.000450468      0.999998   -0.00181841      -2.32723    0.00219233    0.00181742      0.999996       1.20184
     0.999998  -0.000334027   -0.00209711      -1.27375   0.000330395      0.999998   -0.00173216      -2.34306    0.00209768    0.00173146      0.999996       1.25323
     0.999998  -0.000442008   -0.00211991      -1.27295    0.00043663      0.999997   -0.00253646      -2.33732    0.00212103    0.00253553      0.999995        1.2485
     0.999997  -0.000528566   -0.00222839       -1.2804   0.000523372      0.999997   -0.00233092      -2.33769    0.00222961    0.00232974      0.999995       1.20926
     0.999998  -0.000278687   -0.00209168       -1.2679    0.00027484      0.999998   -0.00183915      -2.36473    0.00209219    0.00183857      0.999996       1.25725
     0.999997   -0.00045133   -0.00222758      -1.27816   0.000445782      0.999997   -0.00249017      -2.35991     0.0022287    0.00248917      0.999994       1.22319
     0.999997  -0.000561921   -0.00224472      -1.28323   0.000556843      0.999997   -0.00226245      -2.35763    0.00224599    0.00226119      0.999995       1.21652
     0.999998  -0.000446823   -0.00218066      -1.28046   0.000442247      0.999998   -0.00209847       -2.3551    0.00218159     0.0020975      0.999995       1.28555
     0.999997  -0.000548805    -0.0023534      -1.28879   0.000542979      0.999997   -0.00247546      -2.33928    0.00235475    0.00247417      0.999994       1.22879
     0.999997  -0.000606042   -0.00237065      -1.28913   0.000600999      0.999998   -0.00212714      -2.38236    0.00237193    0.00212571      0.999995       1.22841
     0.999997  -0.000529622     -0.002239      -1.27975   0.000524919      0.999998   -0.00210036      -2.36661    0.00224011    0.00209918      0.999995       1.28076
     0.999997  -0.000574064   -0.00236623      -1.28037   0.000567798      0.999996   -0.00264792       -2.3641    0.00236774    0.00264657      0.999994       1.24757
     0.999997  -0.000672734   -0.00214476      -1.28035   0.000667735      0.999997   -0.00233069      -2.38655    0.00214632    0.00232925      0.999995       1.25199
     0.999998  -0.000553194   -0.00214713      -1.27952   0.000548484      0.999997   -0.00219373      -2.34371    0.00214834    0.00219254      0.999995        1.2744
     0.999997  -0.000451415   -0.00229978      -1.29352   0.000445954      0.999997   -0.00237473      -2.36875    0.00230084     0.0023737      0.999995       1.21036
     0.999997  -0.000475457   -0.00232235       -1.2846   0.000471177      0.999998   -0.00184316      -2.37032    0.00232323    0.00184206      0.999996       1.25354
     0.999997  -0.000460833   -0.00219793      -1.27925   0.000456432      0.999998   -0.00200252       -2.3427    0.00219884    0.00200152      0.999996       1.24839
     0.999997  -0.000480916   -0.00229642      -1.28336   0.000476331      0.999998   -0.00199672      -2.37204    0.00229737    0.00199562      0.999995       1.21029
     0.999997   -0.00062481   -0.00222855      -1.29061   0.000621559      0.999999   -0.00145912      -2.34554    0.00222946    0.00145773      0.999996       1.16839
     0.999997  -0.000565652   -0.00221125      -1.28572   0.000561483      0.999998    -0.0018854      -2.28054    0.00221231    0.00188416      0.999996       1.16178
     0.999998  -0.000273063   -0.00198152      -1.26748   0.000270624      0.999999   -0.00123126      -2.37167    0.00198186    0.00123072      0.999997       1.17052
     0.999998  -0.000369165   -0.00206498      -1.27012   0.000365713      0.999999   -0.00167197      -2.32478    0.00206559    0.00167121      0.999996       1.16933
     0.999998  -0.000299626   -0.00196238      -1.26705    0.00029673      0.999999   -0.00147572      -2.35791    0.00196282    0.00147514      0.999997       1.13281
     0.999998  -0.000158899   -0.00200822      -1.26444   0.000155914      0.999999   -0.00148631      -2.33647    0.00200845    0.00148599      0.999997       1.20511
     0.999998     -0.000403   -0.00200872      -1.26653   0.000399327      0.999998   -0.00182885      -2.34023    0.00200945    0.00182805      0.999996       1.15857
     0.999998  -0.000539155   -0.00197362      -1.28062   0.000536217      0.999999   -0.00148899       -2.3272    0.00197442    0.00148793      0.999997       1.17899
     0.999998  -0.000573074   -0.00206378      -1.28767   0.000569831      0.999999   -0.00157157      -2.31888    0.00206468    0.00157039      0.999997        1.2141
     0.999998  -0.000632853   -0.00203684      -1.28668    0.00062891      0.999998   -0.00193558      -2.33046    0.00203806    0.00193429      0.999996       1.16274
     0.999997  -0.000691372   -0.00220994       -1.2892   0.000687906      0.999999   -0.00156855      -2.35316    0.00221102    0.00156703      0.999996       1.17116
     0.999998  -0.000591226   -0.00202323       -1.2903   0.000587116      0.999998   -0.00203127      -2.30777    0.00202443    0.00203008      0.999996        1.1993
     0.999998  -0.000922705   -0.00169602      -1.28831   0.000919172      0.999997   -0.00208243      -2.29604    0.00169794    0.00208087      0.999996       1.11605
     0.999998   -0.00069308   -0.00175157      -1.26576   0.000690962      0.999999   -0.00120937      -2.33209     0.0017524    0.00120816      0.999998       1.15546
     0.999998  -0.000667381   -0.00199387      -1.27692   0.000663554      0.999998   -0.00191969      -2.31354    0.00199515    0.00191836      0.999996       1.15268
     0.999998  -0.000827726    -0.0018587       -1.2784   0.000824931      0.999999   -0.00150382      -2.33334    0.00185994    0.00150229      0.999997       1.14068
     0.999998  -0.000827823   -0.00185235      -1.28144   0.000824819      0.999998   -0.00162201      -2.30036    0.00185369    0.00162048      0.999997       1.16174
     0.999998  -0.000824541   -0.00173228      -1.27149   0.000821557      0.999998   -0.00172235       -2.3445     0.0017337    0.00172092      0.999997       1.15887
     0.999998  -0.000930892    -0.0018873      -1.27542   0.000928429      0.999999   -0.00130555      -2.33928    0.00188852    0.00130379      0.999997       1.19091
     0.999998  -0.000925948    -0.0018679      -1.28109   0.000922486      0.999998   -0.00185363      -2.31055    0.00186961    0.00185191      0.999997       1.17289
     0.999998  -0.000924591   -0.00191839      -1.28416   0.000922142      0.999999   -0.00127687       -2.3199    0.00191957     0.0012751      0.999997        1.1195
     0.999998  -0.000756753   -0.00183652        -1.271   0.000754977      0.999999   -0.00096732      -2.32909    0.00183725   0.000965931      0.999998       1.15171
     0.999998   -0.00085904   -0.00170622      -1.26976   0.000855781      0.999998   -0.00190983      -2.32823    0.00170786    0.00190836      0.999997        1.1283
     0.999998  -0.000697566   -0.00171638      -1.27077   0.000694653      0.999998    -0.0016975      -2.34562    0.00171756     0.0016963      0.999997       1.16147
     0.999998  -0.000847255   -0.00167264      -1.26517   0.000845173      0.999999     -0.001245      -2.34725    0.00167369    0.00124359      0.999998         1.183
     0.999998  -0.000693529   -0.00176104      -1.27328   0.000690093      0.999998   -0.00195114      -2.33128    0.00176239    0.00194992      0.999997        1.1792
     0.999998  -0.000864329   -0.00189431      -1.27879   0.000861042      0.999998   -0.00173518      -2.34601    0.00189581    0.00173354      0.999997       1.15114
     0.999998  -0.000725771   -0.00172614      -1.27262   0.000723538      0.999999    -0.0012936      -2.35578    0.00172708    0.00129235      0.999998       1.18172
     0.999998  -0.000705152   -0.00177875      -1.29157    0.00070135      0.999997   -0.00213755      -2.32198    0.00178025     0.0021363      0.999996       1.11346
     0.999998  -0.000620733   -0.00187054      -1.28905   0.000618192      0.999999   -0.00135845      -2.35318    0.00187138    0.00135729      0.999997       1.14766
     0.999998  -0.000766156   -0.00180992      -1.28724    0.00076324      0.999998   -0.00161163      -2.30093    0.00181115    0.00161025      0.999997       1.16342
     0.999998  -0.000845615   -0.00185272      -1.29196   0.000842448      0.999998   -0.00170948      -2.31356    0.00185416    0.00170791      0.999997       1.14518
     0.999998  -0.000591812   -0.00166851       -1.2744   0.000589614      0.999999   -0.00131709      -2.34713    0.00166929     0.0013161      0.999998       1.18408
     0.999998  -0.000604347   -0.00175129      -1.27555     0.0006019      0.999999   -0.00139786       -2.3024    0.00175213     0.0013968      0.999997       1.13366
     0.999998  -0.000286014   -0.00176659      -1.27703   0.000284223      0.999999   -0.00101364      -2.32904    0.00176688    0.00101314      0.999998       1.15321
     0.999998  -0.000285251   -0.00184998      -1.28252   0.000282019      0.999998    -0.0017472      -2.29877    0.00185048    0.00174668      0.999997       1.13301
     0.999998  -0.000381453   -0.00198004       -1.2892   0.000378447      0.999999   -0.00151842      -2.33612    0.00198061    0.00151767      0.999997       1.14754
     0.999998  -0.000444617   -0.00182225      -1.27963   0.000441988      0.999999   -0.00144292      -2.32336    0.00182289    0.00144211      0.999997       1.16697
     0.999998  -0.000644028   -0.00192448       -1.2942   0.000641245      0.999999   -0.00144646      -2.30749    0.00192541    0.00144523      0.999997       1.13731
     0.999998  -0.000547471   -0.00198689      -1.28731   0.000545188      0.999999   -0.00114926      -2.32194    0.00198752    0.00114817      0.999997       1.17562
     0.999998  -0.000734673   -0.00196272       -1.2833   0.000731819      0.999999   -0.00145436      -2.27899    0.00196379    0.00145292      0.999997       1.16276
     0.999998  -0.000632724   -0.00195164      -1.28163   0.000630041      0.999999   -0.00137499      -2.32089    0.00195251    0.00137376      0.999997       1.15821
     0.999998  -0.000558546   -0.00184549       -1.2777   0.000556265      0.999999   -0.00123656      -2.32462    0.00184618    0.00123553      0.999998       1.18188
     0.999998  -0.000745483   -0.00204005      -1.29679   0.000742032      0.999998   -0.00169182      -2.31396    0.00204131    0.00169031      0.999996       1.16589
     0.999997  -0.000578201   -0.00217232      -1.29698   0.000575981      0.999999   -0.00102229      -2.32133    0.00217291    0.00102103      0.999997       1.17392
     0.999998  -0.000564035   -0.00207502       -1.2884   0.000561447      0.999999   -0.00124753      -2.29878    0.00207572    0.00124637      0.999997       1.17541
     0.999998  -0.000560303   -0.00201491      -1.28919   0.000556597      0.999998   -0.00183934      -2.33736    0.00201594    0.00183822      0.999996       1.15584
     0.999998  -0.000501102   -0.00201789      -1.28737   0.000498955      0.999999   -0.00106444      -2.34094    0.00201842    0.00106343      0.999997       1.17996
     0.999998  -0.000518161   -0.00215526      -1.29507   0.000514381      0.999998   -0.00175422      -2.28639    0.00215617    0.00175311      0.999996       1.15137
     0.999998  -0.000638895   -0.00212023      -1.29151   0.000636215      0.999999   -0.00126431      -2.33118    0.00212103    0.00126296      0.999997         1.137
     0.999998  -0.000556162   -0.00215109       -1.2875   0.000552551      0.999998   -0.00167904      -2.31644    0.00215202    0.00167784      0.999996       1.17206
     0.999997  -0.000823438   -0.00231706      -1.29695   0.000819292      0.999998   -0.00178992      -2.32395    0.00231853    0.00178801      0.999996       1.12953
     0.999997  -0.000676646   -0.00223272      -1.28371   0.000674418      0.999999  -0.000998478       -2.3261     0.0022334    0.00099697      0.999997       1.19204
     0.999997  -0.000723538   -0.00232543      -1.29131   0.000719859      0.999998   -0.00158261      -2.31464    0.00232657    0.00158093      0.999996       1.14308
     0.999997  -0.000871846   -0.00239911      -1.28569   0.000868839      0.999999   -0.00125412      -2.34624     0.0024002    0.00125203      0.999996       1.15604
     0.999997  -0.000631973    -0.0023677       -1.2968   0.000629001      0.999999   -0.00125611      -2.30905     0.0023685    0.00125462      0.999996       1.19519
     0.999997  -0.000692375   -0.00224024      -1.29812   0.000688223      0.999998   -0.00185361      -2.34394    0.00224152    0.00185206      0.999996       1.16187
     0.999997  -0.000843765   -0.00226414      -1.28667   0.000840717      0.999999   -0.00134648      -2.33767    0.00226528    0.00134457      0.999997       1.17805
     0.999997  -0.000820458   -0.00231898      -1.28754   0.000817526      0.999999   -0.00126487      -2.32269    0.00232002    0.00126297      0.999997       1.20304
     0.999997  -0.000656373   -0.00230134      -1.29546   0.000653303      0.999999   -0.00133437      -2.31171    0.00230221    0.00133286      0.999996       1.13655
     0.999997  -0.000824126   -0.00247391       -1.3014    0.00082173      0.999999  -0.000969098      -2.32032    0.00247471   0.000967062      0.999996       1.18725
     0.999997  -0.000675363   -0.00238367      -1.29608   0.000670519      0.999998   -0.00203202      -2.30895    0.00238504    0.00203042      0.999995       1.18783
     0.999997  -0.000887756   -0.00234317      -1.30296   0.000882921      0.999997   -0.00206366      -2.34241    0.00234499    0.00206159      0.999995       1.17262
     0.999997  -0.000692449   -0.00230068      -1.30296   0.000689144      0.999999   -0.00143681      -2.32819    0.00230167    0.00143522      0.999996       1.16247
     0.999996  -0.000956522   -0.00246725      -1.30068   0.000952529      0.999998   -0.00161904      -2.29935     0.0024688    0.00161669      0.999996       1.12261
     0.999997  -0.000917113   -0.00235784      -1.29926   0.000913181      0.999998   -0.00166825      -2.33817    0.00235937    0.00166609      0.999996        1.1033
     0.999996   -0.00089507   -0.00256166      -1.29907   0.000892151      0.999999   -0.00114033      -2.32048    0.00256267    0.00113804      0.999996       1.14116
     0.999996  -0.000906857   -0.00265016      -1.29302   0.000903171      0.999999   -0.00139177       -2.2838    0.00265142    0.00138937      0.999996       1.13867
     0.999996  -0.000955331   -0.00270631      -1.30249   0.000950599      0.999998   -0.00174926      -2.30784    0.00270798    0.00174668      0.999995       1.12738
     0.999996  -0.000866298   -0.00265851       -1.2982   0.000863195      0.999999   -0.00116827      -2.32886    0.00265952    0.00116597      0.999996       1.15061
     0.999996  -0.000866914   -0.00266179      -1.31258   0.000862517      0.999998   -0.00165287      -2.29558    0.00266322    0.00165056      0.999995       1.13388
     0.999996  -0.000853975   -0.00251945      -1.30172   0.000850864      0.999999   -0.00123542       -2.3172     0.0025205    0.00123327      0.999996       1.13392
     0.999997  -0.000824826   -0.00243315      -1.29418   0.000821854      0.999999   -0.00122226      -2.31754    0.00243415    0.00122025      0.999996       1.15279
     0.999996   -0.00104226   -0.00247117      -1.29759    0.00103736      0.999997   -0.00198436      -2.32971    0.00247323    0.00198179      0.999995       1.13325
     0.999996   -0.00103186   -0.00256086      -1.29896    0.00102835      0.999999   -0.00137199       -2.3548    0.00256227    0.00136935      0.999996       1.13681
     0.999996   -0.00104458   -0.00255199      -1.29519    0.00104194      0.999999   -0.00103593      -2.31042    0.00255307    0.00103326      0.999996        1.1797
     0.999997   -0.00113677   -0.00231016      -1.28308     0.0011333      0.999998   -0.00150286       -2.3102    0.00231187    0.00150024      0.999996        1.1493
     0.999996   -0.00112879   -0.00256977      -1.29295    0.00112576      0.999999   -0.00118227      -2.34186     0.0025711    0.00117938      0.999996       1.13447
