# 3dvolreg matrices (DICOM-to-DICOM, row-by-row):
            1  -1.79417e-05   4.00797e-05    0.00135146   1.79679e-05             1   -0.00065383    0.00399099   -4.0068e-05   0.000653831             1    -0.0075317
            1  -2.18663e-05  -0.000115764    -0.0107178   2.18038e-05             1  -0.000539539   -0.00045281   0.000115776   0.000539536             1    -0.0534329
            1  -1.14935e-10  -3.48315e-11   8.75043e-10   1.14935e-10             1  -8.02869e-11  -5.67908e-11   3.48315e-11   8.02869e-11             1  -3.90832e-09
            1   -5.9803e-05   -2.5724e-05    0.00112383   5.97914e-05             1  -0.000454122    0.00841646   2.57512e-05   0.000454121             1   -0.00673101
            1  -0.000140628  -0.000235497    -0.0111358   0.000140546             1  -0.000347944    0.00186136   0.000235546   0.000347911             1    -0.0326002
            1    3.1487e-05  -1.69779e-05    0.00632597   -3.1487e-05             1  -6.03138e-07     0.0101176   1.69778e-05   6.03673e-07             1     0.0211827
            1  -0.000194165  -0.000140964   -0.00268005   0.000194108             1  -0.000399995     0.0292827   0.000141041   0.000399968             1     -0.014851
            1   2.07895e-05  -8.20323e-05   0.000291179  -2.07795e-05             1      0.000122    -0.0150066   8.20349e-05  -0.000121999             1    0.00410972
            1  -4.57575e-05  -0.000283632    -0.0228852   4.55704e-05             1  -0.000659687     0.0580821   0.000283662   0.000659674             1    -0.0226799
            1  -0.000174532  -0.000323173    -0.0152599   0.000174501             1  -9.47578e-05     0.0225065    0.00032319   9.47014e-05             1    -0.0448706
            1   -0.00010055   -0.00029069    -0.0115669   0.000100674             1   0.000425601     0.0372143   0.000290647   -0.00042563             1     0.0142194
            1  -5.88793e-05  -0.000390192    -0.0180624   5.87548e-05             1  -0.000319259     0.0496064   0.000390211   0.000319236             1    -0.0352633
            1   4.27414e-05  -0.000235776   -0.00840596  -4.27053e-05             1   0.000153423    0.00926531   0.000235783  -0.000153413             1   -0.00231536
            1  -0.000101375  -0.000344005     -0.003352   0.000101396             1   6.28142e-05      0.059603   0.000343999  -6.28491e-05             1     0.0314419
            1  -0.000149583  -0.000491798    -0.0193164   0.000149276             1  -0.000624365     0.0343698   0.000491891   0.000624292             1    -0.0229036
            1   9.32127e-05  -0.000478188    -0.0371462  -9.30939e-05             1   0.000248447     0.0312001   0.000478212  -0.000248403             1     0.0185162
            1   7.53333e-05  -0.000407757    -0.0441216   -7.5378e-05             1  -0.000109686     0.0804909   0.000407748   0.000109717             1    -0.0366453
            1   1.60303e-05  -0.000508633    -0.0310876  -1.58864e-05             1    0.00028289     0.0480117   0.000508637  -0.000282882             1    -0.0274414
            1  -2.78472e-06  -0.000406097    -0.0215869   2.98517e-06             1   0.000493587     0.0507853   0.000406096  -0.000493588             1     0.0410193
            1  -7.72902e-05  -0.000528001    -0.0320334   7.72032e-05             1   -0.00016484     0.0567585   0.000528014   0.000164799             1    -0.0100322
            1  -3.77391e-05  -0.000395938    -0.0207383   3.77385e-05             1  -1.56476e-06    0.00465129   0.000395938   1.54982e-06             1     0.0357579
            1  -1.57434e-05   -0.00067893    -0.0292141   1.56061e-05             1  -0.000202264     0.0902604   0.000678933   0.000202253             1     -0.018478
            1   7.29666e-05  -0.000572731    -0.0310218  -7.28467e-05             1   0.000209411     0.0464096   0.000572746   -0.00020937             1    -0.0101238
            1    0.00018747  -0.000480037    -0.0301708  -0.000187302             1   0.000350353     0.0677565   0.000480103  -0.000350263             1     0.0243298
            1   0.000246704  -0.000592579    -0.0300685  -0.000246627             1   0.000130775     0.0604232   0.000592611  -0.000130629             1    -0.0212293
            1   0.000179402  -0.000495051    -0.0227839   -0.00017924             1   0.000326604     0.0491102   0.000495109  -0.000326515             1     0.0150546
            1   0.000131238  -0.000459789    -0.0237295  -0.000130959             1   0.000607766     0.0728259   0.000459869  -0.000607706             1     0.0520388
            1   1.38775e-06  -0.000649684    -0.0262195  -1.41033e-06             1   -3.4751e-05     0.0750599   0.000649684   3.47519e-05             1    -0.0193276
            1   0.000133438  -0.000427668    -0.0224925   -0.00013322             1   0.000510288     0.0463966   0.000427736  -0.000510231             1      0.038968
            1   0.000151015  -0.000687398    -0.0361005  -0.000151177             1  -0.000235623     0.0834433   0.000687363   0.000235727             1     0.0274154
            1   5.63797e-05  -0.000605541    -0.0366227  -5.64073e-05             1  -4.55179e-05     0.0380458   0.000605539    4.5552e-05             1        0.0212
            1    0.00021663  -0.000425973    -0.0334665  -0.000216469             1   0.000378136     0.0617547   0.000426055  -0.000378044             1     0.0530372
            1   5.62194e-05  -0.000554783    -0.0402876  -5.62047e-05             1   2.65611e-05     0.0705841   0.000554784  -2.65299e-05             1   -0.00758995
            1   4.22737e-05  -0.000417512    -0.0427393  -4.21063e-05             1   0.000400862     0.0431491   0.000417528  -0.000400845             1      0.033724
            1   4.79277e-05  -0.000499922    -0.0493031  -4.79765e-05             1  -9.76649e-05     0.0963092   0.000499918   9.76889e-05             1     0.0272628
            1   6.73211e-05  -0.000525966    -0.0477684  -6.72065e-05             1      0.000218      0.052257   0.000525981  -0.000217965             1       0.02003
            1   0.000196628  -0.000645472    -0.0568011  -0.000196301             1    0.00050736     0.0568654   0.000645571  -0.000507233             1     0.0604989
            1   0.000113594  -0.000532799    -0.0520642  -0.000113661             1  -0.000125228     0.0686043   0.000532785   0.000125288             1    0.00678472
            1  -5.29483e-05  -0.000433326    -0.0439299   5.31168e-05             1   0.000389044     0.0571923   0.000433305  -0.000389067             1     0.0480128
            1   -0.00015267  -0.000391054    -0.0563185   0.000152698             1   7.17111e-05      0.053234   0.000391043  -7.17708e-05             1     0.0649861
            1  -0.000123901  -0.000525569    -0.0570921   0.000124111             1   0.000398757     0.0653438   0.000525519  -0.000398822             1   -0.00329681
            1   9.97574e-05  -0.000523883    -0.0527462  -9.92151e-05      0.999999    0.00103504     0.0812711   0.000523986   -0.00103499      0.999999     0.0710809
            1  -3.47175e-05  -0.000496684    -0.0522788   3.49245e-05             1   0.000416782     0.0953619   0.000496669  -0.000416799             1     0.0492973
            1  -6.81788e-05  -0.000570228     -0.051664   6.83642e-05             1   0.000325148     0.0511615   0.000570206  -0.000325187             1     0.0613863
            1  -6.17572e-05  -0.000617251    -0.0439109   6.21352e-05             1   0.000612308     0.0788789   0.000617213  -0.000612346             1      0.102064
            1  -0.000220546  -0.000727948    -0.0595046   0.000220498             1  -6.58988e-05     0.0682464   0.000727962   6.57383e-05             1     0.0366972
            1  -4.41429e-05  -0.000786566    -0.0465895    4.4594e-05             1    0.00057343     0.0195121   0.000786541  -0.000573465             1     0.0812652
            1  -0.000150196  -0.000692749    -0.0559596   0.000150209             1   1.85141e-05     0.0706991   0.000692747  -1.86181e-05             1     0.0566937
            1  -9.18202e-05  -0.000832819    -0.0566583   9.20741e-05             1   0.000304832     0.0244137   0.000832791  -0.000304909             1     0.0519712
            1    7.5657e-05  -0.000821729    -0.0541931  -7.53152e-05             1   0.000415948     0.0358804   0.000821761  -0.000415886             1      0.105305
            1   0.000118541  -0.000767665    -0.0600781  -0.000118565             1  -3.07932e-05     0.0311883   0.000767662   3.08842e-05             1     0.0518796
            1   0.000319101  -0.000731179    -0.0535791  -0.000318659             1    0.00060488    0.00981802   0.000731372  -0.000604647             1       0.12916
            1   0.000366157  -0.000809705    -0.0555764  -0.000366075             1   0.000101712     0.0724211   0.000809742  -0.000101416             1       0.11604
            1   0.000163471  -0.000900839    -0.0507783  -0.000163341             1   0.000144224     -0.013099   0.000900862  -0.000144076             1      0.116162
            1   0.000377563  -0.000897775    -0.0613411  -0.000377208             1   0.000395607     0.0309755   0.000897924  -0.000395268             1      0.131764
     0.999999   0.000515155    -0.0010337    -0.0715753   -0.00051488             1   0.000265983     0.0481479    0.00103383  -0.000265451      0.999999      0.125782
     0.999999    0.00066626   -0.00109971    -0.0612398  -0.000665477             1   0.000711725     0.0110423    0.00110019  -0.000710993      0.999999      0.144956
     0.999999   0.000871023   -0.00115954    -0.0617269  -0.000870483             1   0.000465844     0.0726809    0.00115995  -0.000464835      0.999999      0.133739
     0.999999   0.000717225   -0.00121305    -0.0678852  -0.000716893             1   0.000274151     0.0347285    0.00121325  -0.000273281      0.999999      0.083022
     0.999999   0.000730979   -0.00112177    -0.0728741  -0.000730364             1   0.000548318     0.0253824    0.00112217  -0.000547498      0.999999      0.138207
     0.999999   0.000617523   -0.00118581    -0.0823179  -0.000617501             1    1.9563e-05     0.0748963    0.00118582  -1.88307e-05      0.999999      0.120134
     0.999999   0.000806743   -0.00123545    -0.0790173  -0.000805873      0.999999   0.000704608     0.0403639    0.00123601  -0.000703612      0.999999       0.14201
     0.999999   0.000974513   -0.00108365    -0.0799415  -0.000974286             1   0.000210314     0.0601492    0.00108385  -0.000209258      0.999999      0.153693
     0.999999   0.000994501   -0.00129833    -0.0870095  -0.000994434             1   5.23256e-05     0.0360216    0.00129839  -5.10345e-05      0.999999      0.116195
     0.999999    0.00124797   -0.00118074    -0.0788949   -0.00124723      0.999999   0.000629826     0.0211349    0.00118153  -0.000628353      0.999999      0.176773
     0.999999    0.00117957   -0.00113768    -0.0805374   -0.00117916      0.999999   0.000362567     0.0830625     0.0011381  -0.000361225      0.999999      0.177769
     0.999999    0.00118787   -0.00119421    -0.0855787   -0.00118757      0.999999   0.000248725     0.0355295    0.00119451  -0.000247306      0.999999      0.154898
     0.999999    0.00122937   -0.00104898    -0.0807904    -0.0012283      0.999999    0.00101457     0.0420566    0.00105022   -0.00101328      0.999999      0.220614
     0.999998     0.0015475  -0.000928652    -0.0615396    -0.0015472      0.999999   0.000330293     0.0631821   0.000929162  -0.000328856             1      0.228419
     0.999999     0.0013527   -0.00103433    -0.0614308   -0.00135236      0.999999   0.000329636     0.0236568    0.00103477  -0.000328237      0.999999      0.218062
     0.999998    0.00158822   -0.00093886    -0.0479043   -0.00158729      0.999998   0.000982971     0.0195105    0.00094042  -0.000981479      0.999999      0.243853
     0.999998    0.00155924  -0.000974556    -0.0573966   -0.00155891      0.999999   0.000345606      0.047463   0.000975093  -0.000344086      0.999999      0.211039
     0.999998     0.0014481  -0.000960421    -0.0553045   -0.00144738      0.999999   0.000750928     0.0234406   0.000961508  -0.000749537      0.999999      0.203764
     0.999999    0.00150631  -0.000498536    -0.0337283   -0.00150598      0.999999   0.000654499     0.0386259   0.000499522  -0.000653748             1      0.279338
     0.999999    0.00141498  -0.000628499    -0.0386654   -0.00141484      0.999999   0.000234263     0.0504426    0.00062883  -0.000233374             1      0.219518
     0.999999    0.00116667  -0.000918476    -0.0348813   -0.00116605      0.999999   0.000676012  -0.000900579   0.000919263  -0.000674941      0.999999      0.245314
     0.999999    0.00129653  -0.000722639    -0.0256313   -0.00129626      0.999999   0.000374482     0.0322623   0.000723124  -0.000373545             1      0.280827
     0.999999    0.00128484   -0.00105066    -0.0522948   -0.00128449      0.999999   0.000329068     0.0361698    0.00105109  -0.000327718      0.999999      0.208233
     0.999998    0.00172807  -0.000382852    -0.0364691    -0.0017279      0.999998   0.000429865     0.0124875   0.000383594  -0.000429203             1      0.289627
     0.999999    0.00148115  -0.000520788    -0.0463867   -0.00148108      0.999999   0.000127099     0.0597537   0.000520976  -0.000126327             1      0.231044
     0.999999     0.0012932  -0.000748345    -0.0506924   -0.00129295      0.999999   0.000324386      0.013477   0.000748764  -0.000323418             1       0.24266
     0.999999    0.00111517  -0.000596909    -0.0161298   -0.00111462      0.999999   0.000924106     0.0137513   0.000597939   -0.00092344      0.999999      0.277375
     0.999999    0.00120026   -0.00072976    -0.0411664   -0.00120001      0.999999   0.000343773     0.0662805   0.000730172  -0.000342897             1      0.232979
     0.999999    0.00136769   -0.00089571    -0.0517002   -0.00136722      0.999999   0.000515236     0.0156468   0.000896413  -0.000514011      0.999999      0.262445
     0.999999    0.00148586  -0.000688553    -0.0387018   -0.00148558      0.999999   0.000405674     0.0460859   0.000689155  -0.000404651             1      0.276832
     0.999999    0.00132492  -0.000877904    -0.0534191   -0.00132472      0.999999    0.00022397     0.0351601     0.0008782  -0.000222807             1      0.251826
     0.999998    0.00153045    -0.0008792    -0.0386606   -0.00152964      0.999998   0.000921486    0.00566291   0.000880608  -0.000920139      0.999999       0.32943
     0.999999    0.00152752  -0.000750453    -0.0361997   -0.00152718      0.999999   0.000448511     0.0527288   0.000751137  -0.000447364             1      0.286184
     0.999999    0.00152614  -0.000804629    -0.0423999   -0.00152596      0.999999   0.000228282     0.0351477   0.000804976  -0.000227054             1      0.259523
     0.999998    0.00165631  -0.000607298    -0.0253174   -0.00165585      0.999998   0.000753594     0.0225347   0.000608545  -0.000752587             1      0.317965
     0.999999    0.00151907  -0.000740129    -0.0409558   -0.00151895      0.999999   0.000164181     0.0438235   0.000740377  -0.000163057             1      0.258159
     0.999998    0.00171689  -0.000768487    -0.0370009   -0.00171648      0.999998   0.000530868     0.0144619   0.000769397  -0.000529548             1      0.276165
     0.999998    0.00190006  -0.000577943    -0.0206294   -0.00189962      0.999998   0.000750306     0.0340234   0.000579368  -0.000749207             1      0.330867
     0.999999    0.00157896  -0.000583743    -0.0344734   -0.00157871      0.999999   0.000420496     0.0300513   0.000584406  -0.000419573             1      0.266366
     0.999998    0.00167896  -0.000599577    -0.0321766   -0.00167863      0.999998   0.000551237    -0.0104851   0.000600502   -0.00055023             1      0.286637
     0.999998    0.00170055  -0.000455495    -0.0302343   -0.00170037      0.999998   0.000390397     0.0241189   0.000456158  -0.000389622             1       0.29064
     0.999999    0.00151163  -0.000605132    -0.0474565   -0.00151162      0.999999   2.95331e-05     0.0111991   0.000605176  -2.86184e-05             1      0.254832
     0.999998    0.00186845  -0.000357687    -0.0217961   -0.00186804      0.999998    0.00114795    0.00378037   0.000359831   -0.00114728      0.999999       0.30371
     0.999998    0.00179583   -0.00043595    -0.0347596   -0.00179572      0.999998   0.000243275     0.0548436   0.000436386  -0.000242492             1      0.265305
     0.999998    0.00189518  -0.000559016    -0.0346647   -0.00189483      0.999998   0.000628268     0.0158699   0.000560206  -0.000627207             1      0.271551
     0.999998    0.00204546  -0.000505746    -0.0277176   -0.00204516      0.999998   0.000593697     0.0295465   0.000506959  -0.000592661             1      0.337058
     0.999998    0.00189189  -0.000697917    -0.0453054   -0.00189156      0.999998   0.000467267     0.0610844   0.000698799  -0.000465946             1      0.264849
     0.999998    0.00192132   -0.00050501    -0.0308983   -0.00192085      0.999998   0.000926549     0.0406862   0.000506789  -0.000925577      0.999999      0.295499
     0.999998    0.00177354   -0.00047873    -0.0430645   -0.00177349      0.999998   9.95153e-05     0.0616447   0.000478905  -9.86661e-05             1      0.284304
     0.999998    0.00178925  -0.000596497    -0.0500526   -0.00178901      0.999998   0.000408722     0.0310186   0.000597227  -0.000407654             1      0.260122
     0.999998    0.00199803   -0.00041667    -0.0301144   -0.00199757      0.999997    0.00109896     0.0586588   0.000418865   -0.00109812      0.999999       0.32601
     0.999998    0.00201091  -0.000520428     -0.028087   -0.00201049      0.999998   0.000803488     0.0861868   0.000522042   -0.00080244             1      0.286754
     0.999998    0.00216051  -0.000551096    -0.0304225   -0.00216001      0.999997   0.000919023     0.0609269    0.00055308   -0.00091783      0.999999      0.265055
     0.999998    0.00213693  -0.000527178    -0.0405022   -0.00213674      0.999998   0.000375441     0.0637252   0.000527979  -0.000374314             1      0.279923
     0.999998    0.00204157  -0.000699682     -0.052744   -0.00204131      0.999998   0.000374004     0.0426983   0.000700444  -0.000372575             1      0.240633
     0.999998    0.00203017  -0.000570229    -0.0372747    -0.0020296      0.999997   0.000996373     0.0360889    0.00057225  -0.000995213      0.999999      0.331466
     0.999998    0.00188753  -0.000620272    -0.0601948   -0.00188739      0.999998   0.000233306     0.0550023   0.000620711  -0.000232135             1      0.251875
     0.999998    0.00203985  -0.000622585    -0.0589069   -0.00203947      0.999998   0.000613671     0.0185022   0.000623835    -0.0006124             1      0.292877
     0.999998    0.00203866   -0.00068068    -0.0550186   -0.00203828      0.999998    0.00056139     0.0583629   0.000681823  -0.000560002             1       0.32966
     0.999998    0.00205859  -0.000739462     -0.062583   -0.00205841      0.999998    0.00024139     0.0580067   0.000739957  -0.000239867             1      0.267673
     0.999997    0.00222978  -0.000598492    -0.0449946   -0.00222897      0.999997    0.00134818     0.0346316   0.000601496   -0.00134684      0.999999      0.311508
     0.999997    0.00216385  -0.000683218    -0.0452648   -0.00216348      0.999998   0.000543171     0.0846216   0.000684391  -0.000541691             1      0.259674
     0.999997    0.00230829  -0.000613837    -0.0421172   -0.00230767      0.999997    0.00101574    0.00348679    0.00061618   -0.00101432      0.999999      0.303319
     0.999997    0.00213961  -0.000725247    -0.0625182   -0.00213949      0.999998   0.000171605     0.0794063   0.000725612  -0.000170052             1      0.246203
     0.999997    0.00223607  -0.000791946    -0.0539626   -0.00223522      0.999997      0.001064     0.0446093   0.000794323   -0.00106223      0.999999      0.241895
     0.999998    0.00204739  -0.000830349    -0.0590837   -0.00204677      0.999998   0.000749616      0.111021   0.000831881  -0.000747915      0.999999      0.197694
     0.999998    0.00180971  -0.000837825    -0.0670411   -0.00180888      0.999998   0.000981328     0.0797577   0.000839599  -0.000979811      0.999999      0.173095
     0.999998    0.00193379  -0.000634178     -0.057079   -0.00193288      0.999997    0.00142469     0.0767726   0.000636931   -0.00142346      0.999999      0.197633
     0.999998    0.00196522  -0.000828426    -0.0660389   -0.00196464      0.999998   0.000696345     0.0909367   0.000829793  -0.000694716      0.999999      0.185251
     0.999998    0.00206063  -0.000774401    -0.0584422   -0.00205971      0.999997    0.00118619     0.0570619   0.000776843   -0.00118459      0.999999      0.218806
     0.999998    0.00206729  -0.000800168    -0.0683745   -0.00206689      0.999998   0.000509945     0.0967371    0.00080122   -0.00050829             1      0.198298
     0.999998    0.00202842  -0.000923476    -0.0742517   -0.00202767      0.999998   0.000813455     0.0670339   0.000925124   -0.00081158      0.999999      0.198898
     0.999997    0.00221632   -0.00086042      -0.06483    -0.0022155      0.999997   0.000961092     0.0466004   0.000862548  -0.000959183      0.999999      0.274322
     0.999998     0.0020814  -0.000814726    -0.0642644   -0.00208084      0.999998   0.000686094     0.0733532   0.000816152  -0.000684397      0.999999      0.234408
     0.999997     0.0022349   -0.00103742    -0.0613392   -0.00223396      0.999997   0.000908407     0.0549596    0.00103944  -0.000906086      0.999999       0.24031
     0.999997    0.00227017  -0.000969128    -0.0558589   -0.00226907      0.999997    0.00113363     0.0881099   0.000971699   -0.00113143      0.999999      0.293829
     0.999997    0.00211787  -0.000897373    -0.0664404   -0.00211723      0.999998   0.000717033     0.0873518   0.000898889  -0.000715132      0.999999      0.235654
     0.999997     0.0022062  -0.000839196    -0.0593144   -0.00220522      0.999997     0.0011715     0.0331038   0.000841778   -0.00116964      0.999999      0.263933
     0.999997    0.00219475  -0.000762809    -0.0523383   -0.00219381      0.999997    0.00122307     0.0890263   0.000765491   -0.00122139      0.999999      0.267619
     0.999997    0.00223351  -0.000780933    -0.0410602   -0.00223269      0.999997    0.00105221     0.0579277   0.000783281   -0.00105047      0.999999      0.231525
     0.999997    0.00215661  -0.000660061    -0.0271232   -0.00215578      0.999997    0.00125639     0.0704113   0.000662768   -0.00125496      0.999999      0.256689
     0.999997    0.00213342  -0.000712519     -0.053739   -0.00213306      0.999998   0.000505329     0.0958655   0.000713596  -0.000503808             1      0.232394
     0.999997    0.00239791  -0.000881771    -0.0574725    -0.0023968      0.999996    0.00126636     0.0778243   0.000884804   -0.00126425      0.999999      0.259847
     0.999997    0.00211985  -0.000894484    -0.0627104   -0.00211928      0.999998   0.000639444     0.0902707   0.000895837  -0.000637546      0.999999      0.267242
     0.999998    0.00196065  -0.000884907    -0.0605752   -0.00195993      0.999998   0.000810132      0.073749   0.000886493  -0.000808396      0.999999      0.253377
     0.999997    0.00222069  -0.000904665    -0.0543035   -0.00221961      0.999997    0.00118744     0.0614515   0.000907299   -0.00118542      0.999999      0.279808
     0.999997     0.0021154  -0.000971663    -0.0592651   -0.00211448      0.999997   0.000947047      0.116995   0.000973664   -0.00094499      0.999999      0.246249
     0.999998     0.0020098  -0.000965466    -0.0567752   -0.00200867      0.999997    0.00116912     0.0894041   0.000967813   -0.00116718      0.999999      0.216195
     0.999997    0.00207003  -0.000963789    -0.0457983   -0.00206894      0.999997    0.00112871     0.0594685   0.000966123   -0.00112671      0.999999      0.296575
     0.999998    0.00189622  -0.000812916     -0.058357   -0.00189581      0.999998   0.000508013     0.0902082   0.000813878  -0.000506471             1      0.275021
     0.999998    0.00170902   -0.00107785    -0.0654335   -0.00170791      0.999998    0.00102919     0.0744082    0.00107961   -0.00102734      0.999999      0.260943
     0.999998    0.00201705  -0.000787244    -0.0452629   -0.00201574      0.999997    0.00166968     0.0907083   0.000790609   -0.00166809      0.999998      0.287737
     0.999998    0.00196123   -0.00089112    -0.0472086    -0.0019603      0.999998    0.00103815     0.0968226   0.000893154    -0.0010364      0.999999      0.279087
     0.999998    0.00198709  -0.000715541    -0.0347662    -0.0019863      0.999997    0.00109766     0.0297448    0.00071772   -0.00109624      0.999999      0.265552
     0.999997    0.00225893  -0.000537601    -0.0378512   -0.00225836      0.999997    0.00106332     0.0704045   0.000540001    -0.0010621      0.999999      0.297654
     0.999997    0.00225663  -0.000821318    -0.0503806   -0.00225591      0.999997   0.000875019     0.0778736    0.00082329  -0.000873164      0.999999      0.260031
     0.999998    0.00194845   -0.00069363    -0.0353735   -0.00194768      0.999997     0.0011085     0.0516107   0.000695788   -0.00110715      0.999999      0.294245
     0.999998    0.00201727  -0.000755507    -0.0417021   -0.00201658      0.999998   0.000908759     0.0965576   0.000757339  -0.000907234      0.999999       0.32734
     0.999998    0.00195593  -0.000783807    -0.0396038   -0.00195508      0.999997    0.00109043     0.0886892   0.000785938    -0.0010889      0.999999      0.280997
     0.999997    0.00228904  -0.000840084    -0.0310565   -0.00228775      0.999996    0.00153668     0.0842907   0.000843599   -0.00153476      0.999998      0.336317
     0.999998    0.00200444  -0.000774476    -0.0457647   -0.00200373      0.999998   0.000920525      0.118672    0.00077632  -0.000918971      0.999999      0.283544
     0.999997    0.00220667  -0.000829354    -0.0488045   -0.00220545      0.999996    0.00147408     0.0552144   0.000832604   -0.00147225      0.999999      0.317343
     0.999997    0.00213065   -0.00083358    -0.0515245   -0.00212991      0.999997    0.00088738      0.118308   0.000835469  -0.000885602      0.999999      0.304738
     0.999997    0.00220393  -0.000893766     -0.059655   -0.00220277      0.999997    0.00130459     0.0888665   0.000896639   -0.00130262      0.999999      0.277237
     0.999997    0.00226713  -0.000589789    -0.0480515   -0.00226636      0.999997    0.00131735      0.108597   0.000592773   -0.00131601      0.999999      0.307688
     0.999997     0.0021662  -0.000686144    -0.0612648   -0.00216553      0.999997   0.000976216     0.0956878   0.000688257  -0.000974728      0.999999      0.296827
     0.999997    0.00218295  -0.000873576    -0.0618314   -0.00218178      0.999997    0.00134083      0.102285     0.0008765   -0.00133892      0.999999      0.314309
     0.999997    0.00224282  -0.000697228    -0.0434805   -0.00224164      0.999996    0.00169213       0.10332    0.00070102   -0.00169056      0.999998      0.345831
     0.999997    0.00228588  -0.000625797    -0.0394026   -0.00228515      0.999997    0.00116202      0.110407   0.000628451   -0.00116059      0.999999      0.308097
     0.999997    0.00233588  -0.000761973    -0.0470983   -0.00233496      0.999997    0.00120898     0.0694708   0.000764795   -0.00120719      0.999999       0.30265
     0.999997    0.00240477  -0.000714466    -0.0506431   -0.00240355      0.999996    0.00171127      0.110084   0.000718579   -0.00170954      0.999998      0.349816
     0.999997    0.00239605  -0.000666317    -0.0507446   -0.00239566      0.999997   0.000592729     0.0993201   0.000667735  -0.000591131             1      0.345793
     0.999997    0.00236034  -0.000900331    -0.0580148    -0.0023593      0.999997    0.00115283      0.105714   0.000903049    -0.0011507      0.999999      0.321447
     0.999997    0.00252684  -0.000768077    -0.0544372   -0.00252573      0.999996    0.00145149     0.0764778   0.000771742   -0.00144955      0.999999      0.362238
     0.999997    0.00242282  -0.000857571    -0.0695966   -0.00242223      0.999997   0.000685839      0.109467    0.00085923   -0.00068376      0.999999      0.282349
     0.999996    0.00271628  -0.000857025    -0.0650126   -0.00271537      0.999996    0.00106371     0.0454469    0.00085991   -0.00106138      0.999999      0.337554
     0.999996    0.00281323  -0.000807159    -0.0459143   -0.00281224      0.999995    0.00122769     0.0787075   0.000810609   -0.00122542      0.999999      0.398553
     0.999996    0.00265223  -0.000895887    -0.0632135   -0.00265145      0.999996   0.000866936     0.0836614   0.000898183  -0.000864557      0.999999      0.337981
     0.999996    0.00282101  -0.000876994    -0.0677915   -0.00281966      0.999995    0.00154266     0.0626421   0.000881342   -0.00154018      0.999998      0.377337
     0.999996    0.00260747  -0.000733111    -0.0635966   -0.00260713      0.999996   0.000452878      0.100672   0.000734289  -0.000450965             1      0.352882
     0.999997    0.00250507  -0.000824115    -0.0689157   -0.00250444      0.999997   0.000767374     0.0536562   0.000826035  -0.000765308      0.999999      0.347652
     0.999997    0.00243527  -0.000695504     -0.061518    -0.0024343      0.999996    0.00138455     0.0747446   0.000698873   -0.00138285      0.999999      0.369395
     0.999998    0.00197073  -0.000111349    -0.0203517   -0.00197061      0.999998     0.0010483     0.0893678   0.000113414   -0.00104808      0.999999      0.332381
     0.999999    0.00157958  -0.000202951   -0.00611211   -0.00157929      0.999998    0.00142733     0.0625076   0.000205206   -0.00142701      0.999999      0.313392
     0.999998    0.00182867  -0.000165315    -0.0105935   -0.00182838      0.999997    0.00175084     0.0894887   0.000168516   -0.00175054      0.999998      0.381858
     0.999999     0.0014121   -0.00019833    -0.0298756    -0.0014118      0.999998    0.00151876      0.109783   0.000200474   -0.00151848      0.999999      0.297225
     0.999999    0.00132873  -0.000430424    -0.0137652   -0.00132804      0.999998    0.00160399      0.059749   0.000432554   -0.00160341      0.999999      0.314663
     0.999998    0.00169723  -0.000503114    -0.0235392   -0.00169683      0.999998   0.000800622     0.0443864   0.000504472  -0.000799767             1       0.31774
     0.999996    0.00252507  -0.000953524    -0.0652913   -0.00252262      0.999994    0.00256356    0.00503863   0.000959991   -0.00256114      0.999996      0.344775
     0.999998    0.00210311  -0.000628579    -0.0327594   -0.00210235      0.999997    0.00120883      0.151014   0.000631119   -0.00120751      0.999999      0.282244
     0.999997     0.0022591  -0.000765045    -0.0425053   -0.00225767      0.999996    0.00186855     0.0976059   0.000769263   -0.00186682      0.999998      0.301314
     0.999997    0.00235504  -0.000614952     -0.037995   -0.00235402      0.999996    0.00166336      0.104033   0.000618867   -0.00166191      0.999998      0.321865
     0.999998    0.00210735  -0.000416935    -0.0331191   -0.00210673      0.999997    0.00146613      0.101507   0.000420024   -0.00146525      0.999999      0.289441
     0.999998    0.00202034  -9.44284e-05    -0.0129588   -0.00202018      0.999997    0.00160106     0.0590672   9.76628e-05   -0.00160087      0.999999      0.298695
     0.999998    0.00185451   -4.5974e-05    -0.0038582   -0.00185443      0.999997    0.00157964     0.0997648   4.89033e-05   -0.00157955      0.999999       0.29149
     0.999998    0.00185696  -0.000459237     -0.030351   -0.00185637      0.999997    0.00128968     0.0871027    0.00046163   -0.00128882      0.999999      0.259348
     0.999998    0.00195605  -0.000416748    -0.0151462   -0.00195524      0.999996    0.00193747     0.0879596   0.000420536   -0.00193665      0.999998       0.29285
     0.999997    0.00221396   -0.00036495    -0.0126045   -0.00221359      0.999997   0.000987181      0.121238   0.000367134  -0.000986371      0.999999      0.288989
     0.999997    0.00231433  -0.000305588    -0.0243884   -0.00231399      0.999997    0.00111482     0.0866065   0.000308167   -0.00111411      0.999999      0.279545
     0.999997    0.00251788  -9.63593e-05    -0.0101161   -0.00251775      0.999996    0.00131569     0.0824609   9.96716e-05   -0.00131544      0.999999      0.318549
     0.999997    0.00243945  -0.000351586    -0.0207496   -0.00243919      0.999997   0.000743251     0.0958027   0.000353398  -0.000742391             1       0.27535
     0.999997    0.00245642  -0.000587186    -0.0341668   -0.00245592      0.999997   0.000858236      0.086317   0.000589292  -0.000856791      0.999999      0.295957
     0.999996     0.0026676  -0.000560052    -0.0438195    -0.0026673      0.999996   0.000545953     0.0993884   0.000561507  -0.000544457             1      0.334174
     0.999997    0.00251022  -0.000333609    -0.0361786   -0.00251026      0.999997  -0.000118508     0.0995958   0.000333311   0.000119345             1        0.3215
     0.999997    0.00221664  -0.000550314    -0.0399413   -0.00221668      0.999998  -6.70359e-05     0.0804737   0.000550164   6.82556e-05             1      0.281185
     0.999997    0.00232485  -0.000372137    -0.0175241   -0.00232453      0.999997   0.000854798     0.0805889   0.000374123   -0.00085393             1      0.310935
     0.999997    0.00235962    -0.0003337    -0.0169596   -0.00235956      0.999997   0.000192949     0.0981661   0.000334155  -0.000192161             1      0.308816
     0.999997    0.00235965  -0.000352912    -0.0179078   -0.00235963      0.999997   5.56217e-05     0.0588025   0.000353042  -5.47888e-05             1      0.281413
     0.999997    0.00243189  -0.000149851    -0.0171718   -0.00243187      0.999997   8.53963e-05     0.0884391   0.000150058  -8.50317e-05             1       0.30711
     0.999997    0.00253318  -0.000152754   -0.00892358   -0.00253318      0.999997   1.77473e-05     0.0615954   0.000152799  -1.73603e-05             1      0.311698
     0.999997    0.00253382  -0.000113573    -0.0168358   -0.00253381      0.999997   3.84395e-05     0.0243073    0.00011367  -3.81516e-05             1      0.312053
     0.999996    0.00265617  -0.000255525    -0.0226917   -0.00265618      0.999996  -3.41681e-05     0.0591285   0.000255433   3.48467e-05             1      0.331991
     0.999997    0.00244345   -0.00025475    -0.0391147   -0.00244347      0.999997  -4.40173e-05     0.0617742   0.000254642   4.46396e-05             1       0.28945
     0.999997    0.00254056  -0.000538805    -0.0362002   -0.00254055      0.999997   2.55962e-05     0.0406035   0.000538868  -2.42272e-05             1      0.309813
     0.999997     0.0025595  -0.000423516    -0.0238722   -0.00255933      0.999997   0.000389492      0.075614   0.000424511  -0.000388407             1      0.328678
     0.999996    0.00263121  -0.000376694    -0.0221477   -0.00263127      0.999997  -0.000150294     0.0652513   0.000376297   0.000151285             1      0.300284
     0.999997    0.00245509  -0.000534358    -0.0223493   -0.00245505      0.999997   6.62989e-05     0.0493479   0.000534519  -6.49868e-05             1      0.261316
     0.999998     0.0021242  -0.000569683    -0.0308989   -0.00212404      0.999998   0.000283054     0.0817337   0.000570283  -0.000281843             1      0.215428
     0.999997    0.00239638   -0.00048486    -0.0205288   -0.00239631      0.999997   0.000145979     0.0865538   0.000485208  -0.000144817             1      0.255941
     0.999997      0.002428  -0.000526653    -0.0178969   -0.00242801      0.999997  -1.82318e-05     0.0688772   0.000526607   1.95105e-05             1      0.265906
     0.999997    0.00245118  -0.000258999    -0.0132879    -0.0024511      0.999997    0.00029977     0.0681046   0.000259733  -0.000299134             1      0.310186
     0.999997    0.00239778  -0.000182173     -0.017575   -0.00239786      0.999997  -0.000404082     0.0361452   0.000181203   0.000404517             1      0.297049
     0.999997    0.00246389  -0.000250942    -0.0264706   -0.00246392      0.999997  -0.000119129     0.0297018   0.000250647   0.000119747             1      0.277583
     0.999997    0.00256404  -0.000269726    -0.0256582   -0.00256411      0.999997  -0.000241893     0.0929573   0.000269105   0.000242584             1      0.303207
     0.999997    0.00241447  -0.000540098    -0.0214803   -0.00241432      0.999997   0.000274606     0.0731592    0.00054076  -0.000273302             1      0.238688
     0.999997    0.00227131   -0.00024339    -0.0107826   -0.00227118      0.999997   0.000539477      0.101537   0.000244614  -0.000538923             1      0.216124
     0.999999    0.00148173   9.42855e-05     0.0235717   -0.00148173      0.999999  -5.47855e-05     0.0553831  -9.43666e-05   5.46457e-05             1       0.26474
     0.999999    0.00159316  -0.000130412    0.00849867   -0.00159319      0.999999  -0.000234492      0.041447   0.000130039   0.000234699             1      0.254487
     0.999998    0.00180138  -0.000135783    0.00090395   -0.00180142      0.999998  -0.000259002     0.0449446   0.000135317   0.000259246             1      0.319868
     0.999998    0.00172413  -0.000178816   -0.00618061   -0.00172425      0.999998   -0.00069816     0.0366312   0.000177612   0.000698468             1      0.281001
     0.999998    0.00191471  -6.03078e-05    -0.0021785    -0.0019147      0.999998   7.96724e-05     0.0534212   6.04602e-05  -7.95568e-05             1      0.211062
     0.999998    0.00197688  -0.000110362    -0.0125706   -0.00197695      0.999998  -0.000691878     0.0936708   0.000108994   0.000692094             1      0.269106
     0.999998    0.00186475  -0.000319134     -0.016572   -0.00186499      0.999998  -0.000753813     0.0701783   0.000317727   0.000754407             1      0.260453
     0.999998    0.00203224  -0.000136366   -0.00658995   -0.00203231      0.999998  -0.000499486     0.0427586   0.000135351   0.000499762             1      0.316019
     0.999998    0.00206896  -0.000275369   -0.00866699   -0.00206916      0.999998  -0.000742382      0.105745   0.000273833   0.000742951             1      0.311601
     0.999998    0.00198765    -0.0002926    -0.0140531   -0.00198776      0.999998  -0.000380223     0.0833206   0.000291844   0.000380804             1      0.270343
     0.999998    0.00217282  -0.000243281   -0.00277246   -0.00217274      0.999998   0.000290684     0.0896483   0.000243912  -0.000290155             1      0.292179
     0.999998    0.00214767  -0.000113198   -0.00338361   -0.00214772      0.999998  -0.000484195      0.126792   0.000112158   0.000484437             1      0.255827
     0.999998    0.00220527  -0.000190812   -0.00509146   -0.00220534      0.999997  -0.000382288      0.053011   0.000189969   0.000382708             1      0.296717
     0.999997    0.00227417  -0.000188632  -0.000721422    -0.0022743      0.999997  -0.000717823     0.0877538   0.000186999    0.00071825             1      0.339416
     0.999997    0.00238611   -0.00021059   -0.00526154   -0.00238628      0.999997  -0.000791476     0.0762804   0.000208701   0.000791976             1      0.312738
     0.999997    0.00238037  -0.000359996   -0.00843794   -0.00238054      0.999997  -0.000481089     0.0559078    0.00035885   0.000481944             1       0.31883
