# 3dvolreg matrices (DICOM-to-DICOM, row-by-row):
      0.99999   -0.00302207   -0.00316632     -0.642493    0.00301858      0.999995   -0.00110428      -4.06963    0.00316964    0.00109471      0.999994       2.35313
      0.99999   -0.00316471   -0.00308891     -0.639267     0.0031604      0.999994   -0.00139908      -4.05508    0.00309332     0.0013893      0.999994       2.32372
      0.99999   -0.00318454    -0.0031664     -0.634355    0.00318099      0.999994    -0.0011279      -4.09047    0.00316997    0.00111782      0.999994       2.31946
      0.99999   -0.00343491    -0.0029036       -0.6273    0.00342969      0.999992   -0.00180058      -4.07406    0.00290976     0.0017906      0.999994       2.29424
     0.999988   -0.00345121   -0.00337077     -0.634365    0.00344566      0.999993   -0.00165032      -4.09995    0.00337644    0.00163869      0.999993       2.28832
     0.999988   -0.00327485   -0.00361326      -0.63836    0.00326937      0.999993   -0.00152318      -4.12183    0.00361823    0.00151135      0.999992       2.30684
     0.999988   -0.00313777   -0.00365115     -0.636799     0.0031307      0.999993   -0.00194103      -4.10861    0.00365721    0.00192958      0.999991       2.31811
     0.999988   -0.00324772   -0.00376324      -0.65414    0.00323969      0.999992   -0.00213789      -4.09214    0.00377016    0.00212567      0.999991       2.29173
     0.999988   -0.00320248   -0.00359656     -0.647055    0.00319646      0.999993    -0.0016787      -4.13124    0.00360192    0.00166718      0.999992       2.30447
     0.999989   -0.00325938   -0.00346504     -0.641001    0.00325267      0.999993   -0.00194042      -4.07665    0.00347134    0.00192913      0.999992       2.28913
     0.999988    -0.0032702   -0.00371632     -0.650894    0.00326414      0.999993   -0.00163684        -4.091    0.00372165    0.00162469      0.999992       2.26256
     0.999988   -0.00331297   -0.00361299     -0.636898    0.00330821      0.999994   -0.00132291      -4.09774    0.00361735    0.00131095      0.999993       2.30727
     0.999986    -0.0034848    -0.0038821     -0.648979    0.00347871      0.999993   -0.00157533      -4.06206    0.00388756     0.0015618      0.999991       2.28075
     0.999987   -0.00335678   -0.00377825     -0.647872    0.00335066      0.999993   -0.00162427      -4.10548    0.00378368    0.00161159      0.999992       2.29156
     0.999988   -0.00327463   -0.00375144     -0.650363    0.00326943      0.999994   -0.00139162      -4.09321    0.00375597    0.00137934      0.999992       2.32846
     0.999987    -0.0033601   -0.00383727     -0.658725    0.00335329      0.999993   -0.00178067      -4.08282    0.00384322    0.00176778      0.999991       2.29151
     0.999986   -0.00341409   -0.00404118     -0.658577    0.00340719      0.999993   -0.00171278      -4.09341    0.00404699    0.00169899       0.99999       2.29957
     0.999987   -0.00335293   -0.00382942     -0.651216    0.00334612      0.999993     -0.001784      -4.08296    0.00383538    0.00177116      0.999991       2.32033
     0.999986   -0.00339971    -0.0040243     -0.655393    0.00339241      0.999993   -0.00181952      -4.06085    0.00403046    0.00180584       0.99999        2.3008
     0.999986    -0.0034823   -0.00404261     -0.651991    0.00347535      0.999992   -0.00172693      -4.07466     0.0040486    0.00171286       0.99999       2.27246
     0.999985   -0.00363806   -0.00400579     -0.650161    0.00363198      0.999992   -0.00152532       -4.0518    0.00401131    0.00151075      0.999991       2.31037
     0.999985   -0.00362052   -0.00407948     -0.654883    0.00361301      0.999992   -0.00184795      -4.03942    0.00408614    0.00183318       0.99999       2.25702
     0.999985   -0.00354557   -0.00406974     -0.649814    0.00353931      0.999993   -0.00154345      -4.07885    0.00407518    0.00152902      0.999991       2.27435
     0.999986   -0.00340472   -0.00400681     -0.651465    0.00339572      0.999992    -0.0022522      -4.06906    0.00401444    0.00223857      0.999989       2.31004
     0.999986   -0.00341258    -0.0041176      -0.64867    0.00340434      0.999992   -0.00200568      -4.10177    0.00412441    0.00199163       0.99999       2.31398
     0.999985   -0.00339723   -0.00422385     -0.655547    0.00339012      0.999993   -0.00168888      -4.07295    0.00422955    0.00167453       0.99999       2.26214
     0.999988   -0.00312836    -0.0038765     -0.660526    0.00312069      0.999993   -0.00198369         -4.06    0.00388268    0.00197157      0.999991        2.2916
     0.999985   -0.00338105   -0.00419621      -0.67894    0.00337214      0.999992   -0.00212744      -4.07182    0.00420337    0.00211326      0.999989       2.24749
     0.999986   -0.00332077   -0.00411744     -0.665538    0.00331366      0.999993   -0.00173394      -4.12346    0.00412317    0.00172027       0.99999       2.28052
     0.999985   -0.00343433    -0.0043117     -0.672542    0.00342512      0.999992   -0.00214163      -4.06306    0.00431902    0.00212683      0.999988       2.29736
     0.999984   -0.00369843   -0.00422401     -0.681205    0.00368882      0.999991     -0.002279      -4.08965     0.0042324    0.00226338      0.999988       2.25499
     0.999984   -0.00365903   -0.00420299     -0.681453    0.00365093      0.999991   -0.00193518      -4.08417    0.00421004    0.00191981      0.999989       2.29366
     0.999985   -0.00353655   -0.00409889     -0.675756    0.00352696      0.999991   -0.00234575      -4.06785    0.00410715    0.00233126      0.999989        2.3143
     0.999985   -0.00338541   -0.00423664     -0.674707    0.00337635      0.999992   -0.00214521      -4.09345    0.00424387    0.00213088      0.999989       2.30624
     0.999985   -0.00349048   -0.00430082     -0.670829    0.00348324      0.999993   -0.00169077      -4.08642    0.00430669    0.00167576      0.999989       2.32428
     0.999984    -0.0034881   -0.00440375     -0.676475    0.00347774      0.999991   -0.00235937      -4.08011    0.00441194    0.00234401      0.999988       2.31328
     0.999983   -0.00356463   -0.00461744     -0.686391    0.00355423      0.999991   -0.00225906      -4.08618    0.00462545    0.00224261      0.999987       2.29166
     0.999984   -0.00344145   -0.00458382     -0.675959    0.00343252      0.999992   -0.00195347      -4.11161     0.0045905     0.0019377      0.999988       2.36703
     0.999984   -0.00352797   -0.00447964     -0.673689    0.00351632       0.99999   -0.00260632       -4.1138    0.00448879    0.00259053      0.999987       2.33142
     0.999983   -0.00341044    -0.0046666     -0.677141    0.00340017      0.999992   -0.00220769      -4.11981    0.00467409    0.00219179      0.999987       2.32237
     0.999985    -0.0032148   -0.00453858     -0.661996    0.00320785      0.999994   -0.00153714      -4.12122    0.00454349    0.00152255      0.999989       2.33687
     0.999984   -0.00329467   -0.00462295     -0.662705    0.00328411      0.999992   -0.00228909      -4.07261    0.00463045    0.00227387      0.999987       2.28809
     0.999983   -0.00337235   -0.00479552     -0.668113    0.00336252      0.999992   -0.00205806      -4.12085    0.00480242     0.0020419      0.999986       2.28698
     0.999984   -0.00321092   -0.00466718     -0.652571    0.00320251      0.999993    -0.0018082       -4.1197    0.00467295    0.00179323      0.999987       2.33978
     0.999983   -0.00351325   -0.00475898     -0.670344    0.00350251      0.999991   -0.00226485      -4.09064    0.00476689    0.00224814      0.999986       2.27908
     0.999983   -0.00352692   -0.00473456     -0.667884    0.00351794      0.999992   -0.00190377      -4.12624    0.00474123    0.00188708      0.999987       2.29538
     0.999982   -0.00356999   -0.00473133     -0.665425    0.00356053      0.999992    -0.0020059      -4.07669    0.00473845    0.00198901      0.999987       2.31326
     0.999982   -0.00360177   -0.00487236     -0.674012    0.00359134      0.999991    -0.0021476      -4.08339    0.00488005    0.00213007      0.999986        2.2642
     0.999981   -0.00353946   -0.00501877     -0.674442    0.00353311      0.999993   -0.00127204      -4.08086    0.00502324    0.00125428      0.999987       2.29455
     0.999982   -0.00355898   -0.00474023     -0.682816    0.00354895      0.999991   -0.00212325      -4.04434    0.00474775    0.00210639      0.999987       2.23058
     0.999979   -0.00372572   -0.00525359     -0.682233    0.00371486      0.999991   -0.00207575      -4.09593    0.00526128    0.00205619      0.999984       2.30789
      0.99998   -0.00370093   -0.00511463     -0.673583    0.00369079      0.999991   -0.00199099      -4.08904    0.00512195    0.00197208      0.999985        2.3367
     0.999981   -0.00376283   -0.00491271     -0.680157    0.00375155       0.99999   -0.00230417      -4.06554    0.00492134     0.0022857      0.999985       2.27515
     0.999981   -0.00379175   -0.00493336     -0.684505      0.003782      0.999991   -0.00198548      -4.08635    0.00494084    0.00196678      0.999986       2.23887
     0.999982     -0.003593   -0.00480004     -0.672737    0.00358384      0.999992   -0.00191694      -4.07563    0.00480689    0.00189971      0.999987       2.29098
     0.999983   -0.00354188   -0.00470966      -0.67532    0.00353269      0.999992   -0.00195879      -4.10362    0.00471656    0.00194212      0.999987       2.27647
     0.999982   -0.00340028   -0.00489744     -0.673571    0.00339165      0.999993   -0.00177007      -4.09198    0.00490342    0.00175342      0.999986       2.29564
     0.999982   -0.00347104   -0.00479611     -0.662547    0.00346346      0.999993   -0.00158783      -4.06155    0.00480159     0.0015712      0.999987        2.2842
     0.999983    -0.0035019   -0.00472911     -0.669435    0.00349269      0.999992   -0.00195477      -4.09442    0.00473592    0.00193822      0.999987       2.28003
     0.999982   -0.00344905   -0.00491569     -0.677045    0.00344204      0.999993   -0.00143245      -4.10128     0.0049206    0.00141551      0.999987       2.30901
     0.999983   -0.00334954     -0.004796      -0.66798    0.00333968      0.999992   -0.00206282      -4.06486    0.00480287    0.00204677      0.999986       2.30701
     0.999981   -0.00355747    -0.0050824     -0.684394    0.00354761      0.999992   -0.00194669      -4.09597    0.00508928    0.00192862      0.999985       2.25576
     0.999982   -0.00353788   -0.00489891       -0.6808    0.00352743      0.999991   -0.00213894      -4.11069    0.00490644    0.00212162      0.999986       2.30399
      0.99998   -0.00373609   -0.00507831     -0.687367    0.00372364       0.99999   -0.00245975      -4.09925    0.00508745    0.00244079      0.999984       2.28354
     0.999978   -0.00377369   -0.00545174     -0.705588    0.00376262      0.999991   -0.00203919        -4.092    0.00545939    0.00201864      0.999983       2.28107
     0.999979   -0.00350603   -0.00550961     -0.689673    0.00349627      0.999992   -0.00178006      -4.15535    0.00551581    0.00176076      0.999983        2.3279
     0.999979   -0.00357248   -0.00531942     -0.694011    0.00356035      0.999991   -0.00228684      -4.07654    0.00532754    0.00226785      0.999983       2.30011
     0.999979   -0.00365443   -0.00540861     -0.699262    0.00364431      0.999992   -0.00188019      -4.10041    0.00541544    0.00186044      0.999984       2.28682
     0.999981   -0.00337044   -0.00515861     -0.692621    0.00336333      0.999993   -0.00138718       -4.0875    0.00516325     0.0013698      0.999986       2.27536
     0.999982   -0.00334679   -0.00498365     -0.698874    0.00333991      0.999993   -0.00138813      -4.07504    0.00498826    0.00137146      0.999987       2.23795
      0.99998    -0.0034822    -0.0051877      -0.70076     0.0034753      0.999993    -0.0013391      -4.06819    0.00519233    0.00132105      0.999986       2.27151
     0.999982   -0.00345901   -0.00499218     -0.686902      0.003452      0.999993   -0.00141039      -4.06647    0.00499703    0.00139313      0.999987       2.29675
     0.999981   -0.00351198   -0.00511305     -0.701542    0.00350315      0.999992   -0.00173503      -4.09278     0.0051191    0.00171709      0.999985       2.28176
      0.99998   -0.00347276   -0.00524197     -0.699707    0.00346453      0.999993   -0.00157942      -4.10152    0.00524741    0.00156123      0.999985       2.27336
     0.999982   -0.00336899   -0.00489869     -0.690918    0.00336138      0.999993   -0.00156065      -4.08937    0.00490392    0.00154416      0.999987       2.30547
     0.999981   -0.00369039   -0.00496231      -0.70909      0.003681      0.999991   -0.00190115      -4.07044    0.00496928    0.00188285      0.999986       2.23972
      0.99998   -0.00363923   -0.00507684     -0.705922    0.00363111      0.999992    -0.0016069      -4.10724    0.00508265    0.00158844      0.999986       2.28171
     0.999981   -0.00357157   -0.00511441     -0.709372    0.00356185      0.999992   -0.00190776      -4.05868    0.00512119     0.0018895      0.999985       2.29182
     0.999983   -0.00322363   -0.00480878     -0.688414    0.00321409      0.999993   -0.00199106      -4.10421    0.00481516    0.00197557      0.999986       2.29088
     0.999982   -0.00357939    -0.0047189     -0.705625    0.00356991      0.999992   -0.00201645      -4.07482    0.00472608    0.00199957      0.999987       2.21944
     0.999979   -0.00323367   -0.00557523     -0.710757    0.00322373      0.999993   -0.00179242      -4.07977    0.00558099    0.00177441      0.999983       2.28837
     0.999981   -0.00335788   -0.00514827     -0.702673    0.00334784      0.999992   -0.00195645       -4.0804     0.0051548    0.00193918      0.999985        2.2653
     0.999982    -0.0033851   -0.00503805      -0.70035    0.00337556      0.999992   -0.00189939      -4.10237    0.00504444    0.00188234      0.999986        2.2344
     0.999982   -0.00346066   -0.00485445     -0.687122    0.00345047      0.999992   -0.00210664      -4.06719     0.0048617    0.00208985      0.999986       2.25607
      0.99998   -0.00365809   -0.00506244      -0.70129     0.0036468      0.999991   -0.00223685      -4.09503    0.00507057    0.00221834      0.999985       2.22418
     0.999981   -0.00355427   -0.00505663     -0.694318    0.00354577      0.999992   -0.00168896      -4.08635     0.0050626    0.00167099      0.999986        2.2519
     0.999982   -0.00334707   -0.00501166     -0.686085    0.00333797      0.999993    -0.0018232      -4.03357    0.00501772    0.00180643      0.999986       2.27078
     0.999982   -0.00329307   -0.00503589     -0.687324    0.00328532      0.999993   -0.00154587      -4.06854    0.00504095     0.0015293      0.999986       2.22858
     0.999983    -0.0031545   -0.00485893     -0.679944    0.00314887      0.999994   -0.00116651      -4.07116    0.00486258    0.00115119      0.999988       2.26669
     0.999983   -0.00316204    -0.0048244     -0.704042    0.00315428      0.999994     -0.001614      -4.03429    0.00482947    0.00159876      0.999987        2.2219
     0.999983   -0.00324182   -0.00492673     -0.693358    0.00323517      0.999994   -0.00135819      -4.06673    0.00493111    0.00134223      0.999987       2.22101
     0.999982   -0.00331995   -0.00504216     -0.706399    0.00331119      0.999993   -0.00174545      -4.03623    0.00504792    0.00172872      0.999986       2.22985
      0.99998    -0.0033905   -0.00531658     -0.708708     0.0033831      0.999993   -0.00140013      -4.04396    0.00532129    0.00138212      0.999985        2.1811
      0.99998   -0.00337211   -0.00539346     -0.695763    0.00336541      0.999994   -0.00125003      -4.06282    0.00539764    0.00123186      0.999985       2.23251
     0.999979   -0.00351278   -0.00543031     -0.699574     0.0035025      0.999992   -0.00190107      -4.03791    0.00543694    0.00188201      0.999983       2.20872
     0.999979   -0.00343666   -0.00552375     -0.702049    0.00342851      0.999993   -0.00148386      -4.06985    0.00552881    0.00146489      0.999984       2.21265
     0.999981   -0.00325814   -0.00532619     -0.697743       0.00325      0.999994   -0.00153746      -4.05952    0.00533117    0.00152012      0.999985        2.2567
      0.99998   -0.00333127   -0.00541233     -0.710862    0.00332184      0.999993   -0.00175054      -4.06423    0.00541812    0.00173253      0.999984       2.19406
     0.999979   -0.00328699   -0.00551881     -0.706729    0.00327953      0.999994    -0.0013601      -4.07357    0.00552325    0.00134197      0.999984       2.23501
      0.99998   -0.00336019   -0.00544172      -0.71994    0.00335224      0.999993   -0.00146943      -4.02734    0.00544662    0.00145116      0.999984       2.26639
     0.999979   -0.00340724   -0.00554655     -0.731525    0.00339564      0.999992   -0.00210021      -4.04969    0.00555366    0.00208133      0.999982       2.21906
     0.999978   -0.00337157   -0.00570398     -0.724643    0.00336337      0.999993   -0.00144519      -4.06799    0.00570881    0.00142597      0.999983        2.2655
      0.99998   -0.00329695   -0.00540123     -0.706828    0.00328818      0.999993   -0.00163158      -4.06701    0.00540657    0.00161379      0.999984       2.25831
     0.999979   -0.00338434   -0.00545918     -0.724625    0.00337478      0.999993    -0.0017595      -4.06861     0.0054651    0.00174104      0.999984        2.2256
     0.999979   -0.00351204   -0.00543349     -0.728942    0.00350445      0.999993   -0.00140485      -4.07807    0.00543839    0.00138577      0.999984        2.2339
     0.999979   -0.00355369   -0.00538307     -0.722718    0.00354557      0.999993   -0.00151795      -4.05088    0.00538842    0.00149883      0.999984       2.26514
     0.999978   -0.00367393   -0.00556676     -0.721082    0.00366512      0.999992   -0.00159096      -4.04959    0.00557256    0.00157052      0.999983       2.23634
     0.999978    -0.0034881   -0.00558687     -0.713944    0.00348012      0.999993   -0.00143786      -4.08126    0.00559184    0.00141839      0.999983       2.25853
     0.999978   -0.00352313   -0.00555916     -0.715231    0.00351426      0.999993   -0.00160457       -4.0533    0.00556477    0.00158499      0.999983       2.27179
     0.999979   -0.00351976   -0.00550294     -0.720177    0.00351007      0.999992   -0.00176943       -4.0791    0.00550913    0.00175008      0.999983       2.22127
     0.999978   -0.00354336    -0.0056951     -0.719337    0.00353601      0.999993   -0.00129925      -4.06964    0.00569967    0.00127908      0.999983       2.23689
     0.999978   -0.00354958   -0.00568678     -0.731902    0.00354181      0.999993   -0.00137589      -4.03572    0.00569162    0.00135572      0.999983       2.24315
     0.999978   -0.00355555    -0.0055662     -0.729607    0.00354496      0.999992   -0.00191152      -4.05915    0.00557295    0.00189175      0.999983        2.2242
     0.999979   -0.00341808   -0.00558188     -0.716584     0.0034122      0.999994   -0.00106263      -4.06915    0.00558548    0.00104356      0.999984       2.25355
     0.999978   -0.00350023   -0.00554901     -0.715285    0.00349216      0.999993   -0.00146174      -4.05471    0.00555408    0.00144233      0.999984       2.26067
     0.999978   -0.00353017   -0.00558673     -0.715231    0.00352106      0.999992   -0.00163792      -4.08072    0.00559247    0.00161821      0.999983        2.2204
     0.999979   -0.00340202   -0.00559904     -0.709297    0.00339787      0.999994  -0.000751707      -4.07698    0.00560156   0.000732666      0.999984       2.26031
     0.999978   -0.00353954   -0.00568115     -0.717642    0.00353255      0.999993    -0.0012393      -4.02004     0.0056855    0.00121921      0.999983       2.23598
     0.999976   -0.00372186   -0.00576614     -0.723012    0.00371135      0.999991   -0.00183284      -4.06872    0.00577291     0.0018114      0.999982       2.22637
     0.999976   -0.00365404   -0.00582946      -0.71551    0.00364768      0.999993   -0.00110018      -4.07303    0.00583344    0.00107889      0.999982       2.26604
     0.999978   -0.00348552   -0.00564746     -0.724001    0.00347564      0.999992   -0.00175852      -4.04914    0.00565355    0.00173886      0.999983       2.21219
     0.999977   -0.00343581   -0.00580014      -0.72075    0.00342934      0.999993   -0.00112552      -4.06177    0.00580397    0.00110561      0.999983       2.23017
     0.999978   -0.00349888   -0.00563542     -0.717943    0.00349164      0.999993   -0.00129455       -4.0429    0.00563991    0.00127485      0.999983       2.24834
     0.999977   -0.00364843   -0.00568786     -0.724023    0.00363979      0.999992   -0.00152826      -4.04616    0.00569339    0.00150752      0.999983       2.25833
     0.999976   -0.00368066   -0.00590118     -0.733575    0.00367165      0.999992   -0.00153644      -4.05655    0.00590678    0.00151473      0.999981       2.25057
     0.999977   -0.00353774   -0.00580995     -0.727863    0.00353387      0.999994  -0.000676491       -4.0217     0.0058123   0.000655944      0.999983       2.27097
     0.999977   -0.00369941    -0.0057043     -0.731055     0.0036914      0.999992   -0.00141359      -4.01279    0.00570949    0.00139251      0.999983       2.20228
     0.999976     -0.003733   -0.00588895     -0.725959    0.00372689      0.999993   -0.00104836      -4.06589    0.00589282    0.00102638      0.999982       2.21914
     0.999976   -0.00366911   -0.00585057     -0.718832    0.00366225      0.999993   -0.00118238      -4.04243    0.00585486    0.00116093      0.999982       2.27017
     0.999977   -0.00357243   -0.00577062     -0.716418    0.00356348      0.999992   -0.00156147      -4.04435    0.00577615    0.00154087      0.999982       2.22007
     0.999976   -0.00354087    -0.0058911     -0.715837    0.00353436      0.999993   -0.00111549      -4.05942    0.00589501    0.00109464      0.999982       2.21697
     0.999976   -0.00353638   -0.00589058     -0.710109    0.00352918      0.999993   -0.00123335      -4.05264     0.0058949    0.00121253      0.999982       2.25115
     0.999976   -0.00361543   -0.00593945     -0.721106    0.00360647      0.999992   -0.00151821      -4.06508    0.00594489    0.00149675      0.999981       2.20611
     0.999976   -0.00355341   -0.00591086     -0.724752      0.003547      0.999993   -0.00109325      -4.07096    0.00591471    0.00107225      0.999982       2.24001
     0.999977   -0.00360716   -0.00574767     -0.724987    0.00359996      0.999993    -0.0012622      -4.06258    0.00575218    0.00124148      0.999983       2.26984
     0.999976   -0.00361196   -0.00598634     -0.731325    0.00360296      0.999992   -0.00151416      -4.05445    0.00599176    0.00149255      0.999981       2.23617
     0.999976   -0.00356466   -0.00599115     -0.722945    0.00355965      0.999993  -0.000847272       -4.0495    0.00599413   0.000825925      0.999982       2.25164
     0.999976   -0.00355002   -0.00596732     -0.710156    0.00354396      0.999993   -0.00102602       -4.0507    0.00597093    0.00100484      0.999982       2.29278
     0.999976   -0.00357187   -0.00587329     -0.712735    0.00356579      0.999993   -0.00104592      -4.04371    0.00587698    0.00102495      0.999982       2.23418
     0.999975    -0.0036294   -0.00608958     -0.716925    0.00362562      0.999993  -0.000630674      -4.06158    0.00609183   0.000608579      0.999981       2.24908
     0.999976   -0.00352995   -0.00603583     -0.715079    0.00352406      0.999993  -0.000986353       -4.0403    0.00603927   0.000965058      0.999981        2.2755
     0.999974   -0.00376446   -0.00613092     -0.723402    0.00375773      0.999992   -0.00110954      -4.05488    0.00613505    0.00108648      0.999981       2.24282
     0.999972    -0.0037318   -0.00654797     -0.736972    0.00372985      0.999993  -0.000310616      -4.02796    0.00654908   0.000286184      0.999979       2.25428
     0.999973   -0.00366186   -0.00641892     -0.742687    0.00365614      0.999993  -0.000901487      -4.01432    0.00642218   0.000877994      0.999979       2.28372
     0.999972   -0.00371937   -0.00651456     -0.752519    0.00371244      0.999993    -0.0010757      -4.02357    0.00651852    0.00105148      0.999978       2.22811
     0.999972    -0.0035702    -0.0065168     -0.736847    0.00356625      0.999993  -0.000618307      -4.04558    0.00651897    0.00059505      0.999979       2.25626
     0.999974   -0.00349954   -0.00627153     -0.729319    0.00349363      0.999993  -0.000952593      -4.03536    0.00627482   0.000930658       0.99998       2.24102
     0.999973   -0.00372844    -0.0063288     -0.737213     0.0037226      0.999993  -0.000934932      -4.02846    0.00633224   0.000911347       0.99998       2.19517
     0.999975   -0.00362398   -0.00607687     -0.719805    0.00362244      0.999993  -0.000264603      -4.05781    0.00607779   0.000242584      0.999982       2.21957
     0.999974   -0.00370147   -0.00613287     -0.730628    0.00369529      0.999993   -0.00102014      -4.00495     0.0061366    0.00099745      0.999981       2.23078
     0.999973   -0.00380628   -0.00635442     -0.744854    0.00379914      0.999992   -0.00113587      -4.03398    0.00635869    0.00111169      0.999979       2.20979
     0.999972   -0.00380434   -0.00650231     -0.741941    0.00379964      0.999993   -0.00073488      -4.02985    0.00650506   0.000710153      0.999979       2.23868
     0.999973   -0.00371591    -0.0063675     -0.739363    0.00371123      0.999993  -0.000747192      -4.03052    0.00637023    0.00072354      0.999979       2.25663
     0.999972   -0.00372408   -0.00652134     -0.757927     0.0037175      0.999993   -0.00102036      -4.01646     0.0065251   0.000996085      0.999978       2.21554
     0.999973   -0.00360832   -0.00642498     -0.741052    0.00360662      0.999993  -0.000276658      -4.01981    0.00642594   0.000253478      0.999979       2.26218
     0.999974   -0.00340678   -0.00639079     -0.736227     0.0034021      0.999994  -0.000742867      -4.01983    0.00639328   0.000721105      0.999979       2.26774
     0.999974   -0.00360251   -0.00617425     -0.740137     0.0035968      0.999993  -0.000934908       -4.0387    0.00617758   0.000912676      0.999981       2.23871
     0.999973   -0.00370105    -0.0063433     -0.748666    0.00369522      0.999993  -0.000931527      -4.02775     0.0063467   0.000908062      0.999979       2.22991
     0.999972   -0.00364915   -0.00648092     -0.735263    0.00364655      0.999993  -0.000413235      -4.00798    0.00648239   0.000389591      0.999979       2.27464
     0.999973    -0.0037917   -0.00624196     -0.747442    0.00378607      0.999992  -0.000913978      -3.99415    0.00624538   0.000890321       0.99998       2.20519
     0.999972   -0.00376528   -0.00652502     -0.752798    0.00376195      0.999993   -0.00052194      -4.01045    0.00652694   0.000497379      0.999979       2.23619
     0.999973   -0.00360692    -0.0064368     -0.734191    0.00360609      0.999993  -0.000140138      -3.97933    0.00643727   0.000116922      0.999979        2.2974
     0.999973   -0.00373784   -0.00630674     -0.755197    0.00373148      0.999993    -0.0010187      -3.99418     0.0063105   0.000995142       0.99998       2.21338
      0.99997   -0.00375398   -0.00675792     -0.759446    0.00374981      0.999993   -0.00062948      -4.02931    0.00676024    0.00060412      0.999977        2.2436
     0.999972   -0.00377339   -0.00643872     -0.751425     0.0037701      0.999993  -0.000522985      -3.98094    0.00644064   0.000498696      0.999979       2.26352
      0.99997   -0.00380734   -0.00678828     -0.764368    0.00380217      0.999992  -0.000773854      -3.97462    0.00679117   0.000748021      0.999977       2.22535
     0.999971   -0.00365934   -0.00668808     -0.750477     0.0036564      0.999993  -0.000451873      -4.00941    0.00668969   0.000427405      0.999978       2.27228
     0.999972   -0.00351903   -0.00654381     -0.752179    0.00351362      0.999993  -0.000839412       -3.9834    0.00654673   0.000816396      0.999978       2.24186
      0.99997   -0.00357365   -0.00684026     -0.764096    0.00357027      0.999993  -0.000506966      -3.98895    0.00684203    0.00048253      0.999976       2.22032
     0.999972   -0.00355982   -0.00652601     -0.750218    0.00355932      0.999994  -8.80184e-05      -3.99717    0.00652628   6.47878e-05      0.999979       2.27103
     0.999971   -0.00360434   -0.00675366     -0.763485    0.00359788      0.999993    -0.0009691      -3.99431    0.00675711   0.000944772      0.999977        2.2207
     0.999971   -0.00351129   -0.00669859     -0.752351    0.00350968      0.999994  -0.000252751      -4.03795    0.00669943   0.000229234      0.999978       2.25088
     0.999972   -0.00356006   -0.00660577     -0.757694     0.0035546      0.999993  -0.000838895       -4.0045    0.00660872    0.00081539      0.999978       2.23868
     0.999971   -0.00358138   -0.00673642     -0.751999    0.00357985      0.999994  -0.000238967      -4.03363    0.00673723   0.000214844      0.999977       2.24987
     0.999973   -0.00359978    -0.0064682     -0.745373    0.00359708      0.999993  -0.000428598       -4.0084     0.0064697   0.000405319      0.999979       2.26052
     0.999971   -0.00360008   -0.00669897     -0.749573    0.00359555      0.999993  -0.000687692      -4.05414    0.00670141   0.000663586      0.999977       2.24186
      0.99997     -0.003649   -0.00678495     -0.750673    0.00364687      0.999993  -0.000324879      -4.04535    0.00678609   0.000300125      0.999977       2.26332
     0.999971   -0.00378652   -0.00668111     -0.741934    0.00378465      0.999993   -0.00029335      -3.99204    0.00668218   0.000268055      0.999978       2.27965
      0.99997    -0.0037358   -0.00681844     -0.749846    0.00373213      0.999993  -0.000551215      -4.01568    0.00682045   0.000525751      0.999977       2.25735
      0.99997   -0.00366307   -0.00676344     -0.741697    0.00366319      0.999993     5.609e-06      -4.03312    0.00676337  -3.03846e-05      0.999977        2.2773
     0.999971   -0.00361354   -0.00674028     -0.745242    0.00361264      0.999993  -0.000146628      -4.00727    0.00674076   0.000122274      0.999977       2.28798
     0.999969   -0.00374082   -0.00692254     -0.760977    0.00373779      0.999993  -0.000450714      -4.03772    0.00692418   0.000424825      0.999976       2.23123
     0.999968    -0.0037878   -0.00699183     -0.759069    0.00378726      0.999993  -8.93722e-05      -4.03228    0.00699211   6.28895e-05      0.999976       2.26335
     0.999969   -0.00402953   -0.00674345     -0.756462    0.00402582      0.999992  -0.000564033      -3.99896    0.00674567   0.000536867      0.999977         2.248
     0.999968    -0.0040584   -0.00686979     -0.764248    0.00405324      0.999991  -0.000764166      -3.98877    0.00687283   0.000736297      0.999976       2.21559
      0.99997   -0.00389154   -0.00674033     -0.751511    0.00389196      0.999992   4.88398e-05      -3.99798    0.00674008  -7.50714e-05      0.999977       2.25335
      0.99997   -0.00376168   -0.00677433     -0.757118    0.00375945      0.999993  -0.000342851       -3.9546    0.00677557   0.000317373      0.999977       2.22416
     0.999969   -0.00390466   -0.00689986      -0.76474    0.00390303      0.999992  -0.000250638      -4.01877    0.00690079   0.000223699      0.999976       2.19792
     0.999969   -0.00384688   -0.00690516     -0.760797    0.00384643      0.999993  -7.81105e-05      -3.97683    0.00690541   5.15478e-05      0.999976       2.24767
     0.999967   -0.00412216    -0.0069884     -0.767824     0.0041174      0.999991  -0.000694408      -3.98147     0.0069912   0.000665612      0.999975       2.22139
     0.999966   -0.00409284   -0.00711142     -0.757921    0.00409387      0.999992   0.000130597      -4.00174    0.00711083  -0.000159706      0.999975       2.23319
     0.999969   -0.00407631    -0.0067955     -0.764714    0.00407448      0.999992  -0.000282262      -3.96714    0.00679659   0.000254565      0.999977        2.2065
     0.999966   -0.00403718   -0.00713389     -0.768521    0.00403737      0.999992   1.20788e-05      -3.96266    0.00713378  -4.08806e-05      0.999975       2.16069
     0.999967   -0.00399313   -0.00705063     -0.770653    0.00399179      0.999992  -0.000204671      -3.98244    0.00705139    0.00017652      0.999975       2.24357
     0.999967   -0.00414606    -0.0069485     -0.793994    0.00414255      0.999991  -0.000519503       -3.9868    0.00695059   0.000490702      0.999976       2.20136
     0.999965   -0.00426139   -0.00717849     -0.794451    0.00426196      0.999991   6.47118e-05      -3.96648    0.00717814   -9.5304e-05      0.999974       2.18951
     0.999967   -0.00426798   -0.00687492     -0.766888    0.00427069      0.999991   0.000378966      -3.95654    0.00687324  -0.000408314      0.999976       2.23364
     0.999967   -0.00432717   -0.00688015     -0.777062    0.00432561      0.999991  -0.000241366        -3.965    0.00688113   0.000211597      0.999976       2.18389
     0.999965   -0.00429127   -0.00716481     -0.777427    0.00429226      0.999991   0.000122263      -4.02057    0.00716422  -0.000153012      0.999974       2.22213
     0.999967    -0.0042675   -0.00695165     -0.783175    0.00426295      0.999991  -0.000669087      -3.95828    0.00695444    0.00063943      0.999976       2.19396
     0.999967   -0.00427522    -0.0069664     -0.783202    0.00427457      0.999991  -0.000108425       -3.9565     0.0069668   7.86426e-05      0.999976       2.14416
     0.999967   -0.00439649   -0.00677544     -0.766749    0.00439435       0.99999  -0.000329931      -3.96062    0.00677682   0.000300146      0.999977        2.1819
     0.999965   -0.00444663    -0.0071288     -0.772457    0.00444235       0.99999  -0.000616709       -3.9988    0.00713147   0.000585019      0.999974       2.17711
     0.999964   -0.00444613   -0.00727306     -0.768243    0.00444411       0.99999  -0.000293649      -3.99104     0.0072743   0.000261316      0.999974       2.28566
     0.999964   -0.00430645   -0.00735457     -0.780494    0.00430049       0.99999  -0.000825921      -3.98631    0.00735805   0.000794263      0.999973       2.22885
     0.999965    -0.0040533   -0.00734531     -0.787444    0.00405676      0.999992    0.00045582      -4.00124     0.0073434  -0.000485602      0.999973       2.19597
     0.999965   -0.00431683   -0.00723073     -0.787995     0.0043147      0.999991  -0.000310088      -3.94171      0.007232   0.000278879      0.999974       2.19767
     0.999965   -0.00438358    -0.0071298     -0.790304    0.00438457       0.99999   0.000122762      -3.97236    0.00712919  -0.000154019      0.999975       2.17904
     0.999965   -0.00438706   -0.00709847     -0.785561    0.00439126       0.99999   0.000576256      -3.96433    0.00709587  -0.000607408      0.999975       2.23935
     0.999964   -0.00453659   -0.00719715     -0.802774    0.00453558       0.99999  -0.000156782      -3.95968    0.00719779   0.000124133      0.999974       2.15488
     0.999963   -0.00469561   -0.00716555     -0.798602    0.00469501      0.999989  -0.000100048      -3.98965    0.00716594   6.64019e-05      0.999974       2.21111
     0.999963    -0.0046642    -0.0072164     -0.804348    0.00466301      0.999989  -0.000180918      -3.94826    0.00721717   0.000147261      0.999974       2.23164
     0.999961   -0.00478057   -0.00740791     -0.804383    0.00478109      0.999989   5.13926e-05      -3.96504    0.00740758  -8.68085e-05      0.999973       2.21535
     0.999963   -0.00465724   -0.00724864     -0.796528    0.00465916      0.999989   0.000247861      -3.96285     0.0072474  -0.000281625      0.999974       2.22995
     0.999962   -0.00468155   -0.00736418     -0.798021    0.00468418      0.999989   0.000340394      -3.96025     0.0073625  -0.000374876      0.999973       2.24084
     0.999962   -0.00470393   -0.00733588     -0.792372    0.00470532      0.999989   0.000172689      -3.98038    0.00733499  -0.000207201      0.999973       2.22074
     0.999962   -0.00470675   -0.00734403     -0.795918    0.00470916      0.999989    0.00031017      -3.98234    0.00734249  -0.000344742      0.999973       2.25052
     0.999961   -0.00481511   -0.00738832     -0.797295    0.00481453      0.999988  -9.56983e-05      -3.96335    0.00738869   6.01233e-05      0.999973       2.21969
     0.999962   -0.00482679   -0.00727555     -0.793797    0.00483028      0.999988   0.000462114      -3.98958    0.00727323  -0.000497239      0.999973       2.22953
     0.999963   -0.00478751   -0.00717558     -0.797656    0.00479068      0.999988   0.000424907      -3.90759    0.00717346  -0.000459267      0.999974       2.20948
     0.999961   -0.00486532   -0.00739792     -0.800286    0.00486802      0.999988   0.000348219      -3.94223    0.00739614  -0.000384218      0.999973       2.19278
     0.999961   -0.00484638   -0.00731724     -0.799911    0.00484903      0.999988   0.000344452      -3.95395    0.00731549   -0.00037992      0.999973       2.23857
     0.999961   -0.00488252   -0.00734234       -0.7973    0.00488495      0.999988   0.000313039      -3.96887    0.00734072  -0.000348894      0.999973       2.24933
      0.99996   -0.00481303    -0.0075023      -0.80084    0.00481697      0.999988   0.000506898      -3.95228    0.00749978  -0.000543017      0.999972       2.24845
     0.999964   -0.00465666   -0.00714463     -0.792843    0.00466232      0.999989   0.000776178      -3.95944    0.00714094  -0.000809461      0.999974       2.25374
     0.999963   -0.00478738    -0.0072095     -0.795756    0.00478724      0.999989  -3.66394e-05      -3.93227     0.0072096    2.1244e-06      0.999974       2.24119
      0.99996   -0.00481009   -0.00754496     -0.807192    0.00481313      0.999988   0.000384222      -3.94748    0.00754302  -0.000420521      0.999971       2.20829
     0.999962    -0.0047926   -0.00731586     -0.785651    0.00479823      0.999988   0.000752093      -3.94944    0.00731217  -0.000787168      0.999973       2.25568
     0.999961   -0.00482794   -0.00745578     -0.792938    0.00483028      0.999988   0.000294956      -3.94756    0.00745427  -0.000330958      0.999972       2.21913
      0.99996    -0.0049087   -0.00745357     -0.799589    0.00491231      0.999988    0.00046676       -3.9793    0.00745119  -0.000503356      0.999972        2.2319
      0.99996   -0.00499439   -0.00738377     -0.792561    0.00499683      0.999987   0.000312735       -3.9591    0.00738212  -0.000349618      0.999973       2.27239
      0.99996   -0.00475175    -0.0076404     -0.830945    0.00475376      0.999989   0.000245895      -3.88709    0.00763914  -0.000282206      0.999971       2.17453
     0.999967    -0.0044865   -0.00683386     -0.793961    0.00449413      0.999989    0.00110111      -3.93802    0.00682885   -0.00113178      0.999976       2.25027
     0.999966   -0.00474719   -0.00668639      -0.78702    0.00475017      0.999989   0.000428975      -3.90026    0.00668428  -0.000460722      0.999978       2.21165
     0.999966   -0.00467545   -0.00680736     -0.782823    0.00468136      0.999989   0.000852519      -3.95125     0.0068033  -0.000884357      0.999976       2.22353
     0.999967   -0.00461937    -0.0067222     -0.781876     0.0046241      0.999989   0.000687293      -3.90252    0.00671895  -0.000718354      0.999977       2.24322
     0.999964   -0.00477059   -0.00703938     -0.796642    0.00477679      0.999988   0.000863683      -3.90834    0.00703517  -0.000897277      0.999975       2.22441
