# 3dvolreg matrices (DICOM-to-DICOM, row-by-row):
     0.999969   -0.00705927    0.00335778      -1.07834    0.00696706      0.999619     0.0267225      0.896203   -0.00354514    -0.0266983      0.999637      -5.01867
     0.999968    -0.0071751    0.00365086      -1.06442    0.00707412      0.999611     0.0269601      0.897708   -0.00384289    -0.0269334       0.99963      -5.08769
     0.999966   -0.00745203    0.00353311        -1.106    0.00735067      0.999584     0.0278806      0.797748   -0.00373941    -0.0278536      0.999605      -5.10511
     0.999957   -0.00787042    0.00493042      -1.10959    0.00773428      0.999604     0.0270483       0.87233   -0.00514135     -0.027009      0.999622      -5.12608
     0.999951   -0.00833834     0.0053956      -1.18934     0.0081847      0.999577     0.0278976      0.753152   -0.00562594    -0.0278521      0.999596      -5.16199
      0.99995   -0.00817308    0.00568233      -1.19966    0.00801618        0.9996     0.0271075      0.874714   -0.00590161    -0.0270606      0.999616      -5.17239
     0.999949   -0.00822698    0.00578021      -1.20858    0.00806299       0.99958      0.027842      0.755488   -0.00600683     -0.027794      0.999596      -5.18794
     0.999952   -0.00770248    0.00603225      -1.15863    0.00754013      0.999621     0.0264883      0.938243   -0.00623398    -0.0264416      0.999631      -5.15163
     0.999949   -0.00754643    0.00670729      -1.18137    0.00737261      0.999646     0.0255721      0.878973   -0.00689789    -0.0255213       0.99965      -5.18154
     0.999971   -0.00717661    0.00252969      -1.04209    0.00710418      0.999595     0.0275626      0.859583   -0.00272647    -0.0275438      0.999617      -4.93017
     0.999972   -0.00713611    0.00219895      -1.04694    0.00707162      0.999581     0.0280557      0.866079   -0.00239824    -0.0280394      0.999604      -4.99075
     0.999971   -0.00714174    0.00252965      -1.03456    0.00706864      0.999588      0.027815      0.880733   -0.00272725    -0.0277963       0.99961      -4.99806
     0.999971    -0.0070428    0.00286452      -1.05695    0.00695928      0.999578      0.028193      0.815597   -0.00306187    -0.0281722      0.999598      -5.04008
     0.999972   -0.00700422    0.00275005      -1.04706    0.00692579      0.999596      0.027564       0.90903   -0.00294201    -0.0275442      0.999616      -5.01625
      0.99997   -0.00723057    0.00271384      -1.05304    0.00715431      0.999606     0.0271276      0.879007   -0.00290892    -0.0271073      0.999628      -5.03458
      0.99997   -0.00735225    0.00238839      -1.07941    0.00728319      0.999589     0.0277379      0.840494   -0.00259134    -0.0277197      0.999612      -5.02969
      0.99997   -0.00731108     0.0024792      -1.05038    0.00724104      0.999605     0.0271711      0.890669   -0.00267687    -0.0271524      0.999628      -5.03573
     0.999969   -0.00738606    0.00257712      -1.07299    0.00731355      0.999606     0.0270938      0.805151   -0.00277622    -0.0270741       0.99963      -5.00801
     0.999971   -0.00728041     0.0023671      -1.04836    0.00721533      0.999625     0.0264286      0.905883   -0.00255862    -0.0264107      0.999648      -5.04233
      0.99997   -0.00738713    0.00252978      -1.05986    0.00731532        0.9996     0.0273076      0.799867    -0.0027305    -0.0272883      0.999624      -5.05258
     0.999968   -0.00751704    0.00271647      -1.06829     0.0074426      0.999623     0.0264454      0.887941   -0.00291424    -0.0264244      0.999647      -5.05653
     0.999972   -0.00693922     0.0029446      -1.04699    0.00686065      0.999641     0.0259011      0.945756   -0.00312328    -0.0258801       0.99966      -5.03202
      0.99997   -0.00698896    0.00341926      -1.06951    0.00689683      0.999632     0.0262535      0.872808   -0.00360149    -0.0262291      0.999649      -5.06758
     0.999969   -0.00713504    0.00324248      -1.05474    0.00704603      0.999619     0.0266794      0.915277    -0.0034316    -0.0266557      0.999639      -5.07725
     0.999968    -0.0073107    0.00336091      -1.06283     0.0072191      0.999623     0.0265056      0.909269   -0.00355342    -0.0264805      0.999643       -5.1082
     0.999966   -0.00737614    0.00359142      -1.10169    0.00727592      0.999605     0.0271636      0.826551   -0.00379036    -0.0271366      0.999625      -5.13413
     0.999968   -0.00726417    0.00345454      -1.08129    0.00716927      0.999617      0.026733      0.937695   -0.00364741    -0.0267074      0.999637      -5.12659
     0.999968   -0.00725237    0.00336995      -1.07875    0.00715834      0.999606     0.0271224      0.814445   -0.00356532    -0.0270974      0.999626       -5.1235
     0.999969   -0.00708229    0.00354275      -1.08341    0.00698207      0.999596     0.0275447      0.862047   -0.00373639    -0.0275191      0.999614      -5.10308
     0.999969   -0.00714595    0.00339573      -1.07096     0.0070515      0.999609     0.0270561      0.860097   -0.00358774    -0.0270313      0.999628      -5.14125
     0.999972   -0.00705591    0.00255568       -1.0678    0.00698029       0.99957     0.0284801      0.796275   -0.00275553    -0.0284614      0.999591      -5.09381
     0.999971    -0.0071838     0.0026669      -1.02552    0.00710732      0.999592     0.0276555      0.917035   -0.00286448    -0.0276357      0.999614      -5.11139
     0.999968   -0.00750825    0.00266473      -1.08322    0.00743058      0.999579     0.0280499      0.763547   -0.00287421    -0.0280292      0.999603      -5.14963
     0.999968    -0.0074978    0.00263038      -1.05665    0.00742218       0.99959     0.0276688      0.853973   -0.00283675    -0.0276485      0.999614      -5.18806
     0.999968   -0.00754612    0.00275115      -1.07821    0.00746483      0.999567     0.0284483      0.761068   -0.00296464    -0.0284268      0.999591      -5.20928
     0.999969   -0.00755109    0.00205408      -1.05202     0.0074899      0.999571      0.028323      0.895304   -0.00226707    -0.0283067      0.999597      -5.22817
     0.999968     -0.007636    0.00237552      -1.09218    0.00756554      0.999569     0.0283755      0.803398   -0.00259117    -0.0283566      0.999595      -5.26435
     0.999969   -0.00745664    0.00234736      -1.05611    0.00739037      0.999606     0.0270769      0.935218   -0.00254834    -0.0270588      0.999631      -5.22464
      0.99997   -0.00726095    0.00260464      -1.06622    0.00718711      0.999601     0.0273199      0.861047   -0.00280197    -0.0273004      0.999623      -5.25766
     0.999974   -0.00672907    0.00272461      -1.05568    0.00665011      0.999585     0.0280183      0.845521   -0.00291201    -0.0279995      0.999604      -5.24481
     0.999974   -0.00674129    0.00243631      -1.01629    0.00667154      0.999597     0.0275843       0.91575   -0.00262128    -0.0275674      0.999617      -5.24365
     0.999973   -0.00677677    0.00288947      -1.05441    0.00669179      0.999572     0.0284696      0.770042   -0.00308116    -0.0284495       0.99959      -5.28337
     0.999976   -0.00691432   0.000846481     -0.952782    0.00688906      0.999615     0.0268923      0.948357    -0.0010321    -0.0268858      0.999638      -4.97993
     0.999963   -0.00813105     0.0029687      -1.08632    0.00806084      0.999704     0.0229415       1.02605   -0.00315436    -0.0229167      0.999732      -4.33073
     0.999972    -0.0066383    0.00350163      -1.07691    0.00653733      0.999584     0.0280989      0.958508    -0.0036867    -0.0280752      0.999599      -5.23264
     0.999974   -0.00662247    0.00284547      -1.05477    0.00653195      0.999507     0.0307251      0.648062   -0.00304754    -0.0307057      0.999524      -5.57449
     0.999966   -0.00766861    0.00316532      -1.06396    0.00758494      0.999642     0.0256483      0.915471   -0.00336087    -0.0256234      0.999666      -4.98256
      0.99996   -0.00822078    0.00338623      -1.13701    0.00812857      0.999618     0.0263988      0.784459   -0.00360195    -0.0263702      0.999646      -5.00055
     0.999959   -0.00816338    0.00393063      -1.16259     0.0080549      0.999607      0.026865      0.887228    -0.0041484    -0.0268322      0.999631      -5.18955
     0.999958   -0.00835445    0.00387851      -1.14928    0.00824263      0.999574     0.0280031      0.760526   -0.00411081      -0.02797        0.9996      -5.25311
     0.999957    -0.0083804    0.00395577      -1.15788    0.00827031      0.999599     0.0270706      0.872527   -0.00418104    -0.0270368      0.999626      -5.27568
     0.999955   -0.00848651    0.00430437      -1.19302    0.00836311      0.999575     0.0279199        0.7645   -0.00453949    -0.0278827      0.999601      -5.33487
     0.999955     -0.008418    0.00444051      -1.18684    0.00829319       0.99959     0.0274123      0.878142   -0.00466945    -0.0273742      0.999614      -5.36742
     0.999971   -0.00690623    0.00321104      -1.06792    0.00681878      0.999626     0.0264881      0.861765   -0.00339277    -0.0264654      0.999644      -4.94116
     0.999972   -0.00678352    0.00303401      -1.04317    0.00669859      0.999608     0.0271772      0.914395   -0.00321718    -0.0271562      0.999626      -4.93094
      0.99997   -0.00711682    0.00320489      -1.05715    0.00702854      0.999617     0.0267619      0.884914   -0.00339412    -0.0267385      0.999637      -5.01923
      0.99997   -0.00704801    0.00312971      -1.06743    0.00696152      0.999616      0.026835      0.862132   -0.00331764    -0.0268124      0.999635      -4.98621
      0.99997   -0.00703377    0.00335524      -1.07612    0.00694043       0.99961      0.027064      0.878727   -0.00354429    -0.0270398      0.999628      -5.04715
     0.999967   -0.00735489    0.00330966      -1.09314    0.00725986      0.999585     0.0278622      0.815185   -0.00351321    -0.0278372      0.999606      -5.09926
     0.999969   -0.00722602    0.00318874      -1.07849    0.00713436      0.999586     0.0278783      0.892259   -0.00338887    -0.0278547      0.999606      -5.15272
     0.999969   -0.00727214    0.00310762       -1.0688    0.00718509      0.999605     0.0271597      0.831988    -0.0033039    -0.0271365      0.999626      -5.12395
      0.99997   -0.00733569    0.00261827      -1.05673    0.00726374      0.999622     0.0265074      0.908844   -0.00281173    -0.0264876      0.999645      -5.11861
     0.999969   -0.00736812    0.00283199      -1.09356    0.00728919      0.999611     0.0269356       0.78809   -0.00302935    -0.0269141      0.999633      -5.16698
     0.999969   -0.00739707    0.00259147       -1.0642    0.00732714      0.999634      0.026028      0.920508   -0.00278305    -0.0260082      0.999658      -5.17996
     0.999965   -0.00788106    0.00271458      -1.10495    0.00780664      0.999621     0.0264142      0.774827   -0.00292173     -0.026392      0.999647      -5.21737
     0.999967   -0.00757663    0.00293542      -1.07565    0.00749909      0.999645     0.0255819      0.942079    -0.0031282     -0.025559      0.999668       -5.2278
     0.999966   -0.00755506      0.003224      -1.09714    0.00746842      0.999632     0.0260886      0.808421   -0.00341991    -0.0260636      0.999654      -5.24142
     0.999968   -0.00732175    0.00315489      -1.06809    0.00724009      0.999657     0.0251601       1.00167   -0.00333802    -0.0251365      0.999678      -5.26574
     0.999965   -0.00755055    0.00363466      -1.11813    0.00745018      0.999611     0.0268783      0.802534   -0.00383619    -0.0268503      0.999632      -4.93724
     0.999967   -0.00731899    0.00339179      -1.07283     0.0072278      0.999632     0.0261615       1.00701   -0.00358201    -0.0261361      0.999652      -4.92078
     0.999966   -0.00759089    0.00326668      -1.10775    0.00750136      0.999618     0.0265961      0.831498   -0.00346732    -0.0265707      0.999641      -4.99629
     0.999967   -0.00756819    0.00294805      -1.09065    0.00748699      0.999617     0.0266431      0.889854   -0.00314856    -0.0266202      0.999641      -4.96025
     0.999966    -0.0076339    0.00303211      -1.08865    0.00755198      0.999629     0.0261671      0.913277   -0.00323074    -0.0261433      0.999653       -4.9874
     0.999965   -0.00747538    0.00374093      -1.10957    0.00737038      0.999599     0.0273352      0.801163   -0.00394377    -0.0273067      0.999619      -4.99767
     0.999965   -0.00761669    0.00334984      -1.09074    0.00752416      0.999612     0.0268167      0.936047   -0.00355279    -0.0267906      0.999635      -5.03832
     0.999964   -0.00794049    0.00312398       -1.1257    0.00785264      0.999599     0.0271935      0.825926   -0.00333866     -0.027168      0.999625      -5.03833
     0.999969   -0.00752703    0.00221545      -1.06056    0.00746442      0.999607     0.0270301      0.968593   -0.00241803    -0.0270127      0.999632      -5.12105
     0.999968    -0.0076459    0.00244303      -1.08853    0.00757836      0.999619     0.0265552      0.818628   -0.00264514    -0.0265359      0.999644      -5.07834
     0.999966   -0.00787191    0.00234421      -1.09067    0.00780905      0.999639     0.0257152      0.924045   -0.00254579     -0.025696      0.999667      -5.11545
     0.999968   -0.00773909    0.00216735      -1.08343    0.00767855      0.999615     0.0266723      0.836322   -0.00237293    -0.0266548      0.999642      -5.12768
     0.999965   -0.00795823    0.00238316      -1.10519    0.00789298      0.999624     0.0262405      0.873859   -0.00259109    -0.0262208      0.999653      -5.15999
     0.999964     -0.008143    0.00237128      -1.09252    0.00807707      0.999614      0.026596        0.8286   -0.00258694    -0.0265759      0.999643      -5.17518
     0.999964   -0.00809808    0.00269613      -1.11802    0.00802448      0.999623     0.0262736      0.865428   -0.00290788     -0.026251      0.999651      -5.17802
     0.999966   -0.00790505     0.0024033      -1.09769    0.00784036      0.999636     0.0258298      0.934818   -0.00260661      -0.02581      0.999663      -5.13989
     0.999963   -0.00798865     0.0031868      -1.09567    0.00790432       0.99964       0.02565      0.861329   -0.00339056    -0.0256238      0.999666      -5.14609
     0.999964   -0.00822381    0.00224949      -1.09659    0.00816304      0.999634     0.0258067      0.919769   -0.00246089    -0.0257874      0.999664      -5.18431
     0.999963   -0.00817336    0.00249426       -1.1202    0.00810644      0.999635     0.0257555      0.848745   -0.00270386    -0.0257343      0.999665      -5.19617
     0.999965   -0.00806702    0.00234314      -1.09534    0.00800443       0.99964     0.0255924      0.892493   -0.00254875    -0.0255727       0.99967      -5.17913
     0.999966   -0.00780739    0.00271537      -1.10375    0.00773151      0.999608     0.0269118      0.798136   -0.00292442    -0.0268899      0.999634      -5.13597
     0.999967   -0.00768156    0.00282518      -1.08876    0.00760251      0.999606     0.0270026      0.862114   -0.00303149    -0.0269802      0.999631       -5.1353
     0.999965   -0.00794813    0.00253438      -1.08708    0.00787679      0.999604     0.0270138      0.876856   -0.00274809    -0.0269929      0.999632      -5.16893
     0.999964    -0.0081418    0.00251651      -1.11147    0.00807065        0.9996     0.0270942      0.794121    -0.0027361    -0.0270729       0.99963      -5.14742
     0.999963   -0.00818355    0.00252394      -1.09981    0.00811611      0.999638     0.0256637      0.923858   -0.00273305    -0.0256422      0.999667      -5.14623
     0.999962   -0.00824266    0.00270474      -1.11387    0.00816974       0.99963     0.0259445      0.852624   -0.00291759    -0.0259215       0.99966      -5.17542
     0.999963   -0.00824372    0.00252062      -1.11493    0.00817628      0.999637     0.0256896      0.868089   -0.00273148     -0.025668      0.999667      -5.16855
     0.999961   -0.00849513    0.00254534      -1.12643    0.00842767      0.999641     0.0254353      0.852491    -0.0027605    -0.0254128      0.999673      -5.19834
      0.99996   -0.00841591    0.00292675      -1.14277    0.00833905      0.999644      0.025348      0.825903   -0.00313904    -0.0253225      0.999674      -5.16748
     0.999962   -0.00830022    0.00280851      -1.13287    0.00822878      0.999665     0.0245565      0.935611   -0.00301139    -0.0245325      0.999694      -5.17403
     0.999962   -0.00831745    0.00254569      -1.13262     0.0082497      0.999639     0.0255573      0.826283   -0.00275735    -0.0255354       0.99967      -5.15605
     0.999962   -0.00829458    0.00251497      -1.12702    0.00822866      0.999649     0.0251737      0.969972    -0.0027229    -0.0251521       0.99968       -5.2553
     0.999966   -0.00748171    0.00334108      -1.09293    0.00738919      0.999611     0.0268933      0.790698   -0.00354099    -0.0268677      0.999633       -4.9156
     0.999968   -0.00712518    0.00349774      -1.06216    0.00702692      0.999601     0.0273435      0.971036   -0.00369117     -0.027318       0.99962      -4.95795
     0.999966   -0.00739672    0.00366507      -1.09254    0.00729495      0.999608     0.0270425      0.855935   -0.00386366    -0.0270149      0.999628      -4.97979
     0.999968   -0.00725266    0.00331341      -1.08361    0.00715878      0.999596     0.0275166      0.950692   -0.00351164     -0.027492      0.999616      -4.99149
     0.999966   -0.00746368     0.0034244      -1.09335    0.00736571      0.999587     0.0277818      0.833779   -0.00363034    -0.0277556      0.999608      -4.95787
     0.999966   -0.00765993    0.00314998      -1.10262    0.00757356      0.999618     0.0265724      0.932069   -0.00335232    -0.0265476      0.999642      -4.97863
     0.999972   -0.00708881    0.00251701      -1.08309    0.00701622       0.99959     0.0277621      0.888149   -0.00271278    -0.0277437      0.999611      -4.99892
     0.999969   -0.00731693    0.00301748      -1.06878    0.00723272      0.999608     0.0270304       0.89842   -0.00321408    -0.0270077       0.99963      -4.95739
     0.999969   -0.00739923    0.00286134      -1.08059    0.00732156      0.999628     0.0262635        0.9477   -0.00305461    -0.0262417      0.999651      -4.99291
     0.999968   -0.00729226    0.00333358      -1.09706    0.00719882      0.999603     0.0272314      0.817271   -0.00353084    -0.0272065      0.999624      -4.97478
     0.999967   -0.00731654    0.00344891      -1.07811    0.00722427      0.999635     0.0260453      0.981174   -0.00363821    -0.0260196      0.999655      -4.94673
     0.999967   -0.00712077    0.00391589      -1.08087    0.00701395       0.99962     0.0266476      0.872072   -0.00410415    -0.0266193      0.999637      -4.95578
     0.999971    -0.0064864    0.00393874      -1.06055    0.00637925      0.999625     0.0266318      0.929819   -0.00411001    -0.0266059      0.999638      -4.84821
     0.999971   -0.00648326    0.00410517      -1.05529    0.00637418       0.99964     0.0260491      0.924894   -0.00427258    -0.0260221      0.999652      -4.92851
     0.999973   -0.00651041    0.00353563       -1.0304    0.00641455      0.999629     0.0264793      0.898878   -0.00370671    -0.0264559      0.999643      -4.80868
     0.999978   -0.00637514    0.00179454     -0.946451    0.00631907      0.999539     0.0296828      0.874848   -0.00198294    -0.0296708      0.999558      -4.57631
     0.999966   -0.00768959     0.0029604      -1.13123    0.00760166      0.999561     0.0286498       0.81191    -0.0031794    -0.0286263      0.999585      -5.22132
     0.999967   -0.00750463      0.003197      -1.10155    0.00741752      0.999623     0.0264397      0.936936   -0.00339421    -0.0264151      0.999645      -5.27886
     0.999968   -0.00765524    0.00234938      -1.07933    0.00758918      0.999608     0.0269481       0.81436   -0.00255475    -0.0269294      0.999634      -5.27205
     0.999966   -0.00811239    0.00170699      -1.04649    0.00806637      0.999644     0.0254307      0.960056   -0.00191269    -0.0254161      0.999675      -5.38913
     0.999969   -0.00685029    0.00381891      -1.08711    0.00674203      0.999594     0.0276752      0.830454   -0.00400694    -0.0276486       0.99961      -4.97679
     0.999965   -0.00710682    0.00450408      -1.05254    0.00698374      0.999617     0.0267781      0.970341   -0.00469266    -0.0267457      0.999631      -4.85509
     0.999963    -0.0075183    0.00416914      -1.13886    0.00740777      0.999637     0.0259213      0.941854   -0.00436251    -0.0258895      0.999655      -4.96289
     0.999964   -0.00747592    0.00410372      -1.14621    0.00736425      0.999619     0.0265842      0.841236    -0.0043009     -0.026553      0.999638      -5.05584
     0.999963   -0.00731463    0.00442409      -1.00191    0.00720961      0.999702     0.0233042      0.969504   -0.00459324    -0.0232714      0.999719      -3.84625
     0.999965   -0.00712164    0.00444661       -1.1097     0.0070025      0.999631     0.0262571       1.00583   -0.00463196     -0.026225      0.999645      -4.89836
     0.999967   -0.00676019    0.00449899      -1.13163    0.00662703      0.999558     0.0289802      0.823057   -0.00469292    -0.0289494       0.99957      -5.55003
     0.999968   -0.00741082    0.00317399      -1.09547    0.00732447      0.999625     0.0264037      0.893172   -0.00336847    -0.0263796      0.999646      -4.90269
     0.999963   -0.00807344    0.00289903      -1.11972    0.00799707      0.999644     0.0254545      0.955921   -0.00310351    -0.0254304      0.999672      -4.91408
     0.999962   -0.00823494    0.00283191      -1.11634    0.00816366      0.999671     0.0243249      0.950189    -0.0030313    -0.0243008        0.9997       -4.9677
     0.999963   -0.00803078    0.00317373      -1.13754    0.00795035      0.999666     0.0245897      0.911754   -0.00337015    -0.0245635      0.999693      -5.00881
     0.999965   -0.00757558    0.00342946      -1.11907    0.00748212      0.999621     0.0264913      0.835814   -0.00362884    -0.0264647      0.999643      -5.05813
     0.999964   -0.00759203    0.00383614      -1.11755    0.00748547      0.999606     0.0270677      0.906494   -0.00404012     -0.027038      0.999626       -5.1484
     0.999963   -0.00767987    0.00393135      -1.11171    0.00756479      0.999565     0.0284949      0.789361   -0.00414848    -0.0284641      0.999586      -5.21089
      0.99996   -0.00808074    0.00382801      -1.12983     0.0079734      0.999596     0.0272702      0.897513   -0.00404683    -0.0272386      0.999621      -5.24409
     0.999959   -0.00825816    0.00374677      -1.15485    0.00815196      0.999588      0.027526      0.773067   -0.00397254    -0.0274943      0.999614      -5.26539
     0.999959   -0.00829305    0.00351025      -1.14687    0.00819652      0.999611     0.0266727      0.889256   -0.00373008    -0.0266429      0.999638      -5.25465
     0.999959   -0.00824272     0.0037487      -1.14763    0.00813872      0.999603     0.0269583      0.785948   -0.00396943    -0.0269266       0.99963       -5.2787
     0.999958   -0.00832701    0.00388593      -1.14833    0.00821881        0.9996     0.0270762      0.831189   -0.00410984    -0.0270431      0.999626      -5.33303
      0.99996   -0.00816523    0.00359223      -1.09885    0.00807229      0.999651      0.025168      0.889908   -0.00379647     -0.025138      0.999677       -4.8306
     0.999971   -0.00745462    0.00162467      -1.00903    0.00741393       0.99969     0.0237595        1.0381   -0.00180129    -0.0237468      0.999716      -4.54475
     0.999969   -0.00750107    0.00217829      -1.09739    0.00744162      0.999631     0.0261239      0.874341   -0.00237344    -0.0261069      0.999656      -4.88388
     0.999968   -0.00764545     0.0022612      -1.07444    0.00758385      0.999631     0.0260983      0.956984    -0.0024599    -0.0260804      0.999657      -5.04161
     0.999965   -0.00797613    0.00257637      -1.12262    0.00790481      0.999615     0.0265964      0.811144   -0.00278751    -0.0265751      0.999643      -5.09567
     0.999966   -0.00790424    0.00243267      -1.06998    0.00784044      0.999652     0.0252028      0.987668   -0.00263103    -0.0251828      0.999679       -5.0932
     0.999964   -0.00808182     0.0026466      -1.12052     0.0080109      0.999635      0.025791      0.813349   -0.00285407    -0.0257689      0.999664      -5.13027
     0.999965   -0.00788134    0.00276578      -1.10402    0.00780805      0.999642      0.025578      0.951641   -0.00296638    -0.0255555      0.999669      -5.14015
     0.999962   -0.00806821    0.00322363      -1.13649    0.00798015      0.999618     0.0264546      0.836604   -0.00343584    -0.0264279      0.999645      -5.19767
     0.999962   -0.00815642    0.00317231      -1.12017     0.0080674      0.999599     0.0271292      0.871771   -0.00339232    -0.0271026      0.999627      -5.15622
     0.999957   -0.00878605    0.00285398      -1.14209    0.00871012      0.999634     0.0256079       0.88619   -0.00307793     -0.025582      0.999668      -5.20529
     0.999954   -0.00896787     0.0034504      -1.15916    0.00887231      0.999602       0.02678      0.857373   -0.00368919    -0.0267482      0.999635      -5.32031
     0.999971   -0.00650401     0.0039348      -1.06905    0.00638918      0.999573     0.0285249      0.854395   -0.00411865     -0.028499      0.999585      -5.08443
     0.999979   -0.00581532     0.0026957     -0.976303    0.00574037      0.999618     0.0270243       1.03088   -0.00285183    -0.0270083      0.999631      -5.04055
     0.999982   -0.00594924   0.000758446      -0.96473    0.00592778      0.999652     0.0257045       1.03808  -0.000911104    -0.0256996      0.999669      -5.00498
     0.999983   -0.00565433    0.00129251     -0.921384    0.00562003      0.999668     0.0251588      0.989392   -0.00143434    -0.0251511      0.999683      -5.04131
     0.999986   -0.00498275     0.0016769     -0.917463    0.00493836      0.999662      0.025507      0.867904   -0.00180343    -0.0254984      0.999673      -5.04832
     0.999989   -0.00406154    0.00233152     -0.863448    0.00400127      0.999672     0.0252968       1.00709    -0.0024335    -0.0252872      0.999677        -4.944
     0.999962   -0.00780538    0.00396423      -1.11782    0.00769718      0.999616     0.0266116       0.85342   -0.00417042    -0.0265801      0.999638      -4.99399
     0.999954   -0.00875009    0.00385556      -1.16409    0.00864147      0.999589     0.0273401      0.835128   -0.00409321    -0.0273056      0.999619      -4.95443
      0.99996   -0.00829414    0.00322265      -1.14283    0.00820004      0.999569     0.0281929       0.85767    -0.0034551    -0.0281654      0.999597      -4.93053
     0.999957   -0.00891425    0.00249633      -1.13745    0.00883645      0.999522     0.0296136      0.761208   -0.00275912    -0.0295902      0.999558      -4.86947
     0.999956   -0.00888165    0.00303563      -1.18943    0.00879258      0.999564     0.0281928      0.882148    -0.0032847    -0.0281649      0.999598      -4.94375
      0.99996   -0.00840584    0.00313656      -1.17315    0.00831214      0.999551     0.0287759      0.763606   -0.00337704    -0.0287487      0.999581      -4.98861
      0.99996   -0.00836348    0.00305238      -1.13901    0.00827515      0.999577     0.0278857      0.863914   -0.00328431    -0.0278593      0.999606      -4.97285
     0.999962    -0.0082127    0.00277434      -1.15079    0.00812855      0.999544     0.0290888        0.7848   -0.00301197    -0.0290652      0.999573      -5.06536
     0.999961   -0.00845039    0.00239382      -1.10756    0.00837775      0.999548     0.0288828      0.840618   -0.00263681    -0.0288616       0.99958      -5.07097
     0.999963    -0.0083497    0.00206799      -1.10673     0.0082877      0.999563     0.0283687      0.842507   -0.00230396    -0.0283505      0.999595      -5.09088
     0.999964   -0.00799509    0.00280465      -1.11029     0.0079143      0.999584     0.0277233      0.873629   -0.00302514    -0.0277001      0.999612      -5.02941
     0.999963   -0.00797988    0.00305637      -1.12762    0.00789274       0.99959     0.0275336      0.878455   -0.00327483    -0.0275085      0.999616      -5.05183
     0.999965   -0.00804565    0.00241958      -1.11822    0.00797761      0.999606      0.026925      0.898064   -0.00263525    -0.0269048      0.999635      -5.07089
     0.999966   -0.00788656    0.00258278      -1.08837    0.00781542      0.999619     0.0264836      0.863939   -0.00279066    -0.0264625      0.999646      -5.01933
     0.999964   -0.00791394     0.0030132      -1.10545    0.00782686       0.99958     0.0278917      0.853678   -0.00323266    -0.0278671      0.999606      -5.03696
     0.999964   -0.00781122    0.00335939      -1.12105    0.00771071      0.999551     0.0289586      0.749348   -0.00358409    -0.0289316      0.999575      -5.07619
     0.999968   -0.00736676    0.00325286      -1.08145    0.00727275      0.999581     0.0280234      0.931112   -0.00345794    -0.0279988      0.999602      -4.99749
     0.999966   -0.00750417    0.00339555      -1.09828    0.00740567      0.999576     0.0281466      0.814682   -0.00360532    -0.0281205      0.999598      -5.05192
     0.999963   -0.00803392    0.00319915       -1.0865    0.00793894      0.999557     0.0286705       0.88865   -0.00342807    -0.0286441      0.999584      -5.10487
     0.999955   -0.00896232     0.0029706      -1.14482    0.00887957      0.999602      0.026789      0.878605   -0.00320951    -0.0267614      0.999637      -5.05195
     0.999963    -0.0082134    0.00242514       -1.1565     0.0081464      0.999617     0.0264549      0.903756    -0.0026415    -0.0264342      0.999647      -5.09609
     0.999965   -0.00803255    0.00247175      -1.10133    0.00796047      0.999579     0.0279087      0.739444   -0.00269489     -0.027888      0.999607      -5.11678
