# 3dvolreg matrices (DICOM-to-DICOM, row-by-row):
            1   0.000116144  -1.96812e-05   -0.00986766  -0.000116161             1  -0.000870265     0.0358867   1.95801e-05   0.000870267             1     0.0570871
            1   0.000183166   7.96829e-05   -0.00703241  -0.000183083      0.999999   -0.00104542     0.0778652  -7.98743e-05     0.0010454      0.999999      0.011294
            1   1.01537e-10  -1.10528e-11  -3.40829e-09  -1.01537e-10             1   1.34335e-10    2.0817e-09   1.10528e-11  -1.34335e-10             1   1.56913e-08
            1  -7.13856e-05  -0.000390353    -0.0235124   7.15008e-05             1   0.000295029    -0.0296624   0.000390332  -0.000295057             1    -0.0333069
            1  -0.000180718   -0.00070546    0.00549511    0.00018038             1  -0.000478393     0.0807648   0.000705547   0.000478265             1    0.00476015
            1   9.24669e-06  -1.50381e-05    -0.0306661  -9.24928e-06             1  -0.000172044    -0.0315091   1.50365e-05   0.000172044             1     0.0174247
            1  -5.13872e-05   2.15247e-05     0.0208097   5.13854e-05             1   8.36905e-05     0.0664705   -2.1529e-05  -8.36894e-05             1      0.257951
            1  -8.79169e-05   1.74289e-05      -0.03454    8.7905e-05             1   0.000683913    -0.0123919   -1.7489e-05  -0.000683911             1      0.160609
            1  -0.000114558  -0.000270018     -0.034255   0.000114833      0.999999    0.00101576    -0.0202499   0.000269902   -0.00101579      0.999999      0.121823
            1  -1.71512e-05  -0.000267675   -0.00811585   1.74183e-05             1    0.00099775     0.0157254   0.000267658  -0.000997755      0.999999     0.0790169
            1  -0.000137639  -0.000441226   -0.00430198   0.000138305      0.999999    0.00151022    -0.0451505   0.000441017   -0.00151028      0.999999      0.105457
            1  -0.000334281  -0.000366039    -0.0104863   0.000334985      0.999998    0.00192677     0.0290787   0.000365394    -0.0019269      0.999998       0.13033
            1  -0.000315832  -0.000431974    -0.0445555   0.000316771      0.999998    0.00217627    -0.0670185   0.000431285   -0.00217641      0.999998      0.131256
            1   -0.00016446  -0.000430577    -0.0102696   0.000165278      0.999998    0.00190237     0.0319956   0.000430263   -0.00190244      0.999998      0.129196
            1  -0.000216265  -0.000264193    -0.0276001   0.000216876      0.999997    0.00231365    -0.0820728   0.000263691    -0.0023137      0.999997       0.13655
            1  -0.000135458  -8.25393e-05    -0.0173895   0.000135657      0.999997    0.00241493    -0.0242543   8.22119e-05   -0.00241494      0.999997      0.177868
            1  -0.000338768  -0.000131057    -0.0326417    0.00033911      0.999997    0.00261646    -0.0924631    0.00013017    -0.0026165      0.999997      0.133289
            1  -1.63749e-05  -0.000406736    -0.0190293   1.59625e-05      0.999999   -0.00101391     0.0189713   0.000406752     0.0010139      0.999999     0.0198646
            1   0.000168385  -0.000481278      0.015304  -0.000169167      0.999999   -0.00162465      0.102306   0.000481004    0.00162474      0.999999      -0.01809
            1  -0.000106791  -0.000244128    -0.0171838     0.0001067             1  -0.000370555    -0.0420087   0.000244168   0.000370529             1   -0.00694589
            1   0.000131008  -0.000246538   -0.00499432  -0.000131277      0.999999   -0.00109124       0.11414   0.000246395    0.00109127      0.999999    -0.0353898
            1   8.29344e-05  -0.000218318    -0.0245636  -8.31149e-05             1  -0.000827267    -0.0161262    0.00021825   0.000827285             1    -0.0684894
            1   0.000172082  -2.69984e-05  -0.000558827  -0.000172129      0.999998   -0.00173158      0.148497   2.67004e-05    0.00173158      0.999999     -0.068227
            1   0.000273418    0.00025576   -0.00612299   -0.00027291      0.999998   -0.00198177     0.0408494  -0.000256301     0.0019817      0.999998    -0.0684708
            1    0.00031913   2.11788e-05    0.00103872  -0.000319072      0.999996    -0.0026823      0.150189  -2.20347e-05    0.00268229      0.999996    -0.0244884
            1   0.000142728   0.000160167  -0.000799712  -0.000142344      0.999997   -0.00239301     0.0783358  -0.000160508    0.00239299      0.999997    -0.0723432
            1   0.000118906    0.00041655     -0.029192   -0.00011792      0.999997   -0.00236607     0.0411635   -0.00041683    0.00236602      0.999997    -0.0450962
            1   0.000276306     0.0005054    -0.0142742  -0.000275275      0.999998   -0.00203887      0.129424  -0.000505963    0.00203873      0.999998    -0.0698318
            1   5.51951e-05   0.000637399    -0.0360028  -5.46353e-05             1  -0.000878272    -0.0267793  -0.000637447   0.000878237      0.999999    -0.0956366
            1   0.000292875   0.000785023   -0.00823345  -0.000291577      0.999999   -0.00165333      0.133299  -0.000785507     0.0016531      0.999998    -0.0807512
            1   0.000210317    0.00075066    -0.0233658  -0.000209185      0.999999   -0.00150692     0.0399952  -0.000750976    0.00150676      0.999999     -0.111263
            1   0.000133903   0.000990321     -0.039982   -0.00013308             1  -0.000831146     0.0228971  -0.000990432   0.000831014      0.999999     -0.098275
     0.999999   0.000172116    0.00110744    -0.0404422  -0.000170386      0.999999    -0.0015616     0.0757918   -0.00110771    0.00156141      0.999998     -0.106148
            1  -8.41996e-05   0.000881521  -0.000640577   8.52244e-05      0.999999   -0.00116261     -0.025805  -0.000881422    0.00116268      0.999999     -0.139027
            1  -0.000167813   0.000762036    -0.0371909   0.000168646      0.999999   -0.00109229     0.0755014  -0.000761852    0.00109242      0.999999     -0.169124
     0.999999   -0.00035842     0.0010874    -0.0664642   0.000358944             1  -0.000482458    -0.0454292   -0.00108723   0.000482848      0.999999     -0.149158
     0.999999  -0.000193647    0.00115236    -0.0478106   0.000195097      0.999999   -0.00125869      0.097031   -0.00115211    0.00125891      0.999999     -0.179686
     0.999999  -9.68513e-05    0.00147286    -0.0817818   9.83588e-05      0.999999   -0.00102352  -0.000649678   -0.00147276    0.00102366      0.999998     -0.169772
     0.999998   0.000356268    0.00192259    -0.0492925   -0.00035156      0.999997   -0.00244852      0.202476   -0.00192345    0.00244784      0.999995      -0.20277
            1   1.79093e-05  -0.000201119    -0.0144447  -1.81354e-05      0.999999    -0.0011239    -0.0132252   0.000201099     0.0011239      0.999999      0.137331
            1   9.11508e-05  -0.000563741    0.00453172   -9.1431e-05             1  -0.000497109      0.117952   0.000563696   0.000497161             1      0.195708
            1   2.87738e-05  -0.000284658    -0.0194629  -2.87488e-05             1   8.78998e-05    -0.0331101    0.00028466  -8.78916e-05             1      0.114629
            1   6.13151e-06  -0.000399597    0.00331358   -6.3213e-06             1  -0.000474958      0.116784   0.000399594   0.000474961             1      0.155566
            1  -4.66365e-05  -0.000417647    -0.0163323   4.65401e-05             1  -0.000230922     0.0191403   0.000417658   0.000230903             1      0.122819
            1  -2.74116e-05  -0.000288617    -0.0236661   2.74459e-05             1   0.000118723    0.00481843   0.000288613  -0.000118731             1      0.157302
            1  -0.000106977  -0.000187041  -0.000730033   0.000106808             1  -0.000904552     0.0886721   0.000187138   0.000904532             1      0.180927
            1  -0.000191526  -0.000178139    -0.0313711    0.00019153             1   2.26767e-05    -0.0650196   0.000178134  -2.27108e-05             1      0.151966
            1  -0.000154554  -0.000508172    -0.0207835   0.000154068             1  -0.000955812      0.142925   0.000508319   0.000955733      0.999999     0.0888887
     0.999999    0.00100475  -0.000534068     0.0355961   -0.00100744      0.999987   -0.00506263     0.0681841   0.000528974    0.00506317      0.999987      0.221192
     0.999999   0.000962606   0.000831541    -0.0464197  -0.000964828      0.999996    0.00267635    -0.0128785  -0.000828962   -0.00267716      0.999996     0.0307813
            1   0.000857815   0.000143616   -0.00014934  -0.000857795             1  -0.000136277     0.0447078  -0.000143733   0.000136154             1      0.162672
     0.999999   0.000945857  -0.000351227     0.0555104  -0.000946605      0.999997   -0.00213587      0.129442   0.000349206     0.0021362      0.999998      0.191681
     0.999999   0.000842483  -0.000748472     0.0455691  -0.000843175      0.999999  -0.000925978      0.115502   0.000747691   0.000926609      0.999999     0.0877526
     0.999999   0.000830829  -0.000945053     0.0509735  -0.000831755      0.999999  -0.000979604     0.0879966   0.000944238   0.000980389      0.999999      0.018199
     0.999999    0.00079818   -0.00125968      0.050938  -0.000799578      0.999999   -0.00110968      0.108028    0.00125879    0.00111069      0.999999    -0.0249599
     0.999999   0.000991656   -0.00140144     0.0692178  -0.000992627      0.999999  -0.000692377        0.1179    0.00140075   0.000693767      0.999999    -0.0340708
     0.999998    0.00078081   -0.00156292      0.063654  -0.000781939      0.999999  -0.000721625      0.109818    0.00156235   0.000722846      0.999999    -0.0254331
     0.999999   0.000470718   -0.00139356     0.0459944  -0.000472699      0.999999   -0.00142151      0.150145    0.00139289    0.00142216      0.999998    -0.0439836
     0.999999   0.000343351   -0.00146141     0.0420056  -0.000343902             1  -0.000377273     0.0364726    0.00146128   0.000377776      0.999999    -0.0762198
     0.999999   0.000397952    -0.0015756     0.0306919   -0.00040097      0.999998   -0.00191562      0.110287    0.00157483    0.00191625      0.999997     -0.105583
     0.999998    0.00042861   -0.00175801     0.0477111  -0.000431243      0.999999   -0.00149762     0.0436884    0.00175736    0.00149838      0.999997      -0.10519
     0.999998   0.000547731   -0.00176089     0.0582058  -0.000550274      0.999999   -0.00144401     0.0916238    0.00176009    0.00144498      0.999997     -0.150837
     0.999998   0.000620905   -0.00181323     0.0620008  -0.000622799      0.999999   -0.00104398   -0.00065103    0.00181258    0.00104511      0.999998     -0.145751
     0.999998    0.00054355   -0.00169506     0.0785959  -0.000546531      0.999998   -0.00175821      0.113296     0.0016941    0.00175913      0.999997     -0.141485
     0.999999   0.000546389   -0.00147228     0.0637102  -0.000549546      0.999998   -0.00214457     0.0531429    0.00147111    0.00214538      0.999997    -0.0542615
     0.999999   0.000499128   -0.00165603     0.0693031  -0.000502619      0.999998   -0.00210822       0.14451    0.00165497    0.00210905      0.999996     -0.107449
     0.999999   0.000731168   -0.00153162     0.0538682  -0.000733745      0.999998   -0.00168236   -0.00214627    0.00153038    0.00168348      0.999997     -0.104037
     0.999998   0.000542585    -0.0016755     0.0646118  -0.000545724      0.999998   -0.00187392      0.119391    0.00167448    0.00187483      0.999997    -0.0772815
     0.999999   0.000425863   -0.00129654      0.039537  -0.000428465      0.999998   -0.00200769     0.0435056    0.00129569    0.00200824      0.999997     -0.133512
     0.999999   0.000430936   -0.00121653     0.0602623  -0.000431666             1    -0.0005992    0.00589176    0.00121627   0.000599725      0.999999     -0.127637
     0.999999   0.000395277   -0.00124439     0.0541714  -0.000396277             1  -0.000803357     0.0614965    0.00124407   0.000803849      0.999999     -0.140201
     0.999999   0.000581705   -0.00156943     0.0452128  -0.000582651             1   -0.00060288    -0.0327441    0.00156907   0.000603794      0.999999      -0.15575
     0.999998   0.000520372   -0.00174747     0.0812947  -0.000521974      0.999999  -0.000916554      0.126351    0.00174699   0.000917464      0.999998     -0.161177
     0.999998   0.000459833   -0.00168916     0.0525305   -0.00046174      0.999999   -0.00112858    0.00670036    0.00168864    0.00112936      0.999998     -0.120895
     0.999998   0.000442522   -0.00174905     0.0428668  -0.000444701      0.999999   -0.00124548      0.138831     0.0017485    0.00124626      0.999998     -0.166694
     0.999999   0.000344695   -0.00142849     0.0295974  -0.000347123      0.999998   -0.00169961     0.0164634     0.0014279    0.00170011      0.999998     -0.123129
     0.999999   0.000162196   -0.00153598      0.058916  -0.000165863      0.999997   -0.00238796      0.157871    0.00153559    0.00238821      0.999996     -0.119673
     0.999999   0.000123539   -0.00140765    0.00880123  -0.000126241      0.999998   -0.00191957   -0.00163826    0.00140741    0.00191975      0.999997     -0.162387
     0.999999    0.00020386   -0.00155882     0.0534582  -0.000207971      0.999997   -0.00263735      0.141539    0.00155828    0.00263767      0.999995     -0.176264
     0.999999   0.000282088   -0.00131588     0.0240798  -0.000285458      0.999997   -0.00256143     0.0240099    0.00131516     0.0025618      0.999996     -0.149904
     0.999998   0.000441093    -0.0017477     0.0691985  -0.000446751      0.999995   -0.00323833       0.18714    0.00174626    0.00323911      0.999993     -0.152964
     0.999999   0.000325443   -0.00163384     0.0406983    -0.0003291      0.999997   -0.00223862     0.0487405    0.00163311    0.00223916      0.999996     -0.195144
     0.999998   0.000187882   -0.00184951     0.0483366  -0.000192236      0.999997   -0.00235381      0.151899    0.00184907    0.00235416      0.999996     -0.175092
     0.999998   0.000100878   -0.00173489     0.0302959   -0.00010609      0.999995   -0.00300408      0.127644    0.00173458    0.00300426      0.999994     -0.207983
            1  -6.28005e-05  -0.000413027    -0.0161625   6.22766e-05      0.999999   -0.00126821   -0.00221458   0.000413107    0.00126818      0.999999     0.0955719
     0.999991   -0.00182319    -0.0038738      0.328846    0.00187452       0.99991      0.013287      0.282596    0.00384923    -0.0132941      0.999904       1.16512
     0.999997   -0.00257159  -0.000482413     -0.277152    0.00258223       0.99972     0.0235373      -1.07891   0.000421749    -0.0235385      0.999723      0.557028
     0.999998   -0.00133643    0.00132344     -0.197713    0.00131886      0.999912     0.0131915     -0.812823   -0.00134095    -0.0131897      0.999912     -0.327558
            1   0.000712556   3.38058e-05   -0.00926532  -0.000712436      0.999994   -0.00342112    -0.0369968  -3.62434e-05    0.00342109      0.999994    -0.0148344
     0.999999  -0.000194768   -0.00129215   -0.00138561    0.00019264      0.999999   -0.00164703    -0.0903583    0.00129247    0.00164678      0.999998       0.14702
     0.999998  -0.000689759      -0.00177    0.00732881   0.000687213      0.999999    -0.0014381     0.0112815    0.00177099    0.00143688      0.999997       0.16135
     0.999997   -0.00105002   -0.00236462     0.0114923    0.00104713      0.999999   -0.00122443    -0.0558359     0.0023659    0.00122195      0.999996      0.171934
     0.999997   -0.00133329   -0.00192265    -0.0428045     0.0013318      0.999999  -0.000773299    -0.0305347    0.00192368   0.000770736      0.999998      0.155468
     0.999997    -0.0015597   -0.00186929    -0.0522774    0.00155747      0.999998   -0.00119578    -0.0592556    0.00187115    0.00119286      0.999998      0.131949
     0.999997   -0.00134037   -0.00187129     -0.062315    0.00133693      0.999997   -0.00183947     0.0209261    0.00187376    0.00183696      0.999997      0.051159
     0.999997    -0.0012875   -0.00190801    -0.0531535    0.00128285      0.999996   -0.00243701    -0.0131283    0.00191114    0.00243456      0.999995  -0.000814517
     0.999998   -0.00114534   -0.00178062    -0.0301945     0.0011392      0.999993   -0.00344857     0.0660005    0.00178456    0.00344653      0.999992    -0.0166731
     0.999998   -0.00144103    -0.0013852    -0.0750122    0.00143634      0.999993   -0.00337842    -0.0218148    0.00139006    0.00337643      0.999993    0.00921533
     0.999999   -0.00108436  -0.000975814    -0.0606134    0.00108021       0.99999   -0.00424158       0.11704   0.000980404    0.00424052      0.999991     0.0137619
     0.999998   -0.00141326   -0.00111342    -0.0747925    0.00140954      0.999993   -0.00333588    -0.0513592    0.00111812     0.0033343      0.999994    -0.0375156
     0.999999   -0.00124359  -0.000870687    -0.0706755    0.00124004      0.999991   -0.00406734      0.104392   0.000875737    0.00406626      0.999991     0.0112405
     0.999999   -0.00152831  -0.000654903     -0.102472    0.00152583      0.999992   -0.00376616    -0.0617415   0.000660654    0.00376515      0.999993    0.00564199
     0.999998   -0.00188096  -0.000702348     -0.106964    0.00187738      0.999985   -0.00506684     0.0951129   0.000711868    0.00506551      0.999987     0.0734895
            1   0.000173675  -0.000913021     0.0284668  -0.000173907             1  -0.000253946     -0.114889   0.000912977   0.000254105             1     0.0280297
     0.999999   0.000705317   -0.00110779     0.0548676  -0.000704868             1   0.000406107    -0.0415607    0.00110808  -0.000405326      0.999999      0.103818
            1   0.000251477  -0.000911175     0.0476468  -0.000250378      0.999999    0.00120543    -0.0588622   0.000911477    -0.0012052      0.999999      0.152466
            1  -3.20472e-05  -0.000362503    -0.0118429   3.23573e-05             1   0.000855463     -0.101654   0.000362475  -0.000855474             1      0.144957
            1  -9.28929e-05  -2.15701e-05    -0.0146771   9.28816e-05             1  -0.000523276     0.0172893   2.16187e-05   0.000523274             1      0.142965
            1  -0.000218508  -0.000260328     -0.039301   0.000218695             1   0.000718977     -0.148044    0.00026017  -0.000719034             1     0.0601271
     0.999999   -0.00105265   0.000413962    -0.0314518    0.00105269      0.999999  -9.88063e-05    -0.0100951  -0.000413858    9.9242e-05             1       0.17049
     0.999994   -0.00305572    0.00165067     -0.163848    0.00305433      0.999995   0.000840977     -0.210208   -0.00165323   -0.00083593      0.999998      0.314234
     0.999999   0.000156419   -0.00101643     0.0313087  -0.000156447             1  -2.83767e-05     0.0514839    0.00101642   2.85357e-05      0.999999      0.045329
     0.999999   0.000370694   -0.00144805     0.0529006  -0.000369094      0.999999    0.00110522     -0.105388    0.00144846   -0.00110468      0.999998     0.0544653
     0.999999   0.000203158   -0.00113661      0.014665   -0.00020169      0.999999    0.00129181    -0.0521679    0.00113687   -0.00129158      0.999999     0.0711924
     0.999999    0.00041027   -0.00135867     0.0275772  -0.000408115      0.999999    0.00158582     -0.119298    0.00135932   -0.00158527      0.999998  -0.000407601
     0.999999   0.000267852   -0.00142078     0.0473606   -0.00026475      0.999998    0.00218261     -0.130786    0.00142136   -0.00218224      0.999997     0.0208438
     0.999999   8.49051e-05   -0.00127659     0.0311923  -8.36474e-05             1   0.000985221    -0.0462467    0.00127667  -0.000985114      0.999999     0.0440875
     0.999999  -2.87938e-05   -0.00138272     0.0151185   3.02637e-05      0.999999    0.00106306     -0.069264    0.00138269    -0.0010631      0.999998    -0.0125007
     0.999999   5.90857e-05   -0.00165455     0.0351091  -5.96032e-05             1   -0.00031274   -0.00740142    0.00165453   0.000312838      0.999999    -0.0480086
     0.999999   0.000197029   -0.00149554      0.032841  -0.000196918             1   7.44878e-05    -0.0917265    0.00149556  -7.41932e-05      0.999999    -0.0507849
            1   -0.00034333  -0.000855481    0.00189722   0.000343275             1  -6.44302e-05    -0.0213339   0.000855503   6.41366e-05             1    -0.0288308
            1  -0.000276085  -0.000945796    -0.0171523   0.000275586             1  -0.000526726    -0.0198644   0.000945942   0.000526465      0.999999    -0.0295568
            1   2.76079e-05  -0.000532666    -0.0256332  -2.87476e-05      0.999998   -0.00213969     0.0709426   0.000532605    0.00213971      0.999998    -0.0615567
            1   0.000232092   0.000328499    -0.0049921  -0.000231127      0.999996   -0.00293367     0.0397498  -0.000329178     0.0029336      0.999996    -0.0226727
            1    0.00060768   0.000790905    -0.0284099  -0.000604292      0.999991   -0.00427636      0.156972  -0.000793496    0.00427588      0.999991     0.0107126
            1   0.000206977  -0.000305302    0.00759838  -0.000207078             1  -0.000333362    -0.0929566   0.000305233   0.000333426             1     0.0774262
            1   0.000153851  -0.000828568     0.0172964  -0.000154989      0.999999   -0.00137286      0.174088   0.000828356    0.00137299      0.999999     0.0636449
            1   0.000151872  -0.000395648     -0.010151  -0.000152329      0.999999   -0.00115617    -0.0244048   0.000395472    0.00115623      0.999999    -0.0245067
            1   0.000526748   -0.00014332    0.00629315   -0.00052685             1  -0.000708417    -0.0585792   0.000142947   0.000708493             1     0.0168449
            1   0.000436663  -0.000434136     0.0116018  -0.000437098      0.999999   -0.00100334     0.0621688   0.000433698    0.00100353      0.999999    0.00665812
     0.999999   0.000643242  -0.000881213     0.0548912  -0.000643329             1  -9.90896e-05    -0.0758195   0.000881149   9.96565e-05             1     0.0738033
            1   0.000305138  -0.000762635     0.0273225  -0.000306178      0.999999   -0.00136463     0.0840205   0.000762218    0.00136487      0.999999     0.0899444
            1     0.0002516  -0.000294334   -0.00244606  -0.000251779             1  -0.000609282    -0.0727207   0.000294181   0.000609356             1     0.0997796
            1   0.000538569  -0.000226542     0.0186406  -0.000538959      0.999998   -0.00172652     0.0885844   0.000225612    0.00172664      0.999998     0.0113964
            1  -4.92857e-05  -0.000276286    0.00253425   4.89144e-05      0.999999   -0.00134363     -0.098708   0.000276352    0.00134362      0.999999      0.026117
            1  -0.000274794  -0.000487913     -0.017073   0.000274127      0.999999   -0.00136624     0.0592872   0.000488288    0.00136611      0.999999    0.00400943
            1  -3.07206e-05  -0.000364564    -0.0103318   3.02405e-05      0.999999   -0.00131676   -0.00365563   0.000364605    0.00131675      0.999999    -0.0634272
            1   -1.2066e-05  -0.000413065    -0.0107667   1.12134e-05      0.999998   -0.00206406     0.0632345   0.000413089    0.00206405      0.999998    -0.0178352
            1   0.000157682  -0.000802398   -0.00741673  -0.000159708      0.999997   -0.00252557      0.049595   0.000801997     0.0025257      0.999996    -0.0706709
            1   0.000224689  -0.000940332     0.0269882  -0.000226766      0.999998   -0.00220962      0.032545   0.000939833    0.00220984      0.999997    -0.0701986
            1   0.000194711  -0.000713442    0.00932211  -0.000196353      0.999997   -0.00230114     0.0828157   0.000712992    0.00230128      0.999997    -0.0806248
            1  -1.73101e-05  -0.000335765   -0.00217568   1.68148e-05      0.999999   -0.00147491    -0.0502884    0.00033579     0.0014749      0.999999    -0.0955306
            1  -1.61651e-05  -0.000318592    -0.0220537   1.55843e-05      0.999998   -0.00182296      0.102889   0.000318621    0.00182295      0.999998     -0.105497
            1   2.76707e-05  -7.83994e-05    -0.0278617  -2.77696e-05      0.999999   -0.00126116    -0.0658232   7.83645e-05    0.00126116      0.999999     -0.129069
            1   -0.00017527  -0.000264629    -0.0175235   0.000174791      0.999998   -0.00180922     0.0776778   0.000264946    0.00180917      0.999998      -0.18599
            1  -0.000433678  -0.000198739    -0.0462569   0.000433348      0.999999   -0.00165627     -0.080647   0.000199457    0.00165619      0.999999     -0.267582
            1   0.000387421  -0.000888769     0.0248634  -0.000388946      0.999998   -0.00171661      0.110295   0.000888102    0.00171696      0.999998      0.131599
     0.999999   0.000728649  -0.000882215     0.0282811  -0.000730364      0.999998   -0.00194575     0.0464348   0.000880796    0.00194639      0.999998     0.0497019
     0.999999     0.0006489  -0.000960404     0.0530816  -0.000651011      0.999997   -0.00219856    0.00727727   0.000958974    0.00219918      0.999997     0.0133615
     0.999999   0.000878498  -0.000636028     0.0228338  -0.000880134      0.999996   -0.00257622      0.041496   0.000633763    0.00257678      0.999996    -0.0377557
     0.999999    0.00104685  -0.000718573     0.0351959   -0.00104874      0.999996    -0.0026467     0.0807784   0.000715799    0.00264745      0.999996    -0.0577339
     0.999999    0.00143221  -0.000671083     0.0723389   -0.00143548      0.999987   -0.00489094      0.224558    0.00066407    0.00489189      0.999988     -0.111896
            1   4.38237e-05  -0.000601073   -0.00959264  -4.43633e-05             1  -0.000897767    -0.0786877   0.000601034   0.000897793      0.999999      0.138038
            1  -0.000184344  -0.000480826   -0.00994824   0.000183963             1  -0.000791926     0.0974675   0.000480972   0.000791837             1      0.157397
            1  -0.000164225   8.33124e-05    -0.0301545   0.000164213             1   0.000143325    -0.0817741  -8.33359e-05  -0.000143311             1     0.0565392
            1  -0.000174584  -0.000192146    -0.0081642   0.000174533             1  -0.000266341     0.0313976   0.000192193   0.000266308             1      0.045726
            1   0.000204543  -9.20176e-05    -0.0263535  -0.000204541             1   2.07342e-05    -0.0575485   9.20218e-05  -2.07154e-05             1    -0.0319623
            1   0.000354251  -0.000172386    0.00653682  -0.000354114             1   0.000798685    -0.0149452   0.000172669  -0.000798624             1     -0.138557
            1   0.000612688  -0.000220655    0.00377245  -0.000612737             1  -0.000221462     0.0130006   0.000220519   0.000221597             1     -0.164551
            1   0.000419727  -1.49043e-05     0.0129621  -0.000419735             1  -0.000516127    -0.0615244   1.46877e-05   0.000516133             1     -0.119759
            1   0.000552273   8.52521e-05    0.00630556  -0.000552158      0.999999    -0.0013415      0.080836  -8.59929e-05    0.00134145      0.999999    -0.0864151
            1   0.000494888   0.000149363    -0.0023199  -0.000494766             1  -0.000812914    -0.0642346  -0.000149765    0.00081284             1     -0.115478
            1   0.000281521   0.000665977    0.00101805  -0.000280787      0.999999   -0.00110194     0.0489435  -0.000666286    0.00110175      0.999999     -0.161275
            1  -0.000217074   0.000706519    -0.0255693   0.000217643             1  -0.000804468    -0.0351668  -0.000706344   0.000804622      0.999999     -0.158618
            1   6.52575e-05   0.000908702    -0.0503562  -6.44337e-05             1  -0.000906616    0.00366851  -0.000908761   0.000906557      0.999999     -0.152799
            1   0.000655863   0.000679536   -0.00933762  -0.000654969      0.999999   -0.00131375      0.146949  -0.000680396     0.0013133      0.999999     -0.175087
     0.999999   0.000922287   0.000603963      -0.01571  -0.000921702      0.999999  -0.000968794   -0.00797206  -0.000604856   0.000968237      0.999999     -0.318272
            1  -0.000148912  -0.000277826     0.0192612   0.000148396      0.999998   -0.00185516     0.0530448   0.000278101    0.00185512      0.999998      0.182171
            1  -0.000486357  -9.78775e-05    -0.0558654   0.000486095      0.999996   -0.00265629     0.0579821   9.91691e-05    0.00265624      0.999996      0.172967
            1   -0.00061875   1.55438e-05    -0.0584699   0.000618785      0.999997   -0.00237939   -0.00142096  -1.40715e-05     0.0023794      0.999997      0.134101
            1  -0.000316883  -0.000116818    -0.0320894   0.000316521      0.999995   -0.00308834      0.118363   0.000117796    0.00308831      0.999995     0.0706939
     0.999999    0.00135412  -0.000564177    -0.0196204   -0.00135515      0.999997   -0.00182673    0.00178073   0.000561702     0.0018275      0.999998     0.0387452
     0.999999    0.00141483  -0.000401589      0.111881   -0.00141581      0.999996   -0.00245388      0.120723   0.000398116    0.00245445      0.999997    0.00736077
     0.999999    0.00111621  -0.000264452     0.0336975   -0.00111724      0.999992   -0.00392559      0.110928   0.000260068    0.00392588      0.999992     -0.151063
            1   0.000295659  -0.000703722      0.017209  -0.000297042      0.999998    -0.0019658     0.0676591    0.00070314    0.00196601      0.999998     0.0863344
            1   9.24213e-05  -0.000637529    -0.0219543   -9.3436e-05      0.999999   -0.00159172   -0.00287579   0.000637381    0.00159178      0.999999     0.0993938
            1  -3.78528e-05  -0.000832956     0.0160595   3.58156e-05      0.999997   -0.00244561      0.122038   0.000833046    0.00244558      0.999997     0.0887134
            1  -0.000161541  -0.000583896    -0.0286604    0.00016048      0.999998   -0.00181652    -0.0392021   0.000584189    0.00181642      0.999998     0.0295379
     0.999999  -0.000342707   -0.00103743     0.0152555    0.00033912      0.999994   -0.00345594      0.136819     0.0010386    0.00345558      0.999993    -0.0191574
