# 3dvolreg matrices (DICOM-to-DICOM, row-by-row):
            1  -3.01639e-05  -5.96153e-05     0.0143137   3.01579e-05             1  -0.000101184     0.0123318   5.96184e-05   0.000101182             1      0.013929
            1   0.000189971  -0.000204895     0.0244812  -0.000189965             1   2.79732e-05    -0.0149371     0.0002049  -2.79343e-05             1     0.0343027
            1   6.86644e-11  -1.12293e-10  -1.21305e-10  -6.86644e-11             1   1.49603e-10   9.02954e-09   1.12293e-10  -1.49603e-10             1   6.41779e-09
            1  -3.97892e-05  -9.33375e-05    0.00522981    3.9792e-05             1   3.01652e-05     0.0392023   9.33363e-05  -3.01689e-05             1    0.00858066
            1  -6.23323e-05  -1.21107e-05     0.0211971   6.23334e-05             1   8.71911e-05    0.00932259   1.21053e-05  -8.71918e-05             1     0.0547121
            1  -5.03818e-05   0.000179819     0.0147874   5.04046e-05             1  -0.000126899     0.0135736  -0.000179813   0.000126908             1     0.0407752
            1  -6.96023e-05   3.15048e-07   -0.00273355   6.96023e-05             1  -1.99229e-05   -0.00107785  -3.13661e-07    1.9923e-05             1    0.00618504
            1   6.42182e-05  -8.84276e-05     0.0131256  -6.42202e-05             1  -2.28459e-05     0.0210789   8.84261e-05   2.28516e-05             1     0.0174984
            1   2.93814e-05    0.00032146     0.0165256  -2.93544e-05             1  -8.41687e-05     0.0262742  -0.000321463   8.41592e-05             1     0.0395458
            1  -0.000180365   0.000674679   -0.00516597   0.000180361             1   7.18986e-06    0.00753637   -0.00067468  -7.06818e-06             1    -0.0133184
            1  -0.000273791   0.000666669   -0.00982989   0.000273487             1   0.000456541   -0.00363564  -0.000666794  -0.000456358             1    0.00156104
            1  -0.000207245   0.000687052    -0.0245944   0.000207059             1   0.000270391     0.0364008  -0.000687108  -0.000270248             1     0.0257569
            1  -0.000179496    0.00087448    -0.0122441   0.000179049             1   0.000511213    -0.0116848  -0.000874571  -0.000511057      0.999999    -0.0224366
            1  -0.000325063    0.00077772   -0.00230753   0.000324395             1   0.000859132    -0.0326092  -0.000777999   -0.00085888      0.999999    -0.0419425
            1    -0.0002386   0.000810675    -0.0248932   0.000238322             1   0.000343606     0.0414763  -0.000810757  -0.000343413             1    -0.0252208
            1  -0.000354268   0.000892819    -0.0216878   0.000354106             1   0.000181509    0.00970932  -0.000892883  -0.000181193             1    -0.0279952
            1  -0.000334476   0.000856399    -0.0310687   0.000334137             1   0.000396049   -0.00417142  -0.000856532  -0.000395763             1    -0.0222459
            1  -0.000233425   0.000846304    -0.0143956   0.000232992             1   0.000511815    0.00518576  -0.000846424  -0.000511617             1    0.00621947
            1   -0.00024679   0.000934865    -0.0245384    0.00024651             1   0.000300039   -0.00123169  -0.000934938  -0.000299808             1    -0.0496239
            1  -0.000176988   0.000771763    -0.0073951   0.000176448             1   0.000699212    -0.0341538  -0.000771886  -0.000699075      0.999999    -0.0574846
            1  -6.57378e-05   0.000635269      -0.01474   6.53938e-05             1   0.000541624   -0.00540214  -0.000635304  -0.000541582             1    -0.0499965
            1  -5.69664e-05   0.000773576   -0.00961427    5.6651e-05             1   0.000407682     0.0282645  -0.000773599  -0.000407638             1    -0.0573167
     0.999999  -0.000161376    0.00112812   -0.00565229   0.000160549             1   0.000733035    -0.0089525   -0.00112824  -0.000732854      0.999999     -0.059958
            1  -0.000208654   0.000881385    -0.0115156   0.000207999             1   0.000743762   -0.00123317   -0.00088154  -0.000743578      0.999999    -0.0421563
            1   -0.00025112   0.000809502    -0.0208559   0.000250793             1   0.000403434      0.027074  -0.000809603   -0.00040323             1    -0.0702247
            1  -0.000319639   0.000871047    -0.0143102   0.000319243             1   0.000455046     0.0143167  -0.000871192  -0.000454768             1    -0.0962497
            1  -0.000229887   0.000941746    -0.0193811   0.000229255             1   0.000670498    0.00627127    -0.0009419  -0.000670281      0.999999    -0.0611578
            1  -9.57133e-05   0.000624456    -0.0152774   9.52754e-05             1   0.000701303    -0.0153389  -0.000624523  -0.000701243             1   -0.00805126
            1  -0.000257144   0.000834401    -0.0114295   0.000256582             1   0.000674111    -0.0159994  -0.000834574  -0.000673897      0.999999     -0.088924
            1  -0.000252465   0.000805735   -0.00593601   0.000251817             1   0.000804624    -0.0296459  -0.000805938  -0.000804421      0.999999     -0.120437
            1  -0.000302901   0.000934107   -0.00264749   0.000302014             1   0.000949147    -0.0090519  -0.000934394  -0.000948865      0.999999    -0.0839088
     0.999999   -0.00037243    0.00113837    -0.0388645   0.000371655             1   0.000681083     0.0016474   -0.00113862  -0.000680659      0.999999    -0.0643038
     0.999999   -0.00038057    0.00118491    -0.0357953   0.000379704             1   0.000730676     0.0113025   -0.00118518  -0.000730226      0.999999    -0.0706646
     0.999999   -0.00023142    0.00111462    -0.0270862   0.000230576             1   0.000756393    -0.0104768    -0.0011148  -0.000756136      0.999999    -0.0455214
     0.999999  -0.000286227    0.00119308    -0.0145718   0.000285796             1   0.000361343    0.00467411   -0.00119318  -0.000361002      0.999999    -0.0571941
     0.999999  -0.000263332    0.00118754    -0.0256288    0.00026258             1   0.000632927    -0.0342566   -0.00118771  -0.000632615      0.999999    -0.0872882
     0.999999  -0.000154644    0.00101935    -0.0244084   0.000153965             1   0.000666094     0.0167299   -0.00101946  -0.000665937      0.999999    -0.0697055
     0.999999  -0.000256018    0.00120083    -0.0164758   0.000255561             1   0.000381042     0.0180234   -0.00120093  -0.000380734      0.999999    -0.0752845
     0.999999  -0.000293704    0.00114841    -0.0228909   0.000293413             1   0.000253564    0.00704798   -0.00114848  -0.000253226      0.999999    -0.0902369
     0.999999  -0.000249077    0.00124169     -0.027073   0.000248312             1   0.000616931     -0.016892   -0.00124184  -0.000616622      0.999999     -0.100676
     0.999999  -0.000244191    0.00136327    -0.0321743   0.000243776             1   0.000304431      0.040538   -0.00136334  -0.000304098      0.999999      -0.10188
     0.999999  -0.000309967    0.00123924    -0.0370609   0.000309414             1   0.000445942     0.0069095   -0.00123938  -0.000445559      0.999999     -0.131855
     0.999999  -0.000337082    0.00134907    -0.0302596   0.000336488             1   0.000441037    -0.0100545   -0.00134921  -0.000440583      0.999999     -0.117459
     0.999999  -8.98846e-05    0.00149931    -0.0278569    8.9181e-05             1   0.000469347     0.0129288   -0.00149935  -0.000469213      0.999999    -0.0857782
     0.999999  -0.000296375    0.00151823    -0.0487469   0.000296144             1    0.00015254      0.020298   -0.00151827  -0.000152091      0.999999     -0.151548
     0.999999  -0.000332738    0.00132516    -0.0351361   0.000332065             1   0.000507404    -0.0122461   -0.00132533  -0.000506963      0.999999     -0.150881
     0.999999  -0.000355579    0.00151704    -0.0107168   0.000354658             1   0.000607905   -0.00288746   -0.00151726  -0.000607366      0.999999     -0.139493
     0.999999  -0.000350824    0.00165294     -0.016784   0.000350278             1   0.000330935     0.0137108   -0.00165306  -0.000330355      0.999999     -0.113801
     0.999999     -0.000264    0.00145823    -0.0283048   0.000263426             1   0.000393619    0.00178973   -0.00145833  -0.000393234      0.999999     -0.126687
     0.999999  -0.000262077    0.00151703    -0.0133598   0.000261145             1   0.000614505    0.00872115   -0.00151719  -0.000614109      0.999999    -0.0973633
     0.999999  -0.000364793    0.00155932    -0.0195041   0.000363893             1   0.000577954     0.0109589   -0.00155953  -0.000577386      0.999999     -0.080433
     0.999998  -0.000414327     0.0017029    -0.0356787    0.00041422             1   6.32179e-05     0.0685951   -0.00170292  -6.25125e-05      0.999999     -0.121795
     0.999999  -0.000424555    0.00157448    -0.0305834   0.000424438             1    7.4671e-05    0.00930297   -0.00157451  -7.40026e-05      0.999999     -0.150907
     0.999999  -0.000462351    0.00164868    -0.0334753   0.000461695             1   0.000398652     0.0019104   -0.00164887   -0.00039789      0.999999     -0.126146
     0.999998  -0.000379831    0.00183905    -0.0507676   0.000379688             1   7.84171e-05     0.0427611   -0.00183908  -7.77187e-05      0.999998     -0.153437
     0.999998  -0.000529549    0.00175143    -0.0549446   0.000529236             1   0.000179517     0.0125073   -0.00175152   -0.00017859      0.999998     -0.172676
     0.999999  -0.000491178    0.00158317    -0.0494477   0.000491261             1  -5.14397e-05     0.0335073   -0.00158314   5.22174e-05      0.999999     -0.126019
     0.999998  -0.000532167    0.00176238     -0.056334   0.000532335             1  -9.50344e-05     0.0480015   -0.00176233   9.59724e-05      0.999998     -0.115728
     0.999999  -0.000536457    0.00158711    -0.0574969   0.000536658             1  -0.000126029    0.00845791   -0.00158704   0.000126881      0.999999     -0.137079
     0.999999  -0.000372168    0.00137049    -0.0641573   0.000371409             1   0.000554005    -0.0110402    -0.0013707  -0.000553495      0.999999     -0.112923
     0.999999  -0.000417993     0.0013452    -0.0365319   0.000418138             1   -0.00010762     0.0307662   -0.00134515   0.000108182      0.999999     -0.122551
     0.999999  -0.000280395    0.00118019    -0.0260609   0.000280348             1   3.94439e-05   -0.00823198    -0.0011802   -3.9113e-05      0.999999     -0.130057
     0.999999   -3.4776e-05    0.00105788    -0.0142726   3.45582e-05             1   0.000205873    0.00646264   -0.00105789  -0.000205836      0.999999    -0.0792455
     0.999999  -0.000100608    0.00140423    -0.0110157   0.000100943             1  -0.000238667      0.027361    -0.0014042   0.000238809      0.999999     -0.109297
     0.999999  -6.02973e-05    0.00146639    -0.0273904   6.03872e-05             1  -6.12451e-05    0.00334116   -0.00146638   6.13336e-05      0.999999     -0.120117
     0.999999  -0.000100394    0.00142078    -0.0156092   0.000100215             1    0.00012586     0.0344035    -0.0014208  -0.000125717      0.999999    -0.0959902
     0.999998  -0.000297321    0.00174089    -0.0309619   0.000297788             1  -0.000268221     0.0371445   -0.00174081   0.000268739      0.999998     -0.113579
     0.999998  -0.000408345    0.00171493    -0.0373983   0.000408215             1   7.65816e-05     0.0133817   -0.00171496  -7.58815e-05      0.999999     -0.114477
     0.999998  -0.000626555    0.00185999    -0.0454017    0.00062672             1  -8.81464e-05     0.0565968   -0.00185994   8.93119e-05      0.999998    -0.0943159
     0.999998  -0.000629065    0.00189608    -0.0631061   0.000629549             1  -0.000254339     0.0170403   -0.00189592   0.000255532      0.999998     -0.150358
     0.999998   -0.00067849    0.00199531    -0.0618745   0.000678009             1   0.000241912   -0.00233848   -0.00199547  -0.000240558      0.999998     -0.145246
     0.999998  -0.000641667     0.0018244    -0.0506572   0.000642678             1  -0.000553284     0.0636339   -0.00182404   0.000554455      0.999998     -0.136783
     0.999998  -0.000800584    0.00194469    -0.0496078   0.000801581             1  -0.000511605     0.0244499   -0.00194428   0.000513163      0.999998     -0.158465
     0.999998  -0.000859127    0.00192331    -0.0561658   0.000859371             1   -0.00012592    0.00834877    -0.0019232   0.000127572      0.999998     -0.118901
     0.999998  -0.000710364    0.00171487    -0.0606835   0.000710425             1  -3.53368e-05     0.0258175   -0.00171484    3.6555e-05      0.999999    -0.0912927
     0.999999  -0.000607285    0.00161868    -0.0610909   0.000607542             1  -0.000158374     0.0344699   -0.00161858   0.000159357      0.999999      -0.11273
     0.999998  -0.000592593     0.0017151    -0.0487925    0.00059215             1   0.000258819    0.00463934   -0.00171525  -0.000257803      0.999998     -0.135757
     0.999998  -0.000449156    0.00176309    -0.0406834   0.000448421             1   0.000416998    0.00812136   -0.00176328  -0.000416206      0.999998    -0.0798559
     0.999998  -0.000531686    0.00175109    -0.0462732   0.000531797             1  -6.28356e-05     0.0374827   -0.00175106   6.37668e-05      0.999998     -0.101337
     0.999998  -0.000544202    0.00184916    -0.0534229   0.000544021             1   9.86569e-05    -0.0235086   -0.00184921  -9.76508e-05      0.999998     -0.106849
     0.999998  -0.000599801    0.00177987    -0.0402111    0.00059968             1    6.8925e-05     0.0150529   -0.00177991  -6.78575e-05      0.999998     -0.109928
     0.999998  -0.000636142    0.00208875    -0.0510158   0.000636018             1   6.03149e-05     0.0320481   -0.00208879  -5.89863e-05      0.999998     -0.123815
     0.999997  -0.000798522    0.00218587    -0.0582829   0.000797847             1   0.000309748     0.0177003   -0.00218611  -0.000308004      0.999998     -0.128333
     0.999997  -0.000893983     0.0021339    -0.0576245   0.000893245             1   0.000346998     0.0246223   -0.00213421  -0.000345091      0.999998     -0.112582
     0.999996  -0.000901906    0.00252314    -0.0882986   0.000901885             1   9.24539e-06     0.0599504   -0.00252315  -6.96978e-06      0.999997    -0.0733558
     0.999997   -0.00106027    0.00237669    -0.0859886    0.00105997      0.999999   0.000124995     0.0225193   -0.00237682  -0.000122475      0.999997     -0.108819
     0.999997  -0.000935276    0.00231209    -0.0792479   0.000934322      0.999999   0.000413733     0.0185887   -0.00231248  -0.000411572      0.999997     -0.109405
     0.999996  -0.000862468    0.00252464    -0.0810197   0.000862625             1  -6.11114e-05     0.0728645   -0.00252459    6.3289e-05      0.999997     -0.103798
     0.999996  -0.000925585     0.0028031    -0.0934077    0.00092649             1  -0.000321413     0.0243615    -0.0028028   0.000324008      0.999996    -0.0749936
            1   0.000421182  -0.000538469     0.0475883  -0.000420754             1   0.000794217     -0.023025   0.000538803   -0.00079399             1     0.0719401
     0.999999   0.000771998   -0.00106127     0.0469088  -0.000771477             1   0.000490616     0.0195062    0.00106165  -0.000489797      0.999999     0.0793635
     0.999999   0.000673111   -0.00101561     0.0593343  -0.000672254      0.999999   0.000843853    -0.0369515    0.00101618   -0.00084317      0.999999      0.039947
     0.999999   0.000742158   -0.00104649      0.055853  -0.000741343      0.999999   0.000778976    0.00719667    0.00104707    -0.0007782      0.999999     0.0582939
     0.999999   0.000758915  -0.000923166     0.0541787  -0.000758547             1   0.000398972     0.0183186   0.000923469  -0.000398271      0.999999     0.0925501
     0.999999   0.000714607  -0.000857174     0.0622078  -0.000714266             1   0.000398199    -0.0301399   0.000857459  -0.000397587             1     0.0558988
            1   0.000427424   -0.00057127     0.0574157  -0.000426936             1   0.000854695     -0.028475   0.000571635  -0.000854451      0.999999      0.047634
            1   0.000319243  -0.000444184     0.0434049   -0.00031887             1   0.000840671    0.00581498   0.000444452  -0.000840529             1     0.0733822
            1   0.000310384  -0.000251455     0.0304976  -0.000310227             1   0.000625069  -0.000485566   0.000251649  -0.000624991             1     0.0567943
            1   7.71616e-06  -0.000621671     0.0179265  -7.03968e-06      0.999999    0.00108815    -0.0386767   0.000621679   -0.00108814      0.999999     0.0517663
            1    0.00052829  -0.000411615     0.0349804  -0.000528053             1   0.000575784     0.0205349   0.000411919  -0.000575567             1     0.0949093
            1    0.00062409  -0.000319834     0.0434031  -0.000623865             1   0.000701698    -0.0237032   0.000320272  -0.000701498             1     0.0930736
            1    0.00079926  -0.000566711     0.0468401  -0.000798662      0.999999    0.00105313    -0.0293203   0.000567552   -0.00105268      0.999999      0.110403
     0.999999   0.000750687  -0.000661379     0.0479918  -0.000750172      0.999999   0.000778048    -0.0030176   0.000661962  -0.000777551      0.999999      0.114277
     0.999999   0.000827041  -0.000613446     0.0591828  -0.000826696             1   0.000562522    -0.0110876   0.000613911  -0.000562015             1     0.0940256
     0.999999   0.000860371   -0.00107253     0.0656831  -0.000859309      0.999999   0.000989867    -0.0399433    0.00107338  -0.000988944      0.999999     0.0961484
     0.999999   0.000827863  -0.000851005     0.0641856  -0.000827217      0.999999   0.000759659   -0.00918851   0.000851634  -0.000758954      0.999999      0.102393
     0.999999   0.000800691  -0.000673283     0.0595308  -0.000800125      0.999999    0.00084125    -0.0392602   0.000673956   -0.00084071      0.999999     0.0966681
     0.999999   0.000819291  -0.000708853     0.0619135  -0.000818551      0.999999    0.00104411    -0.0490362   0.000709708   -0.00104353      0.999999     0.0696451
            1   0.000731442  -0.000573217     0.0620348  -0.000730707      0.999999    0.00128121   -0.00795696   0.000574153   -0.00128079      0.999999     0.0764043
            1   0.000670016  -0.000491484     0.0447539  -0.000669493      0.999999    0.00106355   -0.00098767   0.000492197   -0.00106322      0.999999     0.0803954
            1   0.000616325  -0.000423753     0.0469474  -0.000615782      0.999999    0.00128027    -0.0380794   0.000424542   -0.00128001      0.999999      0.056384
            1   0.000568935  -0.000627343     0.0254793  -0.000568155      0.999999    0.00124152    -0.0430841   0.000628049   -0.00124116      0.999999     0.0543295
            1   0.000646837  -0.000581576     0.0552971  -0.000646034      0.999999    0.00137899    -0.0130751   0.000582468   -0.00137862      0.999999     0.0747113
            1   0.000614138  -0.000354229     0.0295966  -0.000613689      0.999999    0.00126769    -0.0288792   0.000355007   -0.00126747      0.999999     0.0582537
     0.999999   0.000846733  -0.000699343     0.0491579  -0.000845589      0.999998    0.00163432    -0.0801933   0.000700726   -0.00163373      0.999998     0.0104161
     0.999999     0.0013119   -0.00055549     0.0230321   -0.00131165      0.999999   0.000459231     0.0579342   0.000556092  -0.000458502             1     0.0393675
     0.999999    0.00126461   -0.00057356      0.053955   -0.00126505      0.999999  -0.000777886     0.0494154   0.000572576   0.000778611             1       0.12105
     0.999999    0.00125034  -0.000445769      0.063091    -0.0012507      0.999999  -0.000823772     0.0178039   0.000444739   0.000824329             1      0.129501
     0.999999    0.00142466   -0.00034309     0.0715073   -0.00142487      0.999999   -0.00059878    0.00540306   0.000342236   0.000599268             1       0.15105
     0.999999    0.00123656  -0.000552473     0.0742357   -0.00123677      0.999999  -0.000384275     0.0268317   0.000551998   0.000384958             1       0.12734
     0.999999    0.00124365  -0.000685813     0.0674342   -0.00124397      0.999999  -0.000467046    -0.0158967   0.000685232   0.000467898             1     0.0946792
     0.999999    0.00139805  -0.000362077     0.0610642   -0.00139824      0.999999  -0.000541511     0.0102996    0.00036132   0.000542016             1     0.0988242
     0.999999    0.00146929  -0.000225653     0.0727296    -0.0014694      0.999999  -0.000493094      0.045733   0.000224928   0.000493425             1      0.119026
     0.999999    0.00140729  -0.000156768     0.0644886   -0.00140739      0.999999  -0.000679195     0.0290243   0.000155812   0.000679415             1      0.105907
     0.999999    0.00137719  -0.000160014     0.0473314   -0.00137732      0.999999  -0.000866542     0.0232103   0.000158821   0.000866762             1     0.0783871
     0.999999    0.00132514  -1.33181e-05     0.0568746   -0.00132515      0.999999  -0.000566778     0.0527366    1.2567e-05   0.000566795             1     0.0993556
     0.999999    0.00114037    0.00025882     0.0461822   -0.00114017      0.999999  -0.000760667      0.042102  -0.000259687   0.000760371             1      0.116009
     0.999999     0.0012375   0.000396224     0.0364123   -0.00123728      0.999999   -0.00055441      0.020849   -0.00039691    0.00055392             1      0.115806
     0.999999     0.0012606   0.000219797     0.0322207   -0.00126072      0.999999   0.000555614      0.012668  -0.000219096  -0.000555891             1      0.154513
     0.999999    0.00129703   0.000284752     0.0450515    -0.0012971      0.999999   0.000254321   -0.00143015  -0.000284421  -0.000254691             1      0.130407
     0.999999    0.00124301   0.000320442     0.0470897   -0.00124296      0.999999  -0.000155225     0.0226563  -0.000320635   0.000154826             1      0.120365
     0.999999    0.00108124   0.000354511     0.0349329   -0.00108109      0.999999   -0.00042088     0.0175802  -0.000354966   0.000420497             1        0.1097
     0.999999    0.00143785  -0.000407614     0.0552608   -0.00143784      0.999999   4.33436e-05    0.00559623   0.000407676  -4.27575e-05             1       0.16889
     0.999999    0.00107227  -0.000372736     0.0597804   -0.00107251      0.999999  -0.000627573    0.00104421   0.000372063   0.000627972             1     0.0899476
     0.999999   0.000975412  -0.000269307     0.0477525  -0.000975429             1  -6.30811e-05    -0.0195672   0.000269245   6.33438e-05             1     0.0873337
            1   0.000975583  -3.41445e-05     0.0354755  -0.000975587             1  -0.000119972     0.0314384   3.40275e-05   0.000120006             1      0.136222
     0.999999    0.00106931  -0.000369688     0.0504082   -0.00106955      0.999999   -0.00063076    0.00719812   0.000369013   0.000631155             1     0.0677729
     0.999999    0.00107005  -0.000131618     0.0560525   -0.00107013      0.999999  -0.000656719    0.00165205   0.000130915   0.000656859             1     0.0446676
     0.999999    0.00124831   4.12608e-05     0.0489669   -0.00124828      0.999999  -0.000915923     0.0310315  -4.24041e-05   0.000915871             1      0.119243
     0.999999    0.00115658   0.000130493     0.0595188   -0.00115639      0.999998   -0.00142914     0.0513803  -0.000132145    0.00142899      0.999999     0.0618201
     0.999999    0.00108625   4.51777e-05     0.0278995   -0.00108619      0.999998   -0.00140456     0.0324443  -4.67034e-05    0.00140451      0.999999     0.0207326
     0.999999    0.00107359  -2.31304e-05     0.0515545   -0.00107363      0.999998   -0.00155097     0.0863205   2.14653e-05    0.00155099      0.999999    -0.0127055
            1   0.000851997  -0.000214582     0.0572177  -0.000852637      0.999995    -0.0030011      0.127987   0.000212024    0.00300128      0.999995     0.0350777
            1  -0.000186487  -0.000432765     0.0229069   0.000187071      0.999999    0.00134968    -0.0389925   0.000432513   -0.00134976      0.999999     0.0127607
            1  -0.000105362  -0.000820521    0.00894251   0.000107131      0.999998    0.00215637    -0.0649156   0.000820292   -0.00215645      0.999997    -0.0140265
            1  -0.000195385  -0.000919886     0.0635203   0.000196445      0.999999    0.00115239   -0.00150934    0.00091966   -0.00115257      0.999999    -0.0216313
            1  -0.000176219  -0.000748528     0.0198804   0.000177169      0.999999    0.00126978    -0.0393124   0.000748303   -0.00126991      0.999999   -0.00629169
            1  -1.12097e-05  -0.000921971       0.03846   1.27319e-05      0.999999    0.00165095    -0.0487145   0.000921952   -0.00165096      0.999998   -0.00371008
            1  -1.64154e-05  -0.000848219     0.0435338   1.76435e-05      0.999999     0.0014479    -0.0267229   0.000848194   -0.00144791      0.999999     0.0154825
            1  -1.31789e-05   -0.00068743      0.024301   1.39275e-05      0.999999    0.00108902    -0.0219378   0.000687416   -0.00108903      0.999999    -0.0101382
            1   4.54549e-05  -0.000353968     0.0310646  -4.49514e-05      0.999999    0.00142237    -0.0271764   0.000354033   -0.00142236      0.999999    -0.0136246
            1  -6.39198e-05  -0.000439666     0.0169859    6.4568e-05      0.999999    0.00147447    -0.0267013   0.000439572    -0.0014745      0.999999   -0.00156054
            1  -7.96644e-05  -0.000109649     0.0170229   7.98211e-05      0.999999    0.00142916   -0.00289892   0.000109535   -0.00142917      0.999999     0.0237514
            1   -2.1832e-05  -0.000113633       0.01862   2.19893e-05      0.999999    0.00138467    -0.0369531   0.000113602   -0.00138468      0.999999   -0.00749614
            1  -6.39633e-05   -0.00025462    0.00579753   6.43062e-05      0.999999    0.00134682   -0.00017622   0.000254534   -0.00134684      0.999999    -0.0154757
            1  -6.12016e-05  -0.000224624     0.0165063    6.1536e-05      0.999999    0.00148875     0.0053018   0.000224533   -0.00148876      0.999999     0.0348303
            1   5.36942e-06  -0.000104436     0.0121283  -5.23816e-06      0.999999    0.00125688     0.0022133   0.000104442   -0.00125687      0.999999     0.0221203
            1   9.40723e-05  -0.000409314     0.0276952  -9.35046e-05      0.999999    0.00138695    -0.0413767   0.000409444   -0.00138691      0.999999    0.00739216
            1   0.000373223  -0.000477641      0.047147  -0.000372898             1   0.000679942      0.032313   0.000477895  -0.000679764             1     0.0403238
            1   0.000175319  -0.000383724     0.0487972  -0.000175184             1   0.000350262     0.0124498   0.000383785  -0.000350195             1    0.00617931
            1   0.000224397   -0.00036911     0.0118787  -0.000224198             1   0.000539397    -0.0191877   0.000369231  -0.000539315             1     0.0199981
     0.999999   0.000128233   -0.00109203     0.0590827  -0.000127359             1   0.000800142   -0.00503933    0.00109213  -0.000800003      0.999999   0.000622641
     0.999999  -0.000109177    -0.0013701     0.0351163   0.000110114             1   0.000684357    -0.0125456    0.00137003  -0.000684508      0.999999    -0.0364661
     0.999999  -4.99776e-05   -0.00138162     0.0476903   5.14649e-05      0.999999    0.00107655    -0.0356961    0.00138156   -0.00107662      0.999998     -0.043128
     0.999999   0.000136002   -0.00112908     0.0580144  -0.000135067             1   0.000828007   0.000271399     0.0011292  -0.000827854      0.999999    -0.0268572
     0.999999   0.000169941   -0.00104357     0.0588752  -0.000170009             1  -6.57561e-05     0.0322943    0.00104356   6.59335e-05      0.999999    -0.0187605
            1   0.000218256  -0.000816683     0.0261611  -0.000218236             1   2.40232e-05     0.0199797   0.000816688  -2.38449e-05             1    -0.0256029
            1   0.000255209  -0.000762953     0.0434516  -0.000255064             1   0.000189924      0.036563   0.000763001  -0.000189729             1   -0.00345707
            1   6.39123e-06  -0.000448456       0.03625  -6.42844e-06             1  -8.29841e-05     0.0361453   0.000448455    8.2987e-05             1    -0.0184995
            1  -0.000147919  -0.000561426     0.0335621   0.000147892             1  -4.68445e-05     0.0250613   0.000561433   4.67615e-05             1    -0.0237802
            1  -0.000168733  -0.000905557     0.0206661   0.000168763             1   3.39907e-05    0.00847024   0.000905552  -3.41435e-05             1    -0.0372917
            1    -0.0001821  -0.000849746     0.0278659    0.00018216             1   7.10046e-05     0.0181119   0.000849733  -7.11594e-05             1       -0.0283
            1  -0.000250109  -0.000735546     0.0289759   0.000250094             1  -1.95404e-05     0.0354024   0.000735551   1.93565e-05             1     -0.065706
            1  -0.000409825  -0.000901196     0.0262597   0.000408958      0.999999  -0.000962296     0.0569813    0.00090159   0.000961927      0.999999    -0.0960934
     0.999999  -0.000332765   -0.00101559     0.0135972   0.000331429      0.999999   -0.00131536     0.0606615    0.00101603    0.00131502      0.999999    -0.0461008
     0.999999  -0.000247028   -0.00109139     0.0316255   0.000245702      0.999999   -0.00121491     0.0461229    0.00109169    0.00121464      0.999999    -0.0204886
     0.999999  -0.000478761   -0.00110112      0.028696    0.00047722      0.999999   -0.00139976      0.066858    0.00110179    0.00139924      0.999998    -0.0642225
     0.999998  -0.000214581   -0.00186935     0.0600294   0.000215286             1   0.000376774    -0.0514069    0.00186927  -0.000377175      0.999998     0.0366859
     0.999997   -0.00104154    -0.0022082     0.0555076    0.00103858      0.999999   -0.00134122      0.155516     0.0022096    0.00133892      0.999997    -0.0374587
