# 3dvolreg matrices (DICOM-to-DICOM, row-by-row):
     0.999996   -0.00278658   0.000336885     -0.305108    0.00278866      0.999976   -0.00636462      0.108239  -0.000319141    0.00636553       0.99998      0.773825
     0.999996   -0.00292339   0.000256214     -0.296672    0.00292497      0.999975   -0.00636647     0.0771228  -0.000237596    0.00636719       0.99998      0.707877
     0.999996   -0.00289593   0.000132212     -0.311095    0.00289668      0.999977   -0.00607785     0.0835815  -0.000114608    0.00607821      0.999982      0.716103
     0.999996   -0.00294007   0.000321481     -0.304527    0.00294209      0.999975   -0.00644652       0.12575   -0.00030252    0.00644744      0.999979       0.66708
     0.999995   -0.00300412   0.000397747     -0.311391    0.00300668      0.999974   -0.00661596     0.0882249  -0.000377861    0.00661712      0.999978      0.634011
     0.999996   -0.00293415    0.00023902     -0.310436    0.00293576      0.999971   -0.00706911       0.14719  -0.000218271    0.00706978      0.999975      0.626397
     0.999996   -0.00284941   0.000530239     -0.316156    0.00285336      0.999967   -0.00759554      0.154825  -0.000508579    0.00759702      0.999971      0.616979
     0.999996   -0.00277904   0.000966404     -0.312217    0.00278628      0.999967   -0.00757762      0.134299  -0.000945314    0.00758028      0.999971        0.5981
     0.999995   -0.00307845     0.0010203     -0.340234    0.00308592      0.999968   -0.00740341      0.162557  -0.000997478    0.00740652      0.999972      0.596958
     0.999995   -0.00288068   0.000891219     -0.344817    0.00288658      0.999973   -0.00668831      0.161445  -0.000871929    0.00669085      0.999977      0.702736
     0.999995   -0.00274274    0.00144843     -0.333704    0.00275168      0.999977   -0.00621226      0.106929   -0.00143135    0.00621621       0.99998      0.653138
     0.999994   -0.00282962    0.00180912     -0.357641    0.00284039      0.999978   -0.00597805     0.0949079   -0.00179217    0.00598316       0.99998      0.608572
     0.999995   -0.00278862    0.00143354     -0.325306    0.00279576      0.999984     -0.005007      0.119727   -0.00141955    0.00501098      0.999986       0.68337
     0.999995   -0.00286243    0.00132685     -0.356599     0.0028686      0.999985   -0.00467232     0.0774279   -0.00131346     0.0046761      0.999988       0.72638
     0.999996   -0.00256189     0.0011591     -0.334968    0.00256768      0.999984   -0.00501781     0.0770958   -0.00114623    0.00502077      0.999987      0.685532
     0.999995   -0.00276085    0.00144117     -0.325035    0.00276868      0.999981   -0.00545795      0.120548   -0.00142608    0.00546191      0.999984      0.710263
     0.999995   -0.00288516     0.0015777     -0.340399    0.00289373      0.999981   -0.00545764     0.0890408   -0.00156192    0.00546217      0.999984      0.729656
     0.999995   -0.00281022    0.00148918     -0.341722    0.00281829      0.999981   -0.00544407     0.0795292   -0.00147385    0.00544824      0.999984      0.735186
     0.999995   -0.00281752     0.0014203     -0.322084    0.00282574      0.999979   -0.00582131      0.121896   -0.00140387     0.0058253      0.999982      0.745734
     0.999995   -0.00274102    0.00137341     -0.350123    0.00274897      0.999979    -0.0058239     0.0812521   -0.00135742    0.00582765      0.999982      0.701883
     0.999995   -0.00266082    0.00140973     -0.334446    0.00266856      0.999981   -0.00551831     0.0552964   -0.00139502    0.00552205      0.999984      0.701477
     0.999995   -0.00267428    0.00167555     -0.331023    0.00268311      0.999982   -0.00529218      0.102049   -0.00166137    0.00529665      0.999985      0.686377
     0.999994   -0.00284645    0.00181927     -0.343662    0.00285758      0.999977   -0.00614161      0.089623   -0.00180175    0.00614678      0.999979      0.637354
     0.999994    -0.0028093    0.00191686     -0.357101    0.00282234      0.999973   -0.00683522      0.121976    -0.0018976    0.00684059      0.999975      0.604673
     0.999994   -0.00285785     0.0019486     -0.343493    0.00287049      0.999975   -0.00651536       0.13951   -0.00192993    0.00652091      0.999977      0.660609
     0.999994   -0.00293003    0.00186973     -0.354964    0.00294175      0.999976    -0.0062948      0.109722   -0.00185124    0.00630026      0.999978      0.655402
     0.999994   -0.00298004    0.00178235     -0.370357    0.00299061      0.999978   -0.00595732      0.105484   -0.00176455    0.00596261      0.999981      0.635514
     0.999995   -0.00277865    0.00167683     -0.346972    0.00278822       0.99998   -0.00573445       0.12816   -0.00166086     0.0057391      0.999982      0.680681
     0.999995   -0.00266987    0.00171873     -0.333515     0.0026794      0.999981   -0.00556458     0.0895107   -0.00170384    0.00556916      0.999983       0.65798
     0.999994   -0.00297635    0.00178382     -0.365544    0.00298651      0.999979    -0.0057243      0.102988   -0.00176675    0.00572959      0.999982      0.684204
     0.999996   -0.00211141    0.00172144     -0.352334      0.002122      0.999979   -0.00617091      0.112657   -0.00170837    0.00617454      0.999979       0.76823
     0.999996   -0.00206934    0.00205578     -0.314505    0.00208214      0.999978   -0.00624171     0.0891965   -0.00204282    0.00624596      0.999978      0.745098
     0.999996   -0.00216754    0.00202958     -0.345352     0.0021793      0.999981   -0.00580801      0.084159   -0.00201696    0.00581241      0.999981      0.731789
     0.999996   -0.00222756     0.0019689     -0.332211     0.0022393       0.99998   -0.00597891       0.10551   -0.00195555    0.00598329       0.99998      0.751339
     0.999995   -0.00206806    0.00225614     -0.338699    0.00208141       0.99998   -0.00593031     0.0857075   -0.00224383    0.00593498       0.99998      0.752274
     0.999996   -0.00200193    0.00209992     -0.343326    0.00201422      0.999981   -0.00586698     0.0736114   -0.00208814    0.00587118      0.999981      0.750549
     0.999996   -0.00204537    0.00196846     -0.329953    0.00205774      0.999978   -0.00630204      0.133311   -0.00195553    0.00630607      0.999978      0.771798
     0.999995   -0.00205136    0.00232734     -0.345341    0.00206567      0.999979   -0.00615994     0.0805427   -0.00231465    0.00616471      0.999978      0.751019
     0.999995   -0.00207029    0.00234327     -0.341909    0.00208455      0.999979    -0.0060974     0.0884601   -0.00233059    0.00610225      0.999979       0.76145
     0.999995   -0.00223027    0.00235956     -0.339699    0.00224528      0.999977   -0.00638032      0.136525   -0.00234528    0.00638558      0.999977       0.72995
     0.999994   -0.00234074    0.00235672     -0.354867    0.00235531      0.999978   -0.00619936     0.0732553   -0.00234215    0.00620487      0.999978      0.704958
     0.999994   -0.00237087    0.00237238     -0.336776    0.00238469       0.99998   -0.00583934      0.102776   -0.00235849    0.00584497       0.99998      0.699423
     0.999995   -0.00245801     0.0018084     -0.315576    0.00246507      0.999989    -0.0039133     0.0727848   -0.00179876    0.00391774      0.999991      0.792302
     0.999995   -0.00255811    0.00172579     -0.362373    0.00256754      0.999982   -0.00548236      0.081447   -0.00171173    0.00548677      0.999983       0.77817
     0.999995   -0.00253227    0.00186791      -0.34688    0.00254216      0.999983   -0.00531104     0.0751343   -0.00185443    0.00531576      0.999984      0.802128
     0.999994   -0.00262646    0.00207237     -0.346862    0.00263779      0.999981   -0.00548129     0.0985227   -0.00205794    0.00548672      0.999983      0.804686
     0.999995   -0.00256322    0.00200948     -0.356962    0.00257503      0.999979   -0.00589348      0.108311   -0.00199433    0.00589862      0.999981      0.710418
     0.999995   -0.00260922    0.00203084      -0.35424    0.00261989      0.999983   -0.00526699     0.0281632   -0.00201706    0.00527228      0.999984      0.713647
     0.999997   -0.00192825    0.00115327     -0.291774    0.00193724      0.999967   -0.00784878      0.194514    -0.0011381    0.00785099      0.999969       1.17482
     0.999995   -0.00309767  -7.12119e-06     -0.338365     0.0030976      0.999982   -0.00507023     0.0628671    2.2827e-05    0.00507018      0.999987      0.614157
     0.999995   -0.00312987  -1.93593e-05     -0.292538    0.00312974      0.999984   -0.00476052     0.0521336   3.42589e-05    0.00476044      0.999989      0.361571
     0.999996   -0.00273347   5.25193e-05     -0.284305    0.00273377      0.999972   -0.00693411      0.124359  -3.35637e-05    0.00693422      0.999976      0.823283
     0.999997   -0.00260101    0.00012575     -0.306367    0.00260182      0.999972   -0.00695863      0.118137  -0.000107647    0.00695893      0.999976      0.856612
     0.999997   -0.00253465    0.00021907     -0.289608    0.00253601      0.999976   -0.00644856       0.12368   -0.00020272    0.00644909      0.999979      0.785143
     0.999996   -0.00267724   0.000335288     -0.304724     0.0026794      0.999975   -0.00659763       0.13586  -0.000317616     0.0065985      0.999978      0.778425
     0.999996   -0.00279597   0.000202547     -0.313102    0.00279722      0.999975   -0.00650886      0.111764  -0.000184344     0.0065094      0.999979      0.768219
     0.999996   -0.00275589   0.000332761     -0.297859    0.00275814      0.999972   -0.00697498      0.159785  -0.000313529    0.00697587      0.999976       0.76528
     0.999996   -0.00281758   0.000391084     -0.319692    0.00282017      0.999973   -0.00678417      0.111995  -0.000371959    0.00678524      0.999977      0.731925
     0.999996   -0.00290659   0.000209708     -0.319882    0.00290791      0.999974   -0.00657798      0.105852  -0.000190583    0.00657856      0.999978      0.772489
     0.999996   -0.00288939   0.000436174     -0.310523    0.00289231      0.999972    -0.0068496      0.133685   -0.00041637    0.00685083      0.999976       0.77263
     0.999996   -0.00292502   0.000413249     -0.324161    0.00292784      0.999971   -0.00699119      0.130272  -0.000392788    0.00699237      0.999975      0.789375
     0.999995   -0.00312806   0.000251747      -0.32648    0.00312972      0.999971   -0.00689824      0.131652  -0.000230161    0.00689899      0.999976      0.744711
     0.999995   -0.00303192   9.18115e-05     -0.322882    0.00303257      0.999961   -0.00824507      0.187811  -6.68096e-05    0.00824531      0.999966       0.67183
     0.999997   -0.00242548  -0.000470228     -0.269274    0.00242093      0.999953   -0.00943676      0.192268   0.000493094     0.0094356      0.999955      0.595949
     0.999996   -0.00279266  -0.000366715     -0.274325    0.00278945       0.99996    -0.0084806      0.117542   0.000390383    0.00847954      0.999964      0.450603
     0.999997   -0.00259142  -0.000198452     -0.281375    0.00259017      0.999978   -0.00604763      0.117273    0.00021412     0.0060471      0.999982      0.889178
     0.999997   -0.00217949   0.000506812     -0.304048    0.00218221      0.999983   -0.00541402      0.112245  -0.000495003    0.00541511      0.999985       1.06988
     0.999997    -0.0022419    0.00018298     -0.292818    0.00224299      0.999979   -0.00615244      0.110421  -0.000169183    0.00615283      0.999981      0.978102
     0.999997    -0.0023384    0.00034069      -0.28702    0.00234046      0.999978   -0.00617573      0.149054  -0.000326241    0.00617651      0.999981      0.934485
     0.999995   -0.00308796  -5.48673e-06     -0.310166    0.00308789      0.999981   -0.00537222     0.0542115   2.20758e-05    0.00537218      0.999986      0.791282
     0.999994   -0.00345281  -0.000284929     -0.303647     0.0034511      0.999977   -0.00578927      0.122259   0.000304911    0.00578826      0.999983       0.74923
     0.999994   -0.00354628   -0.00021158     -0.323942    0.00354506      0.999978   -0.00552025      0.070848   0.000231152    0.00551947      0.999985      0.740134
     0.999994   -0.00346809  -0.000210952     -0.326874    0.00346687      0.999979   -0.00554672     0.0946466   0.000230184    0.00554595      0.999985      0.763937
     0.999993   -0.00361411  -7.43784e-06     -0.335285    0.00361402      0.999978   -0.00547478      0.110776   2.72242e-05    0.00547472      0.999985      0.707737
     0.999995   -0.00324351   0.000391094      -0.34671    0.00324532      0.999984   -0.00472476     0.0706335  -0.000375763      0.004726      0.999989      0.686524
     0.999994   -0.00339186   0.000120159     -0.300732    0.00339249      0.999978   -0.00575132      0.109909  -0.000100649     0.0057517      0.999983      0.742101
     0.999993   -0.00362501  -2.54445e-05     -0.329257    0.00362481      0.999977   -0.00565693     0.0951955   4.59504e-05     0.0056568      0.999984      0.711461
     0.999992   -0.00388472   1.76304e-05     -0.332604    0.00388476      0.999978   -0.00529256       0.08979   2.93014e-06    0.00529258      0.999986      0.729681
     0.999992   -0.00392344   0.000317702     -0.338051    0.00392514      0.999977   -0.00555986      0.118756  -0.000295881    0.00556106      0.999984      0.706298
     0.999992   -0.00395273   0.000198587     -0.343444    0.00395368       0.99998   -0.00503168     0.0615353  -0.000178694    0.00503243      0.999987      0.714307
     0.999992   -0.00392255   0.000260055      -0.34681    0.00392386      0.999979   -0.00524679      0.105006  -0.000239469    0.00524777      0.999986      0.744659
     0.999992   -0.00393506   0.000231155       -0.3544    0.00393624      0.999978   -0.00532576      0.068073  -0.000210193    0.00532663      0.999986      0.696014
     0.999993   -0.00386088   0.000180146     -0.353053    0.00386171      0.999981   -0.00484536     0.0756938  -0.000161435    0.00484602      0.999988      0.705993
     0.999993   -0.00369697   0.000222064     -0.326886    0.00369814      0.999978   -0.00550837      0.123228  -0.000201695    0.00550915      0.999985      0.695318
     0.999993   -0.00377635     0.0004442     -0.351262    0.00377867      0.999979   -0.00534017      0.079088  -0.000424025    0.00534181      0.999986      0.682083
     0.999993     -0.003797   0.000327962     -0.338711    0.00379872      0.999978   -0.00542056      0.123605  -0.000307373    0.00542177      0.999985       0.71778
     0.999993   -0.00373799   0.000349393     -0.332507    0.00373992      0.999977   -0.00571705      0.112577  -0.000328014    0.00571832      0.999984       0.71415
     0.999993   -0.00383398   0.000368203     -0.354598    0.00383591      0.999978   -0.00539176     0.0914486  -0.000347523    0.00539313      0.999985      0.701863
     0.999992   -0.00399682   0.000701576     -0.344041    0.00400028      0.999979   -0.00500353     0.0996419  -0.000681563     0.0050063      0.999987      0.679235
     0.999994   -0.00353046   0.000551966     -0.355043    0.00353367      0.999976   -0.00591501      0.142834   -0.00053107    0.00591692      0.999982      0.807267
     0.999994   -0.00352526   0.000434171     -0.348705    0.00352761      0.999978   -0.00552945     0.0739306  -0.000414669    0.00553095      0.999985      0.769463
     0.999993   -0.00385875   0.000223382       -0.3343     0.0038599      0.999978   -0.00540708      0.110303  -0.000202512     0.0054079      0.999985      0.735935
     0.999992   -0.00388197   0.000314401     -0.345503    0.00388366      0.999977   -0.00559769      0.106596  -0.000292664    0.00559887      0.999984      0.749554
     0.999993   -0.00378435   0.000159302     -0.348658    0.00378511       0.99998   -0.00513869     0.0660264  -0.000139852    0.00513925      0.999987      0.756559
     0.999992   -0.00388796   0.000192624      -0.32673    0.00388891      0.999979   -0.00518685     0.0969981  -0.000172454    0.00518756      0.999987      0.764534
     0.999992   -0.00389774  -0.000433936     -0.349151    0.00389529      0.999977   -0.00550691      0.129856    0.00045539    0.00550518      0.999985      0.765966
     0.999994    -0.0031619    -0.0011313     -0.301902    0.00315494      0.999976   -0.00609983     0.0991127    0.00115056    0.00609623      0.999981      0.754948
     0.999996   -0.00257958   -0.00150253     -0.247772    0.00258234      0.999995     0.0018408     -0.210183    0.00149778   -0.00184467      0.999997       1.06296
     0.999995    -0.0031107   0.000368578     -0.333701     0.0031132      0.999971   -0.00700158      0.173679  -0.000346788    0.00700269      0.999975      0.720273
     0.999996   -0.00271667  -4.09981e-05      -0.29355    0.00271626      0.999964   -0.00799139      0.167087   6.27066e-05    0.00799125      0.999968      0.713353
     0.999997   -0.00232023   0.000295291     -0.298083    0.00232239      0.999969   -0.00752706      0.173196  -0.000277817    0.00752773      0.999972      0.672058
     0.999997   -0.00235561    0.00070483     -0.289448    0.00236069      0.999971   -0.00729337      0.134164  -0.000687629    0.00729501      0.999973      0.598912
     0.999997   -0.00246053   0.000518496     -0.300258    0.00246443      0.999968   -0.00765193      0.175857  -0.000499652    0.00765318      0.999971      0.592213
     0.999996     -0.002823   0.000309547      -0.31085    0.00282526      0.999967   -0.00758351      0.147666  -0.000288129    0.00758435      0.999971      0.671567
     0.999996   -0.00266411   0.000664264       -0.3059    0.00266972       0.99996   -0.00859008      0.173626  -0.000641352    0.00859182      0.999963      0.466986
     0.999997   -0.00243894   0.000432325     -0.320237    0.00244152      0.999979   -0.00605855     0.0979106  -0.000417539    0.00605959      0.999982      0.689506
     0.999997    -0.0024823   9.45145e-05     -0.302175    0.00248273      0.999985   -0.00486907     0.0632051  -8.24266e-05    0.00486929      0.999988       0.84304
     0.999997    -0.0026414   2.29037e-05     -0.297209    0.00264148      0.999982   -0.00537666     0.0968734  -8.70135e-06     0.0053767      0.999986      0.732689
     0.999996   -0.00264804   0.000270643     -0.315426    0.00264958      0.999979   -0.00583843     0.0880517  -0.000255177    0.00583913      0.999983      0.672385
     0.999996   -0.00267879   0.000323098      -0.31047    0.00268077      0.999977   -0.00630477      0.113135  -0.000306201    0.00630562       0.99998      0.704759
     0.999996    -0.0027126   0.000439732     -0.306786    0.00271551      0.999974   -0.00674554      0.118904  -0.000421422    0.00674671      0.999977      0.668594
     0.999996   -0.00277794   0.000587006     -0.306672    0.00278187      0.999973   -0.00680199      0.107163  -0.000568095    0.00680359      0.999977      0.675223
     0.999996   -0.00288973   0.000422289     -0.304442    0.00289269       0.99997   -0.00719203      0.166487  -0.000401493    0.00719322      0.999974      0.663453
     0.999996   -0.00275022   0.000715469      -0.32527    0.00275525      0.999971   -0.00712108      0.131656  -0.000695863    0.00712302      0.999974      0.683273
     0.999996   -0.00257189   0.000768757     -0.314097    0.00257746       0.99997   -0.00733514       0.14224  -0.000749868    0.00733709      0.999973      0.674288
     0.999995   -0.00298141   0.000727785     -0.291131    0.00298697      0.999965   -0.00776317      0.196956  -0.000704615    0.00776531       0.99997      0.709023
     0.999995   -0.00298212     0.0003883     -0.342186     0.0029845      0.999976   -0.00627823     0.0670171  -0.000369568    0.00627936       0.99998      0.732926
     0.999998   -0.00190796   0.000101748     -0.252921    0.00190883      0.999954   -0.00942002      0.261632  -8.37706e-05     0.0094202      0.999956       1.45788
     0.999996   -0.00262612  -0.000620832     -0.347512    0.00262275      0.999982   -0.00537943     0.0810248   0.000634948    0.00537778      0.999985      0.912291
     0.999995   -0.00299919  -0.000682143     -0.288435    0.00299624      0.999986   -0.00427949     0.0800302   0.000694969    0.00427742      0.999991      0.602182
     0.999995   -0.00302887  -0.000609398     -0.285863    0.00302577      0.999983   -0.00503284     0.0878632   0.000624631    0.00503097      0.999987      0.598672
     0.999995   -0.00318521  -0.000896091     -0.296232    0.00318089      0.999984   -0.00478055     0.0456047   0.000911304    0.00477767      0.999988      0.609864
     0.999994   -0.00331304  -0.000820444     -0.303864    0.00330889      0.999982   -0.00501564      0.101731   0.000837046     0.0050129      0.999987       0.56971
     0.999994   -0.00321699   -0.00081908     -0.301006     0.0032126      0.999981   -0.00531369     0.0809728   0.000836158    0.00531103      0.999986      0.563603
     0.999994   -0.00325388  -0.000822582     -0.296162    0.00324943       0.99998   -0.00536068      0.109523   0.000840009    0.00535798      0.999985      0.613932
     0.999994    -0.0033241  -0.000442813     -0.301333    0.00332161      0.999979   -0.00550319     0.0942412   0.000461097    0.00550168      0.999985      0.598097
     0.999994   -0.00335307  -0.000445761     -0.307529    0.00335064       0.99998    -0.0053374     0.0946676   0.000463649    0.00533588      0.999986       0.60614
     0.999994   -0.00333356  -0.000423416     -0.311437    0.00333123       0.99998   -0.00537282      0.119623   0.000441318    0.00537138      0.999985      0.631085
     0.999994   -0.00344331  -0.000288168     -0.321403    0.00344159      0.999977   -0.00577004      0.117298   0.000308029    0.00576901      0.999983       0.59363
     0.999994   -0.00335291   -0.00025184     -0.314481    0.00335154      0.999981   -0.00523569     0.0834091    0.00026939    0.00523482      0.999986      0.627988
     0.999994   -0.00345943  -4.69711e-05     -0.329317    0.00345913       0.99998   -0.00535483      0.142782   6.54948e-05    0.00535464      0.999986      0.623234
     0.999994   -0.00342564   0.000281352     -0.319928    0.00342702      0.999981   -0.00507632     0.0752404  -0.000263957    0.00507725      0.999987      0.613232
     0.999994   -0.00334497   0.000266177     -0.315638    0.00334641      0.999979   -0.00560608      0.120603  -0.000247419    0.00560693      0.999984      0.652791
     0.999994   -0.00344415   0.000370703     -0.327597    0.00344596      0.999982   -0.00500141      0.102067  -0.000353471    0.00500266      0.999987      0.627084
     0.999994   -0.00331856  -5.32248e-06     -0.313991     0.0033185      0.999983   -0.00473555     0.0554393   2.10376e-05    0.00473551      0.999989      0.673274
     0.999995   -0.00323929   9.32551e-05     -0.311321    0.00323977      0.999978    -0.0057034      0.115206  -7.47781e-05    0.00570367      0.999984      0.662378
     0.999995   -0.00307562  -0.000647853     -0.309545     0.0030724      0.999983   -0.00491481     0.0316063   0.000662958    0.00491279      0.999988      0.638183
     0.999994   -0.00340785  -0.000558399     -0.293247    0.00340529      0.999984    -0.0045291     0.0455998   0.000573824    0.00452717       0.99999       0.64047
     0.999994   -0.00335845  -0.000240001     -0.318706    0.00335721      0.999982     -0.004988       0.12554   0.000256749    0.00498716      0.999988       0.64673
     0.999995   -0.00330786  -0.000165157     -0.319458    0.00330696      0.999981   -0.00521053     0.0853228   0.000182389    0.00520996      0.999986      0.644882
     0.999994    -0.0033228  -0.000238208     -0.298849    0.00332153      0.999981   -0.00515036     0.0884823   0.000255318    0.00514954      0.999987      0.641184
     0.999994    -0.0033716  -0.000187084     -0.301905     0.0033706      0.999981   -0.00508085     0.0995323   0.000204212    0.00508019      0.999987      0.647255
     0.999994   -0.00348839   5.18705e-05     -0.319977    0.00348861       0.99998   -0.00523165     0.0864537  -3.36195e-05     0.0052318      0.999986      0.615277
     0.999994   -0.00334062    0.00010553     -0.308939    0.00334108      0.999983    -0.0047521     0.0627808  -8.96536e-05    0.00475243      0.999989         0.636
     0.999994   -0.00346977    2.3348e-05     -0.315217    0.00346984      0.999981   -0.00508631      0.118985  -5.69922e-06    0.00508636      0.999987       0.65937
     0.999994   -0.00355835   0.000134991     -0.333066    0.00355893      0.999983   -0.00452703     0.0679145   -0.00011888    0.00452748       0.99999      0.671137
     0.999995   -0.00328256   0.000197692     -0.348388    0.00328326      0.999988   -0.00363776     0.0717769  -0.000185748    0.00363839      0.999993      0.683536
     0.999995    -0.0032677    3.1408e-05     -0.305954    0.00326782      0.999983   -0.00484055     0.0995336    -1.559e-05    0.00484062      0.999988      0.676442
     0.999994   -0.00351878   3.33216e-05     -0.318808    0.00351889      0.999982   -0.00480912     0.0604624  -1.63988e-05    0.00480921      0.999988      0.624377
     0.999996   -0.00274087   0.000868558     -0.333989      0.002746      0.999978   -0.00596044      0.146269  -0.000852203     0.0059628      0.999982      0.882978
     0.999995   -0.00307738   1.09034e-05      -0.30453    0.00307739      0.999977   -0.00610969      0.139671   7.89868e-06     0.0061097      0.999981      0.829426
     0.999994   -0.00336157  -0.000299815     -0.323449    0.00336003      0.999982   -0.00498329     0.0164422   0.000316561    0.00498226      0.999988      0.683486
     0.999994   -0.00351848   2.51583e-05     -0.313197    0.00351857      0.999978   -0.00554273       0.11099  -5.65576e-06    0.00554279      0.999985      0.634115
     0.999994   -0.00352365   8.28295e-05     -0.334677    0.00352405      0.999979   -0.00542394     0.0783104  -6.37157e-05     0.0054242      0.999985       0.63427
     0.999994   -0.00346284  -0.000165287     -0.309856    0.00346192       0.99998   -0.00524527     0.0837808   0.000183447    0.00524466      0.999986      0.657739
     0.999994   -0.00343727  -6.53673e-05     -0.329222    0.00343687       0.99998   -0.00536214     0.0994805   8.37971e-05    0.00536188      0.999986      0.625037
     0.999994   -0.00344663  -0.000135261     -0.328003    0.00344592      0.999982   -0.00497726     0.0621624   0.000152414    0.00497676      0.999988      0.649247
     0.999994   -0.00350556   3.16487e-05     -0.298818    0.00350568       0.99998   -0.00535327      0.128916  -1.28818e-05    0.00535335      0.999986      0.615647
     0.999994   -0.00353194    2.5611e-05     -0.340494    0.00353202      0.999981    -0.0050326     0.0718237  -7.83572e-06    0.00503265      0.999987      0.611445
     0.999994   -0.00355982  -2.74249e-05     -0.330402    0.00355963       0.99998   -0.00520016      0.126257    4.5936e-05    0.00520003      0.999986      0.625511
     0.999994   -0.00357376   0.000234955     -0.353618    0.00357498      0.999979   -0.00541035      0.113323  -0.000215615    0.00541115      0.999985      0.601226
     0.999994     -0.003352  -7.49442e-05     -0.312277    0.00335158      0.999982   -0.00504795        0.0637   9.18635e-05    0.00504767      0.999987      0.656836
     0.999994    -0.0034256   1.00845e-05     -0.331075    0.00342561      0.999979   -0.00547085      0.142395   8.65667e-06    0.00547086      0.999985      0.659059
     0.999994   -0.00343452  -5.59683e-05     -0.330167    0.00343419      0.999981   -0.00507299     0.0755335   7.33905e-05    0.00507277      0.999987      0.664969
     0.999994   -0.00348088   6.11563e-05     -0.319548    0.00348116       0.99998    -0.0053534      0.132745  -4.25205e-05    0.00535358      0.999986      0.693655
     0.999994   -0.00345043   -0.00025737     -0.315468    0.00344892      0.999978   -0.00564589     0.0834154   0.000276845    0.00564497      0.999984      0.661424
     0.999994    -0.0035268  -0.000477128     -0.311318     0.0035243      0.999981   -0.00515368     0.0646689   0.000495294    0.00515196      0.999987      0.672258
     0.999994   -0.00349406   -0.00037701     -0.298837    0.00349187      0.999978   -0.00564512      0.129041   0.000396726    0.00564377      0.999984      0.718476
     0.999994   -0.00343513  -0.000536853     -0.319524    0.00343185      0.999976   -0.00598969     0.0999337   0.000557416    0.00598781      0.999982      0.606697
     0.999994   -0.00342445   -0.00079254     -0.290737    0.00341982      0.999978   -0.00577085      0.107466   0.000812285     0.0057681      0.999983      0.574043
     0.999995   -0.00306848  -0.000655796     -0.310357    0.00306465      0.999979   -0.00576104      0.131425    0.00067346      0.005759      0.999983      0.441846
     0.999994    -0.0033236  -0.000550092     -0.292019    0.00332013      0.999975   -0.00620034      0.115213   0.000570686    0.00619848      0.999981      0.607931
     0.999994   -0.00338693  -0.000404247     -0.306078    0.00338436      0.999975   -0.00619779      0.153967   0.000425228    0.00619638      0.999981      0.613923
     0.999994   -0.00346623  -0.000776139     -0.292818     0.0034615      0.999976    -0.0060168      0.159161   0.000796976    0.00601407      0.999982      0.550213
     0.999993    -0.0035183  -0.000950537     -0.289924    0.00351242      0.999975   -0.00612563      0.112807   0.000972066    0.00612225      0.999981      0.576114
     0.999994    -0.0034073  -0.000812302     -0.299969    0.00340208      0.999974   -0.00633513      0.124791   0.000833867    0.00633233       0.99998      0.603289
     0.999994   -0.00335542   -0.00079235     -0.290413    0.00335004      0.999972   -0.00669078      0.144883   0.000814778    0.00668809      0.999977      0.638242
     0.999994   -0.00338908   -0.00079433     -0.303398    0.00338375      0.999972   -0.00661227     0.0969654   0.000816718    0.00660954      0.999978       0.60361
     0.999993   -0.00349572  -0.000974274      -0.29579    0.00348923      0.999972   -0.00658774      0.110136   0.000997276    0.00658429      0.999978       0.58807
