# 3dvolreg matrices (DICOM-to-DICOM, row-by-row):
            1   0.000380375  -0.000201982   -0.00146545  -0.000380415             1  -0.000198596   -0.00118435   0.000201907   0.000198673             1    -0.0189908
            1   9.99998e-05   1.09441e-05  -0.000596807  -0.000100006             1   0.000537678    -0.0430058  -1.08904e-05  -0.000537679             1      0.011058
            1   3.92303e-11  -2.23068e-10  -1.48388e-08  -3.92303e-11             1   -2.1708e-11   5.82677e-09   2.23068e-10    2.1708e-11             1  -2.58744e-09
            1  -0.000223255   0.000171672    0.00478957   0.000223087      0.999999   0.000975779    -0.0527319   -0.00017189   -0.00097574             1   -0.00215446
            1  -0.000338323   0.000285111    0.00525888   0.000338085             1   0.000833127    -0.0356848  -0.000285393  -0.000833031             1     0.0154858
            1  -0.000461467   0.000133981     0.0134745   0.000461331      0.999999    0.00101654    -0.0024995   -0.00013445   -0.00101648      0.999999    -0.0135811
     0.999999   -0.00111971    0.00072391      0.025799    0.00111887      0.999999    0.00116134    -0.0636356   -0.00072521   -0.00116053      0.999999     0.0165884
     0.999998   -0.00149445   0.000934488     0.0414354    0.00149351      0.999998     0.0010058    -0.0305641   -0.00093599    -0.0010044      0.999999    0.00699815
     0.999999   -0.00154088   0.000460005     0.0480738       0.00154      0.999997    0.00191382     -0.024649  -0.000462952    -0.0019131      0.999998    -0.0192069
     0.999999   -0.00150585   0.000394508     0.0494837    0.00150508      0.999997    0.00195694    -0.0411701  -0.000397454   -0.00195635      0.999998    0.00479758
     0.999999    -0.0015793   0.000105963     0.0595579    0.00157915      0.999998    0.00138696   -0.00540372  -0.000108153   -0.00138679      0.999999    -0.0424077
     0.999999   -0.00150476  -0.000141637     0.0592323    0.00150506      0.999997     0.0021426    -0.0483277   0.000138413   -0.00214281      0.999998    -0.0379659
     0.999999   -0.00151358  -0.000667878     0.0727223    0.00151483      0.999997    0.00187981    -0.0347892   0.000665031   -0.00188081      0.999998    -0.0211741
     0.999999   -0.00119545  -0.000637005     0.0657878    0.00119633      0.999998     0.0013749     0.0105621    0.00063536   -0.00137566      0.999999    -0.0730302
     0.999999   -0.00153285   -0.00049033     0.0719605    0.00153391      0.999996    0.00215984    -0.0537224   0.000487017   -0.00216059      0.999998    -0.0252226
     0.999999   -0.00143372  -0.000438909     0.0779729    0.00143425      0.999998    0.00121038    0.00120388   0.000437173   -0.00121101      0.999999    -0.0597327
     0.999999   -0.00157258  -0.000463485     0.0738604    0.00157341      0.999997    0.00178881    -0.0476896   0.000460671   -0.00178954      0.999998    -0.0457605
     0.999999   -0.00152135  -0.000381876     0.0746813    0.00152179      0.999998     0.0011388    -0.0374637   0.000380143   -0.00113938      0.999999   -0.00794955
     0.999999   -0.00150058  -0.000228957     0.0697304    0.00150086      0.999998     0.0012251    -0.0202045   0.000227118   -0.00122544      0.999999    -0.0473306
     0.999999    -0.0017001  -0.000137965     0.0740884    0.00170035      0.999997    0.00184732    -0.0777824   0.000134824   -0.00184755      0.999998    -0.0197921
     0.999998   -0.00189217   9.21384e-05     0.0683766    0.00189206      0.999997    0.00121551    0.00709102  -9.44381e-05   -0.00121533      0.999999    -0.0286929
     0.999998   -0.00199292    7.5975e-05       0.06651    0.00199276      0.999996    0.00207875    -0.0326808  -8.01175e-05   -0.00207859      0.999998    -0.0277416
     0.999998   -0.00201395   0.000135948     0.0756908    0.00201361      0.999995    0.00246015    -0.0473708  -0.000140902   -0.00245987      0.999997    -0.0112485
     0.999998   -0.00187392  -0.000198794     0.0744124    0.00187438      0.999995    0.00234807    -0.0160093   0.000194393   -0.00234844      0.999997    -0.0342856
     0.999997   -0.00245771   0.000875671     0.0801436    0.00245273      0.999981    0.00563528    -0.0981419  -0.000889505   -0.00563312      0.999984     0.0991193
     0.999998   -0.00206568   3.26827e-05     0.0731812     0.0020655      0.999987    0.00472968     0.0465395  -4.24523e-05    -0.0047296      0.999989   -0.00192103
     0.999996   -0.00274337   0.000249063     0.0985234    0.00274204      0.999983    0.00521051    -0.0609665  -0.000263353    -0.0052098      0.999986     0.0406866
     0.999996   -0.00296377   0.000390885      0.106051    0.00296216      0.999987    0.00403329    -0.0101897  -0.000402833   -0.00403212      0.999992   -0.00584436
     0.999995   -0.00301068   0.000685545      0.106636    0.00300755      0.999985      0.004512    -0.0707712  -0.000699119   -0.00450991       0.99999     0.0195537
     0.999995   -0.00294799   0.000631104      0.100365    0.00294559      0.999989    0.00377151   -0.00596998  -0.000642216   -0.00376963      0.999993     0.0329875
     0.999996   -0.00287487   0.000389999      0.102925    0.00287328      0.999988    0.00403277    -0.0311244  -0.000401588   -0.00403164      0.999992   -0.00994723
     0.999995   -0.00310111   0.000730631      0.103689    0.00309789      0.999986    0.00436302    -0.0406337  -0.000744151   -0.00436073       0.99999     0.0266704
     0.999995   -0.00297389   0.000542271       0.10287    0.00297189      0.999989    0.00365358    -0.0128017   -0.00055313   -0.00365195      0.999993     -0.010281
     0.999995   -0.00307237     0.0006548      0.114476     0.0030695      0.999986    0.00434681    -0.0696773  -0.000668146   -0.00434478       0.99999     0.0214286
     0.999995   -0.00297899   0.000784595      0.107132    0.00297585      0.999988    0.00397174     0.0122862  -0.000796417   -0.00396939      0.999992   -0.00245604
     0.999995   -0.00300325   0.000905882     0.0989058    0.00299898      0.999985     0.0046776    -0.0170694  -0.000919916   -0.00467486      0.999989   -0.00692466
     0.999994   -0.00323701     0.0010132        0.1105      0.003232      0.999983    0.00490844    -0.0489368   -0.00102907   -0.00490514      0.999987     0.0366618
     0.999994   -0.00322632   0.000795626       0.11517    0.00322274      0.999985    0.00445947     0.0244554  -0.000810002   -0.00445688       0.99999   -0.00367587
     0.999994   -0.00346659   0.000927176      0.108788    0.00346166       0.99998    0.00526994    -0.0354508  -0.000945426    -0.0052667      0.999986     0.0222008
     0.999993   -0.00348762    0.00121039        0.1136     0.0034819      0.999983     0.0046896    0.00364304   -0.00122673   -0.00468535      0.999988     0.0132018
     0.999993   -0.00355804    0.00124811       0.11419    0.00355143       0.99998    0.00525613    -0.0385812   -0.00126679   -0.00525166      0.999985   -0.00162178
     0.999992   -0.00369808    0.00126723      0.113233    0.00369094      0.999978    0.00559202    -0.0201453   -0.00128788    -0.0055873      0.999984       0.02112
     0.999992   -0.00380452   0.000944846       0.12093    0.00379992      0.999981    0.00482059     0.0212449  -0.000963168   -0.00481696      0.999988   -0.00824522
     0.999992   -0.00375882    0.00100172      0.123398    0.00375336      0.999978     0.0053947     -0.060834   -0.00102198    -0.0053909      0.999985     0.0129062
     0.999992   -0.00367981    0.00130117       0.12319     0.0036734      0.999981    0.00489619   0.000149528   -0.00131916   -0.00489138      0.999987    0.00942612
     0.999991   -0.00393169     0.0013344      0.128514    0.00392435      0.999977    0.00546251    -0.0204252   -0.00135585   -0.00545723      0.999984   -0.00355822
      0.99999   -0.00414764    0.00142842      0.136097    0.00413867      0.999972    0.00622637    -0.0255258   -0.00145421    -0.0062204       0.99998     0.0230131
     0.999991   -0.00400438    0.00123604      0.127465    0.00399762      0.999977    0.00542335     0.0228762   -0.00125773   -0.00541836      0.999985    -0.0164412
     0.999991   -0.00404595    0.00141809      0.127084    0.00403796      0.999976    0.00559931    -0.0270582   -0.00144071   -0.00559353      0.999983    0.00502305
     0.999991   -0.00406137    0.00135531      0.130957    0.00405323      0.999974    0.00596087    -0.0202275   -0.00137949   -0.00595532      0.999981     0.0208577
     0.999992    -0.0038781   0.000797668      0.130046    0.00387382      0.999978    0.00530831     0.0109054  -0.000818237   -0.00530518      0.999986    -0.0161675
     0.999992    -0.0039779   0.000905855      0.125879    0.00397284      0.999977    0.00551718    -0.0347711  -0.000927781   -0.00551354      0.999984    0.00821683
     0.999991   -0.00409334   0.000982752      0.135896    0.00408796      0.999977    0.00540856    0.00782934   -0.00100487    -0.0054045      0.999985     0.0124887
     0.999991   -0.00409241   0.000656849      0.129454    0.00408815      0.999971     0.0063533    0.00480705   -0.00068283   -0.00635056       0.99998    -0.0183599
     0.999992    -0.0039947   0.000522421      0.131766    0.00399114       0.99997     0.0066564     -0.016864  -0.000548995   -0.00665426      0.999978    0.00595431
     0.999992   -0.00390282    2.2059e-05       0.14588    0.00390262      0.999974    0.00607227     0.0374052  -4.57574e-05   -0.00607214      0.999982    -0.0174305
     0.999993    -0.0038383  -0.000133946      0.131141    0.00383909      0.999972    0.00646416   -0.00166175   0.000109131   -0.00646462      0.999979    -0.0359377
     0.999993   -0.00375923  -3.50916e-05      0.140644    0.00375937      0.999976    0.00577442    -0.0221852   1.33834e-05   -0.00577451      0.999983   -0.00556785
     0.999994   -0.00348938  -0.000346995      0.141341    0.00349118       0.99998    0.00531025     0.0255649   0.000328459   -0.00531143      0.999986    -0.0633214
     0.999993   -0.00377358  -0.000186173      0.150101    0.00377465      0.999974    0.00614227    -0.0508757   0.000162989   -0.00614293      0.999981    -0.0111234
     0.999992    -0.0039183  -9.90582e-05      0.146642    0.00391878      0.999977    0.00546279     0.0161724   7.76512e-05   -0.00546314      0.999985    -0.0327827
     0.999992   -0.00403637  -1.89357e-05      0.154486    0.00403641      0.999973     0.0061692    -0.0464308  -5.96598e-06   -0.00616922      0.999981    -0.0212134
     0.999993   -0.00367124  -0.000243943      0.156263    0.00367245       0.99998    0.00519914     0.0209686   0.000224851       -0.0052      0.999986    -0.0483971
     0.999993   -0.00367801   -0.00060891      0.159648    0.00368122      0.999979    0.00536853    -0.0259536   0.000589152   -0.00537074      0.999985    -0.0704436
     0.999994   -0.00352477  -0.000419594      0.150387    0.00352695       0.99998    0.00531265    -0.0184956    0.00040086    -0.0053141      0.999986    -0.0229869
     0.999995   -0.00310651  -0.000841497      0.134524    0.00311149      0.999977     0.0059783     0.0183534   0.000822907   -0.00598089      0.999982     -0.061247
     0.999994   -0.00346811  -0.000909215      0.140643    0.00347446      0.999969    0.00708144    -0.0492337   0.000884627   -0.00708455      0.999975    -0.0276038
     0.999993   -0.00353354  -0.000875652      0.143038    0.00353919      0.999972    0.00652859     0.0252229   0.000852559   -0.00653165      0.999978    -0.0469194
     0.999994   -0.00345913  -0.000975125      0.144593    0.00346517      0.999974    0.00626012   -0.00888335   0.000953446   -0.00626346       0.99998    -0.0695822
     0.999994   -0.00336772  -0.000834023      0.144617    0.00337299      0.999974     0.0063925    -0.0285816   0.000812473   -0.00639527      0.999979    -0.0349682
     0.999993    -0.0035169    -0.0010019       0.14778    0.00352289      0.999976    0.00603935    0.00531205   0.000980634   -0.00604284      0.999981    -0.0804537
     0.999992   -0.00377902  -0.000931456      0.138461    0.00378524       0.99997    0.00677009    -0.0304524   0.000905843   -0.00677357      0.999977    -0.0458709
     0.999993   -0.00375351   -0.00081806        0.1392    0.00375869      0.999972    0.00641364   -0.00109298   0.000793964   -0.00641666      0.999979    -0.0327725
     0.999993   -0.00355029   -0.00117924      0.143545    0.00355833       0.99997    0.00688763    0.00839244    0.00115475   -0.00689178      0.999976    -0.0696735
     0.999993   -0.00365822   -0.00113451      0.145536    0.00366618      0.999968    0.00709738    -0.0211281    0.00110851   -0.00710149      0.999974    -0.0398325
     0.999993   -0.00352945   -0.00116748      0.147606    0.00353754      0.999969    0.00700905     0.0216898     0.0011427   -0.00701313      0.999975    -0.0706022
     0.999993   -0.00349533   -0.00135375      0.142512    0.00350482      0.999969    0.00707513   -0.00665177    0.00132897   -0.00707983      0.999974    -0.0815219
     0.999993   -0.00342419   -0.00163623      0.137865    0.00343562      0.999969    0.00703427   -0.00286428    0.00161209   -0.00703984      0.999974    -0.0518351
     0.999993   -0.00333483   -0.00173637      0.135901    0.00334637      0.999972    0.00668691     0.0291945    0.00171402   -0.00669267      0.999976    -0.0827532
     0.999993    -0.0034224   -0.00159592      0.134923    0.00343458      0.999965    0.00768945    -0.0354546    0.00156954   -0.00769488      0.999969     -0.056374
     0.999993   -0.00348849   -0.00157305      0.129104    0.00350015      0.999966    0.00747464   -0.00645395    0.00154692   -0.00748009      0.999971    -0.0329015
     0.999993   -0.00325112   -0.00201195      0.137536     0.0032659      0.999967    0.00738744     0.0268936    0.00198787   -0.00739396      0.999971    -0.0702745
     0.999993   -0.00332968   -0.00181363      0.127995    0.00334454       0.99996    0.00825032    -0.0239359    0.00178609   -0.00825633      0.999964      -0.04083
     0.999993   -0.00330487   -0.00166649      0.128512    0.00331814      0.999962    0.00802167     0.0247298    0.00163992   -0.00802715      0.999966    -0.0458946
     0.999993   -0.00342194   -0.00175356      0.131419    0.00343537      0.999964    0.00771314    -0.0104229    0.00172711   -0.00771911      0.999969    -0.0774552
     0.999992   -0.00370886   -0.00163786      0.130457    0.00372287      0.999956    0.00863234    -0.0197339    0.00160577   -0.00863837      0.999961    -0.0218109
     0.999993   -0.00344283   -0.00174352      0.131258    0.00345713       0.99996    0.00826182     0.0341685      0.001715   -0.00826779      0.999964    -0.0571247
     0.999992   -0.00351296   -0.00174015      0.123209    0.00352898      0.999951    0.00929191    -0.0185484    0.00170742   -0.00929798      0.999955    -0.0386692
     0.999993   -0.00335414   -0.00140655      0.130024    0.00336671      0.999954    0.00903024     0.0219001     0.0013762   -0.00903491      0.999958    -0.0365231
     0.999992   -0.00393101   -0.00094626      0.132446    0.00394143      0.999929     0.0112746    -0.0596289   0.000901872    -0.0112782      0.999936     0.0294177
     0.999992   -0.00347695   -0.00194686      0.126018    0.00349349      0.999957    0.00856015     0.0603327    0.00191702   -0.00856688      0.999961    -0.0423718
     0.999991   -0.00367853   -0.00189593      0.127918    0.00369594       0.99995    0.00926538    -0.0174838    0.00186175    -0.0092723      0.999955    -0.0333999
     0.999992   -0.00358316   -0.00180433      0.123648    0.00359836      0.999957    0.00849128       0.04218    0.00177383    -0.0084977      0.999962    -0.0412498
     0.999991   -0.00382806   -0.00183249      0.129428    0.00384478       0.99995    0.00920928    0.00438756    0.00179714   -0.00921624      0.999956      -0.06356
     0.999991   -0.00397577   -0.00164483      0.132543    0.00399068       0.99995    0.00915806     0.0018501    0.00160834   -0.00916454      0.999957    -0.0282023
      0.99999   -0.00414633   -0.00180028      0.144185    0.00416114      0.999957    0.00830074     0.0235063    0.00176578   -0.00830815      0.999964    -0.0630383
     0.999989   -0.00432921   -0.00174156      0.141498    0.00434516      0.999948    0.00926131   -0.00826831    0.00170138   -0.00926878      0.999956    -0.0492622
      0.99999   -0.00425725   -0.00152435      0.145866    0.00427086       0.99995    0.00903635     0.0302982    0.00148581   -0.00904277      0.999958     -0.048197
      0.99999   -0.00410815   -0.00180115      0.139921    0.00412402      0.999952    0.00890062     0.0592064    0.00176449   -0.00890796      0.999959    -0.0843567
      0.99999   -0.00424109   -0.00162779      0.147118    0.00425638      0.999946    0.00950902    0.00990155    0.00158737   -0.00951585      0.999953    -0.0361601
      0.99999   -0.00428294   -0.00151112      0.143337    0.00429689      0.999947    0.00935323     0.0586212    0.00147098   -0.00935963      0.999955    -0.0422171
     0.999991   -0.00391182   -0.00189471      0.131973    0.00392965      0.999947    0.00949803     0.0279804    0.00185746   -0.00950539      0.999953    -0.0712033
     0.999991   -0.00388046   -0.00188866       0.12729    0.00389872      0.999945    0.00976346     0.0214703    0.00185067   -0.00977073      0.999951    -0.0548304
     0.999991    -0.0036863   -0.00228852      0.125016    0.00370837      0.999946    0.00971512     0.0595694    0.00225259   -0.00972351       0.99995    -0.0900024
      0.99999   -0.00391068   -0.00214913      0.121659    0.00393219      0.999941     0.0100961     0.0376418    0.00210952    -0.0101045      0.999947    -0.0772042
     0.999989   -0.00414112   -0.00196636      0.134162    0.00416039      0.999942    0.00989674      0.020031    0.00192527   -0.00990481      0.999949    -0.0329169
     0.999989   -0.00400605   -0.00238211      0.148467     0.0040286      0.999946    0.00953788     0.0424606    0.00234378   -0.00954737      0.999952    -0.0756301
     0.999989   -0.00410319   -0.00238375      0.147385    0.00412759      0.999938      0.010323     0.0156976    0.00234124    -0.0103328      0.999944    -0.0496539
     0.999989   -0.00407077   -0.00212857      0.147321    0.00409089      0.999946    0.00953458     0.0487373    0.00208964   -0.00954319      0.999952    -0.0578614
     0.999989   -0.00392238   -0.00238681      0.142271    0.00394656       0.99994     0.0102151     0.0197667     0.0023466    -0.0102244      0.999945    -0.0695719
     0.999988   -0.00435791   -0.00235715      0.158379    0.00438058      0.999943    0.00969798     0.0560725    0.00231475   -0.00970818       0.99995    -0.0669377
     0.999988   -0.00424236   -0.00236355       0.15547    0.00426462      0.999946    0.00949191     0.0468179    0.00232316   -0.00950187      0.999952    -0.0962843
     0.999988    -0.0043561    -0.0023035      0.160726    0.00437832      0.999943    0.00973235     0.0212701    0.00226098   -0.00974232       0.99995    -0.0567282
     0.999987   -0.00422305   -0.00269092      0.161442     0.0042479      0.999948    0.00929548     0.0734057    0.00265153   -0.00930679      0.999953    -0.0965535
     0.999986   -0.00478639   -0.00235298      0.172595    0.00480817      0.999945    0.00934083     0.0242579    0.00230814   -0.00935201      0.999954    -0.0871087
     0.999988   -0.00452538   -0.00211802      0.161171    0.00454451      0.999948    0.00911425     0.0403531    0.00207666   -0.00912376      0.999956    -0.0738939
     0.999989   -0.00422821   -0.00216034      0.145012    0.00424948      0.999942    0.00993725     0.0325957     0.0021182   -0.00994632      0.999948    -0.0785032
     0.999987   -0.00444445     -0.002305      0.156439    0.00446714      0.999941    0.00993273     0.0295664    0.00226072    -0.0099429      0.999948    -0.0853737
     0.999987   -0.00456775   -0.00243353      0.162473     0.0045903      0.999946    0.00934347      0.104272    0.00239072   -0.00935452      0.999953     -0.133871
     0.999986   -0.00474478   -0.00220926      0.171572    0.00476618      0.999941    0.00978363      0.046815    0.00216271   -0.00979403       0.99995     -0.116681
     0.999987   -0.00465429   -0.00227782      0.163868    0.00467402      0.999951    0.00873335     0.0566987    0.00223706   -0.00874388      0.999959    -0.0752581
     0.999987   -0.00466388   -0.00225149      0.163647    0.00468243      0.999955    0.00830586     0.0730595    0.00221265   -0.00831629      0.999963     -0.128278
     0.999987   -0.00439883   -0.00258654      0.170485    0.00442208      0.999949    0.00905219      0.051765    0.00254659   -0.00906351      0.999956     -0.112442
     0.999987   -0.00432058   -0.00259098      0.167565    0.00434311      0.999952    0.00875646     0.0744347    0.00255302    -0.0087676      0.999958     -0.111571
     0.999986   -0.00453736   -0.00258907       0.17022    0.00456084      0.999948    0.00913572     0.0258313    0.00254748   -0.00914741      0.999955     -0.122582
     0.999985   -0.00481554   -0.00258563      0.177492     0.0048398      0.999944    0.00946044     0.0120198    0.00253992   -0.00947281      0.999952    -0.0976982
     0.999986   -0.00465164   -0.00265772      0.172832      0.004675       0.99995    0.00885082     0.0789531    0.00261641   -0.00886312      0.999957     -0.143912
     0.999985   -0.00479685   -0.00245441       0.16952    0.00482088       0.99994    0.00987858    0.00643917    0.00240687   -0.00989026      0.999948     -0.107707
     0.999986   -0.00471874   -0.00253949      0.169095     0.0047428      0.999943    0.00955187     0.0706225    0.00249427   -0.00956378      0.999951     -0.110215
     0.999986   -0.00468419   -0.00255964      0.166404     0.0047096      0.999939     0.0100113   -0.00804171    0.00251259    -0.0100232      0.999947     -0.120795
     0.999986   -0.00467029   -0.00247631        0.1726    0.00469394      0.999943    0.00963227     0.0525545    0.00243119   -0.00964376      0.999951    -0.0848532
     0.999985   -0.00478558   -0.00280487       0.17138    0.00481353      0.999938     0.0100456     0.0391277    0.00275662     -0.010059      0.999946     -0.131942
     0.999984   -0.00480346   -0.00287209      0.171932    0.00483306      0.999934     0.0103898    0.00603016    0.00282199    -0.0104035      0.999942     -0.109254
     0.999985   -0.00444073   -0.00310277      0.166139    0.00447069      0.999943     0.0097146     0.0960235    0.00305945   -0.00972833      0.999948     -0.126362
     0.999986      -0.00435   -0.00315863       0.16317    0.00438276      0.999936     0.0104409     0.0156285    0.00311301    -0.0104546      0.999941     -0.114511
     0.999986    -0.0043043   -0.00306365      0.164327    0.00433488       0.99994     0.0100483     0.0698157    0.00302022    -0.0100614      0.999945     -0.105835
     0.999986   -0.00423421   -0.00324557      0.157325    0.00426694      0.999939     0.0101464     0.0787267    0.00320241    -0.0101601      0.999943     -0.131889
     0.999986   -0.00439451   -0.00301089      0.160526    0.00442592      0.999935      0.010507     0.0272879    0.00296452    -0.0105202       0.99994    -0.0713922
     0.999986   -0.00439912   -0.00288766      0.159406    0.00442753      0.999941    0.00990774     0.0881285     0.0028439   -0.00992039      0.999947    -0.0855351
     0.999986    -0.0045786    -0.0027673      0.169655    0.00460729      0.999935     0.0104527     0.0237555    0.00271926    -0.0104653      0.999942     -0.084836
     0.999987   -0.00444231   -0.00259485      0.157602    0.00446867      0.999938     0.0102412     0.0542142     0.0025492    -0.0102527      0.999944    -0.0870294
     0.999987   -0.00446417   -0.00262783      0.153756    0.00449011       0.99994    0.00994639     0.0592459    0.00258327   -0.00995806      0.999947     -0.110477
     0.999986      -0.00473   -0.00252471      0.163771     0.0047566      0.999932     0.0106364     0.0379687    0.00247423    -0.0106482       0.99994    -0.0630413
     0.999985    -0.0048126   -0.00243999       0.16403    0.00483746      0.999935     0.0102855      0.079355    0.00239033    -0.0102972      0.999944    -0.0864956
     0.999984   -0.00505818   -0.00255353      0.167931    0.00508585      0.999927     0.0109472     0.0306047    0.00249797      -0.01096      0.999937    -0.0872763
     0.999985   -0.00500843   -0.00240709      0.162753    0.00503449      0.999927     0.0109459     0.0803768     0.0023521    -0.0109578      0.999937    -0.0785008
     0.999985   -0.00443772   -0.00307323      0.157526    0.00447089      0.999931     0.0108692     0.0563385    0.00302478    -0.0108828      0.999936     -0.108201
     0.999985   -0.00466705   -0.00286589      0.166318    0.00469857      0.999927     0.0110927      0.053548    0.00281391     -0.011106      0.999934    -0.0732806
     0.999984   -0.00467095   -0.00304765      0.162056    0.00470286      0.999933     0.0105512     0.0888174    0.00299816    -0.0105654       0.99994    -0.0947342
     0.999984   -0.00483176   -0.00282795       0.16101    0.00486366      0.999923     0.0113861      0.036651    0.00277272    -0.0113996      0.999931    -0.0727404
     0.999984   -0.00471339   -0.00297593      0.164604    0.00474527       0.99993     0.0107973     0.0652301    0.00292483    -0.0108112      0.999937    -0.0576668
     0.999984   -0.00491812   -0.00288694      0.169099     0.0049499      0.999926     0.0111049     0.0478634    0.00283211     -0.011119      0.999934    -0.0924594
     0.999983   -0.00519974   -0.00279941      0.174886    0.00523166       0.99992     0.0115187     0.0363225    0.00273929    -0.0115331       0.99993    -0.0714878
     0.999982   -0.00522994   -0.00290729      0.180316    0.00526026      0.999931     0.0105215     0.0835828    0.00285207    -0.0105366       0.99994    -0.0922643
     0.999982   -0.00520407   -0.00284055      0.179415     0.0052362      0.999921     0.0114241     0.0372669    0.00278087    -0.0114388      0.999931    -0.0815523
     0.999982   -0.00543643   -0.00254208      0.183865    0.00546433      0.999923     0.0111018     0.0529686    0.00248153    -0.0111155      0.999935     -0.035345
     0.999982   -0.00542075   -0.00244873      0.185331    0.00544718      0.999926     0.0109206     0.0645858    0.00238935    -0.0109337      0.999937    -0.0819173
     0.999982   -0.00543712   -0.00265318      0.197271    0.00546658      0.999922     0.0112264     0.0387517    0.00259194    -0.0112407      0.999933    -0.0628722
     0.999981   -0.00564014   -0.00262978        0.2004    0.00566776      0.999928     0.0106155     0.0865336    0.00256971    -0.0106302       0.99994    -0.0813977
     0.999979   -0.00587415   -0.00260854      0.206511    0.00590336      0.999918     0.0113336     0.0549797    0.00254176    -0.0113487      0.999932    -0.0882337
     0.999979   -0.00595405   -0.00245904      0.203921    0.00597989      0.999926     0.0106401     0.0582618    0.00239551    -0.0106546       0.99994    -0.0614339
     0.999979    -0.0057735   -0.00281434      0.202342    0.00580743      0.999909     0.0122007     0.0665252    0.00274364    -0.0122168      0.999922    -0.0479595
     0.999979   -0.00506728   -0.00413964      0.191492    0.00511785      0.999911     0.0122997     0.0597188    0.00407695    -0.0123206      0.999916   -0.00863472
     0.999979   -0.00527886   -0.00374412      0.200188    0.00532025      0.999924     0.0111322     0.0920215    0.00368507    -0.0111519      0.999931     -0.050782
     0.999977   -0.00554436   -0.00389772       0.20662    0.00558904      0.999918     0.0115476     0.0320279    0.00383338    -0.0115691      0.999926    -0.0800281
     0.999978   -0.00542613   -0.00393148      0.204139    0.00546962      0.999923     0.0111378      0.088717    0.00387075    -0.0111591       0.99993     -0.112739
      0.99998   -0.00514099   -0.00367304      0.191023    0.00518134      0.999925     0.0110591     0.0391888    0.00361591    -0.0110779      0.999932     -0.115207
     0.999981   -0.00493056   -0.00364412      0.184246    0.00496826      0.999933     0.0104097     0.0633487    0.00359255    -0.0104276      0.999939    -0.0997116
     0.999979   -0.00513435   -0.00402271      0.193536    0.00517532      0.999934     0.0102428     0.0585315    0.00396985    -0.0102634      0.999939     -0.146114
      0.99998   -0.00524382   -0.00357587      0.197696    0.00527966      0.999935     0.0100883        0.0398    0.00352274    -0.0101069      0.999943     -0.101845
      0.99998   -0.00505661   -0.00383536      0.189967    0.00509619      0.999933     0.0103833     0.0672566     0.0037826    -0.0104026      0.999939      -0.10533
      0.99998   -0.00531447   -0.00349279         0.187    0.00535252      0.999925     0.0109771     0.0127855    0.00343419    -0.0109955      0.999934    -0.0634436
     0.999979   -0.00539384   -0.00363579      0.205021    0.00543214      0.999929     0.0106076     0.0725911    0.00357832    -0.0106271      0.999937    -0.0899515
     0.999978   -0.00546821   -0.00363104      0.207574    0.00550717      0.999926     0.0108102     0.0106602    0.00357166      -0.01083      0.999935    -0.0942147
     0.999978   -0.00553915   -0.00357996      0.218003    0.00557637       0.99993     0.0104693     0.0464753    0.00352172     -0.010489      0.999939    -0.0858044
     0.999976   -0.00577676   -0.00369294      0.223611    0.00581541      0.999928     0.0105417     0.0641176    0.00363178     -0.010563      0.999938     -0.142454
     0.999977   -0.00587694   -0.00349952      0.226652    0.00591404      0.999925     0.0106849     0.0380716    0.00343647    -0.0107054      0.999937     -0.133337
     0.999977   -0.00596694   -0.00308726      0.234795    0.00599818       0.99993     0.0102099     0.0695848    0.00302612    -0.0102282      0.999943     -0.142275
     0.999978   -0.00602173   -0.00295117      0.227917    0.00605345      0.999923     0.0108576      0.025669    0.00288556    -0.0108752      0.999937     -0.134969
     0.999978   -0.00606115   -0.00281312       0.22809    0.00608963      0.999929     0.0102277     0.0580192    0.00275093    -0.0102446      0.999944     -0.106334
     0.999977   -0.00614635   -0.00288921      0.223978    0.00617658      0.999925     0.0105741     0.0600406      0.002824    -0.0105917       0.99994     -0.142191
     0.999977   -0.00605387   -0.00316304      0.226637    0.00608668      0.999927     0.0104692     0.0377943    0.00309943    -0.0104882       0.99994     -0.142913
     0.999976   -0.00608623   -0.00338282      0.229877    0.00611931      0.999933    0.00985328      0.106631    0.00332262   -0.00987375      0.999946     -0.168825
     0.999973   -0.00638121   -0.00357833      0.237434    0.00641793      0.999926     0.0103463     0.0440257    0.00351205     -0.010369       0.99994     -0.170823
     0.999972   -0.00659098   -0.00349077      0.239879     0.0066243      0.999932    0.00962104     0.0579528    0.00342712    -0.0096439      0.999948     -0.152823
     0.999973   -0.00638418   -0.00351498      0.240312    0.00641744      0.999934    0.00953368     0.0698128    0.00345389   -0.00955598      0.999948      -0.16807
     0.999971   -0.00656323   -0.00377149      0.235839    0.00660079      0.999928     0.0100337     0.0394479    0.00370536    -0.0100583      0.999943     -0.171568
     0.999972   -0.00666692   -0.00341267      0.235006     0.0066993      0.999932    0.00956435     0.0620149    0.00334867   -0.00958694      0.999948     -0.146751
     0.999971   -0.00685756   -0.00344132      0.243817    0.00689052       0.99993    0.00966093     0.0491008    0.00337483   -0.00968436      0.999947     -0.176017
      0.99997    -0.0070619   -0.00331021      0.241526    0.00709301       0.99993     0.0094847     0.0373997    0.00324299   -0.00950789       0.99995     -0.152433
     0.999971    -0.0068311   -0.00340967      0.227964    0.00686126      0.999937    0.00891336     0.0647993    0.00334857    -0.0089365      0.999954     -0.169278
     0.999969   -0.00696163   -0.00356819      0.238566    0.00699605      0.999928    0.00972522     0.0458295    0.00350023   -0.00974989      0.999946     -0.193409
      0.99997   -0.00690504   -0.00350763      0.234699    0.00693755      0.999932    0.00934338     0.0393213    0.00344287   -0.00936744       0.99995     -0.165592
     0.999971   -0.00660184   -0.00371078      0.232841    0.00663142      0.999946    0.00801799     0.0772761    0.00365764   -0.00804237      0.999961     -0.188985
     0.999971   -0.00671534   -0.00361868        0.2295    0.00674613      0.999941    0.00856709     0.0174097    0.00356094   -0.00859125      0.999957      -0.17202
     0.999971   -0.00686401   -0.00323972      0.237093    0.00689155       0.99994    0.00856856     0.0728334    0.00318071   -0.00859064      0.999958     -0.175222
      0.99997   -0.00678853   -0.00373873      0.233305    0.00681879      0.999944    0.00813981     0.0674736    0.00368326   -0.00816506       0.99996     -0.206776
     0.999968   -0.00708752    -0.0037923      0.253554    0.00711989      0.999938    0.00858971     0.0389564    0.00373118   -0.00861643      0.999956     -0.176384
     0.999965   -0.00723288    -0.0041026      0.252241    0.00726513      0.999942    0.00789967      0.105986    0.00404523    -0.0079292       0.99996     -0.230077
     0.999966     -0.007307   -0.00393421      0.251285    0.00734014      0.999937    0.00847775     0.0624798    0.00387202   -0.00850634      0.999956     -0.227897
     0.999966   -0.00706523   -0.00416678       0.24908    0.00709802      0.999944    0.00790793     0.0706972    0.00411067   -0.00793724       0.99996     -0.206397
     0.999966   -0.00736481   -0.00377203       0.26585    0.00739365      0.999943    0.00768813      0.108545     0.0037152   -0.00771576      0.999963     -0.252008
     0.999965   -0.00761908   -0.00357185      0.272654    0.00764751      0.999939     0.0080128       0.05883    0.00351058   -0.00803983      0.999962     -0.205719
     0.999964   -0.00765025   -0.00373615      0.278292    0.00767684      0.999945    0.00715442      0.100583    0.00368121   -0.00718284      0.999967     -0.220187
     0.999966   -0.00747443   -0.00361947      0.267016    0.00750211      0.999942    0.00769511     0.0530738    0.00356174     -0.007722      0.999964     -0.214154
     0.999968   -0.00737089   -0.00320078      0.266995    0.00739535      0.999943     0.0076996     0.0870269    0.00314384   -0.00772302      0.999965     -0.161977
     0.999968   -0.00722277   -0.00335661      0.255895    0.00724729      0.999947    0.00734964      0.102945    0.00330335   -0.00737373      0.999967     -0.226954
     0.999967   -0.00735094   -0.00348968      0.258026    0.00737795      0.999942    0.00779302     0.0496272     0.0034322   -0.00781851      0.999964     -0.207117
     0.999968   -0.00717163   -0.00344017      0.257336    0.00719679      0.999947    0.00735917       0.12534    0.00338721   -0.00738369      0.999967     -0.226794
     0.999967   -0.00740757   -0.00326092      0.267872    0.00743303      0.999941    0.00786432     0.0561165    0.00320248   -0.00788831      0.999964     -0.216369
     0.999967   -0.00743086   -0.00316724       0.26056    0.00745307      0.999947    0.00705886     0.0831037    0.00311462   -0.00708224       0.99997     -0.201479
     0.999963   -0.00820666   -0.00257091      0.291938    0.00822977      0.999925    0.00911273    0.00967905    0.00249594   -0.00913355      0.999955     -0.108076
     0.999971   -0.00730596   -0.00231749      0.254835    0.00732316      0.999945    0.00750194      0.141093    0.00226255   -0.00751869      0.999969     -0.153748
     0.999967   -0.00763154   -0.00269629      0.269003     0.0076523       0.99994    0.00777659     0.0503051    0.00263678   -0.00779697      0.999966     -0.155601
     0.999967   -0.00756374    -0.0030984      0.279262    0.00758543      0.999946    0.00704666     0.0966861    0.00304493   -0.00706993       0.99997     -0.166011
     0.999965   -0.00780063   -0.00302679      0.283563      0.007821      0.999946    0.00677596     0.0484724    0.00297378    -0.0067994      0.999972     -0.209029
     0.999965   -0.00786121    -0.0028461       0.28839    0.00787885      0.999949    0.00623971      0.083437     0.0027969   -0.00626191      0.999976       -0.1894
     0.999966   -0.00778319   -0.00284704      0.283081    0.00780156      0.999948    0.00649941     0.0750898     0.0027963    -0.0065214      0.999975     -0.219573
     0.999968   -0.00768258   -0.00241935      0.279207    0.00770027      0.999943    0.00738851     0.0619447    0.00236245    -0.0074069       0.99997     -0.146742
     0.999968   -0.00756328   -0.00247414      0.264789    0.00758076      0.999946    0.00713565      0.138898    0.00242004   -0.00715418      0.999971     -0.198468
     0.999968   -0.00763884    -0.0024907      0.266314    0.00765692      0.999944     0.0073311     0.0417054    0.00243456   -0.00734994       0.99997     -0.155332
     0.999967   -0.00766848   -0.00265208      0.267647    0.00768621      0.999948    0.00674067       0.11903    0.00260025   -0.00676083      0.999974     -0.196333
     0.999966    -0.0078337    -0.0024689      0.264567    0.00785188      0.999941    0.00744358     0.0146511    0.00241045   -0.00746272      0.999969     -0.153241
     0.999966   -0.00766545    -0.0030856      0.276745    0.00768597      0.999948    0.00669499      0.129899    0.00303412   -0.00671848      0.999973     -0.189276
     0.999964   -0.00796208   -0.00295604      0.295481     0.0079824      0.999944    0.00692866     0.0490653    0.00290071     -0.006952      0.999972     -0.198944
     0.999965   -0.00795125   -0.00248984      0.300426    0.00796562      0.999951     0.0058169     0.0634252    0.00244347   -0.00583653       0.99998     -0.182919
     0.999967   -0.00779069   -0.00223761      0.300733    0.00780445       0.99995    0.00620911     0.0760597    0.00218913   -0.00622637      0.999978     -0.202682
     0.999965   -0.00798719    -0.0023046      0.303816    0.00800064      0.999951    0.00588656     0.0633734    0.00225747   -0.00590479       0.99998     -0.192726
     0.999965   -0.00805716   -0.00233143      0.303828     0.0080701      0.999952    0.00559517      0.085314    0.00228624   -0.00561379      0.999982     -0.239044
     0.999966   -0.00790214   -0.00215954      0.296362    0.00791589      0.999948    0.00643311     0.0262331     0.0021086   -0.00644999      0.999977     -0.188034
     0.999965    -0.0079346   -0.00257084      0.297057    0.00794973      0.999951    0.00593079     0.0774296    0.00252365   -0.00595102      0.999979     -0.219197
     0.999966   -0.00786511   -0.00258527      0.295821    0.00788244      0.999946    0.00676191     0.0393633    0.00253195   -0.00678206      0.999974     -0.178491
     0.999966   -0.00778584   -0.00260127      0.286785     0.0078034      0.999946    0.00681096     0.0985494     0.0025481   -0.00683103      0.999973     -0.181584
     0.999966   -0.00773037   -0.00286582      0.290353    0.00774994      0.999946    0.00688049     0.0400834    0.00281247   -0.00690246      0.999972     -0.195708
     0.999965   -0.00787559   -0.00265874      0.288756    0.00789304      0.999947    0.00661533     0.0688914     0.0026065   -0.00663609      0.999975      -0.15941
     0.999965   -0.00784545   -0.00278694      0.296843    0.00786238       0.99995    0.00611549     0.0994694    0.00273882   -0.00613719      0.999977     -0.198689
     0.999966   -0.00778442   -0.00270708      0.288077    0.00780335      0.999945    0.00705489     0.0116771    0.00265201   -0.00707578      0.999971     -0.141772
