# 3dvolreg matrices (DICOM-to-DICOM, row-by-row):
     0.999929    -0.0109668    0.00463444      0.306406     0.0109042      0.999852     0.0133034       1.32666   -0.00477965    -0.0132519      0.999901       0.70357
      0.99992    -0.0116022    0.00498649      0.315991     0.0115333      0.999841     0.0136337       1.34636   -0.00514388    -0.0135751      0.999895      0.726468
     0.999911    -0.0123505    0.00499174      0.330682     0.0122857      0.999842     0.0128182       1.35846   -0.00514927    -0.0127558      0.999905      0.676826
     0.999903     -0.012838    0.00541193      0.334989     0.0127657      0.999831     0.0131926       1.34713   -0.00558039    -0.0131222      0.999898      0.648705
     0.999896    -0.0131561    0.00589439       0.33589     0.0130738      0.999819     0.0137879       1.34723   -0.00607472    -0.0137094      0.999888      0.667094
     0.999895    -0.0132415    0.00584803      0.339587     0.0131642      0.999828     0.0130633       1.37618      -0.00602    -0.0129849      0.999898      0.619852
     0.999889      -0.01359    0.00605134      0.338987     0.0135052      0.999813     0.0138449       1.36224   -0.00623836    -0.0137617      0.999886      0.644463
      0.99989    -0.0135661    0.00606976      0.344654     0.0134838      0.999819     0.0133887       1.37271    -0.0062503    -0.0133054      0.999892      0.659778
     0.999899    -0.0130679    0.00551276      0.347516     0.0129913      0.999822     0.0137003       1.37399   -0.00569081    -0.0136273      0.999891       0.63543
     0.999896    -0.0133256    0.00542622      0.351113     0.0132499      0.999818     0.0137621       1.34912   -0.00560862    -0.0136888      0.999891      0.702742
     0.999908    -0.0126225    0.00501109       0.33132     0.0125546      0.999832     0.0133553       1.39281   -0.00517883    -0.0132912      0.999898      0.634341
     0.999901    -0.0130915    0.00510833      0.354396      0.013024       0.99983      0.013027       1.31255   -0.00527801    -0.0129592      0.999902      0.672624
     0.999903    -0.0129793     0.0050217      0.348172     0.0129145      0.999836     0.0127286       1.36148   -0.00518608    -0.0126626      0.999906      0.637788
     0.999897    -0.0133786    0.00514564      0.352001     0.0133086      0.999821     0.0134128         1.313   -0.00532417     -0.013343      0.999897      0.692519
       0.9999    -0.0133461    0.00472473      0.358683     0.0132859      0.999833     0.0125487       1.37217   -0.00489142    -0.0124847       0.99991      0.605505
     0.999891    -0.0138887    0.00509052      0.372779      0.013819      0.999814      0.013475       1.32058   -0.00527672    -0.0134032      0.999896      0.649404
     0.999885    -0.0142383    0.00515854      0.383051     0.0141715      0.999818     0.0127537       1.39827    -0.0053392    -0.0126791      0.999905      0.606716
     0.999879    -0.0144936    0.00566903       0.37917     0.0144126      0.999797     0.0140691       1.32447   -0.00587179    -0.0139857      0.999885      0.627277
     0.999881    -0.0143973    0.00559099      0.378322     0.0143193      0.999803      0.013739       1.36663   -0.00578769    -0.0136573       0.99989      0.644213
     0.999879    -0.0145475    0.00551384      0.372713     0.0144687      0.999796      0.014071       1.35737   -0.00571742    -0.0139895      0.999886        0.6264
     0.999879    -0.0145086     0.0055824      0.380621     0.0144288      0.999797     0.0140917        1.3479   -0.00578572    -0.0140094      0.999885      0.668375
     0.999889    -0.0138926    0.00533082       0.35899     0.0138183       0.99981     0.0137324       1.39183   -0.00552059    -0.0136572      0.999891      0.659421
     0.999893    -0.0137319    0.00502021      0.361117     0.0136584      0.999803     0.0144045       1.34578   -0.00521702    -0.0143344      0.999884      0.677468
      0.99989     -0.014028    0.00487671      0.376061     0.0139618      0.999813     0.0133462       1.38259   -0.00506302    -0.0132767      0.999899      0.700542
     0.999891    -0.0138964    0.00489491      0.378848     0.0138299      0.999815     0.0133585       1.37883   -0.00507964    -0.0132893      0.999899      0.658145
     0.999884    -0.0142401     0.0053714      0.392196     0.0141628      0.999799     0.0141676       1.31307   -0.00557207    -0.0140899      0.999885      0.695771
     0.999884    -0.0143096    0.00527663      0.382033     0.0142391      0.999812     0.0131634       1.40998     -0.005464    -0.0130867      0.999899      0.668039
     0.999876    -0.0146966    0.00558802      0.393391     0.0146157      0.999792      0.014239       1.32704   -0.00579612    -0.0141555      0.999883      0.665568
     0.999877    -0.0145952    0.00571568      0.390173     0.0145133      0.999795     0.0141184       1.33401   -0.00592057    -0.0140337      0.999884      0.679934
     0.999877    -0.0146915    0.00544648       0.38796      0.014614      0.999795     0.0140117       1.36657   -0.00565122    -0.0139304      0.999887      0.644533
     0.999876    -0.0147782    0.00549176      0.405521     0.0147003      0.999795     0.0139579       1.33468   -0.00569691    -0.0138754      0.999888      0.662794
     0.999876    -0.0146925    0.00560796      0.408795     0.0146159      0.999803     0.0134529       1.39261   -0.00580451    -0.0133692      0.999894      0.658951
     0.999877    -0.0147436    0.00543832      0.412529     0.0146661      0.999794     0.0140258       1.34451   -0.00564399    -0.0139443      0.999887      0.648676
     0.999874    -0.0148732    0.00562549      0.411378      0.014794      0.999795     0.0138591        1.3603   -0.00583046    -0.0137741      0.999888      0.679461
     0.999875    -0.0147835    0.00566624      0.403874     0.0147044      0.999797     0.0137662       1.38446    -0.0058686    -0.0136812      0.999889      0.663526
      0.99987    -0.0150336     0.0057633      0.424351     0.0149499      0.999786     0.0143003        1.3284   -0.00597705    -0.0142123      0.999881      0.670407
     0.999868    -0.0151806    0.00584955      0.426899     0.0150999      0.999794     0.0135941       1.39317   -0.00605471    -0.0135039       0.99989      0.673603
     0.999868    -0.0151379    0.00593839       0.41483     0.0150561      0.999794     0.0135901       1.37132   -0.00614289    -0.0134989       0.99989      0.654568
     0.999866    -0.0153076    0.00577987      0.427491     0.0152239      0.999782      0.014271       1.33635   -0.00599707    -0.0141811      0.999881      0.683028
     0.999871    -0.0149928    0.00574876      0.409901     0.0149137      0.999797     0.0135694       1.40878   -0.00595103    -0.0134819      0.999891      0.655173
     0.999864    -0.0154017    0.00592456      0.418271     0.0153152      0.999779     0.0143793        1.3349   -0.00614472    -0.0142866      0.999879      0.663645
      0.99986    -0.0156277    0.00602336      0.426256     0.0155374       0.99977     0.0147636       1.33107    -0.0062527     -0.014668      0.999873      0.698601
     0.999853    -0.0156987    0.00690545      0.425522      0.015585      0.999747     0.0162204       1.31623   -0.00715834    -0.0161104      0.999845      0.786647
     0.999855    -0.0158091    0.00632995      0.437471     0.0157162      0.999772     0.0144655       1.37697   -0.00655719    -0.0143639      0.999875      0.709702
     0.999853    -0.0159131    0.00641467      0.432835     0.0158126      0.999756      0.015419       1.31357   -0.00665847    -0.0153153      0.999861      0.714143
     0.999851     -0.016018    0.00641118      0.437311     0.0159262      0.999774     0.0141175       1.32704   -0.00663586    -0.0140133       0.99988      0.709544
     0.999852    -0.0159953    0.00629057        0.4348     0.0159031      0.999769     0.0144414       1.32305   -0.00652011    -0.0143392      0.999876      0.660262
     0.999851      -0.01606    0.00634717      0.433981     0.0159706      0.999776     0.0138931       1.32648   -0.00656887    -0.0137897      0.999883      0.717689
     0.999844      -0.01645    0.00640596      0.441892     0.0163621      0.999774     0.0135385       1.38682   -0.00662722    -0.0134316      0.999888      0.654565
     0.999843    -0.0164769    0.00653509      0.440342     0.0163814      0.999762     0.0144167       1.32369   -0.00677108    -0.0143074      0.999875      0.666069
     0.999842    -0.0164438    0.00671874      0.447578     0.0163495       0.99977     0.0138468       1.37543   -0.00694489    -0.0137348      0.999882      0.679132
     0.999844    -0.0162501    0.00698813       0.44222     0.0161497      0.999769     0.0141912       1.36508   -0.00721712    -0.0140761      0.999875      0.654949
     0.999845      -0.01624    0.00685145      0.449371       0.01614      0.999766     0.0144122       1.33634    -0.0070839    -0.0142994      0.999873      0.673893
     0.999845    -0.0161489    0.00704765      0.444509     0.0160517      0.999778     0.0136354       1.39577   -0.00726628    -0.0135201      0.999882      0.637769
     0.999843    -0.0163401    0.00690658      0.446611     0.0162431      0.999772     0.0138854       1.33897   -0.00713189     -0.013771       0.99988      0.651879
     0.999844    -0.0161763    0.00708907      0.436915     0.0160807      0.999782     0.0133444       1.41288   -0.00730338    -0.0132283      0.999886      0.653725
     0.999849    -0.0160738     0.0066203      0.449616     0.0159832      0.999781     0.0135277       1.33918   -0.00683629    -0.0134198      0.999887      0.616978
     0.999847    -0.0162915    0.00643875      0.456489     0.0162041      0.999779      0.013397       1.36443   -0.00665558    -0.0132906       0.99989      0.645173
     0.999844    -0.0163663    0.00668852      0.447868     0.0162751      0.999777     0.0134644       1.34151   -0.00690739    -0.0133534      0.999887      0.621286
      0.99984     -0.016469    0.00692974      0.461141     0.0163717       0.99977     0.0138704        1.3257   -0.00715657    -0.0137548       0.99988      0.654617
     0.999841    -0.0164452     0.0068996      0.456101     0.0163491      0.999772     0.0137549       1.36013   -0.00712423    -0.0136399      0.999882      0.638903
     0.999836    -0.0167382    0.00698565      0.460344     0.0166362      0.999758     0.0144181       1.31246   -0.00722529    -0.0142995      0.999872       0.66058
      0.99984    -0.0165693    0.00680999      0.458641     0.0164738      0.999768     0.0138437       1.35353   -0.00703779    -0.0137293      0.999881      0.645546
     0.999836    -0.0167428    0.00685808      0.455342     0.0166401      0.999752     0.0147716       1.30497    -0.0071037     -0.014655      0.999867      0.639064
      0.99983    -0.0168965    0.00733234      0.453915     0.0167866      0.999749     0.0148065       1.33768   -0.00758068    -0.0146809      0.999863      0.679702
     0.999843    -0.0164172    0.00671696      0.443939      0.016319      0.999763     0.0144183       1.37836   -0.00695208    -0.0143064      0.999873      0.630835
     0.999834    -0.0168118    0.00698969      0.449704     0.0167061      0.999749     0.0149227       1.33006   -0.00723881    -0.0148035      0.999864      0.664854
      0.99983    -0.0169842    0.00716821      0.440308     0.0168763      0.999747      0.014859       1.38779   -0.00741876    -0.0147355      0.999864      0.675447
     0.999831    -0.0169349    0.00712371      0.431516     0.0168195      0.999731     0.0159642       1.35192   -0.00739215    -0.0158417      0.999847      0.675332
     0.999829    -0.0171042    0.00701026       0.44097     0.0169981      0.999744     0.0149301       1.35537   -0.00726383    -0.0148084      0.999864      0.665702
     0.999834    -0.0168009    0.00700429      0.431762     0.0166956      0.999751     0.0148316       1.36811   -0.00725173    -0.0147122      0.999865      0.620942
     0.999831     -0.017074       0.00686      0.448062     0.0169688      0.999742     0.0151011       1.33573   -0.00711606    -0.0149821      0.999862      0.634396
     0.999827    -0.0170988    0.00727782      0.442673     0.0169936      0.999754     0.0142741       1.38546    -0.0075201     -0.014148      0.999872      0.635543
     0.999827    -0.0171444     0.0072227      0.438653     0.0170334       0.99974     0.0151593       1.33314   -0.00748072    -0.0150336      0.999859       0.64898
     0.999824    -0.0172042    0.00749284      0.446282     0.0170856      0.999732     0.0156091       1.31737   -0.00775938    -0.0154783       0.99985      0.677474
     0.999832    -0.0168548    0.00722449      0.429707     0.0167432      0.999744     0.0152427       1.37328   -0.00747954    -0.0151191      0.999858       0.63076
     0.999828    -0.0171164    0.00719179      0.433916      0.017002      0.999733     0.0156748       1.33896   -0.00745816    -0.0155498      0.999851      0.659895
      0.99983    -0.0169153    0.00729536      0.424131     0.0167985      0.999734     0.0157829       1.36926    -0.0075604    -0.0156576      0.999849      0.683882
     0.999831    -0.0170035    0.00695425      0.434903     0.0168906       0.99973     0.0159846       1.35894   -0.00722417    -0.0158645      0.999848      0.659874
     0.999828    -0.0171184    0.00718026      0.433651     0.0170022      0.999728     0.0159502       1.34852   -0.00745135    -0.0158254      0.999847      0.692679
     0.999832    -0.0167895    0.00737659      0.419571     0.0166713      0.999736     0.0158046       1.39494      -0.00764     -0.015679      0.999848       0.66218
     0.999827    -0.0170786    0.00733299      0.426635     0.0169564      0.999721     0.0164246       1.32989   -0.00761145    -0.0162974      0.999838      0.686457
     0.999828    -0.0170007    0.00738712      0.422352     0.0168858      0.999739     0.0153562       1.38712   -0.00764627    -0.0152288      0.999855      0.658378
     0.999823    -0.0172772     0.0075101      0.428403     0.0171582      0.999731     0.0156317         1.351   -0.00777815       -0.0155       0.99985      0.646044
     0.999822    -0.0173131    0.00744456      0.423878     0.0171882      0.999716     0.0165273       1.31223   -0.00772858    -0.0163964      0.999836      0.689978
     0.999826    -0.0171761    0.00723682      0.422349     0.0170577      0.999725     0.0161209       1.36796   -0.00751172    -0.0159946      0.999844      0.643556
     0.999825     -0.017315     0.0071102       0.42527     0.0171963      0.999717     0.0164281       1.32958   -0.00739265     -0.016303       0.99984      0.668858
      0.99982    -0.0173771    0.00759791      0.419214     0.0172491      0.999714     0.0165906       1.32864   -0.00788403    -0.0164565      0.999833      0.703918
     0.999825    -0.0172739    0.00716693      0.416935     0.0171544      0.999718     0.0164124       1.35565   -0.00744842    -0.0162865       0.99984      0.673653
     0.999825    -0.0173145    0.00707566      0.420067      0.017195      0.999714     0.0166121        1.3397   -0.00736127    -0.0164875      0.999837      0.692501
     0.999826    -0.0171488    0.00733274      0.412745     0.0170239      0.999714     0.0167698       1.37344   -0.00761822     -0.016642      0.999832      0.706298
     0.999824    -0.0172877    0.00726937      0.416434     0.0171662      0.999717     0.0164575       1.37107   -0.00755183    -0.0163298      0.999838      0.665154
     0.999824    -0.0173248    0.00725303      0.418673     0.0172015      0.999712     0.0167261       1.34874   -0.00754072    -0.0165984      0.999834      0.701187
     0.999825    -0.0171592    0.00743962       0.41178     0.0170348      0.999719     0.0164816       1.40036   -0.00772034     -0.016352      0.999836      0.677537
     0.999824    -0.0172708    0.00736293      0.408629     0.0171476      0.999717     0.0164848       1.34981   -0.00764555    -0.0163556      0.999837      0.661302
      0.99982    -0.0174381    0.00753329      0.416756     0.0173105      0.999711     0.0166799       1.34294   -0.00782198    -0.0165465      0.999833       0.69246
     0.999824    -0.0172552    0.00737279      0.415259     0.0171295      0.999712     0.0167814       1.37204   -0.00766024    -0.0166521      0.999832      0.662493
     0.999814    -0.0176338    0.00775856       0.45113     0.0174999      0.999702     0.0169919       1.29301   -0.00805588     -0.016853      0.999826      0.713685
     0.999817    -0.0175658    0.00759751      0.437477     0.0174381      0.999711     0.0165595       1.37544    -0.0078862     -0.016424      0.999834      0.672451
     0.999819    -0.0175554    0.00739285       0.43368      0.017432      0.999713     0.0164396       1.32976   -0.00767933    -0.0163077      0.999838      0.667054
     0.999818    -0.0174533    0.00769445      0.435067     0.0173283      0.999721     0.0160207       1.35774   -0.00797192    -0.0158844      0.999842      0.672425
     0.999822    -0.0174418    0.00721242      0.440242       0.01732      0.999712     0.0166184       1.35643    -0.0075002    -0.0164905      0.999836      0.649405
     0.999811    -0.0177226    0.00795413      0.457027     0.0175841      0.999698      0.017158         1.347   -0.00825581    -0.0170149      0.999821      0.799574
     0.999815    -0.0176715     0.0075985      0.456727     0.0175454      0.999712       0.01635        1.3568   -0.00788524    -0.0162136      0.999837      0.750358
     0.999811    -0.0179219     0.0075329      0.473744     0.0178026      0.999719     0.0156263        1.3649   -0.00781084    -0.0154892       0.99985      0.759769
     0.999806    -0.0180451    0.00790985      0.459064     0.0179175      0.999713     0.0159211       1.39132   -0.00819487    -0.0157763      0.999842      0.682939
     0.999808     -0.017984    0.00779951      0.459181     0.0178573      0.999712     0.0160122       1.35859   -0.00808523    -0.0158698      0.999841      0.731446
     0.999811    -0.0179316     0.0075529      0.452471      0.017811      0.999718     0.0157358       1.38471   -0.00783294    -0.0155983      0.999848      0.671261
     0.999806    -0.0182038     0.0074616      0.459491     0.0180839      0.999711     0.0158404       1.32255   -0.00774779    -0.0157024      0.999847      0.718425
     0.999803    -0.0182889    0.00770529      0.459046      0.018172      0.999723     0.0149873       1.38515   -0.00797725    -0.0148444      0.999858      0.683505
     0.999801    -0.0183462    0.00783923      0.458467     0.0182243      0.999716      0.015344       1.31537   -0.00811851    -0.0151981      0.999852      0.677221
     0.999802     -0.018509    0.00731536       0.47975     0.0184004      0.999724     0.0146404       1.38912   -0.00758431    -0.0145029      0.999866      0.656429
       0.9998    -0.0186962    0.00713652      0.478015     0.0185926      0.999725      0.014317       1.36681   -0.00740223    -0.0141815      0.999872      0.616139
       0.9998    -0.0187472    0.00700036      0.462855      0.018636      0.999704     0.0156293       1.33946   -0.00729129    -0.0154957      0.999853      0.677002
       0.9998    -0.0187454    0.00700878      0.464176     0.0186407      0.999718     0.0147145       1.41599   -0.00728263    -0.0145809      0.999867      0.658174
     0.999801     -0.018766    0.00670162      0.460616     0.0186616      0.999709     0.0153118       1.36575     -0.006987    -0.0151837       0.99986      0.648354
     0.999804     -0.018606    0.00676359      0.459964     0.0185017      0.999714     0.0151778       1.36988   -0.00704405    -0.0150497      0.999862      0.683243
     0.999804    -0.0186155    0.00681031      0.457856     0.0185153      0.999724     0.0144904       1.39489   -0.00707817    -0.0143615      0.999872      0.636763
     0.999801    -0.0186813     0.0070131      0.449016     0.0185744      0.999715     0.0150148       1.34924    -0.0072916    -0.0148816      0.999863      0.662047
     0.999807      -0.01843    0.00686457      0.446992     0.0183271      0.999723     0.0147641        1.3829   -0.00713477    -0.0146355      0.999867      0.671267
     0.999807    -0.0184692    0.00675005       0.45137     0.0183685      0.999723     0.0146839       1.36942   -0.00701938    -0.0145571      0.999869      0.632214
     0.999805    -0.0184574    0.00696791      0.456618      0.018351      0.999718     0.0150402       1.34805   -0.00724355    -0.0149094      0.999863      0.669312
     0.999808    -0.0183307    0.00694214      0.443734     0.0182282      0.999728     0.0145462       1.39893    -0.0072069    -0.0144169       0.99987      0.629595
     0.999808    -0.0183407    0.00691285      0.453394     0.0182357      0.999722     0.0149653        1.3502   -0.00718541    -0.0148363      0.999864      0.639113
     0.999804     -0.018484    0.00707239      0.464263     0.0183793      0.999725     0.0145914       1.38193   -0.00734015    -0.0144585      0.999869      0.652171
     0.999801    -0.0186164     0.0071297      0.473955     0.0185094      0.999719     0.0147832       1.36989   -0.00740291    -0.0146483      0.999865      0.614697
     0.999801     -0.018591    0.00723687      0.473197     0.0184812      0.999717     0.0149468       1.37441    -0.0075127    -0.0148101      0.999862      0.659523
     0.999799    -0.0186196    0.00737033      0.470912     0.0185108      0.999722     0.0145746       1.40297   -0.00763966    -0.0144352      0.999867      0.644184
     0.999796    -0.0188136    0.00730419      0.483816     0.0187021      0.999712       0.01505       1.36798   -0.00758523    -0.0149104       0.99986      0.621787
      0.99979    -0.0189569    0.00778012      0.491748     0.0188338      0.999701     0.0156067       1.38258   -0.00807365    -0.0154569      0.999848       0.65593
     0.999792    -0.0189278    0.00764944      0.491191     0.0188096      0.999707      0.015243       1.39125   -0.00793571     -0.015096      0.999855      0.620997
     0.999791    -0.0189578    0.00766788       0.48503      0.018832      0.999692     0.0161586       1.32859   -0.00797185    -0.0160108       0.99984      0.658548
     0.999795    -0.0188266    0.00746375      0.473495     0.0187111      0.999709     0.0152532       1.42185   -0.00774874    -0.0151104      0.999856      0.632527
     0.999801     -0.018636    0.00712972      0.472518     0.0185235      0.999708     0.0155315       1.36098   -0.00741708    -0.0153964      0.999854      0.610513
       0.9998    -0.0185671     0.0073821      0.469405     0.0184512       0.99971     0.0154654       1.36505   -0.00766711    -0.0153261      0.999853      0.649643
     0.999797    -0.0187716    0.00729473      0.472965     0.0186575      0.999707     0.0153957       1.38731    -0.0075816    -0.0152565      0.999855      0.601302
     0.999795    -0.0188554    0.00743475      0.480579     0.0187379      0.999703     0.0155683       1.33687   -0.00772609    -0.0154258      0.999851      0.652337
     0.999797    -0.0188308    0.00723092       0.48554     0.0187169      0.999704     0.0155157       1.40509   -0.00752095    -0.0153772      0.999853      0.653285
     0.999801    -0.0186229    0.00720116      0.475909     0.0185085      0.999706     0.0156402        1.3877   -0.00749031    -0.0155038      0.999852      0.629052
     0.999798    -0.0187217    0.00736132      0.480865     0.0186039      0.999703     0.0157555       1.39284    -0.0076541    -0.0156154      0.999849      0.677543
     0.999794    -0.0189383    0.00732636       0.48682      0.018822      0.999701     0.0156331       1.41221   -0.00762023     -0.015492      0.999851      0.617823
     0.999792    -0.0190075    0.00740103      0.496295     0.0188882      0.999696     0.0158725       1.35576   -0.00770047    -0.0157294      0.999847      0.654423
      0.99979    -0.0190494    0.00757966      0.492001     0.0189307      0.999702     0.0154364       1.44117   -0.00787145    -0.0152897      0.999852      0.635833
     0.999789    -0.0191575    0.00742691      0.504597     0.0190415        0.9997     0.0153883       1.37723   -0.00771948    -0.0152437      0.999854      0.635754
      0.99979    -0.0190823    0.00747828       0.50389     0.0189654      0.999702     0.0153972       1.38477   -0.00776986    -0.0152521      0.999853      0.648315
     0.999793     -0.019056    0.00715653       0.49311     0.0189429        0.9997     0.0155544       1.38584   -0.00745078    -0.0154156      0.999853      0.621125
     0.999791    -0.0190812    0.00730801      0.489881     0.0189622      0.999692     0.0160266       1.36309   -0.00761156    -0.0158847      0.999845      0.663153
     0.999791    -0.0190246    0.00744441      0.488017     0.0189053      0.999697      0.015778       1.40781   -0.00774233     -0.015634      0.999848      0.642421
     0.999786    -0.0192323    0.00761918      0.500301     0.0191078      0.999688     0.0160927       1.32961    -0.0079263    -0.0159437      0.999841      0.649145
     0.999784    -0.0192833    0.00778345      0.496858      0.019159      0.999693       0.01574       1.39231   -0.00808457    -0.0155874      0.999846       0.66578
     0.999794    -0.0189279    0.00735017       0.48713     0.0188086      0.999695     0.0159746       1.37272    -0.0076503     -0.015833      0.999845      0.627348
     0.999789    -0.0190563    0.00770871      0.499424     0.0189305      0.999691     0.0160792       1.35499   -0.00801274    -0.0159299      0.999841      0.666089
     0.999793     -0.018948    0.00742283      0.487018     0.0188253       0.99969     0.0162643       1.41688   -0.00772871    -0.0161212       0.99984      0.660405
     0.999791    -0.0191039    0.00728146      0.497944     0.0189707      0.999659     0.0179498       1.32167   -0.00762188    -0.0178079      0.999812      0.824337
     0.999791     -0.018972    0.00757291       0.48044     0.0188454      0.999687     0.0164558       1.39215   -0.00788274    -0.0163096      0.999836      0.722095
     0.999789    -0.0189444    0.00797996      0.489109     0.0188117      0.999689     0.0163913       1.36721     -0.008288    -0.0162377      0.999834       0.75034
     0.999794    -0.0188846    0.00749161       0.48558     0.0187656      0.999702     0.0156412        1.4232   -0.00778475    -0.0154974       0.99985      0.666118
     0.999786    -0.0192103    0.00771797       0.48636     0.0190827      0.999685     0.0162712        1.3536   -0.00802812    -0.0161204      0.999838       0.68751
     0.999787    -0.0191217    0.00776236       0.47167     0.0189972      0.999695     0.0157992       1.44333   -0.00806209    -0.0156484      0.999845      0.668315
     0.999793    -0.0189217    0.00742134      0.467557     0.0188006      0.999694     0.0160575       1.37813    -0.0077229    -0.0159146      0.999844      0.649143
     0.999795    -0.0187813     0.0075572      0.464149     0.0186585      0.999698     0.0160095       1.41214   -0.00785559    -0.0158653      0.999843      0.671873
     0.999794    -0.0189021    0.00741295      0.464009     0.0187804      0.999693     0.0161632       1.37308   -0.00771619    -0.0160206      0.999842       0.65704
      0.99979    -0.0190775    0.00749322      0.481786     0.0189595        0.9997     0.0155188       1.41191   -0.00778703    -0.0153734      0.999851      0.659972
     0.999791     -0.019117    0.00730856      0.476026     0.0189956      0.999686     0.0163322       1.36522   -0.00761848      -0.01619       0.99984      0.649544
     0.999794    -0.0189086    0.00744128      0.468997     0.0187858      0.999692     0.0162416       1.37627   -0.00774609    -0.0160984       0.99984       0.68629
     0.999793    -0.0189109    0.00757176      0.471612     0.0187857      0.999691     0.0162702        1.3587   -0.00787711    -0.0161246      0.999839      0.646172
     0.999788    -0.0190809    0.00771663      0.475235     0.0189563      0.999694     0.0159076       1.37859    -0.0080178     -0.015758      0.999844      0.689433
     0.999792    -0.0189606    0.00750395      0.469334     0.0188442      0.999705     0.0152945       1.37637   -0.00779173    -0.0151499      0.999855      0.641791
     0.999787    -0.0192401    0.00744071      0.472436     0.0191194       0.99969     0.0159669       1.36887    -0.0077456    -0.0158212      0.999845      0.683007
     0.999787    -0.0191533    0.00767814      0.469505     0.0190347      0.999703     0.0152379       1.42996   -0.00796772    -0.0150885      0.999854      0.665329
     0.999787    -0.0191128    0.00776371       0.47249     0.0189869      0.999692     0.0159787       1.34962   -0.00806672    -0.0158279      0.999842       0.66747
      0.99978    -0.0194316    0.00795662      0.481575     0.0193029      0.999687     0.0159401       1.38725   -0.00826386     -0.015783      0.999841       0.69447
     0.999778    -0.0195374    0.00784327      0.476104     0.0194094      0.999682     0.0160727       1.40885    -0.0081548    -0.0159169       0.99984      0.645825
     0.999778    -0.0195755    0.00783921      0.475914      0.019442       0.99967     0.0167611        1.3412   -0.00816474     -0.016605      0.999829      0.674413
     0.999779    -0.0195348    0.00781148      0.468893     0.0194083      0.999684     0.0159598       1.41224   -0.00812079    -0.0158047      0.999842      0.634914
      0.99978    -0.0195515    0.00754232      0.474475     0.0194264      0.999678     0.0163259       1.38149   -0.00785909    -0.0161758      0.999838      0.628091
     0.999774    -0.0196928    0.00804376      0.477651     0.0195593      0.999675     0.0163433       1.39314     -0.008363    -0.0161823      0.999834      0.671902
      0.99978    -0.0195393     0.0076568      0.483809     0.0194162      0.999686     0.0158284        1.3963   -0.00796367    -0.0156763      0.999845      0.609819
     0.999779    -0.0194857    0.00790627      0.487312     0.0193532      0.999677     0.0165009       1.34551   -0.00822524    -0.0163442      0.999833      0.672311
      0.99978    -0.0195138    0.00763535      0.493827     0.0193941      0.999693     0.0154486       1.42397   -0.00793447    -0.0152971      0.999852      0.615152
     0.999785    -0.0194584    0.00714337      0.496657     0.0193417      0.999684     0.0160514       1.36272   -0.00745345    -0.0159098      0.999846      0.617307
      0.99978    -0.0195638    0.00751413      0.499898     0.0194458      0.999691     0.0154726       1.36997   -0.00781451    -0.0153231      0.999852      0.651054
     0.999783    -0.0194063    0.00751945      0.482897     0.0192884      0.999695     0.0154419       1.39669   -0.00781683    -0.0152935      0.999852      0.632716
      0.99978    -0.0196245    0.00746441      0.482518     0.0195011      0.999677     0.0162667       1.36092   -0.00778123    -0.0161175       0.99984      0.671428
     0.999777    -0.0196828    0.00764517      0.484667     0.0195613      0.999686     0.0156632       1.40444   -0.00795107    -0.0155102      0.999848      0.668572
     0.999781    -0.0195045     0.0076206      0.476192     0.0193806      0.999684      0.015997       1.37908   -0.00793021    -0.0158458      0.999843      0.666023
     0.999783    -0.0194143    0.00751975      0.470826     0.0192903      0.999682     0.0162325       1.38279    -0.0078325    -0.0160839       0.99984      0.688538
      0.99978    -0.0196389    0.00742714      0.483063     0.0195241      0.999693     0.0152234       1.43936   -0.00772384     -0.015075      0.999857      0.637592
     0.999779    -0.0197208    0.00723655       0.48385     0.0196058      0.999686     0.0156311       1.37976   -0.00754253    -0.0154858      0.999852      0.696222
      0.99979    -0.0192358    0.00712065      0.492545     0.0191263      0.999703      0.015133       1.37897   -0.00740963    -0.0149936       0.99986      0.796518
     0.999785    -0.0193386    0.00753891      0.496586     0.0192198      0.999695     0.0155327       1.37066   -0.00783699    -0.0153845      0.999851      0.772186
     0.999778     -0.019606    0.00775379      0.507593     0.0194853      0.999692     0.0153485       1.37472   -0.00805233     -0.015194      0.999852      0.742151
     0.999772    -0.0199054     0.0077553      0.507396     0.0197845      0.999686     0.0153714       1.36127   -0.00805884    -0.0152144      0.999852      0.668681
     0.999772    -0.0199274    0.00761515      0.509089     0.0198056       0.99968     0.0157582       1.35465   -0.00792673    -0.0156038      0.999847      0.710119
     0.999775     -0.019795    0.00764599        0.4855     0.0196697      0.999676     0.0161251       1.42694   -0.00796271    -0.0159711      0.999841      0.672067
     0.999773    -0.0201486    0.00691595      0.499732     0.0200221       0.99964     0.0178843       1.35801    -0.0072738    -0.0177418      0.999816      0.769277
     0.999783    -0.0197409    0.00670173       0.49609     0.0196319       0.99968     0.0159601       1.41844   -0.00701465    -0.0158251       0.99985      0.666369
     0.999788    -0.0194528    0.00675855      0.489943     0.0193504      0.999702     0.0149033       1.39721   -0.00704645    -0.0147694      0.999866      0.709223
     0.999793    -0.0193348    0.00632852      0.479804     0.0192366      0.999699     0.0152276       1.41336   -0.00662104    -0.0151027      0.999864      0.668181
     0.999795     -0.019262      0.006193      0.484253     0.0191639      0.999696     0.0155236       1.33984   -0.00649013    -0.0154017       0.99986       0.72411
     0.999801    -0.0190007    0.00601618      0.464905     0.0189138       0.99972     0.0141876       1.41198   -0.00628408     -0.014071      0.999881      0.683982
     0.999799    -0.0191414    0.00596117      0.468747     0.0190529      0.999712     0.0145718       1.36999   -0.00623838    -0.0144553      0.999876      0.694011
     0.999802     -0.018996    0.00586648      0.456636     0.0189129      0.999724     0.0139077        1.4182   -0.00612905     -0.013794      0.999886      0.696134
     0.999803    -0.0189894    0.00575567      0.461666      0.018903      0.999713      0.014699       1.34845   -0.00603315    -0.0145873      0.999875      0.699683
     0.999806    -0.0187836    0.00599833      0.457577     0.0186923      0.999714     0.0149255       1.38025   -0.00627697    -0.0148105      0.999871      0.744898
     0.999801    -0.0190401    0.00590463      0.461808     0.0189493      0.999707     0.0150671       1.38122   -0.00618978    -0.0149522      0.999869      0.676794
     0.999798    -0.0191315    0.00612507      0.462937     0.0190375      0.999706     0.0150485       1.37387   -0.00641116    -0.0149288      0.999868      0.725861
     0.999799    -0.0190202    0.00628215      0.459889     0.0189254      0.999711     0.0148196       1.40217    -0.0065622    -0.0146978       0.99987      0.689424
     0.999799    -0.0190801    0.00615208      0.459412     0.0189827      0.999699     0.0155147       1.36072   -0.00644626    -0.0153948      0.999861      0.723379
     0.999805     -0.018717    0.00632466      0.457202     0.0186222      0.999718     0.0147429       1.44272   -0.00659882    -0.0146222      0.999871       0.72952
     0.999803     -0.018868    0.00618944      0.461936     0.0187673      0.999697     0.0159453       1.41107   -0.00648841     -0.015826      0.999854      0.692645
     0.999807    -0.0184783    0.00667297      0.456072     0.0183732      0.999711     0.0154862        1.5122    -0.0069572    -0.0153606      0.999858      0.711472
     0.999793    -0.0193446    0.00629256      0.508476     0.0192454      0.999695     0.0154522       1.32814   -0.00658956    -0.0153279      0.999861      0.727609
     0.999791    -0.0196263     0.0057001      0.513929     0.0195396      0.999698     0.0148881       1.37352   -0.00599057    -0.0147736      0.999873      0.707195
     0.999791    -0.0195171    0.00605383      0.499116     0.0194252      0.999701     0.0148827       1.40306   -0.00634248     -0.014762      0.999871      0.738452
     0.999799    -0.0193169    0.00542785      0.494769     0.0192302      0.999693      0.015595       1.39155   -0.00572743    -0.0154875      0.999864      0.736524
     0.999799     -0.019303    0.00539299      0.494002     0.0192138      0.999685     0.0161169       1.37431    -0.0057024      -0.01601      0.999856      0.813303
       0.9998    -0.0193808    0.00499168      0.494509     0.0193055      0.999705     0.0147175       1.37017   -0.00527544    -0.0146182      0.999879      0.733263
     0.999803    -0.0193144    0.00456925      0.497663     0.0192451      0.999706      0.014753       1.40062   -0.00485286    -0.0146621      0.999881      0.710646
     0.999815    -0.0186202    0.00483146      0.461574     0.0185501      0.999728     0.0141651       1.40824    -0.0050939    -0.0140729      0.999888      0.719461
     0.999838    -0.0175223    0.00401797      0.429062     0.0174709       0.99977     0.0124763       1.38381   -0.00423565    -0.0124041      0.999914      0.625118
     0.999882    -0.0147689     0.0041388      0.358453     0.0147428      0.999872    0.00627299       1.57732   -0.00423092   -0.00621123      0.999972      0.384638
     0.999891    -0.0138105    0.00520767      0.301042     0.0138078      0.999905   0.000560934       1.60281   -0.00521491  -0.000488967      0.999986      0.327795
     0.999897     -0.013595    0.00465696      0.297197     0.0135953      0.999908   -3.0869e-05       1.62996   -0.00465611   9.41785e-05      0.999989      0.348233
     0.999879    -0.0145964    0.00542266      0.287728     0.0145866      0.999892    0.00183668       1.55613   -0.00544889   -0.00175735      0.999984      0.431912
     0.999881    -0.0145617    0.00506151      0.284864     0.0145588      0.999894   0.000616831       1.61234   -0.00506996  -0.000543068      0.999987      0.433938
     0.999876    -0.0146268    0.00580876      0.275731      0.014627      0.999893  -7.74486e-06       1.54144   -0.00580803    9.2709e-05      0.999983      0.450587
     0.999874     -0.014762    0.00584364       0.27327     0.0147632      0.999891  -0.000166012       1.57001   -0.00584055   0.000252262      0.999983      0.478785
     0.999879    -0.0146182    0.00527914      0.270195     0.0146175      0.999893   0.000172795       1.58194    -0.0052811  -9.56061e-05      0.999986      0.454131
     0.999872    -0.0147683    0.00620835      0.271206      0.014765      0.999891   0.000583486       1.52351   -0.00621629  -0.000491745      0.999981      0.537611
     0.999873    -0.0147483    0.00606361      0.250053     0.0147417      0.999891    0.00112543       1.52142   -0.00607954    -0.0010359      0.999981      0.560444
      0.99989    -0.0138549    0.00523799      0.214668      0.013854      0.999904   0.000214528       1.76553   -0.00524046  -0.000141938      0.999986      0.371346
     0.999885    -0.0141982    0.00531914      0.255772     0.0141891      0.999898     0.0017428       1.55148   -0.00534334   -0.00166713      0.999984      0.540421
     0.999878    -0.0147895    0.00508459      0.279462     0.0147798      0.999889    0.00194025       1.37264   -0.00511272   -0.00186487      0.999985      0.611153
     0.999877    -0.0148911    0.00494219      0.270546     0.0148791      0.999886    0.00245153       1.48921   -0.00497814   -0.00237769      0.999985       0.59733
     0.999866     -0.015267    0.00590134      0.265788     0.0152425      0.999875    0.00418215       1.42834   -0.00596445   -0.00409164      0.999974       0.67732
     0.999877    -0.0144805    0.00594723      0.222483     0.0144617       0.99989    0.00320412       1.54422   -0.00599297   -0.00311772      0.999977      0.688195
