# 3dvolreg matrices (DICOM-to-DICOM, row-by-row):
     0.999952   -0.00982505   0.000531356      0.297052    0.00981839      0.999887     0.0113423      -2.63349  -0.000642735    -0.0113365      0.999936      0.109295
     0.999951   -0.00988634   0.000627494      0.296147    0.00987827      0.999882     0.0117765      -2.67026  -0.000743847    -0.0117697       0.99993     0.0965137
     0.999951   -0.00989869   0.000506244      0.290819    0.00989222      0.999885     0.0114861      -2.69188  -0.000619883    -0.0114805      0.999934      0.129154
      0.99995   -0.00996423   0.000576566      0.287092    0.00995721      0.999889     0.0111174      -2.63013  -0.000687278    -0.0111111      0.999938     0.0698391
     0.999949    -0.0101093    0.00055937      0.300231     0.0101018      0.999874     0.0122114      -2.69033  -0.000682749    -0.0122051      0.999925      0.118269
     0.999948    -0.0101835   0.000481389      0.300896     0.0101771      0.999879     0.0117907      -2.62372  -0.000601401    -0.0117852       0.99993     0.0820442
     0.999946    -0.0103454   0.000891822      0.299253     0.0103337      0.999872     0.0122026      -2.65514   -0.00101795    -0.0121927      0.999925     0.0664894
     0.999945    -0.0104123    0.00116441      0.301001     0.0103973      0.999872     0.0121928       -2.6573   -0.00129122      -0.01218      0.999925     0.0961317
     0.999945    -0.0104291    0.00107049      0.302367     0.0104159      0.999877     0.0117122      -2.61747   -0.00119251    -0.0117004      0.999931     0.0430613
     0.999943    -0.0106174    0.00131745      0.305027     0.0106005      0.999869     0.0122188      -2.67548   -0.00144701    -0.0122041      0.999924     0.0873391
     0.999943    -0.0106091    0.00138687      0.297649     0.0105918      0.999873      0.011928      -2.62227   -0.00151324    -0.0119126      0.999928     0.0740673
     0.999944    -0.0105193    0.00110573      0.295223     0.0105047      0.999867     0.0124627      -2.65036   -0.00123668    -0.0124504      0.999922     0.0662286
     0.999942    -0.0106372    0.00166644      0.300485     0.0106158      0.999867     0.0123779      -2.62994   -0.00179789    -0.0123595      0.999922      0.103525
     0.999942    -0.0106452    0.00170987       0.30466     0.0106246      0.999876     0.0116143      -2.62327   -0.00183329    -0.0115955      0.999931     0.0376137
     0.999938    -0.0110103    0.00192083      0.319419     0.0109873      0.999873     0.0115681      -2.68628   -0.00204796    -0.0115463      0.999931     0.0730308
     0.999937    -0.0111127    0.00183424      0.325224     0.0110915      0.999876     0.0111883       -2.6276   -0.00195834    -0.0111672      0.999936     0.0313776
     0.999935    -0.0112763    0.00154081      0.339686     0.0112574      0.999868     0.0117227      -2.65496    -0.0016728    -0.0117046       0.99993    0.00262121
     0.999936    -0.0111898    0.00150345      0.339453     0.0111719      0.999873     0.0114039      -2.65012   -0.00163086    -0.0113864      0.999934     0.0438692
     0.999939    -0.0109743    0.00159405      0.327882     0.0109557      0.999877     0.0112351      -2.65136   -0.00171716    -0.0112169      0.999936     0.0193529
     0.999939    -0.0109079    0.00147342      0.324503     0.0108894      0.999868     0.0120335      -2.69154   -0.00160448    -0.0120168      0.999927      0.058863
      0.99994    -0.0108057    0.00151045      0.311821     0.0107881      0.999879     0.0112344      -2.60644   -0.00163166    -0.0112174      0.999936     0.0299979
     0.999941    -0.0108077    0.00124418      0.317208     0.0107913      0.999864     0.0125052      -2.68483   -0.00137916     -0.012491      0.999921     0.0519093
     0.999942    -0.0107353    0.00108648      0.321659     0.0107214      0.999869     0.0121083      -2.65017   -0.00121633     -0.012096      0.999926     0.0324713
     0.999944    -0.0105541    0.00120403      0.314221     0.0105395      0.999878     0.0115704      -2.62903   -0.00132599    -0.0115571      0.999932   -0.00243386
     0.999941    -0.0108489    0.00084082      0.336689     0.0108379      0.999868     0.0121116      -2.65299  -0.000972106    -0.0121018      0.999926     0.0397209
     0.999941    -0.0107799    0.00107678      0.335422     0.0107664      0.999872     0.0118108      -2.61454   -0.00120396    -0.0117985       0.99993     0.0107578
     0.999941    -0.0107858   0.000936583      0.331927     0.0107736      0.999868     0.0121495      -2.67457    -0.0010675    -0.0121387      0.999926     0.0172079
     0.999941    -0.0108558    0.00103551      0.340472     0.0108423      0.999866     0.0122798       -2.6395   -0.00116868    -0.0122678      0.999924     0.0444825
     0.999941    -0.0108237    0.00100947      0.337493     0.0108105      0.999866     0.0122622      -2.61311   -0.00114205    -0.0122506      0.999924   -0.00529447
     0.999939    -0.0109808    0.00120467      0.333554     0.0109647      0.999859     0.0127115      -2.64949   -0.00134408    -0.0126975      0.999918     0.0206896
     0.999937    -0.0111201    0.00137817      0.339283      0.011102       0.99986     0.0124979      -2.60082   -0.00151695    -0.0124818      0.999921    0.00410208
     0.999938    -0.0110357    0.00139406       0.33245     0.0110168      0.999856     0.0129273      -2.66548   -0.00153652    -0.0129112      0.999915      0.030694
      0.99994    -0.0109084    0.00129858      0.332224     0.0108916      0.999864     0.0123543      -2.61075   -0.00143317    -0.0123394      0.999923     0.0262252
     0.999939    -0.0109863    0.00125292      0.329364     0.0109701      0.999865     0.0122705      -2.64415   -0.00138756     -0.012256      0.999924    -0.0042592
     0.999935    -0.0113738    0.00111571      0.353305     0.0113595      0.999862     0.0120858      -2.66323   -0.00125302    -0.0120723      0.999926     0.0188572
     0.999936    -0.0112775    0.00125456      0.349103     0.0112614      0.999862     0.0121823      -2.63321   -0.00139178    -0.0121674      0.999925    0.00952344
     0.999933    -0.0115226    0.00137516       0.35025     0.0115042      0.999853     0.0126852      -2.65481   -0.00152112    -0.0126685      0.999919     0.0286057
      0.99993     -0.011734    0.00170649      0.370647     0.0117115      0.999852     0.0126325      -2.61849   -0.00185446    -0.0126117      0.999919     0.0181571
     0.999922    -0.0122277    0.00242417      0.369077     0.0121893      0.999809      0.015248      -2.67208   -0.00261016    -0.0152173      0.999881      0.114739
     0.999925    -0.0121391    0.00145517      0.375865     0.0121195      0.999845     0.0127968      -2.60183   -0.00161028    -0.0127782      0.999917     0.0124111
     0.999922    -0.0124125    0.00139793      0.388578     0.0123926      0.999833     0.0134493      -2.66152   -0.00156463    -0.0134309      0.999909     0.0258646
     0.999925    -0.0121625     0.0013576      0.387345     0.0121443      0.999846     0.0126973       -2.5954   -0.00151182    -0.0126799      0.999918   -0.00356069
      0.99993    -0.0117672    0.00122282      0.371118       0.01175      0.999843      0.013241      -2.63714   -0.00137844    -0.0132257      0.999912    -0.0211658
     0.999931    -0.0117262    0.00108186      0.378208     0.0117115       0.99985      0.012774      -2.61134   -0.00123149    -0.0127604      0.999918     0.0110478
     0.999931    -0.0116741    0.00121495      0.372991     0.0116586      0.999859     0.0120613      -2.59267   -0.00135558    -0.0120463      0.999927    -0.0387342
     0.999928    -0.0118793    0.00141164      0.386659     0.0118604      0.999849     0.0127165      -2.64318   -0.00156249    -0.0126988      0.999918    0.00525571
     0.999932    -0.0115687    0.00149347      0.375012     0.0115496      0.999859     0.0121637      -2.60181   -0.00163398    -0.0121457      0.999925     -0.018596
     0.999931    -0.0116658    0.00139848      0.369574     0.0116473      0.999853     0.0125883      -2.63669   -0.00154512    -0.0125712       0.99992  -0.000172935
      0.99993    -0.0117284    0.00153754      0.373875     0.0117088      0.999857     0.0121884      -2.60208   -0.00168027    -0.0121695      0.999925   -0.00753635
      0.99993    -0.0117572    0.00150189      0.375294     0.0117367      0.999847     0.0129669      -2.64649   -0.00165411    -0.0129483      0.999915    -0.0196916
     0.999928     -0.011877    0.00196582      0.371561     0.0118513       0.99985     0.0126065      -2.61957   -0.00211525    -0.0125823      0.999919   -0.00363456
     0.999926     -0.011925    0.00257461      0.361381      0.011892      0.999851      0.012499      -2.62227   -0.00272328    -0.0124674      0.999919    -0.0557799
     0.999925    -0.0119322    0.00272949      0.359177     0.0118947       0.99984     0.0133414      -2.67082   -0.00288825    -0.0133079      0.999907    -0.0188948
     0.999922    -0.0121699    0.00268666       0.36485     0.0121337       0.99984     0.0131145      -2.59319   -0.00284584    -0.0130809       0.99991    -0.0422655
     0.999921    -0.0122168    0.00287971      0.363055     0.0121777      0.999838     0.0132512        -2.661   -0.00304113    -0.0132151      0.999908    -0.0321291
     0.999924    -0.0120137    0.00280621      0.361097     0.0119748      0.999837     0.0134804      -2.63723    -0.0029677    -0.0134457      0.999905    -0.0176829
     0.999926    -0.0119072    0.00259846      0.353336     0.0118732      0.999848     0.0127538      -2.60374   -0.00274993     -0.012722      0.999915    -0.0681628
     0.999924    -0.0120211    0.00255855      0.373888     0.0119851      0.999835      0.013661       -2.6806   -0.00272235    -0.0136293      0.999903     0.0100347
     0.999931    -0.0114915    0.00245537      0.352777     0.0114559      0.999835      0.014066      -2.59933    -0.0026166    -0.0140369      0.999898    -0.0200924
     0.999929    -0.0117282    0.00229071      0.370967     0.0116958      0.999838     0.0136622      -2.65742   -0.00245057    -0.0136344      0.999904    -0.0311992
     0.999929    -0.0116322    0.00245899      0.364909     0.0115977       0.99984     0.0135833      -2.61277   -0.00261661    -0.0135538      0.999905    -0.0252429
     0.999928    -0.0118778    0.00193784      0.374806     0.0118493       0.99983     0.0141318      -2.62888   -0.00210536    -0.0141078      0.999898    -0.0717825
     0.999926    -0.0119715    0.00206602      0.387399     0.0119418      0.999833     0.0138339      -2.63285   -0.00223129    -0.0138082      0.999902    -0.0429699
     0.999925    -0.0120397    0.00229622      0.383745     0.0120077      0.999837     0.0134555      -2.58868   -0.00245784    -0.0134269      0.999907    -0.0686903
     0.999924    -0.0120958    0.00221488      0.375378     0.0120645      0.999834     0.0136302      -2.63824   -0.00237938    -0.0136024      0.999905    -0.0619909
     0.999927    -0.0118309    0.00229343      0.365929     0.0117996      0.999843     0.0132421       -2.5809   -0.00244974    -0.0132141       0.99991    -0.0344405
     0.999929    -0.0117151    0.00206017      0.366271     0.0116863      0.999841     0.0134549      -2.59638   -0.00221747    -0.0134299      0.999907    -0.0669221
     0.999933    -0.0114262    0.00170881      0.368162     0.0114014      0.999839     0.0138859      -2.65433    -0.0018672    -0.0138655      0.999902    -0.0117184
     0.999936    -0.0111957    0.00152867      0.357413     0.0111749      0.999853     0.0129983      -2.58595   -0.00167398    -0.0129804      0.999914    -0.0570965
     0.999935    -0.0112366    0.00170671      0.365833     0.0112125      0.999846     0.0134965      -2.64107    -0.0018581    -0.0134765      0.999907    -0.0523044
     0.999937     -0.011072    0.00160019      0.352371     0.0110499      0.999852     0.0132215      -2.60676   -0.00174634     -0.013203      0.999911     -0.065556
     0.999936    -0.0112113    0.00171466      0.352356     0.0111868      0.999843     0.0137085      -2.64084   -0.00186809    -0.0136884      0.999905    -0.0785526
     0.999929    -0.0117067    0.00201948      0.361167     0.0116781      0.999839     0.0136353      -2.63838   -0.00217878    -0.0136107      0.999905    -0.0392146
     0.999926    -0.0119318    0.00217917      0.362649      0.011901      0.999836     0.0136341      -2.60039   -0.00234149    -0.0136071      0.999905    -0.0707034
     0.999923    -0.0121457    0.00240736      0.376113     0.0121109      0.999829     0.0139898      -2.65625   -0.00257687    -0.0139596      0.999899    -0.0517343
     0.999923    -0.0121325    0.00253464      0.373029     0.0120993      0.999846     0.0127306      -2.60166    -0.0026887     -0.012699      0.999916    -0.0671184
     0.999924    -0.0120241    0.00258791      0.367087     0.0119884      0.999838     0.0133891      -2.62192   -0.00274849    -0.0133571      0.999907    -0.0712774
     0.999922    -0.0122083    0.00255075       0.36917     0.0121721      0.999831     0.0137472      -2.63357   -0.00271815     -0.013715      0.999902    -0.0395344
     0.999921     -0.012357    0.00243263      0.362864     0.0123218      0.999826     0.0139856      -2.57198   -0.00260502    -0.0139545      0.999899    -0.0728134
     0.999924    -0.0121578    0.00227221      0.354991     0.0121251       0.99983     0.0139061      -2.64122   -0.00244089    -0.0138774      0.999901    -0.0490496
     0.999927     -0.011851    0.00223973      0.349532     0.0118199       0.99984     0.0134167      -2.56336   -0.00239837    -0.0133892      0.999907     -0.069242
     0.999927    -0.0119103    0.00215462      0.351952      0.011878      0.999825     0.0144319      -2.60758   -0.00232613    -0.0144053      0.999894    -0.0692181
     0.999929    -0.0116739     0.0022586      0.350443      0.011641      0.999833      0.014058      -2.59421   -0.00242234    -0.0140308      0.999899    -0.0185661
      0.99993     -0.011687     0.0020514      0.345806     0.0116564      0.999829     0.0143221       -2.5791   -0.00221843    -0.0142972      0.999895    -0.0528419
     0.999929    -0.0117782    0.00201464      0.360714     0.0117475      0.999824     0.0146144      -2.63706   -0.00218642    -0.0145897      0.999891    -0.0395167
     0.999932    -0.0114817    0.00178103      0.355914      0.011456      0.999839     0.0138149      -2.56892   -0.00193936    -0.0137936      0.999903    -0.0535918
     0.999929    -0.0117178    0.00202422      0.358979     0.0116891      0.999839     0.0136378      -2.60418    -0.0021837    -0.0136132      0.999905    -0.0703141
     0.999929    -0.0116863    0.00217594      0.359727     0.0116552      0.999837      0.013792      -2.62642   -0.00233676    -0.0137656      0.999903    -0.0292773
     0.999932    -0.0114752      0.001931      0.351357     0.0114479      0.999843       0.01356      -2.59211    -0.0020863     -0.013537      0.999906    -0.0833376
     0.999929    -0.0117386    0.00200788       0.36415     0.0117092      0.999832     0.0140926      -2.62974   -0.00217297     -0.014068      0.999899    -0.0455195
     0.999931    -0.0115809    0.00179371       0.35814     0.0115561      0.999845      0.013283      -2.57583   -0.00194726    -0.0132614       0.99991    -0.0735152
     0.999932    -0.0115314    0.00157929      0.365914     0.0115081      0.999835     0.0140471      -2.65043   -0.00174101    -0.0140279        0.9999     -0.071228
     0.999934    -0.0114206    0.00159006      0.359007     0.0113975      0.999839     0.0138489      -2.60344   -0.00174797    -0.0138298      0.999903    -0.0481162
      0.99992     -0.012442    0.00246579       0.36564     0.0124016      0.999799     0.0157617      -2.68311    -0.0026614    -0.0157298      0.999873     0.0556003
     0.999923    -0.0121902    0.00229129      0.351518     0.0121562      0.999824     0.0142894      -2.54588   -0.00246507    -0.0142605      0.999895    -0.0382426
     0.999923    -0.0122663    0.00212474      0.360897     0.0122351      0.999825     0.0141448      -2.66015   -0.00229787    -0.0141177      0.999898   -0.00031244
     0.999923    -0.0121896    0.00215791      0.354432     0.0121592      0.999833       0.01361      -2.57661   -0.00232345    -0.0135827      0.999905     -0.047502
     0.999923    -0.0121808    0.00223362      0.350385     0.0121481      0.999827     0.0141106       -2.6482   -0.00240511    -0.0140824      0.999898    -0.0262311
     0.999923    -0.0121601     0.0023095      0.344019     0.0121282      0.999837     0.0133469      -2.57281   -0.00247142    -0.0133179      0.999908    -0.0454985
     0.999926    -0.0119296    0.00237902       0.33854      0.011895      0.999831     0.0140421      -2.61664   -0.00254613    -0.0140128      0.999899    -0.0273669
     0.999924    -0.0120541    0.00244966      0.337393     0.0120193      0.999833     0.0137316      -2.60601   -0.00261478    -0.0137011      0.999903    0.00621384
     0.999927     -0.011877      0.002285      0.331288      0.011845      0.999838     0.0135657      -2.58493   -0.00244575    -0.0135377      0.999905    -0.0606647
     0.999925    -0.0119645    0.00241963      0.340011     0.0119293      0.999829     0.0140953      -2.64572   -0.00258786    -0.0140653      0.999898    -0.0298772
     0.999924    -0.0120875    0.00233493      0.340126     0.0120541      0.999832     0.0138346      -2.56912   -0.00250176    -0.0138054      0.999902    -0.0506209
     0.999923    -0.0121854    0.00239623      0.344446     0.0121503      0.999826     0.0141676      -2.63105   -0.00256845    -0.0141373      0.999897    -0.0543429
      0.99992    -0.0123316    0.00276261      0.344924      0.012291      0.999823      0.014246      -2.63184    -0.0029378    -0.0142109      0.999895    -0.0159503
     0.999922    -0.0122075    0.00262213      0.340486     0.0121702      0.999831     0.0137715      -2.60719    -0.0027898    -0.0137386      0.999902    -0.0649803
     0.999921    -0.0122872    0.00268395      0.336165     0.0122473      0.999821     0.0143917      -2.63236    -0.0028603    -0.0143577      0.999893    -0.0335439
     0.999921    -0.0123047    0.00274514      0.335819     0.0122667      0.999834      0.013466      -2.56714   -0.00291038    -0.0134313      0.999906    -0.0442333
     0.999919    -0.0124534    0.00276967      0.338129     0.0124126      0.999821     0.0142844      -2.61672   -0.00294706    -0.0142488      0.999894    -0.0477673
     0.999919    -0.0124467    0.00282667      0.342975     0.0124049       0.99982     0.0143555      -2.61459   -0.00300484    -0.0143193      0.999893    -0.0273565
     0.999919    -0.0123796    0.00280115      0.336766     0.0123386      0.999823     0.0141908       -2.5773   -0.00297633    -0.0141551      0.999895    -0.0586469
     0.999922    -0.0121998    0.00270323      0.342518     0.0121599      0.999824     0.0143126      -2.63836   -0.00287737    -0.0142786      0.999894    -0.0300542
     0.999923    -0.0120523    0.00287935      0.341707     0.0120132       0.99984     0.0132159      -2.57189   -0.00303817    -0.0131803      0.999909    -0.0524146
     0.999918    -0.0124105    0.00301206      0.343258     0.0123679      0.999829      0.013745      -2.58676   -0.00318212    -0.0137066      0.999901    -0.0716136
     0.999918    -0.0123943    0.00323931      0.347561     0.0123493      0.999831     0.0135834      -2.59354   -0.00340712    -0.0135422      0.999902     -0.015023
     0.999921     -0.012172    0.00323871      0.340832     0.0121278      0.999837     0.0133458      -2.59924   -0.00340063    -0.0133054      0.999906    -0.0514291
     0.999919     -0.012322    0.00322171      0.343733     0.0122757      0.999827     0.0140062      -2.62837   -0.00339374    -0.0139656      0.999897    -0.0243469
     0.999915    -0.0125619    0.00352566      0.350153     0.0125144      0.999835     0.0132022      -2.58049   -0.00369092    -0.0131569      0.999907    -0.0244893
     0.999915    -0.0126276    0.00331266      0.357047     0.0125808      0.999825     0.0138094       -2.6524   -0.00348646    -0.0137665      0.999899    -0.0323954
     0.999915    -0.0125854    0.00328518      0.353418     0.0125397      0.999829     0.0135872      -2.61997   -0.00345562    -0.0135449      0.999902    0.00775133
     0.999917    -0.0124487    0.00329014      0.346458     0.0124047      0.999838     0.0130762      -2.61212   -0.00345239    -0.0130343      0.999909    -0.0316186
     0.999918    -0.0124128    0.00311439      0.361249     0.0123693      0.999831     0.0136151      -2.64781   -0.00328287    -0.0135755      0.999902   0.000200677
     0.999919    -0.0123458    0.00293264      0.348573     0.0123067       0.99984     0.0130095      -2.58425   -0.00309279    -0.0129723      0.999911    -0.0159736
      0.99992    -0.0123449    0.00291581      0.345207     0.0123046      0.999833     0.0134754       -2.6182   -0.00308168    -0.0134385      0.999905     -0.032344
     0.999923    -0.0121228    0.00274969      0.345942     0.0120856       0.99984     0.0131736      -2.60775   -0.00290896    -0.0131394      0.999909    -0.0078206
      0.99992    -0.0123133    0.00278527      0.347382     0.0122771      0.999845     0.0126392      -2.57416   -0.00294047     -0.012604      0.999916    -0.0450313
     0.999921    -0.0122733    0.00264613      0.354898     0.0122376      0.999839     0.0131107      -2.63458   -0.00280661    -0.0130773      0.999911    -0.0264822
     0.999925    -0.0119836    0.00233141      0.352906     0.0119542      0.999853      0.012258      -2.56612   -0.00247797    -0.0122292      0.999922    -0.0422099
     0.999924    -0.0121918    0.00204042      0.363882     0.0121662      0.999852     0.0121589      -2.60055   -0.00218835    -0.0121332      0.999924    -0.0719405
     0.999922    -0.0122572     0.0022707      0.367714     0.0122284      0.999849     0.0123142      -2.59316    -0.0024213    -0.0122855      0.999922    -0.0259729
     0.999925    -0.0120477    0.00222751      0.369113     0.0120208      0.999859     0.0117146      -2.57023   -0.00236833     -0.011687      0.999929    -0.0855498
     0.999925    -0.0120409    0.00222888      0.378276     0.0120125      0.999852     0.0123236      -2.63118   -0.00237694    -0.0122959      0.999922    -0.0430751
     0.999925    -0.0120124    0.00228679      0.361915     0.0119851      0.999861     0.0115924      -2.55398   -0.00242572    -0.0115642       0.99993    -0.0460439
     0.999925    -0.0120278    0.00248886       0.35956     0.0119956      0.999849     0.0125706       -2.6298   -0.00263968    -0.0125398      0.999918    -0.0352575
     0.999926    -0.0118747    0.00253489      0.352236     0.0118426      0.999854     0.0122972      -2.61287   -0.00268055    -0.0122663      0.999921    -0.0347047
     0.999927    -0.0118217    0.00229127      0.350842     0.0117927      0.999855     0.0122847      -2.60375   -0.00243617    -0.0122568      0.999922    -0.0739486
     0.999924    -0.0120523    0.00249887      0.359733     0.0120217      0.999857     0.0119063      -2.61118   -0.00264201    -0.0118753      0.999926    -0.0314238
     0.999923    -0.0121221    0.00265362       0.35913       0.01209      0.999857     0.0117945      -2.58905   -0.00279621    -0.0117615      0.999927    -0.0682446
     0.999922    -0.0121834     0.0027038      0.369502     0.0121501      0.999854     0.0119812      -2.62433   -0.00284938    -0.0119474      0.999925    -0.0410377
     0.999925    -0.0119484    0.00284927       0.35748     0.0119143      0.999861     0.0116988      -2.56165   -0.00298866     -0.011664      0.999928     -0.048935
     0.999914    -0.0124184    0.00410264       0.35529     0.0123567      0.999815     0.0147202      -2.68314   -0.00428468    -0.0146683      0.999883     0.0511934
     0.999924    -0.0117855    0.00353318      0.351276     0.0117427       0.99986     0.0119042      -2.52284   -0.00367298    -0.0118619      0.999923    -0.0354535
     0.999921    -0.0121836    0.00316166      0.365212     0.0121441      0.999852     0.0122227      -2.63358    -0.0033101    -0.0121833       0.99992    -0.0120405
     0.999923    -0.0120294    0.00317766      0.358247     0.0119928      0.999864     0.0112952      -2.54588    -0.0033131    -0.0112563      0.999931    -0.0520976
     0.999924    -0.0120477    0.00269483      0.363894     0.0120148      0.999857     0.0118818      -2.62777   -0.00283759    -0.0118485      0.999926    -0.0546804
     0.999922    -0.0121463    0.00307018      0.366638     0.0121109      0.999863     0.0112979      -2.57263   -0.00320699    -0.0112598      0.999931    -0.0498683
     0.999918    -0.0124189    0.00315828      0.370733     0.0123823      0.999859     0.0113536       -2.6158   -0.00329883    -0.0113136      0.999931    -0.0836054
     0.999914    -0.0126645    0.00333256      0.374111     0.0126251      0.999853      0.011593      -2.63816   -0.00347889      -0.01155      0.999927    -0.0391965
     0.999916    -0.0125349    0.00324544       0.36882     0.0124987      0.999862     0.0109624      -2.58017    -0.0033824    -0.0109209      0.999935    -0.0772692
     0.999918     -0.012401    0.00308863      0.364992      0.012365      0.999858     0.0114261      -2.64153   -0.00322989    -0.0113869       0.99993    -0.0742758
      0.99992    -0.0122243    0.00325871      0.356419     0.0121893       0.99987     0.0105565      -2.57598   -0.00338733    -0.0105159      0.999939     -0.065468
     0.999923    -0.0121368    0.00273478      0.361485     0.0121075      0.999872     0.0104844       -2.5915   -0.00286168    -0.0104505      0.999941     -0.102215
     0.999922    -0.0121804    0.00278796      0.367167     0.0121496      0.999868     0.0108105      -2.61711   -0.00291926    -0.0107758      0.999938    -0.0602021
     0.999924    -0.0119424    0.00294587       0.35121     0.0119125      0.999879    0.00997065      -2.56802   -0.00306459    -0.0099348      0.999946    -0.0955164
     0.999924    -0.0120084    0.00275146      0.353375     0.0119778      0.999869     0.0108811      -2.60989   -0.00288177    -0.0108474      0.999937    -0.0684431
     0.999924     -0.012007      0.002931      0.345652     0.0119747       0.99987     0.0107837      -2.57059    -0.0030601    -0.0107478      0.999938     -0.045424
     0.999924    -0.0119741     0.0029328      0.346224     0.0119411      0.999868     0.0110129      -2.61001   -0.00306428    -0.0109771      0.999935     -0.063403
     0.999924    -0.0120047     0.0029687      0.354239     0.0119705      0.999865     0.0112688      -2.59013   -0.00310358    -0.0112324      0.999932    -0.0333498
     0.999926    -0.0118432    0.00289945      0.348757     0.0118116      0.999873     0.0106803       -2.5685   -0.00302557    -0.0106452      0.999939    -0.0648205
     0.999927    -0.0117417    0.00269063      0.343017     0.0117105      0.999867     0.0113157      -2.62527   -0.00282314    -0.0112833      0.999932    -0.0423442
     0.999926    -0.0118553    0.00290152      0.341657     0.0118236      0.999873     0.0106994      -2.56726     -0.003028    -0.0106643      0.999939    -0.0543928
     0.999923    -0.0120371    0.00305367      0.338799     0.0120016      0.999863     0.0113961      -2.60983   -0.00319043    -0.0113585       0.99993      -0.05947
     0.999922    -0.0121249    0.00306572      0.348536     0.0120882      0.999858     0.0117091      -2.62458   -0.00320726    -0.0116711      0.999927    -0.0237105
     0.999923     -0.012077    0.00293906      0.341623     0.0120437      0.999866     0.0110971      -2.57602   -0.00307269    -0.0110609      0.999934    -0.0844299
     0.999921    -0.0122351    0.00286668      0.350058      0.012201      0.999858      0.011626      -2.60875   -0.00300852    -0.0115901      0.999928    -0.0531544
     0.999918    -0.0123637    0.00323122      0.349872     0.0123268      0.999861     0.0112003      -2.59983   -0.00336925    -0.0111595      0.999932    -0.0672381
     0.999919    -0.0123274    0.00316344      0.348209     0.0122912      0.999862     0.0112163      -2.61554   -0.00330127    -0.0111765      0.999932    -0.0694145
     0.999915    -0.0125589    0.00341499      0.359744     0.0125201      0.999859     0.0111685       -2.6212   -0.00355477    -0.0111248      0.999932    -0.0172549
     0.999918    -0.0123921    0.00325675       0.34885     0.0123583      0.999872     0.0102023      -2.56294   -0.00338276    -0.0101613      0.999943     -0.054881
     0.999921    -0.0122562    0.00287049      0.344014     0.0122246      0.999867     0.0107925      -2.62521   -0.00300238    -0.0107565      0.999938   -0.00168469
      0.99992    -0.0122989    0.00287938      0.355192     0.0122702      0.999877    0.00980802      -2.54838   -0.00299965   -0.00977191      0.999948    -0.0225244
      0.99992    -0.0123395    0.00285397      0.358833     0.0123094      0.999871     0.0103344      -2.61439   -0.00298113    -0.0102984      0.999943     -0.044006
      0.99992    -0.0123124    0.00296195      0.359667     0.0122825      0.999875    0.00991842      -2.60205    -0.0030837   -0.00988124      0.999946    -0.0177365
     0.999922    -0.0122819    0.00237767      0.364217     0.0122578      0.999876    0.00990678      -2.59797   -0.00249905   -0.00987686      0.999948    -0.0334905
     0.999919    -0.0123964    0.00297494      0.363415     0.0123647      0.999869     0.0104322      -2.60156   -0.00310387    -0.0103946      0.999941     0.0144698
     0.999921    -0.0121094    0.00328362      0.342586     0.0120753      0.999875     0.0102131      -2.57779   -0.00340688    -0.0101727      0.999942    -0.0193785
     0.999922    -0.0120967    0.00315327      0.333506     0.0120621      0.999869     0.0107685      -2.62949   -0.00328312    -0.0107296      0.999937  -0.000862426
     0.999923    -0.0119582    0.00342713      0.330738     0.0119242      0.999881    0.00977933      -2.57697   -0.00354366   -0.00973771      0.999946    0.00636115
     0.999924    -0.0119428    0.00311078      0.334713     0.0119098      0.999875     0.0104252      -2.65319   -0.00323489    -0.0103873      0.999941    -0.0316675
     0.999924    -0.0120031     0.0028578      0.336853     0.0119724      0.999873     0.0105271      -2.62254   -0.00298379    -0.0104921      0.999941     0.0166465
     0.999922    -0.0120731    0.00325035      0.350008       0.01204      0.999877     0.0100151      -2.61386   -0.00337086    -0.0099752      0.999945     0.0038808
     0.999924    -0.0119661    0.00292708      0.357297     0.0119364      0.999879    0.00995106      -2.63373    -0.0030458   -0.00991536      0.999946     0.0984964
     0.999928    -0.0116727     0.0028241      0.348538     0.0116448      0.999885    0.00969962      -2.60126   -0.00293699   -0.00966603      0.999949      0.014324
     0.999928    -0.0116761     0.0027521      0.350351     0.0116475       0.99988     0.0102119      -2.65499   -0.00287101    -0.0101791      0.999944     0.0492786
      0.99993     -0.011521    0.00253572      0.332262     0.0114966      0.999889    0.00944156      -2.57395   -0.00264422   -0.00941175      0.999952     0.0306239
     0.999929    -0.0116431    0.00252891      0.332578     0.0116167       0.99988     0.0102234      -2.64232   -0.00264764    -0.0101932      0.999945     0.0131268
      0.99993    -0.0115794    0.00244545      0.341118     0.0115536       0.99988     0.0103282      -2.61114   -0.00256475    -0.0102993      0.999944     0.0361257
     0.999928    -0.0117989    0.00234555      0.353133     0.0117752      0.999882    0.00986579      -2.58859   -0.00246168   -0.00983745      0.999949    -0.0112919
     0.999929    -0.0115866    0.00271984      0.348114     0.0115566      0.999875     0.0107735      -2.61788   -0.00284432    -0.0107413      0.999938     0.0326857
     0.999932     -0.011486    0.00219862      0.355982     0.0114639      0.999886    0.00982249      -2.54353   -0.00231119   -0.00979661      0.999949    -0.0172317
     0.999932    -0.0113979    0.00240628      0.343336     0.0113729      0.999884     0.0101329      -2.59823   -0.00252149    -0.0101048      0.999946    -0.0117362
     0.999935    -0.0111833    0.00230994      0.348976     0.0111588      0.999884     0.0103335      -2.61271   -0.00242523     -0.010307      0.999944     0.0349477
     0.999938    -0.0110028    0.00194524      0.347135     0.0109827      0.999889     0.0100533       -2.5398   -0.00205564    -0.0100313      0.999948    -0.0169084
     0.999932    -0.0115182    0.00192958      0.369424     0.0114971      0.999878     0.0106135      -2.62296   -0.00205159    -0.0105905      0.999942     0.0257226
     0.999932    -0.0114951    0.00194821      0.356452     0.0114748      0.999883     0.0101577      -2.56688   -0.00206475    -0.0101347      0.999947   -0.00177567
     0.999931    -0.0115205      0.002162      0.357351      0.011497      0.999878     0.0105595      -2.60004   -0.00228339    -0.0105339      0.999942   -0.00456821
     0.999929    -0.0116926    0.00232212      0.369801     0.0116664      0.999871      0.010997      -2.59245   -0.00245041    -0.0109692      0.999937     0.0593956
     0.999915    -0.0125622    0.00362119      0.405248     0.0125116      0.999828     0.0136712       -2.6558   -0.00379231    -0.0136247        0.9999      0.166006
     0.999919    -0.0123105    0.00308417      0.396279     0.0122759      0.999864      0.011002      -2.55707   -0.00321919    -0.0109633      0.999935     0.0532676
     0.999921    -0.0122019    0.00285031      0.385457     0.0121684       0.99986     0.0114916      -2.64693   -0.00299013    -0.0114561       0.99993     0.0587016
     0.999923     -0.012201    0.00241919      0.388435     0.0121742      0.999867     0.0108147      -2.58169   -0.00255082    -0.0107844      0.999939     0.0156514
      0.99992    -0.0124011    0.00233135      0.402292     0.0123744      0.999862     0.0111226      -2.64709   -0.00246896    -0.0110929      0.999935    0.00643097
     0.999922    -0.0122739    0.00236617      0.392849     0.0122489      0.999872     0.0102849      -2.60036    -0.0024921    -0.0102552      0.999944     0.0333746
      0.99992    -0.0124123    0.00242904      0.398117     0.0123862      0.999868     0.0104743      -2.63451   -0.00255873    -0.0104434      0.999942    0.00450552
     0.999922    -0.0122643    0.00252624      0.395265     0.0122363      0.999867      0.010828      -2.63479    -0.0026587    -0.0107962      0.999938     0.0185161
      0.99992    -0.0123771    0.00260138      0.383115     0.0123499      0.999871     0.0102465      -2.56472   -0.00272787    -0.0102136      0.999944    -0.0109571
     0.999925    -0.0119854    0.00261079      0.377551     0.0119567      0.999871     0.0107575      -2.61193   -0.00273938    -0.0107255      0.999939   -0.00991022
     0.999925    -0.0119294    0.00268607      0.375524     0.0119019      0.999879     0.0100147      -2.58767   -0.00280522   -0.00998193      0.999946    0.00486437
     0.999926     -0.011949    0.00249267      0.371042     0.0119235      0.999879    0.00999335      -2.59404   -0.00261178   -0.00996288      0.999947    -0.0393637
     0.999922    -0.0121308     0.0029019      0.379985     0.0121005      0.999874     0.0102376      -2.61416   -0.00302573    -0.0102017      0.999943   0.000460716
     0.999923    -0.0120649    0.00275399      0.379671     0.0120374      0.999879    0.00980821      -2.61411   -0.00287199    -0.0097743      0.999948     -0.038434
     0.999927    -0.0117263    0.00286726      0.358737     0.0116975      0.999883    0.00988493      -2.65506   -0.00298284   -0.00985067      0.999947    -0.0143386
      0.99993    -0.0114496     0.0028353      0.345324     0.0114217      0.999888    0.00965214      -2.58748   -0.00294549   -0.00961909      0.999949    -0.0122771
     0.999934    -0.0112033    0.00248248      0.334014     0.0111777      0.999887     0.0100921      -2.64472   -0.00259526    -0.0100637      0.999946     -0.022211
     0.999937    -0.0109679    0.00233507      0.322919      0.010944       0.99989     0.0100288      -2.61792   -0.00244481    -0.0100026      0.999947    -0.0222347
     0.999941    -0.0106905    0.00200105      0.304942     0.0106699      0.999892     0.0100616       -2.5762    -0.0021084    -0.0100397      0.999947    -0.0646431
     0.999937    -0.0109937    0.00234427       0.32172     0.0109685      0.999885     0.0105097      -2.61667   -0.00245954    -0.0104833      0.999942    -0.0164023
      0.99994    -0.0107019    0.00241541       0.31157     0.0106767      0.999891     0.0102052      -2.49987   -0.00252436    -0.0101788      0.999945    -0.0752008
     0.999939    -0.0108782    0.00193099      0.331755     0.0108585      0.999892    0.00992752       -2.6128   -0.00203878   -0.00990595      0.999949    -0.0476533
     0.999934    -0.0113131    0.00211492       0.34031      0.011292      0.999889    0.00972827      -2.60105   -0.00222474   -0.00970375       0.99995    -0.0868727
     0.999931    -0.0115211    0.00223433       0.34109     0.0114989      0.999887    0.00970107      -2.60381   -0.00234585   -0.00967471       0.99995    -0.0447501
      0.99993    -0.0115671    0.00239797       0.33093     0.0115439      0.999889    0.00947194      -2.58612   -0.00250726    -0.0094436      0.999952    -0.0980354
     0.999932    -0.0114294    0.00229591      0.333325     0.0114051      0.999882     0.0103263      -2.64732   -0.00241366    -0.0102994      0.999944     -0.065182
     0.999934    -0.0112241    0.00233467      0.322465     0.0112014      0.999892    0.00953705      -2.57046   -0.00244146   -0.00951028      0.999952     -0.104782
     0.999934    -0.0112228    0.00226363      0.317018     0.0111993      0.999886     0.0101639      -2.63086   -0.00237744    -0.0101378      0.999946     -0.105356
     0.999933     -0.011326    0.00225392      0.321678     0.0113033      0.999888    0.00982175      -2.60233    -0.0023649   -0.00979562      0.999949     -0.091016
     0.999936    -0.0110966    0.00212717      0.316323     0.0110761      0.999894     0.0094246      -2.56942   -0.00223152   -0.00940043      0.999953     -0.123403
     0.999937    -0.0110176     0.0020099      0.317979     0.0109969      0.999889     0.0100485      -2.60223   -0.00212039    -0.0100257      0.999947    -0.0681793
     0.999937    -0.0110311    0.00221535      0.310415     0.0110088      0.999891     0.0098573      -2.56297   -0.00232384   -0.00983229      0.999949    -0.0739591
     0.999943    -0.0105512    0.00175138      0.295593     0.0105326      0.999891     0.0103239      -2.58131   -0.00186012    -0.0103049      0.999945    -0.0902529
     0.999942    -0.0106451    0.00191018      0.303272     0.0106253      0.999893     0.0100945      -2.59585   -0.00201744    -0.0100736      0.999947    -0.0594728
     0.999937    -0.0110409    0.00178443      0.312609     0.0110239      0.999896    0.00927691      -2.57751   -0.00188667   -0.00925666      0.999955    -0.0692987
     0.999936    -0.0111614    0.00192013      0.320995     0.0111417      0.999888    0.00998249      -2.63463   -0.00203134   -0.00996046      0.999948    -0.0473027
     0.999936    -0.0110762     0.0021149       0.31784     0.0110549       0.99989    0.00985834      -2.60528   -0.00222386   -0.00983433      0.999949    -0.0418393
     0.999934    -0.0112432    0.00219237      0.318017     0.0112205      0.999886     0.0101251      -2.60697   -0.00230595    -0.0100998      0.999946    -0.0749376
     0.999936    -0.0111546    0.00208767      0.323317     0.0111339      0.999891     0.0096996      -2.61777   -0.00219564   -0.00967573      0.999951    -0.0343873
