# 3dvolreg matrices (DICOM-to-DICOM, row-by-row):
            1    0.00054347  -0.000279556      0.055665  -0.000543508             1   -0.00013705     0.0359665   0.000279482   0.000137202             1     0.0266631
            1   0.000155075     0.0001311     0.0625381   -0.00015515             1   0.000572022     0.0744738  -0.000131011  -0.000572042             1      0.128079
            1  -2.55944e-11    1.6287e-10   7.33321e-10   2.55944e-11             1  -3.77801e-11  -7.75963e-09   -1.6287e-10   3.77801e-11             1  -3.28706e-09
            1  -1.49491e-05   9.55502e-06     0.0310347   1.49459e-05             1   0.000328368     0.0368797  -9.55993e-06  -0.000328368             1     0.0708481
            1  -8.98951e-05  -0.000102433     0.0277689   8.99396e-05             1   0.000435427     0.0539258   0.000102394  -0.000435436             1    -0.0608912
            1  -1.38037e-05   0.000343541     0.0277114    1.3615e-05             1   0.000549192    0.00595013  -0.000343549  -0.000549188             1     0.0400184
            1   0.000240508   0.000251155    0.00430053  -0.000240548             1   0.000158755      0.108603  -0.000251116  -0.000158815             1    -0.0794783
            1   0.000254502   0.000500128     0.0217499  -0.000254961             1   0.000916392     -0.042879  -0.000499895  -0.000916519      0.999999    0.00958644
            1   0.000425905    0.00030545     0.0123145  -0.000425844             1  -0.000202043      0.162652  -0.000305536   0.000201913             1    -0.0843255
            1   0.000231864   0.000207017     0.0452459  -0.000231971             1   0.000515942    -0.0541984  -0.000206898   -0.00051599             1   -0.00528548
            1   0.000254539   0.000382531     0.0038699  -0.000254392             1  -0.000382627      0.182974  -0.000382628    0.00038253             1     -0.068136
            1   0.000483634   0.000701447     0.0286252  -0.000483926             1   0.000416626    -0.0550721  -0.000701246  -0.000416965             1    -0.0170437
     0.999999   0.000320984    0.00109317    0.00955607  -0.000320273             1  -0.000650972      0.182587   -0.00109338   0.000650622      0.999999   0.000698984
            1   0.000244521   0.000905056   -0.00960938  -0.000242898      0.999998   -0.00179301     0.0742587  -0.000905493    0.00179279      0.999998    -0.0731368
            1   0.000277662   0.000940515    0.00670706  -0.000276378      0.999999   -0.00136534     0.0840845  -0.000940893    0.00136508      0.999999     0.0170887
            1    0.00050076   0.000806493    0.00485998  -0.000498934      0.999997   -0.00226173      0.203287  -0.000807624    0.00226133      0.999997    -0.0872442
     0.999999   0.000982076   0.000678376    0.00995449   -0.00098119      0.999999   -0.00130421      0.019673  -0.000679656    0.00130354      0.999999     0.0482016
     0.999999   0.000897234   0.000576318     0.0370307  -0.000896032      0.999997    -0.0020835      0.234154  -0.000578186    0.00208298      0.999998    -0.0486991
     0.999999   0.000945869   0.000409778     0.0327066  -0.000945277      0.999999    -0.0014414     0.0066198  -0.000411141    0.00144102      0.999999   -0.00437031
     0.999999   0.000856187   0.000773391     0.0231261  -0.000854763      0.999998   -0.00184079      0.212775  -0.000774965    0.00184013      0.999998     -0.105524
     0.999999    0.00100082   0.000794214     0.0346691  -0.000999247      0.999998   -0.00197202       0.09224  -0.000796186    0.00197123      0.999998    -0.0105026
     0.999999   0.000805043   0.000878148     0.0290387  -0.000802976      0.999997   -0.00235184      0.214714  -0.000880039    0.00235113      0.999997    -0.0913383
     0.999999   0.000722851   0.000722255     0.0168357  -0.000721707      0.999998    -0.0015827     0.0622509  -0.000723398    0.00158217      0.999998   -0.00423651
     0.999999   0.000767605   0.000762453     0.0139305  -0.000766117      0.999998   -0.00195107      0.238237  -0.000763949    0.00195049      0.999998    -0.0824059
     0.999999    0.00095643   0.000661916      0.028781   -0.00095551      0.999999    -0.0013892   -0.00471333  -0.000663244    0.00138857      0.999999     0.0141744
     0.999999    0.00108098   0.000920426     0.0346866   -0.00107837      0.999995   -0.00282995      0.284015  -0.000923481    0.00282895      0.999996    -0.0777614
     0.999999    0.00107886   0.000744792     0.0216387   -0.00107697      0.999996    -0.0025342     0.0532866  -0.000747523     0.0025334      0.999997    -0.0030503
     0.999999    0.00114606    0.00087737     0.0316472   -0.00114291      0.999993    -0.0035847       0.30684  -0.000881472     0.0035837      0.999993    -0.0800154
            1    0.00014082   -0.00048285     0.0364886  -0.000139979      0.999998    0.00174089     -0.162609   0.000483094   -0.00174083      0.999998     0.0793466
            1   0.000195886  -0.000582795     0.0584119  -0.000195875             1   1.91956e-05      0.183977   0.000582799  -1.90814e-05             1     0.0632032
            1    0.00037422  -0.000770306     0.0750476  -0.000373683             1   0.000696572    -0.0761098   0.000770567  -0.000696284      0.999999     0.0837812
            1   0.000431713  -0.000688775     0.0969607  -0.000431323             1   0.000567047      0.107774    0.00068902   -0.00056675             1      0.127322
            1   0.000329962  -0.000360199     0.0392591  -0.000329488      0.999999    0.00131624     -0.126196   0.000360633   -0.00131612      0.999999      0.125886
            1   0.000423331  -0.000874412     0.0729898  -0.000422286      0.999999    0.00119541      0.139488   0.000874917   -0.00119504      0.999999      0.154183
            1   0.000390148  -0.000806049     0.0721857   -0.00038887      0.999999    0.00158448     -0.124644   0.000806666   -0.00158416      0.999998      0.152085
     0.999999   0.000396392   -0.00113249     0.0952904  -0.000394458      0.999998    0.00170712     0.0819464    0.00113316   -0.00170667      0.999998      0.166178
     0.999999   0.000424617   -0.00109328     0.0754973  -0.000422515      0.999998    0.00192222    -0.0618155    0.00109409   -0.00192176      0.999998        0.1074
     0.999999   0.000589807   -0.00122174      0.117702    -0.0005878      0.999998    0.00164257     0.0427321     0.0012227   -0.00164185      0.999998      0.164514
     0.999999   0.000512828   -0.00100499      0.081806  -0.000511259      0.999999    0.00156138    -0.0143768    0.00100579   -0.00156087      0.999998      0.130157
     0.999999   7.81851e-05   -0.00127612      0.101701  -7.66197e-05      0.999999    0.00122671     0.0864552    0.00127621   -0.00122661      0.999998      0.185764
            1   0.000168048  -0.000966525     0.0760166  -0.000166457      0.999999    0.00164661    -0.0534587     0.0009668   -0.00164645      0.999998      0.134481
            1     0.0001044  -0.000915591     0.0933412   -0.00010389             1   0.000557215      0.100838   0.000915649  -0.000557119      0.999999      0.158279
            1  -0.000167038  -0.000913034     0.0539123    0.00016789             1   0.000933192    -0.0176507   0.000912878  -0.000933345      0.999999      0.131915
            1   7.27229e-05  -0.000917867     0.0686846  -7.26291e-05             1     0.0001023     0.0973501   0.000917874  -0.000102234             1      0.210622
            1   0.000175171  -0.000817671     0.0588787  -0.000175181             1  -1.21858e-05    0.00400646   0.000817669   1.23291e-05             1      0.150009
     0.999999   3.41953e-06    -0.0010501     0.0685736  -3.22438e-06             1   0.000185844     0.0545684     0.0010501  -0.000185841      0.999999      0.217289
            1   0.000381006  -0.000680119     0.0675437  -0.000380789             1    0.00031865    0.00693596   0.000680241  -0.000318391             1      0.169773
            1   0.000313611  -0.000853782     0.0881281  -0.000313309             1   0.000354645     0.0784407   0.000853894  -0.000354378             1      0.226179
            1   0.000137456  -0.000726636     0.0443884  -0.000136746             1   0.000977959    -0.0448751    0.00072677  -0.000977859      0.999999      0.197743
            1  -0.000212097  -0.000686622     0.0834162   0.000212163             1   9.57237e-05      0.152372   0.000686602  -9.58694e-05             1      0.186804
            1   0.000253083  -0.000889274     0.0462117  -0.000252069      0.999999    0.00114061    -0.0861895   0.000889562   -0.00114039      0.999999      0.178745
     0.999999   1.76208e-05   -0.00115945      0.117554  -1.74023e-05             1   0.000188493      0.171624    0.00115945  -0.000188473      0.999999      0.130451
     0.999999   0.000217476   -0.00101098     0.0544792  -0.000215883      0.999999    0.00157611     -0.101676    0.00101132   -0.00157589      0.999998      0.176498
            1  -0.000423982  -0.000668207     0.0835335    0.00042381             1  -0.000256618      0.244655   0.000668316   0.000256335             1      0.115313
            1   -0.00015824  -0.000574322     0.0276041   0.000158154             1  -0.000148941     -0.040954   0.000574345    0.00014885             1      0.234935
            1  -0.000317295  -0.000404493     0.0407853   0.000317195             1  -0.000247408      0.129213   0.000404572   0.000247279             1      0.183348
            1  -0.000276073  -0.000367239     0.0408792   0.000275826             1  -0.000671362      0.114399   0.000367424    0.00067126             1      0.213725
            1  -0.000319689  -0.000172398     0.0035092   0.000319749             1   0.000349404   -0.00729192   0.000172286  -0.000349459             1      0.218738
            1  -0.000658197  -9.61562e-05     0.0572997   0.000658105      0.999999  -0.000951034      0.196086   9.67821e-05   0.000950971             1      0.230474
            1  -0.000386086  -0.000223187    -0.0228009    0.00038613             1   0.000197841     -0.090597   0.000223111  -0.000197927             1      0.222581
            1  -0.000639763  -0.000272539     0.0651063   0.000639631             1  -0.000486494      0.189183    0.00027285   0.000486319             1       0.18679
            1  -0.000421142  -0.000548003     0.0126928   0.000421529             1    0.00070654    -0.0983517   0.000547705  -0.000706771             1       0.19484
            1  -0.000632832   8.00808e-05     0.0215291   0.000632879             1   -0.00058941      0.203799  -7.97077e-05   0.000589461             1      0.151543
            1  -0.000614147   5.78539e-05   -0.00625658   0.000614114             1   0.000556287    -0.0398412  -5.81955e-05  -0.000556252             1      0.225061
     0.999999   -0.00112069   1.95043e-05      0.016966    0.00112069      0.999999  -0.000145182      0.148163  -1.93416e-05   0.000145204             1      0.172591
            1   -0.00071739   6.27002e-05    -0.0109951   0.000717389             1   1.64863e-05     0.0382465   -6.2712e-05  -1.64413e-05             1      0.221181
     0.999999  -0.000981985   -0.00022398   -0.00233815   0.000981936      0.999999  -0.000219578     0.0898564   0.000224195   0.000219358             1      0.133956
            1  -0.000679496   6.49122e-06     0.0114241   0.000679494             1    0.00029794     0.0340459  -6.69367e-06  -0.000297935             1       0.22013
            1  -0.000732231   0.000284581    0.00997305   0.000732361             1  -0.000457605      0.135479  -0.000284245   0.000457813             1      0.133218
            1  -0.000358779   0.000153414    -0.0137147   0.000358758             1   0.000137685    -0.0126783  -0.000153463   -0.00013763             1      0.227133
            1  -0.000689232   0.000144967    0.00937356   0.000689292             1  -0.000412407      0.117595  -0.000144683   0.000412507             1      0.116582
            1  -0.000792451   0.000240601   -0.00642909   0.000792502             1  -0.000213198     0.0545598  -0.000240432   0.000213389             1      0.165728
     0.999999  -0.000962075   0.000344844    -0.0163598   0.000961979      0.999999   0.000278499      0.075201  -0.000345112  -0.000278167             1      0.112214
            1  -0.000811173   0.000129129   -0.00274059   0.000811208             1  -0.000276687     0.0839124  -0.000128905   0.000276792             1      0.192786
            1   -0.00088775    0.00025271    -0.0135169   0.000887797             1  -0.000187031     0.0491706  -0.000252544   0.000187255             1      0.182924
            1  -0.000890474   0.000276402    -0.0042817   0.000890592             1  -0.000424043      0.104992  -0.000276025   0.000424289             1      0.305862
            1  -0.000830095   0.000125316    -0.0323654    0.00083007             1   0.000198023    -0.0110173   -0.00012548  -0.000197919             1      0.244641
            1  -0.000905901  -0.000259716     0.0353367   0.000905832             1  -0.000263584      0.163428   0.000259955   0.000263349             1      0.217937
            1  -0.000673502   8.05335e-05   -0.00829785   0.000673462             1   0.000498789    -0.0659351  -8.08694e-05  -0.000498735             1      0.243912
            1  -0.000887864   0.000182566     0.0297665   0.000887842             1   0.000120689      0.162012  -0.000182673  -0.000120527             1      0.178192
            1  -0.000575893  -0.000183019    0.00757851   0.000576021             1   0.000699886    -0.0397664   0.000182615  -0.000699991             1       0.25332
            1  -0.000509705  -0.000251594     0.0311923   0.000509701             1  -1.23552e-05      0.164368     0.0002516   1.22269e-05             1      0.165507
            1  -0.000198931    -0.0001324    0.00596012    0.00019907      0.999999    0.00105373    -0.0507071   0.000132191   -0.00105376      0.999999      0.238888
            1  -0.000658618   0.000267541     0.0405276   0.000658689             1  -0.000265254      0.228644  -0.000267366   0.000265431             1      0.210063
            1  -0.000617956   5.27207e-05    -0.0163631   0.000617928             1   0.000521222    -0.0822992  -5.30427e-05   -0.00052119             1      0.320154
            1  -0.000489911   4.91249e-05    0.00732796   0.000489938             1  -0.000549332      0.221135  -4.88558e-05   0.000549356             1      0.222624
            1  -0.000271229   5.18344e-05   -0.00617259   0.000271157      0.999999    0.00138678    -0.0933491  -5.22105e-05   -0.00138677      0.999999      0.294257
            1  -0.000528262  -1.01491e-05     0.0447117   0.000528252      0.999999  -0.000987156      0.235036   1.06705e-05    0.00098715             1      0.188525
            1  -0.000244378  -1.14159e-05  -0.000828965   0.000244385             1   0.000610402     -0.111647   1.12668e-05  -0.000610404             1      0.271652
            1  -0.000558034   0.000336052     0.0245706   0.000557951             1   0.000249483       0.17471  -0.000336191  -0.000249296             1      0.254254
     0.999999  -0.000538275   0.000850358    -0.0293041   0.000537359      0.999999    0.00107741    -0.0958617  -0.000850937   -0.00107695      0.999999      0.367089
     0.999999   0.000922334  -0.000691736     0.0864749  -0.000922341             1  -9.62611e-06        0.1044   0.000691727   1.02641e-05             1     -0.131041
            1   0.000824462  -0.000460496     0.0956762  -0.000824641             1  -0.000387531     0.0536049   0.000460176    0.00038791             1    -0.0298423
            1   0.000793729  -0.000369104     0.0644334  -0.000793637             1   0.000249336     -0.015574   0.000369302  -0.000249043             1    -0.0695192
            1   0.000933388  -0.000293331     0.0912592  -0.000933485             1  -0.000332701      0.103009    0.00029302   0.000332974             1    -0.0369769
            1   0.000841984  -0.000474489     0.0752258  -0.000841918             1   0.000139759     0.0159998   0.000474606   -0.00013936             1      -0.07537
            1    0.00071704  -0.000101557     0.0700111  -0.000716989             1   0.000504777     0.0643203   0.000101919  -0.000504704             1   -0.00168364
            1   0.000551882  -8.70642e-05     0.0491324  -0.000551833             1   0.000563003     0.0314143   8.73749e-05  -0.000562955             1    -0.0785728
            1   0.000510411   -0.00015371     0.0552406  -0.000510289             1   0.000789539     0.0376692   0.000154113  -0.000789461             1    -0.0269011
            1   0.000287441   -4.6546e-05     0.0421704   -0.00028743             1   0.000230495     0.0766115   4.66122e-05  -0.000230481             1     -0.149627
            1   0.000315221    1.9027e-05     0.0497821  -0.000315237             1   0.000826324    -0.0183596  -1.87665e-05   -0.00082633             1     -0.027847
            1   7.41277e-05   0.000144142     0.0330731  -7.40945e-05             1  -0.000230254      0.137336  -0.000144159   0.000230244             1      -0.16523
            1   -5.4421e-05   0.000806381   -0.00831283   5.39223e-05             1   0.000618505    -0.0763487  -0.000806414  -0.000618461      0.999999    -0.0249893
            1   0.000343772   0.000274354    0.00479823  -0.000343723             1  -0.000176434      0.124538  -0.000274414    0.00017634             1    -0.0705859
            1   0.000337118   0.000239384     0.0569597   -0.00033703             1   -0.00036822     0.0271627  -0.000239508   0.000368139             1     0.0195191
     0.999999   0.000375579   0.000933443    -0.0117552  -0.000376561      0.999999    0.00105204     -0.053022  -0.000933048   -0.00105239      0.999999     0.0121648
            1   0.000359823   0.000559744     0.0209287  -0.000360093             1   0.000482332      0.160691   -0.00055957  -0.000482534             1    0.00324994
            1   0.000439777   0.000723311     0.0206002  -0.000440922      0.999999    0.00158319     -0.102941  -0.000722614   -0.00158351      0.999998     0.0603284
            1   7.45301e-06   0.000494505     0.0114889  -7.85722e-06             1   0.000817424      0.123011  -0.000494499  -0.000817427             1   -0.00405383
            1   4.34143e-05   0.000918832    0.00752382  -4.51514e-05      0.999998    0.00189066    -0.0988514  -0.000918749    -0.0018907      0.999998     0.0449837
            1   0.000115186   0.000949564    -0.0205385  -0.000116287      0.999999    0.00115986     0.0974054  -0.000949429   -0.00115997      0.999999     -0.039471
     0.999999   0.000423789   0.000960658   0.000545091  -0.000425267      0.999999    0.00153944    -0.0755972  -0.000960004   -0.00153985      0.999998      0.055579
     0.999999   0.000308093    0.00111951    -0.0203953  -0.000309529      0.999999    0.00128252     0.0468451   -0.00111912   -0.00128286      0.999999    -0.0251777
     0.999999   0.000376356    0.00103758     0.0241774  -0.000377145             1   0.000760773     0.0382671    -0.0010373  -0.000761164      0.999999      0.063445
     0.999999   0.000479562    0.00122494    -0.0378573  -0.000482244      0.999997    0.00218944     -0.120467   -0.00122389   -0.00219003      0.999997     0.0481206
     0.999999   0.000283317    0.00106788      0.021129  -0.000284553      0.999999    0.00115697      0.102891   -0.00106756   -0.00115728      0.999999    -0.0013386
     0.999999   0.000414484    0.00140318     -0.031174  -0.000417487      0.999998     0.0021407     -0.187478   -0.00140229   -0.00214128      0.999997    0.00430899
     0.999999    0.00010967    0.00131145   -0.00871249  -0.000111248      0.999999    0.00120341     0.0783288   -0.00131132   -0.00120356      0.999998    -0.0359086
     0.999998   0.000645984    0.00181016    -0.0182871  -0.000646207             1   0.000122455     0.0451497   -0.00181008  -0.000123625      0.999998   -0.00336825
     0.999997   0.000950749     0.0021589    -0.0554655  -0.000955312      0.999997    0.00211369      -0.16067   -0.00215688   -0.00211575      0.999995   -0.00952485
     0.999997   0.000365492    0.00232207    0.00298586  -0.000366977             1   0.000638984      0.150067   -0.00232183  -0.000639834      0.999997     -0.056473
     0.999996   0.000321619    0.00292024    -0.0894301  -0.000327519      0.999998    0.00202017     -0.162748   -0.00291958   -0.00202112      0.999994    0.00986321
            1    0.00047742  -0.000843045     0.0960002  -0.000478485      0.999999   -0.00126254      0.192976   0.000842442    0.00126294      0.999999   -0.00521954
            1  -0.000263399  -0.000286398     0.0798509   0.000263112      0.999999  -0.000999599     0.0463455   0.000286661   0.000999524      0.999999     0.0775025
            1  -0.000686734  -0.000130009     0.0187085    0.00068669             1  -0.000342428     0.0683037   0.000130244   0.000342339             1    -0.0213967
            1  -0.000804481  -0.000385203      0.030204    0.00080416      0.999999  -0.000833411      0.111162   0.000385873   0.000833101             1    0.00528042
            1  -0.000847135  -0.000320119    0.00765354   0.000847151             1   5.13923e-05    0.00117519   0.000320075  -5.16635e-05             1    -0.0275802
     0.999999   -0.00121492  -0.000673511     0.0507244    0.00121439      0.999999  -0.000779084      0.221508   0.000674457   0.000778266      0.999999    -0.0488709
     0.999999   -0.00142978   5.99539e-05    -0.0163055    0.00142974      0.999999   0.000584143     -0.093207   -6.0789e-05  -0.000584057             1    -0.0489361
     0.999998   -0.00170793  -0.000347267     0.0113248    0.00170759      0.999998   -0.00097454      0.241076    0.00034893   0.000973945      0.999999     -0.121125
     0.999999   -0.00131861    2.8708e-05    -0.0338311     0.0013186      0.999999   8.09487e-05    -0.0694629  -2.88147e-05  -8.09108e-05             1    -0.0257951
     0.999999   -0.00148575  -0.000210244    -0.0114187    0.00148564      0.999999  -0.000541393      0.192824   0.000211048    0.00054108             1    -0.0552852
     0.999999      -0.00152  -0.000381544    0.00174069    0.00151952      0.999998   -0.00124764     0.0841654    0.00038344    0.00124706      0.999999    0.00414107
     0.999999    -0.0015421   0.000464588    -0.0360672    0.00154245      0.999999  -0.000743035     0.0144346  -0.000463442    0.00074375             1    -0.0643512
     0.999999   -0.00170757  -1.83388e-05   -0.00371642    0.00170752      0.999996   -0.00216716      0.241182   2.20393e-05    0.00216713      0.999998     -0.114703
     0.999999   -0.00118231   0.000213507    -0.0571048    0.00118242      0.999999  -0.000475868    -0.0521819  -0.000212944    0.00047612             1     -0.115504
     0.999999   -0.00146383    0.00024503     0.0292351    0.00146421      0.999998   -0.00153529      0.241116  -0.000242782    0.00153564      0.999999     -0.143862
     0.999999   -0.00132105    0.00046228    -0.0704262    0.00132123      0.999999  -0.000388477    -0.0112326  -0.000461766   0.000389087             1     -0.122216
     0.999999   -0.00156562   0.000294782     -0.016997     0.0015659      0.999998  -0.000932602      0.193844  -0.000293321   0.000933063             1     -0.186617
     0.999998   -0.00177968   0.000248085    -0.0231893    0.00177992      0.999998   -0.00100498      0.110047  -0.000246296    0.00100542      0.999999     -0.109124
     0.999998   -0.00181909    0.00106315    -0.0744511    0.00181968      0.999998  -0.000555072     0.0498908   -0.00106214   0.000557005      0.999999     -0.164053
     0.999998   -0.00190434   0.000813153    -0.0478684     0.0019054      0.999997   -0.00129982      0.193888  -0.000810676    0.00130136      0.999999     -0.160464
     0.999998   -0.00194698   0.000750595    -0.0808264    0.00194661      0.999998   0.000498856    -0.0302426  -0.000751565  -0.000497394             1     -0.180891
     0.999997   -0.00244999   0.000387147    -0.0538746    0.00245045      0.999996   -0.00117413      0.235009  -0.000384269    0.00117508      0.999999     -0.221121
     0.999998    0.00183882  -0.000580525     0.0825802   -0.00183894      0.999998  -0.000204766    -0.0727927   0.000580147   0.000205833             1      0.215752
     0.999998    0.00169618  -0.000405393      0.121202   -0.00169631      0.999999  -0.000332628      0.154319   0.000404828   0.000333316             1      0.132538
     0.999998    0.00172596  -0.000330158     0.0875353   -0.00172587      0.999998   0.000271122    -0.0326703   0.000330626  -0.000270552             1      0.177894
     0.999998    0.00188396  -7.57205e-05     0.0958851   -0.00188391      0.999998   0.000579715     0.0288022   7.68125e-05  -0.000579571             1      0.118837
     0.999998    0.00189001   2.59077e-05       0.12142      -0.00189      0.999998  -0.000489999      0.132021  -2.68337e-05   0.000489949             1      0.107063
     0.999998    0.00193999   0.000273269     0.0511669   -0.00194016      0.999998   0.000604784    -0.0668629  -0.000272095  -0.000605313             1      0.121738
     0.999998    0.00168178  -0.000434417      0.130118   -0.00168208      0.999998  -0.000689016      0.207341   0.000433258   0.000689745             1     0.0805018
     0.999998    0.00172055  -0.000297009      0.070336   -0.00172034      0.999998   0.000722812    -0.0954974   0.000298252    -0.0007223             1      0.119585
     0.999999    0.00154151  -0.000398053      0.125271   -0.00154165      0.999999  -0.000346428      0.189773   0.000397518   0.000347041             1     0.0427857
     0.999999    0.00162497  -0.000309751     0.0830126   -0.00162487      0.999999   0.000339092    -0.0432298   0.000310302  -0.000338588             1      0.116763
     0.999998    0.00168956  -0.000408092      0.112253   -0.00168977      0.999998  -0.000513175      0.152246   0.000407224   0.000513864             1     0.0262787
     0.999998    0.00174238  -5.25316e-06     0.0697952   -0.00174238      0.999998   0.000373222    -0.0437029   5.90344e-06  -0.000373212             1      0.132054
     0.999999    0.00162035  -0.000167924      0.109116   -0.00162043      0.999999  -0.000462484      0.174391   0.000167175   0.000462755             1     0.0358847
     0.999999    0.00143458   -0.00011374     0.0736247   -0.00143447      0.999999   0.000955201     -0.101358    0.00011511  -0.000955036             1     0.0894629
     0.999999    0.00119752  -0.000487229      0.134214   -0.00119803      0.999999   -0.00105478      0.232858   0.000485965    0.00105537      0.999999     0.0206433
     0.999999    0.00165557  -0.000178873     0.0278518   -0.00165553      0.999999   0.000262862     -0.100295   0.000179308  -0.000262565             1     0.0846997
     0.999999    0.00158846   -0.00064646      0.104679   -0.00158898      0.999998  -0.000801647      0.174129   0.000645186   0.000802673      0.999999     0.0522404
     0.999999    0.00157164  -0.000236716      0.105578    -0.0015717      0.999999   -0.00026338    -0.0367254   0.000236302   0.000263752             1      0.155917
     0.999999    0.00111768  -0.000135971     0.0860813   -0.00111771      0.999999  -0.000216853      0.124789   0.000135729   0.000217005             1     0.0594383
            1    0.00075303   -7.6976e-05     0.0272541  -0.000752659      0.999989    0.00470529     -0.207016   8.05183e-05   -0.00470523      0.999989      0.561127
            1   0.000382412   5.79027e-05     0.0544832  -0.000382356      0.999999  -0.000956144      0.145865  -5.82683e-05   0.000956122             1     -0.199044
            1   0.000456747  -0.000240366     0.0779547  -0.000457393      0.999996     -0.002693      0.249982   0.000239135     0.0026931      0.999996     -0.274776
            1    0.00036943  -0.000348436     0.0422273  -0.000369158             1   0.000778812     -0.128122   0.000348723  -0.000778684             1      0.167613
            1   0.000247653  -0.000467027     0.0798933  -0.000247971             1  -0.000682162      0.239755   0.000466858   0.000682278             1     0.0735464
            1   0.000153271  -0.000606131     0.0368324  -0.000153406             1  -0.000223671    -0.0561045   0.000606097   0.000223764             1      0.100831
            1   0.000297656  -0.000923504     0.0664979  -0.000298521             1  -0.000936251      0.251409   0.000923225   0.000936526      0.999999     0.0599373
            1   2.00215e-05   -0.00070867     0.0679398  -1.98331e-05             1   0.000265748    -0.0969036   0.000708676  -0.000265734             1      0.097477
            1   0.000186368   -0.00058334     0.0628944  -0.000187153      0.999999   -0.00134538      0.268798   0.000583088    0.00134549      0.999999     0.0573906
            1   0.000126197    -0.0001032      0.028062  -0.000126264             1  -0.000643456    -0.0712674   0.000103119   0.000643469             1     0.0378795
            1  -0.000190805   8.10957e-05     0.0650527   0.000191044      0.999996   -0.00295151      0.324654  -8.05322e-05    0.00295152      0.999996    -0.0471936
            1  -0.000144254  -0.000283854    0.00339358   0.000143709      0.999998   -0.00191681    0.00905256    0.00028413    0.00191677      0.999998    0.00403236
            1  -0.000122876  -0.000744277     0.0357875   0.000121162      0.999997   -0.00230249      0.265631   0.000744558     0.0023024      0.999997    -0.0277511
            1  -9.58529e-05  -8.32135e-05     0.0351446   9.57287e-05      0.999999   -0.00149172    -0.0141225   8.33564e-05    0.00149171      0.999999    -0.0359598
            1  -0.000280876  -0.000651462     0.0617006   0.000279085      0.999996   -0.00274671      0.269672   0.000652231    0.00274653      0.999996    -0.0661345
            1   0.000153864  -0.000429545      0.021365   -0.00015442      0.999999   -0.00129304    -0.0187004   0.000429346    0.00129311      0.999999    -0.0331177
