# 3dvolreg matrices (DICOM-to-DICOM, row-by-row):
     0.999992   -0.00261181    0.00299466     -0.341176    0.00261638      0.999995    -0.0015225      0.440759   -0.00299067    0.00153033      0.999994    -0.0808342
     0.999991   -0.00271989    0.00338263     -0.362611    0.00272344      0.999996   -0.00104354      0.380221   -0.00337977    0.00105275      0.999994     -0.177399
     0.999989   -0.00306502     0.0035484     -0.337836    0.00306998      0.999994   -0.00139132      0.468148   -0.00354412     0.0014022      0.999993    -0.0822559
     0.999988   -0.00326865     0.0036272     -0.400563    0.00327371      0.999994   -0.00138844       0.41536   -0.00362264     0.0014003      0.999992     -0.211901
     0.999987   -0.00353772    0.00376631     -0.378869    0.00354507      0.999992   -0.00194781      0.481506   -0.00375939    0.00196113      0.999991     -0.118313
     0.999986   -0.00352851     0.0039555       -0.4225    0.00353446      0.999993    -0.0015001      0.461066   -0.00395018    0.00151406      0.999991     -0.194839
     0.999987   -0.00343992    0.00388393     -0.402311    0.00344289      0.999994  -0.000758358       0.41667   -0.00388129    0.00077172      0.999992    -0.0461574
     0.999986   -0.00328595     0.0041017     -0.402366    0.00328945      0.999994  -0.000846033      0.448912    -0.0040989   0.000859513      0.999991     -0.113542
     0.999987   -0.00317916    0.00399145     -0.402627    0.00318051      0.999995  -0.000331974      0.375315   -0.00399037   0.000344665      0.999992   -0.00666384
     0.999988   -0.00310373    0.00387905      -0.43037    0.00310353      0.999995   5.59945e-05      0.374006    -0.0038792  -4.39551e-05      0.999992    -0.0689339
     0.999988   -0.00287037    0.00395761     -0.342865    0.00287498      0.999995    -0.0011594      0.545012   -0.00395426    0.00117077      0.999991     -0.180733
     0.999985   -0.00315165    0.00440271      -0.43363    0.00315266      0.999995  -0.000222081       0.27754   -0.00440198   0.000235958       0.99999    -0.0567897
     0.999984   -0.00312619    0.00480605     -0.425315    0.00312737      0.999995  -0.000238346      0.476926   -0.00480528   0.000253372      0.999988     -0.200485
     0.999983   -0.00294509    0.00509304     -0.437532    0.00294477      0.999996   7.01274e-05      0.321524   -0.00509322  -5.51283e-05      0.999987    -0.0738218
     0.999983   -0.00312945      0.004886     -0.443981    0.00312942      0.999995   1.39742e-05       0.42446   -0.00488602   1.31634e-06      0.999988     -0.195719
     0.999983    -0.0030085    0.00501361     -0.447597    0.00300704      0.999995   0.000299194      0.345739   -0.00501449  -0.000284113      0.999987     -0.112046
     0.999982   -0.00297772    0.00528818     -0.452361     0.0029772      0.999996   0.000106132      0.387707   -0.00528848  -9.03859e-05      0.999986     -0.166005
     0.999982    -0.0028194    0.00530472     -0.470774    0.00281375      0.999995    0.00107315       0.27451   -0.00530772    -0.0010582      0.999985     -0.102577
     0.999979   -0.00310528    0.00566784     -0.403874    0.00310606      0.999995  -0.000129413      0.458687   -0.00566741   0.000147015      0.999984     -0.170552
     0.999977   -0.00319704    0.00594731     -0.512755    0.00319148      0.999994   0.000944616      0.259182    -0.0059503  -0.000925614      0.999982    -0.0819024
     0.999975   -0.00335691    0.00626732     -0.493309    0.00335021      0.999994    0.00107787      0.391914    -0.0062709   -0.00105684       0.99998     -0.148957
     0.999997   -0.00194228    0.00161058     -0.264217    0.00194716      0.999994   -0.00303427      0.536967   -0.00160467     0.0030374      0.999994    -0.0756511
     0.999996   -0.00193327    0.00197245     -0.297192     0.0019354      0.999998   -0.00107542      0.366834   -0.00197037    0.00107923      0.999997    -0.0737905
     0.999999   -0.00144339     0.0009454     -0.206568    0.00144538      0.999997   -0.00210697      0.579065  -0.000942355    0.00210833      0.999997    -0.0768565
     0.999998   -0.00154438    0.00126128     -0.260521    0.00154527      0.999999  -0.000701747      0.312921   -0.00126019   0.000703695      0.999999    -0.0422826
     0.999997   -0.00163174    0.00155702     -0.204303    0.00163458      0.999997   -0.00182253      0.584981   -0.00155404    0.00182507      0.999997     -0.147423
     0.999998   -0.00149787     0.0015276     -0.271818    0.00150033      0.999998   -0.00161152      0.387287   -0.00152518    0.00161381      0.999998    -0.0437654
     0.999997   -0.00165992    0.00201594     -0.256761    0.00166326      0.999997    -0.0016566      0.491307   -0.00201318    0.00165995      0.999997     -0.123092
     0.999997   -0.00181681    0.00165612     -0.253688    0.00181985      0.999997   -0.00184107      0.415936   -0.00165277    0.00184408      0.999997    -0.0218779
     0.999997   -0.00146004    0.00179212     -0.274944    0.00146275      0.999998    -0.0015078      0.473041   -0.00178992    0.00151042      0.999997    -0.0553204
     0.999997   -0.00139248    0.00192341     -0.256508    0.00139477      0.999998   -0.00119418      0.406906   -0.00192175    0.00119686      0.999997     0.0341918
     0.999997   -0.00167102    0.00204328     -0.271096    0.00167316      0.999998   -0.00104433      0.422432   -0.00204153    0.00104775      0.999997    -0.0594814
     0.999997   -0.00180678    0.00163004     -0.219313    0.00181002      0.999996   -0.00199173      0.518973   -0.00162644    0.00199468      0.999997    -0.0562431
     0.999996   -0.00189306    0.00201851     -0.310706    0.00189465      0.999998  -0.000786472      0.319797   -0.00201702   0.000790293      0.999998    -0.0622101
     0.999995   -0.00204914     0.0022406     -0.243451    0.00205356      0.999996   -0.00197212      0.581614   -0.00223655    0.00197671      0.999996     -0.190296
     0.999995   -0.00215055    0.00226146     -0.294236    0.00215594      0.999995   -0.00238157      0.429951   -0.00225633    0.00238644      0.999995    -0.0848091
     0.999995   -0.00191652    0.00246387     -0.335309    0.00191956      0.999997   -0.00123229      0.398046    -0.0024615    0.00123702      0.999996      -0.14603
     0.999996    -0.0020753    0.00205798      -0.23814    0.00208017      0.999995   -0.00236523      0.600238   -0.00205306     0.0023695      0.999995      -0.23947
     0.999995   -0.00206589    0.00228235     -0.329952    0.00206851      0.999997   -0.00114689      0.317463   -0.00227997     0.0011516      0.999997     -0.112373
     0.999995   -0.00196752    0.00234989     -0.271179     0.0019717      0.999996   -0.00177994      0.563507   -0.00234638    0.00178456      0.999996     -0.191072
     0.999996   -0.00196207     0.0022441      -0.29213    0.00196716      0.999995   -0.00226758      0.480758   -0.00223964    0.00227198      0.999995     -0.122828
     0.999995   -0.00194285    0.00265012     -0.322158    0.00194657      0.999997   -0.00140277      0.417691   -0.00264739    0.00140792      0.999996     -0.175689
     0.999994   -0.00193925    0.00285536      -0.29102    0.00194476      0.999996   -0.00192968      0.532239    -0.0028516    0.00193522      0.999994     -0.177769
     0.999994   -0.00202742    0.00291603     -0.350836    0.00202984      0.999998  -0.000825078      0.352083   -0.00291435   0.000830992      0.999995     -0.179961
     0.999994   -0.00219941    0.00267773     -0.286641     0.0022052      0.999995   -0.00216308      0.581206   -0.00267296    0.00216897      0.999994     -0.199721
     0.999993   -0.00201326    0.00303613     -0.345692    0.00201615      0.999998  -0.000950418      0.301287   -0.00303421   0.000956533      0.999995     -0.159798
     0.999995   -0.00201072    0.00256495     -0.263305    0.00201597      0.999996   -0.00204769      0.575093   -0.00256082    0.00205285      0.999995     -0.186972
     0.999993    -0.0019688    0.00327992     -0.391761    0.00197229      0.999997   -0.00105963      0.273713   -0.00327782    0.00106609      0.999994     -0.133761
     0.999993   -0.00198869    0.00319584     -0.318292    0.00199171      0.999998  -0.000942401       0.49557   -0.00319396   0.000948759      0.999994     -0.239985
     0.999992   -0.00237466    0.00314239     -0.297002    0.00238209      0.999994   -0.00236095      0.529169   -0.00313676    0.00236842      0.999992     -0.268897
     0.999992   -0.00225575    0.00340178     -0.393952     0.0022569      0.999997  -0.000334293      0.259696   -0.00340102   0.000341968      0.999994     -0.247987
     0.999992   -0.00223366    0.00335341     -0.282858    0.00223892      0.999996   -0.00156452       0.60487    -0.0033499    0.00157201      0.999993     -0.313253
     0.999992   -0.00248703    0.00324062     -0.381023    0.00248773      0.999997  -0.000213316      0.273501   -0.00324008   0.000221376      0.999995     -0.221081
     0.999991    -0.0025906    0.00340944     -0.320392    0.00259475      0.999996   -0.00121464      0.568021   -0.00340627    0.00122348      0.999993     -0.323377
     0.999992    -0.0022793    0.00337775      -0.38333    0.00228128      0.999997  -0.000580845      0.294502   -0.00337641   0.000588546      0.999994     -0.211964
     0.999991    -0.0021566    0.00358075     -0.336393    0.00215937      0.999997  -0.000771043      0.488733   -0.00357908   0.000778768      0.999993     -0.352389
      0.99999   -0.00226858    0.00387939     -0.359879    0.00227301      0.999997   -0.00113818      0.420626    -0.0038768    0.00114699      0.999992     -0.242218
     0.999989   -0.00254085    0.00391699     -0.398493    0.00254042      0.999997   0.000116285       0.32126   -0.00391727  -0.000106333      0.999992     -0.307162
     0.999989   -0.00265037    0.00392073      -0.32798    0.00265629      0.999995    -0.0015065      0.537546   -0.00391672     0.0015169      0.999991     -0.335127
     0.999988   -0.00256909    0.00411353     -0.437914    0.00256943      0.999997  -7.89782e-05      0.258688   -0.00411331   8.95467e-05      0.999992     -0.251307
     0.999989   -0.00250704    0.00388663     -0.339324    0.00251222      0.999996   -0.00132822      0.552454   -0.00388328    0.00133797      0.999992     -0.372838
      0.99999   -0.00228623    0.00390144     -0.421843    0.00228727      0.999997  -0.000262061      0.255691   -0.00390083   0.000270982      0.999992     -0.267046
     0.999989   -0.00228892    0.00420279     -0.348218    0.00229135      0.999997  -0.000572656      0.463343   -0.00420147    0.00058228      0.999991     -0.361443
      0.99999   -0.00228828    0.00381226     -0.361011    0.00229074      0.999997   -0.00064014      0.406849   -0.00381079   0.000648867      0.999993     -0.281087
     0.999989   -0.00228441    0.00415644     -0.392563    0.00228397      0.999997   0.000110103      0.326666   -0.00415668  -0.000100609      0.999991     -0.346192
     0.999988   -0.00241537    0.00425498     -0.343776    0.00241903      0.999997  -0.000855708      0.502352   -0.00425289   0.000865991      0.999991     -0.367431
     0.999988    -0.0024412    0.00429244     -0.402902    0.00243977      0.999997   0.000337849      0.284304   -0.00429326  -0.000327373      0.999991     -0.336052
     0.999986   -0.00236329    0.00473196     -0.360917    0.00236772      0.999997  -0.000930007      0.550531   -0.00472974   0.000941198      0.999988     -0.385299
     0.999987   -0.00242789    0.00455109     -0.448531    0.00242726      0.999997   0.000145362      0.288829   -0.00455143  -0.000134313       0.99999     -0.295805
     0.999985   -0.00265612     0.0046914     -0.394358     0.0026528      0.999996   0.000714544      0.408551   -0.00469328  -0.000702088      0.999989     -0.382099
     0.999986   -0.00312531    0.00430639     -0.371992    0.00313011      0.999994   -0.00110828       0.49304   -0.00430291    0.00112174       0.99999     -0.415071
     0.999987   -0.00286217    0.00428995     -0.440536    0.00285981      0.999996   0.000556246      0.196649   -0.00429152   -0.00054397      0.999991      -0.34139
     0.999984     -0.002886    0.00480024     -0.422804    0.00288399      0.999996   0.000426323      0.450811   -0.00480145  -0.000412472      0.999988     -0.422511
     0.999985   -0.00291586    0.00466854     -0.393667    0.00292119      0.999995   -0.00113328        0.4494   -0.00466521     0.0011469      0.999988     -0.394312
     0.999985   -0.00291085    0.00465136     -0.473887    0.00290708      0.999995    0.00081753      0.222117   -0.00465372  -0.000803996      0.999989     -0.337538
     0.999984   -0.00306125    0.00477227     -0.379286    0.00306399      0.999995   -0.00056651      0.539378   -0.00477051   0.000581123      0.999988     -0.449696
     0.999995   -0.00201642    0.00254525     -0.352466    0.00201801      0.999998  -0.000621453      0.260241   -0.00254399   0.000626586      0.999997      0.118922
     0.999994   -0.00197214    0.00279197     -0.299392     0.0019732      0.999998  -0.000375331      0.481134   -0.00279122   0.000380838      0.999996    -0.0448581
     0.999994    -0.0020482    0.00266217     -0.300512    0.00205172      0.999997   -0.00132193      0.421483   -0.00265945    0.00132739      0.999996    0.00218841
     0.999995   -0.00190389    0.00262849     -0.335273    0.00190229      0.999998   0.000611895      0.260807   -0.00262965  -0.000606892      0.999996    -0.0483376
     0.999994   -0.00226527    0.00277671     -0.268798    0.00226826      0.999997   -0.00107234      0.567738   -0.00277427    0.00107863      0.999996     -0.135727
     0.999994   -0.00221736    0.00269944     -0.358301    0.00221871      0.999997  -0.000494443      0.295843   -0.00269833   0.000500429      0.999996     0.0128382
     0.999994     -0.002294    0.00275714     -0.329645    0.00229377      0.999997   8.63969e-05      0.418672   -0.00275733  -8.00721e-05      0.999996    0.00868314
     0.999994   -0.00227795    0.00254133      -0.26653    0.00228109      0.999997   -0.00123014      0.525957   -0.00253852    0.00123593      0.999996    -0.0857483
     0.999995   -0.00234724    0.00230952     -0.346969    0.00234687      0.999997   0.000162128      0.256766   -0.00230989  -0.000156707      0.999997     0.0223121
     0.999994   -0.00220654    0.00258041     -0.313891    0.00220466      0.999997   0.000730157      0.418878   -0.00258201  -0.000724464      0.999996    -0.0805798
     0.999996   -0.00196583    0.00223429     -0.263907    0.00196727      0.999998  -0.000641258      0.481911   -0.00223302   0.000645651      0.999997     -0.133693
     0.999995   -0.00196723    0.00256684     -0.331591    0.00196556      0.999998   0.000651014      0.243662   -0.00256811  -0.000645965      0.999996    -0.0543234
     0.999994     -0.002078    0.00269654     -0.282891    0.00207685      0.999998   0.000427877       0.47803   -0.00269742  -0.000422274      0.999996      -0.14215
     0.999994   -0.00212241    0.00266073     -0.331424    0.00212154      0.999998   0.000328485      0.327312   -0.00266142  -0.000322838      0.999996    -0.0357484
     0.999993   -0.00220047    0.00300814      -0.32029    0.00219774      0.999997   0.000912617       0.33233   -0.00301014     -0.000906      0.999995      -0.09697
     0.999994   -0.00220686    0.00270143     -0.312608    0.00220884      0.999997  -0.000731287      0.484952   -0.00269981    0.00073725      0.999996     -0.109301
     0.999995   -0.00184804    0.00256793     -0.354375    0.00184568      0.999998   0.000920944      0.212281   -0.00256962    -0.0009162      0.999996    -0.0712823
     0.999995   -0.00196311    0.00261763     -0.268093    0.00196421      0.999998  -0.000416382      0.509461   -0.00261681   0.000421521      0.999996     -0.117999
     0.999996   -0.00160255    0.00219852     -0.336143    0.00160072      0.999998   0.000837303      0.202722   -0.00219986   -0.00083378      0.999997      -0.07951
     0.999995   -0.00194899    0.00254991     -0.239409    0.00194884      0.999998   5.78019e-05      0.498961   -0.00255001  -5.28322e-05      0.999997     -0.198002
     0.999995   -0.00197203    0.00243595     -0.326695    0.00197175      0.999998   0.000114809      0.303082   -0.00243617  -0.000110006      0.999997    -0.0492696
     0.999994   -0.00186362    0.00289036     -0.309955    0.00186189      0.999998   0.000598627      0.372879   -0.00289147  -0.000593242      0.999996     -0.143564
     0.999994   -0.00203266    0.00292786     -0.301464    0.00203404      0.999998  -0.000471074      0.462462    -0.0029269   0.000477027      0.999996     -0.111543
     0.999994    -0.0020421    0.00296408     -0.354734    0.00203842      0.999997    0.00124262      0.242061   -0.00296661   -0.00123657      0.999995    -0.0774579
     0.999993   -0.00218949    0.00290609     -0.300888    0.00218858      0.999998    0.00031735      0.496145   -0.00290678  -0.000310987      0.999996     -0.193684
     0.999993   -0.00217711     0.0030169     -0.348171    0.00217378      0.999997    0.00110543      0.281456    -0.0030193   -0.00109886      0.999995    -0.0946774
     0.999993   -0.00203239    0.00301584     -0.309692    0.00202849      0.999997    0.00129565      0.358558   -0.00301847   -0.00128953      0.999995     -0.225382
     0.999993   -0.00227589    0.00294515     -0.307303    0.00227494      0.999997   0.000328645      0.406561   -0.00294589  -0.000321943      0.999996     -0.124475
     0.999994   -0.00189924    0.00297536     -0.383558    0.00189482      0.999997    0.00148924      0.205355   -0.00297818   -0.00148359      0.999994     -0.121286
      0.99999   -0.00304521    0.00313909     -0.303238    0.00305849      0.999986   -0.00423348      0.661278   -0.00312616    0.00424304      0.999986     -0.158652
     0.999991   -0.00293898     0.0028964     -0.405472    0.00294728      0.999992   -0.00286551      0.400089   -0.00288796    0.00287403      0.999992    -0.0955209
      0.99999   -0.00310883    0.00333177     -0.321132    0.00311907       0.99999   -0.00307297      0.554541   -0.00332219    0.00308333       0.99999     -0.153793
     0.999989   -0.00318047    0.00353878     -0.371756    0.00319571      0.999986   -0.00431015      0.594434   -0.00352502    0.00432141      0.999984    -0.0869365
      0.99999   -0.00309676    0.00336347     -0.399935    0.00310598      0.999991   -0.00273912      0.428379   -0.00335496    0.00274954      0.999991    -0.0839862
      0.99999   -0.00304548    0.00317705     -0.347593    0.00305647      0.999989   -0.00346071      0.637137   -0.00316648    0.00347039      0.999989     -0.176125
     0.999992   -0.00293032    0.00288212     -0.360376    0.00294059      0.999989   -0.00356558      0.462271   -0.00287164    0.00357403      0.999989    -0.0562082
     0.999992   -0.00278981    0.00296651     -0.357304    0.00279829      0.999992   -0.00285629      0.511444   -0.00295851    0.00286457      0.999992     -0.157507
     0.999992   -0.00282044    0.00283634     -0.323357    0.00283227      0.999987   -0.00417614      0.625458   -0.00282452    0.00418414      0.999987     -0.148401
      0.99999   -0.00297107    0.00331441       -0.3613     0.0029797      0.999992   -0.00260172      0.393813   -0.00330666    0.00261157      0.999991     -0.134536
      0.99999   -0.00320628    0.00323627     -0.343618    0.00321956      0.999986   -0.00410656      0.677515   -0.00322306    0.00411694      0.999986     -0.178785
      0.99999   -0.00332912    0.00313503     -0.393674    0.00333612      0.999992   -0.00223148      0.365043   -0.00312758    0.00224191      0.999993       -0.1786
      0.99999    -0.0034626    0.00293253     -0.356773    0.00347459      0.999986   -0.00409499      0.681806   -0.00291831    0.00410514      0.999987      -0.21875
     0.999989   -0.00348453     0.0030986     -0.401594    0.00349253      0.999991   -0.00258115      0.366927   -0.00308957    0.00259195      0.999992     -0.133614
     0.999989   -0.00330153    0.00343279      -0.38234    0.00330899      0.999992   -0.00216886      0.524887    -0.0034256    0.00218019      0.999992     -0.167187
      0.99999   -0.00302788    0.00335367     -0.335788    0.00303868       0.99999   -0.00322007      0.567521   -0.00334389    0.00323023      0.999989     -0.209977
     0.999992   -0.00295479    0.00280357     -0.369488     0.0029635      0.999991   -0.00310727      0.446715   -0.00279436    0.00311556      0.999991    -0.0890908
      0.99999   -0.00300815    0.00315817     -0.355254    0.00301449      0.999993   -0.00200415      0.450819   -0.00315212    0.00201365      0.999993     -0.162803
      0.99999   -0.00319455    0.00315332      -0.30346    0.00320543      0.999989   -0.00345043      0.636117   -0.00314226     0.0034605      0.999989     -0.208303
      0.99999   -0.00308276     0.0033457      -0.41774    0.00308954      0.999993   -0.00202605      0.371057   -0.00333944    0.00203636      0.999992     -0.109341
     0.999991   -0.00296221    0.00307023     -0.346205    0.00297016      0.999992   -0.00258903      0.565791   -0.00306254    0.00259812      0.999992     -0.202474
      0.99999   -0.00294493    0.00339946      -0.35184    0.00295566      0.999991   -0.00315744      0.505436   -0.00339013    0.00316746      0.999989     -0.106053
     0.999988   -0.00321638     0.0037889     -0.403034    0.00322473      0.999992   -0.00219861      0.391675    -0.0037818     0.0022108       0.99999     -0.101195
     0.999989    -0.0031133    0.00348824     -0.369063     0.0031263      0.999988   -0.00372765      0.664218    -0.0034766    0.00373851      0.999987     -0.162021
     0.999989   -0.00284663    0.00359911      -0.41217    0.00285526      0.999993   -0.00239717      0.362086   -0.00359227    0.00240742      0.999991    -0.0566989
     0.999988   -0.00309044    0.00380745     -0.342846    0.00310269       0.99999   -0.00321619      0.648945   -0.00379747    0.00322796      0.999988     -0.187804
     0.999988   -0.00306827    0.00382103     -0.421224    0.00307486      0.999994   -0.00172094      0.334042   -0.00381572    0.00173267      0.999991     -0.113923
     0.999987   -0.00335613    0.00381262     -0.371962    0.00336476      0.999992   -0.00225897      0.553434   -0.00380501    0.00227177       0.99999     -0.216918
      0.99999   -0.00301384    0.00333595     -0.398723    0.00302389      0.999991   -0.00301111      0.480601   -0.00332685    0.00302117       0.99999     -0.109194
      0.99999    -0.0030218    0.00341803     -0.382409    0.00302979      0.999993   -0.00233533      0.444791   -0.00341095    0.00234567      0.999991     -0.236089
     0.999992   -0.00282253    0.00288931      -0.36335    0.00283128      0.999991    -0.0030314      0.521791   -0.00288072    0.00303956      0.999991     -0.178207
      0.99999   -0.00299556    0.00334872     -0.357626    0.00300425      0.999992   -0.00259302      0.425454   -0.00334092    0.00260305      0.999991     -0.225676
     0.999989   -0.00294556     0.0035292     -0.366384    0.00295657      0.999991   -0.00311993      0.544766   -0.00351998    0.00313033      0.999989     -0.190692
     0.999988    -0.0030279    0.00383345     -0.414079    0.00303488      0.999994   -0.00181544       0.39847   -0.00382793    0.00182705      0.999991     -0.231017
     0.999989   -0.00307505    0.00347456     -0.342579    0.00308547      0.999991   -0.00299888      0.614686   -0.00346531    0.00300957      0.999989     -0.279276
     0.999989    -0.0029694    0.00358286     -0.423105     0.0029748      0.999994   -0.00150396      0.334205   -0.00357837     0.0015146      0.999992     -0.242771
     0.999988   -0.00289997    0.00391714     -0.320952    0.00290921      0.999993   -0.00235331      0.607856   -0.00391029    0.00236468       0.99999     -0.325504
     0.999989   -0.00271282    0.00371553     -0.430289     0.0027197      0.999995   -0.00184796      0.387564    -0.0037105    0.00185804      0.999991     -0.231687
     0.999989   -0.00280326    0.00379769     -0.362183     0.0028107      0.999994   -0.00195412      0.491444   -0.00379219    0.00196477      0.999991     -0.316674
     0.999991   -0.00268654    0.00342971     -0.351669    0.00269685      0.999992   -0.00300613      0.523266   -0.00342161    0.00301535       0.99999     -0.218225
     0.999989   -0.00273531    0.00378278     -0.401866    0.00274177      0.999995   -0.00170257      0.383002    -0.0037781    0.00171292      0.999991      -0.23137
     0.999989   -0.00283913    0.00363625     -0.360101    0.00284923      0.999992   -0.00277539      0.568055   -0.00362834    0.00278572       0.99999     -0.248438
      0.99999   -0.00298108    0.00344921     -0.397832    0.00298483      0.999995   -0.00108356      0.298533   -0.00344596    0.00109384      0.999993      -0.25284
      0.99999   -0.00315157     0.0031085     -0.335246    0.00315918      0.999992   -0.00244521      0.616729   -0.00310077    0.00245501      0.999992     -0.313436
      0.99999   -0.00294961    0.00338137     -0.406502     0.0029519      0.999995  -0.000674211      0.269923   -0.00337937   0.000684186      0.999994     -0.276348
     0.999991   -0.00302734    0.00310628     -0.332822    0.00303493      0.999992   -0.00243987      0.608941   -0.00309887    0.00244928      0.999992     -0.369279
     0.999993   -0.00246281    0.00281532     -0.369465    0.00246545      0.999997  -0.000933727      0.259346   -0.00281301   0.000940661      0.999996      0.117241
     0.999992   -0.00218987    0.00327892     -0.307902    0.00219366      0.999997   -0.00115206      0.560201   -0.00327639    0.00115924      0.999994    -0.0354382
     0.999993    -0.0021506    0.00318112     -0.347677    0.00215504      0.999997   -0.00139102      0.379519   -0.00317812    0.00139786      0.999994     0.0931324
     0.999993   -0.00204471    0.00307778     -0.354992    0.00204488      0.999998  -5.03976e-05      0.353278   -0.00307767   5.66909e-05      0.999995     0.0128412
     0.999995   -0.00188555    0.00240673     -0.283856    0.00188935      0.999997   -0.00158079      0.555426   -0.00240374    0.00158533      0.999996    -0.0264206
     0.999995   -0.00194627    0.00242657     -0.324176    0.00194681      0.999998  -0.000218383      0.288728   -0.00242614   0.000223106      0.999997     0.0449494
     0.999994   -0.00200446    0.00271349     -0.281952    0.00200506      0.999998  -0.000218129      0.493012   -0.00271305   0.000223569      0.999996    -0.0647235
     0.999994   -0.00227263    0.00261457     -0.302563    0.00227457      0.999997   -0.00073701      0.415761   -0.00261289   0.000742953      0.999996   -0.00105984
     0.999993   -0.00220315    0.00304334     -0.352269    0.00220071      0.999997   0.000804299      0.302196    -0.0030451  -0.000797596      0.999995    -0.0452462
     0.999994   -0.00209654    0.00262519     -0.302925     0.0020991      0.999997  -0.000973793      0.543073   -0.00262314   0.000979298      0.999996    -0.0895413
     0.999996   -0.00144434    0.00252962     -0.355152    0.00144336      0.999999   0.000385577      0.228847   -0.00253017  -0.000381924      0.999997    0.00105936
     0.999996   -0.00146565    0.00231121     -0.233812    0.00146733      0.999999  -0.000723915      0.547981   -0.00231015   0.000727303      0.999997    -0.0458347
     0.999996    -0.0015515    0.00245671     -0.316737      0.001551      0.999999   0.000207423      0.224393   -0.00245702  -0.000203611      0.999997     0.0204689
     0.999996   -0.00150816    0.00231062     -0.268225    0.00150879      0.999999  -0.000273742       0.46713   -0.00231021   0.000277227      0.999997     -0.129903
     0.999999   -0.00118217    0.00124615     -0.276867    0.00118261      0.999999  -0.000351081      0.367846   -0.00124574   0.000352554      0.999999    -0.0357626
     0.999997   -0.00123085     0.0021628     -0.245428    0.00122976      0.999999   0.000507662      0.314593   -0.00216343  -0.000505001      0.999998      -0.10455
     0.999996    -0.0015763    0.00223965     -0.251553     0.0015784      0.999998  -0.000937909      0.499752   -0.00223817   0.000941441      0.999997     -0.102584
     0.999998   -0.00128815    0.00167445     -0.287438    0.00128668      0.999999   0.000877229      0.250148   -0.00167558  -0.000875073      0.999998    -0.0815116
     0.999997   -0.00145102    0.00196084     -0.201733    0.00145304      0.999998   -0.00103166      0.547375   -0.00195934    0.00103451      0.999998     -0.169766
     0.999997   -0.00157499    0.00184842     -0.303926    0.00157417      0.999999   0.000443406      0.241471   -0.00184912  -0.000440495      0.999998      -0.10149
     0.999996   -0.00170107    0.00246726     -0.251404    0.00170011      0.999998   0.000393513      0.455923   -0.00246792  -0.000389317      0.999997     -0.207525
     0.999996   -0.00177005    0.00226536     -0.283707    0.00177147      0.999998  -0.000624894      0.401102   -0.00226425   0.000628904      0.999997     -0.112175
     0.999996   -0.00171968    0.00219143     -0.307806    0.00171746      0.999998    0.00101426      0.280831   -0.00219317    -0.0010105      0.999997     -0.225893
     0.999997   -0.00178479    0.00168227     -0.254213    0.00178629      0.999998  -0.000894361        0.5239   -0.00168067   0.000897363      0.999998     -0.262521
     0.999998   -0.00162958    0.00143185     -0.293151    0.00162789      0.999998    0.00118061      0.170677   -0.00143377   -0.00117827      0.999998     -0.212416
     0.999997   -0.00162535     0.0016933     -0.211588    0.00162572      0.999999  -0.000218766      0.505644   -0.00169294   0.000221518      0.999999     -0.265435
     0.999997   -0.00157277    0.00160474     -0.278857    0.00157102      0.999998    0.00108861      0.210559   -0.00160645   -0.00108608      0.999998     -0.205135
     0.999997   -0.00157828    0.00193067     -0.248997    0.00157638      0.999998   0.000985398      0.393883   -0.00193222  -0.000982352      0.999998      -0.24468
