# 3dvolreg matrices (DICOM-to-DICOM, row-by-row):
     0.999999  -0.000154415    0.00103026     0.0259108    0.00015309      0.999999    0.00128594    -0.0454626   -0.00103046   -0.00128579      0.999999     0.0225119
            1   -0.00021414   0.000722426     0.0227464   0.000213952             1   0.000260051     0.0694023  -0.000722481  -0.000259897             1  -0.000122299
            1   1.08632e-10   8.24399e-11  -6.62114e-09  -1.08632e-10             1   1.10002e-10   2.78018e-09  -8.24399e-11  -1.10002e-10             1   3.35706e-09
            1   0.000155282  -0.000169889     0.0707558  -0.000155308             1  -0.000155063   -0.00938323   0.000169865   0.000155089             1    -0.0152127
            1   0.000243573  -5.74405e-05     0.0889051  -0.000243567             1    9.1019e-05     0.0128402   5.74626e-05   -9.1005e-05             1    -0.0266493
            1    0.00018928   5.07155e-05     0.0798068  -0.000189258             1  -0.000439772      0.026606  -5.07988e-05   0.000439762             1    -0.0362676
            1   9.74352e-05   0.000356505     0.0560857  -9.73254e-05             1  -0.000307923   -0.00488373  -0.000356535   0.000307889             1    -0.0240127
            1   0.000100785    0.00028869     0.0502348  -0.000100628             1  -0.000543522     0.0923513  -0.000288744   0.000543493             1    -0.0111382
            1   0.000379389   0.000693785      0.057915  -0.000379384             1  -7.93984e-06    -0.0776154  -0.000693788   7.67663e-06             1     0.0334969
            1   0.000135957   0.000534153     0.0474583  -0.000135633             1  -0.000605372       0.14708  -0.000534235   0.000605299             1    -0.0381707
            1   0.000365472   0.000672423     0.0396937  -0.000364916             1  -0.000826871    -0.0418773  -0.000672724   0.000826625      0.999999   -0.00102817
     0.999998   -0.00202859   0.000821984      0.119652    0.00201987      0.999943     0.0104786      0.244553  -0.000843194    -0.0104769      0.999945     -0.233258
     0.999975   -0.00613185    0.00338685      0.281304     0.0056915      0.993058       0.11749       2.05637   -0.00408376     -0.117467      0.993068      -1.07657
            1   3.22687e-05   2.45269e-05    -0.0933077  -3.23368e-05      0.999996    0.00278091     -0.288192   -2.4437e-05   -0.00278091      0.999996    0.00104157
     0.999999   0.000975831  -0.000269562     0.0172392  -0.000978629      0.999944    -0.0105813     -0.217179   0.000259222     0.0105816      0.999944    -0.0435388
     0.999999   0.000283036   -0.00131285     0.0315261  -0.000298826      0.999927    -0.0120419      0.161902    0.00130935     0.0120423      0.999927    -0.0257542
     0.999999  -0.000449742   0.000959895    -0.0258425   0.000445433       0.99999    0.00448495     -0.234545  -0.000961902   -0.00448452      0.999989     0.0338478
            1  -5.13328e-05  -1.27848e-06    0.00956402   5.13338e-05             1   0.000754539      0.015072   1.23974e-06  -0.000754539             1    -0.0304241
            1   0.000176134  -0.000131944     0.0589924  -0.000176166             1   -0.00024211     -0.171448   0.000131902   0.000242133             1     -0.029143
            1  -2.73661e-05  -3.37454e-05      0.029019    2.7358e-05             1  -0.000238901     0.0641501   3.37519e-05     0.0002389             1    -0.0253977
            1  -8.84602e-05  -0.000162996     0.0295496   8.84339e-05             1  -0.000161165     -0.146067    0.00016301   0.000161151             1    -0.0321085
            1   -0.00019284   0.000652738     0.0238251   0.000193409             1  -0.000871743     0.0368414  -0.000652569   0.000871869      0.999999     0.0144204
     0.999999  -0.000482111    0.00114436    0.00906585   0.000482764             1  -0.000570447    -0.0804568   -0.00114408   0.000570999      0.999999     0.0343571
     0.999998   -0.00107795    0.00143877    -0.0504012    0.00107793      0.999999   1.32775e-05    -0.0607405   -0.00143878  -1.17266e-05      0.999999     0.0794501
     0.999999  -0.000877807    0.00120733    -0.0723386   0.000878899      0.999999  -0.000904143     0.0196651   -0.00120654   0.000905203      0.999999     0.0648754
     0.999999  -0.000729278    0.00123272    -0.0292861   0.000729666             1  -0.000314448    -0.0993988   -0.00123249   0.000315347      0.999999     0.0330089
     0.999999  -0.000954138   0.000992612    -0.0304368   0.000954753      0.999999  -0.000619347     0.0222844   -0.00099202   0.000620294      0.999999     0.0306437
     0.999999  -0.000628723    0.00100995    -0.0131717   0.000628661             1   6.18656e-05     -0.108107   -0.00100999  -6.12307e-05      0.999999     0.0469656
     0.999999  -0.000480469   0.000938582    -0.0224787   0.000480715             1   -0.00026113    0.00696066  -0.000938456   0.000261581             1     0.0305801
     0.999999  -0.000322707    0.00101009   -0.00359433   0.000322526             1   0.000179332     -0.111758   -0.00101015  -0.000179006      0.999999     0.0249931
     0.999999  -0.000347195    0.00113582    -0.0140508   0.000347135             1   5.25495e-05    -0.0522609   -0.00113584  -5.21552e-05      0.999999     0.0264324
            1  -0.000384056   0.000876439    -0.0199267   0.000384278             1  -0.000252379     -0.036854  -0.000876342   0.000252716             1   0.000356514
            1  -0.000158809   0.000920747    -0.0120176   0.000158411             1   0.000432112     -0.124471  -0.000920815  -0.000431966      0.999999    0.00443438
            1   -0.00021935   0.000553541     -0.009772   0.000219264             1   0.000155383     0.0232718  -0.000553575  -0.000155262             1   -0.00640548
            1   8.25749e-05   0.000880692     0.0154521  -8.33896e-05             1   0.000925105     -0.186548  -0.000880615  -0.000925178      0.999999     0.0160039
            1  -0.000113649    0.00098592     0.0189415   0.000113574             1   7.67145e-05    -0.0254754  -0.000985929  -7.66024e-05             1    -0.0435658
     0.999999  -0.000294117    0.00101923     0.0108839    0.00029427             1  -0.000149874    -0.0981209   -0.00101919   0.000150174      0.999999     -0.044651
     0.999999  -0.000261445    0.00120297    0.00616248    0.00026122             1   0.000187285    -0.0976632   -0.00120302   -0.00018697      0.999999    -0.0231991
            1  -0.000160008    0.00089559   -0.00435501    0.00015995             1   6.49465e-05      0.022125  -0.000895601  -6.48032e-05             1     -0.025368
     0.999999   2.74097e-05    0.00107195   -0.00379295  -2.79926e-05             1   0.000543804     -0.118406   -0.00107193  -0.000543834      0.999999    -0.0113707
     0.999999  -0.000123988    0.00111135    -0.0071573   0.000123117             1   0.000783821    -0.0480755   -0.00111144  -0.000783684      0.999999    -0.0144337
     0.999999  -0.000393622    0.00113558   -0.00296093   0.000393141             1   0.000423933    -0.0990051   -0.00113575  -0.000423487      0.999999    -0.0377111
     0.999999  -0.000164163     0.0011602   -0.00448752    0.00016324             1    0.00079582    -0.0957315   -0.00116033   -0.00079563      0.999999    -0.0257895
     0.999999  -0.000288959   0.000964798    -0.0214997   0.000288028      0.999999   0.000964679    -0.0445057  -0.000965076  -0.000964401      0.999999    -0.0139928
            1  -0.000375724   0.000881823   -0.00528302   0.000375101             1   0.000706009     -0.066265  -0.000882088  -0.000705678      0.999999    -0.0262554
            1  -0.000248061   0.000907712    -0.0163656   0.000247171      0.999999   0.000980382     -0.131401  -0.000907955  -0.000980157      0.999999    -0.0322737
            1   1.42039e-05   0.000726946   -0.00519869  -1.49783e-05      0.999999    0.00106537    -0.0667735  -0.000726931   -0.00106538      0.999999    -0.0463498
            1   0.000273886   0.000454168     0.0172839  -0.000274248             1   0.000796053     -0.124212   -0.00045395  -0.000796178             1    -0.0679234
            1   0.000267178   0.000649426     0.0497408  -0.000267722             1   0.000837018    -0.0965844  -0.000649202  -0.000837192      0.999999     -0.039761
            1   1.93635e-05   0.000678953      0.020401   -1.9457e-05             1   0.000137693     -0.063612   -0.00067895  -0.000137706             1    -0.0565492
            1   0.000260469   0.000597861     0.0321003  -0.000260921             1   0.000755201     -0.159245  -0.000597664  -0.000755357             1    -0.0527019
            1   0.000238924   0.000580697     0.0350912  -0.000239449             1   0.000904034    -0.0173577   -0.00058048  -0.000904172      0.999999    -0.0384952
            1    0.00015354   0.000392933     0.0161533  -0.000154018      0.999999    0.00121639     -0.118897  -0.000392745   -0.00121645      0.999999    -0.0440537
            1   0.000437174   0.000350894     0.0540028  -0.000437608      0.999999    0.00123759     -0.100917  -0.000350353   -0.00123775      0.999999    -0.0466917
            1   0.000431858   0.000399531     0.0363427  -0.000432259      0.999999    0.00100464     -0.053532  -0.000399097   -0.00100481      0.999999    -0.0531081
            1   0.000460162   0.000638612     0.0432295  -0.000461208      0.999999    0.00163939     -0.179066  -0.000637857   -0.00163968      0.999998     -0.034728
            1   0.000364168   0.000572861     0.0266858  -0.000364847      0.999999    0.00118669    -0.0343585  -0.000572428    -0.0011869      0.999999    -0.0385863
            1   0.000534367   0.000277164     0.0306473  -0.000534735      0.999999    0.00132967     -0.152978  -0.000276453   -0.00132982      0.999999    -0.0418385
            1   0.000542576   7.90221e-05     0.0484724  -0.000542717      0.999998    0.00180177    -0.0819422  -7.80443e-05   -0.00180182      0.999998    -0.0447654
            1   0.000727322  -9.69251e-06     0.0338957  -0.000727304      0.999998    0.00169617     -0.116719   1.09262e-05   -0.00169616      0.999999    -0.0559143
     0.999999    0.00124229  -6.42799e-05     0.0221233   -0.00124221      0.999998    0.00126612    -0.0695087   6.58527e-05   -0.00126604      0.999999    -0.0630765
     0.999999    0.00129239   8.64896e-05     0.0820726   -0.00129245      0.999999   0.000713247     -0.104491  -8.55677e-05  -0.000713358             1    -0.0869768
     0.999999      0.001481   0.000229922     0.0754339   -0.00148127      0.999998    0.00116137    -0.0972256  -0.000228201   -0.00116171      0.999999    -0.0612443
     0.999999     0.0014682   0.000190023     0.0787045   -0.00146836      0.999999   0.000841224    -0.0436187  -0.000188788  -0.000841502             1    -0.0550853
     0.999999    0.00138515   0.000179519     0.0740637   -0.00138532      0.999999    0.00096143     -0.116099  -0.000178187  -0.000961678             1    -0.0840372
     0.999999    0.00137265   0.000106314     0.0749401   -0.00137282      0.999998    0.00163368     -0.129743  -0.000104071   -0.00163383      0.999999     -0.111509
     0.999999    0.00133597   0.000113124       0.10032   -0.00133617      0.999997    0.00180198    -0.0563867  -0.000110716   -0.00180213      0.999998    -0.0958704
     0.999999    0.00144253   0.000101179      0.075311   -0.00144267      0.999998    0.00136843     -0.113236  -9.92052e-05   -0.00136857      0.999999    -0.0920067
     0.999999    0.00149511   0.000184851     0.0845888   -0.00149546      0.999997     0.0019092     -0.108757  -0.000181996   -0.00190948      0.999998    -0.0865171
     0.999999    0.00147564   0.000306421      0.057367   -0.00147627      0.999997    0.00207194     -0.122123  -0.000303363   -0.00207239      0.999998    -0.0484061
     0.999999    0.00123697  -0.000519965     0.0523325   -0.00123641      0.999999     0.0010748     0.0227076   0.000521294   -0.00107416      0.999999     -0.106248
     0.999999    0.00133133  -0.000133296     0.0910728   -0.00133112      0.999998    0.00156267     -0.203681   0.000135377   -0.00156249      0.999999     -0.063042
     0.999999    0.00116304    -0.0004826     0.0754626   -0.00116279      0.999999   0.000522531   0.000898305   0.000483208  -0.000521969             1    -0.0660443
     0.999999    0.00138451  -0.000437302     0.0855354   -0.00138376      0.999998    0.00171517     -0.189481   0.000439675   -0.00171456      0.999998    -0.0855859
     0.999999    0.00142894  -0.000526145     0.0854402   -0.00142831      0.999998    0.00118452    -0.0082242   0.000527837   -0.00118377      0.999999    -0.0894676
     0.999999    0.00123215  -0.000324643     0.0971925   -0.00123163      0.999998    0.00160983     -0.218938   0.000326626   -0.00160943      0.999999    -0.0909181
     0.999999    0.00102106  -0.000507601     0.0858667   -0.00102084      0.999999   0.000422414    0.00296026   0.000508032  -0.000421896             1     -0.120779
     0.999999    0.00123025  -0.000386536     0.0978621   -0.00122985      0.999999    0.00101997      -0.19041   0.000387791   -0.00101949      0.999999    -0.0996799
     0.999999    0.00126584  -0.000487813     0.0946848   -0.00126562      0.999999   0.000457911    -0.0284852   0.000488392  -0.000457293             1     -0.102287
     0.999999    0.00119578   -0.00051725     0.0699663   -0.00119543      0.999999   0.000671444     -0.117047   0.000518053  -0.000670825             1     -0.120773
     0.999999    0.00110739  -0.000303927     0.0899046   -0.00110711      0.999999   0.000895228      -0.10221   0.000304918  -0.000894891             1     -0.102635
     0.999999     0.0014664    -0.0003867     0.0864701   -0.00146613      0.999999   0.000699462    -0.0445398   0.000387725  -0.000698894             1    -0.0908058
     0.999998    0.00184669  -0.000573464      0.104013   -0.00184607      0.999998     0.0010777     -0.118898   0.000575453   -0.00107664      0.999999     -0.112173
     0.999998    0.00168645  -0.000622673     0.0972944   -0.00168575      0.999998    0.00113107    -0.0410082   0.000624579   -0.00113002      0.999999     -0.106526
     0.999999    0.00150067  -0.000439066     0.0940781   -0.00150018      0.999998    0.00110788    -0.0788477   0.000440727   -0.00110722      0.999999     -0.097761
     0.999999    0.00143563  -0.000289501      0.102441   -0.00143518      0.999998    0.00153864      -0.14755   0.000291709   -0.00153822      0.999999     -0.102968
     0.999999    0.00144287  -0.000318448     0.0820701    -0.0014425      0.999998    0.00116449    -0.0224741   0.000320128   -0.00116402      0.999999     -0.112824
     0.999999    0.00172186   -0.00012998     0.0893704   -0.00172166      0.999997    0.00155175     -0.141401   0.000132651   -0.00155153      0.999999      -0.11397
     0.999999    0.00167026  -5.96699e-05     0.0957548   -0.00167017      0.999997    0.00150932    -0.0712225   6.21907e-05   -0.00150921      0.999999    -0.0902833
     0.999999    0.00164322  -8.33878e-05     0.0888171   -0.00164313      0.999998    0.00106506     -0.104876   8.51377e-05   -0.00106492      0.999999    -0.0829878
     0.999999     0.0015299  -1.45157e-06     0.0862351    -0.0015299      0.999998    0.00114812     -0.109398   3.20808e-06   -0.00114812      0.999999    -0.0956178
     0.999999    0.00150486  -4.81876e-05     0.0813249   -0.00150481      0.999998   0.000889568    -0.0432983   4.95262e-05  -0.000889495             1     -0.104278
     0.999999    0.00129755  -0.000175666     0.0663411   -0.00129731      0.999998    0.00135236     -0.139975   0.000177421   -0.00135213      0.999999     -0.110562
     0.999999    0.00136789  -0.000221468     0.0864505   -0.00136758      0.999998    0.00139352    -0.0821702   0.000223374   -0.00139322      0.999999    -0.0951719
     0.999999    0.00134308  -0.000174034     0.0900414   -0.00134296      0.999999   0.000707973    -0.0893294   0.000174985  -0.000707739             1     -0.110736
     0.999999    0.00141932  -6.29845e-05     0.0974517   -0.00141925      0.999998    0.00112367     -0.120187   6.45792e-05   -0.00112358      0.999999     -0.122788
     0.999999    0.00132304   0.000226051     0.0881574   -0.00132336      0.999998    0.00139261    -0.0587873  -0.000224209   -0.00139291      0.999999     -0.121731
     0.999999    0.00104018   0.000279087     0.0612137   -0.00104049      0.999999    0.00110389     -0.106065  -0.000277938   -0.00110418      0.999999     -0.136526
            1   0.000908185   0.000238535     0.0602889  -0.000908525      0.999999    0.00142834     -0.135018  -0.000237237   -0.00142855      0.999999     -0.114461
     0.999999    0.00116779  -3.55789e-05     0.0435812   -0.00116776      0.999999   0.000961411    -0.0185832   3.67016e-05  -0.000961369             1    -0.0794644
     0.999999    0.00138132  -0.000175955     0.0777576   -0.00138112      0.999998    0.00113147      -0.12727   0.000177518   -0.00113123      0.999999    -0.0765473
     0.999999   0.000886298  -0.000680722     0.0335299   -0.00088545      0.999999    0.00124395    -0.0684194   0.000681824   -0.00124335      0.999999    -0.0815182
     0.999999   0.000900174  -0.000622728     0.0723653  -0.000899561      0.999999   0.000983961    -0.0785546   0.000623613    -0.0009834      0.999999     -0.111913
     0.999999    0.00120653  -0.000174488     0.0950201   -0.00120632      0.999999    0.00121292     -0.177163   0.000175951   -0.00121271      0.999999    -0.0934807
     0.999999    0.00115405  -0.000257108     0.0830867   -0.00115374      0.999999    0.00120004    -0.0463342   0.000258492   -0.00119974      0.999999    -0.0932944
     0.999999    0.00114035  -0.000253658     0.0768059   -0.00114006      0.999999    0.00116258      -0.12642   0.000254984   -0.00116229      0.999999     -0.114893
            1   0.000962739  -0.000167882     0.0831667  -0.000962515      0.999999    0.00133331     -0.137784   0.000169165   -0.00133315      0.999999     -0.119618
            1   0.000785012  -9.78911e-05     0.0884672   -0.00078489      0.999999    0.00123683     -0.070227   9.88619e-05   -0.00123675      0.999999     -0.127271
            1   0.000888146  -3.76525e-05     0.0641118  -0.000888088      0.999998    0.00151815     -0.143942   3.90008e-05   -0.00151811      0.999999     -0.115549
            1   0.000891697   4.72123e-05     0.0711485  -0.000891776      0.999998    0.00171879     -0.116141  -4.56796e-05   -0.00171883      0.999999    -0.0674138
            1   0.000959642   0.000122614     0.0629054  -0.000959827      0.999998    0.00151752    -0.0741386  -0.000121157   -0.00151763      0.999999    -0.0934846
            1   0.000631634   0.000343374     0.0769324  -0.000632208      0.999998    0.00167253     -0.137925  -0.000342317   -0.00167275      0.999999     -0.111007
            1   0.000607578  -0.000275916     0.0209442  -0.000607072      0.999998    0.00183051    -0.0998102   0.000277027   -0.00183034      0.999998     -0.112559
            1   0.000605188  -0.000155037     0.0714059  -0.000604909      0.999998    0.00179423     -0.117478   0.000156122   -0.00179414      0.999998     -0.119955
            1   0.000957008  -0.000149238      0.038521  -0.000956729      0.999998    0.00185561     -0.131197   0.000151013   -0.00185546      0.999998     -0.120023
     0.999999   0.000881104  -0.000489671     0.0489207  -0.000880264      0.999998    0.00171258    -0.0651579   0.000491179   -0.00171215      0.999998    -0.0786394
     0.999999    0.00100625  -3.39355e-05     0.0959553   -0.00100617      0.999997    0.00223645     -0.175058   3.61858e-05   -0.00223641      0.999997    -0.0424451
            1   0.000873236  -5.05265e-05     0.0652569  -0.000873184      0.999999    0.00101322    -0.0347571   5.14112e-05   -0.00101317      0.999999     -0.071436
            1   0.000939688   9.07515e-05     0.0596035  -0.000939816      0.999999    0.00142295     -0.158056  -8.94142e-05   -0.00142303      0.999999    -0.0708855
            1   0.000883504   0.000112278     0.0609822  -0.000883616      0.999999    0.00100622    -0.0512339  -0.000111389   -0.00100632      0.999999    -0.0749226
     0.999999    0.00118595   7.99216e-05     0.0700547   -0.00118605      0.999999    0.00123695     -0.152631  -7.84545e-05   -0.00123704      0.999999    -0.0710522
            1   0.000913512  -2.16776e-05     0.0688908  -0.000913475      0.999998    0.00163833    -0.0947608   2.31742e-05   -0.00163831      0.999999     -0.088554
     0.999999   0.000980242  -0.000269734     0.0609356  -0.000979932      0.999999    0.00114569     -0.100927   0.000270857   -0.00114543      0.999999     -0.101854
            1   0.000973081  -0.000167694     0.0800134  -0.000972776      0.999998    0.00180874     -0.186504   0.000169454   -0.00180858      0.999998    -0.0574389
     0.999999    0.00102791   -0.00041023     0.0862135   -0.00102749      0.999999     0.0010246     -0.018688   0.000411283   -0.00102418      0.999999    -0.0473347
     0.999999   0.000985486  -0.000376278     0.0716077     -0.000985      0.999999     0.0012904     -0.126686    0.00037755   -0.00129002      0.999999    -0.0661679
     0.999999   0.000883485  -0.000507144     0.0674298  -0.000883085      0.999999   0.000788548    -0.0542779    0.00050784    -0.0007881             1       -0.0574
     0.999999   0.000958307  -0.000390059     0.0765791  -0.000957808      0.999999    0.00127803     -0.134153   0.000391283   -0.00127766      0.999999    -0.0621371
     0.999999    0.00114012  -0.000163509     0.0786359   -0.00113987      0.999998    0.00148488    -0.0755008   0.000165202   -0.00148469      0.999999    -0.0642276
     0.999999    0.00105036  -0.000743349     0.0422822    -0.0010498      0.999999   0.000753928    -0.0527168    0.00074414  -0.000753147      0.999999     -0.106936
            1   0.000572541   0.000412086      0.039264  -0.000573299      0.999998    0.00184166     -0.285976  -0.000411031    -0.0018419      0.999998      0.402449
     0.999999    0.00142294   0.000211005     -0.164936   -0.00142308      0.999999   0.000658128      0.166875  -0.000210068  -0.000658428             1      -1.01829
     0.999998   -0.00101737    0.00157868    -0.0309885    0.00101401      0.999997    0.00212948     -0.317392   -0.00158084   -0.00212787      0.999996     -0.230637
     0.999999   -0.00099491   0.000169678    -0.0740797   0.000994832      0.999999   0.000459019      0.047484  -0.000170134   -0.00045885             1     0.0109795
            1   0.000768876   0.000257251     0.0222794  -0.000769326      0.999998    0.00175496     -0.199131  -0.000255901   -0.00175516      0.999998    -0.0783297
            1   0.000811695  -0.000116766    -0.0175978  -0.000811566      0.999999    0.00110396    -0.0473133   0.000117662   -0.00110386      0.999999     -0.195913
     0.999999    0.00100454  -9.63609e-05      0.122127   -0.00100437      0.999998     0.0018286      -0.19089   9.81976e-05   -0.00182851      0.999998     -0.228972
            1   0.000770073   0.000238868      0.120734  -0.000770288      0.999999   0.000903809    -0.0248845  -0.000238172  -0.000903992             1     -0.199715
            1   0.000761242   0.000238079     0.0794067  -0.000761472      0.999999   0.000967466     -0.136125  -0.000237343  -0.000967647             1     -0.170653
            1   0.000881392   0.000185253     0.0599643  -0.000881627      0.999999    0.00127052    -0.0903839  -0.000184133   -0.00127068      0.999999     -0.189984
            1   0.000508878  -0.000121551     0.0671319  -0.000508652      0.999998    0.00185051    -0.0380228   0.000122493   -0.00185045      0.999998      -0.16541
            1   0.000171738  -3.96164e-05     0.0595355  -0.000171483       0.99998    0.00636076     -0.256477    4.0708e-05   -0.00636075       0.99998     -0.107827
            1   7.87914e-05   0.000192722     0.0658317  -7.85758e-05      0.999999   -0.00111813    -0.0512754   -0.00019281    0.00111812      0.999999    -0.0180019
            1  -0.000472486   0.000271384     0.0340608   0.000471964      0.999998    0.00191901    -0.0811983   -0.00027229   -0.00191889      0.999998    -0.0194107
            1  -0.000411784  -7.13431e-05     0.0140257   0.000411959      0.999997    0.00247155     -0.161362   7.03251e-05   -0.00247158      0.999997    -0.0274035
            1   -0.00030916   2.73611e-05     0.0253133    0.00030909      0.999997    0.00250446     -0.144426  -2.81353e-05   -0.00250445      0.999997  -0.000521677
            1  -0.000318438  -4.93088e-05     0.0241221   0.000318517      0.999999    0.00160036     -0.113955   4.87991e-05   -0.00160037      0.999999    -0.0245833
            1   0.000110206  -0.000482182     0.0317994  -0.000109343      0.999998    0.00178869     -0.163794   0.000482379   -0.00178864      0.999998    -0.0370991
            1   7.46885e-05  -0.000482144     0.0678002  -7.37985e-05      0.999998    0.00184574     -0.134986   0.000482281    -0.0018457      0.999998    -0.0591023
            1  -5.02468e-05  -0.000482623     0.0675276   5.09453e-05      0.999999    0.00144749     -0.100584    0.00048255   -0.00144751      0.999999    -0.0901058
            1   5.92468e-05  -0.000348906     0.0601092  -5.87222e-05      0.999999    0.00150324     -0.174865   0.000348995   -0.00150322      0.999999    -0.0768349
            1   7.40966e-05  -0.000315336     0.0690874  -7.34672e-05      0.999998     0.0019953     -0.101815   0.000315483   -0.00199528      0.999998    -0.0746119
            1   6.21133e-05  -0.000283763     0.0401154  -6.17827e-05      0.999999    0.00116502    -0.0822335   0.000283835     -0.001165      0.999999    -0.0500912
            1  -0.000158453  -0.000214041     0.0306982   0.000158742      0.999999    0.00135151     -0.150659   0.000213826   -0.00135155      0.999999    -0.0759067
            1   0.000274454  -0.000773797     0.0370838  -0.000273305      0.999999    0.00148389    -0.0740416   0.000774203   -0.00148368      0.999999      -0.10003
            1   0.000350369  -0.000297641     0.0924933  -0.000349919      0.999999    0.00151272    -0.0940174    0.00029817   -0.00151261      0.999999    -0.0637419
            1   0.000512506   0.000103545     0.0403037  -0.000512944      0.999991    0.00427916     -0.192608  -0.000101351   -0.00427921      0.999991    -0.0211518
            1   0.000409026  -8.59347e-05     0.0350097  -0.000408927      0.999999    0.00114892    -0.0980426   8.64045e-05   -0.00114888      0.999999    -0.0595588
            1   0.000840082  -8.18267e-05     0.0538669  -0.000840012      0.999999   0.000848734     -0.119329   8.25397e-05  -0.000848665             1    -0.0373912
            1   0.000677605  -4.85492e-05     0.0673722  -0.000677572             1   0.000681596    -0.0396966    4.9011e-05  -0.000681563             1    -0.0233295
            1   0.000647705  -0.000261274     0.0547866  -0.000647607             1   0.000373962     -0.063882   0.000261516  -0.000373792             1    -0.0494932
            1   0.000757206  -0.000191073     0.0571727  -0.000757102             1   0.000542824     -0.114529   0.000191484  -0.000542679             1    -0.0565574
            1   0.000801579  -0.000235761     0.0631596  -0.000801415      0.999999    0.00069352    -0.0593926   0.000236317  -0.000693331             1     -0.032703
            1   0.000789046   -0.00019441     0.0627583   -0.00078897             1   0.000387268    -0.0638704   0.000194716  -0.000387114             1    -0.0414397
            1   0.000746189   2.35759e-05     0.0789212   -0.00074619             1    6.1822e-06     -0.111936  -2.35713e-05  -6.19979e-06             1    -0.0468906
            1   0.000801169  -0.000152057     0.0833789  -0.000801077      0.999999   0.000603973    -0.0721565    0.00015254  -0.000603851             1    -0.0698313
            1   0.000699546  -0.000285966     0.0604906  -0.000699455             1   0.000317796    -0.0591729   0.000286188  -0.000317596             1    -0.0739876
            1   0.000684586  -0.000316714      0.065334  -0.000684392             1   0.000612885     -0.111686   0.000317133  -0.000612668             1    -0.0609018
            1   0.000645613  -0.000251708     0.0756957  -0.000645493             1    0.00047554    -0.0368693   0.000252015  -0.000475378             1    -0.0705944
            1    0.00065625   -0.00010553     0.0579367  -0.000656239             1   0.000111597    -0.0651597   0.000105603  -0.000111527             1    -0.0677504
            1   0.000729293  -0.000139388     0.0639854  -0.000729263             1   0.000217643    -0.0784092   0.000139547  -0.000217541             1    -0.0498748
            1    0.00086437  -0.000112657     0.0704099  -0.000864359             1   9.38177e-05    -0.0262432   0.000112738  -9.37203e-05             1    -0.0443948
     0.999999    0.00107102  -6.37763e-05     0.0650087   -0.00107098      0.999999   0.000537407    -0.0965294   6.43518e-05  -0.000537338             1    -0.0415867
            1   0.000917364   -0.00021998     0.0894657  -0.000917241      0.999999   0.000559631     -0.075348   0.000220494  -0.000559429             1    -0.0553702
            1    0.00083622  -0.000375296     0.0667743  -0.000836186             1   9.15475e-05    -0.0217341   0.000375372  -9.12337e-05             1     -0.066056
            1   0.000939263  -0.000206543     0.0889199  -0.000939093      0.999999   0.000818147     -0.161077   0.000207311  -0.000817953             1    -0.0502458
            1   0.000851852  -0.000358332     0.0682591  -0.000851919             1  -0.000187123     0.0439033   0.000358172   0.000187428             1    -0.0489048
            1   0.000925484  -0.000236344     0.0700111  -0.000925476             1   3.30064e-05     -0.104413   0.000236375  -3.27877e-05             1    -0.0372095
            1   0.000973688  -4.77036e-05     0.0679587  -0.000973699      0.999999  -0.000233902    -0.0464794   4.74758e-05   0.000233949             1    -0.0105204
