# 3dvolreg matrices (DICOM-to-DICOM, row-by-row):
     0.999965   -0.00637139    0.00541445       2.23653    0.00576156      0.994348      0.106016    -0.0212018   -0.00605932     -0.105981       0.99435        15.025
     0.999966   -0.00630482    0.00533097       2.24278    0.00570139      0.994298      0.106487     -0.111407   -0.00597195     -0.106453        0.9943       15.0231
     0.999966   -0.00623063    0.00533996       2.23971    0.00562571      0.994281      0.106644    0.00334848   -0.00597389      -0.10661      0.994283       15.0402
     0.999967   -0.00622226    0.00517362       2.23387    0.00563709      0.994317      0.106307     -0.060944   -0.00580569     -0.106274       0.99432       15.0231
     0.999969   -0.00598113    0.00521395       2.24216    0.00538978      0.994259      0.106864    -0.0501197   -0.00582319     -0.106833       0.99426       15.0239
     0.999966   -0.00609476    0.00546452        2.2466     0.0054798      0.994325      0.106242     0.0118459   -0.00608102     -0.106208      0.994325       15.0328
     0.999966   -0.00618797    0.00543151       2.24853    0.00557541      0.994315      0.106337    -0.0872504   -0.00605864     -0.106303      0.994315       15.0176
     0.999968   -0.00601785     0.0052117       2.24592      0.005428      0.994286      0.106612    -0.0131355    -0.0058235      -0.10658      0.994287       15.0179
     0.999967    -0.0060526    0.00542617       2.23755    0.00544166       0.99432      0.106288   -0.00684485   -0.00603867     -0.106255      0.994321       15.0227
     0.999969   -0.00585649    0.00527203       2.24722    0.00525923      0.994252      0.106935     -0.119372   -0.00586799     -0.106904      0.994252       15.0416
      0.99997   -0.00590564    0.00502652        2.2515    0.00533889      0.994338      0.106131     0.0577055   -0.00562483     -0.106101      0.994339       14.9924
     0.999967   -0.00617085    0.00522737       2.23306    0.00557557      0.994232      0.107102      -0.10799   -0.00585814      -0.10707      0.994234        15.014
     0.999966   -0.00596711    0.00572028       2.24688    0.00532129      0.994252      0.106935   -0.00217914   -0.00632549     -0.106901       0.99425       15.0572
     0.999967   -0.00595597    0.00553579       2.22769    0.00533477      0.994336      0.106152    -0.0163341   -0.00613667     -0.106119      0.994334       15.0535
     0.999967   -0.00602054    0.00544042       2.24429    0.00540669      0.994293      0.106548    -0.0216697   -0.00605085     -0.106515      0.994293       15.0672
     0.999967     -0.005946     0.0054608       2.23313    0.00532956      0.994278      0.106686   0.000493788   -0.00606391     -0.106653      0.994278       15.0612
     0.999968   -0.00599247    0.00528488       2.22911    0.00539853       0.99435      0.106011    -0.0667458   -0.00589029      -0.10598      0.994351       15.0464
     0.999971   -0.00566316    0.00517309       2.25237    0.00508068      0.994311      0.106399    -0.0206544   -0.00574621     -0.106369       0.99431       15.0732
     0.999971   -0.00571154    0.00512219       2.23648    0.00513582       0.99434      0.106117   -0.00570891    -0.0056993     -0.106087       0.99434       15.0512
      0.99997   -0.00587775    0.00504316       2.24152    0.00531164       0.99438      0.105735    -0.0504959    -0.0056363     -0.105705      0.994382       15.0414
      0.99997     -0.005748    0.00521399       2.24581    0.00516187      0.994332      0.106197    -0.0615564   -0.00579485     -0.106167      0.994331        15.046
      0.99997   -0.00568595    0.00527168       2.24923    0.00509388      0.994329      0.106225      0.029736   -0.00584577     -0.106195      0.994328       15.0384
     0.999971   -0.00578703    0.00501083       2.24391     0.0052233      0.994352      0.106008    -0.0464745     -0.005596     -0.105979      0.994353       15.0076
     0.999971   -0.00573612    0.00491649        2.2624    0.00518009      0.994302      0.106477    -0.0345407   -0.00549924     -0.106449      0.994303       15.0214
      0.99997   -0.00576283    0.00514758       2.24109    0.00518315      0.994322      0.106286    -0.0152353   -0.00573087     -0.106256      0.994322       15.0126
      0.99997   -0.00586017    0.00512722       2.23696    0.00528342      0.994346      0.106057    -0.0227734   -0.00571974     -0.106027      0.994347            15
     0.999969   -0.00589197    0.00513205       2.25028    0.00531285      0.994315      0.106347    -0.0426781   -0.00572946     -0.106316      0.994316       15.0272
     0.999972   -0.00568542    0.00495746       2.25432    0.00512709      0.994336      0.106158     0.0185893   -0.00553294      -0.10613      0.994337       15.0213
     0.999972   -0.00560749    0.00502002        2.2493    0.00504266      0.994331      0.106211    -0.0414413   -0.00558714     -0.106183      0.994331       15.0086
     0.999971   -0.00566858    0.00502135       2.25106    0.00510267      0.994319      0.106316    -0.0221863   -0.00559549     -0.106287       0.99432       15.0058
     0.999972   -0.00562037    0.00494189       2.24909    0.00506233      0.994303      0.106468   -0.00112377   -0.00551213      -0.10644      0.994304       15.0259
     0.999972   -0.00562062    0.00484903        2.2464    0.00507609      0.994374      0.105805    0.00712952   -0.00541643     -0.105777      0.994375       15.0264
     0.999974   -0.00547068    0.00479605       2.27335    0.00493254      0.994374      0.105814    -0.0380119   -0.00534795     -0.105788      0.994374       15.0275
     0.999972   -0.00543378    0.00518595       2.24741    0.00485311      0.994347      0.106072     0.0127226   -0.00573301     -0.106044      0.994345       15.0752
     0.999973   -0.00540807    0.00502343        2.2339    0.00485217      0.994486      0.104753     0.0315534   -0.00556224     -0.104725      0.994486       15.0355
     0.999973   -0.00531851    0.00498212         2.253    0.00476436      0.994428      0.105306    -0.0209717   -0.00551443     -0.105279      0.994427        15.046
     0.999973   -0.00530362    0.00513267       2.26591    0.00473362      0.994427      0.105319     0.0336945   -0.00566264     -0.105292      0.994425       15.0376
     0.999974   -0.00523126    0.00490775       2.25478    0.00468442      0.994409      0.105489    -0.0302565   -0.00543215     -0.105463      0.994408       15.0055
     0.999975   -0.00535749    0.00470684       2.25263    0.00482921       0.99437      0.105855    0.00665415   -0.00524746      -0.10583       0.99437       15.0139
     0.999974   -0.00573588    0.00440671        2.2713    0.00523972       0.99442       0.10536     0.0462236   -0.00498646     -0.105334      0.994424       15.0098
     0.999975   -0.00568735    0.00429535         2.254    0.00520474      0.994454      0.105043    -0.0122723   -0.00486894     -0.105018      0.994458       15.0063
     0.999975    -0.0054585     0.0045569        2.2758    0.00494669      0.994394      0.105627   -0.00422601   -0.00510792     -0.105601      0.994395       14.9935
     0.999975   -0.00545457     0.0045584       2.27224    0.00494459      0.994434      0.105244     0.0531281   -0.00510709     -0.105219      0.994436       14.9988
     0.999975   -0.00546621    0.00440621       2.27224    0.00497303      0.994452      0.105074    0.00492286   -0.00495612      -0.10505      0.994455       15.0232
     0.999974   -0.00550937    0.00459765       2.26645     0.0049947      0.994429      0.105294     0.0452306   -0.00515214     -0.105268      0.994431       15.0555
     0.999975   -0.00549696    0.00453765       2.25426    0.00499231      0.994504      0.104583      0.034207    -0.0050876     -0.104558      0.994506       15.0291
     0.999976   -0.00515045    0.00469548       2.26664    0.00462944       0.99447      0.104918    -0.0198205   -0.00520989     -0.104894       0.99447       15.0695
     0.999976   -0.00521462    0.00456258       2.25231    0.00471336      0.994596      0.103713     0.0990564   -0.00507875     -0.103689      0.994597       15.0491
     0.999978   -0.00519068    0.00403515       2.27324    0.00474523      0.994618      0.103497     0.0833211   -0.00455065     -0.103475      0.994622        15.015
     0.999978   -0.00522197    0.00402111       2.27153    0.00477809      0.994625      0.103434     0.0366694   -0.00453963     -0.103413      0.994628       14.9852
     0.999979   -0.00514347     0.0040344        2.2977    0.00469527      0.994549      0.104167     0.0184854   -0.00454819     -0.104146      0.994552       14.9761
     0.999979   -0.00505931    0.00395819       2.28366    0.00462242      0.994617      0.103519      0.119593   -0.00446062     -0.103498       0.99462       14.9657
      0.99998   -0.00497471    0.00388723       2.30328    0.00454399      0.994579      0.103888     0.0106053   -0.00438297     -0.103869      0.994581       14.9985
     0.999979   -0.00498484    0.00407163       2.28763    0.00453507      0.994582      0.103854      0.127203   -0.00456727     -0.103834      0.994584        15.015
     0.999979   -0.00501476     0.0041079       2.27681    0.00456256      0.994616      0.103532     0.0177035   -0.00460497     -0.103511      0.994618       15.0131
     0.999978   -0.00514207    0.00414146       2.27859    0.00468301      0.994555      0.104108     0.0716569   -0.00465424     -0.104087      0.994557       15.0059
     0.999977   -0.00524746    0.00439473        2.2726    0.00475898      0.994502      0.104611      0.112345   -0.00491951     -0.104588      0.994503       15.0343
     0.999974   -0.00602286      0.004029       2.30847    0.00551273       0.99318      0.116457     -0.170676   -0.00470292     -0.116431      0.993188       15.1434
     0.999964   -0.00650695     0.0054472       2.22393    0.00591321      0.994695      0.102701     0.0796792   -0.00608657     -0.102665      0.994697       15.0334
     0.999971   -0.00605342    0.00471352       2.23832    0.00552278      0.994411      0.105435    -0.0305189   -0.00532541     -0.105406      0.994415       14.9867
     0.999971   -0.00598962    0.00476453       2.26093    0.00544875      0.994309      0.106398    -0.0524644   -0.00537469     -0.106369      0.994312       15.0075
     0.999972   -0.00574495    0.00470199       2.25574    0.00521962       0.99446      0.104986     0.0497639   -0.00527908     -0.104959      0.994463       15.0079
     0.999975    -0.0055413    0.00445957       2.26826    0.00504872      0.994589      0.103761    -0.0226108   -0.00501041     -0.103736      0.994592       14.9972
     0.999975   -0.00551525    0.00453334       2.28026    0.00501614       0.99461      0.103569     0.0915931   -0.00508011     -0.103543      0.994612       15.0038
     0.999975   -0.00545004    0.00442448       2.25624    0.00496133      0.994585      0.103812     0.0568513    -0.0049663     -0.103788      0.994587       14.9903
     0.999975   -0.00560532    0.00426616       2.25773    0.00513342       0.99461      0.103561     0.0495399   -0.00482366     -0.103537      0.994614       14.9863
     0.999976   -0.00533506    0.00433427       2.27808    0.00486043      0.994672      0.102975     0.0537715   -0.00486056     -0.102952      0.994674       14.9926
     0.999977   -0.00514368    0.00433532        2.2608    0.00467078      0.994691      0.102804      0.121874    -0.0048411     -0.102782      0.994692       14.9875
     0.999979    -0.0050608     0.0041036       2.28286     0.0046149      0.994752      0.102212      0.110423   -0.00459934     -0.102191      0.994754       14.9668
     0.999965   -0.00646207    0.00531246       2.24959    0.00585748      0.994257      0.106859    -0.0541419   -0.00597248     -0.106824       0.99426       15.0538
     0.999962   -0.00659589    0.00562182       2.22546    0.00595682      0.994245      0.106964    -0.0423056     -0.006295     -0.106927      0.994247       15.0484
     0.999964   -0.00650222    0.00547876       2.22437    0.00588485      0.994347      0.106016    -0.0443486   -0.00613713      -0.10598      0.994349       15.0228
     0.999965    -0.0064073    0.00536518       2.24436    0.00580059      0.994314       0.10633    -0.0259178   -0.00601596     -0.106295      0.994316       15.0397
     0.999963   -0.00631356    0.00582288       2.22285    0.00565384      0.994234      0.107082    -0.0323483   -0.00646537     -0.107046      0.994233       15.0757
     0.999964   -0.00616446    0.00585449       2.16397    0.00550986      0.994361      0.105908    -0.0638399   -0.00647434     -0.105871      0.994359        15.028
     0.999962   -0.00629846    0.00596756       2.23988    0.00563076      0.994354      0.105965   -0.00898686   -0.00660129     -0.105928      0.994352       15.0181
     0.999957   -0.00644926    0.00667628       2.21419    0.00570513      0.994346      0.106033    0.00244397   -0.00732237     -0.105991       0.99434       15.0758
     0.999961   -0.00632992    0.00610949        2.2035    0.00565277      0.994444      0.105114   -0.00874139   -0.00674092     -0.105076      0.994441       15.0383
     0.999964   -0.00614114    0.00580037       2.22388    0.00549519      0.994407      0.105475   -0.00137778   -0.00641567      -0.10544      0.994405        15.022
     0.999964   -0.00614501    0.00587474         2.213    0.00549073      0.994399      0.105548     0.0249736   -0.00649043     -0.105512      0.994397       15.0223
     0.999963   -0.00631427     0.0059233       2.21198    0.00565869      0.994475      0.104824   -0.00155168   -0.00655245     -0.104786      0.994473       15.0154
     0.999964   -0.00610516    0.00590748       2.24434    0.00545353      0.994494       0.10465     -0.026082   -0.00651386     -0.104614      0.994492       15.0138
     0.999964   -0.00620704    0.00571128        2.2156    0.00557782      0.994534      0.104266      0.105896   -0.00632724      -0.10423      0.994533       14.9991
     0.999964    -0.0062511    0.00576405       2.23443    0.00561457      0.994508       0.10451     0.0156106    -0.0063857     -0.104474      0.994507       15.0066
     0.999964   -0.00612748    0.00581639       2.22944    0.00548793      0.994537      0.104236     0.0356632   -0.00642332       -0.1042      0.994536       15.0455
     0.999964   -0.00606071    0.00595876       2.20864    0.00540254      0.994472      0.104865     0.0400744   -0.00656137     -0.104829      0.994469       15.0399
     0.999962    -0.0064119     0.0059087       2.22082    0.00576299      0.994565      0.103962     0.0926459   -0.00654318     -0.103924      0.994564       15.0146
     0.999961   -0.00633173    0.00611362       2.22525    0.00565979      0.994532      0.104281     0.0406328   -0.00674047     -0.104242      0.994529       15.0627
     0.999962   -0.00617847    0.00610134       2.21728    0.00550699      0.994507      0.104526      0.085567   -0.00671363     -0.104488      0.994503       15.0807
     0.999958    -0.0064217     0.0064826       2.12963    0.00571443      0.994584      0.103774     0.0652769    -0.0071139     -0.103733       0.99458       15.0542
     0.999962   -0.00599719    0.00629813       2.24813    0.00531351      0.994619      0.103461     0.0737501   -0.00688472     -0.103423      0.994614        15.068
     0.999961   -0.00609999    0.00635681       2.21706     0.0054086      0.994603      0.103617      0.111046   -0.00695457     -0.103579      0.994597       15.0779
     0.999963   -0.00597247     0.0062437       2.21144    0.00529554      0.994634      0.103318     0.0125163   -0.00682726     -0.103281      0.994629       15.0612
     0.999964   -0.00600513    0.00593294       2.21311    0.00536518      0.994714      0.102546      0.197515   -0.00651738      -0.10251      0.994711       15.0351
     0.999963   -0.00680714    0.00521262        2.2448    0.00621605      0.994341      0.106051    -0.0690651   -0.00590503     -0.106015      0.994347       15.0393
     0.999965     -0.006638     0.0051775       2.25133    0.00604572      0.994236      0.107046    -0.0637954   -0.00585823     -0.107011      0.994241       15.0252
     0.999964   -0.00653743    0.00537961       2.24013     0.0059267      0.994282      0.106618    -0.0205614   -0.00604586     -0.106583      0.994285       15.0262
     0.999966   -0.00649516    0.00500485       2.26207    0.00592819       0.99435       0.10599    -0.0389698     -0.005665     -0.105957      0.994355       14.9928
     0.999968   -0.00622321    0.00506388       2.25426    0.00564577      0.994244      0.106992    -0.0530952   -0.00570057      -0.10696      0.994247       14.9954
     0.999969   -0.00630753    0.00478468       2.25086    0.00576113      0.994276      0.106688   -0.00367268   -0.00543023     -0.106657      0.994281       14.9635
     0.999969   -0.00638134    0.00458032       2.25653    0.00584746      0.994093      0.108371    -0.0836838   -0.00524481     -0.108341        0.9941       14.9831
     0.999963   -0.00686181    0.00509827       2.26101    0.00621874      0.993122      0.116922     -0.120867   -0.00586549     -0.116886      0.993128       15.1736
     0.999964   -0.00612468    0.00587873       2.21896    0.00551789      0.995151     0.0981997       0.07317   -0.00645167    -0.0981638      0.995149       15.0301
     0.999965   -0.00685395    0.00480502       2.23345    0.00631293      0.994477      0.104763    -0.0452199   -0.00549653     -0.104729      0.994486       15.0153
     0.999966   -0.00691046    0.00459538       2.25581    0.00638056      0.994267      0.106738     0.0284744   -0.00530664     -0.106705      0.994277       15.0055
     0.999966   -0.00676375    0.00475758       2.25682    0.00622015      0.994322      0.106231    -0.0718022   -0.00544909     -0.106198       0.99433       15.0174
     0.999966   -0.00672646    0.00469156       2.26292    0.00619062      0.994333      0.106132    -0.0035936   -0.00537886     -0.106099      0.994341         15.02
     0.999966   -0.00684116    0.00457594       2.27478    0.00631944      0.994382      0.105662    -0.0530957   -0.00527308      -0.10563      0.994392       14.9818
     0.999969   -0.00657239    0.00426922       2.26058    0.00608232      0.994335      0.106116    -0.0444479   -0.00494248     -0.106087      0.994345       14.9698
     0.999969   -0.00656771    0.00441518       2.26583     0.0060656      0.994407      0.105446     0.0275065   -0.00508302     -0.105415      0.994415        14.966
     0.999968   -0.00679625    0.00413594       2.27739    0.00632563      0.994477      0.104761    -0.0194525   -0.00482507     -0.104731      0.994489       14.9779
      0.99997   -0.00646598    0.00420974       2.27955    0.00598773      0.994442      0.105113      0.017793   -0.00486601     -0.105085      0.994451       14.9629
      0.99997   -0.00654494    0.00410749       2.26296    0.00607589      0.994417      0.105342     0.0310524   -0.00477402     -0.105314      0.994428        14.972
     0.999968   -0.00691547    0.00397431        2.2478    0.00646021      0.994456      0.104957     0.0181412   -0.00467811     -0.104928      0.994469       14.9394
     0.999967   -0.00699692     0.0041982       2.28665    0.00651605       0.99442      0.105294    -0.0188718   -0.00491151     -0.105263      0.994432       14.9498
     0.999968   -0.00668313    0.00437644       2.28467    0.00618399      0.994396       0.10554    0.00251717   -0.00505725      -0.10551      0.994405       14.9785
     0.999968   -0.00681456    0.00421638       2.24883    0.00633535      0.994476      0.104776     0.0479404   -0.00490709     -0.104746      0.994487       14.9691
      0.99997   -0.00654439    0.00406534       2.28144     0.0060814      0.994453      0.105002    -0.0025225   -0.00472996     -0.104974      0.994464       14.9797
      0.99997   -0.00658354    0.00415722       2.28473    0.00611093      0.994458      0.104952     0.0499554   -0.00482514     -0.104924      0.994469       14.9893
      0.99997   -0.00662007     0.0039561       2.27636    0.00617093      0.994516      0.104401     0.0307896   -0.00462555     -0.104373      0.994527       14.9825
     0.999972   -0.00652003    0.00374644       2.28831     0.0060921      0.994488      0.104677     -0.006294   -0.00440829     -0.104651      0.994499       14.9593
     0.999973   -0.00625507    0.00390228       2.28803     0.0058134      0.994515       0.10443      0.061723   -0.00453409     -0.104404      0.994525       14.9812
     0.999975   -0.00618438    0.00344088       2.29924    0.00579368      0.994577      0.103843     0.0142575   -0.00406442      -0.10382      0.994588       14.9601
     0.999974   -0.00621164    0.00358212       2.30117    0.00580453      0.994537      0.104221     0.0249995   -0.00420994     -0.104198      0.994548       14.9795
     0.999976   -0.00607165    0.00347702       2.29545    0.00567698      0.994557      0.104044     0.0590047   -0.00408981     -0.104021      0.994567       14.9674
     0.999976   -0.00610929    0.00327616       2.29498    0.00573578      0.994569      0.103922     0.0407552   -0.00389325       -0.1039       0.99458       14.9473
     0.999976   -0.00615126    0.00325949       2.32664    0.00577774      0.994528       0.10431     0.0629138    -0.0038833     -0.104289      0.994539       14.9346
     0.999975   -0.00611439    0.00368902       2.31572    0.00569508      0.994499      0.104587     0.0487637   -0.00430821     -0.104563      0.994509       14.9613
     0.999974   -0.00636109    0.00324842       2.26341    0.00599189      0.994642      0.103208     0.0832851   -0.00388753     -0.103185      0.994655       14.9603
     0.999975   -0.00626432    0.00315362       2.31592    0.00590494      0.994629      0.103336     0.0768304   -0.00378401     -0.103315      0.994641        14.961
     0.999976   -0.00617231    0.00316702       2.31661    0.00581288      0.994652      0.103115      0.124175   -0.00378655     -0.103094      0.994664       14.9398
     0.999978   -0.00589682    0.00317901       2.30792    0.00552839      0.994399      0.105545     0.0663218   -0.00378359     -0.105525      0.994409       15.0028
     0.999979   -0.00581788    0.00293798       2.32252    0.00547798      0.994479      0.104796   -0.00416829   -0.00353145     -0.104777      0.994489        14.968
     0.999976   -0.00624983    0.00314212       2.30922    0.00588912      0.994558      0.104021      0.149902   -0.00377514        -0.104       0.99457       14.9978
     0.999973   -0.00655371    0.00320675       2.28808    0.00618708      0.994622      0.103388     0.0329661   -0.00386708     -0.103366      0.994636       14.9703
     0.999976   -0.00624473    0.00300812       2.33074    0.00590042      0.994627      0.103355      0.110355   -0.00363738     -0.103334       0.99464       14.9805
     0.999978   -0.00613483    0.00261472       2.32695    0.00583212      0.994639       0.10324      0.113225   -0.00323407     -0.103223      0.994653       15.0013
     0.999982   -0.00533415     0.0028956       2.28408    0.00500752      0.994668       0.10301     0.0936587   -0.00342963     -0.102993      0.994676       14.9942
     0.999985   -0.00480786    0.00280324       2.27828    0.00449019      0.994564      0.104027    -0.0242001   -0.00328814     -0.104012      0.994571       15.0295
     0.999983    -0.0055644    0.00197246         2.373    0.00533349      0.994741       0.10228      0.211866   -0.00253121     -0.102268      0.994754       14.9653
     0.999965   -0.00630196     0.0055722       2.27356    0.00567135      0.994272      0.106728    -0.0507229   -0.00621288     -0.106693      0.994273       15.0744
     0.999959   -0.00644881    0.00628436       2.21656    0.00573655      0.994197      0.107421    -0.0130581   -0.00694063     -0.107381      0.994194       15.0474
     0.999961   -0.00658347    0.00591473       2.21747     0.0059142      0.994262      0.106806    -0.0822741   -0.00658394     -0.106767      0.994262       14.9955
      0.99996   -0.00645628    0.00614634       2.22109    0.00575895      0.994199      0.107399    -0.0454625   -0.00680409     -0.107359      0.994197       15.0261
      0.99996   -0.00653451    0.00602963       2.21611    0.00585331      0.994264      0.106797     0.0296221   -0.00669291     -0.106757      0.994263       15.0309
     0.999963     -0.006441    0.00575518       2.21646    0.00579186      0.994301      0.106451    -0.0567183   -0.00640804     -0.106414      0.994301       15.0361
     0.999963   -0.00594136    0.00614603       2.21919    0.00524806      0.994219      0.107247    -0.0158043   -0.00674769      -0.10721      0.994213       15.0736
     0.999966    -0.0058176    0.00585195       2.22709    0.00515705      0.994228      0.107168     -0.016136   -0.00644163     -0.107134      0.994224       15.0343
     0.999967   -0.00579734    0.00574376       2.24422    0.00514577      0.994181      0.107596    -0.0582186   -0.00633411     -0.107563      0.994178       15.0211
     0.999966   -0.00598139    0.00564691       2.22746    0.00534393      0.994262      0.106842    0.00972121   -0.00625357     -0.106808       0.99426       15.0387
     0.999965   -0.00615884    0.00560006       2.23569    0.00552771      0.994301      0.106466      -0.05372   -0.00622386     -0.106432      0.994301       15.0335
     0.999966   -0.00603846    0.00566362       2.25174    0.00539902      0.994264       0.10682    -0.0535243   -0.00627616     -0.106786      0.994262       15.0489
     0.999971   -0.00565861    0.00506515       2.23091    0.00508886      0.994334      0.106184     0.0270662    -0.0056373     -0.106155      0.994334        15.034
     0.999971   -0.00576116    0.00494125       2.25387    0.00520334      0.994321      0.106298    -0.0534544   -0.00552559     -0.106269      0.994322       15.0294
      0.99997   -0.00573762    0.00517328       2.25198    0.00515438      0.994304      0.106454    -0.0229555   -0.00575461     -0.106424      0.994304       15.0539
     0.999971   -0.00565905    0.00501513       2.25411    0.00509482      0.994337      0.106146     -0.038504   -0.00558741     -0.106118      0.994338       15.0372
     0.999974   -0.00545317    0.00468698       2.25331    0.00492454      0.994331      0.106217   -0.00765364   -0.00523963     -0.106191      0.994332       15.0057
     0.999977   -0.00505826    0.00452887       2.26506    0.00455165      0.994396      0.105626     0.0540391   -0.00503777     -0.105603      0.994396       15.0199
     0.999977   -0.00523181    0.00436548       2.26358     0.0047421      0.994408      0.105502    0.00638794   -0.00489303     -0.105478       0.99441       15.0173
     0.999979   -0.00484215    0.00439183       2.29501    0.00434162      0.994187       0.10758     -0.029116   -0.00488722     -0.107559      0.994187       15.0656
     0.999978   -0.00477868    0.00458748        2.2718    0.00426081      0.994258      0.106927     0.0415186   -0.00507211     -0.106905      0.994256       15.0591
     0.999978   -0.00502579    0.00438608       2.27172    0.00453196      0.994342      0.106129   -0.00331567   -0.00489464     -0.106106      0.994343       15.0614
     0.999979   -0.00483765    0.00435042       2.28041    0.00434538       0.99427      0.106806   -0.00633751   -0.00484219     -0.106785       0.99427       15.0534
     0.999979   -0.00500246    0.00421834       2.26704    0.00452748      0.994363      0.105936     0.0395352   -0.00472451     -0.105915      0.994364       15.0223
      0.99998   -0.00501117     0.0038822       2.30233    0.00457216      0.994372      0.105843    -0.0371161   -0.00439075     -0.105823      0.994375       15.0093
     0.999981   -0.00467128    0.00406935        2.2918    0.00421325      0.994348      0.106087     0.0148879   -0.00454191     -0.106068      0.994349       15.0656
      0.99998   -0.00488615    0.00398807       2.27229    0.00443828      0.994412      0.105479     0.0158082   -0.00448117     -0.105459      0.994414       15.0357
     0.999981   -0.00490471    0.00364639       2.30665    0.00449231        0.9944       0.10559  -0.000264141   -0.00414386     -0.105572      0.994403       15.0108
     0.999983   -0.00452091    0.00355294       2.31781    0.00411975      0.994381      0.105779     0.0186522    -0.0040112     -0.105762      0.994383       15.0227
     0.999984   -0.00445725    0.00357916       2.30726     0.0040543      0.994398      0.105625     0.0468928    -0.0040299     -0.105608        0.9944       15.0052
     0.999985   -0.00433899     0.0033352       2.31713    0.00396206      0.994387      0.105731    -0.0137274   -0.00377525     -0.105717      0.994389       15.0083
     0.999985   -0.00436317    0.00343331       2.30828    0.00397484      0.994362      0.105961     0.0421212   -0.00387628     -0.105946      0.994364       15.0171
     0.999985   -0.00441864    0.00334984       2.31558    0.00403937      0.994377      0.105822     0.0388209   -0.00379859     -0.105807      0.994379       15.0254
     0.999985   -0.00438864    0.00336634       2.30389    0.00400857      0.994399      0.105619     0.0415143     -0.003811     -0.105604      0.994401       15.0224
     0.999985   -0.00421537    0.00360043        2.3041    0.00380983      0.994354      0.106043     0.0529052   -0.00402711     -0.106028      0.994355       15.0864
     0.999986   -0.00423292    0.00326407       2.30997    0.00386486      0.994409      0.105526     0.0640543    -0.0036925     -0.105512      0.994411       15.0644
     0.999987   -0.00390323    0.00312694       2.32903     0.0035506      0.994384      0.105773     0.0311285   -0.00352224      -0.10576      0.994385       15.0346
     0.999987   -0.00401857    0.00311032       2.31502    0.00366896      0.994441      0.105235     0.0604361   -0.00351593     -0.105222      0.994442       15.0332
     0.999987   -0.00389665    0.00316194       2.32526    0.00354246      0.994446      0.105185     0.0162637   -0.00355425     -0.105172      0.994448       15.0786
