# 3dvolreg matrices (DICOM-to-DICOM, row-by-row):
            1  -2.72277e-05   0.000148441   8.12236e-05   2.72636e-05             1   -0.00024203    0.00229298  -0.000148434   0.000242034             1   0.000608824
            1   3.57855e-05   8.32895e-05    0.00496952  -3.57926e-05             1   8.49452e-05    0.00369108  -8.32865e-05  -8.49482e-05             1     0.0319994
            1  -2.34366e-11  -1.52893e-10  -2.33232e-09   2.34366e-11             1     7.915e-11  -4.85062e-09   1.52893e-10    -7.915e-11             1  -6.09802e-09
            1   1.04427e-05   3.91534e-05    -0.0118962  -1.04452e-05             1   6.17057e-05     0.0292613  -3.91528e-05  -6.17062e-05             1    -0.0173334
            1   0.000224484  -0.000168687     -0.023621  -0.000224397             1   0.000512279     0.0165268   0.000168802  -0.000512241             1     0.0150663
            1   0.000369365  -0.000273764    -0.0291454  -0.000369298             1   0.000246178     0.0297865   0.000273855  -0.000246077             1     0.0151617
            1   0.000438027   0.000177602    -0.0368894  -0.000438099             1   0.000402262      0.035661  -0.000177426   -0.00040234             1     0.0353674
            1   0.000459277  -0.000228652    -0.0345546  -0.000459163             1   0.000499894    0.00528441   0.000228882  -0.000499789             1     0.0300942
            1    0.00053134  -0.000284329    -0.0423605  -0.000531203             1   0.000481272    -0.0145812   0.000284585  -0.000481121             1      0.131954
            1   0.000614438  -0.000652762    -0.0524238  -0.000614088             1   0.000536187      0.022816   0.000653092  -0.000535786             1      0.058589
            1   0.000611683  -0.000532224    -0.0495729  -0.000611231      0.999999   0.000849203       0.01104   0.000532744  -0.000848878      0.999999     0.0965839
            1   0.000590467  -0.000452338    -0.0342029  -0.000590105             1   0.000800789     0.0275862    0.00045281  -0.000800522             1     0.0811726
            1   0.000552872  -0.000391047    -0.0466268  -0.000552635             1   0.000604985      0.044808   0.000391381  -0.000604769             1     0.0465725
            1   0.000722155  -0.000323135    -0.0487323  -0.000721924      0.999999    0.00071357     0.0293135    0.00032365  -0.000713337             1     0.0888541
     0.999999     0.0010819  -0.000678012    -0.0638638   -0.00108126      0.999999    0.00094421    -0.0131272   0.000679033  -0.000943476      0.999999       0.10968
     0.999999    0.00099878  -0.000482519    -0.0679798  -0.000998524      0.999999   0.000530973    0.00928266   0.000483049  -0.000530491             1     0.0905281
     0.999999   0.000924429  -0.000701929    -0.0554666  -0.000923672      0.999999     0.0010779    -0.0131734   0.000702925   -0.00107725      0.999999      0.150306
            1    0.00046474  -0.000762303    -0.0346301  -0.000463945      0.999999    0.00104215     0.0254403   0.000762787   -0.00104179      0.999999      0.128349
            1   0.000697016  -0.000421607    -0.0413359  -0.000696731             1   0.000676914     0.0284524   0.000422078   -0.00067662             1      0.153298
            1   0.000397076  -0.000246079    -0.0140475  -0.000396877             1   0.000808284     0.0715699   0.000246399  -0.000808186             1       0.14231
     0.999999   0.000947154  -0.000802216    -0.0469896  -0.000946538      0.999999   0.000767662     0.0445483   0.000802942  -0.000766902      0.999999      0.129903
     0.999999    0.00129524  -0.000852924    -0.0648078   -0.00129453      0.999999   0.000828579    0.00149792   0.000853996  -0.000827474      0.999999      0.123279
     0.999999    0.00138687  -0.000935959     -0.070418   -0.00138597      0.999999    0.00096079    -0.0283606    0.00093729  -0.000959491      0.999999       0.14344
     0.999998    0.00149628   -0.00101888    -0.0776511   -0.00149511      0.999998    0.00115621     0.0148779    0.00102061   -0.00115468      0.999999      0.138652
     0.999999    0.00136263  -0.000785422    -0.0694558   -0.00136186      0.999999    0.00098754     0.0198639   0.000786767  -0.000986469      0.999999      0.142666
     0.999999    0.00127884   -0.00108652    -0.0429203   -0.00127771      0.999999    0.00103603     0.0447438    0.00108784   -0.00103464      0.999999      0.106717
            1   0.000921933  -0.000275566    -0.0342695  -0.000921811      0.999999   0.000441112      0.124674   0.000275973  -0.000440858             1      0.109365
     0.999999   0.000810467  -0.000715288    -0.0344074  -0.000809661      0.999999    0.00112721     0.0110883   0.000716201   -0.00112663      0.999999     0.0878842
            1   0.000804305  -0.000374088    -0.0476964  -0.000804062      0.999999   0.000650352     0.0683423   0.000374611  -0.000650051             1     0.0593706
     0.999999    0.00091276  -0.000626118    -0.0468261  -0.000912242      0.999999   0.000826481     0.0319667   0.000626872   -0.00082591      0.999999     0.0637946
     0.999999     0.0011173  -0.000533407    -0.0519837   -0.00111684      0.999999   0.000861064     0.0498639   0.000534368  -0.000860467      0.999999     0.0910081
     0.999999    0.00102355  -0.000441729    -0.0487213   -0.00102306      0.999999    0.00110594     0.0326702   0.000442861   -0.00110549      0.999999      0.108606
     0.999999   0.000998831  -0.000272739    -0.0501525  -0.000998512      0.999999     0.0011644     0.0704527   0.000273902   -0.00116412      0.999999     0.0805044
     0.999999    0.00129251  -0.000697979     -0.060732   -0.00129164      0.999998    0.00124584     0.0566178   0.000699588   -0.00124493      0.999999     0.0409822
     0.999998    0.00155362  -0.000828447     -0.075744     -0.001553      0.999999   0.000749581     0.0638802    0.00082961  -0.000748293      0.999999     0.0446509
     0.999998    0.00171646   -0.00070649    -0.0751642   -0.00171574      0.999998    0.00101305      0.057054   0.000708228   -0.00101184      0.999999     0.0520427
     0.999998    0.00176345  -0.000973116    -0.0847318   -0.00176236      0.999998    0.00112464     0.0356022   0.000975097   -0.00112292      0.999999     0.0736939
     0.999997    0.00197824     -0.001221    -0.0923774   -0.00197675      0.999997    0.00122499     0.0453381    0.00122342   -0.00122257      0.999999     0.0326247
     0.999998    0.00184315   -0.00102051    -0.0889677   -0.00184193      0.999998    0.00119365     0.0472988    0.00102271   -0.00119177      0.999999     0.0836401
     0.999999    0.00163137  -0.000408066    -0.0684221   -0.00163073      0.999997     0.0015639     0.0723931   0.000410616   -0.00156323      0.999999     0.0962667
     0.999999    0.00147408  -0.000363609    -0.0500456   -0.00147378      0.999999   0.000845052       0.12855   0.000364854  -0.000844515             1      0.122031
     0.999998    0.00164919  -0.000578733    -0.0702146   -0.00164844      0.999998     0.0012928     0.0738132   0.000580864   -0.00129184      0.999999     0.0917725
     0.999998    0.00190757  -0.000811097    -0.0866143    -0.0019061      0.999997     0.0018073    0.00504927   0.000814542   -0.00180575      0.999998      0.201758
     0.999999    0.00125778  -0.000223705    -0.0394976   -0.00125757      0.999999   0.000962379       0.06485   0.000224916  -0.000962097             1        0.1283
     0.999999    0.00146873  -0.000600522    -0.0607331   -0.00146826      0.999999   0.000790388     0.0493468   0.000601682  -0.000789506             1     0.0547736
     0.999998    0.00169053  -0.000992497    -0.0675012   -0.00168974      0.999998   0.000794248     0.0701863   0.000993838   -0.00079257      0.999999     0.0334204
     0.999998    0.00178699  -0.000993516    -0.0720907   -0.00178643      0.999998   0.000560527      0.110201   0.000994516  -0.000558751      0.999999     0.0355532
     0.999997    0.00216095  -0.000931232    -0.0811466   -0.00216037      0.999997   0.000632031      0.107387   0.000932595  -0.000630018      0.999999        0.0694
     0.999997    0.00238883   -0.00100979    -0.0968888   -0.00238831      0.999997   0.000514974     0.0957214    0.00101102  -0.000512561      0.999999     0.0860169
     0.999997    0.00217336  -0.000995129    -0.0882597   -0.00217282      0.999997   0.000539896      0.087789     0.0009963  -0.000537733      0.999999      0.108532
     0.999997    0.00208385   -0.00102367    -0.0879381   -0.00208305      0.999998   0.000775027     0.0602227    0.00102528  -0.000772893      0.999999      0.133691
     0.999997    0.00215027   -0.00113442    -0.0951118   -0.00214924      0.999997   0.000902345     0.0507768    0.00113635  -0.000899904      0.999999      0.132049
     0.999997     0.0022654   -0.00107723    -0.0978847   -0.00226465      0.999997   0.000694707     0.0983096     0.0010788  -0.000692265      0.999999      0.128295
     0.999997     0.0022544  -0.000976855     -0.102172   -0.00225382      0.999997   0.000600158      0.103699   0.000978205  -0.000597954      0.999999     0.0892523
     0.999997    0.00225049  -0.000950261     -0.101858   -0.00225009      0.999997   0.000417897      0.116711   0.000951199  -0.000415757      0.999999     0.0941273
     0.999997    0.00225179  -0.000897526      -0.10113   -0.00225138      0.999997   0.000459292      0.116598   0.000898557   -0.00045727      0.999999       0.08442
     0.999998     0.0020578  -0.000685522    -0.0934767   -0.00205744      0.999998   0.000521352     0.0872153   0.000686593   -0.00051994             1     0.0645238
     0.999997     0.0022156   -0.00100121    -0.0938686   -0.00221533      0.999998   0.000270372     0.0923409     0.0010018  -0.000268153      0.999999     0.0450062
     0.999996    0.00246083   -0.00111184     -0.114181   -0.00246076      0.999997   6.59309e-05     0.0913687      0.001112  -6.31947e-05      0.999999     0.0585026
     0.999997    0.00223816   -0.00122963    -0.0963151   -0.00223772      0.999997    0.00036375     0.0745343    0.00123044  -0.000360997      0.999999     0.0805402
     0.999996    0.00253877   -0.00127553     -0.115989   -0.00253807      0.999997   0.000550078      0.101654    0.00127692  -0.000546838      0.999999     0.0605232
     0.999996    0.00264157   -0.00133457     -0.122614   -0.00264144      0.999997   0.000101432      0.144232    0.00133483  -9.79067e-05      0.999999     0.0338209
     0.999996    0.00250076   -0.00136538     -0.104312    -0.0025005      0.999997   0.000191326       0.11874    0.00136585  -0.000187911      0.999999     0.0395313
     0.999996    0.00260617   -0.00128612     -0.117902   -0.00260617      0.999997   2.45188e-06      0.133852    0.00128612   8.99963e-07      0.999999     0.0414875
     0.999995    0.00274146   -0.00140065     -0.128599   -0.00274125      0.999996   0.000153414     0.0807564    0.00140107  -0.000149574      0.999999      0.014855
     0.999995    0.00285335   -0.00163587     -0.138057   -0.00285275      0.999996   0.000369919     0.0805259    0.00163692   -0.00036525      0.999999     0.0366899
     0.999994    0.00303012   -0.00180327     -0.141834   -0.00302987      0.999995   0.000140109     0.0917406    0.00180369  -0.000134645      0.999998     0.0672437
     0.999994    0.00310606   -0.00182267     -0.145404   -0.00310607      0.999995   -1.9403e-06     0.0906384    0.00182266   7.60163e-06      0.999998     0.0407909
     0.999993    0.00316218     -0.002013      -0.14598   -0.00316147      0.999995   0.000359016     0.0679067    0.00201412   -0.00035265      0.999998     0.0840586
     0.999993    0.00320048    -0.0019954     -0.146292   -0.00319976      0.999995   0.000359745      0.107279    0.00199654  -0.000353358      0.999998     0.0910268
     0.999995    0.00289922   -0.00158891      -0.14606   -0.00289857      0.999996   0.000413955      0.114137     0.0015901  -0.000409347      0.999999     0.0833073
     0.999994    0.00281682   -0.00195534     -0.141475   -0.00281616      0.999996     0.0003388      0.130617    0.00195628  -0.000333291      0.999998     0.0910373
     0.999994    0.00298285   -0.00195525     -0.143479   -0.00298258      0.999996   0.000145398      0.129719    0.00195567  -0.000139565      0.999998     0.0472446
     0.999994    0.00297278   -0.00199413     -0.129771   -0.00297252      0.999996   0.000131325      0.131028    0.00199451  -0.000125397      0.999998     0.0507505
     0.999994    0.00281968   -0.00197629     -0.119824   -0.00281972      0.999996  -1.84158e-05      0.106185    0.00197623   2.39883e-05      0.999998     0.0275622
     0.999995    0.00247915   -0.00178871     -0.103134    -0.0024781      0.999997   0.000585511     0.0851267    0.00179016  -0.000581076      0.999998       0.10163
     0.999994    0.00283935   -0.00204194     -0.113816   -0.00283887      0.999996   0.000237966      0.100167    0.00204261  -0.000232168      0.999998     0.0486998
     0.999994    0.00288845   -0.00200643     -0.119368   -0.00288781      0.999996   0.000322364      0.135114    0.00200736  -0.000316568      0.999998     0.0314406
     0.999993    0.00319403    -0.0020528      -0.13996   -0.00319395      0.999995   4.21962e-05      0.143574    0.00205293  -3.56394e-05      0.999998     0.0316785
     0.999992    0.00327523    -0.0023343     -0.149771   -0.00327472      0.999995   0.000225392      0.116257    0.00233502  -0.000217746      0.999997     0.0204084
     0.999991    0.00344275   -0.00232251     -0.164008   -0.00344172      0.999994   0.000448418     0.0836206    0.00232404  -0.000440421      0.999997      0.044513
      0.99999    0.00370994    -0.0023099     -0.179781   -0.00370965      0.999993   0.000130207      0.089673    0.00231037  -0.000121636      0.999997     0.0613348
      0.99999    0.00376343    -0.0024506     -0.157013   -0.00376235      0.999993   0.000444184      0.105857    0.00245226  -0.000434959      0.999997     0.0788796
     0.999988    0.00398492   -0.00280838     -0.174853   -0.00398488      0.999992   2.17143e-05      0.113756    0.00280845   -1.0523e-05      0.999996      0.024882
     0.999987     0.0043706   -0.00279985     -0.194747    -0.0043696       0.99999   0.000365288      0.103469    0.00280142  -0.000353049      0.999996     0.0602865
     0.999987      0.004356   -0.00272669     -0.193134   -0.00435616      0.999991  -5.24664e-05      0.144736    0.00272643   6.43436e-05      0.999996     0.0673017
     0.999988    0.00416224   -0.00257997     -0.177532   -0.00416199      0.999991   0.000101384      0.152039    0.00258037  -9.06445e-05      0.999997     0.0818994
     0.999986    0.00441783   -0.00291235     -0.192052   -0.00441686       0.99999   0.000338867     0.0994919    0.00291382  -0.000325999      0.999996     0.0768211
     0.999987    0.00432012   -0.00278627     -0.194362   -0.00431914      0.999991   0.000354997     0.0980736    0.00278778  -0.000342958      0.999996     0.0971219
     0.999986    0.00435972   -0.00290989     -0.190289   -0.00435924       0.99999   0.000170422     0.0977084    0.00291061  -0.000157735      0.999996     0.0866185
     0.999985    0.00441798   -0.00312282     -0.200553   -0.00441742       0.99999   0.000186321      0.137005    0.00312361  -0.000172523      0.999995     0.0776679
     0.999987    0.00429292   -0.00285233     -0.197639   -0.00429367      0.999991   -0.00025712      0.152704     0.0028512   0.000269363      0.999996     0.0910709
     0.999986    0.00436513   -0.00313636     -0.202178   -0.00436462       0.99999   0.000169168      0.123997    0.00313707  -0.000155477      0.999995     0.0679494
     0.999985    0.00459319    -0.0030903     -0.202516    -0.0045926      0.999989    0.00019635      0.117075    0.00309117  -0.000182154      0.999995     0.0678994
     0.999984    0.00471709   -0.00313888     -0.219775   -0.00471717      0.999989  -1.80533e-05      0.087551    0.00313876   3.28596e-05      0.999995     0.0811617
     0.999984    0.00467607   -0.00305428     -0.208641   -0.00467631      0.999989  -7.07182e-05     0.0801671    0.00305391   8.49998e-05      0.999995      0.101765
     0.999984    0.00466455   -0.00321037     -0.209762   -0.00466464      0.999989  -1.87892e-05      0.112128    0.00321024   3.37641e-05      0.999995     0.0935811
     0.999983    0.00493947   -0.00322712     -0.220675   -0.00494008      0.999988  -0.000180947      0.137749    0.00322619   0.000196886      0.999995     0.0796956
     0.999983    0.00486022   -0.00334582     -0.212654   -0.00486209      0.999988  -0.000550863      0.183742     0.0033431   0.000567121      0.999994     0.0765948
     0.999982     0.0048682   -0.00345794     -0.209361   -0.00486919      0.999988  -0.000279105      0.157467    0.00345654   0.000295937      0.999994     0.0552958
     0.999981    0.00496275   -0.00357226     -0.220131   -0.00496356      0.999988  -0.000217107      0.143156    0.00357114   0.000234834      0.999994     0.0692448
     0.999982    0.00497827   -0.00338265     -0.226318   -0.00497916      0.999988  -0.000254206      0.133829    0.00338135   0.000271044      0.999994     0.0510083
     0.999981     0.0050956   -0.00356648     -0.228161   -0.00509727      0.999987  -0.000460533      0.130628    0.00356409   0.000478703      0.999994     0.0635085
      0.99998    0.00527198   -0.00345589     -0.238218   -0.00527324      0.999986  -0.000357401      0.138906    0.00345396   0.000375618      0.999994     0.0619326
      0.99998    0.00532143   -0.00344971     -0.235667   -0.00532366      0.999986  -0.000638102      0.146506    0.00344626   0.000656455      0.999994       0.02553
      0.99998    0.00533851   -0.00341023     -0.242662   -0.00534018      0.999986  -0.000481443      0.141455    0.00340761   0.000499644      0.999994     0.0614245
      0.99998    0.00520034   -0.00348684     -0.234205   -0.00520204      0.999986  -0.000478815      0.174875     0.0034843   0.000496945      0.999994     0.0372328
     0.999979    0.00512973   -0.00386538     -0.222281   -0.00513373      0.999986   -0.00102698      0.206605    0.00386006     0.0010468      0.999992     0.0458403
     0.999979    0.00533582   -0.00375703     -0.231658   -0.00533985      0.999985   -0.00106354        0.2044     0.0037513    0.00108358      0.999992     0.0306053
     0.999979    0.00521376   -0.00380559     -0.227984   -0.00521748      0.999986  -0.000969108      0.159991    0.00380048   0.000988944      0.999992    0.00704149
      0.99998    0.00516167   -0.00375287     -0.224693   -0.00516476      0.999986  -0.000814451      0.176878    0.00374862   0.000833817      0.999993    0.00408829
     0.999979    0.00532304   -0.00369839     -0.236103    -0.0053275      0.999985   -0.00119848        0.1878    0.00369196    0.00121816      0.999992    -0.0243849
     0.999978    0.00541901   -0.00380184     -0.237517   -0.00542308      0.999985   -0.00106239      0.196105    0.00379602    0.00108298      0.999992    -0.0251795
     0.999979    0.00529024   -0.00384066     -0.236278   -0.00529453      0.999985   -0.00110837      0.201758    0.00383474    0.00112869      0.999992    -0.0301824
     0.999981    0.00503417   -0.00351749     -0.224542   -0.00503791      0.999987   -0.00105696      0.186626    0.00351213    0.00107466      0.999993    -0.0150969
     0.999977    0.00534533   -0.00409459     -0.240835   -0.00534273      0.999986   0.000644818     0.0581654    0.00409798  -0.000622927      0.999991      0.153897
      0.99998    0.00513059   -0.00380416     -0.226222   -0.00513089      0.999987  -6.92183e-05      0.148533    0.00380375   8.87356e-05      0.999993     0.0529043
     0.999979    0.00532748   -0.00368921     -0.239034   -0.00532809      0.999986   -0.00015577      0.142215    0.00368833   0.000175424      0.999993     0.0159408
     0.999978    0.00555766   -0.00374689     -0.254374   -0.00556146      0.999984   -0.00100547      0.165166    0.00374125    0.00102629      0.999992  -0.000960629
     0.999976    0.00579775   -0.00375898     -0.256395   -0.00580085      0.999983  -0.000814689      0.184074    0.00375419   0.000836475      0.999993    0.00681059
     0.999975    0.00592088   -0.00386442     -0.259443   -0.00592381      0.999982  -0.000747794       0.19347    0.00385993   0.000770667      0.999992     0.0124459
     0.999977    0.00584279   -0.00355542     -0.256175   -0.00584527      0.999983  -0.000688802      0.211409    0.00355133   0.000709568      0.999993    0.00301366
     0.999976    0.00572676   -0.00384651     -0.258686   -0.00572999      0.999983  -0.000829613      0.189395     0.0038417   0.000851633      0.999992     0.0293628
     0.999976    0.00570352   -0.00403848      -0.25177   -0.00570509      0.999984  -0.000377899       0.16335    0.00403626   0.000400929      0.999992     0.0406122
     0.999976     0.0057287   -0.00400591      -0.24726   -0.00573171      0.999983  -0.000740136      0.175354     0.0040016   0.000763079      0.999992     0.0167726
     0.999976     0.0057417   -0.00397186     -0.249336   -0.00574375      0.999983  -0.000504278      0.152765    0.00396889   0.000527079      0.999992     0.0291746
     0.999976    0.00576992   -0.00391974     -0.254766   -0.00577323      0.999983  -0.000832644      0.175568    0.00391487   0.000855253      0.999992      0.060849
     0.999976    0.00571333   -0.00387506      -0.24982   -0.00571627      0.999983  -0.000746686      0.197426    0.00387073   0.000768819      0.999992     0.0449166
     0.999976     0.0057658    -0.0037763     -0.256102   -0.00576932      0.999983  -0.000921665      0.217602    0.00377092    0.00094343      0.999992      0.047409
     0.999979    0.00532971   -0.00380884     -0.241224   -0.00533157      0.999986  -0.000478668      0.221014    0.00380623   0.000498964      0.999993     0.0427661
     0.999977    0.00548195   -0.00390845     -0.253839   -0.00548485      0.999985  -0.000732263      0.212798    0.00390437   0.000753683      0.999992     0.0439823
     0.999977    0.00555226   -0.00396337     -0.254138   -0.00555564      0.999984  -0.000842317      0.202327    0.00395863   0.000864317      0.999992     0.0233215
     0.999976    0.00572408   -0.00391543     -0.254693   -0.00572918      0.999983   -0.00129168      0.187479    0.00390797    0.00131408      0.999992     0.0513143
     0.999976    0.00563119   -0.00399364     -0.244699   -0.00563684      0.999983    -0.0014058      0.201347    0.00398565    0.00142827      0.999991     0.0356107
     0.999976    0.00570147   -0.00402372     -0.254747   -0.00570645      0.999983   -0.00122621       0.17938    0.00401666    0.00124914      0.999991     0.0417826
     0.999975    0.00571315   -0.00417412     -0.251812   -0.00571855      0.999983    -0.0012833      0.206326    0.00416672    0.00130713       0.99999   -0.00500287
     0.999975    0.00565276   -0.00415425     -0.254679   -0.00565829      0.999983   -0.00132021      0.215723    0.00414672    0.00134369       0.99999    -0.0161602
     0.999973    0.00592548    -0.0043817     -0.268409    -0.0059296      0.999982  -0.000927945      0.217116    0.00437613   0.000953902       0.99999   -0.00228221
     0.999973    0.00598081   -0.00426518     -0.275712    -0.0059867      0.999981   -0.00137036      0.247391     0.0042569    0.00139586       0.99999     0.0186878
     0.999973    0.00605982   -0.00414716     -0.271041   -0.00606548      0.999981   -0.00135342      0.251549    0.00413888    0.00137854       0.99999    -0.0162274
     0.999971    0.00622072   -0.00433684     -0.277084   -0.00622487       0.99998   -0.00094596      0.215695    0.00433087   0.000972929       0.99999    -0.0097201
     0.999972    0.00610359   -0.00428796     -0.268316   -0.00610751      0.999981  -0.000901616      0.212446    0.00428237    0.00092778       0.99999   -0.00891051
     0.999973    0.00602844   -0.00423221     -0.268002   -0.00603076      0.999982  -0.000534095      0.179497    0.00422891   0.000559604      0.999991    -0.0126602
     0.999972    0.00610448   -0.00443378     -0.267405   -0.00610816      0.999981  -0.000815115      0.214494    0.00442872   0.000842174       0.99999   -0.00659422
     0.999973    0.00595839   -0.00428913     -0.262042   -0.00596183      0.999982  -0.000790111      0.249426    0.00428434   0.000815661       0.99999     0.0142968
     0.999971    0.00613771   -0.00449824     -0.260619   -0.00614189      0.999981  -0.000917289      0.243791    0.00449252    0.00094489      0.999989   -0.00701018
     0.999971    0.00615959   -0.00438967      -0.26922   -0.00616386      0.999981  -0.000960393       0.26254    0.00438367   0.000987423       0.99999    -0.0107258
     0.999971    0.00626908   -0.00443256     -0.282537   -0.00627383       0.99998   -0.00105932      0.227911    0.00442583     0.0010871       0.99999     0.0126189
     0.999968    0.00647498   -0.00473172     -0.288184   -0.00647991      0.999978   -0.00102773      0.200479    0.00472496    0.00105836      0.999988     0.0372375
     0.999968    0.00642387   -0.00467409     -0.295021   -0.00643042      0.999978   -0.00138706      0.217243    0.00466508    0.00141707      0.999988     0.0506315
     0.999969    0.00641605    -0.0045089     -0.301975   -0.00642118      0.999979    -0.0011247      0.247502    0.00450159    0.00115362      0.999989     0.0290418
     0.999968    0.00659634   -0.00453486     -0.314257   -0.00660121      0.999978   -0.00105982      0.265537    0.00452777    0.00108973      0.999989     0.0285919
     0.999968    0.00660173   -0.00444492     -0.309674   -0.00660518      0.999978  -0.000762678      0.249822    0.00443979   0.000792013       0.99999     0.0318932
     0.999969    0.00666804   -0.00421847     -0.317591    -0.0066732      0.999977   -0.00120856      0.274908    0.00421031    0.00123668       0.99999     0.0210729
     0.999972    0.00641185   -0.00393879     -0.295079   -0.00641633      0.999979   -0.00112507      0.276893    0.00393149    0.00115032      0.999992     0.0132741
     0.999972    0.00630742    -0.0039594     -0.294354   -0.00630986       0.99998  -0.000604845      0.247217     0.0039555   0.000629811      0.999992   -0.00806165
     0.999972    0.00627977   -0.00402182     -0.293623   -0.00628251       0.99998  -0.000668767      0.234313    0.00401754   0.000694015      0.999992    -0.0265355
     0.999972     0.0062078   -0.00410027     -0.283271   -0.00621087       0.99998  -0.000736286      0.257986    0.00409562   0.000761732      0.999991    -0.0341547
      0.99997    0.00630017   -0.00441182     -0.297552   -0.00630428       0.99998  -0.000919002      0.263722    0.00440594   0.000946788       0.99999    -0.0556478
     0.999969    0.00638647    -0.0045502     -0.296655    -0.0063915      0.999979   -0.00109184      0.300138    0.00454313    0.00112089      0.999989     -0.030502
     0.999969    0.00635746   -0.00461771     -0.292424   -0.00636162      0.999979  -0.000887344       0.26504    0.00461197   0.000916693      0.999989    -0.0222946
     0.999969    0.00637577   -0.00455025     -0.295495   -0.00637942      0.999979  -0.000787054      0.238236    0.00454514   0.000816057      0.999989    -0.0381638
     0.999969    0.00642008   -0.00461189     -0.293714   -0.00642191      0.999979  -0.000382617      0.232815    0.00460934   0.000412223      0.999989    -0.0145956
     0.999968    0.00659383   -0.00462098     -0.305588   -0.00659679      0.999978  -0.000626047      0.218706    0.00461675   0.000656511      0.999989     0.0164037
      0.99997    0.00643185   -0.00425616     -0.297087   -0.00643397      0.999979  -0.000484617      0.250066    0.00425296   0.000511986      0.999991     0.0478818
     0.999972    0.00605665   -0.00429586     -0.275621   -0.00605848      0.999982  -0.000414271      0.280784    0.00429327   0.000440286      0.999991      0.040374
     0.999975    0.00590435   -0.00396073     -0.265069   -0.00590667      0.999982  -0.000574608      0.316241    0.00395727   0.000597988      0.999992     0.0414028
     0.999973      0.006062    -0.0041779     -0.276701   -0.00606495      0.999981  -0.000694675      0.290964    0.00417361   0.000719995      0.999991     0.0245091
      0.99997    0.00647358    -0.0041925      -0.29989   -0.00647718      0.999979  -0.000845755      0.271773    0.00418693   0.000872885      0.999991     0.0304702
     0.999969     0.0065544   -0.00442151     -0.313327   -0.00655665      0.999978  -0.000495547      0.242852    0.00441817   0.000524522       0.99999     0.0267664
     0.999968    0.00671278   -0.00426366     -0.320874   -0.00671614      0.999977  -0.000775084       0.27567    0.00425836   0.000803695      0.999991      0.118864
      0.99997    0.00660402   -0.00410612     -0.311296   -0.00660685      0.999978  -0.000675142      0.304477    0.00410157    0.00070225      0.999991      0.055364
     0.999968    0.00678885   -0.00419497     -0.316951   -0.00679188      0.999977  -0.000707815      0.294011    0.00419007   0.000736284      0.999991     0.0458401
     0.999967    0.00695192   -0.00419825     -0.328466   -0.00695466      0.999976  -0.000638406      0.304526    0.00419371   0.000667582      0.999991      0.036043
     0.999967    0.00690435   -0.00434966      -0.32315   -0.00690824      0.999976  -0.000879035      0.328883    0.00434349   0.000909054       0.99999     0.0190598
     0.999963    0.00726804   -0.00449764     -0.339609   -0.00727383      0.999973   -0.00127236       0.32013    0.00448827    0.00130503      0.999989    0.00384678
     0.999962    0.00752494    -0.0044812     -0.352769   -0.00752924      0.999971  -0.000944666      0.271906    0.00447396    0.00097837       0.99999     0.0262732
     0.999961    0.00765332   -0.00446114     -0.362734    -0.0076579       0.99997   -0.00100901      0.276741    0.00445328    0.00104313       0.99999     0.0416236
     0.999962    0.00744944   -0.00442699     -0.344372   -0.00745434      0.999972   -0.00109186       0.29822    0.00441873    0.00112482       0.99999    0.00964953
     0.999962    0.00752433    -0.0044194     -0.355831   -0.00752768      0.999971  -0.000743221      0.302216    0.00441369    0.00077646       0.99999     0.0577508
     0.999964    0.00737762   -0.00427878     -0.343701   -0.00738076      0.999973  -0.000718047       0.34224    0.00427336   0.000749601      0.999991     0.0525103
     0.999966    0.00715487   -0.00413019      -0.32516   -0.00715903      0.999974  -0.000993701      0.340095    0.00412297    0.00102324      0.999991    0.00215367
     0.999965    0.00724999   -0.00425035     -0.339322   -0.00725478      0.999973   -0.00111407      0.354214    0.00424216    0.00114486       0.99999     0.0306243
     0.999964    0.00728482    -0.0043112     -0.339586   -0.00728905      0.999973  -0.000966039      0.323574    0.00430404   0.000997429       0.99999     0.0254291
     0.999964     0.0073888   -0.00423739      -0.33795   -0.00739379      0.999972   -0.00116462      0.314867    0.00422867    0.00119591       0.99999     0.0279902
     0.999965    0.00728529   -0.00413739     -0.336272   -0.00729056      0.999973   -0.00125983      0.333985     0.0041281    0.00128995      0.999991     0.0333139
     0.999966    0.00727605    -0.0039585     -0.332817   -0.00728097      0.999973   -0.00123107      0.331037    0.00394943    0.00125985      0.999991     0.0347557
     0.999967    0.00714737   -0.00389219     -0.331508   -0.00715082      0.999974  -0.000871847      0.332135    0.00388586   0.000899651      0.999992     0.0568916
     0.999966    0.00723427   -0.00402763     -0.334607   -0.00723918      0.999973   -0.00120584      0.360666     0.0040188    0.00123495      0.999991     0.0631724
     0.999965    0.00723517   -0.00415218     -0.319663   -0.00723986      0.999973   -0.00111685      0.365117    0.00414398    0.00114687      0.999991     0.0593963
     0.999966    0.00700176   -0.00431449     -0.307545   -0.00700555      0.999975  -0.000863773      0.326655    0.00430834   0.000893969       0.99999      0.055237
     0.999968    0.00689378   -0.00403606     -0.317964   -0.00689748      0.999976  -0.000902393      0.331473    0.00402974   0.000930202      0.999991     0.0576862
     0.999964    0.00717072   -0.00453054      -0.33655   -0.00717233      0.999974  -0.000339509      0.279275    0.00452799   0.000371992       0.99999      0.104326
     0.999963    0.00733482    -0.0043971     -0.337573   -0.00733363      0.999973   0.000287665      0.314549    0.00439909  -0.000255408       0.99999      0.141332
     0.999964    0.00735716   -0.00416832     -0.327683   -0.00735844      0.999973  -0.000293026      0.374688    0.00416605   0.000323688      0.999991      0.137224
     0.999963    0.00734513   -0.00442912     -0.327099   -0.00734789      0.999973  -0.000609197      0.324359    0.00442453    0.00064172       0.99999      0.058392
      0.99996    0.00760361   -0.00463531     -0.343318   -0.00760568      0.999971  -0.000429103      0.313229    0.00463191    0.00046434      0.999989     0.0427822
      0.99996    0.00757246   -0.00469894     -0.346788   -0.00757639      0.999971  -0.000818014      0.328046    0.00469261   0.000853582      0.999989     0.0407191
      0.99996    0.00757536   -0.00477124     -0.348328    -0.0075783      0.999971  -0.000597523      0.331144    0.00476657   0.000633657      0.999988     0.0297347
      0.99996    0.00762372   -0.00472302     -0.338155   -0.00762527      0.999971  -0.000309587      0.355053    0.00472052   0.000345589      0.999989     0.0811242
     0.999959    0.00782722   -0.00452023     -0.342165   -0.00783013      0.999969  -0.000627371       0.38201    0.00451518   0.000662739       0.99999     0.0773188
      0.99996    0.00774576   -0.00452502     -0.343432   -0.00775097      0.999969   -0.00113376      0.375197     0.0045161    0.00116879      0.999989     0.0189578
     0.999958    0.00786547   -0.00461248     -0.352944   -0.00786909      0.999969  -0.000765895      0.370171    0.00460632   0.000802159      0.999989     0.0198522
     0.999957    0.00792107   -0.00488469     -0.359456   -0.00792507      0.999968  -0.000798327      0.355328    0.00487821   0.000837004      0.999988     0.0350954
     0.999955    0.00806425   -0.00501939     -0.368439   -0.00807017      0.999967   -0.00116077      0.365233    0.00500987    0.00120123      0.999987     0.0596041
     0.999954    0.00815643    -0.0050347     -0.370948   -0.00816192      0.999966   -0.00107052      0.375377     0.0050258    0.00111156      0.999987     0.0476982
     0.999954    0.00822174   -0.00493381     -0.371556   -0.00822838      0.999965     -0.001327      0.399151    0.00492272    0.00136753      0.999987     0.0456405
     0.999953    0.00818836   -0.00519085     -0.358972   -0.00819442      0.999966   -0.00114766      0.371457    0.00518127    0.00119014      0.999986     0.0768863
     0.999953    0.00818847   -0.00525048     -0.357699   -0.00819547      0.999966   -0.00131319      0.387468    0.00523955    0.00135616      0.999985     0.0761951
     0.999948    0.00857659   -0.00549995     -0.369998   -0.00858394      0.999962   -0.00131376      0.370823    0.00548847     0.0013609      0.999984     0.0525604
     0.999947    0.00863013   -0.00566505     -0.370691   -0.00863944      0.999961   -0.00162241      0.370401    0.00565083    0.00167126      0.999983     0.0227413
     0.999945    0.00875413   -0.00583305     -0.384609   -0.00876421       0.99996   -0.00170467      0.404039     0.0058179     0.0017557      0.999982      0.018956
     0.999946    0.00876096   -0.00565934     -0.379084    -0.0087693       0.99996   -0.00145136      0.416067     0.0056464    0.00150091      0.999983     0.0617848
     0.999947    0.00869331   -0.00552444     -0.375715   -0.00870168      0.999961   -0.00149327      0.389297    0.00551125    0.00154126      0.999984     0.0660471
     0.999948    0.00855519   -0.00550776     -0.378026   -0.00856272      0.999962   -0.00134533      0.358262    0.00549604    0.00139243      0.999984     0.0840434
      0.99995    0.00835215   -0.00550773     -0.366586   -0.00836042      0.999964   -0.00147973       0.37845    0.00549518     0.0015257      0.999984     0.0773296
     0.999953    0.00795263    -0.0055712     -0.343822   -0.00796017      0.999967   -0.00133203      0.391333    0.00556043    0.00137631      0.999984     0.0359167
     0.999951    0.00808377   -0.00566948     -0.342339   -0.00809323      0.999966   -0.00164644      0.425932    0.00565598    0.00169224      0.999983     0.0063595
     0.999951    0.00812802    -0.0056865     -0.333496    -0.0081388      0.999965    -0.0018751      0.450459    0.00567107    0.00192129      0.999982     0.0300623
     0.999947    0.00843368   -0.00583783     -0.346371   -0.00844515      0.999962   -0.00194356      0.373259    0.00582122    0.00199276      0.999981    -0.0261323
     0.999945     0.0086529    -0.0059778     -0.356512   -0.00866631       0.99996    -0.0022206      0.431365    0.00595835    0.00227228       0.99998   -0.00970323
     0.999945    0.00870971   -0.00579579     -0.364475   -0.00872425      0.999959   -0.00248766      0.447228    0.00577389    0.00253808       0.99998    -0.0416864
     0.999943    0.00887168   -0.00591578     -0.364449    -0.0088866      0.999957   -0.00250092      0.457417    0.00589334    0.00255335      0.999979     -0.068396
     0.999942    0.00892814   -0.00602868     -0.366531   -0.00894313      0.999957   -0.00246557      0.457729    0.00600641    0.00251935      0.999979    -0.0843547
     0.999941    0.00902984   -0.00600123     -0.371895   -0.00904813      0.999954   -0.00302889      0.478014    0.00597361    0.00308302      0.999977    -0.0728349
     0.999942    0.00897144   -0.00598505     -0.369613   -0.00898979      0.999955    -0.0030465      0.476713    0.00595745    0.00310012      0.999977    -0.0985732
      0.99994    0.00894577   -0.00624827     -0.362078    -0.0089639      0.999956   -0.00287925      0.442259    0.00622224    0.00293508      0.999976     -0.128394
     0.999941    0.00884761   -0.00626877      -0.34796   -0.00886476      0.999957   -0.00271438      0.442664    0.00624448    0.00276979      0.999977     -0.110215
     0.999944     0.0086671   -0.00611135     -0.336534   -0.00868405      0.999959   -0.00275191      0.486251    0.00608725    0.00280483      0.999978     -0.108815
     0.999941     0.0088585   -0.00631784     -0.342609   -0.00887686      0.999956   -0.00288323      0.497757    0.00629202    0.00293914      0.999976      -0.13534
     0.999939    0.00903017   -0.00637577      -0.35263   -0.00904887      0.999955   -0.00290931      0.483947    0.00634921    0.00296682      0.999975      -0.14304
     0.999938    0.00908028   -0.00640539     -0.353966   -0.00909989      0.999954   -0.00303994      0.515447    0.00637749    0.00309804      0.999975     -0.133398
      0.99994    0.00892803   -0.00638606     -0.349075   -0.00894759      0.999955   -0.00304032      0.487933    0.00635863    0.00309728      0.999975     -0.126298
     0.999945    0.00862925   -0.00600384     -0.341732   -0.00865017      0.999957   -0.00346723      0.494292    0.00597366    0.00351897      0.999976     -0.131629
     0.999948     0.0083212   -0.00588269     -0.330918   -0.00834037       0.99996   -0.00324256      0.473454    0.00585547    0.00329146      0.999977    -0.0740025
     0.999944    0.00854507   -0.00620866     -0.339181   -0.00856603      0.999958   -0.00335671       0.47487    0.00617971     0.0034097      0.999975     -0.124321
     0.999941    0.00878452   -0.00643641     -0.347965   -0.00880635      0.999956   -0.00337033      0.497481    0.00640652    0.00342681      0.999974     -0.129125
