# 3dvolreg matrices (DICOM-to-DICOM, row-by-row):
            1   0.000431363   0.000624126      -0.51207  -0.000434521      0.999987     0.0050687       -1.4037  -0.000621932   -0.00506897      0.999987      0.239443
            1   0.000490544    0.00063354     -0.515414  -0.000493661      0.999988     0.0049296      -1.40855  -0.000631114   -0.00492992      0.999988      0.222428
            1   0.000464581   0.000466805     -0.513833  -0.000466882      0.999988    0.00494191      -1.40899  -0.000464503   -0.00494213      0.999988      0.238697
            1   0.000557469   0.000347963     -0.514251  -0.000559172      0.999988    0.00491371      -1.39956  -0.000345219    -0.0049139      0.999988      0.247174
            1   0.000688994   0.000162108     -0.517441  -0.000689774      0.999988    0.00485799      -1.38653  -0.000158759    -0.0048581      0.999988      0.241257
            1   0.000748096   0.000180492     -0.524974  -0.000748924      0.999989    0.00463013      -1.34718  -0.000177026   -0.00463027      0.999989      0.233646
            1   0.000774294   0.000251522     -0.533727  -0.000775477      0.999988    0.00473536      -1.33821  -0.000247853   -0.00473555      0.999989      0.218095
            1   0.000457669   0.000185952     -0.542253  -0.000458577      0.999988    0.00491255      -1.37197  -0.000183701   -0.00491264      0.999988      0.233201
            1   0.000783746    0.00012849     -0.549634  -0.000784366      0.999988     0.0048959      -1.37603  -0.000124651     -0.004896      0.999988      0.229207
     0.999999     0.0011171  -0.000115189     -0.553694   -0.00111658      0.999989    0.00445979      -1.32281    0.00012017   -0.00445966       0.99999      0.205109
     0.999999    0.00111041  -0.000221846     -0.544726   -0.00110937      0.999989    0.00461933      -1.36175   0.000226973   -0.00461908      0.999989      0.181831
     0.999999     0.0010342  -0.000167366     -0.522334   -0.00103338      0.999988    0.00479599      -1.34439   0.000172324   -0.00479581      0.999988      0.203357
     0.999999     0.0010797   -0.00033377     -0.506098   -0.00107839      0.999992    0.00390269      -1.28601   0.000337981   -0.00390233      0.999992      0.148167
     0.999999    0.00139375  -8.40957e-05      -0.52323   -0.00139338       0.99999    0.00425415      -1.33964   9.00241e-05   -0.00425402      0.999991      0.159997
     0.999999    0.00161006   0.000147415     -0.542704   -0.00161064       0.99999    0.00406839      -1.30817  -0.000140863   -0.00406862      0.999992      0.171631
     0.999998    0.00179028   2.08995e-05     -0.545637   -0.00179035      0.999989    0.00424534      -1.31169   -1.3299e-05   -0.00424537      0.999991      0.230775
     0.999998     0.0018812   -0.00018951     -0.550646   -0.00188029      0.999987    0.00469568      -1.36016   0.000198341   -0.00469532      0.999989       0.24483
     0.999998    0.00213516  -0.000404157     -0.543356   -0.00213336      0.999988    0.00438279      -1.31601    0.00041351   -0.00438192       0.99999      0.238801
     0.999997    0.00234015  -0.000386537     -0.559903   -0.00233834      0.999987    0.00462539      -1.31484   0.000397356   -0.00462447      0.999989       0.22624
     0.999998    0.00222443  -0.000201529     -0.558063   -0.00222344      0.999986     0.0047725      -1.31531   0.000212143   -0.00477204      0.999989      0.242185
     0.999997    0.00237363  -0.000334233     -0.556241   -0.00237214      0.999988    0.00438966      -1.27008   0.000344649   -0.00438885       0.99999      0.248069
     0.999997    0.00233759  -0.000349802     -0.550604    -0.0023359      0.999986    0.00476355      -1.29199   0.000360932   -0.00476271      0.999989      0.255712
     0.999997     0.0023394  -0.000290157     -0.561009   -0.00233796      0.999986    0.00484851      -1.29644   0.000301495   -0.00484782      0.999988      0.240188
     0.999997    0.00245874  -0.000181313     -0.559868   -0.00245791      0.999987    0.00443818      -1.27114   0.000192223   -0.00443772       0.99999      0.247728
     0.999997    0.00243235  -0.000170163     -0.556724    -0.0024316      0.999988    0.00427585      -1.29281   0.000180561   -0.00427542      0.999991      0.239438
     0.999997    0.00253039  -0.000320083     -0.552837   -0.00252894      0.999987    0.00444393      -1.29819   0.000331324    -0.0044431       0.99999      0.273822
     0.999997    0.00256275  -0.000337983       -0.5626   -0.00256105      0.999985    0.00492295      -1.32637   0.000350594   -0.00492207      0.999988      0.287961
     0.999997    0.00254626  -0.000388946     -0.557743   -0.00254431      0.999985    0.00493815      -1.32861   0.000401514   -0.00493714      0.999988      0.277493
     0.999997     0.0025621  -0.000406937     -0.553625   -0.00256022      0.999986    0.00456212      -1.32845    0.00041862   -0.00456106       0.99999      0.278457
     0.999996     0.0026395  -0.000486239     -0.553102   -0.00263706      0.999984    0.00494663      -1.32356   0.000499288   -0.00494533      0.999988       0.29558
     0.999997     0.0026037  -0.000420807     -0.554815    -0.0026015      0.999983     0.0051337      -1.32252   0.000434167   -0.00513258      0.999987       0.28843
     0.999996    0.00266565  -0.000659479     -0.550149   -0.00266225      0.999983    0.00510438      -1.33426   0.000673074    -0.0051026      0.999987      0.302273
     0.999996    0.00268127  -0.000382316     -0.558291   -0.00267923      0.999983    0.00524171      -1.31002   0.000396364   -0.00524067      0.999986      0.335505
     0.999996    0.00270082  -0.000318288     -0.566923   -0.00269924      0.999984     0.0048836      -1.26768   0.000331473   -0.00488272      0.999988       0.31249
     0.999997    0.00256012  -0.000489445     -0.556463   -0.00255753      0.999983    0.00522983       -1.2691   0.000502825   -0.00522857      0.999986      0.342171
     0.999996     0.0026376   -0.00030717     -0.558738   -0.00263603      0.999984    0.00500768      -1.29663   0.000320373   -0.00500686      0.999987      0.392801
     0.999997    0.00237411  -0.000356138     -0.533801   -0.00237243      0.999987     0.0046218      -1.26607   0.000367105   -0.00462095      0.999989      0.363022
     0.999997     0.0025065  -0.000106185     -0.544577   -0.00250597      0.999985    0.00479006      -1.25706   0.000118189   -0.00478978      0.999989      0.366328
     0.999997    0.00250104  -0.000224129     -0.555071   -0.00249985      0.999984    0.00515425      -1.29523   0.000237017   -0.00515367      0.999987      0.356555
     0.999997    0.00245489   -0.00048325     -0.554349   -0.00245207       0.99998    0.00575066      -1.29844   0.000497358   -0.00574946      0.999983      0.369581
     0.999997    0.00233031  -0.000225612     -0.552498   -0.00232906      0.999983    0.00542369      -1.29688   0.000238247   -0.00542315      0.999985      0.361147
     0.999997    0.00236414  -0.000276983     -0.559012   -0.00236248       0.99998    0.00583546      -1.33434   0.000290773   -0.00583479      0.999983      0.403289
     0.999997    0.00254966  -0.000349386       -0.5574   -0.00254759       0.99998    0.00580036      -1.30105   0.000364168   -0.00579945      0.999983      0.394593
     0.999997    0.00245452  -0.000438608     -0.552847    -0.0024518      0.999978    0.00609089      -1.33574   0.000453549    -0.0060898      0.999981      0.393666
     0.999997    0.00237328  -0.000165173     -0.552741   -0.00237227       0.99998    0.00584647      -1.31672   0.000179045   -0.00584606      0.999983      0.398396
     0.999997    0.00248718  -0.000253814     -0.550254   -0.00248564       0.99998    0.00588755      -1.32455   0.000268452    -0.0058869      0.999983      0.389753
     0.999997    0.00258927  -0.000341968     -0.554603   -0.00258707      0.999977    0.00628012      -1.31384   0.000358221   -0.00627921       0.99998      0.417378
     0.999997    0.00254456  -0.000248372     -0.556239   -0.00254299      0.999978    0.00611831       -1.2591   0.000263935   -0.00611766      0.999981      0.416178
     0.999997    0.00242406  -0.000105345     -0.552157   -0.00242337      0.999978    0.00611923      -1.26502   0.000120176   -0.00611895      0.999981      0.432295
     0.999997    0.00247087  -0.000234138     -0.551046   -0.00246941      0.999979     0.0060492      -1.29332    0.00024908    -0.0060486      0.999982      0.412442
     0.999997    0.00259661  -0.000187755     -0.548825   -0.00259547       0.99998    0.00580782      -1.27227   0.000202832   -0.00580731      0.999983      0.402216
     0.999997     0.0025179  -7.32541e-05     -0.551011   -0.00251741      0.999979    0.00602383      -1.28733   8.84199e-05   -0.00602362      0.999982       0.39265
     0.999996    0.00272683   0.000116222     -0.572039   -0.00272743      0.999981    0.00557398      -1.26826   -0.00010102   -0.00557428      0.999984      0.391795
     0.999996    0.00264668   0.000293208     -0.553798   -0.00264835      0.999979    0.00585308      -1.27649   -0.00027771   -0.00585383      0.999983       0.41674
     0.999997    0.00243674   0.000476151      -0.54382   -0.00243925      0.999983    0.00534159      -1.30627  -0.000463127   -0.00534274      0.999986      0.402814
     0.999998    0.00203882   0.000339811     -0.519206   -0.00204062      0.999983    0.00540486      -1.30855  -0.000328786   -0.00540554      0.999985      0.390411
     0.999998      0.001821    0.00013414     -0.495056   -0.00182171      0.999983    0.00550759       -1.2912  -0.000124109   -0.00550782      0.999985      0.347598
     0.999998    0.00202451   9.91186e-05     -0.513653   -0.00202505      0.999981    0.00587385      -1.30753  -8.72251e-05   -0.00587404      0.999983      0.361156
     0.999997    0.00257278  -0.000133935     -0.561229   -0.00257148      0.999957    0.00890325       -1.4034   0.000156835   -0.00890288       0.99996      0.601346
     0.999996    0.00277323  -0.000255634     -0.574545   -0.00277128      0.999969    0.00736054      -1.30306   0.000276039    -0.0073598      0.999973      0.478418
     0.999996    0.00284803  -0.000280549     -0.561418   -0.00284581      0.999967    0.00760927      -1.33504   0.000302211   -0.00760844      0.999971       0.45171
     0.999996    0.00279924  -0.000339435     -0.565029   -0.00279694      0.999974    0.00659692        -1.277   0.000357893   -0.00659594      0.999978      0.422107
     0.999996    0.00276077  -0.000409128     -0.555602   -0.00275794      0.999973    0.00675293      -1.29497   0.000427761   -0.00675177      0.999977      0.477368
     0.999995    0.00304804  -0.000379865     -0.566843   -0.00304539      0.999972    0.00679112      -1.30938   0.000400554   -0.00678993      0.999977      0.519338
     0.999995     0.0032921  -0.000357209     -0.575387   -0.00328967      0.999973    0.00659818      -1.26737   0.000378921   -0.00659697      0.999978      0.500932
     0.999995    0.00322605  -0.000330703     -0.571745    -0.0032237      0.999971      0.006896      -1.28475    0.00035294    -0.0068949      0.999976      0.523121
     0.999995    0.00330134  -0.000220742     -0.575059   -0.00329967      0.999969    0.00717334      -1.29655   0.000244417   -0.00717257      0.999974       0.54187
     0.999994    0.00352253   -0.00052113     -0.588514   -0.00351856      0.999966    0.00743407      -1.26788   0.000547299   -0.00743218      0.999972       0.57382
     0.999993    0.00364965  -0.000430687     -0.599734   -0.00364623      0.999964    0.00769806       -1.2446   0.000458767   -0.00769644       0.99997      0.588961
     0.999994    0.00352272  -0.000409769     -0.588352   -0.00351955      0.999966    0.00748377      -1.23849   0.000436118   -0.00748229      0.999972      0.591022
     0.999994    0.00354579  -0.000402467     -0.586228   -0.00354277      0.999967    0.00726788      -1.26243   0.000428224   -0.00726641      0.999974      0.581155
     0.999994    0.00345994  -0.000314223     -0.579484   -0.00345743      0.999965     0.0076438       -1.3165   0.000340659   -0.00764267      0.999971      0.607229
     0.999994    0.00355863  -0.000106614      -0.58744   -0.00355768      0.999963    0.00788261      -1.29969   0.000134661   -0.00788218      0.999969      0.617597
     0.999993    0.00366144  -0.000131779     -0.584115   -0.00366033      0.999964    0.00765575      -1.29189   0.000159805   -0.00765521      0.999971       0.60999
     0.999993    0.00374717   6.25743e-05     -0.584995   -0.00374754      0.999962    0.00782985      -1.31985  -3.32322e-05   -0.00783003      0.999969      0.616981
     0.999994     0.0035878    5.2112e-05     -0.582816    -0.0035881      0.999962     0.0078893      -1.29366  -2.38048e-05   -0.00788943      0.999969      0.619624
     0.999993    0.00360787   3.74593e-05     -0.582948   -0.00360806      0.999962    0.00793514      -1.34726  -8.82893e-06   -0.00793523      0.999969      0.631347
     0.999993     0.0037615   6.70503e-05     -0.589866   -0.00376192      0.999961    0.00797895      -1.35483  -3.70349e-05   -0.00797914      0.999968      0.622126
     0.999992    0.00389798   8.34063e-05     -0.603238   -0.00389851      0.999963    0.00767357      -1.31005  -5.34918e-05   -0.00767384      0.999971      0.630719
     0.999992    0.00397174  -6.21111e-06     -0.608611   -0.00397157      0.999962    0.00770995      -1.29488   3.68328e-05   -0.00770987       0.99997      0.632834
     0.999993    0.00384547  -0.000115526     -0.608407   -0.00384446      0.999962    0.00777554      -1.30153   0.000145423   -0.00777504       0.99997      0.622368
     0.999993    0.00379788   -0.00027111     -0.613426   -0.00379556       0.99996    0.00810636      -1.30889   0.000301886   -0.00810527      0.999967      0.639463
     0.999992    0.00399751  -7.53831e-05     -0.611615   -0.00399683      0.999964    0.00750112      -1.26524   0.000105366   -0.00750076      0.999972      0.640571
     0.999991    0.00414887  -7.31693e-06     -0.616176   -0.00414869      0.999962    0.00769049      -1.29637   3.92235e-05   -0.00769039       0.99997      0.656502
     0.999992    0.00401338   -0.00015733     -0.612772     -0.004012       0.99996    0.00793474      -1.27776   0.000189169   -0.00793404      0.999969      0.663597
     0.999992    0.00392551  -0.000145787     -0.605169   -0.00392429      0.999963    0.00761877      -1.25079   0.000175689   -0.00761814      0.999971      0.620405
     0.999992     0.0038823    0.00010343     -0.608109     -0.003883      0.999962    0.00783372      -1.25716  -7.30129e-05   -0.00783406      0.999969      0.646546
     0.999994    0.00349912   8.84535e-05     -0.593975    -0.0034997      0.999964     0.0076899      -1.25482  -6.15425e-05   -0.00769017       0.99997      0.612333
     0.999994    0.00342516   0.000346746     -0.593082   -0.00342776      0.999964    0.00780247       -1.3125  -0.000320009   -0.00780361       0.99997      0.629857
     0.999994    0.00352878   0.000413182     -0.588348   -0.00353196      0.999962     0.0079708      -1.31416  -0.000385039   -0.00797221      0.999968      0.645991
     0.999994    0.00338314   0.000536848     -0.578546   -0.00338738      0.999961    0.00810931      -1.31795  -0.000509392   -0.00811108      0.999967      0.650852
     0.999994    0.00340978   0.000499656     -0.578774   -0.00341372      0.999961    0.00811011      -1.30316  -0.000471983   -0.00811176      0.999967      0.686656
     0.999995    0.00328221   0.000336922     -0.569581   -0.00328494      0.999959    0.00842934      -1.32813  -0.000309241   -0.00843041      0.999964      0.692367
     0.999995    0.00316739    0.00042954     -0.559457   -0.00317088       0.99996    0.00840153      -1.33631  -0.000402911   -0.00840285      0.999965      0.694651
     0.999996    0.00297292   0.000304822     -0.540017   -0.00297535      0.999961    0.00830327      -1.32627  -0.000280126   -0.00830414      0.999965      0.682075
     0.999996     0.0029576    0.00032961     -0.542436   -0.00296031      0.999959      0.008546      -1.33595  -0.000304321   -0.00854694      0.999963      0.691056
     0.999995    0.00298954   0.000380413     -0.547954   -0.00299271      0.999958    0.00862525       -1.3227  -0.000354612   -0.00862634      0.999963      0.695821
     0.999995    0.00311535   0.000400223     -0.548152   -0.00311867      0.999958    0.00858191      -1.31516   -0.00037347   -0.00858311      0.999963      0.692101
     0.999995     0.0029874   0.000437216     -0.542695   -0.00299089      0.999962    0.00821081      -1.30335  -0.000412671   -0.00821208      0.999966      0.682268
     0.999996    0.00296432   0.000404291     -0.535307   -0.00296756      0.999961    0.00826623      -1.29072  -0.000379771    -0.0082674      0.999966      0.679746
     0.999996    0.00280005   0.000371318     -0.523304   -0.00280307      0.999961    0.00840849      -1.27366  -0.000347759    -0.0084095      0.999965      0.704969
     0.999997    0.00249414   0.000305862     -0.515742   -0.00249669      0.999959    0.00867023      -1.30455  -0.000284225   -0.00867097      0.999962      0.694274
     0.999996    0.00265577   0.000390538     -0.520878   -0.00265901       0.99996    0.00854336      -1.30729  -0.000367833   -0.00854437      0.999963      0.710232
     0.999997    0.00246982   0.000255813     -0.516933   -0.00247192       0.99996    0.00854414      -1.29245    -0.0002347   -0.00854475      0.999963      0.680523
     0.999996    0.00273175   0.000281193     -0.530327   -0.00273409      0.999958    0.00869398      -1.28665  -0.000257431   -0.00869472      0.999962      0.694909
     0.999996    0.00271148    0.00045685     -0.539077   -0.00271512      0.999963    0.00816542      -1.28422  -0.000434693   -0.00816663      0.999967      0.670844
     0.999996    0.00284321   0.000265116     -0.537756   -0.00284531      0.999962     0.0082832      -1.26142  -0.000241555   -0.00828392      0.999966      0.696883
     0.999996    0.00281976   0.000306987     -0.534274   -0.00282226       0.99996    0.00848957      -1.31126  -0.000283037    -0.0084904      0.999964        0.6926
     0.999996    0.00281405   0.000208613     -0.535274   -0.00281574      0.999959    0.00860736       -1.3274  -0.000184383   -0.00860792      0.999963      0.665951
     0.999996    0.00272379   0.000389917     -0.535747   -0.00272697      0.999961    0.00840137      -1.27886  -0.000367018    -0.0084024      0.999965      0.666861
     0.999996    0.00276127   0.000696211     -0.558374   -0.00276733      0.999957    0.00886466      -1.34879  -0.000671703   -0.00886655       0.99996      0.675593
     0.999996    0.00278147   0.000717176      -0.55904    -0.0027879      0.999955    0.00911997      -1.34525  -0.000691777   -0.00912193      0.999958      0.691298
     0.999996    0.00291349   0.000583924     -0.550928   -0.00291875      0.999953    0.00921954      -1.35146  -0.000557035    -0.0092212      0.999957      0.714611
     0.999995    0.00297647   0.000596649     -0.549567   -0.00298169      0.999956    0.00894752      -1.35888  -0.000569991   -0.00894926       0.99996      0.698619
     0.999996    0.00291664   0.000515567     -0.552345    -0.0029212      0.999955     0.0090806      -1.33744  -0.000489059   -0.00908206      0.999959      0.726234
     0.999996    0.00288229   0.000608679     -0.548261    -0.0028877      0.999955    0.00908573       -1.3217  -0.000582464   -0.00908745      0.999959      0.761888
     0.999995    0.00299366   0.000616793     -0.547327   -0.00299917      0.999954    0.00914128       -1.3419  -0.000589399   -0.00914309      0.999958      0.787388
     0.999996    0.00285476   0.000728561     -0.555655   -0.00286151      0.999951    0.00944305      -1.35801  -0.000701568    -0.0094451      0.999955      0.790806
     0.999996    0.00276319   0.000690155     -0.544497   -0.00276956      0.999952      0.009399      -1.35577   -0.00066415   -0.00940087      0.999956      0.812318
     0.999996    0.00275709   0.000821861     -0.541325   -0.00276485       0.99995    0.00958907       -1.3554  -0.000795382    -0.0095913      0.999954      0.843421
     0.999996    0.00270995   0.000691716     -0.542227   -0.00271629      0.999953    0.00932737      -1.31504  -0.000666407   -0.00932921      0.999956      0.825816
     0.999996    0.00276576   0.000706428     -0.548982   -0.00277246      0.999949    0.00966154      -1.34405  -0.000679671   -0.00966346      0.999953      0.823356
     0.999996    0.00276563   0.000743276     -0.547877   -0.00277276      0.999948    0.00977014      -1.33357  -0.000716218   -0.00977216      0.999952      0.842348
     0.999996     0.0028986   0.000713023     -0.546987   -0.00290507      0.999953    0.00925388      -1.30303  -0.000686166   -0.00925591      0.999957      0.866452
     0.999996    0.00277347   0.000786994     -0.545999   -0.00278083      0.999951    0.00950651      -1.32971   -0.00076059   -0.00950866      0.999955      0.853634
     0.999996    0.00283295    0.00077687     -0.543445   -0.00284002      0.999953    0.00925628      -1.31908  -0.000750611   -0.00925845      0.999957      0.836612
     0.999995     0.0029247    0.00103348     -0.550804   -0.00293444       0.99995      0.009555      -1.33466   -0.00100548   -0.00955799      0.999954       0.88556
     0.999995    0.00291435    0.00098329     -0.542882   -0.00292336      0.999953    0.00929091      -1.30855  -0.000956166   -0.00929374      0.999956      0.891061
     0.999995    0.00285623   0.000957504     -0.544026   -0.00286521      0.999951    0.00950932      -1.30358  -0.000930296   -0.00951202      0.999954      0.885755
     0.999996    0.00265085   0.000831378     -0.525607   -0.00265879      0.999949    0.00969224      -1.30921  -0.000805644   -0.00969442      0.999953      0.883659
     0.999996    0.00273296   0.000823326     -0.534071   -0.00274079       0.99995    0.00965679      -1.36316  -0.000796893   -0.00965901      0.999953      0.892323
     0.999996    0.00275888   0.000750742     -0.547667   -0.00276608      0.999948    0.00977415       -1.3992  -0.000723737   -0.00977618      0.999952      0.994202
     0.999996    0.00268994    0.00101377      -0.53354   -0.00269938      0.999952    0.00942973      -1.37124  -0.000988353   -0.00943243      0.999955      0.930796
     0.999996    0.00278219   0.000942658     -0.530704   -0.00279082      0.999953    0.00928256      -1.37172  -0.000916788   -0.00928515      0.999956      0.909967
     0.999997    0.00222907   0.000844994     -0.511224   -0.00223729      0.999949    0.00984775        -1.388  -0.000822999   -0.00984962      0.999951      0.937426
     0.999997    0.00223601   0.000943343     -0.514045   -0.00224514       0.99995    0.00978897      -1.41538  -0.000921407   -0.00979106      0.999952      0.945817
     0.999997    0.00236963   0.000715922     -0.515212   -0.00237662      0.999948     0.0099319      -1.38556   -0.00069235   -0.00993357       0.99995      0.939739
     0.999997    0.00244956    0.00092818     -0.519895   -0.00245856      0.999949    0.00981848      -1.36854  -0.000904081   -0.00982073      0.999951      0.938185
     0.999996    0.00257501   0.000825122     -0.532972   -0.00258272      0.999952    0.00948993      -1.34122  -0.000800645   -0.00949203      0.999955      0.893732
     0.999996    0.00261265   0.000858193     -0.532878   -0.00262082       0.99995    0.00966323      -1.33057  -0.000832904   -0.00966544      0.999953       0.87945
     0.999996    0.00266619   0.000893729     -0.534829    -0.0026748      0.999949    0.00978183      -1.31567  -0.000867603   -0.00978418      0.999952      0.905598
     0.999997    0.00244441   0.000944993     -0.522346   -0.00245328      0.999952    0.00950177      -1.31429  -0.000921722   -0.00950406      0.999954      0.904872
     0.999996    0.00270641   0.000724747     -0.522906   -0.00271315      0.999952    0.00946139      -1.34739  -0.000699105   -0.00946332      0.999955      0.893684
     0.999996    0.00267104   0.000700202     -0.526548   -0.00267777      0.999948    0.00979256      -1.37093   -0.00067401    -0.0097944      0.999952      0.912767
     0.999996    0.00283851   0.000588173     -0.531967    -0.0028441      0.999949    0.00972821       -1.3561  -0.000560529   -0.00972984      0.999953      0.931836
     0.999997    0.00243526   0.000541344      -0.52348   -0.00244023      0.999953    0.00938448      -1.32834  -0.000518465   -0.00938577      0.999956      0.928153
     0.999996    0.00268725   0.000521842     -0.529462   -0.00269232      0.999947    0.00996791      -1.39219  -0.000495028   -0.00996928       0.99995      0.960395
     0.999996    0.00288257   0.000536137     -0.536408   -0.00288769      0.999948    0.00980314      -1.36815  -0.000507851   -0.00980464      0.999952      0.960101
     0.999996    0.00293077   0.000470431      -0.53815    -0.0029354      0.999944     0.0101521      -1.36263  -0.000440651    -0.0101535      0.999948      0.964494
     0.999996    0.00276717   0.000849706     -0.538855   -0.00277588      0.999942     0.0104252      -1.35382  -0.000820808    -0.0104275      0.999945       1.00689
     0.999996    0.00274346   0.000619028     -0.532326   -0.00274977      0.999942     0.0104327      -1.34563   -0.00059037    -0.0104344      0.999945       0.98618
     0.999995    0.00292503   0.000683508     -0.543832   -0.00293203      0.999941     0.0104739      -1.33687  -0.000652831    -0.0104759      0.999945      0.981223
     0.999996    0.00282575   0.000905942      -0.54128   -0.00283493      0.999943     0.0103006      -1.32295  -0.000876783    -0.0103032      0.999947      0.976119
     0.999996    0.00278611   0.000833839     -0.538217   -0.00279438      0.999945     0.0100937      -1.33265  -0.000805671     -0.010096      0.999949      0.964919
     0.999996    0.00274486   0.000960526     -0.532515   -0.00275472      0.999942     0.0104142      -1.35901  -0.000931884    -0.0104168      0.999945      0.989158
     0.999996     0.0027284   0.000950833     -0.535945   -0.00273808      0.999943     0.0103313      -1.34925   -0.00092259    -0.0103339      0.999946      0.970029
     0.999996    0.00278794   0.000810762     -0.535606   -0.00279625      0.999942     0.0104248      -1.35929   -0.00078165     -0.010427      0.999945      0.961612
     0.999996    0.00286904   0.000856042     -0.541784   -0.00287766      0.999943     0.0102386       -1.3318  -0.000826619     -0.010241      0.999947      0.983462
     0.999996    0.00275983   0.000945176     -0.542348   -0.00276932      0.999944     0.0102005      -1.36547  -0.000916972    -0.0102031      0.999948      0.986533
     0.999996     0.0026078    0.00078255     -0.530378   -0.00261583      0.999942     0.0104466      -1.35181  -0.000755262    -0.0104486      0.999945      0.997165
     0.999996    0.00262463   0.000822861     -0.528431    -0.0026333      0.999939     0.0107214      -1.40416  -0.000794671    -0.0107235      0.999942       1.00657
     0.999996    0.00256785   0.000810561     -0.519644   -0.00257638      0.999939      0.010695      -1.38722  -0.000783049    -0.0106971      0.999942       1.02765
     0.999996    0.00252536   0.000887959      -0.52223   -0.00253424      0.999945     0.0101492      -1.34932   -0.00086228    -0.0101514      0.999948       1.00587
     0.999996    0.00264627   0.000708171     -0.534351   -0.00265366       0.99994     0.0106514      -1.37063  -0.000679942    -0.0106533      0.999943       1.02286
     0.999996    0.00267264   0.000784283     -0.537295   -0.00268102      0.999937     0.0108837      -1.37315  -0.000755145    -0.0108858       0.99994       1.05443
     0.999996    0.00280716   0.000934381     -0.542478   -0.00281699      0.999939     0.0106865      -1.35378  -0.000904326     -0.010689      0.999942       1.04898
     0.999996    0.00279609    0.00102065     -0.540317   -0.00280732      0.999934     0.0111757      -1.38148   -0.00098933    -0.0111785      0.999937       1.06135
     0.999996    0.00272777   0.000876122     -0.541882    -0.0027374      0.999934     0.0111765      -1.34245  -0.000845577    -0.0111788      0.999937       1.04552
     0.999996    0.00277582   0.000964311     -0.543823   -0.00278617      0.999937     0.0109059      -1.31285  -0.000933977    -0.0109085       0.99994        1.0543
     0.999996    0.00261961    0.00093258     -0.540203   -0.00262963      0.999937      0.010915      -1.32111  -0.000903929    -0.0109174       0.99994       1.02163
     0.999996    0.00272188   0.000962962     -0.551008   -0.00273233      0.999936     0.0110182       -1.3608   -0.00093291    -0.0110208      0.999939       1.03828
     0.999995    0.00301739   0.000818419     -0.557969   -0.00302605      0.999937      0.010802      -1.35257  -0.000785774    -0.0108044      0.999941       1.01525
     0.999995    0.00298705    0.00082442     -0.556464   -0.00299567      0.999939     0.0106563      -1.35316  -0.000792539    -0.0106587      0.999943       1.03235
     0.999996    0.00283571   0.000831119     -0.548718   -0.00284404      0.999944     0.0102006      -1.31148  -0.000802147    -0.0102029      0.999948      0.970242
     0.999996    0.00274784    0.00100635     -0.542239   -0.00275779      0.999946     0.0100213      -1.33303  -0.000978758     -0.010024      0.999949      0.970042
     0.999995    0.00282842    0.00110177     -0.547084   -0.00283966      0.999943     0.0103353      -1.36519   -0.00107248    -0.0103384      0.999946      0.984134
     0.999995    0.00298239   0.000995867     -0.557312   -0.00299247      0.999943     0.0102851      -1.35305  -0.000965136     -0.010288      0.999947      0.990992
     0.999995    0.00303663   0.000946948     -0.558632   -0.00304652      0.999939     0.0106303      -1.36511   -0.00091461    -0.0106331      0.999943      0.987928
     0.999995    0.00309308   0.000964816     -0.561082   -0.00310283      0.999942     0.0102681      -1.35059     -0.000933     -0.010271      0.999947      0.983948
     0.999995    0.00314051   0.000837553     -0.557818   -0.00314883      0.999944     0.0101198      -1.34479  -0.000805724    -0.0101224      0.999948      0.965789
     0.999995    0.00306136    0.00101429     -0.557886   -0.00307111      0.999948    0.00975504       -1.3283  -0.000984371   -0.00975811      0.999952      0.968991
     0.999995    0.00313191    0.00095276     -0.558342   -0.00314141      0.999944     0.0101363      -1.36239   -0.00092096    -0.0101392      0.999948       0.98288
     0.999994    0.00314947    0.00106662     -0.562066   -0.00316035      0.999941     0.0103499      -1.36104   -0.00103397    -0.0103532      0.999946      0.993582
     0.999995    0.00308974    0.00107735      -0.55187   -0.00310008      0.999948    0.00972731      -1.32449   -0.00104724    -0.0097306      0.999952      0.994477
     0.999995    0.00313111    0.00103348     -0.578192   -0.00314357       0.99992     0.0122752      -1.47587  -0.000994961    -0.0122784      0.999924       1.13592
     0.999994    0.00332518   0.000854923     -0.573047   -0.00333436      0.999934     0.0109692      -1.34582  -0.000818392     -0.010972      0.999939       1.03997
     0.999994    0.00344982   0.000804257       -0.5777    -0.0034586      0.999932     0.0111811       -1.3769  -0.000765629    -0.0111838      0.999937       1.05164
     0.999993    0.00353729   0.000925942     -0.583772   -0.00354775      0.999927     0.0115446      -1.40184  -0.000885037    -0.0115478      0.999933       1.06019
     0.999994    0.00353836   0.000604054     -0.583183   -0.00354492      0.999931     0.0112319      -1.36014  -0.000564269     -0.011234      0.999937       1.06663
     0.999994     0.0035067   0.000381123     -0.585533   -0.00351073      0.999932     0.0111558      -1.33087  -0.000341976    -0.0111571      0.999938       1.03884
     0.999993    0.00358781   0.000477646     -0.594153   -0.00359291      0.999932     0.0111365      -1.36809  -0.000437657    -0.0111382      0.999938       1.05593
     0.999993    0.00382122   0.000280662     -0.606222   -0.00382415      0.999929     0.0113232      -1.37427  -0.000237374    -0.0113242      0.999936       1.07757
     0.999992    0.00408531   0.000211098     -0.615076   -0.00408746      0.999926      0.011463      -1.33533  -0.000164252    -0.0114638      0.999934       1.09985
     0.999992    0.00410136   0.000345277     -0.634112   -0.00410492      0.999931      0.011017      -1.32636  -0.000300069    -0.0110183      0.999939       1.09751
     0.999991    0.00413979   0.000198161      -0.63103   -0.00414177      0.999927     0.0113252      -1.35848  -0.000151263     -0.011326      0.999936       1.09986
     0.999991    0.00421138  -2.37687e-05     -0.629663   -0.00421085      0.999928     0.0112678      -1.38993   7.12201e-05    -0.0112676      0.999937       1.09806
     0.999992    0.00395635  -0.000378015     -0.622929    -0.0039519       0.99993     0.0111296      -1.39121   0.000422022    -0.0111281      0.999938       1.10686
      0.99999     0.0043831   3.01427e-05     -0.660396   -0.00438317      0.999932     0.0108504      -1.33492   1.74176e-05    -0.0108504      0.999941       1.14944
      0.99999    0.00437809   6.43735e-05      -0.65795   -0.00437853      0.999931     0.0109102      -1.35949  -1.66032e-05    -0.0109104       0.99994        1.0729
     0.999991    0.00412743   9.35401e-05     -0.640211   -0.00412823      0.999926     0.0114393      -1.40699  -4.63184e-05    -0.0114395      0.999935       1.11164
     0.999991    0.00419802  -0.000195688     -0.654206   -0.00419527      0.999914     0.0123885      -1.41173   0.000247678    -0.0123875      0.999923       1.18986
      0.99999    0.00447942  -0.000371959     -0.675942   -0.00447383      0.999894     0.0138626      -1.44871   0.000434016    -0.0138608      0.999904       1.28186
     0.999988     0.0048773  -0.000461219     -0.685661   -0.00487066      0.999898     0.0134305       -1.4183   0.000526676    -0.0134281       0.99991       1.25046
     0.999987    0.00494473  -0.000793799     -0.693621   -0.00493301      0.999888     0.0141478       -1.4381   0.000863668    -0.0141437        0.9999       1.28452
     0.999988    0.00497124   -0.00042048     -0.707608   -0.00496484      0.999889     0.0140553       -1.4196   0.000490305     -0.014053      0.999901        1.2856
     0.999986    0.00518911  -0.000936944     -0.715285   -0.00517508      0.999883     0.0143965      -1.43547    0.00101154    -0.0143914      0.999896       1.28533
     0.999985    0.00536114   -0.00100246     -0.714836   -0.00534655      0.999887     0.0140342      -1.41369    0.00107759    -0.0140286      0.999901       1.28764
     0.999984     0.0054943   -0.00105223     -0.733284   -0.00547893      0.999886     0.0140922      -1.40699    0.00112953    -0.0140862        0.9999       1.29544
     0.999986    0.00512466   -0.00158183     -0.703696   -0.00510136      0.999883     0.0144036      -1.44808    0.00165546    -0.0143954      0.999895       1.27107
     0.999985    0.00515282   -0.00189816     -0.697951   -0.00512553      0.999887      0.014112      -1.42502    0.00197066    -0.0141021      0.999899       1.27687
     0.999983    0.00547175   -0.00180969     -0.723235   -0.00544546      0.999884     0.0142248      -1.44706    0.00188732    -0.0142147      0.999897       1.26856
     0.999983    0.00552246   -0.00168014     -0.733467   -0.00549679      0.999874     0.0149187      -1.46163    0.00176232    -0.0149092      0.999887       1.32564
     0.999983    0.00558459   -0.00163193      -0.73124   -0.00555902      0.999868     0.0152772       -1.4643    0.00171703    -0.0152678      0.999882       1.34383
     0.999983    0.00550656   -0.00174616     -0.730943   -0.00548081      0.999881     0.0144255      -1.42142    0.00182539    -0.0144157      0.999894        1.2913
     0.999981    0.00581216   -0.00193629     -0.746245   -0.00578303      0.999875     0.0147231      -1.47511    0.00202162    -0.0147116       0.99989        1.3258
     0.999981    0.00582935   -0.00181528     -0.751536   -0.00580195      0.999874     0.0147528      -1.46044    0.00190105     -0.014742       0.99989        1.3505
     0.999981    0.00590335   -0.00197739     -0.750352    -0.0058729      0.999869     0.0150686       -1.4487    0.00206609    -0.0150567      0.999885       1.33778
     0.999982    0.00570218   -0.00202862     -0.743295   -0.00567142      0.999874     0.0148576      -1.43601    0.00211308    -0.0148458      0.999888       1.28045
     0.999982     0.0056267   -0.00210065     -0.740392   -0.00559588      0.999881     0.0143985      -1.39093    0.00218142    -0.0143865      0.999894       1.20397
     0.999981    0.00569269   -0.00222668     -0.749075   -0.00565988      0.999879     0.0144715      -1.37766    0.00230879    -0.0144587      0.999893       1.18633
     0.999981     0.0057569   -0.00209554     -0.749618   -0.00572612       0.99988     0.0144079      -1.38245    0.00217824    -0.0143956      0.999894       1.19487
     0.999981    0.00577932   -0.00214693     -0.756736   -0.00574881      0.999886     0.0139539      -1.31918    0.00222733    -0.0139413        0.9999       1.16356
      0.99998    0.00586432   -0.00216652     -0.767949   -0.00583289      0.999882     0.0142426      -1.39232    0.00224978    -0.0142296      0.999896       1.17017
     0.999978    0.00619385   -0.00226882     -0.786508   -0.00616106       0.99988     0.0141837      -1.40665     0.0023564    -0.0141694      0.999897        1.1739
     0.999979    0.00606099   -0.00241938     -0.766954   -0.00602568      0.999879     0.0143418      -1.42942    0.00250601     -0.014327      0.999894       1.21067
      0.99998    0.00599034   -0.00219436      -0.77271   -0.00595908      0.999884     0.0139847      -1.37599    0.00227788    -0.0139714        0.9999       1.22066
     0.999981    0.00581025   -0.00223143     -0.758433   -0.00577679      0.999875     0.0147202      -1.43082    0.00231668     -0.014707      0.999889       1.22048
      0.99998    0.00587911   -0.00222107      -0.76195   -0.00584478      0.999868     0.0151602      -1.44851    0.00230991    -0.0151469      0.999883       1.23414
     0.999979    0.00602364   -0.00234025     -0.761901   -0.00598806      0.999871     0.0149271      -1.37437    0.00242986    -0.0149128      0.999886       1.22109
     0.999979    0.00609556   -0.00209773     -0.779456   -0.00606338      0.999869     0.0150189      -1.36286      0.002189    -0.0150058      0.999885       1.22167
     0.999979    0.00603811   -0.00229531     -0.771145   -0.00600162      0.999861      0.015584      -1.42506    0.00238909    -0.0155699      0.999876       1.23146
      0.99998    0.00590244   -0.00235135      -0.76338   -0.00586449      0.999858     0.0158297      -1.42462    0.00244445    -0.0158155      0.999872       1.22157
      0.99998     0.0059433   -0.00227555     -0.766063   -0.00590769      0.999865      0.015349      -1.41776    0.00236646    -0.0153353       0.99988       1.20761
      0.99998    0.00572035   -0.00251453     -0.742333   -0.00568203      0.999872      0.014988      -1.39685    0.00259994    -0.0149735      0.999885       1.14969
     0.999979    0.00593926   -0.00246705     -0.764995   -0.00590074      0.999865     0.0153409      -1.44142    0.00255783     -0.015326      0.999879       1.17971
     0.999979    0.00602719   -0.00244815     -0.771758   -0.00598846      0.999861     0.0155307      -1.40591    0.00254142    -0.0155157      0.999876       1.16073
      0.99998    0.00593284   -0.00234509     -0.774151    -0.0058955      0.999861     0.0156244      -1.40914    0.00243746    -0.0156103      0.999875       1.16752
