# 3dvolreg matrices (DICOM-to-DICOM, row-by-row):
     0.999972    0.00422279   -0.00612435     -0.218795   -0.00411634      0.999842     0.0172917       2.20684     0.0061964     -0.017266      0.999832       1.47455
     0.999972    0.00432679   -0.00613454     -0.221868   -0.00422218      0.999847     0.0169651       2.19903    0.00620701    -0.0169387      0.999837       1.44318
     0.999972    0.00443162   -0.00599369     -0.224504   -0.00433041       0.99985     0.0167947       2.19067    0.00606722    -0.0167683      0.999841       1.46495
     0.999974    0.00445915   -0.00559891     -0.216473   -0.00436299      0.999845     0.0170706       2.17062    0.00567416    -0.0170457      0.999839       1.46702
     0.999974    0.00450791   -0.00562835     -0.226132   -0.00441072      0.999843     0.0171623       2.16891    0.00570483     -0.017137      0.999837       1.46421
     0.999973    0.00446529   -0.00583448     -0.221953   -0.00436437      0.999843     0.0171983       2.17763    0.00591036    -0.0171723      0.999835       1.48833
     0.999973    0.00434213   -0.00588163     -0.208344   -0.00424259      0.999849     0.0168317        2.1626    0.00595383    -0.0168063      0.999841       1.48442
     0.999972    0.00444843   -0.00600633      -0.21728   -0.00435004      0.999858     0.0162952       2.26281    0.00607796    -0.0162686      0.999849       1.43215
     0.999973    0.00440157   -0.00586314     -0.222941   -0.00430512      0.999857     0.0163635       2.23388    0.00593432    -0.0163378      0.999849       1.42483
     0.999972    0.00455039   -0.00586693     -0.232148   -0.00445511       0.99986     0.0161521       2.25723    0.00593961    -0.0161256      0.999852         1.396
     0.999972    0.00461783   -0.00590991     -0.242439   -0.00452363      0.999864     0.0158546       2.30977    0.00598232    -0.0158274      0.999857       1.39109
     0.999971    0.00458623   -0.00600219     -0.247322   -0.00449227      0.999869      0.015574       2.21902    0.00607283    -0.0155466      0.999861       1.38318
     0.999972    0.00447355   -0.00603523     -0.238836   -0.00437566       0.99986     0.0161361       2.13126    0.00610657    -0.0161093      0.999852       1.36587
     0.999972    0.00453023   -0.00597783     -0.240196   -0.00443504      0.999865     0.0158415       2.15033    0.00604878    -0.0158145      0.999857       1.37346
      0.99997     0.0047528   -0.00616405     -0.244125    -0.0046502      0.999852     0.0165537       2.19952    0.00624181    -0.0165245      0.999844       1.38396
     0.999971    0.00467861   -0.00600374     -0.251908   -0.00457861      0.999852     0.0165636        2.1961    0.00608035    -0.0165356      0.999845       1.39724
     0.999972    0.00471294    -0.0058451     -0.265822   -0.00461737      0.999857     0.0162572       2.25932    0.00592088    -0.0162297      0.999851       1.35337
     0.999971    0.00471854   -0.00593307     -0.255758   -0.00462498      0.999866     0.0156856       2.26081    0.00600629    -0.0156577      0.999859       1.36283
     0.999972    0.00462091   -0.00582493     -0.248899   -0.00452913      0.999867     0.0156718       2.16308    0.00589658    -0.0156449       0.99986       1.33303
     0.999973    0.00458783   -0.00581269     -0.248516   -0.00449157      0.999854      0.016466       2.18006    0.00588739    -0.0164395      0.999848       1.37957
     0.999974    0.00435714   -0.00581734     -0.230146   -0.00426287      0.999861     0.0161198        2.1866    0.00588677    -0.0160945      0.999853       1.40367
     0.999973    0.00444922   -0.00588093     -0.223057   -0.00435559      0.999865     0.0158398         2.156    0.00595061    -0.0158138      0.999857       1.35698
     0.999974    0.00442631   -0.00571926     -0.236251   -0.00433519      0.999865     0.0158475       2.24465    0.00578863    -0.0158223      0.999858        1.3579
     0.999974    0.00452878   -0.00560636     -0.241355   -0.00443912      0.999864      0.015904       2.22491    0.00567762    -0.0158787      0.999858       1.32383
     0.999973    0.00441957   -0.00581226     -0.235294     -0.004328      0.999868     0.0156742       2.16874    0.00588076    -0.0156486       0.99986       1.28986
     0.999974    0.00445216   -0.00559208       -0.2441   -0.00436497       0.99987     0.0155091        2.1621    0.00566041    -0.0154843      0.999864       1.32059
     0.999973    0.00448287   -0.00583995     -0.244681   -0.00439275      0.999872     0.0153547       2.17709    0.00590804    -0.0153286      0.999865       1.35507
     0.999974    0.00444692   -0.00569829     -0.239669   -0.00435915      0.999873     0.0153232       2.11761    0.00576571     -0.015298      0.999866       1.30469
     0.999973    0.00438943     -0.005844     -0.227065   -0.00430006      0.999875     0.0152187       2.10093    0.00591008    -0.0151932      0.999867       1.30565
     0.999973    0.00441063   -0.00594929     -0.231416    -0.0043173      0.999869     0.0156104       2.04927    0.00601736    -0.0155842       0.99986       1.31706
     0.999972    0.00431227   -0.00604846     -0.230304   -0.00422072      0.999878     0.0150682        2.2007    0.00611269    -0.0150422      0.999868       1.28095
     0.999975    0.00425463    -0.0056487     -0.229736   -0.00416946      0.999879     0.0150043       2.18391    0.00571185    -0.0149803      0.999871       1.27615
     0.999975    0.00423039   -0.00571459     -0.233262   -0.00414518      0.999881     0.0148414       2.15766    0.00577669    -0.0148173      0.999874       1.24854
     0.999974     0.0045087   -0.00571007     -0.240751   -0.00442356       0.99988     0.0148378       2.20313    0.00577629    -0.0148122      0.999874       1.24599
     0.999973    0.00429419   -0.00603845     -0.220981   -0.00420622      0.999886     0.0145066       2.26656    0.00610005    -0.0144808      0.999877       1.25165
     0.999973    0.00419108   -0.00601486     -0.211094   -0.00410351      0.999886     0.0144978       2.21447    0.00607494    -0.0144727      0.999877       1.21207
     0.999973    0.00438647   -0.00594463     -0.209851   -0.00430032      0.999887     0.0144286       2.20376    0.00600725    -0.0144027      0.999878       1.23161
      0.99997    0.00479059   -0.00611855      -0.24177   -0.00470181      0.999885     0.0144413       2.11979    0.00618703    -0.0144121      0.999877       1.24467
     0.999969    0.00474569   -0.00627145     -0.239964   -0.00465679       0.99989     0.0141136       2.23896    0.00633774     -0.014084      0.999881       1.19904
     0.999969    0.00470582   -0.00625547     -0.240357   -0.00461736       0.99989     0.0140812       2.21475    0.00632104    -0.0140519      0.999881       1.15174
     0.999968    0.00476825   -0.00640974     -0.251569    -0.0046762      0.999887     0.0142996       2.27634     0.0064772    -0.0142692      0.999877       1.16386
     0.999967    0.00488249    -0.0064418     -0.250788   -0.00478894      0.999884     0.0144573       2.21968    0.00651164     -0.014426      0.999875        1.2248
     0.999967    0.00491773   -0.00645732     -0.251494   -0.00482552      0.999887     0.0142183       2.27332    0.00652652    -0.0141866      0.999878       1.20009
     0.999968    0.00490162   -0.00629064     -0.238223   -0.00481205      0.999888     0.0141761       2.23043    0.00635942    -0.0141454       0.99988       1.18921
     0.999968    0.00487108   -0.00629609     -0.241898   -0.00477929      0.999883     0.0145135        2.2816    0.00636606    -0.0144829      0.999875       1.16654
     0.999968    0.00489777   -0.00633103     -0.247861   -0.00480554      0.999883     0.0145014        2.3029    0.00640132    -0.0144705      0.999875        1.1852
     0.999967    0.00493809   -0.00639009     -0.242909    -0.0048474      0.999888     0.0141298       2.29908    0.00645915    -0.0140984       0.99988       1.17486
     0.999969    0.00487244   -0.00622017     -0.240738   -0.00478347      0.999887      0.014238       2.20826    0.00628884    -0.0142078      0.999879       1.16391
     0.999967    0.00486142   -0.00644619     -0.241526   -0.00476972      0.999888     0.0141657       2.24706    0.00651434    -0.0141345      0.999879       1.16213
     0.999969    0.00464478   -0.00632791     -0.231815   -0.00455351      0.999887      0.014361       2.27729    0.00639389    -0.0143317      0.999877       1.17639
     0.999968     0.0049011   -0.00635151     -0.243254   -0.00481226      0.999891     0.0139278       2.31379    0.00641908    -0.0138968      0.999883       1.17709
     0.999969     0.0048582   -0.00625363     -0.249011   -0.00476833      0.999886     0.0143065       2.29326    0.00632243    -0.0142762      0.999878       1.18326
     0.999968    0.00487216   -0.00638909     -0.248791    -0.0047811      0.999888     0.0141913       2.26857    0.00645752    -0.0141603      0.999879       1.16928
     0.999969    0.00483933   -0.00616482     -0.256963   -0.00474977      0.999884     0.0144602       2.26607    0.00623408    -0.0144305      0.999876       1.18883
     0.999967    0.00485269   -0.00648258     -0.249357    -0.0047577      0.999882      0.014589       2.24996    0.00655262    -0.0145577      0.999873        1.1994
     0.999967    0.00493515   -0.00638276     -0.246557   -0.00484213      0.999883     0.0145083       2.26217    0.00645361    -0.0144769      0.999874       1.17234
     0.999967    0.00488341    -0.0064721      -0.24754   -0.00478916      0.999883     0.0144995         2.286    0.00654215     -0.014468      0.999874       1.16923
     0.999968    0.00475743   -0.00636923     -0.245731   -0.00466629      0.999888     0.0142495        2.2931    0.00643631    -0.0142194      0.999878       1.14138
     0.999966     0.0050026   -0.00650215     -0.252993   -0.00490973      0.999887       0.01422       2.29339    0.00657255    -0.0141876      0.999878         1.142
     0.999966    0.00489825   -0.00656147     -0.239919   -0.00480937      0.999897     0.0134928       2.36451    0.00662688    -0.0134608      0.999887       1.14048
     0.999967    0.00467229   -0.00658311     -0.236096    -0.0045815      0.999895     0.0137401       2.31434    0.00664662    -0.0137095      0.999884       1.11233
     0.999969    0.00454954   -0.00642295     -0.241548   -0.00446113      0.999896     0.0137125       2.30287    0.00648467    -0.0136835      0.999885        1.0892
     0.999968     0.0045011   -0.00657402     -0.230341   -0.00440926      0.999893     0.0139187       2.28309    0.00663596    -0.0138892      0.999882       1.10371
     0.999968    0.00464947   -0.00646073     -0.234289   -0.00455995      0.999894     0.0138029       2.29902    0.00652423     -0.013773      0.999884        1.1287
     0.999968    0.00458232   -0.00655803     -0.232675   -0.00448909       0.99989      0.014161       2.27917    0.00662219    -0.0141311      0.999878       1.12887
      0.99997    0.00440692   -0.00641961     -0.229899   -0.00431719      0.999894     0.0139244       2.30132    0.00648029    -0.0138963      0.999882       1.09035
     0.999969    0.00457014   -0.00639369     -0.233898   -0.00448297      0.999898     0.0135832       2.31903    0.00645511    -0.0135541      0.999887       1.07688
     0.999971     0.0044754   -0.00619115     -0.230609   -0.00439244      0.999901     0.0133484       2.33917    0.00625028    -0.0133209      0.999892       1.06607
     0.999971    0.00446139   -0.00621859     -0.230844   -0.00437538      0.999896     0.0137761       2.33407     0.0062794    -0.0137485      0.999886       1.09476
     0.999969    0.00450192   -0.00648899     -0.226948   -0.00441561      0.999902     0.0132539       2.29445    0.00654802    -0.0132249      0.999891       1.10356
     0.999967    0.00481494   -0.00660858     -0.239712   -0.00471288      0.999871     0.0153734        2.2254    0.00668174    -0.0153418       0.99986       1.27608
     0.999965     0.0046282   -0.00691273     -0.210878   -0.00452664      0.999883     0.0146349       2.26909    0.00697965    -0.0146031      0.999869       1.16512
     0.999967    0.00474225   -0.00666719      -0.22836   -0.00464327       0.99988     0.0147839       2.24224     0.0067365    -0.0147525      0.999868       1.17194
     0.999966     0.0048455   -0.00660753     -0.234832   -0.00475151      0.999888     0.0141678       2.28148    0.00667545    -0.0141359      0.999878       1.13579
     0.999967    0.00474809   -0.00657923     -0.235829   -0.00465388      0.999887     0.0142613       2.29756    0.00664621    -0.0142302      0.999877       1.13437
     0.999967    0.00484328   -0.00659005     -0.237624   -0.00474899      0.999887      0.014248        2.3033    0.00665832    -0.0142162      0.999877       1.12007
     0.999967    0.00495774   -0.00651078     -0.245454   -0.00486477      0.999887     0.0142185       2.31211    0.00658054    -0.0141863      0.999878       1.12936
     0.999967    0.00492124   -0.00639821     -0.245008   -0.00483259      0.999893     0.0137978       2.32755    0.00646543    -0.0137664      0.999884       1.11876
     0.999967    0.00485987   -0.00653675     -0.241923   -0.00476945      0.999894     0.0137786       2.31302    0.00660302     -0.013747      0.999884       1.08865
     0.999967    0.00477011   -0.00658272      -0.23913   -0.00467883      0.999894     0.0138134       2.28655    0.00664791    -0.0137821      0.999883       1.09444
     0.999967    0.00484176   -0.00658851     -0.239316   -0.00475205      0.999897     0.0135639       2.29517     0.0066535    -0.0135321      0.999886       1.06561
     0.999969    0.00451927     -0.006389     -0.226285   -0.00443132      0.999896     0.0137125       2.27738     0.0064503    -0.0136838      0.999886       1.09481
     0.999968    0.00461217   -0.00656945       -0.2186   -0.00452393        0.9999     0.0133833       2.30973    0.00663052    -0.0133531      0.999889       1.06976
     0.999967     0.0046326   -0.00664517     -0.216561   -0.00454276      0.999899     0.0134706       2.30468     0.0067069      -0.01344      0.999887       1.06306
     0.999967    0.00464939   -0.00666007     -0.221354   -0.00455674      0.999894     0.0138603       2.28527    0.00672381    -0.0138295      0.999882       1.09322
      0.99997    0.00455428   -0.00624125      -0.22598   -0.00446776      0.999895     0.0138072       2.28961    0.00630348     -0.013779      0.999885       1.10608
     0.999969    0.00468295   -0.00628222     -0.228623   -0.00459503      0.999892     0.0139368       2.26633    0.00634681    -0.0139075      0.999883       1.09015
      0.99997    0.00455457   -0.00632618     -0.219647   -0.00446981      0.999901     0.0133485       2.29816    0.00638634    -0.0133198      0.999891       1.04691
     0.999969    0.00455083   -0.00636793     -0.225368   -0.00446489        0.9999     0.0134453       2.29162    0.00642848    -0.0134165      0.999889        1.0543
      0.99997     0.0045592   -0.00632615     -0.221749    -0.0044737      0.999899     0.0134645       2.27392     0.0063869    -0.0134358      0.999889       1.02948
     0.999968     0.0046998   -0.00641273     -0.227805   -0.00461773      0.999908     0.0127529       2.28977    0.00647207    -0.0127229      0.999898       1.03067
     0.999968      0.004773   -0.00646114     -0.249698   -0.00469084      0.999909     0.0126717       2.30422    0.00652103     -0.012641      0.999899      0.978469
     0.999966    0.00525002   -0.00639872     -0.278546   -0.00516823      0.999906     0.0127323       2.31806    0.00646496    -0.0126987      0.999898      0.996983
     0.999965    0.00535994   -0.00638897     -0.282923   -0.00527891      0.999906     0.0126331       2.30101    0.00645609    -0.0125989        0.9999      0.957704
     0.999965    0.00537248   -0.00647267        -0.277   -0.00529061      0.999907     0.0126013       2.33083    0.00653976    -0.0125666        0.9999       0.91483
     0.999964    0.00526091   -0.00660713     -0.269779   -0.00518032      0.999913      0.012155       2.34751     0.0066705    -0.0121203      0.999904      0.897543
     0.999964    0.00525441   -0.00669925     -0.270212   -0.00517763      0.999921     0.0114275       2.39351    0.00675877    -0.0113924      0.999912      0.842271
     0.999963    0.00527932   -0.00679154     -0.258279   -0.00520075       0.99992     0.0115349       2.36771    0.00685189    -0.0114991       0.99991      0.873842
     0.999964    0.00515676   -0.00678644     -0.254382   -0.00508241      0.999927     0.0109284        2.4249     0.0068423    -0.0108935      0.999917      0.874857
     0.999963    0.00520547   -0.00687285     -0.264878   -0.00512729      0.999923     0.0113435       2.37745    0.00693136    -0.0113078      0.999912      0.839833
     0.999965    0.00512762   -0.00658592     -0.261555   -0.00505261      0.999923     0.0113554       2.33484    0.00664364    -0.0113217      0.999914      0.828037
     0.999962    0.00574835   -0.00660412     -0.301212   -0.00567531      0.999923     0.0110254       2.33334    0.00666699    -0.0109875      0.999917      0.841613
     0.999963    0.00543789   -0.00670044     -0.299765   -0.00536212      0.999922     0.0112742       2.35628    0.00676123    -0.0112379      0.999914      0.884605
     0.999962    0.00556538    -0.0066363     -0.305006   -0.00548612      0.999914     0.0119036       2.35365    0.00670198    -0.0118668      0.999907      0.937613
     0.999963    0.00549301       -0.0066     -0.301244   -0.00541378      0.999914     0.0119631       2.36474    0.00666514    -0.0119269      0.999907      0.922614
     0.999962    0.00562421   -0.00662086      -0.30079   -0.00554335      0.999911     0.0121681       2.37134    0.00668871    -0.0121309      0.999904      0.917494
     0.999961    0.00572446   -0.00668895     -0.307463    -0.0056432      0.999911     0.0121047       2.37437    0.00675765    -0.0120664      0.999904      0.938586
     0.999963    0.00584181     -0.006374     -0.313246   -0.00576604      0.999913     0.0118423       2.36172    0.00644263    -0.0118051       0.99991      0.955246
     0.999964    0.00575746   -0.00621043      -0.31442   -0.00568336      0.999913     0.0118843       2.36969    0.00627831    -0.0118485       0.99991      0.956581
     0.999963    0.00579523    -0.0064343      -0.31391    -0.0057181      0.999912     0.0119424       2.32969    0.00650295    -0.0119051      0.999908      0.947146
     0.999964    0.00570852   -0.00635559     -0.312717    -0.0056318      0.999912     0.0120246       2.32176    0.00642368    -0.0119883      0.999908      0.943276
     0.999963    0.00577985   -0.00639784     -0.311825   -0.00570165       0.99991     0.0121748       2.33438    0.00646763    -0.0121379      0.999905      0.947636
     0.999963     0.0058508   -0.00631172     -0.308353   -0.00577311      0.999908     0.0122576       2.34918    0.00638286    -0.0122208      0.999905      0.979066
     0.999964    0.00577441   -0.00629016     -0.307633   -0.00569706      0.999909     0.0122464       2.34324     0.0063603    -0.0122101      0.999905      0.976521
     0.999963    0.00592083   -0.00617323      -0.31041   -0.00584621       0.99991     0.0120353       2.37221    0.00624394    -0.0119988      0.999909      0.970944
     0.999963    0.00584801   -0.00632466     -0.312466   -0.00577033      0.999909     0.0122312        2.3834    0.00639561    -0.0121942      0.999905      0.949975
     0.999962    0.00590236   -0.00637725     -0.311792   -0.00582463      0.999909     0.0121405       2.36759    0.00644833    -0.0121029      0.999906      0.936488
     0.999967    0.00534994   -0.00613444     -0.297299   -0.00527213      0.999906     0.0126313       2.36688    0.00620144    -0.0125985      0.999901      0.980706
     0.999963    0.00578737   -0.00637167     -0.311308   -0.00570781      0.999906     0.0124353       2.34144    0.00644304    -0.0123985      0.999902       0.95639
     0.999961    0.00589501   -0.00650072     -0.309244     -0.005816       0.99991     0.0121066       2.34452     0.0065715    -0.0120684      0.999906       0.94757
     0.999964    0.00588125   -0.00616237     -0.313041   -0.00580599      0.999909     0.0121616       2.34837    0.00623333    -0.0121254      0.999907      0.986529
     0.999964    0.00582704   -0.00620962     -0.309736    -0.0057495      0.999906     0.0124323        2.3719    0.00628148    -0.0123962      0.999903       0.98608
     0.999962    0.00586728   -0.00638708     -0.305502    -0.0057882      0.999907     0.0123309       2.37013    0.00645884    -0.0122935      0.999904      0.964586
     0.999963    0.00564825   -0.00650523     -0.295429   -0.00556667      0.999906     0.0124904       2.36474    0.00657517    -0.0124538      0.999901      0.974102
     0.999963    0.00582674   -0.00639247     -0.303858   -0.00574483      0.999902     0.0127581       2.35803    0.00646618    -0.0127209      0.999898       1.01167
     0.999962    0.00586366   -0.00639707     -0.307625   -0.00578273      0.999904     0.0125972       2.31591    0.00647032    -0.0125597        0.9999      0.980462
     0.999964    0.00563791   -0.00640805     -0.299477   -0.00555791      0.999907     0.0124344       2.32719    0.00647756    -0.0123984      0.999902      0.977576
     0.999962    0.00582879   -0.00647425     -0.302936   -0.00574965      0.999909     0.0121745       2.36862    0.00654463    -0.0121368      0.999905      0.969114
     0.999963     0.0058335   -0.00634302     -0.303923   -0.00575548      0.999908     0.0122499       2.40381     0.0064139     -0.012213      0.999905      0.952451
     0.999963    0.00577713   -0.00640599     -0.297906   -0.00569914       0.99991     0.0121263       2.39929    0.00647547    -0.0120893      0.999906       0.93438
     0.999962    0.00582297   -0.00650934     -0.299827   -0.00574367       0.99991     0.0121359       2.40497    0.00657942     -0.012098      0.999905      0.946375
     0.999963    0.00586003   -0.00633351     -0.303634   -0.00578054      0.999905     0.0124961       2.37734    0.00640614    -0.0124591      0.999902      0.992217
     0.999962    0.00578317   -0.00658408     -0.287759   -0.00570074      0.999906     0.0124704       2.37884    0.00665558    -0.0124323      0.999901      0.982499
     0.999963    0.00579549   -0.00640285     -0.297668   -0.00571389      0.999903     0.0126894       2.34816    0.00647577    -0.0126524      0.999899      0.986793
     0.999963    0.00569892   -0.00645635      -0.28664     -0.005617      0.999904     0.0126355       2.34832    0.00652774    -0.0125987      0.999899      0.971759
     0.999963    0.00556629   -0.00653513     -0.284905    -0.0054834      0.999905     0.0126339       2.37825    0.00660483    -0.0125976      0.999899      0.962265
     0.999962    0.00574169   -0.00662356     -0.282615   -0.00565713      0.999903     0.0127167       2.37798    0.00669593    -0.0126787      0.999897      0.968057
     0.999964    0.00583249   -0.00619329     -0.301091    -0.0057541      0.999904     0.0126007       2.43584    0.00626619    -0.0125646      0.999901      0.986971
     0.999965    0.00579849   -0.00608508     -0.300928   -0.00572207      0.999905     0.0125015       2.40669    0.00615699    -0.0124663      0.999903      0.950276
     0.999964    0.00571106   -0.00631035     -0.303767   -0.00563269      0.999908     0.0123681       2.42217     0.0063804    -0.0123321      0.999904      0.919869
     0.999963    0.00572381    -0.0064296      -0.30172   -0.00564327      0.999906     0.0124764       2.39072    0.00650041    -0.0124396      0.999901      0.909058
     0.999963    0.00583494   -0.00635127      -0.31011   -0.00575491      0.999905     0.0125472       2.35147    0.00642388    -0.0125102      0.999901      0.916957
     0.999964    0.00581857   -0.00620161     -0.319029   -0.00573974      0.999903     0.0126541       2.37302    0.00627464     -0.012618      0.999901      0.942867
     0.999964    0.00588906   -0.00613487     -0.312318    -0.0058111      0.999903     0.0126498       2.39376    0.00620877    -0.0126137      0.999901      0.950712
     0.999964    0.00585758   -0.00613979     -0.305515   -0.00577909      0.999902     0.0127244       2.40958    0.00621373    -0.0126885        0.9999       0.94235
     0.999964    0.00581553   -0.00611235     -0.306943   -0.00573892      0.999906     0.0124771       2.41183    0.00618433    -0.0124416      0.999903      0.918472
     0.999964    0.00585178   -0.00620767     -0.311937   -0.00577442      0.999906     0.0124067       2.40889    0.00627969    -0.0123704      0.999904      0.917864
     0.999963    0.00592878   -0.00622017     -0.311176   -0.00585014      0.999904     0.0125855       2.37722    0.00629419    -0.0125487      0.999901      0.918064
     0.999964    0.00595058   -0.00607583     -0.313879   -0.00587455      0.999905     0.0124559       2.38098    0.00614937    -0.0124198      0.999904      0.918061
     0.999965    0.00582174   -0.00603981     -0.312145   -0.00574509      0.999904     0.0126319       2.36739    0.00611277    -0.0125968      0.999902      0.913752
     0.999965    0.00591193    -0.0059518     -0.309932   -0.00583878      0.999908     0.0122342       2.41025    0.00602358     -0.012199      0.999907      0.905714
     0.999965     0.0058289   -0.00591876     -0.307733    -0.0057553      0.999907     0.0123763       2.40582    0.00599035    -0.0123418      0.999906       0.92198
     0.999966    0.00584853   -0.00587725     -0.307604   -0.00577568      0.999907     0.0123369       2.44615    0.00594886    -0.0123025      0.999907      0.904511
     0.999966    0.00583319   -0.00588554     -0.314931   -0.00575983      0.999906      0.012405       2.41398    0.00595735    -0.0123707      0.999906      0.887204
     0.999967     0.0056819   -0.00584564     -0.318173   -0.00560647      0.999902     0.0128408       2.38577    0.00591803    -0.0128076        0.9999       0.95674
     0.999968    0.00566496   -0.00567476     -0.327028   -0.00559322      0.999905     0.0125787       2.38332    0.00574548    -0.0125465      0.999905      0.922417
     0.999964    0.00560326   -0.00643653     -0.313229   -0.00552166      0.999905     0.0126265       2.39484    0.00650667    -0.0125905        0.9999      0.877874
     0.999963    0.00559379   -0.00650314     -0.294121   -0.00551504      0.999912     0.0120652       2.43176    0.00657005    -0.0120289      0.999906      0.848285
     0.999963    0.00563784   -0.00644062     -0.301916   -0.00556054      0.999913     0.0119571       2.46552    0.00650747    -0.0119208      0.999908      0.852027
     0.999963    0.00569635   -0.00643018     -0.310881   -0.00561712      0.999909     0.0122723       2.42519     0.0064995    -0.0122357      0.999904      0.855168
     0.999964    0.00576387   -0.00619791      -0.30615   -0.00568539      0.999904     0.0126071       2.41846    0.00626999    -0.0125714      0.999901      0.866316
     0.999964    0.00568558   -0.00625645     -0.301813   -0.00560826      0.999909     0.0123073        2.4328    0.00632585    -0.0122718      0.999905      0.857322
     0.999965    0.00545205   -0.00629824     -0.286079   -0.00537317      0.999908     0.0124739       2.40132    0.00636567    -0.0124396      0.999902      0.833047
     0.999967     0.0054138    -0.0061214      -0.28549    -0.0053357      0.999905     0.0127041       2.40267    0.00618959     -0.012671      0.999901       0.84852
     0.999966    0.00549851   -0.00615169     -0.286206   -0.00542217      0.999909     0.0123588       2.40657    0.00621908    -0.0123251      0.999905      0.831545
     0.999966    0.00556237   -0.00606331     -0.290416   -0.00548624      0.999907     0.0125019       2.38675    0.00613228    -0.0124682      0.999903      0.826876
     0.999966    0.00550536   -0.00617504     -0.281698   -0.00542956      0.999911     0.0122261       2.43691    0.00624179    -0.0121921      0.999906      0.821192
     0.999967    0.00545627   -0.00600153     -0.284067   -0.00538201       0.99991     0.0123216       2.42906    0.00606822    -0.0122889      0.999906      0.814297
     0.999966    0.00560702   -0.00598546     -0.295016   -0.00553355       0.99991     0.0122212       2.42032    0.00605344    -0.0121877      0.999907      0.826927
     0.999966    0.00571683   -0.00586106     -0.304946   -0.00564452      0.999909     0.0122795       2.36732    0.00593073     -0.012246      0.999907      0.825445
     0.999966    0.00562039   -0.00595365     -0.290622   -0.00554628      0.999908     0.0123923       2.39942    0.00602275    -0.0123589      0.999905      0.822144
     0.999966    0.00561584   -0.00604674     -0.287215   -0.00553904      0.999905     0.0126429       2.42391    0.00611716     -0.012609      0.999902      0.845014
     0.999966    0.00571941   -0.00600022     -0.297551   -0.00564253      0.999903     0.0127533       2.42716    0.00607258     -0.012719      0.999901      0.843862
     0.999967    0.00567829    -0.0058311     -0.306089   -0.00560242      0.999901     0.0129458       2.41087    0.00590403    -0.0129127      0.999899      0.862441
     0.999967    0.00569268   -0.00580902     -0.306103     -0.005616      0.999898     0.0131313       2.40339    0.00588318    -0.0130983      0.999897      0.868909
     0.999966    0.00579052   -0.00584873     -0.310204   -0.00571126      0.999893     0.0134802       2.36751    0.00592616    -0.0134463      0.999892      0.895218
     0.999966    0.00556455   -0.00603108     -0.290577   -0.00548359      0.999896     0.0133583       2.38055    0.00610479    -0.0133248      0.999893      0.902991
     0.999968     0.0055121   -0.00581637     -0.290023   -0.00543453      0.999897     0.0132694       2.38796    0.00588891    -0.0132374      0.999895      0.897194
     0.999966    0.00565162    -0.0059267     -0.295145   -0.00557167      0.999894     0.0134202       2.39891    0.00600192    -0.0133867      0.999892      0.873373
     0.999966    0.00569608   -0.00596028     -0.291742   -0.00562088      0.999905     0.0125576       2.46171    0.00603124    -0.0125237      0.999903      0.840062
     0.999967    0.00552388   -0.00588102      -0.28684   -0.00544776      0.999902     0.0128822       2.43263    0.00595161    -0.0128498        0.9999      0.834857
     0.999969    0.00544578   -0.00571647     -0.282498   -0.00537277      0.999905     0.0127096       2.41667    0.00578514    -0.0126785      0.999903      0.824706
     0.999969    0.00529721   -0.00586006      -0.26761   -0.00522195      0.999905     0.0127844        2.4003    0.00592722    -0.0127534      0.999901      0.823618
     0.999969    0.00526531   -0.00577611     -0.268946   -0.00519034      0.999903     0.0129198       2.40099    0.00584358    -0.0128894        0.9999      0.813794
     0.999971    0.00537822    -0.0054656     -0.285475   -0.00530901      0.999907     0.0126002       2.41177    0.00553286    -0.0125708      0.999906      0.807212
     0.999969      0.005433   -0.00577702     -0.274795   -0.00536113      0.999909     0.0123844       2.43985    0.00584378     -0.012353      0.999907      0.804417
     0.999968     0.0053198    -0.0060327      -0.26181   -0.00524565      0.999911     0.0122429       2.45513    0.00609729    -0.0122108      0.999907      0.778766
     0.999967    0.00522095   -0.00629866     -0.272048   -0.00514278       0.99991     0.0123636       2.45426    0.00636264    -0.0123308      0.999904      0.767805
     0.999969    0.00530178     -0.005882     -0.288907   -0.00523104      0.999915     0.0119781       2.43744    0.00594501     -0.011947      0.999911      0.764939
     0.999966    0.00532316   -0.00623614     -0.291576   -0.00524171      0.999902     0.0130065       2.34277    0.00630476    -0.0129734      0.999896      0.821559
     0.999969      0.005048   -0.00611218     -0.264672   -0.00497049      0.999908     0.0126291       2.40162    0.00617537    -0.0125984      0.999902      0.740816
     0.999968    0.00503275   -0.00618057     -0.249505   -0.00495346      0.999906     0.0127779       2.41125    0.00624429    -0.0127469      0.999899      0.722471
     0.999967    0.00512814   -0.00632109     -0.254834   -0.00504836      0.999908     0.0125732       2.44981    0.00638499    -0.0125409      0.999901      0.730534
     0.999966    0.00528585   -0.00631301     -0.267511   -0.00520633      0.999908     0.0125467       2.43023    0.00637875    -0.0125134      0.999901      0.711255
     0.999966    0.00516043   -0.00646506     -0.260514   -0.00508013       0.99991     0.0123774       2.38821    0.00652835    -0.0123441      0.999902      0.688321
     0.999966    0.00507935   -0.00646381     -0.259072   -0.00499924      0.999911     0.0123491       2.39516    0.00652596    -0.0123164      0.999903      0.697982
     0.999966    0.00518436    -0.0063868     -0.262961    -0.0051033      0.999907     0.0126448       2.41594    0.00645176    -0.0126118        0.9999       0.74291
     0.999967    0.00517627   -0.00627449      -0.26736    -0.0050974      0.999909     0.0125214        2.4413    0.00633873     -0.012489      0.999902      0.748714
     0.999966    0.00526353   -0.00640832     -0.266363   -0.00518291      0.999908     0.0125324       2.41675    0.00647369    -0.0124987      0.999901      0.754996
     0.999966     0.0052392   -0.00639536     -0.270858   -0.00515649      0.999904     0.0128815       2.41235    0.00646223     -0.012848      0.999897      0.763359
     0.999965    0.00534475   -0.00647184     -0.278272   -0.00526107      0.999903     0.0128784       2.39236    0.00654004    -0.0128439      0.999896      0.764677
     0.999965    0.00547066   -0.00640175     -0.286173   -0.00538777      0.999902     0.0128938       2.39103    0.00647166    -0.0128589      0.999896      0.763504
     0.999964    0.00563303   -0.00626897     -0.302958   -0.00555276      0.999903     0.0127497       2.39249    0.00634018    -0.0127144      0.999899      0.771523
     0.999963    0.00574155   -0.00647819     -0.302686   -0.00565754      0.999901     0.0129129       2.40379    0.00655169    -0.0128758      0.999896      0.781321
      0.99996    0.00590009   -0.00667804     -0.310065   -0.00581466      0.999902     0.0127412       2.41276    0.00675256    -0.0127018      0.999897       0.77574
      0.99996    0.00598148   -0.00658834     -0.314559     -0.005898      0.999903     0.0126183       2.40765    0.00666317     -0.012579      0.999899      0.777544
      0.99996    0.00601786   -0.00658525     -0.325077   -0.00593257      0.999899     0.0128949       2.37568    0.00666219    -0.0128553      0.999895      0.780495
      0.99996    0.00607624   -0.00656317     -0.331781   -0.00599349      0.999903     0.0125548       2.41414    0.00663882     -0.012515        0.9999        0.7703
      0.99996    0.00596731   -0.00666856      -0.32336   -0.00588204      0.999902     0.0127333       2.41903    0.00674388    -0.0126935      0.999897      0.761287
     0.999958    0.00614655   -0.00679883     -0.329452   -0.00606121      0.999903     0.0125023       2.42856    0.00687502    -0.0124606      0.999899       0.73654
     0.999958    0.00607865   -0.00688608     -0.320547   -0.00599739      0.999913     0.0117595       2.47485    0.00695696    -0.0117177      0.999907      0.694488
     0.999959     0.0058429   -0.00696787     -0.310213    -0.0057595      0.999912     0.0119306       2.42363    0.00703697      -0.01189      0.999905      0.688314
      0.99996    0.00594574   -0.00674088     -0.326355   -0.00586402       0.99991     0.0120793       2.38514     0.0068121    -0.0120393      0.999904      0.718119
     0.999959    0.00592879   -0.00687127     -0.318046    -0.0058473      0.999913     0.0118191       2.40667    0.00694075    -0.0117784      0.999907      0.710556
     0.999959    0.00578995   -0.00694801     -0.307463    -0.0057066      0.999912     0.0119565       2.42144    0.00701662    -0.0119164      0.999904      0.733708
      0.99996    0.00554414   -0.00701492     -0.295723   -0.00545719      0.999909     0.0123538       2.40726    0.00708277     -0.012315      0.999899      0.723841
     0.999961    0.00563546   -0.00683622     -0.300225   -0.00555184       0.99991     0.0121896       2.40999    0.00690431    -0.0121512      0.999902      0.715181
      0.99996    0.00586615   -0.00677609     -0.317647   -0.00578694      0.999915       0.01165       2.41563    0.00684386    -0.0116103      0.999909      0.702135
     0.999958    0.00596912   -0.00695793     -0.325212   -0.00588496       0.99991     0.0120547       2.39565    0.00702926    -0.0120133      0.999903      0.687492
     0.999958    0.00591264   -0.00694736     -0.316744   -0.00582859       0.99991     0.0120559       2.45035    0.00701802    -0.0120149      0.999903      0.691921
     0.999959    0.00588742   -0.00688524     -0.320305   -0.00580437      0.999911     0.0120201       2.43608    0.00695539    -0.0119796      0.999904      0.687443
     0.999958    0.00593619   -0.00698216     -0.316186   -0.00585272      0.999912     0.0119156        2.4543    0.00705228    -0.0118743      0.999905      0.695786
     0.999957    0.00590852   -0.00709501     -0.318587   -0.00582209      0.999909      0.012141       2.42416     0.0071661    -0.0120992      0.999901      0.705153
     0.999957    0.00600606   -0.00706831     -0.318535   -0.00591757      0.999905     0.0124746       2.40964    0.00714256    -0.0124323      0.999897      0.723686
     0.999958    0.00584754   -0.00708175     -0.306402   -0.00575775      0.999904     0.0126336       2.42287    0.00715494    -0.0125922      0.999895        0.7473
     0.999957    0.00590015   -0.00713969     -0.307389   -0.00580819      0.999901     0.0128334       2.41915     0.0072147    -0.0127914      0.999892      0.760346
     0.999957    0.00590704   -0.00719767     -0.309966    -0.0058161      0.999904     0.0125918       2.42279    0.00727136    -0.0125494      0.999895       0.75809
     0.999957    0.00588948   -0.00713836     -0.315168   -0.00579779      0.999901     0.0127992       2.41196    0.00721303    -0.0127573      0.999893      0.768807
     0.999957    0.00590976   -0.00709985     -0.309426   -0.00581789        0.9999     0.0128919       2.38646    0.00717533      -0.01285      0.999892      0.763148
     0.999957    0.00585815   -0.00716856     -0.304664   -0.00576459      0.999899     0.0130028       2.38246      0.007244    -0.0129609       0.99989      0.762186
     0.999958    0.00571679   -0.00719301     -0.296797   -0.00562074      0.999896     0.0133025       2.40541    0.00726831    -0.0132615      0.999886      0.801597
      0.99996    0.00554713   -0.00705241     -0.291947   -0.00545371      0.999898     0.0131978       2.43432     0.0071249    -0.0131588      0.999888       0.77899
     0.999959    0.00541841   -0.00719503     -0.280437   -0.00532277      0.999898     0.0132463       2.39491    0.00726607    -0.0132074      0.999886      0.767146
     0.999959    0.00565853      -0.00712     -0.300906   -0.00556345      0.999896     0.0133037       2.38529    0.00719454    -0.0132636      0.999886      0.769412
     0.999959    0.00567966   -0.00711524      -0.29535   -0.00558598      0.999898     0.0131168       2.40143    0.00718901    -0.0130765      0.999889      0.781144
     0.999958    0.00570166   -0.00713033      -0.29908   -0.00560862        0.9999      0.013001        2.4243    0.00720374    -0.0129605       0.99989        0.7609
     0.999956    0.00563562   -0.00745231     -0.289376   -0.00553769      0.999899     0.0130967       2.39959    0.00752536    -0.0130548      0.999886       0.74102
