# 3dvolreg matrices (DICOM-to-DICOM, row-by-row):
            1   -0.00019526   0.000284561     0.0199069   0.000195198             1   0.000216493     0.0261229  -0.000284603  -0.000216437             1    -0.0127127
            1  -0.000128705    0.00014798    0.00746155   0.000128704             1   5.39603e-06   -0.00972765   -0.00014798  -5.37699e-06             1      -0.01916
            1   1.42467e-10  -4.24657e-11   -1.2214e-09  -1.42467e-10             1  -9.12283e-11  -7.91691e-10   4.24657e-11   9.12283e-11             1   1.04319e-08
            1  -0.000122537   7.22258e-05    -0.0041996   0.000122574             1   -0.00051347    -0.0176114  -7.21629e-05   0.000513479             1   -0.00272629
            1   7.92749e-05   0.000234014    0.00879761  -7.91339e-05             1  -0.000602376    -0.0110693  -0.000234062   0.000602357             1    0.00483605
            1  -0.000210519   0.000269101    0.00816065   0.000210704             1  -0.000686666   0.000655809  -0.000268957   0.000686723             1    -0.0224077
            1  -0.000287828   0.000496951     0.0134748   0.000288253             1  -0.000855122    -0.0267265  -0.000496704   0.000855265             1     0.0250475
            1  -0.000364228   0.000307599    0.00567461   0.000364387             1  -0.000518892    -0.0086089  -0.000307409   0.000519004             1   -0.00949022
            1  -0.000297997   0.000476272     0.0154349   0.000298377             1  -0.000798269    -0.0178963  -0.000476034   0.000798411             1     0.0270986
            1  -0.000534853    0.00042203    0.00695228   0.000535065             1  -0.000502329    -0.0117243  -0.000421761   0.000502555             1     0.0177623
            1  -0.000478223   0.000529718     0.0210564   0.000478678             1  -0.000859218   -0.00813391  -0.000529307   0.000859471      0.999999     0.0298518
            1  -0.000596624   0.000638846     0.0219665   0.000597015             1  -0.000611807    -0.0311053  -0.000638481   0.000612188             1    0.00812055
            1  -0.000479328   0.000637024     0.0293498    0.00047998      0.999999   -0.00102302    -0.0238208  -0.000636534    0.00102333      0.999999     0.0304933
            1  -0.000473445   0.000131494     0.0144304   0.000473588      0.999999   -0.00109157    -0.0221599  -0.000130977    0.00109163      0.999999     0.0230768
            1  -0.000506683    7.0315e-05     0.0227378   0.000506737             1  -0.000770495    -0.0234491  -6.99246e-05   0.000770531             1    0.00117891
            1  -0.000646828   0.000473508     0.0293623   0.000647234      0.999999  -0.000856141    -0.0149167  -0.000472954   0.000856447             1   -0.00934392
            1   -0.00064011   0.000145693     0.0204343   0.000640338      0.999999   -0.00157327    0.00268778  -0.000144686    0.00157336      0.999999     0.0145187
            1  -0.000625904   0.000271414      0.021704   0.000626328      0.999999   -0.00156383    -0.0323526  -0.000270435      0.001564      0.999999      0.041402
            1  -0.000707428   0.000321855     0.0188766   0.000707673      0.999999   -0.00076001    -0.0215721  -0.000321317   0.000760238             1    0.00584373
            1  -0.000611375  -4.63795e-05    0.00612038    0.00061133      0.999999  -0.000967794   -0.00224144   4.69712e-05   0.000967766             1     0.0267379
            1  -0.000529978  -2.24321e-05     0.0064161   0.000529957      0.999999  -0.000957165     0.0114096   2.29394e-05   0.000957153             1      0.020664
            1  -0.000542146   0.000196288     0.0100042    0.00054238      0.999999   -0.00119587    -0.0208443  -0.000195639    0.00119598      0.999999     0.0175239
            1  -0.000562732   0.000237029     0.0187847    0.00056287             1  -0.000585172    -0.0240862    -0.0002367   0.000585305             1    0.00649068
            1  -0.000439388   0.000185718     0.0181849   0.000439517             1  -0.000693116    0.00581875  -0.000185413   0.000693198             1     0.0303979
            1  -0.000576555   3.26078e-05     0.0118611   0.000576583      0.999999  -0.000876635    -0.0119297  -3.21023e-05   0.000876653             1     0.0250259
            1  -0.000541541    4.8136e-05    0.00922362   0.000541587      0.999999   -0.00096723    -0.0151858  -4.76121e-05   0.000967256             1     0.0170194
            1  -0.000567195   0.000306923     0.0195822   0.000567499      0.999999  -0.000989752    -0.0348355  -0.000306361   0.000989926      0.999999     0.0336276
            1  -0.000703922   0.000151445     0.0114743   0.000704017             1  -0.000624918    -0.0315772  -0.000151005   0.000625025             1     0.0448602
            1  -0.000753571   0.000254242     0.0136375   0.000753823      0.999999  -0.000994748    -0.0258493  -0.000253492   0.000994939      0.999999     0.0490759
            1   -0.00071415   0.000566382      0.018841   0.000714509             1  -0.000632593    -0.0264507   -0.00056593   0.000632997             1     0.0258968
            1  -0.000604684   0.000415184     0.0224756   0.000605035      0.999999  -0.000846769    -0.0374769  -0.000414672    0.00084702             1     0.0368828
            1  -0.000661124   0.000268427     0.0165816    0.00066138      0.999999  -0.000951609    -0.0170546  -0.000267797   0.000951787             1     0.0450675
            1  -0.000606504   0.000181362    0.00924415   0.000606632             1  -0.000708011   -0.00988992  -0.000180932   0.000708121             1     0.0465505
            1  -0.000566965   0.000387357     0.0180814   0.000567344      0.999999  -0.000979499    -0.0216374  -0.000386801   0.000979719      0.999999     0.0636104
            1  -0.000568757   0.000275229     0.0156358    0.00056887             1  -0.000412519     0.0107828  -0.000274995   0.000412676             1     0.0241959
            1  -0.000533021   0.000237057    0.00997248   0.000533199             1  -0.000749902   -0.00851313  -0.000236657   0.000750028             1     0.0616958
            1  -0.000513345    0.00050728     0.0216973    0.00051363             1  -0.000561633     0.0300039  -0.000506991   0.000561893             1     0.0710267
            1  -0.000587654     0.0003543     0.0139277   0.000587975      0.999999  -0.000906477   -0.00412919  -0.000353767   0.000906685             1     0.0468721
            1   -0.00052123   0.000283715     0.0143835   0.000521406             1  -0.000622703    0.00947586  -0.000283391   0.000622851             1     0.0649762
            1  -0.000528036    0.00019239    0.00584387   0.000528088             1  -0.000270594     0.0220562  -0.000192247   0.000270695             1      0.067076
            1  -0.000346645   0.000277459     0.0139758    0.00034694      0.999999   -0.00106329    0.00759083   -0.00027709    0.00106338      0.999999     0.0952807
            1  -0.000431895   0.000238089     0.0116192   0.000432086             1  -0.000801916    0.00445292  -0.000237743   0.000802018             1     0.0761408
            1  -0.000401387   0.000594389     0.0269224   0.000401758             1  -0.000624584   -0.00315992  -0.000594138   0.000624823             1     0.0704994
            1  -0.000412852   0.000199501     0.0137051   0.000412953             1  -0.000509118    -0.0200446  -0.000199291     0.0005092             1     0.0604824
            1  -0.000336834   0.000228039     0.0143576    0.00033717      0.999999   -0.00147505    -0.0258169  -0.000227542    0.00147513      0.999999       0.12115
            1  -0.000329543   0.000173156     0.0176563   0.000329685             1  -0.000817173    -0.0293955  -0.000172887    0.00081723             1     0.0815827
            1  -0.000260292   0.000405509     0.0224928    0.00026081      0.999999   -0.00127775    -0.0516884  -0.000405176    0.00127786      0.999999     0.0833202
            1  -0.000395314   0.000400684     0.0174811   0.000395462             1  -0.000368952    -0.0405178  -0.000400538    0.00036911             1     0.0762557
            1  -0.000353858   0.000244291     0.0152876   0.000354064             1  -0.000844223    -0.0114034  -0.000243993    0.00084431             1      0.105687
            1  -0.000443478   0.000210501     0.0122852   0.000443639             1  -0.000766844    -0.0371009  -0.000210161   0.000766937             1     0.0805199
            1  -0.000311573    0.00014837     0.0136183   0.000311691             1  -0.000793675    -0.0148454  -0.000148123   0.000793722             1      0.092398
            1  -0.000366174     0.0001822     0.0122864   0.000366319             1  -0.000792645    -0.0245613   -0.00018191   0.000792712             1       0.08576
            1  -0.000512018   0.000498383     0.0185113   0.000512555      0.999999   -0.00107952    -0.0294692   -0.00049783    0.00107977      0.999999      0.089968
            1  -0.000333922   0.000334024     0.0213047   0.000334181             1  -0.000777831    -0.0248375  -0.000333764   0.000777943             1      0.101821
            1  -0.000382026   0.000275581     0.0165112     0.0003823      0.999999  -0.000996674    -0.0229857    -0.0002752   0.000996779      0.999999      0.102618
            1  -0.000315631   0.000167472     0.0136848   0.000315702             1  -0.000424212    -0.0129895  -0.000167338   0.000424265             1     0.0974964
            1   -0.00023521   0.000310919      0.019543   0.000235291             1  -0.000263107    -0.0177932  -0.000310857    0.00026318             1     0.0905246
            1  -0.000369415   0.000428329     0.0168695   0.000369666             1  -0.000585655    -0.0424399  -0.000428112   0.000585813             1      0.105038
            1  -0.000208349   0.000168362     0.0142936   0.000208445             1  -0.000571418   -0.00708289  -0.000168243   0.000571453             1      0.113318
            1  -0.000249835   8.73577e-06    0.00919553   0.000249839             1  -0.000497814    0.00414641   -8.6114e-06   0.000497816             1      0.101649
            1  -0.000230816   0.000232613     0.0155673   0.000230896             1  -0.000343781     0.0205191  -0.000232534   0.000343834             1       0.10941
            1  -0.000215221   0.000220703     0.0177143    0.00021523             1  -4.14665e-05     0.0159976  -0.000220694    4.1514e-05             1     0.0895134
            1  -0.000332153   0.000296156      0.022917   0.000332404             1  -0.000848237    -0.0100266  -0.000295874   0.000848335             1      0.137192
            1  -0.000294086   0.000278508     0.0216201   0.000294166             1  -0.000288377    0.00850713  -0.000278424   0.000288459             1       0.12427
            1  -0.000382037  -5.59343e-05    0.00834756   0.000382053             1   0.000279624   -0.00519052   5.58275e-05  -0.000279646             1      0.133529
            1  -0.000321625  -0.000629002     -0.008412    0.00032176             1   0.000215518  -0.000921393   0.000628933   -0.00021572             1      0.122303
            1  -0.000166426  -0.000682458   -0.00327819   0.000166494             1   0.000100291     0.0101207   0.000682441  -0.000100404             1      0.116107
            1  -3.74032e-05  -0.000752619   -0.00983254    3.7409e-05             1   7.66253e-06     0.0128543   0.000752619  -7.69068e-06             1      0.105107
            1  -0.000147549  -0.000668639   -0.00466386   0.000147116             1  -0.000647364   -0.00201904   0.000668735   0.000647266             1       0.12501
            1  -0.000157571   -0.00079934   -0.00999651   0.000157249             1  -0.000403284   -0.00346581   0.000799404   0.000403158             1      0.121959
            1  -0.000194588   -0.00057894  -0.000352462   0.000194189             1  -0.000689603   -0.00370186   0.000579074    0.00068949             1      0.131081
            1  -0.000293054  -0.000757389    -0.0122444    0.00029303             1  -3.21251e-05  -0.000338691   0.000757398   3.19031e-05             1      0.105354
            1  -0.000213538  -0.000687087    -0.0159973   0.000213096             1  -0.000643563     0.0222763   0.000687224   0.000643416             1      0.151605
            1  -0.000197479  -0.000743099   -0.00994412   0.000197096             1  -0.000515832     0.0172432     0.0007432   0.000515686             1      0.111826
            1  -0.000312621  -0.000595604   -0.00662323   0.000312219             1  -0.000674771   -0.00208764   0.000595814   0.000674585             1      0.115958
            1  -0.000308578  -0.000607188   -0.00566764   0.000308235             1  -0.000566048    -0.0103916   0.000607363   0.000565861             1      0.129599
            1  -0.000245448   -0.00081058     -0.014127   0.000245031             1  -0.000514967   -0.00860316   0.000810707   0.000514768             1      0.139269
            1   -0.00020267  -0.000786058   -0.00891532   0.000201805      0.999999   -0.00110046     -0.015393    0.00078628     0.0011003      0.999999      0.157777
            1   -0.00027988  -0.000749405    -0.0116698   0.000279366             1  -0.000685104    -0.0192708   0.000749597   0.000684895      0.999999      0.139153
            1  -0.000232103  -0.000731942   -0.00866402   0.000231378      0.999999  -0.000989394    -0.0246831   0.000732171   0.000989225      0.999999      0.181624
            1  -0.000224203  -0.000718376    -0.0134123   0.000223846             1   -0.00049829    -0.0262652   0.000718488   0.000498129             1      0.180333
            1  -0.000208249  -0.000832615    -0.0110015   0.000207508             1  -0.000890856    -0.0129609     0.0008328   0.000890683      0.999999      0.159982
            1   -0.00027285   -0.00070358   -0.00731243   0.000272206             1  -0.000916191   0.000186697   0.000703829   0.000915999      0.999999      0.151726
            1  -0.000352747  -0.000627687   -0.00955211   0.000351972      0.999999   -0.00123454    -0.0368783   0.000628122    0.00123432      0.999999       0.18026
            1  -0.000262941  -0.000882146    -0.0178709    0.00026236             1  -0.000658765    -0.0400688   0.000882319   0.000658534      0.999999      0.155512
            1   -0.00018678  -0.000897177    -0.0205267   0.000186624             1  -0.000174657   -0.00267699    0.00089721   0.000174489             1      0.160817
            1  -9.26007e-05  -0.000976328    -0.0236286   9.19997e-05             1  -0.000615591    0.00348302   0.000976385   0.000615501      0.999999      0.173336
            1  -7.98568e-05  -0.000742838   -0.00897631    7.9528e-05             1   -0.00044261   -0.00130242   0.000742873   0.000442551             1      0.171414
            1  -0.000105708  -0.000857231    -0.0173455   0.000105302             1  -0.000473513    -0.0222908   0.000857281   0.000473423             1       0.15606
     0.999999   7.56922e-06   -0.00103271     -0.022659  -7.80117e-06             1  -0.000224603    -0.0287888    0.00103271   0.000224611      0.999999      0.171649
     0.999999  -2.11243e-05   -0.00109851    -0.0267919   2.07269e-05             1  -0.000361788     0.0181194    0.00109852   0.000361765      0.999999       0.17249
            1  -0.000113588  -0.000633155   -0.00750775   0.000113186             1  -0.000634285   -0.00526363   0.000633226   0.000634214             1      0.170814
            1  -0.000259915  -0.000374513   -0.00542746    0.00025974             1  -0.000468832    0.00175948   0.000374635   0.000468734             1      0.153538
            1  -6.86569e-05  -0.000734995    -0.0109554   6.83035e-05             1  -0.000480861    -0.0125922   0.000735028   0.000480811             1      0.154031
            1  -3.08916e-05  -0.000749547    -0.0142914   3.04553e-05             1  -0.000582036     0.0168762   0.000749565   0.000582013             1      0.171218
            1  -0.000123283  -0.000570541   -0.00832647   0.000122843             1  -0.000770653    -0.0117989   0.000570636   0.000770583             1      0.201022
            1  -0.000158353  -0.000651863    -0.0118206   0.000157857             1  -0.000760971    -0.0380026   0.000651984   0.000760868      0.999999       0.17315
            1  -8.01847e-05  -0.000454053   -0.00366348   7.97844e-05             1  -0.000881666    -0.0101758   0.000454124    0.00088163             1      0.192632
            1   3.76254e-05  -0.000701445   -0.00671231  -3.78794e-05             1  -0.000362046    0.00623442   0.000701431   0.000362072             1      0.182069
            1   1.23079e-05   -0.00071361    -0.0111356  -1.28876e-05             1  -0.000812382    0.00584834   0.000713599   0.000812391      0.999999      0.190851
            1   6.92395e-06  -0.000368229   0.000798336  -7.24897e-06             1   -0.00088267    0.00504804   0.000368223   0.000882673             1      0.191638
            1   4.61833e-06  -0.000506141   -0.00216989  -4.96026e-06             1   -0.00067556    -0.0127221   0.000506138   0.000675563             1      0.177678
            1   7.95666e-05   -0.00050739   -0.00192589  -7.99174e-05             1  -0.000691529    0.00874938   0.000507335   0.000691569             1      0.196991
            1   2.93312e-05  -0.000829264    -0.0122501  -2.96448e-05             1  -0.000378143      0.020056   0.000829253   0.000378167             1      0.184589
            1  -4.15121e-05  -0.000750407   -0.00790263   4.07405e-05      0.999999   -0.00102828     0.0100312   0.000750449    0.00102825      0.999999      0.197199
            1  -7.21285e-05  -0.000638518   -0.00289184    7.1644e-05             1  -0.000758789    -0.0067349   0.000638572   0.000758743             1      0.212239
            1   -0.00022393  -0.000278637    0.00212732   0.000223709             1  -0.000795089    -0.0041982   0.000278815   0.000795027             1      0.225154
            1  -0.000328596  -0.000544646      -0.01029   0.000328302             1  -0.000539739   -0.00729017   0.000544824    0.00053956             1      0.200155
            1  -0.000226357  -0.000481926    -0.0098898   0.000226007             1  -0.000727663   -0.00413566   0.000482091   0.000727554             1      0.233584
            1  -0.000239509  -0.000533628   -0.00532914   0.000239084             1  -0.000796344     0.0124545   0.000533819   0.000796216             1      0.201475
            1  -0.000134697  -0.000601227   -0.00493825   0.000134068      0.999999   -0.00104582    -0.0082681   0.000601368    0.00104574      0.999999      0.208626
            1  -8.69019e-05  -0.000809395    -0.0111739   8.61974e-05             1  -0.000870409   -0.00149152    0.00080947   0.000870339      0.999999       0.21391
            1  -0.000185408  -0.000416505   0.000630137   0.000184901      0.999999   -0.00121738   -0.00694238   0.000416731     0.0012173      0.999999      0.211236
            1   -0.00020423  -0.000652762    -0.0155374   0.000203449      0.999999   -0.00119564    -0.0435876   0.000653005     0.0011955      0.999999       0.22939
            1   9.23152e-06  -0.000813576    -0.0167247  -1.05939e-05      0.999999   -0.00167455    -0.0358584   0.000813559    0.00167456      0.999998      0.240532
            1  -0.000176916  -0.000983875    -0.0306999   0.000175666      0.999999   -0.00127073    -0.0367657   0.000984099    0.00127056      0.999999      0.235565
            1  -2.99763e-05  -0.000843966    -0.0170661   2.90064e-05      0.999999   -0.00114927    -0.0423307      0.000844    0.00114924      0.999999      0.230482
            1  -7.01211e-05  -0.000689312     -0.017479   6.96377e-05             1  -0.000701145     -0.042063   0.000689361   0.000701097             1      0.220982
            1  -4.99486e-05  -0.000768163    -0.0140763   4.95981e-05             1  -0.000456331    -0.0345503   0.000768186   0.000456293             1      0.229828
            1   -0.00026928  -0.000797037    -0.0125709   0.000268801             1   -0.00060093   -0.00462848   0.000797199   0.000600716             1      0.268005
            1   -8.1018e-05   -0.00025476    0.00331377   8.08551e-05             1   -0.00063925    0.00947035   0.000254812    0.00063923             1      0.219154
            1  -0.000155157   -0.00051423   -0.00713723   0.000154835             1  -0.000624996    -0.0243341   0.000514327   0.000624916             1      0.210292
            1  -0.000117453  -0.000679598    -0.0132054   0.000116988             1  -0.000684272     0.0213559   0.000679679   0.000684193             1      0.228902
            1  -0.000216844   -0.00054621   -0.00663876   0.000216355             1  -0.000896743    0.00698527   0.000546404   0.000896625      0.999999      0.228737
            1   1.44484e-05  -0.000322373     0.0117674  -1.46235e-05             1  -0.000543303     0.0410854   0.000322365   0.000543308             1      0.177991
            1   -7.6056e-05  -0.000515433    0.00878534   7.57159e-05             1  -0.000659792     0.0214469   0.000515483   0.000659753             1      0.202072
            1   4.69936e-05  -0.000650546   0.000261688  -4.80681e-05      0.999999   -0.00165172   -0.00732885   0.000650468    0.00165175      0.999998      0.236399
            1  -2.33519e-06   -0.00083952   -0.00373663   1.45828e-06      0.999999   -0.00104453    -0.0184151   0.000839522    0.00104453      0.999999        0.2242
            1  -7.43163e-05  -0.000502726   -0.00263267   7.37329e-05      0.999999    -0.0011604    -0.0206744   0.000502812    0.00116037      0.999999      0.219203
            1   4.99456e-05  -0.000624948  -0.000214961  -5.03567e-05             1  -0.000657832    -0.0218427   0.000624915   0.000657864             1       0.20806
            1   1.00711e-06  -0.000650192   -0.00727442   -1.4819e-06             1  -0.000730235     0.0127803   0.000650191   0.000730236             1      0.225462
            1   1.79771e-05  -0.000672384   -0.00608612  -1.89791e-05      0.999999   -0.00149026    -0.0298955   0.000672356    0.00149027      0.999999      0.243479
            1  -1.65318e-05  -0.000881021    -0.0106947    1.5494e-05      0.999999   -0.00117789    -0.0170116    0.00088104    0.00117788      0.999999      0.221266
            1   6.77968e-05  -0.000636366   -0.00116339  -6.86312e-05      0.999999   -0.00131125    -0.0136362   0.000636277    0.00131129      0.999999      0.223072
            1   4.39267e-05  -0.000873855   -0.00615888  -4.48551e-05      0.999999   -0.00106239  -0.000489464   0.000873808    0.00106243      0.999999      0.215717
            1    0.00010983  -0.000785828   -0.00010617  -0.000111324      0.999998    -0.0019019    -0.0103953   0.000785617    0.00190198      0.999998      0.255058
     0.999999   2.36781e-05   -0.00100581    -0.0105832  -2.49487e-05      0.999999    -0.0012632     0.0107669    0.00100578    0.00126322      0.999999      0.230817
            1   8.45052e-05  -0.000633079   0.000293221  -8.54136e-05      0.999999     -0.001435    -0.0143695   0.000632957    0.00143505      0.999999      0.248294
            1  -7.27527e-05  -0.000773432   -0.00635297   7.19369e-05      0.999999   -0.00105473    -0.0055658   0.000773508    0.00105468      0.999999      0.236072
            1   5.21224e-07  -0.000448735    0.00461434  -1.07497e-06      0.999999   -0.00123402   -0.00534473   0.000448734    0.00123402      0.999999      0.256271
            1    5.5591e-05  -0.000785885   -0.00575078  -5.67271e-05      0.999999    -0.0014457     0.0135754   0.000785803    0.00144575      0.999999       0.23164
            1   7.63144e-05   -0.00078473  -0.000934961  -7.76441e-05      0.999999   -0.00169455   -0.00667609   0.000784599    0.00169461      0.999998      0.245277
            1   6.47465e-06  -0.000814079    -0.0070585   -7.7198e-06      0.999999   -0.00152953    -0.0217748   0.000814068    0.00152954      0.999998      0.226298
            1   1.76174e-06   -0.00074977   -0.00335079  -3.16071e-06      0.999998   -0.00186586    -0.0229572   0.000749766    0.00186586      0.999998      0.269654
            1   5.28918e-05  -0.000654748  -0.000257685  -5.39788e-05      0.999999   -0.00166029   -0.00652793   0.000654659    0.00166033      0.999998      0.250702
            1   0.000152861  -0.000405493    0.00919711  -0.000153528      0.999999   -0.00164537     0.0144601   0.000405241    0.00164543      0.999999      0.228403
            1   6.44465e-05  -0.000874833   -0.00325628  -6.60473e-05      0.999998   -0.00182986    0.00713211   0.000874714    0.00182992      0.999998      0.169706
            1   6.41469e-05  -0.000564568    0.00864422    -6.545e-05      0.999997   -0.00230842     0.0283262   0.000564418    0.00230845      0.999997      0.191984
            1   -3.9556e-05  -0.000664031    0.00387508   3.78261e-05      0.999997   -0.00260496    0.00842019   0.000664132    0.00260493      0.999996      0.205076
            1   8.02108e-06  -0.000909992  -0.000470432  -9.90509e-06      0.999998   -0.00207038     0.0140263   0.000909973    0.00207038      0.999997      0.167863
            1  -4.86147e-05   -0.00091585   -0.00407706   4.64524e-05      0.999997   -0.00236086    -0.0156072   0.000915962    0.00236081      0.999997      0.205907
            1   0.000120815  -0.000689436   0.000629987  -0.000121915      0.999999   -0.00159575   -0.00389099   0.000689242    0.00159584      0.999998      0.219596
            1   3.42756e-05   -0.00080251     0.0019492  -3.56176e-05      0.999999   -0.00167231     -0.012814   0.000802452    0.00167234      0.999998      0.213373
            1  -4.70746e-05  -0.000846761   0.000582352   4.56921e-05      0.999999   -0.00163262     0.0103437   0.000846836    0.00163258      0.999998      0.198007
     0.999999  -3.34735e-05   -0.00104931   -0.00468719   3.14334e-05      0.999998    -0.0019442     0.0160177    0.00104937    0.00194417      0.999998      0.190055
            1   7.13923e-05  -0.000857494    0.00265831  -7.27223e-05      0.999999   -0.00155101    0.00371087   0.000857382    0.00155107      0.999998       0.21785
            1   0.000166867  -0.000849589    0.00805834  -0.000168696      0.999998    -0.0021535    -0.0111589   0.000849228    0.00215364      0.999997      0.212146
            1   0.000120223  -0.000942088    0.00425255  -0.000121979      0.999998   -0.00186468   -0.00402444   0.000941862    0.00186479      0.999998      0.215944
            1   0.000113682  -0.000958384   0.000128839  -0.000115832      0.999997   -0.00224346  -0.000494645   0.000958127    0.00224357      0.999997      0.220917
     0.999999   0.000175994   -0.00117819   -0.00412497  -0.000178651      0.999997   -0.00225527    -0.0147237    0.00117779    0.00225548      0.999997      0.213209
     0.999999   0.000169819   -0.00118728   -0.00882635  -0.000172986      0.999996   -0.00266821    -0.0284086    0.00118683    0.00266841      0.999996      0.228649
     0.999999   0.000115173   -0.00126474     -0.011284  -0.000117513      0.999998   -0.00185019   -0.00621908    0.00126453    0.00185033      0.999997      0.225206
     0.999999    8.0572e-05   -0.00119247    -0.0109196  -8.30792e-05      0.999998   -0.00210265      0.024342    0.00119229    0.00210274      0.999997      0.225142
            1   0.000180481  -0.000902489    0.00564686  -0.000182648      0.999997   -0.00240195    0.00268669   0.000902053    0.00240212      0.999997      0.228302
     0.999999   8.40125e-05   -0.00106307   -0.00135474  -8.63126e-05      0.999998    -0.0021638     0.0109107    0.00106289    0.00216389      0.999997      0.202515
            1    0.00017924  -0.000874608    0.00752495  -0.000181131      0.999998   -0.00216293     0.0191706   0.000874218    0.00216309      0.999997      0.219055
            1   5.45619e-05  -0.000918244     0.0058527  -5.64863e-05      0.999998    -0.0020959    0.00156281   0.000918128    0.00209595      0.999997      0.220289
            1   2.16661e-05  -0.000932329    0.00302772  -2.39533e-05      0.999997   -0.00245329     0.0190392   0.000932273    0.00245331      0.999997      0.231241
            1   1.63863e-05  -0.000974243   0.000723379  -1.86949e-05      0.999997   -0.00236961    -0.0057258   0.000974202    0.00236963      0.999997      0.242904
            1   1.54158e-05  -0.000749341    0.00808364  -1.69498e-05      0.999998   -0.00204715     0.0154236   0.000749308    0.00204717      0.999998      0.213865
            1    0.00020161  -0.000885446    0.00522227  -0.000203382      0.999998     -0.002002     0.0337369    0.00088504    0.00200218      0.999998      0.223031
     0.999999   0.000262255  -0.000996791   0.000751889  -0.000263917      0.999999   -0.00166731     0.0275884   0.000996352    0.00166758      0.999998      0.204508
            1   0.000114172  -0.000746359    0.00580714   -0.00011626      0.999996   -0.00279776    0.00710208   0.000746036    0.00279785      0.999996        0.2605
            1  -0.000147925  -0.000882827     0.0145618   0.000145798      0.999997    -0.0024092    -0.0132084    0.00088318    0.00240907      0.999997      0.217198
            1  -7.81551e-05    -0.0007807     0.0129779   7.60242e-05      0.999996   -0.00272907   -0.00214652    0.00078091    0.00272901      0.999996      0.239568
     0.999999   0.000201071   -0.00124064   -0.00129648  -0.000205644      0.999993   -0.00368706    -0.0331847    0.00123989    0.00368731      0.999992      0.249706
     0.999999   0.000112924   -0.00111768    0.00393691  -0.000116331      0.999995   -0.00304879   0.000886101    0.00111733    0.00304892      0.999995      0.225448
     0.999999    0.00018612   -0.00109789     0.0119791  -0.000189768      0.999994   -0.00332352    -0.0109063    0.00109727    0.00332372      0.999994      0.214905
     0.999999   0.000319603    -0.0010603     0.0141204  -0.000323142      0.999994   -0.00333883     -0.022511    0.00105922    0.00333917      0.999994      0.224457
            1    0.00033598  -0.000909382     0.0178084  -0.000339031      0.999994   -0.00335706    -0.0362312   0.000908249    0.00335737      0.999994      0.209782
     0.999999   0.000421389   -0.00136487    0.00040237  -0.000426903      0.999992   -0.00404207    -0.0440064    0.00136316    0.00404265      0.999991      0.249131
     0.999999   0.000338226   -0.00155927   -0.00856159  -0.000343905      0.999993    -0.0036432    -0.0359041    0.00155803    0.00364373      0.999992      0.239287
     0.999999   0.000403625   -0.00120868    0.00425314  -0.000407236      0.999995   -0.00298895    -0.0133059    0.00120747    0.00298944      0.999995      0.211222
     0.999999   0.000407346   -0.00127438    0.00460619  -0.000410582      0.999997   -0.00253979   -0.00981259    0.00127334    0.00254031      0.999996      0.170914
     0.999999   0.000435782   -0.00133294    0.00481573  -0.000440309      0.999994   -0.00339794    -0.0117568    0.00133145    0.00339852      0.999993      0.212474
     0.999999   0.000443359   -0.00145082    0.00264864  -0.000448576      0.999993   -0.00359742    -0.0277394    0.00144922    0.00359807      0.999992      0.200032
     0.999999   0.000452648   -0.00139929    0.00532654  -0.000457379      0.999994   -0.00338296    -0.0443805    0.00139775     0.0033836      0.999993      0.199579
     0.999999   0.000508746   -0.00155336  -0.000949342  -0.000514117      0.999994   -0.00345928    -0.0236712    0.00155159    0.00346007      0.999993      0.187812
     0.999999   0.000553434   -0.00159064    0.00406915  -0.000558184      0.999995   -0.00298733     0.0201279    0.00158898    0.00298821      0.999994      0.171547
     0.999999   0.000546983   -0.00144948    0.00299322  -0.000552625      0.999992   -0.00389495   -0.00270463    0.00144734    0.00389575      0.999991      0.212362
     0.999999   0.000641601   -0.00137274    0.00697945  -0.000646442      0.999994   -0.00352872   -0.00912572    0.00137046     0.0035296      0.999993      0.195343
     0.999999   0.000554803   -0.00149372    0.00208126  -0.000560004      0.999994   -0.00348389  -0.000190934    0.00149178    0.00348472      0.999993      0.197689
     0.999999    0.00057621   -0.00145097    0.00548157  -0.000581368      0.999994   -0.00355655    -0.0158824    0.00144891    0.00355739      0.999993      0.211803
     0.999999   0.000490402   -0.00161697  -0.000908947  -0.000495704      0.999994    -0.0032807    -0.0103449    0.00161535     0.0032815      0.999993      0.211052
     0.999999    0.00053367   -0.00131503    0.00857001  -0.000537961      0.999995   -0.00326458    0.00856182    0.00131328    0.00326528      0.999994      0.226993
     0.999999   0.000486521   -0.00145827    0.00615038  -0.000491503      0.999994   -0.00341806    -0.0268006     0.0014566    0.00341877      0.999993      0.221149
     0.999999   0.000568516   -0.00138681    0.00616848  -0.000573103      0.999994   -0.00330967    -0.0104002    0.00138492    0.00331046      0.999994      0.225061
     0.999999   0.000661762   -0.00141821    0.00886009   -0.00066666      0.999994   -0.00345538    -0.0189249    0.00141592    0.00345632      0.999993      0.220799
     0.999999   0.000667029   -0.00158522    0.00117981  -0.000672289      0.999994    -0.0033202   -0.00929219      0.001583    0.00332126      0.999993      0.229879
     0.999999   0.000806398   -0.00140315    0.00624734  -0.000811972      0.999992   -0.00397642    -0.0125513    0.00139993    0.00397755      0.999991      0.248856
     0.999999    0.00067973  -0.000949179     0.0180277  -0.000682991      0.999994   -0.00343935   -0.00812176   0.000946835       0.00344      0.999994      0.239682
     0.999999   0.000577465  -0.000857159    0.00993258  -0.000580123      0.999995   -0.00310367     -0.028884   0.000855363    0.00310416      0.999995      0.225284
     0.999999   0.000656492  -0.000997528     0.0117724  -0.000658927      0.999997   -0.00244301    -0.0124956   0.000995921    0.00244366      0.999997      0.250437
     0.999999   0.000695477  -0.000876146     0.0180306   -0.00069851      0.999994    -0.0034654    0.00388655    0.00087373    0.00346601      0.999994      0.267001
     0.999999   0.000804711  -0.000878879     0.0227807  -0.000807652      0.999994   -0.00335038    -0.0420028   0.000876177    0.00335109      0.999994      0.261981
            1   0.000733775  -0.000655015      0.025363  -0.000735274      0.999997   -0.00229145     0.0176643   0.000653332    0.00229193      0.999997      0.235118
     0.999999   0.000736411    -0.0011162     0.0168071  -0.000739573      0.999996   -0.00283487    -0.0114115     0.0011141     0.0028357      0.999995      0.231584
     0.999998   0.000787778   -0.00155112     0.0264432  -0.000792363      0.999995   -0.00295746     0.0384146    0.00154879    0.00295869      0.999994      0.206872
     0.999999   0.000851351   -0.00126863     0.0240259  -0.000855693      0.999994   -0.00342614     0.0271023     0.0012657    0.00342722      0.999993      0.212268
     0.999999   0.000773179   -0.00113921     0.0229764  -0.000777435      0.999993   -0.00374006    -0.0148512    0.00113631    0.00374095      0.999992      0.232922
     0.999999   0.000650273    -0.0013133     0.0171917  -0.000654172      0.999995   -0.00297049   -0.00397891    0.00131136    0.00297135      0.999995      0.207513
     0.999999   0.000866068   -0.00146059     0.0149259  -0.000870856      0.999994   -0.00328128    0.00811408    0.00145774    0.00328255      0.999994      0.216335
     0.999998    0.00101548   -0.00150273     0.0206466   -0.00102101      0.999993    -0.0036852   0.000259102    0.00149897    0.00368673      0.999992      0.195985
     0.999999   0.000749043   -0.00131575      0.037823  -0.000753284      0.999995   -0.00322591   0.000621347    0.00131332    0.00322689      0.999994      0.173533
     0.999999   0.000896479    -0.0014633     0.0355295  -0.000900772      0.999995   -0.00293581     0.0179682    0.00146066    0.00293712      0.999995      0.167767
     0.999997    0.00099162   -0.00205974     0.0224619  -0.000998973      0.999993   -0.00357177    0.00178172    0.00205619    0.00357382      0.999991       0.16378
     0.999998    0.00116655   -0.00170231     0.0294399    -0.0011726      0.999993   -0.00355863     0.0158713    0.00169815    0.00356062      0.999992      0.186743
     0.999998    0.00118431     -0.001346     0.0448623    -0.0011889      0.999993   -0.00341168   -0.00728987    0.00134195    0.00341328      0.999993      0.239754
     0.999998    0.00121581   -0.00167229     0.0354217   -0.00122173      0.999993   -0.00354245     -0.019235    0.00166797    0.00354448      0.999992      0.226621
     0.999998    0.00114073   -0.00146365     0.0331417   -0.00114541      0.999994   -0.00320029    -0.0107654    0.00145999    0.00320196      0.999994       0.23512
     0.999998    0.00115328   -0.00167197     0.0327191    -0.0011599      0.999991   -0.00396329     -0.026287    0.00166739    0.00396522      0.999991      0.236976
     0.999997    0.00118354   -0.00194131     0.0269445    -0.0011908      0.999992   -0.00374239    -0.0119436    0.00193686     0.0037447      0.999991       0.21487
     0.999998    0.00137076   -0.00170544     0.0363417   -0.00137745      0.999991     -0.003926   -0.00201927    0.00170005    0.00392834      0.999991      0.216801
     0.999997    0.00130758   -0.00215346     0.0227413   -0.00131505      0.999993   -0.00346978      0.017687     0.0021489     0.0034726      0.999992      0.202631
     0.999997    0.00132457   -0.00226183     0.0199249   -0.00133397       0.99999   -0.00415607    0.00410742     0.0022563    0.00415908      0.999989      0.240278
     0.999997    0.00136991   -0.00206282     0.0322523   -0.00137662      0.999994   -0.00325408    0.00767084    0.00205835    0.00325691      0.999993      0.207885
     0.999997    0.00147051   -0.00210008     0.0283621   -0.00147709      0.999994   -0.00313329     0.0518533    0.00209546    0.00313639      0.999993      0.178414
     0.999998    0.00129386   -0.00179325     0.0338707   -0.00130037      0.999993   -0.00363301     0.0552178    0.00178853    0.00363534      0.999992      0.196134
     0.999997    0.00117726   -0.00192189     0.0112457   -0.00118202      0.999996   -0.00247792     0.0655559    0.00191896    0.00248018      0.999995      0.179662
     0.999999   0.000600287   -0.00148204     0.0337642  -0.000605334      0.999994   -0.00340731     0.0520198    0.00147998    0.00340821      0.999993      0.201733
     0.999998   0.000969935   -0.00163897     0.0351943  -0.000976331      0.999992   -0.00390609     0.0256868    0.00163517    0.00390768      0.999991      0.201042
     0.999998   0.000790135   -0.00178351     0.0264565  -0.000797081      0.999992   -0.00389751     0.0066376    0.00178042    0.00389893      0.999991      0.170971
     0.999998    0.00104691    -0.0015502     0.0392831   -0.00105339      0.999991   -0.00418262     0.0284583     0.0015458    0.00418424       0.99999      0.204171
     0.999998   0.000895888   -0.00172043     0.0362782  -0.000902843      0.999991    -0.0040459      0.053896    0.00171679    0.00404745       0.99999      0.198963
     0.999998   0.000965192   -0.00144477     0.0396424  -0.000971778      0.999989   -0.00456483    0.00569237    0.00144035    0.00456622      0.999989      0.205088
     0.999998    0.00106931   -0.00192498     0.0302437   -0.00107709      0.999991   -0.00404622      0.021467    0.00192064    0.00404828       0.99999      0.172434
     0.999998    0.00100503   -0.00159099     0.0374037   -0.00101149      0.999991   -0.00406723     0.0304724    0.00158689    0.00406883       0.99999      0.204375
