# 3dvolreg matrices (DICOM-to-DICOM, row-by-row):
     0.999996    0.00133643   -0.00238994       1.97918   -0.00134729      0.999989   -0.00454835       2.10445    0.00238383    0.00455155      0.999987     -0.369941
     0.999996    0.00127079   -0.00240187        1.9774   -0.00128165      0.999989   -0.00452396       2.11084    0.00239609    0.00452702      0.999987     -0.383763
     0.999996    0.00128262   -0.00248017       1.97927   -0.00129444      0.999988   -0.00476947       2.11576    0.00247402    0.00477267      0.999986     -0.369292
     0.999997    0.00112069   -0.00225822       1.98804   -0.00113235      0.999986   -0.00516654        2.1446     0.0022524    0.00516908      0.999984     -0.368645
     0.999996   0.000965276   -0.00249691        1.9737  -0.000980443      0.999981    -0.0060802       2.11393    0.00249099    0.00608262      0.999978     -0.378229
     0.999997   0.000605679   -0.00243959       1.95944   -0.00062025      0.999982   -0.00597616       2.07012    0.00243592    0.00597766      0.999979     -0.365959
     0.999995   0.000784327   -0.00296264       1.95233  -0.000802162      0.999982   -0.00602379        2.0711    0.00295786    0.00602614      0.999977      -0.36935
     0.999995   0.000989603   -0.00290579          1.96   -0.00100574      0.999984   -0.00555554       2.08646    0.00290025    0.00555844       0.99998     -0.377668
     0.999995    0.00103346   -0.00291056       1.96688   -0.00105016      0.999983   -0.00574216       2.06418    0.00290458    0.00574519      0.999979     -0.388254
     0.999994    0.00119283   -0.00314635       1.96226   -0.00121106      0.999982   -0.00579877       2.08315    0.00313938    0.00580254      0.999978     -0.394429
     0.999993    0.00127007   -0.00338028       1.95274   -0.00129084       0.99998   -0.00615032       2.08611     0.0033724    0.00615464      0.999975     -0.401832
     0.999996   0.000707324   -0.00286599       1.95018   -0.00072267      0.999985   -0.00535681       2.09921    0.00286216    0.00535885      0.999982     -0.381659
     0.999995   0.000717844   -0.00299895       1.94784  -0.000734132      0.999985   -0.00543376       2.08799    0.00299501    0.00543593      0.999981     -0.387722
     0.999996   0.000604776   -0.00284098       1.94587  -0.000620037      0.999985   -0.00537384       2.09134    0.00283769    0.00537558      0.999982     -0.358229
     0.999995   0.000938585   -0.00290643       1.95311  -0.000955378      0.999983   -0.00578171       2.08992    0.00290096    0.00578446      0.999979     -0.351982
     0.999995   0.000760015    -0.0032225       1.94648  -0.000779383      0.999982   -0.00601325       2.08065    0.00321787    0.00601572      0.999977     -0.377009
     0.999994     0.0010419   -0.00318769       1.95193   -0.00106177       0.99998   -0.00623747       2.06468    0.00318113    0.00624082      0.999975     -0.346114
     0.999995    0.00078793   -0.00302644       1.95115  -0.000806357      0.999981   -0.00609215       2.04946    0.00302158    0.00609456      0.999977     -0.367795
     0.999995   0.000619741   -0.00321374       1.94438  -0.000637098      0.999985   -0.00540267       2.09118    0.00321034    0.00540469       0.99998     -0.383427
     0.999995   0.000670513   -0.00299728       1.94785  -0.000688981      0.999981   -0.00616493       2.09828    0.00299309    0.00616697      0.999977     -0.344833
     0.999995   0.000604494   -0.00301245       1.94691   -0.00062307      0.999981   -0.00616945       2.07787    0.00300866     0.0061713      0.999976     -0.375032
     0.999995   0.000662734    -0.0029876       1.94947  -0.000681286       0.99998    -0.0062132       2.06607    0.00298343    0.00621521      0.999976     -0.365709
     0.999994   0.000652083    -0.0034864       1.93616  -0.000673283      0.999981   -0.00608304       2.05451    0.00348237    0.00608534      0.999975     -0.368531
     0.999994   0.000609927   -0.00331058       1.93551  -0.000631487      0.999979   -0.00651528       2.09585    0.00330653    0.00651734      0.999973     -0.341296
     0.999995   0.000696334   -0.00321433       1.94239  -0.000717706      0.999978   -0.00665245       2.06169    0.00320963    0.00665472      0.999973     -0.336754
     0.999993   0.000681271   -0.00358682       1.93046  -0.000703463      0.999981    -0.0061894       2.06982    0.00358254    0.00619188      0.999974     -0.365792
     0.999994   0.000712101   -0.00352259       1.93616  -0.000734653      0.999979     -0.006405       2.07202    0.00351796    0.00640755      0.999973      -0.35054
     0.999994   0.000596915   -0.00346314       1.92944  -0.000618935       0.99998   -0.00636058        2.0854    0.00345927    0.00636268      0.999974     -0.352848
     0.999993   0.000656893    -0.0036392       1.92823  -0.000681621      0.999977   -0.00679786       2.08247    0.00363465     0.0068003       0.99997     -0.367228
     0.999994   0.000764839   -0.00345014       1.93045  -0.000787932      0.999977   -0.00669696        2.1102    0.00344494    0.00669964      0.999972     -0.350092
     0.999992   0.000812338   -0.00383489       1.92453  -0.000838795      0.999976   -0.00690249       2.05164    0.00382919    0.00690565      0.999969     -0.356623
     0.999992    0.00078001   -0.00388945       1.92502  -0.000806687      0.999976   -0.00686212       2.07536    0.00388401     0.0068652      0.999969      -0.35267
     0.999993   0.000876818   -0.00377235       1.92604  -0.000902464      0.999976   -0.00680204       2.06731     0.0037663    0.00680539       0.99997     -0.355054
     0.999993   0.000767326   -0.00370962       1.92238  -0.000792269      0.999977   -0.00672724       2.09229    0.00370437    0.00673013       0.99997     -0.337881
     0.999993   0.000762812   -0.00357854       1.92599  -0.000786811      0.999977   -0.00670989       2.06313    0.00357334    0.00671266      0.999971      -0.34876
     0.999995    0.00074975   -0.00315847       1.92539  -0.000770822      0.999977   -0.00667571       2.06114    0.00315339    0.00667811      0.999973     -0.319271
     0.999995   0.000643961   -0.00322851       1.92624  -0.000663306      0.999982   -0.00599432       2.07615    0.00322459    0.00599643      0.999977     -0.363996
     0.999994   0.000791282   -0.00334203       1.93022  -0.000814895      0.999975   -0.00707021       2.09113    0.00333635    0.00707289      0.999969     -0.333639
     0.999994   0.000658676    -0.0035365       1.92965  -0.000683426      0.999975   -0.00700165       2.07125     0.0035318    0.00700402      0.999969     -0.352511
     0.999994   0.000812651   -0.00326916       1.93499  -0.000835075      0.999976   -0.00686364       2.04588    0.00326351    0.00686633      0.999971     -0.338355
     0.999995   0.000677912   -0.00317517       1.93676  -0.000698724      0.999978   -0.00655827       2.06585    0.00317065    0.00656046      0.999973     -0.359617
     0.999993  -0.000552471   -0.00359487       1.90416   0.000527115      0.999975   -0.00705062       2.04725    0.00359868    0.00704868      0.999969     -0.257921
     0.999994  -0.000482278   -0.00346031       1.89087    0.00045314      0.999964    -0.0084166       1.97779    0.00346424    0.00841499      0.999959     -0.258409
     0.999997  -0.000262761   -0.00244235       1.92812   0.000244257      0.999971   -0.00757346       1.97851    0.00244427    0.00757284      0.999968     -0.264042
     0.999997   -0.00027233   -0.00234084       1.93808   0.000257374       0.99998   -0.00638711       2.02129    0.00234253    0.00638649      0.999977      -0.26506
     0.999997  -0.000155011   -0.00255229       1.92871   0.000137293      0.999976   -0.00694065       2.03753    0.00255331    0.00694028      0.999973     -0.255275
     0.999997  -6.32765e-05   -0.00234283       1.94298   4.82119e-05      0.999979   -0.00642957       2.04809    0.00234319    0.00642944      0.999977      -0.26413
     0.999997  -9.50856e-05    -0.0025214       1.94336   7.85695e-05      0.999979   -0.00654965       2.03187    0.00252197    0.00654944      0.999975      -0.30974
     0.999997   8.20287e-05   -0.00261249       1.94099  -9.79726e-05      0.999981   -0.00610341       2.06262    0.00261194    0.00610365      0.999978     -0.312122
     0.999995   0.000179041   -0.00313878       1.93085  -0.000200604      0.999976   -0.00687106       2.06818    0.00313747    0.00687166      0.999971     -0.322528
     0.999996   3.78506e-05   -0.00273894       1.93773  -5.54235e-05      0.999979   -0.00641614       2.09651    0.00273864    0.00641627      0.999976     -0.319638
     0.999998  -6.75703e-05   -0.00207326       1.95371   5.56124e-05      0.999983    -0.0057672       2.05196    0.00207362    0.00576708      0.999981     -0.269052
     0.999997  -2.88171e-05   -0.00244954       1.94382   1.35163e-05       0.99998    -0.0062462       2.07432    0.00244967    0.00624615      0.999977      -0.28353
     0.999996   0.000168973   -0.00268121        1.9433  -0.000185654      0.999981   -0.00622244       2.09057     0.0026801    0.00622291      0.999977     -0.310823
     0.999997   9.50891e-05   -0.00258667       1.94276  -0.000112464      0.999977   -0.00671759       2.07429    0.00258597    0.00671786      0.999974     -0.305013
     0.999996   8.09918e-05   -0.00277048       1.93006  -9.80751e-05      0.999981   -0.00616657       2.06708    0.00276993    0.00616682      0.999977     -0.317398
     0.999996   0.000199185   -0.00280074       1.93586  -0.000219473      0.999974   -0.00724541        2.0681    0.00279922    0.00724599       0.99997     -0.268362
     0.999996   0.000149311   -0.00279135       1.94078  -0.000168221      0.999977   -0.00677544       2.06373    0.00279027    0.00677588      0.999973     -0.307251
     0.999995   0.000139869   -0.00304571       1.93518  -0.000160767      0.999976   -0.00686224       2.06505    0.00304468     0.0068627      0.999972     -0.332871
     0.999995   0.000186414   -0.00329542       1.92957   -0.00021114      0.999972   -0.00750465       2.04014    0.00329393    0.00750531      0.999966     -0.308016
     0.999994   0.000117302   -0.00331585       1.92917  -0.000140188      0.999976   -0.00690261       2.05813    0.00331496    0.00690303      0.999971     -0.309039
     0.999995   8.21538e-05   -0.00303858       1.93447  -0.000104799      0.999972   -0.00745313       2.04449    0.00303789    0.00745341      0.999968     -0.286028
     0.999994   0.000265647   -0.00348053        1.9291  -0.000291677      0.999972   -0.00748013       2.05438    0.00347845     0.0074811      0.999966     -0.309925
     0.999995   0.000219564   -0.00326899       1.92577  -0.000244149      0.999972   -0.00752193       2.05154    0.00326725    0.00752268      0.999966     -0.332421
     0.999996   0.000264639     -0.002944       1.93996  -0.000284891      0.999976   -0.00688079       2.06625    0.00294211     0.0068816      0.999972     -0.316929
     0.999995   0.000240195    -0.0031209       1.93341  -0.000263781      0.999971   -0.00755922       2.07497    0.00311899       0.00756      0.999967     -0.302732
     0.999995   0.000336593   -0.00320985       1.93526  -0.000360438      0.999972   -0.00743079       2.05269    0.00320726    0.00743191      0.999967      -0.29878
     0.999996   0.000269147   -0.00286621       1.94455  -0.000291749      0.999969   -0.00788814       2.05568      0.002864    0.00788894      0.999965     -0.267619
     0.999997    0.00019845   -0.00224519       1.95805  -0.000213732      0.999977   -0.00680847       2.09101    0.00224378    0.00680893      0.999974      -0.30162
     0.999997    0.00033892   -0.00251813       1.94832  -0.000359341      0.999967   -0.00811393       2.04055     0.0025153    0.00811481      0.999964     -0.270527
     0.999997   0.000350286   -0.00254728       1.95261  -0.000370677      0.999968   -0.00800884       2.03205    0.00254439    0.00800976      0.999965     -0.278161
     0.999997   0.000261262   -0.00253917         1.956  -0.000280971       0.99997   -0.00776469       2.03192    0.00253707    0.00776538      0.999967     -0.269129
     0.999996   0.000185496   -0.00264497       1.95471  -0.000205834       0.99997   -0.00769096       2.02782    0.00264347    0.00769147      0.999967     -0.302265
     0.999996   0.000158975   -0.00273339       1.95559  -0.000179536      0.999972   -0.00752352       2.05405    0.00273212    0.00752398      0.999968     -0.299884
     0.999996   0.000344117   -0.00271812       1.95636  -0.000364199      0.999973   -0.00739098       2.06746     0.0027155    0.00739195      0.999969     -0.302539
     0.999997   0.000194093   -0.00254371       1.95678  -0.000213199      0.999972   -0.00751299       2.03482    0.00254218    0.00751351      0.999969     -0.294392
     0.999997   0.000297512   -0.00226932       1.95194  -0.000315532      0.999968   -0.00794452       2.03491    0.00226688    0.00794522      0.999966     -0.270481
     0.999998   0.000229114   -0.00204411        1.9582  -0.000247688      0.999959   -0.00909114       2.03502    0.00204194    0.00909163      0.999957     -0.321755
     0.999998   0.000249423   -0.00220112       1.95428   -0.00026917       0.99996   -0.00897566        1.9922    0.00219879    0.00897623      0.999957     -0.347706
     0.999997   0.000374078   -0.00251694        1.9537   -0.00039755      0.999956   -0.00933144       2.02273    0.00251334    0.00933241      0.999953     -0.351125
     0.999997   0.000230061   -0.00237264       1.96185  -0.000251566      0.999959   -0.00906742       2.04822    0.00237046    0.00906799      0.999956     -0.361552
     0.999997   0.000178381    -0.0025522       1.96095  -0.000202251      0.999956   -0.00935562       2.00902    0.00255042    0.00935611      0.999953     -0.361283
     0.999996   0.000227087   -0.00275821       1.96056  -0.000253174      0.999955    -0.0094615       1.99615    0.00275594    0.00946216      0.999951     -0.374866
     0.999995   0.000196688   -0.00301511         1.952  -0.000224201      0.999958   -0.00912743       2.01016    0.00301319    0.00912807      0.999954     -0.372685
     0.999996   0.000420046   -0.00271672       1.96232  -0.000447075       0.99995   -0.00995613       2.01642    0.00271241     0.0099573      0.999947     -0.336971
     0.999996   0.000312798   -0.00280386       1.95831  -0.000338574      0.999958   -0.00919739        2.0211    0.00280086     0.0091983      0.999954     -0.364875
     0.999997   0.000191654   -0.00235793       1.95646  -0.000211958      0.999963   -0.00861352       2.00652    0.00235619      0.008614       0.99996      -0.27319
     0.999997   0.000253573   -0.00223408       1.96809  -0.000273298      0.999961   -0.00883333       2.01289    0.00223175    0.00883392      0.999958     -0.244617
     0.999997   0.000375995   -0.00247544       1.96967  -0.000398197       0.99996   -0.00897447       1.97478    0.00247196    0.00897542      0.999957      -0.25419
     0.999996   0.000528755    -0.0029521       1.96335  -0.000556269      0.999956   -0.00932731       1.97863    0.00294704    0.00932891      0.999952     -0.245748
     0.999996   0.000639048   -0.00288474       1.96309  -0.000666543      0.999954   -0.00954031       2.00821    0.00287851    0.00954219       0.99995     -0.257149
     0.999996   0.000414494   -0.00284133       1.96067  -0.000442399      0.999952   -0.00982767       1.97669    0.00283712    0.00982888      0.999948     -0.244128
     0.999995   0.000501523   -0.00317378       1.95044  -0.000531187      0.999956   -0.00935278       1.98884    0.00316895    0.00935441      0.999951     -0.276297
     0.999996   0.000434068   -0.00295826       1.95111  -0.000462797      0.999953   -0.00971766       1.97614     0.0029539    0.00971899      0.999948     -0.237207
     0.999996   0.000383413   -0.00290099       1.95724  -0.000410702      0.999956   -0.00941208       1.99147    0.00289726    0.00941323      0.999951     -0.251913
     0.999996   0.000451669   -0.00267244       1.96289  -0.000476146      0.999958   -0.00916544       1.96972    0.00266818    0.00916668      0.999954     -0.271296
     0.999996   0.000363714   -0.00280652       1.94665  -0.000388483      0.999961   -0.00883007       1.99754     0.0028032    0.00883112      0.999957     -0.244929
     0.999996   0.000378473   -0.00274058       1.95675  -0.000404472      0.999955   -0.00949208       1.99292    0.00273687    0.00949315      0.999951     -0.233573
     0.999996   0.000342842    -0.0028038       1.96816  -0.000368861      0.999957   -0.00928469        1.9847    0.00280049    0.00928569      0.999953     -0.254072
     0.999995   0.000403763   -0.00320591       1.96017  -0.000433849      0.999956   -0.00938936       1.99591    0.00320198    0.00939071      0.999951     -0.269453
     0.999995   0.000281454   -0.00320347       1.95993  -0.000312367      0.999953   -0.00965326       1.97879     0.0032006    0.00965421      0.999948     -0.259562
     0.999994   0.000308095   -0.00340927       1.94848  -0.000340381      0.999955   -0.00947353       1.97535    0.00340619    0.00947463      0.999949     -0.253305
     0.999994   0.000385541    -0.0033306       1.95586  -0.000418675       0.99995   -0.00995354       1.97296    0.00332659    0.00995488      0.999945     -0.250813
     0.999994   0.000422847   -0.00330905       1.95635  -0.000454978      0.999953   -0.00971553       1.95389    0.00330479    0.00971698      0.999947     -0.246367
     0.999994   0.000310251   -0.00354661       1.94343  -0.000344556      0.999953   -0.00967611        1.9815    0.00354344    0.00967727      0.999947     -0.236057
     0.999994   0.000301489   -0.00352589       1.94571  -0.000337923      0.999947    -0.0103373       1.96128    0.00352258     0.0103384       0.99994     -0.220079
     0.999993   0.000550379   -0.00376163       1.94711  -0.000587538      0.999951   -0.00988431       1.96114      0.003756    0.00988645      0.999944     -0.246115
     0.999994    0.00040297   -0.00355235       1.95115  -0.000438104      0.999951   -0.00989506       1.95735    0.00354819    0.00989656      0.999945     -0.211124
     0.999994   0.000375082   -0.00339202       1.94393   -0.00040722      0.999955   -0.00947897       1.98666    0.00338831     0.0094803      0.999949     -0.214815
     0.999995    0.00037961   -0.00318403       1.95032  -0.000409643      0.999955   -0.00943705       1.98501    0.00318031    0.00943831       0.99995     -0.182347
     0.999996   0.000217487   -0.00294075       1.95703  -0.000244708      0.999957   -0.00925913       1.96901    0.00293861    0.00925981      0.999953     -0.190018
     0.999995   0.000338054   -0.00313979       1.95549  -0.000368223      0.999954   -0.00961308       1.96696    0.00313639    0.00961419      0.999949     -0.201395
     0.999994   0.000311141   -0.00333695       1.95015  -0.000340933       0.99996    -0.0089311       1.97745    0.00333403    0.00893219      0.999955     -0.216143
     0.999994   0.000443925   -0.00338079       1.95638  -0.000477483      0.999951   -0.00993178       1.97525    0.00337621    0.00993333      0.999945      -0.19239
     0.999994   0.000449297   -0.00356305       1.95114  -0.000483157      0.999955   -0.00950784       1.95578    0.00355861     0.0095095      0.999948     -0.200295
     0.999995   0.000471546   -0.00318614       1.96108  -0.000502501      0.999953   -0.00972159       1.95753     0.0031814    0.00972314      0.999948     -0.168628
     0.999994   0.000310074   -0.00343772       1.95066  -0.000341733      0.999958   -0.00921253       1.97279    0.00343472    0.00921365      0.999952     -0.204259
     0.999993   0.000458553   -0.00374443       1.94372  -0.000494209      0.999954   -0.00952718       1.96606    0.00373989    0.00952896      0.999948     -0.189686
     0.999994   0.000371171   -0.00350056       1.94718  -0.000405375      0.999952   -0.00977545       1.98966    0.00349677    0.00977681      0.999946     -0.191817
     0.999994   0.000358814   -0.00344589       1.95556  -0.000393088       0.99995   -0.00995068       1.93711    0.00344215    0.00995197      0.999945      -0.18198
     0.999993    0.00036838   -0.00363154       1.95085  -0.000402223      0.999956   -0.00932267       1.95167    0.00362795    0.00932407       0.99995     -0.215624
     0.999993   0.000318512   -0.00376713       1.94125  -0.000355124      0.999953   -0.00972231       1.96758    0.00376386    0.00972358      0.999946     -0.181993
     0.999994   0.000283713    -0.0034228       1.94694   -0.00031632      0.999955   -0.00952959        1.9873    0.00341994    0.00953061      0.999949     -0.187874
     0.999994   0.000487909   -0.00337372       1.95435  -0.000519329      0.999956   -0.00931837       1.96357    0.00336903    0.00932007      0.999951     -0.175032
     0.999996    0.00028504    -0.0027253       1.96209  -0.000309733      0.999959   -0.00906467       1.97575     0.0027226    0.00906548      0.999955     -0.189014
     0.999996   0.000190331   -0.00286859       1.95995  -0.000214836      0.999963    -0.0085445       1.98476    0.00286686    0.00854509      0.999959     -0.220348
     0.999995   0.000282837   -0.00328042       1.95647  -0.000314245      0.999954   -0.00957799       1.97374    0.00327756    0.00957896      0.999949     -0.202097
     0.999995   0.000425017   -0.00326245       1.95193   -0.00045693      0.999952   -0.00978741       1.97093    0.00325813    0.00978884      0.999947     -0.159346
     0.999994   0.000376441   -0.00351933       1.94478  -0.000410841      0.999952   -0.00977902       1.91433    0.00351548    0.00978041      0.999946     -0.161499
     0.999992   0.000408067   -0.00399477       1.93377  -0.000445146      0.999957   -0.00928558       1.94401    0.00399081    0.00928728      0.999949      -0.16644
     0.999992   0.000349499   -0.00400581       1.93294  -0.000385819      0.999959   -0.00906973       1.96099    0.00400248    0.00907121      0.999951     -0.166061
     0.999993   0.000316954   -0.00366884       1.94132  -0.000350375      0.999958   -0.00911222       1.96108     0.0036658    0.00911344      0.999952      -0.16545
     0.999993   0.000487059   -0.00375221       1.94249  -0.000521903      0.999957   -0.00929087       1.95072    0.00374752    0.00929277       0.99995     -0.147573
     0.999994   0.000249856   -0.00351094        1.9385  -0.000282732      0.999956   -0.00936655       1.94253    0.00350844    0.00936748       0.99995     -0.149958
     0.999993   0.000292271   -0.00375413       1.94019   -0.00032732      0.999956   -0.00933892       1.93252    0.00375123    0.00934008      0.999949     -0.157538
     0.999991   0.000414032   -0.00411044       1.93011  -0.000452022      0.999957   -0.00924575       1.94699    0.00410643    0.00924752      0.999949     -0.144507
     0.999992   0.000330676   -0.00404176       1.93187   -0.00037035      0.999952   -0.00981923       1.91922    0.00403831    0.00982065      0.999944     -0.106339
     0.999993   0.000384913   -0.00375831       1.94202  -0.000418882      0.999959   -0.00904176       1.91296    0.00375467    0.00904327      0.999952     -0.100537
     0.999995   0.000304266   -0.00327045       1.95099  -0.000333134      0.999961   -0.00882998        1.9421    0.00326764    0.00883103      0.999956     -0.129425
     0.999996   0.000132274   -0.00289929       1.94905  -0.000160325      0.999953   -0.00967702       1.91972    0.00289788    0.00967744      0.999949    -0.0685709
     0.999997   0.000248554   -0.00240788       1.96138  -0.000271431      0.999955   -0.00950545       1.94008    0.00240541    0.00950608      0.999952     -0.109699
     0.999999   0.000376725   -0.00118251       2.00962  -0.000385893       0.99997   -0.00776192       1.95093    0.00117955    0.00776237      0.999969     -0.150563
     0.999999   0.000483218   -0.00162306       1.99781  -0.000497806      0.999959   -0.00899968        1.9802    0.00161865    0.00900048      0.999958     -0.121781
     0.999998   0.000522733   -0.00181459       1.98703  -0.000539356      0.999958    -0.0091725       1.94896    0.00180972    0.00917346      0.999956     -0.137296
     0.999999   0.000447404   -0.00165309       1.99163  -0.000462738      0.999957    -0.0092874       1.93632    0.00164886    0.00928815      0.999956     -0.134144
     0.999998   0.000462294   -0.00182635       1.97597  -0.000479134      0.999957   -0.00923105       1.93168      0.001822    0.00923191      0.999956      -0.11296
     0.999998   0.000411755   -0.00186152       1.97467  -0.000430037      0.999952   -0.00983112       1.93974    0.00185738    0.00983191       0.99995    -0.0798843
     0.999999   0.000345257   -0.00168366       1.97887  -0.000361046      0.999956   -0.00938666       1.92968    0.00168034    0.00938725      0.999955      -0.10448
     0.999998    0.00033522    -0.0017709       1.97958  -0.000351534      0.999957   -0.00922025        1.9629    0.00176773    0.00922086      0.999956    -0.0998653
     0.999998   0.000365793   -0.00202977       1.97465   -0.00038497      0.999955   -0.00945521       1.95924    0.00202622    0.00945597      0.999953     -0.110758
     0.999999   0.000391784   -0.00162977       1.97948  -0.000407918      0.999951   -0.00991113        1.9458    0.00162581    0.00991178       0.99995    -0.0694011
     0.999998   0.000187752   -0.00187447       1.96666  -0.000206164      0.999952   -0.00982688       1.89799    0.00187253    0.00982725       0.99995     -0.091646
     0.999998   0.000297652   -0.00186857        1.9643  -0.000314813      0.999958   -0.00919008       1.93774    0.00186576    0.00919065      0.999956     -0.101308
     0.999998   0.000357737   -0.00204928       1.96227  -0.000376782      0.999957   -0.00930049       1.97969    0.00204586    0.00930124      0.999955     -0.103153
     0.999998   0.000488633   -0.00215315       1.96655  -0.000509122      0.999955   -0.00952539       1.95467     0.0021484    0.00952646      0.999952     -0.107632
     0.999998   0.000392309   -0.00201254       1.96941   -0.00041207      0.999952   -0.00982805       1.94592    0.00200859    0.00982886       0.99995     -0.112282
     0.999998    0.00037739   -0.00190885       1.97279  -0.000395446      0.999955   -0.00946764       1.94618    0.00190519    0.00946838      0.999953    -0.0959617
     0.999998   0.000371255   -0.00189471       1.97902  -0.000389081      0.999956   -0.00941637       1.96574    0.00189113    0.00941709      0.999954     -0.104993
     0.999998   0.000292237   -0.00196753       1.97057  -0.000310941      0.999955   -0.00951253       1.94324    0.00196466    0.00951312      0.999953     -0.116284
     0.999998   0.000236368   -0.00193197       1.97373  -0.000254473      0.999956   -0.00937634       1.96218    0.00192967    0.00937682      0.999954     -0.100495
     0.999998   0.000366173   -0.00189899       1.96967  -0.000384002      0.999956   -0.00939674       1.95028    0.00189546    0.00939745      0.999954    -0.0794867
     0.999998   0.000402436    -0.0020438       1.96769  -0.000421474      0.999956   -0.00932345       1.95867    0.00203996     0.0093243      0.999954    -0.0866541
     0.999998   0.000542311   -0.00169596       1.97558  -0.000557737      0.999958   -0.00910822       1.97289    0.00169095    0.00910915      0.999957    -0.0888583
     0.999998   0.000432399   -0.00177486       1.97401  -0.000447546      0.999963   -0.00854253       1.97477    0.00177111    0.00854331      0.999962    -0.0996031
     0.999999   0.000356169   -0.00146846       1.98208  -0.000369268       0.99996   -0.00892948       1.97969    0.00146522    0.00893001      0.999959    -0.0493381
     0.999999   0.000203893   -0.00144224       1.98375   -0.00021627      0.999963   -0.00858706       1.94793    0.00144044    0.00858736      0.999962    -0.0675287
     0.999999   0.000408003   -0.00135199       1.99505  -0.000418783      0.999968     -0.007983       1.96309    0.00134869    0.00798356      0.999967     -0.114593
     0.999999   0.000463353   -0.00134241       2.00307  -0.000475456      0.999959   -0.00902912       1.97415    0.00133817    0.00902975      0.999958    -0.0627805
     0.999999   0.000542619   -0.00139064       1.99621  -0.000554549      0.999963   -0.00859272       1.93685    0.00138593    0.00859349      0.999962    -0.0847838
     0.999999   0.000663221   -0.00148812        1.9963  -0.000675934      0.999963   -0.00855853       1.95289    0.00148239    0.00855953      0.999962    -0.0971977
     0.999999   0.000555904   -0.00124341       2.00315  -0.000566892      0.999961   -0.00885414       1.95164    0.00123844    0.00885483       0.99996     -0.089596
     0.999999   0.000470961   -0.00159086       1.98781    -0.0004853      0.999959   -0.00902509       1.93435    0.00158655    0.00902585      0.999958    -0.0481966
     0.999999   0.000530331   -0.00141114       1.98701  -0.000542512      0.999962   -0.00864543       1.94387     0.0014065    0.00864618      0.999962    -0.0716098
     0.999999    0.00067792   -0.00147915       1.98394   -0.00069068      0.999962   -0.00864308       1.93559    0.00147324    0.00864409      0.999962    -0.0804461
     0.999999   0.000675377   -0.00142416       1.98433  -0.000687495      0.999963   -0.00852576       1.96327    0.00141835    0.00852672      0.999963    -0.0698382
     0.999999    0.00064286   -0.00150567       1.98496  -0.000656296       0.99996   -0.00894024       1.94446    0.00149986    0.00894121      0.999959    -0.0515936
     0.999998   0.000757995   -0.00173101       1.97577  -0.000772297      0.999965   -0.00827636       1.96262    0.00172468    0.00827768      0.999964    -0.0868726
     0.999998   0.000708244   -0.00164738       1.98323  -0.000721926      0.999965   -0.00831932        1.9551    0.00164143     0.0083205      0.999964    -0.0840707
     0.999999   0.000655039   -0.00148888       1.98449  -0.000667502      0.999965   -0.00838582       1.96245    0.00148334     0.0083868      0.999964     -0.076606
     0.999998   0.000746889   -0.00160705       1.98589  -0.000760011      0.999966   -0.00818051       1.96358    0.00160089    0.00818172      0.999965    -0.0854696
     0.999998   0.000640144   -0.00167903       1.97831  -0.000653997      0.999966   -0.00826285       1.97783    0.00167368    0.00826394      0.999964    -0.0742501
     0.999999   0.000561586    -0.0013242       1.98951  -0.000572604      0.999965   -0.00833502       1.96488    0.00131947    0.00833577      0.999964    -0.0621439
     0.999999   0.000486016    -0.0013017       1.98697  -0.000496437      0.999968   -0.00801731       1.96281    0.00129776    0.00801795      0.999967    -0.0800967
     0.999999   0.000566483   -0.00151165       1.98515  -0.000578915      0.999966   -0.00823673       1.96458    0.00150693     0.0082376      0.999965    -0.0621829
     0.999999   0.000612097   -0.00152816       1.98784  -0.000624681      0.999966   -0.00824788        1.9641    0.00152306    0.00824882      0.999965    -0.0741442
     0.999999   0.000617765   -0.00146668       1.99206  -0.000629539      0.999967    -0.0080406       1.97491    0.00146167    0.00804152      0.999967    -0.0877306
     0.999999   0.000562319   -0.00150637       1.98859   -0.00057501      0.999964   -0.00843751        1.9635    0.00150157    0.00843836      0.999963    -0.0661145
     0.999998   0.000643689    -0.0017258       1.98042  -0.000657456      0.999968   -0.00798859        1.9668     0.0017206    0.00798971      0.999967    -0.0726844
     0.999998   0.000705672   -0.00158828       1.98316  -0.000719521      0.999962   -0.00873574       1.96111    0.00158205    0.00873687      0.999961    -0.0343898
     0.999999   0.000700712   -0.00147723       1.98735  -0.000712276      0.999969   -0.00784218       1.96354    0.00147169    0.00784322      0.999968     -0.066563
     0.999999   0.000441312   -0.00126384       1.98798  -0.000451335      0.999968    -0.0079416       1.96263     0.0012603    0.00794217      0.999968    -0.0607757
            1   0.000209344     -0.000767       2.00477  -0.000214513      0.999977   -0.00674538       1.99142    0.00076557    0.00674554      0.999977     -0.039198
     0.999999   0.000494124   -0.00122467       1.99686  -0.000503978      0.999967   -0.00805919       2.00116    0.00122065     0.0080598      0.999967    -0.0476318
     0.999999   0.000500412    -0.0010977       2.00138  -0.000508751      0.999971   -0.00760982       1.97994    0.00109386    0.00761037       0.99997    -0.0690617
     0.999999   0.000599502   -0.00129137       1.99573   -0.00060985      0.999968   -0.00802788       1.99387    0.00128651    0.00802866      0.999967    -0.0751629
     0.999999   0.000572716   -0.00152844       1.98534  -0.000585582      0.999964   -0.00843049       1.98541    0.00152356    0.00843137      0.999963     -0.032832
     0.999998   0.000699737   -0.00160101       1.98769  -0.000712835      0.999966   -0.00819493       1.99393    0.00159522    0.00819606      0.999965    -0.0652204
     0.999998    0.00081391   -0.00170166        1.9826  -0.000828112      0.999965   -0.00836177       1.97699     0.0016948    0.00836317      0.999964    -0.0471063
     0.999999   0.000677271    -0.0015257       1.98289  -0.000689257      0.999969   -0.00786902       1.97718    0.00152032    0.00787006      0.999968    -0.0691428
     0.999998   0.000721331   -0.00161695       1.98246  -0.000735691       0.99996   -0.00889807       1.98664    0.00161047    0.00889924      0.999959    -0.0342037
     0.999999   0.000816478   -0.00146715       1.98938  -0.000828376      0.999967   -0.00812725       1.97013    0.00146047    0.00812845      0.999966    -0.0466934
     0.999999   0.000789385   -0.00145153        1.9925  -0.000800881      0.999968   -0.00793628       1.97203    0.00144522    0.00793744      0.999967    -0.0647755
     0.999999   0.000656269   -0.00153901       1.98379  -0.000667909      0.999971   -0.00757542       1.99872    0.00153399    0.00757644       0.99997    -0.0724315
     0.999999   0.000758929   -0.00150515       1.98302  -0.000771153      0.999967   -0.00813742       2.00824    0.00149892    0.00813857      0.999966    -0.0528671
     0.999999   0.000792035   -0.00141207       1.98993   -0.00080356      0.999966   -0.00818021       1.96677    0.00140554    0.00818134      0.999966    -0.0427212
     0.999999   0.000713729   -0.00135741       1.98244  -0.000724338      0.999969   -0.00783127       1.96709    0.00135178    0.00783224      0.999968    -0.0628087
     0.999999   0.000713167   -0.00131802        1.9862  -0.000723482      0.999969   -0.00784181       1.98828    0.00131239    0.00784276      0.999968    -0.0424271
     0.999999   0.000707316   -0.00137009       1.98416  -0.000718229      0.999968   -0.00798144       1.97048    0.00136441    0.00798241      0.999967    -0.0365062
     0.999999   0.000629281   -0.00143275       1.98181  -0.000640782      0.999967   -0.00804069       1.99135    0.00142764     0.0080416      0.999967    -0.0416357
     0.999999   0.000620859   -0.00125301       1.98715  -0.000631515      0.999963   -0.00852148       1.95408    0.00124768    0.00852226      0.999963     -0.039545
     0.999999   0.000544183   -0.00133628       1.98529  -0.000554604      0.999969   -0.00781059       1.95837    0.00133198    0.00781132      0.999969     -0.057433
     0.999999   0.000535699   -0.00126125       1.99007  -0.000545972      0.999967   -0.00815917       1.96246    0.00125683    0.00815985      0.999966    -0.0177074
     0.999999   0.000607024   -0.00140335       1.98612  -0.000617995      0.999969   -0.00783088       1.98639    0.00139855    0.00783174      0.999968    -0.0395634
     0.999999   0.000615962   -0.00131525       1.98671  -0.000627005      0.999964    -0.0084119       1.96113    0.00131002    0.00841271      0.999964    -0.0234408
     0.999999   0.000488157    -0.0012743       1.99223  -0.000498349      0.999968   -0.00801041       1.96546    0.00127035    0.00801103      0.999967    -0.0512552
     0.999999   0.000529987   -0.00131748       1.99129  -0.000541072      0.999964   -0.00842761       1.96365    0.00131297    0.00842831      0.999964    -0.0451872
     0.999999   0.000479815   -0.00150377       1.97967   -0.00049167      0.999969   -0.00789311       1.97651    0.00149994    0.00789384      0.999968    -0.0375143
     0.999999   0.000550264   -0.00127483       1.98262  -0.000560908      0.999965    -0.0083638       1.96451    0.00127019     0.0083645      0.999964    -0.0262635
     0.999999    0.00056437   -0.00132961       1.98515  -0.000574848      0.999969   -0.00789337        1.9571    0.00132512    0.00789412      0.999968    -0.0433368
     0.999999   0.000629284   -0.00146145       1.98782  -0.000641111      0.999967   -0.00810627       1.96095     0.0014563     0.0081072      0.999966    -0.0327192
     0.999999    0.00071216   -0.00132262       1.98988  -0.000723505      0.999963   -0.00859732       1.99728    0.00131644    0.00859826      0.999962    -0.0314901
     0.999999   0.000550535   -0.00148953       1.97789  -0.000563183      0.999964   -0.00850476       1.95262    0.00148479    0.00850559      0.999963    -0.0294111
     0.999999   0.000428358   -0.00114337       1.98213  -0.000437423      0.999968   -0.00793987       1.96233    0.00113993    0.00794036      0.999968    -0.0212243
     0.999999   0.000508394   -0.00121219       1.97775  -0.000518402      0.999966   -0.00827093        1.9476    0.00120794    0.00827155      0.999965   -0.00887522
     0.999999   0.000580897   -0.00136226       1.97689  -0.000592275      0.999965   -0.00836729       1.95616    0.00135735    0.00836809      0.999964   -0.00300358
     0.999999   0.000671108   -0.00149029       1.98275  -0.000683484      0.999965   -0.00831897        1.9655    0.00148465    0.00831998      0.999964     -0.035207
     0.999999   0.000519315    -0.0014033       1.98089  -0.000530614      0.999967   -0.00806341       1.98302    0.00139907    0.00806415      0.999967    -0.0462379
     0.999999   0.000507557   -0.00137893       1.97689  -0.000518824      0.999966   -0.00818308       1.98268    0.00137473    0.00818378      0.999966    -0.0260776
     0.999999   0.000596251   -0.00140435       1.98182  -0.000607991      0.999965   -0.00837447       1.97712    0.00139931    0.00837531      0.999964    -0.0303838
     0.999998   0.000635684    -0.0017964       1.97015  -0.000650686      0.999965   -0.00836331        1.9825    0.00179102    0.00836447      0.999963     -0.025185
     0.999998   0.000719765   -0.00161437       1.97928  -0.000733257      0.999965   -0.00837231       1.96359    0.00160829    0.00837348      0.999964    -0.0134238
     0.999999   0.000657086   -0.00138577       1.98457  -0.000668048      0.999968   -0.00792512        1.9848    0.00138051    0.00792604      0.999968   -0.00113354
     0.999999   0.000529274   -0.00142313       1.98202   -0.00054049      0.999969    -0.0078926       1.98057    0.00141891    0.00789336      0.999968   0.000533809
     0.999999   0.000651609   -0.00154925       1.98232  -0.000664343      0.999966   -0.00823331       1.96957    0.00154384    0.00823433      0.999965    0.00209195
     0.999999   0.000610541   -0.00139378         1.983  -0.000622107      0.999965   -0.00831321       1.98514    0.00138866    0.00831406      0.999964    0.00473203
     0.999999   0.000600258   -0.00144596       1.98495  -0.000612369      0.999965   -0.00838988       1.95022    0.00144087    0.00839075      0.999964    0.00870655
     0.999999   0.000620826   -0.00141378       1.98141  -0.000631921      0.999969   -0.00786131        1.9806    0.00140885    0.00786219      0.999968    -0.0192092
