# 3dvolreg matrices (DICOM-to-DICOM, row-by-row):
     0.999991     0.0038232   -0.00201456       1.44934    -0.0038203      0.999992    0.00144128       1.40342    0.00202006   -0.00143358      0.999997      0.140512
      0.99999    0.00387221   -0.00206071       1.44868   -0.00386956      0.999992    0.00129091        1.3979    0.00206569   -0.00128293      0.999997      0.141851
     0.999991    0.00375414   -0.00202029       1.45163   -0.00375136      0.999992    0.00137608       1.39492    0.00202544   -0.00136849      0.999997      0.146219
     0.999991     0.0037524   -0.00207064       1.45399   -0.00374956      0.999992    0.00137494       1.41798    0.00207579   -0.00136716      0.999997      0.142129
     0.999991    0.00370167   -0.00204726       1.44463   -0.00369838      0.999992    0.00160422       1.39496    0.00205318   -0.00159663      0.999997      0.124047
     0.999991    0.00378674   -0.00206937       1.44405    -0.0037841      0.999992    0.00127604       1.38645    0.00207419    -0.0012682      0.999997      0.161842
     0.999991    0.00374361   -0.00197127       1.45531   -0.00374107      0.999992    0.00129434       1.40143     0.0019761   -0.00128695      0.999997      0.154248
     0.999991    0.00378032   -0.00210243        1.4559   -0.00377696      0.999992    0.00160073       1.38362    0.00210847   -0.00159277      0.999997      0.129005
     0.999991    0.00377262   -0.00209989       1.45255   -0.00376941      0.999992    0.00153104       1.39152    0.00210565   -0.00152311      0.999997      0.149095
      0.99999    0.00380277   -0.00220653       1.44854    -0.0038002      0.999992    0.00116525       1.39404    0.00221094   -0.00115686      0.999997      0.168446
     0.999992    0.00367183    -0.0017705       1.46107   -0.00366899      0.999992    0.00160486       1.39158    0.00177637   -0.00159835      0.999997      0.146754
     0.999991    0.00369406   -0.00208293       1.44861   -0.00368997      0.999991      0.001962       1.39194    0.00209016    -0.0019543      0.999996      0.142704
     0.999991    0.00371312   -0.00184753       1.45128   -0.00371072      0.999992    0.00130338       1.39087    0.00185236   -0.00129651      0.999997        0.1666
     0.999991    0.00369303   -0.00186219       1.45131   -0.00369058      0.999992     0.0013196       1.39982    0.00186705   -0.00131272      0.999997       0.16427
     0.999992    0.00358493    -0.0014896       1.45009   -0.00358244      0.999992    0.00167049       1.39996    0.00149558   -0.00166514      0.999997      0.149991
      0.99999    0.00392328   -0.00207897       1.44894    -0.0039202      0.999991    0.00148613       1.38868    0.00208478   -0.00147797      0.999997      0.159386
      0.99999    0.00386768   -0.00207047       1.44855   -0.00386533      0.999992    0.00113462       1.41677    0.00207484   -0.00112661      0.999997      0.158592
     0.999991    0.00388507   -0.00193374        1.4524   -0.00388253      0.999992    0.00131588       1.40633    0.00193884   -0.00130836      0.999997       0.13179
     0.999991    0.00360292   -0.00205736       1.45628   -0.00359962      0.999992    0.00160546       1.40182    0.00206312   -0.00159804      0.999997      0.150551
     0.999993    0.00353858    -0.0015406       1.47784   -0.00353748      0.999993   0.000711726       1.51459    0.00154311  -0.000706271      0.999999       0.12091
     0.999991    0.00374925   -0.00203281       1.46213   -0.00374612      0.999992    0.00154124       1.38159    0.00203857   -0.00153361      0.999997      0.142388
     0.999994    0.00313696    -0.0013692       1.47042   -0.00313274       0.99999    0.00307178        1.4267    0.00137883   -0.00306748      0.999994      0.160304
     0.999994    0.00316576   -0.00124142       1.47632   -0.00316326      0.999993    0.00201797       1.44423     0.0012478   -0.00201403      0.999997      0.173187
     0.999995    0.00310374   -0.00115292       1.47509   -0.00310056      0.999991    0.00274486       1.45963    0.00116143   -0.00274127      0.999996      0.150307
     0.999995    0.00302082  -0.000965971       1.48159   -0.00301831      0.999992    0.00258292       1.46529   0.000973766   -0.00257999      0.999996      0.158665
     0.999994    0.00310877   -0.00123725       1.47959   -0.00310609      0.999993    0.00216218       1.47289    0.00124396   -0.00215832      0.999997       0.12616
     0.999995    0.00300647   -0.00103195       1.47393   -0.00300407      0.999993    0.00232638       1.45664    0.00103894   -0.00232327      0.999997      0.151907
     0.999995    0.00304529   -0.00102736       1.47935   -0.00304327      0.999993    0.00196498       1.43314    0.00103333   -0.00196184      0.999998      0.181357
     0.999994    0.00307278   -0.00143234       1.46388    -0.0030699      0.999993    0.00201247        1.4604    0.00143851   -0.00200806      0.999997      0.174043
     0.999995    0.00302398    -0.0011594       1.46836    -0.0030219      0.999994    0.00179113       1.41989    0.00116481   -0.00178762      0.999998        0.2099
     0.999996    0.00270999   -0.00119516       1.47249   -0.00270687      0.999993    0.00260582       1.41743    0.00120222   -0.00260258      0.999996      0.200938
     0.999994    0.00301964   -0.00166977       1.47345   -0.00301692      0.999994    0.00163135       1.46676    0.00167469    -0.0016263      0.999997      0.193056
     0.999995    0.00302362   -0.00130036       1.48831   -0.00302112      0.999994    0.00192228       1.46643    0.00130616   -0.00191834      0.999997      0.129779
     0.999994    0.00293432    -0.0016188       1.48868   -0.00293165      0.999994    0.00164509        1.4767    0.00162362   -0.00164033      0.999997      0.145331
     0.999994    0.00294801   -0.00180519       1.46858   -0.00294559      0.999995    0.00134315       1.40497    0.00180914   -0.00133782      0.999997      0.179355
     0.999994    0.00292349    -0.0019479       1.46559   -0.00291836      0.999992    0.00262778       1.42044    0.00195556   -0.00262208      0.999995      0.148677
     0.999993    0.00322449   -0.00184933       1.46684   -0.00322024      0.999992    0.00229378       1.46313    0.00185671   -0.00228781      0.999996      0.183691
     0.999994    0.00310292   -0.00131415       1.47657   -0.00309984      0.999992    0.00233648        1.4408    0.00132139   -0.00233239      0.999996       0.14654
     0.999994    0.00305534   -0.00143652       1.47358   -0.00305158      0.999992    0.00261118       1.44917    0.00144448   -0.00260678      0.999996      0.136351
     0.999994    0.00307189   -0.00132314       1.47871   -0.00306891      0.999993    0.00224323       1.47319    0.00133002   -0.00223916      0.999997      0.171513
     0.999994     0.0030929    -0.0014038       1.48178   -0.00308961      0.999992    0.00234249       1.46689    0.00141103   -0.00233814      0.999996      0.157651
     0.999995    0.00301166   -0.00127061       1.48131   -0.00300832      0.999992    0.00262535       1.47001    0.00127851   -0.00262152      0.999996      0.147397
     0.999994    0.00309682   -0.00145602       1.47823   -0.00309342      0.999993     0.0023286       1.46868    0.00146322   -0.00232409      0.999996      0.164802
     0.999994    0.00309585   -0.00142327       1.48235   -0.00309267      0.999993    0.00222899       1.45528    0.00143016   -0.00222457      0.999997      0.157893
     0.999994    0.00302332   -0.00156912       1.47661   -0.00301923      0.999992    0.00260184       1.46798    0.00157698   -0.00259709      0.999995      0.145193
     0.999994    0.00296963    -0.0014925       1.48297   -0.00296511      0.999991    0.00302138       1.48456    0.00150146   -0.00301694      0.999994      0.173515
     0.999994    0.00310593   -0.00179362       1.47628   -0.00310151      0.999992    0.00246143       1.47634    0.00180125   -0.00245585      0.999995      0.182904
     0.999995    0.00295739   -0.00141908       1.49192   -0.00295337      0.999992    0.00283041       1.45337    0.00142744    -0.0028262      0.999995      0.150271
     0.999994    0.00298982   -0.00167173       1.48099   -0.00298543      0.999992       0.00262        1.4663    0.00167956   -0.00261499      0.999995      0.163302
     0.999995    0.00292684   -0.00150337       1.47984   -0.00292293      0.999992     0.0025977       1.47004    0.00151096   -0.00259329      0.999995      0.162723
     0.999995    0.00288686   -0.00119321       1.48403   -0.00288356      0.999992    0.00276305       1.45356    0.00120118   -0.00275959      0.999995      0.152782
     0.999995    0.00294743   -0.00124903       1.48154   -0.00294488      0.999994    0.00203995        1.4513    0.00125503   -0.00203626      0.999997      0.200637
     0.999995    0.00299587   -0.00130851       1.48638   -0.00299273      0.999993    0.00239334       1.44073    0.00131567   -0.00238941      0.999996      0.154308
     0.999995     0.0027564   -0.00125633       1.47775    -0.0027532      0.999993    0.00254284       1.44094    0.00126333   -0.00253937      0.999996      0.136274
     0.999993    0.00319622   -0.00182643       1.48032   -0.00319282      0.999993    0.00185863       1.49902    0.00183236   -0.00185278      0.999997      0.139957
     0.999995    0.00299689    -0.0012572       1.48978   -0.00299443      0.999994    0.00195493       1.41265    0.00126305   -0.00195115      0.999997      0.170501
     0.999995    0.00296909   -0.00121661       1.49036   -0.00296646      0.999993     0.0021592       1.42498    0.00122301   -0.00215558      0.999997       0.16567
     0.999995    0.00294786   -0.00139182       1.47986   -0.00294481      0.999993    0.00218615       1.42523    0.00139825   -0.00218204      0.999997      0.165592
     0.999994    0.00309553   -0.00146782       1.47547   -0.00309233      0.999993    0.00217807       1.45168    0.00147455   -0.00217351      0.999997      0.157942
     0.999994    0.00309999   -0.00142305       1.48166   -0.00309677      0.999993    0.00225534       1.43865    0.00143004   -0.00225092      0.999996      0.135493
     0.999994    0.00313389   -0.00136996       1.48542     -0.003131      0.999993    0.00210466       1.42548    0.00137654   -0.00210036      0.999997       0.14237
     0.999993    0.00320858   -0.00180266       1.47318    -0.0032042      0.999992    0.00242379       1.45998    0.00181042   -0.00241799      0.999995      0.145614
     0.999994    0.00324222   -0.00147261       1.48093   -0.00323913      0.999993    0.00209603       1.45336    0.00147939   -0.00209124      0.999997      0.154753
     0.999994    0.00314089   -0.00114497       1.48577   -0.00313805      0.999992    0.00247487       1.43311    0.00115273   -0.00247127      0.999996      0.147589
     0.999995    0.00297657   -0.00132974       1.48168   -0.00297239      0.999991     0.0031343       1.48507    0.00133905   -0.00313033      0.999994      0.120399
     0.999995    0.00299881   -0.00131584       1.48425   -0.00299578      0.999993    0.00230136       1.45993    0.00132274   -0.00229741      0.999996      0.171331
     0.999994    0.00308579   -0.00146987       1.47614   -0.00308206      0.999992    0.00253216       1.46949    0.00147768   -0.00252762      0.999996      0.142909
     0.999994     0.0031214   -0.00132679       1.47904   -0.00311852      0.999993    0.00216371       1.44182    0.00133353   -0.00215956      0.999997      0.164441
     0.999994    0.00314202   -0.00136606       1.47799   -0.00313868      0.999992    0.00244017       1.45562    0.00137372   -0.00243587      0.999996      0.129965
     0.999994    0.00316832   -0.00135998       1.47903   -0.00316517      0.999992    0.00231186       1.45953    0.00136729   -0.00230754      0.999996      0.165037
     0.999993    0.00332931   -0.00155421         1.477   -0.00332592      0.999992    0.00217929       1.45049    0.00156146   -0.00217411      0.999996      0.141295
     0.999994    0.00324902   -0.00153258       1.48275   -0.00324546      0.999992    0.00232069       1.46533    0.00154011    -0.0023157      0.999996       0.13815
     0.999994    0.00306233   -0.00128511       1.48323    -0.0030586      0.999991    0.00289044        1.4723    0.00129395   -0.00288649      0.999995      0.168988
     0.999992    0.00347938   -0.00192072       1.46714   -0.00347512      0.999992    0.00221678        1.4941    0.00192842   -0.00221009      0.999996      0.141291
     0.999992    0.00334831   -0.00198112       1.46631   -0.00334624      0.999994    0.00104881       1.45097    0.00198462   -0.00104217      0.999997      0.139229
     0.999993    0.00327264   -0.00188164       1.46709     -0.003269      0.999993    0.00193451        1.4618    0.00188796   -0.00192835      0.999996       0.10506
     0.999992    0.00344734   -0.00202404       1.46679   -0.00344325      0.999992    0.00202358       1.48669      0.002031    -0.0020166      0.999996       0.10801
     0.999992    0.00350119   -0.00211344       1.46484   -0.00349785      0.999993    0.00158469       1.48492    0.00211897   -0.00157728      0.999997     0.0872619
     0.999992    0.00350827   -0.00198552       1.47045   -0.00350557      0.999993    0.00136453       1.46156     0.0019903   -0.00135756      0.999997     0.0855076
     0.999992    0.00335749   -0.00223011       1.45618   -0.00335211      0.999991    0.00241268       1.45279    0.00223819   -0.00240518      0.999995      0.127015
     0.999991    0.00357026   -0.00216239       1.45787   -0.00356765      0.999993    0.00121026       1.45921    0.00216669   -0.00120253      0.999997      0.159365
     0.999991    0.00352144   -0.00231651       1.45525   -0.00351654      0.999992    0.00211405       1.44334    0.00232394   -0.00210589      0.999995      0.128686
     0.999991    0.00364637   -0.00212093       1.46111   -0.00364232      0.999992    0.00190736       1.44242    0.00212787   -0.00189961      0.999996      0.145917
     0.999992    0.00349778   -0.00211402       1.45707   -0.00349287      0.999991    0.00231983       1.44103    0.00212212   -0.00231242      0.999995      0.129038
     0.999991    0.00354967   -0.00221284       1.45688    -0.0035454      0.999992     0.0019317       1.47851    0.00221968   -0.00192384      0.999996      0.146532
     0.999992    0.00343934   -0.00199202       1.46069   -0.00343654      0.999993    0.00140693        1.4396    0.00199685   -0.00140007      0.999997      0.165195
     0.999992    0.00343115   -0.00192388       1.46396   -0.00342688      0.999992    0.00221908       1.44475    0.00193148   -0.00221247      0.999996      0.139233
     0.999993    0.00329825   -0.00177103       1.45338   -0.00329502      0.999993     0.0018248       1.42279    0.00177703   -0.00181895      0.999997      0.161805
     0.999992    0.00348999    -0.0021662       1.45721   -0.00348648      0.999993     0.0016248       1.44415    0.00217186   -0.00161723      0.999996        0.1424
     0.999992     0.0034333   -0.00209369       1.46054   -0.00342896      0.999992    0.00207487       1.45011    0.00210079   -0.00206767      0.999996      0.113651
     0.999753      0.021469   -0.00576333       1.56431    -0.0214973      0.999757   -0.00488928       1.02097    0.00565696    0.00501197      0.999971      0.509901
      0.99987     0.0157742   -0.00346939       1.59648    -0.0157795      0.999874   -0.00151708       1.29819    0.00344503    0.00157163      0.999993      0.341453
     0.999876      0.015367   -0.00352395       1.58086     -0.015374       0.99988   -0.00198977       1.23381    0.00349295     0.0020437      0.999992       0.31271
     0.999881     0.0151356   -0.00299601       1.60845    -0.0151425      0.999883   -0.00229759       1.24869    0.00296088    0.00234268      0.999993      0.338751
     0.999892     0.0144146   -0.00275426       1.61535    -0.0144217      0.999893   -0.00259821       1.23989    0.00271651    0.00263765      0.999993      0.349968
     0.999903     0.0136535   -0.00256606       1.62327    -0.0136601      0.999903   -0.00257384       1.21597    0.00253067    0.00260865      0.999993      0.373078
     0.999902     0.0137073    -0.0026905       1.61997    -0.0137137      0.999903   -0.00235711       1.20981    0.00265793    0.00239378      0.999994        0.3979
     0.999903     0.0137871   -0.00217611        1.6246    -0.0137938        0.9999   -0.00311532       1.22451    0.00213294    0.00314503      0.999993      0.377592
     0.999905     0.0136306   -0.00200345       1.62158    -0.0136358      0.999904   -0.00265327       1.21618    0.00196709    0.00268034      0.999994      0.352405
     0.999906     0.0135566   -0.00210985       1.60969    -0.0135616      0.999905   -0.00239282       1.21462    0.00207721    0.00242121      0.999995      0.352292
     0.999906     0.0135367   -0.00215727       1.61045    -0.0135417      0.999906   -0.00230428       1.25806    0.00212587    0.00233328      0.999995      0.367546
     0.999906     0.0135828   -0.00182472       1.62659    -0.0135867      0.999905   -0.00211465       1.21806    0.00179582    0.00213925      0.999996      0.343056
     0.999906     0.0135762   -0.00206831       1.61646    -0.0135801      0.999906    -0.0018686        1.2327    0.00204275    0.00189651      0.999996      0.312903
     0.999907     0.0135175   -0.00185898        1.6237    -0.0135214      0.999906   -0.00214346       1.25338    0.00182983     0.0021684      0.999996      0.333796
     0.999909     0.0133392   -0.00183167       1.61823    -0.0133429      0.999909   -0.00205195       1.25308    0.00180414     0.0020762      0.999996      0.324195
      0.99991     0.0132919   -0.00170646       1.61803    -0.0132951       0.99991   -0.00188409       1.22686    0.00168126     0.0019066      0.999997      0.312731
     0.999911     0.0132526    -0.0017912       1.61399    -0.0132568      0.999909   -0.00230295       1.24085    0.00176052    0.00232649      0.999996      0.343774
     0.999911     0.0132704   -0.00156401       1.62471    -0.0132738       0.99991   -0.00212827       1.23486    0.00153562    0.00214884      0.999997      0.336524
     0.999915     0.0129593   -0.00130238       1.62178    -0.0129623      0.999913   -0.00232251        1.2115    0.00127217     0.0023392      0.999996      0.361195
     0.999913     0.0130935   -0.00161425       1.61395    -0.0130971      0.999912    -0.0021933        1.2213    0.00158539    0.00221425      0.999996      0.360652
     0.999914     0.0130516   -0.00156468       1.61408    -0.0130547      0.999913    -0.0019904       1.24352    0.00153856    0.00201065      0.999997      0.365241
     0.999919     0.0126847   -0.00115619       1.61662    -0.0126873      0.999917    -0.0022314       1.22297    0.00112779    0.00224589      0.999997      0.406122
     0.999917     0.0128235   -0.00108154       1.62699    -0.0128259      0.999915   -0.00220657       1.24715    0.00105315    0.00222026      0.999997      0.387779
     0.999916     0.0129139  -0.000899033       1.63437    -0.0129156      0.999915   -0.00198772       1.25589   0.000873287    0.00199917      0.999998      0.385376
     0.999918     0.0127577   -0.00112787       1.62213    -0.0127599      0.999917   -0.00192879       1.23365    0.00110317    0.00194303      0.999998      0.355995
     0.999917     0.0128279    -0.0012613        1.6216    -0.0128299      0.999916   -0.00155755       1.26477    0.00124121     0.0015736      0.999998      0.347926
     0.999915      0.013004   -0.00125142       1.62591    -0.0130074      0.999912   -0.00271902       1.24162    0.00121595    0.00273506      0.999996      0.391629
     0.999916      0.012929   -0.00104574       1.63575    -0.0129312      0.999914   -0.00217155        1.2199    0.00101758    0.00218489      0.999997      0.360274
     0.999916     0.0128819   -0.00121116        1.6274    -0.0128839      0.999916   -0.00170777       1.22289    0.00118905    0.00172323      0.999998      0.361522
     0.999915     0.0130019   -0.00130121       1.62198    -0.0130043      0.999914   -0.00184324       1.25741    0.00127713    0.00186001      0.999997      0.361692
     0.999916     0.0129452   -0.00112059       1.62362    -0.0129481      0.999913      -0.00258       1.22987    0.00108709    0.00259429      0.999996       0.37533
     0.999917     0.0128621   -0.00109973       1.62334    -0.0128642      0.999915   -0.00190125       1.22406    0.00107518    0.00191523      0.999998      0.351734
     0.999918     0.0127609   -0.00136523       1.62492    -0.0127632      0.999917   -0.00167562       1.24698    0.00134374     0.0016929      0.999998      0.350246
     0.999918      0.012731   -0.00132382       1.62449    -0.0127345      0.999916   -0.00261263       1.21172    0.00129045    0.00262927      0.999996      0.385238
     0.999918     0.0127343   -0.00122579       1.62883    -0.0127369      0.999917   -0.00215305       1.20184    0.00119827    0.00216849      0.999997       0.35185
     0.999918     0.0127155   -0.00129278       1.62258    -0.0127181      0.999917   -0.00198466       1.22732    0.00126744    0.00200094      0.999997      0.352709
     0.999916     0.0128813   -0.00117772       1.62651    -0.0128838      0.999915   -0.00212495       1.22749    0.00115025    0.00213995      0.999997      0.348942
     0.999916     0.0129373   -0.00127048       1.62916    -0.0129401      0.999914   -0.00220564        1.2385    0.00124183     0.0022219      0.999997      0.337322
     0.999917     0.0128474   -0.00106853       1.63009    -0.0128496      0.999915   -0.00214843       1.24173    0.00104084    0.00216198      0.999997      0.350378
     0.999918     0.0127529   -0.00123345       1.61929    -0.0127552      0.999917   -0.00192216       1.23741    0.00120884    0.00193774      0.999997      0.340549
     0.999917     0.0128526   -0.00124004       1.62241    -0.0128555      0.999915   -0.00236212       1.23876    0.00120957    0.00237787      0.999996      0.361889
     0.999916     0.0128613   -0.00130385       1.61912    -0.0128644      0.999914   -0.00244405        1.2005     0.0012723    0.00246062      0.999996      0.340272
     0.999916     0.0129124   -0.00113211        1.6254    -0.0129148      0.999914   -0.00211085       1.20499    0.00110475     0.0021253      0.999997      0.319535
     0.999917     0.0128561   -0.00117795       1.62305    -0.0128589      0.999915   -0.00236225       1.23378    0.00114748     0.0023772      0.999997      0.344171
     0.999916     0.0128958   -0.00133253       1.62056    -0.0128983      0.999915   -0.00192126       1.25974    0.00130764    0.00193829      0.999997      0.321168
     0.999916     0.0128783   -0.00131474       1.61944    -0.0128814      0.999914    -0.0024377       1.23489    0.00128323    0.00245443      0.999996      0.339929
     0.999917     0.0128278   -0.00116036       1.62855    -0.0128304      0.999915   -0.00228458       1.23156    0.00113095    0.00229928      0.999997      0.342754
     0.999918     0.0127384   -0.00132593       1.62133    -0.0127406      0.999917   -0.00164131       1.25803    0.00130491    0.00165807      0.999998      0.321495
     0.999918     0.0127416   -0.00111059       1.62249    -0.0127443      0.999916   -0.00246723        1.2619    0.00107906    0.00248119      0.999996      0.361762
     0.999918     0.0128041  -0.000977125       1.63031    -0.0128062      0.999916   -0.00219673       1.24181   0.000948916    0.00220906      0.999997      0.334462
     0.999918     0.0127382   -0.00100541       1.62939    -0.0127407      0.999916   -0.00244409       1.23671   0.000974195     0.0024567      0.999997      0.367318
     0.999918     0.0127096   -0.00130394       1.61812    -0.0127121      0.999917   -0.00189348       1.25606    0.00127976     0.0019099      0.999997      0.341372
     0.999916     0.0128618   -0.00129763       1.62568    -0.0128651      0.999914    -0.0026195       1.23775    0.00126382    0.00263598      0.999996       0.36829
     0.999917     0.0128668    -0.0011056       1.63533     -0.012869      0.999915   -0.00201931        1.2461    0.00107953    0.00203337      0.999997      0.347732
     0.999918     0.0127609   -0.00124362       1.62389     -0.012763      0.999917   -0.00171697       1.23001     0.0012216     0.0017327      0.999998      0.317815
     0.999918     0.0127626   -0.00126785        1.6232    -0.0127656      0.999916   -0.00233914       1.23617    0.00123789    0.00235513      0.999996      0.356281
     0.999918     0.0127748   -0.00127509       1.62255    -0.0127774      0.999916   -0.00205705       1.24146     0.0012487    0.00207317      0.999997       0.34182
     0.999917     0.0128453   -0.00103724       1.62839    -0.0128475      0.999915   -0.00216726       1.24296    0.00100931     0.0021804      0.999997      0.353108
     0.999918     0.0127446   -0.00129896       1.61743    -0.0127468      0.999917   -0.00168188       1.23853    0.00127742     0.0016983      0.999998      0.323666
     0.999918     0.0127404   -0.00109669       1.62375    -0.0127427      0.999917   -0.00214536       1.24231    0.00106927    0.00215916      0.999997      0.353067
     0.999918     0.0127105   -0.00124752       1.62008    -0.0127124      0.999918   -0.00147182       1.28076    0.00122871    0.00148755      0.999998      0.331031
     0.999917     0.0128415  -0.000898463       1.62802    -0.0128432      0.999916   -0.00192492       1.25915   0.000873668     0.0019363      0.999998      0.360204
     0.999917     0.0128735  -0.000706748       1.62397    -0.0128745      0.999916   -0.00141376       1.25953   0.000688488    0.00142274      0.999999      0.346068
     0.999917      0.012875  -0.000944778       1.61745     -0.012877      0.999915   -0.00219766       1.25161   0.000916403    0.00220964      0.999997      0.350407
     0.999917     0.0128725   -0.00105409       1.61953     -0.012874      0.999916   -0.00148558       1.26583    0.00103488    0.00149902      0.999998      0.319342
     0.999916     0.0129062  -0.000966429       1.62343    -0.0129086      0.999913   -0.00253088       1.25216   0.000933682    0.00254314      0.999996      0.340943
     0.999916     0.0129138  -0.000974543       1.62475    -0.0129157      0.999915   -0.00188325       1.24971    0.00095014    0.00189568      0.999998      0.311695
     0.999918     0.0127739  -0.000774283       1.62959    -0.0127755      0.999916   -0.00204573       1.26725   0.000748086    0.00205546      0.999998      0.323718
     0.999919     0.0126739   -0.00091544        1.6216    -0.0126751      0.999919   -0.00123191       1.25905   0.000899753    0.00124342      0.999999      0.322104
     0.999918     0.0128096  -0.000934518       1.62928    -0.0128117      0.999915   -0.00224919       1.27202   0.000905628    0.00226098      0.999997      0.342667
     0.999922     0.0124885   -0.00069439       1.64887    -0.0124904      0.999918   -0.00275756       1.24449   0.000659895    0.00276601      0.999996      0.300131
     0.999924     0.0123034  -0.000464506        1.6429    -0.0123049      0.999919   -0.00330149       1.21079   0.000423849    0.00330696      0.999994      0.336208
     0.999922     0.0124664  -0.000780391        1.6399    -0.0124683      0.999919   -0.00253824       1.21468   0.000748685    0.00254777      0.999996      0.351915
     0.999921     0.0125181  -0.000834032        1.6361    -0.0125201      0.999918   -0.00250846       1.24997   0.000802563    0.00251871      0.999997      0.304307
     0.999922     0.0124937  -0.000797501       1.64708    -0.0124959      0.999918   -0.00282367        1.2644   0.000762157    0.00283341      0.999996      0.284123
     0.999923     0.0124043  -0.000885061       1.64802    -0.0124067      0.999919   -0.00274238       1.22722   0.000850972    0.00275315      0.999996      0.258512
     0.999923     0.0123342   -0.00103214       1.64144    -0.0123372       0.99992   -0.00295972       1.23632   0.000995553    0.00297223      0.999995      0.277424
     0.999922     0.0124543   -0.00134356       1.63553    -0.0124584      0.999917   -0.00313639       1.25227    0.00130439    0.00315288      0.999994      0.268672
      0.99992     0.0125965   -0.00141892       1.63604    -0.0126013      0.999915   -0.00340028       1.24569    0.00137597    0.00341789      0.999993      0.301939
     0.999921     0.0125154    -0.0010538       1.63514    -0.0125182      0.999918   -0.00272271       1.25312    0.00101963    0.00273568      0.999996      0.254212
     0.999922     0.0123947   -0.00122494        1.6242    -0.0123983      0.999919   -0.00298995       1.24382    0.00118779     0.0030049      0.999995       0.27687
     0.999921     0.0125246   -0.00114398       1.63302    -0.0125283      0.999916   -0.00326067       1.25374    0.00110305    0.00327475      0.999994      0.259099
     0.999922     0.0124641   -0.00108566       1.63657    -0.0124672      0.999918   -0.00291698       1.24844    0.00104921    0.00293029      0.999995      0.247161
     0.999922     0.0124128   -0.00112588       1.63021    -0.0124161      0.999919   -0.00292446       1.27102    0.00108949    0.00293822      0.999995      0.262716
     0.999922     0.0124736   -0.00102294       1.63552    -0.0124765      0.999918   -0.00290637       1.26935   0.000986599     0.0029189      0.999995      0.252601
     0.999923     0.0123856   -0.00103793       1.63072    -0.0123885      0.999919   -0.00283262       1.23864    0.00100276    0.00284526      0.999995      0.249952
     0.999923     0.0123446   -0.00123567       1.62287    -0.0123478       0.99992   -0.00262032        1.2478    0.00120322    0.00263538      0.999996      0.266928
     0.999924     0.0122654   -0.00111601       1.62868    -0.0122685      0.999921   -0.00287759       1.25905    0.00108063    0.00289106      0.999995      0.272977
     0.999924     0.0122903  -0.000943212       1.63874    -0.0122928      0.999921   -0.00264785       1.26142   0.000910595    0.00265924      0.999996      0.280662
     0.999924      0.012268  -0.000920922       1.63704    -0.0122705      0.999921   -0.00284686       1.23411   0.000885923    0.00285794      0.999996      0.300853
     0.999925     0.0121973  -0.000945219       1.62493    -0.0121999      0.999922   -0.00271637       1.24703   0.000912013     0.0027277      0.999996      0.288261
     0.999923     0.0123428  -0.000947068       1.64308    -0.0123453       0.99992   -0.00267798       1.25241   0.000913938    0.00268947      0.999996      0.277413
     0.999925     0.0122669   -0.00070412       1.64558    -0.0122684      0.999922   -0.00218959       1.25644   0.000677206    0.00219806      0.999997      0.300483
     0.999925     0.0122661  -0.000603003       1.64204    -0.0122677      0.999921   -0.00278988       1.24994   0.000568734    0.00279707      0.999996       0.30702
     0.999926     0.0121016  -0.000843416       1.63011     -0.012104      0.999923    -0.0028802       1.24404   0.000808496     0.0028902      0.999995       0.26873
     0.999926     0.0121556  -0.000539012       1.63853    -0.0121572      0.999922   -0.00294743       1.25196   0.000503142    0.00295377      0.999996      0.259435
     0.999925     0.0122546  -0.000763358       1.63481    -0.0122568      0.999921   -0.00294017       1.24394   0.000727267     0.0029493      0.999995      0.285839
     0.999925     0.0122193  -0.000837719       1.62849    -0.0122217      0.999921    -0.0029511       1.25118   0.000801592    0.00296112      0.999995      0.284209
     0.999926     0.0121606  -0.000717329       1.62981    -0.0121628      0.999921    -0.0031132       1.27695   0.000679414     0.0031217      0.999995      0.275622
     0.999926     0.0121127  -0.000612797       1.63386    -0.0121145      0.999922   -0.00304157       1.25709   0.000575907    0.00304877      0.999995      0.270957
     0.999926     0.0121836  -0.000677387       1.62627    -0.0121855      0.999922   -0.00276422       1.26631   0.000643656    0.00277227      0.999996      0.274928
     0.999926     0.0121382  -0.000662911       1.63329    -0.0121402      0.999922    -0.0029782       1.27859   0.000626709    0.00298603      0.999995      0.263085
     0.999927     0.0120681  -0.000598639       1.63178    -0.0120701      0.999921   -0.00347654       1.24985   0.000556636    0.00348351      0.999994      0.277504
     0.999928     0.0119641  -0.000612664       1.62949    -0.0119659      0.999924   -0.00288631       1.23068   0.000578085    0.00289343      0.999996      0.254116
     0.999928      0.011992  -0.000488319       1.63434    -0.0119933      0.999924   -0.00272947       1.24883   0.000455551    0.00273513      0.999996      0.280897
     0.999928      0.011983  -0.000528387       1.63961    -0.0119847      0.999923   -0.00319676       1.24831   0.000490039    0.00320286      0.999995       0.25991
     0.999928     0.0120115    -0.0006396       1.63871    -0.0120132      0.999924   -0.00283381       1.23819   0.000605513    0.00284129      0.999996      0.249366
     0.999927     0.0120352   -0.00058982       1.63818    -0.0120368      0.999924   -0.00265016       1.27394    0.00055788    0.00265707      0.999996      0.259875
     0.999929     0.0119256  -0.000565516       1.62885    -0.0119275      0.999923   -0.00352465       1.25478   0.000523438    0.00353114      0.999994      0.301244
     0.999929     0.0118701  -0.000513031       1.62777    -0.0118716      0.999925   -0.00308025       1.27853    0.00047643    0.00308612      0.999995      0.263878
      0.99993     0.0118367  -0.000436894       1.62923    -0.0118381      0.999924   -0.00329704       1.24075   0.000397835    0.00330198      0.999994      0.289002
     0.999928     0.0119693  -0.000608675         1.628    -0.0119708      0.999925   -0.00252148       1.24725   0.000578449    0.00252859      0.999997      0.258824
     0.999929     0.0118962  -0.000550983       1.62424     -0.011898      0.999923   -0.00338362       1.24958   0.000510689    0.00338993      0.999994      0.281572
      0.99993     0.0117846  -0.000406774       1.63214    -0.0117859      0.999925    -0.0033934       1.24646   0.000366754    0.00339795      0.999994      0.277952
     0.999931     0.0117361  -0.000390448       1.63419    -0.0117372      0.999927   -0.00296539       1.26085   0.000355617    0.00296976      0.999996      0.265134
     0.999931     0.0117715  -0.000369511       1.63363    -0.0117727      0.999925   -0.00339121       1.24091   0.000329564    0.00339533      0.999994      0.280533
     0.999931     0.0117494  -0.000481852       1.63236    -0.0117508      0.999927   -0.00296649       1.24117   0.000446962    0.00297195      0.999995      0.250743
     0.999931       0.01172  -0.000527918       1.63236    -0.0117217      0.999925   -0.00341885       1.24455    0.00048781     0.0034248      0.999994      0.283353
     0.999931     0.0117682  -0.000452863       1.63707    -0.0117695      0.999926    -0.0030201       1.23158   0.000417288    0.00302522      0.999995      0.254958
      0.99993     0.0118557  -0.000494697       1.63542     -0.011857      0.999926   -0.00262957       1.26266   0.000463485    0.00263525      0.999996       0.24213
     0.999931     0.0117604  -0.000564181       1.62945    -0.0117622      0.999925   -0.00331252       1.24184   0.000525182    0.00331893      0.999994      0.267952
     0.999929      0.011861  -0.000688654         1.625    -0.0118631      0.999925   -0.00311086         1.254   0.000651704    0.00311881      0.999995      0.257131
      0.99993     0.0118491  -0.000584352       1.63285    -0.0118511      0.999924   -0.00347277       1.26537   0.000543158    0.00347945      0.999994      0.267293
     0.999931     0.0117741  -0.000429418       1.62936    -0.0117756      0.999925   -0.00345136        1.2337   0.000388749    0.00345618      0.999994      0.265996
      0.99993     0.0117864  -0.000459549       1.62162    -0.0117876      0.999927   -0.00278501        1.2576    0.00042669    0.00279023      0.999996       0.27419
     0.999929      0.011909  -0.000578839       1.62534    -0.0119109      0.999923   -0.00343907       1.27848   0.000537839    0.00344572      0.999994      0.313912
     0.999927     0.0120888  -0.000627414       1.63108    -0.0120906      0.999923   -0.00290326       1.23991   0.000592268    0.00291063      0.999996      0.290312
     0.999927     0.0120589  -0.000561592       1.63126    -0.0120603      0.999924   -0.00246304       1.27731   0.000531848    0.00246963      0.999997      0.237531
      0.99993     0.0118259  -0.000404503         1.631     -0.011827      0.999926   -0.00281871       1.28013   0.000371139    0.00282329      0.999996      0.306188
     0.999928     0.0119784  -0.000511142       1.63172    -0.0119798      0.999924   -0.00283456       1.28232    0.00047715    0.00284048      0.999996      0.294012
     0.999928     0.0119705  -0.000501338       1.63022     -0.011972      0.999924    -0.0030491       1.26962     0.0004648    0.00305489      0.999995       0.29551
      0.99993     0.0117894  -0.000561304       1.63159    -0.0117911      0.999925   -0.00317003        1.2387   0.000523889    0.00317643      0.999995      0.275927
     0.999928     0.0120014  -0.000604407       1.63087    -0.0120032      0.999924   -0.00292232       1.25858   0.000569289    0.00292937      0.999996      0.283538
     0.999927     0.0120472  -0.000646354       1.63545    -0.0120495      0.999921   -0.00365786       1.25445   0.000602236    0.00366538      0.999993       0.29891
     0.999928     0.0120013  -0.000612087       1.63258     -0.012003      0.999924   -0.00298638       1.22659     0.0005762    0.00299351      0.999995      0.284667
     0.999928     0.0119432  -0.000665072       1.62557    -0.0119452      0.999924   -0.00297482       1.25796   0.000629492    0.00298255      0.999995      0.302648
     0.999929     0.0118897  -0.000654166       1.62627    -0.0118917      0.999925   -0.00306915       1.26746   0.000617626    0.00307672      0.999995      0.294966
     0.999927     0.0120578  -0.000684657       1.63051    -0.0120599      0.999922    -0.0030937       1.25964   0.000647301    0.00310173      0.999995      0.279962
     0.999928     0.0119519   -0.00067655       1.62675    -0.0119542      0.999923   -0.00338469       1.25167   0.000636044    0.00339254      0.999994      0.289822
     0.999928     0.0119451  -0.000862018       1.61974    -0.0119477      0.999924   -0.00307265       1.27354   0.000825249    0.00308273      0.999995      0.288701
     0.999928     0.0119886  -0.000776558        1.6231    -0.0119913      0.999921   -0.00364638       1.26919   0.000732782    0.00365543      0.999993      0.309034
     0.999928     0.0120097  -0.000753569       1.62789     -0.012012      0.999923   -0.00312329       1.27051   0.000716001    0.00313211      0.999995      0.286693
     0.999928     0.0119831  -0.000731164       1.62333     -0.011985      0.999925   -0.00263748       1.27755   0.000699504    0.00264606      0.999996      0.266986
     0.999929     0.0119309  -0.000615314       1.62378    -0.0119327      0.999924    -0.0031329       1.27168   0.000577889    0.00314002      0.999995       0.30096
     0.999929     0.0118928  -0.000694446        1.6178    -0.0118948      0.999925    -0.0030105       1.27074    0.00065859    0.00301854      0.999995      0.290618
      0.99993     0.0118332  -0.000558909       1.63564    -0.0118351      0.999924   -0.00349693       1.25665   0.000517487     0.0035033      0.999994      0.317346
      0.99993     0.0117876  -0.000594126       1.63119    -0.0117895      0.999925   -0.00321405       1.24968   0.000556196    0.00322083      0.999995      0.276274
