# 3dvolreg matrices (DICOM-to-DICOM, row-by-row):
     0.999991   -0.00309031   -0.00303133      -1.34894    0.00311986      0.999947    0.00979544      -1.32553     0.0030009   -0.00980481      0.999947      0.590776
     0.999992   -0.00290508   -0.00276514      -1.38402    0.00293483      0.999937     0.0108172       -1.4106    0.00273354    -0.0108253      0.999938      0.708559
     0.999992   -0.00292957   -0.00276291       -1.3714    0.00295661      0.999947    0.00983491      -1.34098    0.00273395     -0.009843      0.999948      0.584206
     0.999991   -0.00294883   -0.00288692      -1.38659     0.0029804      0.999935     0.0109959      -1.38506     0.0028543    -0.0110044      0.999935      0.653509
     0.999992   -0.00288949   -0.00266994      -1.38623    0.00291609      0.999946     0.0100127      -1.33625    0.00264086    -0.0100204      0.999946      0.587273
     0.999992   -0.00275171   -0.00280184      -1.38778    0.00278141      0.999939     0.0106506      -1.35566    0.00277236    -0.0106583      0.999939      0.648466
     0.999992   -0.00289081   -0.00278264      -1.37487    0.00291892      0.999944     0.0101513      -1.36394    0.00275314    -0.0101594      0.999945      0.635575
     0.999993   -0.00283627    -0.0026157      -1.39378    0.00286482      0.999936     0.0109737      -1.32383    0.00258441    -0.0109812      0.999936      0.659846
     0.999992   -0.00282501    -0.0027411      -1.38214    0.00285247      0.999945     0.0100648      -1.31311    0.00271251    -0.0100725      0.999946      0.598653
     0.999992   -0.00279304   -0.00274022      -1.39553    0.00282412      0.999931     0.0114049      -1.37554    0.00270817    -0.0114126      0.999931      0.725561
     0.999991   -0.00249306   -0.00339996      -1.36302    0.00252541      0.999951    0.00954212      -1.23624    0.00337601   -0.00955062      0.999949      0.540331
     0.999993   -0.00266942   -0.00270053      -1.39904     0.0027005      0.999929      0.011572      -1.42084    0.00266945    -0.0115792      0.999929      0.769334
     0.999992   -0.00283141   -0.00295971      -1.37427     0.0028613      0.999944     0.0101454      -1.25415    0.00293082    -0.0101538      0.999944       0.55818
     0.999993   -0.00264147   -0.00273288      -1.38562      0.002672      0.999933     0.0112286      -1.43281    0.00270304    -0.0112358      0.999933      0.775386
     0.999991   -0.00303239   -0.00306794      -1.36107    0.00306419      0.999941     0.0104151      -1.26858    0.00303617    -0.0104244      0.999941      0.543085
     0.999992   -0.00278452   -0.00281292      -1.38399    0.00281603      0.999933     0.0112618      -1.37477    0.00278138    -0.0112697      0.999933      0.703308
     0.999991   -0.00304632   -0.00286868      -1.37452    0.00307579      0.999942     0.0103282      -1.23283    0.00283705    -0.0103369      0.999943        0.4655
     0.999992   -0.00272995   -0.00296142      -1.38794    0.00276119       0.99994     0.0105938      -1.39268    0.00293233    -0.0106019      0.999939      0.693851
     0.999993     -0.002703   -0.00275268      -1.41292    0.00273325      0.999935     0.0110447      -1.36773    0.00272264    -0.0110522      0.999935      0.679005
     0.999992   -0.00289602   -0.00283444       -1.3846    0.00292437      0.999945     0.0100488      -1.28274    0.00280519     -0.010057      0.999945       0.53986
     0.999992   -0.00286689   -0.00293024      -1.39844    0.00289811      0.999938     0.0107072      -1.37898    0.00289937    -0.0107156      0.999938      0.715582
     0.999992   -0.00289595   -0.00284232      -1.39367    0.00292522      0.999942     0.0103489      -1.24055    0.00281218    -0.0103571      0.999942      0.525904
     0.999992   -0.00272791   -0.00301054      -1.39316    0.00276067      0.999936      0.010932      -1.36358    0.00298053    -0.0109402      0.999936      0.685739
     0.999991   -0.00293699     -0.002978      -1.38927    0.00296912      0.999937     0.0108452      -1.27589    0.00294596    -0.0108539      0.999937      0.590826
     0.999992   -0.00286296   -0.00294369      -1.38847    0.00289167      0.999948    0.00979534      -1.29313     0.0029155   -0.00980377      0.999948      0.597679
     0.999993   -0.00288986   -0.00257711      -1.40263    0.00291761      0.999937     0.0108315      -1.32998    0.00254565    -0.0108389      0.999938      0.613035
     0.999991   -0.00299836   -0.00307858      -1.36968    0.00302903      0.999945     0.0100076       -1.2544    0.00304841    -0.0100168      0.999945      0.525096
     0.999992   -0.00299091    -0.0027415      -1.38128    0.00301953       0.99994     0.0104953      -1.33391    0.00270994    -0.0105035      0.999941      0.610408
     0.999991   -0.00307771   -0.00286292      -1.38033    0.00310624      0.999945     0.0100147      -1.27866    0.00283194    -0.0100235      0.999946      0.530247
     0.999992   -0.00281272   -0.00276463      -1.40008    0.00284232      0.999938     0.0107653      -1.35121    0.00273417    -0.0107731      0.999938      0.661718
     0.999991   -0.00304631   -0.00308693      -1.36462    0.00307617      0.999948    0.00971752      -1.25206    0.00305716   -0.00972693      0.999948      0.468621
     0.999991   -0.00305477   -0.00278702      -1.38178    0.00308571      0.999933     0.0111635      -1.42819    0.00275273     -0.011172      0.999934      0.684749
     0.999991   -0.00305917   -0.00303883      -1.37648    0.00308978      0.999944     0.0101204      -1.24619     0.0030077    -0.0101297      0.999944      0.493101
     0.999992   -0.00289521   -0.00268521      -1.39923    0.00292337       0.99994     0.0105433      -1.38034    0.00265452    -0.0105511      0.999941      0.691578
     0.999992   -0.00291537   -0.00277837        -1.383    0.00294468      0.999939     0.0106051      -1.26438    0.00274728    -0.0106132       0.99994      0.543777
     0.999991   -0.00303972   -0.00294307      -1.37615    0.00306952      0.999943     0.0101775      -1.32927    0.00291196    -0.0101864      0.999944      0.627458
     0.999992     -0.003252   -0.00248545      -1.37992      0.003279      0.999935     0.0109378      -1.30603    0.00244972    -0.0109458      0.999937      0.642401
     0.999989   -0.00335267   -0.00312675      -1.35096    0.00338232      0.999949    0.00952527      -1.23926    0.00309465   -0.00953575       0.99995      0.513538
     0.999991   -0.00315888   -0.00283355      -1.37642    0.00319073      0.999931     0.0113093       -1.4031    0.00279763    -0.0113182      0.999932      0.723596
      0.99999   -0.00312441   -0.00320364      -1.37569    0.00315735      0.999942     0.0103302      -1.21758    0.00317118    -0.0103403      0.999942      0.508945
     0.999991   -0.00309593   -0.00283435      -1.38312    0.00312605      0.999938     0.0106869      -1.37606    0.00280109    -0.0106957      0.999939       0.71393
     0.999991   -0.00324898   -0.00266958      -1.38387    0.00327543      0.999945    0.00996528      -1.23802    0.00263706   -0.00997394      0.999947      0.512119
     0.999991   -0.00312793   -0.00285095      -1.39506     0.0031585      0.999937     0.0107798      -1.36042    0.00281705    -0.0107887      0.999938      0.679281
     0.999991   -0.00319615   -0.00272784      -1.38138    0.00322494      0.999938      0.010615      -1.24347    0.00269374    -0.0106237       0.99994      0.523321
      0.99999   -0.00320162   -0.00303445      -1.37285     0.0032345      0.999935     0.0108919      -1.37711    0.00299938    -0.0109016      0.999936      0.659487
      0.99999   -0.00320873   -0.00315527      -1.37728    0.00324349      0.999933     0.0110739      -1.26225    0.00311953     -0.011084      0.999934      0.590406
      0.99999   -0.00305977   -0.00316039      -1.37539    0.00309232      0.999942     0.0103463      -1.24465    0.00312855    -0.0103559      0.999941      0.621731
      0.99999    -0.0031772   -0.00306907      -1.38127    0.00321107      0.999933     0.0110941      -1.34651    0.00303362    -0.0111038      0.999934      0.661696
      0.99999   -0.00336197   -0.00295567      -1.37356    0.00339225      0.999941     0.0103011      -1.22194    0.00292086     -0.010311      0.999943      0.521642
     0.999991   -0.00308171   -0.00299138      -1.38481    0.00311474      0.999934     0.0111001      -1.33924    0.00295697    -0.0111093      0.999934       0.68062
      0.99999   -0.00327495   -0.00295995      -1.38012    0.00330744      0.999934      0.011037      -1.23514     0.0029236    -0.0110467      0.999935      0.553459
     0.999991   -0.00317279   -0.00265446      -1.38078    0.00319851      0.999947    0.00973896      -1.34336    0.00262342   -0.00974737      0.999949       0.59938
     0.999992    -0.0032077   -0.00258863      -1.40398     0.0032351      0.999938     0.0106497       -1.3441    0.00255431     -0.010658       0.99994      0.647353
      0.99999   -0.00336172   -0.00285675      -1.38006    0.00338921      0.999947    0.00967207      -1.24557    0.00282408   -0.00968166      0.999949      0.496886
     0.999992   -0.00320777   -0.00254765      -1.40728    0.00323594      0.999933     0.0111312      -1.39864    0.00251177    -0.0111393      0.999935      0.702486
      0.99999   -0.00347241   -0.00276312      -1.38579    0.00350004      0.999943     0.0100586      -1.18557    0.00272803    -0.0100682      0.999946      0.490168
     0.999991   -0.00324499   -0.00272838       -1.3854    0.00327322       0.99994     0.0104062      -1.35007    0.00269445     -0.010415      0.999942      0.693284
     0.999991   -0.00339203   -0.00260945       -1.3953    0.00341989      0.999936     0.0107504      -1.26893    0.00257282    -0.0107593      0.999939      0.593317
     0.999991   -0.00330889   -0.00280207      -1.38028    0.00333582      0.999948    0.00966107      -1.25417    0.00276995   -0.00967032      0.999949      0.573587
     0.999992   -0.00322773   -0.00255104      -1.40007    0.00325622      0.999931     0.0112432      -1.36303    0.00251457    -0.0112514      0.999934      0.665362
     0.999991    -0.0033877   -0.00270132       -1.3928      0.003415      0.999943     0.0101638      -1.27891    0.00266673     -0.010173      0.999945      0.576884
     0.999991   -0.00321633   -0.00264492      -1.40388    0.00324614       0.99993     0.0113448      -1.36746    0.00260825    -0.0113533      0.999932      0.702416
     0.999991   -0.00342148   -0.00259219      -1.39391    0.00344735      0.999944     0.0100425      -1.23494    0.00255768    -0.0100513      0.999946      0.533164
     0.999991   -0.00325386   -0.00271021      -1.40624    0.00328442       0.99993     0.0113481      -1.37199     0.0026731    -0.0113569      0.999932      0.729511
      0.99999   -0.00352377   -0.00262562      -1.40129    0.00355231      0.999934     0.0109461      -1.23772    0.00258688    -0.0109554      0.999937      0.591632
     0.999992   -0.00307033   -0.00274054      -1.39427    0.00309893       0.99994      0.010494      -1.31132    0.00270815    -0.0105024      0.999941      0.683691
     0.999991   -0.00334123   -0.00255935       -1.4023    0.00336936      0.999933     0.0110688      -1.29983    0.00252219    -0.0110773      0.999935      0.612571
     0.999991   -0.00344569   -0.00266517      -1.38895    0.00347299      0.999941     0.0103057      -1.30408    0.00262951    -0.0103149      0.999943      0.609251
     0.999991   -0.00339316   -0.00257994      -1.40153    0.00342095      0.999935     0.0108433      -1.33827    0.00254298     -0.010852      0.999938      0.664388
     0.999991   -0.00318431    -0.0026863      -1.39405    0.00321104      0.999945     0.0100079      -1.25135    0.00265428    -0.0100164      0.999946      0.596915
     0.999991   -0.00335646   -0.00264949      -1.40267     0.0033868      0.999928      0.011532      -1.34025    0.00261059    -0.0115409       0.99993      0.713566
      0.99999   -0.00340345   -0.00281629      -1.39028    0.00343174      0.999943     0.0101012      -1.19981    0.00278175    -0.0101108      0.999945      0.535673
     0.999991   -0.00324883   -0.00269274      -1.38272    0.00327875      0.999932     0.0111834      -1.34832    0.00265623    -0.0111921      0.999934      0.650908
      0.99999    -0.0035131   -0.00292922      -1.37797    0.00354489      0.999934     0.0109166       -1.2317    0.00289068    -0.0109269      0.999936      0.514082
     0.999991   -0.00332503   -0.00281448      -1.38132    0.00335402      0.999941      0.010361      -1.29919    0.00277987    -0.0103704      0.999942      0.598671
     0.999991    -0.0034406   -0.00265345      -1.38538    0.00347075      0.999929     0.0114409      -1.36278    0.00261389      -0.01145      0.999931      0.614008
      0.99999   -0.00348567   -0.00276729      -1.38907    0.00351389      0.999941     0.0102605      -1.22514    0.00273136    -0.0102701      0.999944      0.532112
     0.999991   -0.00341546   -0.00240058      -1.39669    0.00344274      0.999928      0.011452      -1.36093    0.00236129    -0.0114602      0.999932      0.689159
      0.99999   -0.00376629   -0.00260475      -1.39138     0.0037938      0.999936     0.0106359      -1.22358    0.00256453    -0.0106457       0.99994      0.502076
     0.999991   -0.00350454   -0.00247983      -1.39704    0.00353207      0.999931     0.0111861      -1.33639    0.00244046    -0.0111947      0.999934      0.695626
      0.99999   -0.00350514   -0.00267911      -1.39063    0.00353262       0.99994     0.0103225      -1.21713    0.00264277    -0.0103318      0.999943       0.51676
     0.999991   -0.00349496   -0.00247385      -1.39315    0.00352327      0.999927      0.011533       -1.3546    0.00243336    -0.0115416       0.99993      0.704683
     0.999989   -0.00368356   -0.00276308      -1.37498    0.00371298      0.999936     0.0107201      -1.23109    0.00272341    -0.0107303      0.999939      0.538734
      0.99999   -0.00355426   -0.00267679      -1.38556    0.00358541      0.999925     0.0117224      -1.32118    0.00263493    -0.0117319      0.999928       0.73997
      0.99999   -0.00363265   -0.00263692      -1.38991    0.00366159      0.999932      0.011054      -1.19997    0.00259659    -0.0110636      0.999935      0.551003
      0.99999   -0.00367914   -0.00260039      -1.38557    0.00370802      0.999931     0.0111879      -1.33529    0.00255905    -0.0111974      0.999934      0.658157
      0.99999   -0.00352575   -0.00279885      -1.39116    0.00355831      0.999925     0.0117154      -1.29747    0.00275733    -0.0117253      0.999927      0.648802
      0.99999   -0.00351173   -0.00282345      -1.38033    0.00354094       0.99994     0.0104062      -1.23619    0.00278673    -0.0104161      0.999942      0.591525
     0.999991   -0.00338613   -0.00254053       -1.3942    0.00341513      0.999928     0.0114967      -1.38542    0.00250142    -0.0115053      0.999931      0.699586
      0.99999   -0.00356073   -0.00283729      -1.38293    0.00359107      0.999936     0.0107618       -1.2127    0.00279879    -0.0107718      0.999938      0.506723
     0.999991   -0.00346524   -0.00249277      -1.39497    0.00349272      0.999932     0.0111057      -1.36309    0.00245411    -0.0111143      0.999935      0.694415
      0.99999   -0.00363044   -0.00257071      -1.39372    0.00365972      0.999927     0.0114767      -1.27806    0.00252886     -0.011486      0.999931      0.571585
      0.99999   -0.00355151   -0.00264238      -1.38623    0.00358006      0.999934     0.0108787      -1.30418    0.00260357    -0.0108881      0.999937      0.636446
     0.999991   -0.00357067   -0.00233792      -1.39084    0.00359806      0.999924     0.0118164      -1.35328    0.00229555    -0.0118247      0.999927       0.67406
      0.99999   -0.00371825   -0.00253505      -1.37806    0.00374486      0.999937      0.010573      -1.24128    0.00249557    -0.0105823      0.999941      0.533886
     0.999991   -0.00354643   -0.00244672      -1.38976    0.00357371       0.99993     0.0112372      -1.35365    0.00240669    -0.0112458      0.999934      0.710527
     0.999989   -0.00351106   -0.00301041      -1.37662    0.00354368      0.999934     0.0109006      -1.20141    0.00297194    -0.0109111      0.999936      0.509438
      0.99999   -0.00350184   -0.00265581      -1.39183      0.003531      0.999933     0.0110547      -1.33026    0.00261692    -0.0110639      0.999935       0.70813
      0.99999   -0.00359063   -0.00265988      -1.38392    0.00361903      0.999936     0.0107512      -1.20584     0.0026211    -0.0107607      0.999939      0.511918
      0.99999   -0.00359193   -0.00265119       -1.4004    0.00362144      0.999931     0.0112114      -1.32995    0.00261074    -0.0112209      0.999934      0.711715
      0.99999    -0.0037695   -0.00246414      -1.39037     0.0037961      0.999934     0.0108807      -1.21146    0.00242297    -0.0108899      0.999938       0.50929
      0.99999   -0.00360149   -0.00265113      -1.38975    0.00363118       0.99993     0.0112838      -1.33563    0.00261031    -0.0112933      0.999933      0.690954
      0.99999   -0.00360909   -0.00252905      -1.39491    0.00363802      0.999927     0.0115317      -1.29838    0.00248725    -0.0115408       0.99993      0.636128
      0.99999   -0.00372849   -0.00254568      -1.38884    0.00375543      0.999936     0.0106637      -1.25311    0.00250576    -0.0106731       0.99994       0.54231
      0.99999   -0.00364075   -0.00243817      -1.39129     0.0036684      0.999928     0.0114337      -1.34675    0.00239637    -0.0114426      0.999932       0.70008
      0.99999   -0.00371007   -0.00252362      -1.38256    0.00373709      0.999935     0.0107893      -1.23429    0.00248343    -0.0107986      0.999939      0.513352
      0.99999   -0.00358344    -0.0024888      -1.39293    0.00361181      0.999927     0.0114883      -1.38028    0.00244745    -0.0114972      0.999931      0.732843
      0.99999   -0.00365686   -0.00261261      -1.39057    0.00368533      0.999933     0.0109767      -1.23503    0.00257229    -0.0109862      0.999936       0.52659
      0.99999   -0.00366607   -0.00261828      -1.37904    0.00369578      0.999928     0.0114349      -1.34567    0.00257617    -0.0114444      0.999931       0.73337
      0.99999   -0.00365618   -0.00266412      -1.37598    0.00368536      0.999932     0.0110316      -1.22729     0.0026236    -0.0110413      0.999936      0.517168
      0.99999   -0.00361789   -0.00279985      -1.37455    0.00364941      0.999929     0.0113368         -1.35    0.00275863    -0.0113469      0.999932      0.719105
     0.999989   -0.00344545   -0.00324115      -1.34896    0.00348083      0.999934     0.0109727       -1.2148    0.00320313    -0.0109838      0.999935      0.536725
     0.999989   -0.00356515   -0.00315402      -1.36042    0.00360176      0.999925     0.0116779         -1.33    0.00311215    -0.0116892      0.999927      0.686997
     0.999989   -0.00352959   -0.00321207      -1.36567    0.00356579      0.999929     0.0113344      -1.24426    0.00317184    -0.0113457      0.999931      0.611764
     0.999989   -0.00344566   -0.00303315       -1.3815    0.00347793      0.999937     0.0106997      -1.28676    0.00299609    -0.0107102      0.999938      0.622528
     0.999992   -0.00337645   -0.00194695      -1.41943    0.00339878      0.999927     0.0115832      -1.46978     0.0019077    -0.0115898      0.999931      0.857942
      0.99999   -0.00387874   -0.00231811      -1.38832    0.00390757      0.999913      0.012565      -1.25537    0.00226918     -0.012574      0.999918      0.861369
      0.99999   -0.00372932   -0.00264762      -1.37167    0.00376055      0.999922     0.0118914      -1.33662    0.00260307    -0.0119012      0.999926      0.776079
      0.99999   -0.00373445   -0.00246796      -1.39886    0.00376777        0.9999     0.0136348      -1.41004    0.00241679     -0.013644      0.999904      0.895845
     0.999989   -0.00382224   -0.00266606      -1.38243    0.00385274      0.999926     0.0115279      -1.22164     0.0026218     -0.011538       0.99993      0.637339
      0.99999    -0.0036159   -0.00252759      -1.38268    0.00364746      0.999914     0.0125991      -1.42859    0.00248182    -0.0126082      0.999917      0.921982
     0.999989   -0.00385654   -0.00263101      -1.37562    0.00388905      0.999915     0.0124688      -1.23742     0.0025827    -0.0124789      0.999919      0.678494
      0.99999   -0.00358517   -0.00266515      -1.37537    0.00361723       0.99992      0.012125      -1.33859    0.00262147    -0.0121345      0.999923      0.858788
      0.99999    -0.0036833   -0.00246803       -1.3824      0.003715      0.999909     0.0129663      -1.30219    0.00242005    -0.0129753      0.999913      0.809327
     0.999989   -0.00372577   -0.00295855      -1.37294    0.00376207      0.999917     0.0123599      -1.29082    0.00291226    -0.0123709      0.999919      0.776448
      0.99999   -0.00354771   -0.00277406      -1.38375    0.00358394      0.999907     0.0131661      -1.34464    0.00272709    -0.0131759      0.999909      0.869256
     0.999989   -0.00367467   -0.00291699       -1.3594    0.00371019      0.999918      0.012266      -1.27343    0.00287167    -0.0122766      0.999921      0.768141
      0.99999   -0.00355764     -0.002739      -1.38549    0.00359299      0.999909     0.0130146      -1.35586    0.00269245    -0.0130243      0.999912      0.913458
     0.999989   -0.00378617   -0.00266547      -1.37821    0.00381816      0.999919     0.0121004       -1.2468    0.00261945    -0.0121104      0.999923      0.691667
      0.99999   -0.00360634   -0.00270266      -1.36726    0.00364154      0.999907     0.0131347      -1.40917    0.00265504    -0.0131444       0.99991       0.93607
     0.999989    -0.0035736   -0.00308155       -1.3699    0.00361105      0.999919     0.0122353      -1.26038    0.00303758    -0.0122463       0.99992      0.712677
     0.999989   -0.00355941   -0.00301468      -1.37345     0.0035976      0.999912     0.0127581       -1.3906    0.00296901    -0.0127688      0.999914      0.903472
     0.999989   -0.00355358     -0.002996      -1.37331    0.00359025      0.999918     0.0123266      -1.24146    0.00295195    -0.0123372       0.99992      0.754636
      0.99999   -0.00347532    -0.0027558      -1.38059    0.00350901      0.999918     0.0123176      -1.35213    0.00271277    -0.0123272       0.99992      0.859474
      0.99999   -0.00347818   -0.00295815      -1.37746    0.00351507      0.999915     0.0125555       -1.2658    0.00291423    -0.0125657      0.999917      0.789138
      0.99999   -0.00346124    -0.0028452      -1.37278    0.00349624      0.999917     0.0123899      -1.33893    0.00280208    -0.0123998      0.999919      0.894205
      0.99999   -0.00354127   -0.00273872      -1.38497     0.0035761      0.999911     0.0128179      -1.26811    0.00269309    -0.0128275      0.999914      0.781167
      0.99999   -0.00341941   -0.00293328      -1.37979    0.00345447      0.999922     0.0120325      -1.30287     0.0028919    -0.0120425      0.999923      0.846828
      0.99999   -0.00360902    -0.0025021      -1.38417    0.00364088      0.999911       0.01285      -1.31316     0.0024555     -0.012859      0.999914      0.830535
     0.999988   -0.00362042   -0.00324091       -1.3506    0.00365757      0.999927     0.0115309      -1.24945    0.00319892    -0.0115426      0.999928      0.750332
      0.99999   -0.00356681   -0.00277441      -1.37764    0.00360274      0.999908     0.0130535        -1.345     0.0027276    -0.0130633      0.999911      0.877137
     0.999988   -0.00370872   -0.00307494      -1.36479      0.003744      0.999926     0.0115496      -1.24357    0.00303188    -0.0115609      0.999929       0.74803
      0.99999   -0.00347845   -0.00269835      -1.37259    0.00351263      0.999912     0.0127647      -1.37815    0.00265371    -0.0127741      0.999915      0.940517
     0.999989   -0.00359347   -0.00299764       -1.3701    0.00362965       0.99992     0.0121531      -1.24386    0.00295373    -0.0121639      0.999922       0.71835
      0.99999   -0.00342087   -0.00280999      -1.37642     0.0034551      0.999919     0.0122678      -1.34163     0.0027678    -0.0122773      0.999921      0.902942
      0.99999   -0.00348732   -0.00276339      -1.37046    0.00352235      0.999912     0.0127755      -1.29751    0.00271859    -0.0127851      0.999915      0.822581
     0.999989   -0.00359571   -0.00291764      -1.37265    0.00363076       0.99992     0.0120989      -1.29364    0.00287391    -0.0121094      0.999923      0.828655
      0.99999   -0.00341779   -0.00286026      -1.38959    0.00345604      0.999903     0.0134763      -1.34301    0.00281392     -0.013486      0.999905      0.943164
     0.999989   -0.00360619   -0.00306911      -1.37938    0.00364318       0.99992     0.0121329      -1.24051    0.00302511    -0.0121439      0.999922      0.738864
      0.99999   -0.00330145   -0.00292914      -1.38465    0.00333979      0.999908      0.013183      -1.37615    0.00288535    -0.0131927      0.999909      0.946023
     0.999981   -0.00464281   -0.00412503      -1.29398    0.00469045      0.999922     0.0116144      -1.20506    0.00407078    -0.0116335      0.999924      0.702935
      0.99998   -0.00464416   -0.00423668      -1.29146    0.00469631      0.999912     0.0123832      -1.36768     0.0041788    -0.0124028      0.999914      0.939381
     0.999977   -0.00500872   -0.00453071      -1.28209    0.00506415      0.999911     0.0123074      -1.22493    0.00446866    -0.0123301      0.999914      0.734142
     0.999979   -0.00470977    -0.0044144      -1.28126     0.0047642      0.999912     0.0124023      -1.37907     0.0043556    -0.0124231      0.999913      0.942956
     0.999978   -0.00496794    -0.0044922      -1.28802     0.0050248      0.999906     0.0127365      -1.24947     0.0044285    -0.0127588      0.999909      0.802857
     0.999981   -0.00450834   -0.00418509      -1.31997     0.0045617      0.999907     0.0128299      -1.34631    0.00412686    -0.0128487      0.999909      0.934139
      0.99999   -0.00327832   -0.00311362      -1.41301    0.00331843       0.99991     0.0129661      -1.36503    0.00307083    -0.0129763      0.999911      0.935862
     0.999992   -0.00301032   -0.00255583      -1.43433    0.00304132      0.999921     0.0122153      -1.26928    0.00251886     -0.012223      0.999922      0.841118
     0.999991    -0.0031328   -0.00291732      -1.40051    0.00316636      0.999928     0.0115712      -1.29252    0.00288086    -0.0115803      0.999929      0.756397
     0.999989   -0.00321339   -0.00328441      -1.40439    0.00325402      0.999917     0.0124383       -1.3238    0.00324417    -0.0124489      0.999917      0.824364
     0.999991   -0.00314559   -0.00301406      -1.40542    0.00317845      0.999935     0.0109591      -1.24479    0.00297939    -0.0109686      0.999935      0.673734
     0.999991   -0.00318156   -0.00291355      -1.40899    0.00321718      0.999919     0.0123035      -1.40504    0.00287417    -0.0123127       0.99992       0.88155
     0.999989   -0.00338256   -0.00321971       -1.3876    0.00341803      0.999933     0.0110743      -1.25604    0.00318203    -0.0110852      0.999933      0.675052
     0.999991   -0.00314327   -0.00287021      -1.40011    0.00317778      0.999922     0.0121004      -1.35285    0.00283195    -0.0121094      0.999923      0.893222
     0.999989   -0.00340197   -0.00307296        -1.373     0.0034387      0.999922     0.0120274      -1.20882     0.0030318    -0.0120378      0.999923      0.670094
     0.999987   -0.00327584   -0.00381672      -1.37138     0.0033218      0.999921     0.0120979      -1.33728    0.00377679    -0.0121104       0.99992      0.795138
      0.99999   -0.00316719   -0.00321077      -1.41144    0.00320852      0.999911     0.0129498      -1.34872    0.00316947    -0.0129599      0.999911      0.856164
     0.999989   -0.00329468   -0.00331553      -1.38709    0.00333375      0.999924     0.0118488      -1.25393    0.00327624    -0.0118597      0.999924      0.679318
      0.99999   -0.00324839   -0.00309991      -1.40939    0.00328927      0.999906     0.0132758       -1.3853     0.0030565    -0.0132858      0.999907      0.887409
     0.999989   -0.00338027   -0.00313217      -1.39317    0.00341675      0.999926     0.0117159      -1.25281    0.00309234    -0.0117265      0.999926      0.682772
      0.99999   -0.00317276   -0.00310579       -1.4086    0.00321292       0.99991     0.0130116      -1.41223    0.00306423    -0.0130215      0.999911      0.931347
      0.99999   -0.00327643   -0.00317127      -1.40335    0.00331701      0.999912      0.012876       -1.2753     0.0031288    -0.0128864      0.999912      0.783266
      0.99999   -0.00314502   -0.00316107      -1.39303    0.00318207      0.999925     0.0117846      -1.30306    0.00312378    -0.0117945      0.999926      0.774472
     0.999991   -0.00315522   -0.00292299      -1.41395    0.00319293      0.999911     0.0129873      -1.36627    0.00288175    -0.0129965      0.999911      0.858996
     0.999989   -0.00319835   -0.00333604      -1.39605    0.00323705      0.999927     0.0116601      -1.24844     0.0032985    -0.0116708      0.999926       0.76173
     0.999991    -0.0031852   -0.00282685      -1.41795    0.00322092      0.999914     0.0127237      -1.30293    0.00278608    -0.0127327      0.999915      0.838117
     0.999989   -0.00339586   -0.00333179      -1.39211    0.00343578      0.999921     0.0120513      -1.27463     0.0032906    -0.0120626      0.999922      0.789055
      0.99999   -0.00313688   -0.00307215      -1.41982    0.00317621      0.999912     0.0128825      -1.35973    0.00303147    -0.0128922      0.999912      0.928596
      0.99999   -0.00308095    -0.0031506       -1.4147    0.00311906      0.999921     0.0121654      -1.24585    0.00311288    -0.0121751      0.999921      0.775542
     0.999991   -0.00300254   -0.00294921      -1.42434    0.00303902      0.999918     0.0124457      -1.36159     0.0029116    -0.0124545      0.999918      0.943393
     0.999991   -0.00300799   -0.00291897      -1.43504    0.00304523      0.999913     0.0128408      -1.32488    0.00288009    -0.0128496      0.999913      0.897379
     0.999991   -0.00314623    -0.0029156      -1.42107    0.00317937       0.99993     0.0114306      -1.25303    0.00287943    -0.0114398       0.99993      0.785363
     0.999991   -0.00292971   -0.00295596      -1.43266    0.00296753      0.999913     0.0128711      -1.41095      0.002918    -0.0128797      0.999913      0.984814
     0.999991   -0.00293858   -0.00294308      -1.43232    0.00297406      0.999922     0.0121248      -1.27113    0.00290722    -0.0121335      0.999922      0.808924
     0.999991   -0.00290362   -0.00305936      -1.43222    0.00294317      0.999911     0.0130037      -1.38477    0.00302133    -0.0130126      0.999911      0.987209
     0.999991   -0.00280021   -0.00321586      -1.43997    0.00284207       0.99991     0.0130888      -1.36754    0.00317892    -0.0130978      0.999909      0.981729
     0.999991   -0.00287568    -0.0030562      -1.43741    0.00291271      0.999922     0.0121827      -1.23962    0.00302093    -0.0121915      0.999921      0.804245
     0.999992   -0.00291206   -0.00286428      -1.43332    0.00294677      0.999921     0.0121909        -1.373    0.00282856    -0.0121992      0.999922      0.914138
     0.999992   -0.00284704   -0.00295967      -1.44492     0.0028852      0.999912     0.0129693      -1.39935    0.00292248    -0.0129777      0.999912       1.01045
     0.999993   -0.00281014   -0.00236401       -1.4675    0.00284188      0.999904     0.0135308      -1.39122    0.00232576    -0.0135374      0.999906       1.08046
     0.999992   -0.00308008   -0.00254842       -1.4486     0.0031112       0.99992     0.0122989       -1.2245    0.00251034    -0.0123068      0.999921      0.812791
     0.999993    -0.0027303   -0.00269497      -1.46168    0.00276454      0.999914      0.012784      -1.41378    0.00265984    -0.0127914      0.999915       1.05877
     0.999992   -0.00297506   -0.00267912      -1.44427    0.00300813      0.999918     0.0124257      -1.24571    0.00264193    -0.0124337      0.999919      0.840802
     0.999992   -0.00298701   -0.00259329      -1.44786    0.00301995      0.999914     0.0127928      -1.39856    0.00255486    -0.0128006      0.999915       1.01099
     0.999992   -0.00284235   -0.00269471      -1.45415    0.00287724      0.999911     0.0130359      -1.35192    0.00265742    -0.0130436      0.999911       1.02534
     0.999992   -0.00304543   -0.00269413      -1.44027    0.00307796      0.999921     0.0121523      -1.22652    0.00265691    -0.0121605      0.999923      0.799099
     0.999992   -0.00297839   -0.00274952      -1.44743    0.00301402       0.99991     0.0130479      -1.39726    0.00271041     -0.013056      0.999911       1.05513
     0.999992   -0.00294374   -0.00267575      -1.45115    0.00297691      0.999918     0.0124802      -1.22177    0.00263879    -0.0124881      0.999919      0.858944
     0.999992    -0.0029813   -0.00270328      -1.43572    0.00301527      0.999915     0.0126513      -1.36799    0.00266533    -0.0126593      0.999916       1.03201
     0.999991   -0.00302739   -0.00289319      -1.42916     0.0030642      0.999913     0.0128038      -1.27493    0.00285418    -0.0128126      0.999914      0.935941
     0.999992   -0.00288596   -0.00264988      -1.42685     0.0029189      0.999917     0.0125126      -1.36725    0.00261355    -0.0125202      0.999918       1.05327
     0.999992   -0.00293551   -0.00277288      -1.44176    0.00297172      0.999909     0.0131436      -1.31553    0.00273405    -0.0131517       0.99991       1.04335
     0.999991   -0.00319824   -0.00270021      -1.42038     0.0032314      0.999918     0.0123643       -1.2956    0.00266045    -0.0123729       0.99992      0.952285
     0.999992   -0.00284014   -0.00281742      -1.44112    0.00287802      0.999904     0.0135333      -1.37797    0.00277871    -0.0135413      0.999904       1.10382
     0.999992    -0.0028768   -0.00279753      -1.43708    0.00291084      0.999921     0.0122413      -1.26117    0.00276209    -0.0122493      0.999921      0.949415
     0.999992   -0.00288629   -0.00261082      -1.44472    0.00292034      0.999909     0.0131347      -1.40935    0.00257267    -0.0131422       0.99991       1.09145
     0.999992   -0.00289543   -0.00279571      -1.44583    0.00293087      0.999914     0.0127594       -1.2682    0.00275853    -0.0127675      0.999915       0.97004
     0.999993   -0.00280675   -0.00247682      -1.44092    0.00283829      0.999914     0.0128247       -1.3917    0.00244061    -0.0128317      0.999915       1.07139
     0.999992   -0.00297973   -0.00255773      -1.44453    0.00301307      0.999909     0.0131313      -1.30856    0.00251837    -0.0131389      0.999911      0.991779
     0.999992   -0.00296631   -0.00275722      -1.43538    0.00300078      0.999916     0.0125831       -1.3317    0.00271966    -0.0125912      0.999917       1.02803
     0.999992   -0.00290789   -0.00266241      -1.44377     0.0029436      0.999904     0.0135078      -1.35004    0.00262287    -0.0135155      0.999905       1.06608
     0.999993   -0.00289423   -0.00244634      -1.44422    0.00292407       0.99992     0.0122842      -1.27745    0.00241059    -0.0122913      0.999922      0.969689
     0.999992   -0.00287385   -0.00261419      -1.44992    0.00290807      0.999909     0.0131819      -1.30908    0.00257607    -0.0131894       0.99991       1.07736
     0.999992   -0.00302171   -0.00255949      -1.44043    0.00305301      0.999919     0.0123172       -1.2694    0.00252207    -0.0123249      0.999921       0.94564
     0.999992   -0.00293979   -0.00280743      -1.44544    0.00297779      0.999903     0.0136302      -1.37964    0.00276709    -0.0136384      0.999903       1.13866
     0.999992   -0.00272094   -0.00278993      -1.44422    0.00275673      0.999913     0.0129032      -1.24236    0.00275458    -0.0129108      0.999913       1.00196
     0.999993   -0.00274584   -0.00271279      -1.44321    0.00278054      0.999913     0.0128687      -1.33802    0.00267721    -0.0128762      0.999914       1.08064
     0.999992   -0.00270713   -0.00292187      -1.43072    0.00274559      0.999909     0.0132404       -1.3056    0.00288576    -0.0132483      0.999908       1.03061
     0.999992    -0.0027794   -0.00296309      -1.41811    0.00281518      0.999922     0.0121382      -1.29796    0.00292912    -0.0121465      0.999922      0.987018
     0.999992   -0.00277977   -0.00276614      -1.44817    0.00281677      0.999905      0.013465      -1.41952    0.00272845    -0.0134726      0.999906       1.12106
     0.999992   -0.00281121   -0.00294119      -1.43593    0.00284741      0.999919     0.0123789      -1.26502    0.00290616    -0.0123871      0.999919      0.921826
     0.999993   -0.00264647   -0.00265355      -1.43757    0.00268078      0.999912      0.013012      -1.40933    0.00261888     -0.013019      0.999912       1.11485
     0.999992   -0.00279859   -0.00279798      -1.44066    0.00283506       0.99991     0.0131149      -1.32713    0.00276103    -0.0131228       0.99991        1.0138
     0.999992   -0.00267731   -0.00313361      -1.42692    0.00271658      0.999917     0.0125937      -1.33145    0.00309963    -0.0126021      0.999916       1.03273
     0.999993   -0.00275834   -0.00271511      -1.43423    0.00279454      0.999906       0.01342      -1.33919    0.00267784    -0.0134274      0.999906       1.05715
     0.999991   -0.00282808   -0.00307287      -1.42217     0.0028657       0.99992     0.0123083       -1.3473    0.00303782     -0.012317       0.99992       1.03194
     0.999993   -0.00265076   -0.00278246      -1.45688    0.00268644      0.999913     0.0128988      -1.37173    0.00274803    -0.0129061      0.999913       1.16371
     0.999992   -0.00285932   -0.00285864      -1.45619    0.00289908      0.999898     0.0140018      -1.33179    0.00281831    -0.0140099      0.999898       1.13793
     0.999991   -0.00293289   -0.00316971      -1.42885    0.00297241      0.999917     0.0125354      -1.25667    0.00313268    -0.0125447      0.999916      0.990297
     0.999991   -0.00286722   -0.00305557       -1.4388    0.00290945      0.999899     0.0139075      -1.39552    0.00301539    -0.0139163      0.999899       1.17997
     0.999991   -0.00288033   -0.00318324      -1.42894     0.0029228      0.999906     0.0134181      -1.23482    0.00314429    -0.0134273      0.999905       1.00439
     0.999991   -0.00286206   -0.00308976      -1.42694    0.00290314      0.999906      0.013374      -1.33146    0.00305119    -0.0133828      0.999906       1.10663
     0.999991   -0.00281334   -0.00302119       -1.4336    0.00285279       0.99991     0.0131322      -1.27674    0.00298397    -0.0131407      0.999909       1.04653
     0.999991   -0.00283855   -0.00316211      -1.42896    0.00287981       0.99991     0.0131208      -1.35584    0.00312458    -0.0131298      0.999909       1.07794
     0.999991   -0.00287422   -0.00306362      -1.44826    0.00291761      0.999894     0.0142557      -1.39034    0.00302232    -0.0142645      0.999894       1.16538
     0.999991   -0.00280943   -0.00314566      -1.43431    0.00284974      0.999913      0.012885      -1.23811    0.00310919    -0.0128938      0.999912       0.92736
     0.999991   -0.00283956   -0.00301615      -1.43893    0.00288086      0.999901     0.0137767      -1.39387    0.00297673    -0.0137853      0.999901       1.12181
