# 3dvolreg matrices (DICOM-to-DICOM, row-by-row):
     0.999987   -0.00358894   -0.00359668      -1.39294    0.00364021       0.99989     0.0143485      -3.50216    0.00354479    -0.0143614      0.999891      -1.51411
     0.999986   -0.00366081   -0.00384985      -1.38126    0.00371096      0.999907     0.0131003      -3.36652    0.00380154    -0.0131144      0.999907      -1.69522
     0.999988   -0.00363731   -0.00333314      -1.40406      0.003684      0.999894     0.0141112      -3.52651    0.00328146    -0.0141233      0.999895      -1.50045
     0.999986    -0.0036432   -0.00390318      -1.37883    0.00369558      0.999902     0.0134994      -3.35302    0.00385362    -0.0135136      0.999901      -1.68677
     0.999988    -0.0035099   -0.00349706      -1.40044    0.00355919      0.999893     0.0141886       -3.4861    0.00344688    -0.0142009      0.999893      -1.49854
     0.999986   -0.00372254   -0.00366676      -1.38564     0.0037721        0.9999     0.0136013      -3.35941    0.00361576     -0.013615      0.999901      -1.70444
     0.999987    -0.0036164   -0.00371893      -1.39267    0.00366767      0.999897     0.0138723      -3.47579    0.00366838    -0.0138858      0.999897      -1.51469
     0.999987   -0.00351731   -0.00362255       -1.3915    0.00356655        0.9999     0.0136792      -3.35679    0.00357407    -0.0136919        0.9999      -1.66944
     0.999987   -0.00365145   -0.00363121      -1.39636    0.00370248      0.999893      0.014147      -3.44486    0.00357917    -0.0141602      0.999893      -1.52817
     0.999987   -0.00366176   -0.00348543      -1.39494    0.00370865      0.999901     0.0135436      -3.35281    0.00343549    -0.0135564      0.999902       -1.6668
     0.999988    -0.0035418   -0.00348398      -1.39778    0.00358992      0.999897     0.0139047      -3.45878    0.00343437     -0.013917      0.999897      -1.54345
     0.999987   -0.00367715   -0.00347712      -1.39964    0.00372645      0.999891     0.0142795      -3.38159    0.00342423    -0.0142923      0.999892      -1.63363
     0.999986   -0.00366589   -0.00376364      -1.38949    0.00371768      0.999897     0.0138488      -3.41367    0.00371248    -0.0138626      0.999897      -1.60342
     0.999987   -0.00357332   -0.00366596      -1.39368    0.00362377      0.999898     0.0138494      -3.39362     0.0036161    -0.0138625      0.999897      -1.62454
     0.999987    -0.0035697   -0.00369955      -1.39192     0.0036188      0.999904     0.0133514       -3.4082    0.00365153    -0.0133646      0.999904      -1.63914
     0.999988   -0.00364439   -0.00336256      -1.41688    0.00369278      0.999888     0.0144984      -3.45773    0.00330934    -0.0145106      0.999889      -1.48381
      0.99999   -0.00353054   -0.00290345       -1.4341     0.0035719       0.99989     0.0143631      -3.50429    0.00285242    -0.0143733      0.999893      -1.53597
     0.999987   -0.00368654   -0.00358395      -1.40482    0.00373512        0.9999     0.0136451      -3.34754    0.00353329    -0.0136583        0.9999      -1.68633
     0.999987   -0.00354326   -0.00374042      -1.41652    0.00359842      0.999883     0.0148453      -3.50248    0.00368738    -0.0148586      0.999883      -1.47076
     0.999986   -0.00375202   -0.00365589      -1.40274    0.00380363      0.999892     0.0142125      -3.34491    0.00360217    -0.0142262      0.999892      -1.65461
     0.999987   -0.00368316   -0.00365339      -1.40132    0.00373417      0.999894     0.0140569      -3.46647    0.00360123    -0.0140704      0.999895      -1.57295
     0.999986   -0.00385787   -0.00361332      -1.40157    0.00390852      0.999893     0.0141179      -3.41047    0.00355847    -0.0141318      0.999894      -1.61177
     0.999986   -0.00372064   -0.00377323      -1.39392     0.0037728      0.999896     0.0139128      -3.43399    0.00372107    -0.0139268      0.999896       -1.5885
     0.999987   -0.00365306   -0.00359491      -1.41194    0.00370617      0.999882     0.0148784      -3.51219    0.00354013    -0.0148915      0.999883      -1.47211
     0.999985   -0.00368355   -0.00398051      -1.40078     0.0037393      0.999894     0.0140918      -3.33884    0.00392818    -0.0141065      0.999893      -1.67085
     0.999986   -0.00372487   -0.00368985      -1.40436    0.00377687      0.999892     0.0141881      -3.45721     0.0036366    -0.0142019      0.999893      -1.48984
     0.999987   -0.00357975   -0.00356159      -1.41597    0.00363079      0.999889     0.0144276      -3.40012    0.00350955    -0.0144403       0.99989      -1.59904
     0.999986   -0.00370548   -0.00382243      -1.40139    0.00375899      0.999894     0.0140889      -3.46347    0.00376981    -0.0141031      0.999893      -1.56852
     0.999987    -0.0036757   -0.00357106      -1.41984    0.00372864      0.999882      0.014935      -3.50203    0.00351574    -0.0149482      0.999882      -1.50719
     0.999986   -0.00374632   -0.00384914      -1.39481    0.00379876      0.999899     0.0137076      -3.37286     0.0037974     -0.013722      0.999899      -1.63634
     0.999987   -0.00359791   -0.00359675      -1.41309    0.00364975      0.999888     0.0145116      -3.49783    0.00354414    -0.0145245      0.999888      -1.47759
     0.999986   -0.00364353   -0.00390869      -1.38055    0.00369722      0.999898     0.0138167      -3.31834    0.00385795     -0.013831      0.999897      -1.69525
     0.999985   -0.00390122   -0.00387014      -1.38707    0.00395373      0.999899     0.0136549      -3.39316    0.00381648      -0.01367      0.999899      -1.56257
     0.999987   -0.00368344   -0.00357753      -1.41198    0.00373487      0.999888     0.0144771      -3.59561    0.00352381    -0.0144903      0.999889      -1.45747
     0.999986   -0.00368526   -0.00379503        -1.424    0.00374282      0.999876     0.0152733      -3.45554    0.00373828    -0.0152872      0.999876      -1.42898
     0.999985   -0.00398047   -0.00387204      -1.40067    0.00403626      0.999887     0.0145085      -3.33655    0.00381385    -0.0145239      0.999887      -1.66767
     0.999986   -0.00358595   -0.00392109      -1.41304     0.0036452      0.999878     0.0152084      -3.48367    0.00386607    -0.0152225      0.999877      -1.46851
     0.999986    -0.0036412   -0.00379099      -1.41493    0.00369706      0.999883     0.0148322      -3.36887    0.00373654     -0.014846      0.999883      -1.58774
     0.999986   -0.00359904   -0.00380234      -1.40323    0.00365414      0.999887     0.0145835      -3.44927    0.00374942    -0.0145972      0.999886      -1.54251
     0.999988   -0.00357793   -0.00348364      -1.42482    0.00363053      0.999878     0.0152129      -3.50346    0.00342878    -0.0152253      0.999878      -1.48605
     0.999985   -0.00365914    -0.0040054      -1.41375    0.00371908       0.99988     0.0150618      -3.38294     0.0039498    -0.0150764      0.999879      -1.55713
     0.999986   -0.00374372   -0.00379909      -1.40457    0.00379828      0.999888     0.0144571      -3.43141    0.00374454    -0.0144713      0.999888      -1.56123
     0.999987   -0.00366744   -0.00365358      -1.42453    0.00372282      0.999877     0.0152684      -3.47496    0.00359713    -0.0152818      0.999877      -1.49239
     0.999985   -0.00386517   -0.00390372      -1.40966    0.00391877      0.999897     0.0138177      -3.34448    0.00384991    -0.0138328      0.999897      -1.61857
     0.999987   -0.00379115   -0.00346564       -1.4155    0.00384338      0.999877     0.0151894      -3.46498    0.00340763    -0.0152025      0.999879      -1.49683
     0.999984   -0.00389545    -0.0041038      -1.39133    0.00395395      0.999889     0.0143449      -3.37061    0.00404747    -0.0143609      0.999889      -1.60852
     0.999986   -0.00384094   -0.00374051      -1.41422     0.0038955      0.999885     0.0146883       -3.4731    0.00368366    -0.0147026      0.999885      -1.45368
     0.999985   -0.00399291   -0.00381662      -1.38882    0.00404773      0.999887     0.0144635       -3.3551    0.00375844    -0.0144788      0.999888      -1.64187
     0.999985   -0.00392571   -0.00387144      -1.39787    0.00398244      0.999883     0.0147565       -3.4804    0.00381305    -0.0147717      0.999884       -1.4837
     0.999987   -0.00377203   -0.00345004      -1.41478    0.00382287      0.999882     0.0148493       -3.4625    0.00339362    -0.0148623      0.999884      -1.49282
     0.999985   -0.00399757   -0.00372927      -1.39496    0.00404969      0.999893     0.0140739      -3.38111    0.00367261    -0.0140888      0.999894      -1.64783
     0.999986   -0.00386677   -0.00368697      -1.41045    0.00392017      0.999886     0.0145875      -3.50306    0.00363014    -0.0146017      0.999887      -1.44639
     0.999985   -0.00414013   -0.00359793      -1.39384    0.00419131      0.999888     0.0143347      -3.37168    0.00353818    -0.0143495      0.999891      -1.66935
     0.999986   -0.00390018   -0.00371195      -1.40056    0.00395365      0.999887     0.0145059      -3.47072    0.00365495    -0.0145204      0.999888      -1.49655
     0.999986   -0.00407941    -0.0035106      -1.39497    0.00413067      0.999883     0.0147224      -3.40255    0.00345013    -0.0147366      0.999885       -1.5895
     0.999984   -0.00410492   -0.00387428      -1.38574    0.00416057      0.999887     0.0144651      -3.40736    0.00381447     -0.014481      0.999888       -1.5699
     0.999986   -0.00390209   -0.00370884       -1.3907    0.00395572      0.999886     0.0145661      -3.44394    0.00365158    -0.0145806      0.999887      -1.51836
     0.999985   -0.00393265     -0.003816      -1.38102    0.00398524      0.999896     0.0138717      -3.34237    0.00376105    -0.0138867      0.999897      -1.65661
     0.999985   -0.00400426    -0.0037638      -1.37872     0.0040596      0.999882     0.0148105      -3.46515    0.00370405    -0.0148256      0.999883      -1.48611
     0.999985   -0.00400234   -0.00386186      -1.38674    0.00405781      0.999887      0.014466      -3.37536    0.00380353    -0.0144814      0.999888       -1.5553
     0.999986   -0.00379246   -0.00358907      -1.39116    0.00384094        0.9999     0.0135993       -3.4405    0.00353714    -0.0136129      0.999901      -1.56534
     0.999986   -0.00378276   -0.00370369      -1.41134    0.00383402      0.999896     0.0139323      -3.46386     0.0036506    -0.0139463      0.999896      -1.45371
     0.999985   -0.00384733   -0.00382521      -1.38973    0.00390131      0.999891     0.0142069      -3.36332    0.00377014    -0.0142216      0.999892      -1.60604
     0.999985   -0.00379699   -0.00382231      -1.40119    0.00385242      0.999886     0.0145994      -3.47846    0.00376644    -0.0146139      0.999886       -1.4671
     0.999986    -0.0037892   -0.00359571      -1.39989    0.00384182      0.999884     0.0147414       -3.4122    0.00353943     -0.014755      0.999885      -1.49275
     0.999986   -0.00384859   -0.00375258      -1.39444    0.00390044      0.999896     0.0139107      -3.42906    0.00369866    -0.0139251      0.999896      -1.52959
     0.999986   -0.00390317   -0.00361047      -1.40601    0.00395804      0.999875     0.0153166      -3.49887    0.00355024    -0.0153307      0.999876      -1.44853
     0.999985   -0.00389003   -0.00395888      -1.38924    0.00394564      0.999892     0.0141388      -3.36028    0.00390345    -0.0141542      0.999892      -1.63735
     0.999986   -0.00380712   -0.00376413       -1.4042    0.00386228      0.999884     0.0147581      -3.49697    0.00370751    -0.0147724      0.999884      -1.46687
     0.999986   -0.00383162   -0.00377335      -1.39778    0.00388692      0.999884     0.0147571      -3.38236    0.00371637    -0.0147716      0.999884      -1.57073
     0.999985   -0.00386045   -0.00387336      -1.39969    0.00391748      0.999882     0.0148275      -3.44566    0.00381567    -0.0148425      0.999883      -1.47318
     0.999986   -0.00393401   -0.00366363      -1.40457    0.00398859      0.999879     0.0150112      -3.39647    0.00360413    -0.0150256      0.999881      -1.54117
     0.999985   -0.00390528   -0.00377054      -1.38721    0.00395889       0.99989     0.0143153      -3.40811    0.00371422    -0.0143301       0.99989      -1.55849
     0.999986   -0.00374987   -0.00371338      -1.40889    0.00380476      0.999882     0.0148878      -3.47086    0.00365712    -0.0149017      0.999882      -1.45054
     0.999984   -0.00402441    -0.0038565      -1.38773    0.00408028      0.999885     0.0145902      -3.32997    0.00379734    -0.0146057      0.999886      -1.59134
     0.999985   -0.00388343   -0.00392863      -1.38885    0.00393946      0.999889     0.0143565      -3.41747    0.00387244    -0.0143717      0.999889      -1.47183
     0.999986   -0.00375252   -0.00384342      -1.39888    0.00380912      0.999883     0.0148266      -3.41999    0.00378734     -0.014841      0.999883      -1.48616
     0.999986    -0.0037692   -0.00381146      -1.38768     0.0038218      0.999896     0.0138881       -3.3683    0.00375872    -0.0139024      0.999896      -1.55671
     0.999985   -0.00384897   -0.00383842      -1.40403    0.00390491      0.999885     0.0146753      -3.44481    0.00378149    -0.0146901      0.999885      -1.43444
     0.999985   -0.00388098   -0.00397919      -1.38617    0.00393635      0.999894      0.014002      -3.32908    0.00392443    -0.0140174      0.999894      -1.60288
     0.999986   -0.00375268   -0.00383308      -1.39938     0.0038081      0.999887      0.014556      -3.47176    0.00377802    -0.0145704      0.999887      -1.45387
     0.999987   -0.00360329   -0.00358885       -1.4105    0.00365638      0.999882     0.0148976      -3.44402    0.00353474    -0.0149105      0.999883      -1.46194
     0.999986    -0.0037811   -0.00368333      -1.39314    0.00383224      0.999895     0.0139752      -3.35814     0.0036301    -0.0139891      0.999896      -1.59597
     0.999986   -0.00363034   -0.00372563      -1.41649    0.00368572      0.999881     0.0149676      -3.45656    0.00367085    -0.0149811      0.999881      -1.41892
     0.999985   -0.00379194   -0.00388122      -1.39757    0.00384749      0.999889     0.0144065      -3.32304    0.00382616    -0.0144212      0.999889      -1.61541
     0.999985   -0.00388003   -0.00381292      -1.39805    0.00393531      0.999886      0.014598      -3.47135    0.00375584    -0.0146128      0.999886      -1.47349
     0.999985   -0.00391162   -0.00387895      -1.40159    0.00396936       0.99988     0.0149921       -3.3852    0.00381984    -0.0150072       0.99988      -1.55662
     0.999985   -0.00380924    -0.0038666      -1.39083    0.00386366      0.999892     0.0141669      -3.41507    0.00381222    -0.0141816      0.999892      -1.53571
     0.999987   -0.00370168   -0.00361759      -1.40229    0.00375552      0.999881     0.0149909      -3.48468    0.00356167    -0.0150043      0.999881      -1.47488
     0.999985   -0.00390528   -0.00373087      -1.38956    0.00395796      0.999891     0.0142174      -3.38419    0.00367495    -0.0142319      0.999892      -1.60681
     0.999987   -0.00385817   -0.00319829      -1.38363     0.0039017      0.999898      0.013718       -3.5622    0.00314504    -0.0137303      0.999901      -1.37128
     0.999988   -0.00362831   -0.00323166      -1.40308     0.0036752      0.999886      0.014624      -3.38418    0.00317823    -0.0146357      0.999888      -1.35574
     0.999985   -0.00330196   -0.00437542      -1.38453    0.00336042      0.999904     0.0134225      -3.36278    0.00433068     -0.013437        0.9999       -1.5529
     0.999988   -0.00316409   -0.00372367      -1.42527    0.00321933      0.999883     0.0149249      -3.49194    0.00367602    -0.0149367      0.999882      -1.37217
     0.999987   -0.00336345   -0.00373394      -1.41254    0.00341634      0.999893     0.0142513      -3.32809     0.0036856    -0.0142639      0.999891      -1.55351
     0.999988   -0.00319985   -0.00363857        -1.425    0.00325114      0.999894     0.0141803      -3.43156    0.00359281     -0.014192      0.999893      -1.40098
     0.999987   -0.00347017   -0.00364694       -1.4103    0.00352159      0.999893     0.0141894      -3.34024    0.00359731    -0.0142021      0.999893      -1.56667
     0.999987    -0.0033396   -0.00376509      -1.41255    0.00339292      0.999893     0.0142441      -3.43202    0.00371712    -0.0142567      0.999891      -1.40614
     0.999987   -0.00356851   -0.00366629      -1.39166    0.00361812      0.999901     0.0136163      -3.30992    0.00361734    -0.0136294      0.999901      -1.55881
     0.999988   -0.00318322   -0.00380833      -1.40488    0.00323734      0.999893     0.0142912      -3.44221    0.00376243    -0.0143034      0.999891      -1.38266
     0.999989   -0.00326286   -0.00337586      -1.41028    0.00331068      0.999893     0.0142596      -3.34562    0.00332897    -0.0142706      0.999893      -1.50654
     0.999988   -0.00321554   -0.00382087      -1.40477    0.00326787        0.9999     0.0137683      -3.37844    0.00377622    -0.0137806      0.999898      -1.46503
     0.999988   -0.00332676   -0.00354421      -1.41438    0.00337884      0.999885     0.0147913      -3.44031    0.00349459    -0.0148031      0.999884      -1.42785
     0.999987   -0.00343474   -0.00373879      -1.39695    0.00348601      0.999899     0.0137942      -3.33443    0.00369103     -0.013807      0.999898      -1.52939
     0.999988   -0.00321411   -0.00372679      -1.42605    0.00326926      0.999884     0.0148875      -3.43334    0.00367851    -0.0148995      0.999882       -1.3791
     0.999988   -0.00328854   -0.00366207      -1.42962    0.00334176      0.999888     0.0146202      -3.38126    0.00361358    -0.0146323      0.999886      -1.43781
     0.999988   -0.00332728    -0.0035078      -1.41271    0.00337486      0.999901     0.0136465      -3.34332    0.00346205    -0.0136582      0.999901      -1.56771
     0.999988   -0.00331585   -0.00347835      -1.42313    0.00336626      0.999888     0.0145856      -3.48139     0.0034296    -0.0145971      0.999888      -1.40011
     0.999988    -0.0033794   -0.00354483      -1.41577    0.00342815      0.999898      0.013838      -3.33744    0.00349771    -0.0138499      0.999898      -1.54048
     0.999989   -0.00317169   -0.00332803      -1.42721    0.00321912      0.999892     0.0143463      -3.47708    0.00328217    -0.0143569      0.999892      -1.39877
     0.999988   -0.00342848   -0.00344817      -1.42515    0.00347735      0.999892     0.0142698      -3.33968    0.00339888    -0.0142816      0.999892      -1.53169
     0.999988    -0.0032308   -0.00356916      -1.42607    0.00328139      0.999893      0.014261      -3.42954     0.0035227    -0.0142726      0.999892      -1.39366
     0.999989   -0.00323528   -0.00347984       -1.4235    0.00328579      0.999888     0.0146112       -3.3508    0.00343217    -0.0146225      0.999887      -1.46696
     0.999989   -0.00328069   -0.00349435      -1.42285    0.00332894      0.999898     0.0138913      -3.40025    0.00344842    -0.0139028      0.999897      -1.45077
     0.999989   -0.00320884   -0.00345752      -1.43263    0.00325923      0.999887     0.0146687       -3.3997    0.00341006    -0.0146798      0.999886      -1.39668
     0.999988   -0.00332354   -0.00352596      -1.43251    0.00336958      0.999908     0.0131342      -3.29594    0.00348199     -0.013146      0.999908      -1.59138
     0.999989   -0.00319354   -0.00351535      -1.43957    0.00324236      0.999897     0.0139713      -3.45615    0.00347037    -0.0139825      0.999896      -1.39469
     0.999988   -0.00324236   -0.00364716      -1.43481    0.00329434      0.999892      0.014338      -3.36408    0.00360027    -0.0143499      0.999891      -1.46676
     0.999989   -0.00316255   -0.00354907      -1.43726    0.00321111        0.9999     0.0137626      -3.37413    0.00350519    -0.0137739      0.999899      -1.44833
     0.999989   -0.00308597    -0.0034197      -1.43753    0.00313462      0.999893     0.0143131      -3.39853    0.00337517    -0.0143236      0.999892      -1.45342
     0.999987   -0.00341305   -0.00379146      -1.40073     0.0034637      0.999904     0.0134339      -3.32549    0.00374525    -0.0134469      0.999903      -1.62554
     0.999988   -0.00328086   -0.00360931      -1.42606     0.0033333      0.999888     0.0146212       -3.4919    0.00356093     -0.014633      0.999887      -1.38618
     0.999988   -0.00336017   -0.00346998      -1.42833    0.00340802      0.999898     0.0138758      -3.33423      0.003423    -0.0138874      0.999898      -1.54166
      0.99999   -0.00314992   -0.00324711      -1.43483    0.00319647      0.999891     0.0144319      -3.47563     0.0032013    -0.0144421      0.999891      -1.44278
     0.999989   -0.00329603   -0.00323579      -1.44136    0.00334296      0.999888     0.0146046      -3.41979    0.00318729    -0.0146153      0.999888      -1.40591
     0.999989   -0.00342698   -0.00332559      -1.42447    0.00347198      0.999901     0.0136233      -3.35407    0.00327857    -0.0136347      0.999902       -1.5584
     0.999989   -0.00334905   -0.00325561      -1.43713    0.00339734      0.999883     0.0149446      -3.49445    0.00320518    -0.0149555      0.999883      -1.37932
     0.999988   -0.00309044    -0.0036693      -1.42772     0.0031397      0.999904     0.0134942      -3.32083    0.00362725    -0.0135055      0.999902      -1.54987
      0.99999   -0.00324324   -0.00322588      -1.44134    0.00328959       0.99989     0.0144678      -3.48527    0.00317861    -0.0144783       0.99989      -1.37562
     0.999988    -0.0035085   -0.00338834      -1.42258     0.0035561      0.999894     0.0141461      -3.32226    0.00333835     -0.014158      0.999894      -1.55838
     0.999989    -0.0032456   -0.00341771      -1.43311    0.00329359      0.999895     0.0141313      -3.43928    0.00337148    -0.0141424      0.999894      -1.38933
     0.999988   -0.00336926   -0.00344768      -1.42965    0.00341798      0.999893     0.0142237      -3.33055    0.00339939    -0.0142353      0.999893      -1.52189
     0.999988    -0.0034432   -0.00335143      -1.41975    0.00349061      0.999892     0.0142445      -3.43325    0.00330203     -0.014256      0.999893       -1.4055
     0.999988   -0.00350746   -0.00349689       -1.4261    0.00355903      0.999883     0.0148515      -3.34796    0.00344439    -0.0148638      0.999884      -1.45723
     0.999989    -0.0032537   -0.00348449      -1.41858    0.00330136        0.9999     0.0137579      -3.37902    0.00343938    -0.0137692      0.999899      -1.46392
     0.999989   -0.00330884   -0.00327147      -1.43717    0.00335637      0.999887     0.0146324      -3.45206    0.00322269    -0.0146432      0.999888        -1.375
     0.999988    -0.0034377   -0.00360254      -1.41503    0.00348766      0.999897     0.0139534      -3.32612     0.0035542    -0.0139657      0.999896      -1.54446
     0.999989   -0.00326613   -0.00346007      -1.43239    0.00331402      0.999898     0.0139272      -3.43588    0.00341423    -0.0139386      0.999897      -1.37626
     0.999989    -0.0034143   -0.00333467      -1.42822    0.00346091      0.999895     0.0140749      -3.34836    0.00328627    -0.0140863      0.999895      -1.49013
     0.999989   -0.00335086   -0.00339759      -1.42157    0.00339696      0.999901     0.0136542      -3.43649     0.0033515    -0.0136656      0.999901       -1.4302
     0.999989    -0.0033265   -0.00319985      -1.43311    0.00337256      0.999889     0.0144989      -3.41458    0.00315126    -0.0145095       0.99989       -1.3815
     0.999988   -0.00327345   -0.00352413      -1.42066    0.00332022      0.999905     0.0133487      -3.32359     0.0034801    -0.0133603      0.999905      -1.53278
     0.999989   -0.00327567   -0.00327676      -1.43422    0.00332317      0.999888     0.0145979      -3.46846    0.00322858    -0.0146086      0.999888       -1.3592
     0.999988    -0.0034595   -0.00352436      -1.42021    0.00350841      0.999896     0.0139683      -3.35069    0.00347568    -0.0139805      0.999896      -1.52565
     0.999989   -0.00325527   -0.00351547      -1.42488    0.00330437      0.999896     0.0140519      -3.45634    0.00346936    -0.0140634      0.999895      -1.34921
     0.999989   -0.00325501   -0.00334201      -1.42735    0.00330128      0.999897     0.0139343      -3.34006    0.00329631    -0.0139452      0.999897      -1.52672
     0.999988   -0.00328799   -0.00350938      -1.42816    0.00333809      0.999891      0.014369      -3.44594    0.00346175    -0.0143806      0.999891      -1.35761
     0.999988   -0.00350688   -0.00356232      -1.42162    0.00355627      0.999896     0.0139543      -3.35581    0.00351301    -0.0139668      0.999896      -1.51326
     0.999988   -0.00334843   -0.00357286      -1.42367    0.00339919      0.999892     0.0142973      -3.46139    0.00352461    -0.0143093      0.999891       -1.3907
     0.999989   -0.00339183   -0.00334695      -1.42854    0.00343868      0.999895     0.0140938      -3.37613     0.0032988    -0.0141052      0.999895      -1.48671
     0.999989   -0.00340027   -0.00337401      -1.42677    0.00344689      0.999897     0.0139071      -3.44866    0.00332637    -0.0139186      0.999898      -1.39301
     0.999989   -0.00342592   -0.00333203      -1.43463    0.00347184      0.999898     0.0138753      -3.40263    0.00328416    -0.0138867      0.999898      -1.41417
     0.999988   -0.00369785   -0.00326985      -1.41576    0.00374107      0.999904     0.0133141      -3.36381     0.0032203    -0.0133261      0.999906      -1.53038
     0.999989   -0.00333139   -0.00334444      -1.43914    0.00337937       0.99989     0.0144474      -3.46539    0.00329594    -0.0144585       0.99989      -1.35089
     0.999989   -0.00343152   -0.00317046      -1.43341    0.00347716      0.999889     0.0145021      -3.37417    0.00312034     -0.014513       0.99989      -1.42879
     0.999988    -0.0034819    -0.0035202      -1.41747    0.00352969        0.9999     0.0136617      -3.33657    0.00347228     -0.013674        0.9999       -1.4876
     0.999989   -0.00329396   -0.00329788      -1.43831    0.00333957      0.999898     0.0139201      -3.42072    0.00325169     -0.013931      0.999898       -1.3617
     0.999992   -0.00304949   -0.00261096      -1.45933    0.00308664      0.999892     0.0143424      -3.42426    0.00256694    -0.0143503      0.999894      -1.37338
     0.999989   -0.00334159   -0.00323715      -1.43343    0.00338318      0.999911     0.0129305      -3.26601    0.00319365    -0.0129413      0.999911      -1.58195
      0.99999   -0.00329261   -0.00309455      -1.44194    0.00333677      0.999891     0.0143771       -3.4633    0.00304688    -0.0143873      0.999892      -1.35174
      0.99999   -0.00340714   -0.00299192      -1.43925    0.00344922      0.999894     0.0141725      -3.28929    0.00294331    -0.0141826      0.999895      -1.49928
      0.99999   -0.00334078   -0.00307838      -1.43689    0.00338319      0.999898     0.0138749      -3.38018    0.00303171    -0.0138852      0.999899       -1.3968
     0.999989   -0.00342184   -0.00314241      -1.42454    0.00346435      0.999901      0.013624       -3.3301    0.00309549    -0.0136347      0.999902      -1.52097
     0.999989   -0.00338863   -0.00312267      -1.43801    0.00343277      0.999893     0.0142421      -3.41888    0.00307407    -0.0142526      0.999894      -1.34296
     0.999989   -0.00357511   -0.00310361      -1.43377    0.00361936       0.99989     0.0143731      -3.29657    0.00305189    -0.0143842      0.999892       -1.4956
     0.999989    -0.0033169   -0.00330229       -1.4328    0.00336163      0.999901     0.0136327      -3.41963    0.00325674    -0.0136437      0.999902      -1.42466
      0.99999   -0.00341366   -0.00305346      -1.43325    0.00345623      0.999895     0.0140471      -3.36675    0.00300519    -0.0140575      0.999897       -1.5163
     0.999989   -0.00341998   -0.00319534      -1.42441    0.00346552      0.999891     0.0143577      -3.42746    0.00314589    -0.0143687      0.999892      -1.39408
     0.999989   -0.00342814   -0.00316189      -1.43099     0.0034734       0.99989     0.0144231      -3.35312     0.0031121    -0.0144339      0.999891      -1.45421
     0.999989   -0.00340159   -0.00336571      -1.42426    0.00344771      0.999899     0.0137942      -3.39583    0.00331844    -0.0138056      0.999899      -1.46402
     0.999989   -0.00346772    -0.0030711      -1.43504    0.00351128      0.999892     0.0142961      -3.38961    0.00302119    -0.0143067      0.999893      -1.45874
      0.99999   -0.00332951   -0.00311004      -1.42925    0.00337123      0.999903     0.0135041      -3.35111    0.00306478    -0.0135145      0.999904      -1.46518
     0.999989   -0.00354917   -0.00313942      -1.42892    0.00359472      0.999887     0.0146236      -3.38981    0.00308716    -0.0146347      0.999888      -1.41642
     0.999988    -0.0035573   -0.00327783      -1.41308    0.00360074      0.999904      0.013344      -3.29828    0.00323005    -0.0133557      0.999906      -1.54237
     0.999989   -0.00347464    -0.0032118      -1.40998    0.00351817      0.999901     0.0136481      -3.39123    0.00316405    -0.0136593      0.999902      -1.40241
     0.999989   -0.00341331   -0.00320748      -1.41645    0.00345523      0.999907      0.013156      -3.31811    0.00316227     -0.013167      0.999908      -1.52847
     0.999989   -0.00337872   -0.00315979      -1.43241    0.00342305      0.999894     0.0141311      -3.44123    0.00311171    -0.0141418      0.999895      -1.34642
     0.999989   -0.00349504   -0.00317142         -1.44    0.00353881      0.999897     0.0139044      -3.33057     0.0031225    -0.0139154      0.999898      -1.44274
      0.99999   -0.00330216   -0.00302406      -1.43342    0.00334114       0.99991     0.0129768      -3.36942    0.00298094    -0.0129868      0.999911      -1.47046
      0.99999   -0.00347424   -0.00284785      -1.43809    0.00351364      0.999897     0.0139475      -3.43759     0.0027991    -0.0139574      0.999899      -1.40516
      0.99999   -0.00331192   -0.00305352      -1.43533    0.00335226      0.999906     0.0133021      -3.33375    0.00300918    -0.0133122      0.999907      -1.51461
     0.999991   -0.00324372   -0.00290339       -1.4414    0.00328342        0.9999     0.0137774      -3.42498     0.0028584    -0.0137868      0.999901      -1.40196
      0.99999   -0.00325284   -0.00300625      -1.42488    0.00329231      0.999907     0.0132177      -3.34402    0.00296297    -0.0132274      0.999908      -1.51226
     0.999988   -0.00360943   -0.00320279      -1.43284    0.00365443      0.999893     0.0141571      -3.43234    0.00315135    -0.0141686      0.999895      -1.35987
     0.999992   -0.00320813   -0.00248031      -1.45856    0.00324104      0.999905      0.013379      -3.43035    0.00243715    -0.0133869      0.999907       -1.4046
      0.99999   -0.00349785   -0.00290071      -1.43755    0.00353572      0.999907     0.0131565      -3.30578    0.00285442    -0.0131666      0.999909      -1.55718
     0.999991   -0.00321801   -0.00292758       -1.4446    0.00325881      0.999896     0.0140382      -3.45172     0.0028821    -0.0140476      0.999897       -1.3416
      0.99999   -0.00343267   -0.00298572       -1.4319    0.00347136      0.999909     0.0130526      -3.30995    0.00294065    -0.0130629       0.99991      -1.52967
     0.999991   -0.00328564   -0.00258304      -1.44698    0.00332151      0.999896     0.0140089      -3.46512    0.00253674    -0.0140174      0.999899      -1.31642
     0.999989   -0.00368093   -0.00288067      -1.42742     0.0037192      0.999903     0.0133943      -3.32619    0.00283109    -0.0134048      0.999906      -1.51476
     0.999991   -0.00332298    -0.0028081      -1.44526    0.00336136      0.999899     0.0137755      -3.44482    0.00276204    -0.0137849      0.999901      -1.30655
      0.99999   -0.00355608   -0.00284544      -1.42763    0.00359366      0.999905     0.0133134      -3.29689    0.00279782    -0.0133235      0.999907      -1.53892
     0.999991   -0.00328578   -0.00271008      -1.44595    0.00332324      0.999897     0.0139343      -3.44803    0.00266401    -0.0139432      0.999899      -1.32022
      0.99999   -0.00360656    -0.0027386      -1.42613    0.00364231      0.999907     0.0131646       -3.2994    0.00269087    -0.0131744       0.99991      -1.53561
      0.99999   -0.00343227   -0.00283875      -1.43836    0.00347203      0.999894     0.0141214      -3.45603    0.00278998    -0.0141311      0.999896      -1.32975
      0.99999   -0.00342867   -0.00291069      -1.44228     0.0034698      0.999893     0.0142453      -3.33682    0.00286154    -0.0142552      0.999894      -1.43143
     0.999989   -0.00343176    -0.0031269      -1.42349    0.00347333      0.999904     0.0133883      -3.38407    0.00308065     -0.013399      0.999905      -1.41691
      0.99999   -0.00336558   -0.00283775      -1.43728    0.00340562      0.999893     0.0142222      -3.40414    0.00278958    -0.0142317      0.999895      -1.40936
     0.999989   -0.00347419   -0.00303239      -1.42316    0.00351302      0.999911     0.0128945        -3.349    0.00298732     -0.012905      0.999912       -1.5011
      0.99999   -0.00336183   -0.00296974      -1.44075    0.00340225        0.9999     0.0137115      -3.42867    0.00292335    -0.0137215      0.999902      -1.32833
     0.999989   -0.00355841   -0.00318582      -1.42399    0.00360054      0.999905     0.0133182      -3.34385    0.00313813    -0.0133296      0.999906        -1.477
     0.999989   -0.00338393   -0.00309863      -1.43558    0.00342681      0.999897     0.0139413      -3.47288    0.00305113    -0.0139518      0.999898      -1.29428
      0.99999   -0.00352193   -0.00288181      -1.44124    0.00356079      0.999901     0.0135906      -3.32366    0.00283366    -0.0136007      0.999903      -1.45077
     0.999989   -0.00333849   -0.00320634      -1.44459    0.00338171      0.999902     0.0135673       -3.4194    0.00316074     -0.013578      0.999903       -1.3136
     0.999989   -0.00353078    -0.0031039      -1.43178    0.00357489      0.999891     0.0143203      -3.34993      0.003053    -0.0143312      0.999893      -1.42868
      0.99999    -0.0033646   -0.00296506      -1.43188    0.00340377      0.999906     0.0133082      -3.39708    0.00292001    -0.0133182      0.999907       -1.4192
      0.99999   -0.00335589   -0.00308681      -1.44872    0.00339972      0.999892     0.0143045      -3.42717    0.00303847    -0.0143149      0.999893      -1.29677
     0.999988   -0.00351319   -0.00347944      -1.42571    0.00355953      0.999904     0.0134019      -3.28523    0.00343202    -0.0134141      0.999904      -1.48046
      0.99999   -0.00320977   -0.00298416       -1.4456    0.00325136      0.999896      0.014036      -3.41675     0.0029388    -0.0140456      0.999897      -1.30948
      0.99999   -0.00342501   -0.00300789      -1.42948    0.00346567      0.999901     0.0136194      -3.30793    0.00296095    -0.0136297      0.999903      -1.47443
      0.99999   -0.00336219   -0.00296382      -1.44189    0.00340277      0.999899      0.013794      -3.41073    0.00291714    -0.0138039        0.9999      -1.32667
      0.99999   -0.00351737   -0.00287276      -1.44439    0.00355743      0.999895     0.0140612      -3.31072      0.002823    -0.0140713      0.999897      -1.41056
      0.99999   -0.00332998    -0.0029991      -1.43827    0.00336971      0.999905     0.0133425      -3.35668    0.00295438    -0.0133525      0.999906      -1.34374
     0.999991   -0.00320659   -0.00282876      -1.44865    0.00324587      0.999897     0.0139919       -3.3822     0.0027836     -0.014001      0.999898      -1.33437
     0.999989   -0.00344208   -0.00307789      -1.43179    0.00348226      0.999908     0.0131475        -3.293    0.00303235    -0.0131581      0.999909      -1.45374
     0.999991   -0.00322155   -0.00291667      -1.45524    0.00326056      0.999904     0.0134693      -3.42684      0.002873    -0.0134786      0.999905      -1.26065
     0.999992   -0.00312478   -0.00251755      -1.47121    0.00315941      0.999899     0.0138713      -3.31935    0.00247395    -0.0138792      0.999901      -1.32563
      0.99999    -0.0033874   -0.00288847       -1.4412    0.00342491      0.999909     0.0130834      -3.30091    0.00284389    -0.0130932       0.99991      -1.47983
     0.999991   -0.00316786   -0.00273768      -1.44768    0.00320729      0.999889     0.0145199       -3.4478    0.00269138    -0.0145286      0.999891      -1.23653
      0.99999   -0.00335583   -0.00289536      -1.43718     0.0033946      0.999903      0.013492       -3.2787     0.0028498    -0.0135017      0.999905       -1.4666
      0.99999   -0.00338873   -0.00282144      -1.44227    0.00342888      0.999891     0.0143486      -3.40594    0.00277251    -0.0143582      0.999893      -1.26955
      0.99999   -0.00338991   -0.00290521      -1.42424    0.00342758      0.999909     0.0130624       -3.2595    0.00286067    -0.0130722       0.99991      -1.49557
      0.99999   -0.00337543   -0.00292925      -1.43746    0.00341764      0.999889     0.0145252      -3.42768    0.00287989    -0.0145351       0.99989      -1.26037
     0.999989   -0.00351531   -0.00299462      -1.42812    0.00355831      0.999889     0.0144746      -3.28781     0.0029434    -0.0144851      0.999891      -1.43425
      0.99999   -0.00334105   -0.00307233      -1.43554     0.0033844      0.999893     0.0142155      -3.38203    0.00302451    -0.0142258      0.999894       -1.3082
      0.99999   -0.00339773   -0.00302457      -1.43852    0.00343998      0.999895     0.0140755      -3.32471    0.00297643    -0.0140858      0.999896      -1.39254
      0.99999   -0.00332756   -0.00300207      -1.43558    0.00336912      0.999897     0.0139455      -3.38214    0.00295535    -0.0139555      0.999898      -1.34897
      0.99999   -0.00341225   -0.00292081      -1.44837    0.00345495      0.999885      0.014739      -3.41486    0.00287018    -0.0147489      0.999887      -1.25501
      0.99999   -0.00327451   -0.00303157      -1.44162    0.00331519      0.999903     0.0135101      -3.27078    0.00298704      -0.01352      0.999904      -1.42247
      0.99999   -0.00338261   -0.00299294      -1.44137    0.00342594      0.999888     0.0145946      -3.42923    0.00294324    -0.0146047      0.999889      -1.22661
      0.99999   -0.00342605   -0.00287936      -1.44686    0.00346743      0.999889     0.0144916      -3.32199    0.00282939    -0.0145014      0.999891      -1.32663
     0.999989   -0.00327608   -0.00322061      -1.43651    0.00331996        0.9999     0.0137156      -3.30362    0.00317535    -0.0137262      0.999901       -1.3778
     0.999991   -0.00315692   -0.00300007      -1.46286    0.00319935      0.999893     0.0142427      -3.41292    0.00295478    -0.0142522      0.999894      -1.20856
      0.99999   -0.00330158   -0.00304035      -1.44264    0.00334357      0.999898     0.0139098      -3.28133    0.00299411    -0.0139199      0.999899      -1.41683
     0.999989   -0.00337784   -0.00310763      -1.44002    0.00342361      0.999884     0.0148403      -3.39721    0.00305714    -0.0148508      0.999885      -1.24998
     0.999989   -0.00360577   -0.00305291      -1.41697    0.00365115      0.999881     0.0149925      -3.28713    0.00299849    -0.0150035      0.999883      -1.39133
     0.999988   -0.00357152   -0.00346391      -1.41367    0.00362212      0.999885     0.0147124      -3.31851    0.00341097    -0.0147248      0.999886      -1.35408
