# 3dvolreg matrices (DICOM-to-DICOM, row-by-row):
            1   5.30411e-05   0.000148619    -0.0118211  -5.30554e-05             1   9.61032e-05    -0.0687541  -0.000148614   -9.6111e-05             1     0.0434852
            1   0.000141379  -1.26447e-05   -0.00657213  -0.000141371             1    0.00068836     -0.131027    1.2742e-05  -0.000688358             1      0.119823
            1    8.3641e-11  -6.54646e-11   3.58075e-10   -8.3641e-11             1   3.10989e-10   1.11134e-08   6.54646e-11  -3.10989e-10             1   1.25948e-09
            1   -8.9486e-06   2.72336e-05  -0.000946449   8.91406e-06      0.999999    0.00126809     -0.114352  -2.72449e-05   -0.00126809      0.999999     0.0984526
            1   8.76638e-05  -0.000191735    0.00568607  -8.76523e-05             1   6.02252e-05     0.0109695    0.00019174  -6.02084e-05             1     0.0156668
            1   0.000118853  -0.000146978   -0.00652689  -0.000118696      0.999999    0.00106657    -0.0939047   0.000147105   -0.00106656      0.999999      0.103462
            1   1.39968e-05  -0.000258477  -6.64488e-05  -1.39745e-05             1   8.64913e-05    0.00410782   0.000258478  -8.64877e-05             1     0.0384907
            1   0.000106226    2.9889e-05   -0.00307308   -0.00010625             1   0.000814405    -0.0573727  -2.98025e-05  -0.000814408             1     0.0784738
            1  -4.85138e-05   -0.00024339      0.001267   4.86059e-05             1   0.000378448    -0.0222798   0.000243372  -0.000378459             1     0.0689159
            1    7.1327e-05  -4.72452e-05   -0.00511019  -7.12691e-05      0.999999     0.0012252    -0.0792062   4.73326e-05   -0.00122519      0.999999     0.0845974
            1  -4.97738e-05  -0.000420463    0.00528453   5.01652e-05             1   0.000930937    -0.0212178   0.000420417  -0.000930958      0.999999     0.0531116
            1  -7.12213e-05  -1.23781e-05    0.00253118   7.12331e-05             1   0.000957427     0.0239842   1.23099e-05  -0.000957428             1    0.00428772
            1  -0.000153284  -0.000265642     0.0121878   0.000153598      0.999999    0.00117958    -0.0553525   0.000265461   -0.00117962      0.999999     0.0921723
            1   -0.00014688  -0.000173502     0.0134878   0.000147071      0.999999     0.0010992    0.00142617    0.00017334   -0.00109922      0.999999    -0.0193918
            1  -0.000169888  -0.000312968    0.00779401   0.000170375      0.999999    0.00155788    -0.0908129   0.000312703   -0.00155793      0.999999        0.1121
            1  -0.000188636  -9.85991e-05     0.0090413   0.000188718             1   0.000829872     0.0227049   9.84425e-05  -0.000829891             1     -0.023561
            1  -0.000167065  -0.000383382     0.0150564   0.000167827      0.999998    0.00198724     -0.108387   0.000383049    -0.0019873      0.999998      0.118762
            1  -0.000221778  -0.000419734     0.0239826   0.000222087             1   0.000736078     0.0126225    0.00041957  -0.000736171             1    -0.0304987
            1  -0.000263159  -0.000426457     0.0213097   0.000264108      0.999997     0.0022262     -0.093584    0.00042587   -0.00222631      0.999997      0.127886
            1  -8.99961e-05  -0.000381497     0.0244216   9.03783e-05      0.999999    0.00100198     0.0302757   0.000381406   -0.00100202      0.999999  -0.000544741
            1  -0.000195776  -0.000455387     0.0160726   0.000196727      0.999998    0.00209027    -0.0587016   0.000454977   -0.00209036      0.999998     0.0689741
            1  -0.000214633  -0.000475663     0.0208328   0.000215426      0.999999    0.00166681    -0.0108542   0.000475305   -0.00166691      0.999998     0.0559825
            1  -0.000254174  -0.000391065   0.000158961   0.000255003      0.999998    0.00212298     -0.122511   0.000390525   -0.00212308      0.999998      0.145953
            1  -0.000393249  -0.000628426     0.0220866   0.000394493      0.999998    0.00198038     0.0184027   0.000627646   -0.00198062      0.999998     0.0271914
            1  -0.000406324   -0.00069311     0.0166916   0.000408522      0.999995    0.00317373    -0.0531496   0.000691817   -0.00317401      0.999995      0.148918
            1  -0.000466118  -0.000638127     0.0271007   0.000467291      0.999998    0.00183995     0.0718088   0.000637268   -0.00184025      0.999998    -0.0213335
            1  -0.000409485  -0.000782518     0.0130461   0.000412053      0.999995    0.00328424    -0.0960005   0.000781168   -0.00328456      0.999994      0.176618
            1   -0.00044936  -0.000743367     0.0274349   0.000451009      0.999997    0.00222022     0.0815666   0.000742367   -0.00222055      0.999997    -0.0158885
            1   -0.00046079  -0.000664834     0.0173287   0.000462898      0.999995    0.00317364    -0.0490885   0.000663368   -0.00317394      0.999995      0.160759
     0.999999  -0.000747619  -0.000975959     0.0401861   0.000750034      0.999997    0.00247675     0.0371098   0.000974104   -0.00247748      0.999996     0.0132662
     0.999999  -0.000582708   -0.00081287     0.0226212   0.000585159      0.999995    0.00301749    -0.0392714   0.000811108   -0.00301797      0.999995      0.118239
            1  -0.000592078  -0.000794339     0.0357242   0.000594127      0.999996    0.00258187    0.00577751   0.000792808   -0.00258234      0.999996     0.0228578
            1  -0.000708388  -0.000642411     0.0304838   0.000710894      0.999992     0.0039094    -0.0903306   0.000639636   -0.00390986      0.999992      0.122248
     0.999999  -0.000651097   -0.00109894     0.0416808   0.000653982      0.999996    0.00262744     0.0645881    0.00109723   -0.00262815      0.999996    -0.0099496
            1  -0.000679121  -0.000674938       0.02999   0.000681613      0.999993    0.00369896    -0.0326859   0.000672422   -0.00369942      0.999993     0.0665053
     0.999999    -0.0011201  -0.000946613     0.0509926    0.00112269      0.999996    0.00274065      0.119679   0.000943539   -0.00274171      0.999996     -0.148884
     0.999999   -0.00100362  -0.000714707     0.0431083    0.00100609      0.999993    0.00347252     -0.021128   0.000711217   -0.00347324      0.999994    -0.0494211
     0.999999   -0.00116211  -0.000954903     0.0534452    0.00116487      0.999995    0.00290027     0.0858777   0.000951528   -0.00290138      0.999995     -0.137961
     0.999999   -0.00110517   -0.00103895     0.0477055    0.00110924      0.999992    0.00392722    0.00529269     0.0010346   -0.00392837      0.999992    -0.0298761
     0.999999   -0.00115193   -0.00110763      0.069657    0.00115487      0.999996    0.00265669      0.139212    0.00110456   -0.00265796      0.999996     -0.176768
     0.999999   -0.00110643   -0.00097447     0.0577604    0.00111013      0.999992    0.00380989     0.0328187   0.000970247   -0.00381097      0.999992    -0.0777982
     0.999999    -0.0010675   -0.00120288     0.0627835    0.00107079      0.999996    0.00273883      0.141122    0.00119995   -0.00274011      0.999996     -0.150898
     0.999999   -0.00108281    -0.0010913     0.0562471    0.00108727      0.999991    0.00409557      0.030963    0.00108685   -0.00409675      0.999991    -0.0626548
     0.999998   -0.00119238   -0.00132593     0.0685603    0.00119687      0.999994    0.00338976      0.117153    0.00132188   -0.00339134      0.999993     -0.135239
     0.999999   -0.00108372   -0.00124667     0.0581681    0.00108862      0.999992     0.0039347     0.0436834    0.00124239   -0.00393605      0.999991    -0.0527131
     0.999998   -0.00108827   -0.00138094     0.0716486    0.00109261      0.999994    0.00314841      0.141838    0.00137751   -0.00314991      0.999994     -0.173232
     0.999999   -0.00118232   -0.00124452       0.07305    0.00118774       0.99999    0.00435809    0.00726553    0.00123935   -0.00435956       0.99999    -0.0287508
     0.999998    -0.0011598   -0.00138059     0.0765928    0.00116362      0.999995    0.00276998      0.162952    0.00137737   -0.00277159      0.999995     -0.202307
     0.999999   -0.00114419   -0.00118466     0.0678937    0.00114919       0.99999    0.00422717    -0.0217256    0.00117981   -0.00422853       0.99999     -0.017744
     0.999998   -0.00120865   -0.00143085     0.0735647    0.00121341      0.999994    0.00333076      0.157752    0.00142681   -0.00333249      0.999993     -0.174685
     0.999999  -0.000980002   -0.00138125     0.0689008   0.000985972       0.99999    0.00432815      0.027007      0.001377    -0.0043295       0.99999    -0.0280296
     0.999998   -0.00130346   -0.00136282     0.0769189    0.00130837      0.999993    0.00360839      0.137003    0.00135811   -0.00361017      0.999993     -0.149581
     0.999998   -0.00109034   -0.00144015     0.0660295    0.00109573      0.999992    0.00374798      0.076092    0.00143605   -0.00374955      0.999992    -0.0834391
     0.999998   -0.00130225   -0.00147208      0.074792    0.00130775      0.999992    0.00374173     0.0909983    0.00146719   -0.00374365      0.999992     -0.123893
     0.999998   -0.00114254    -0.0014361     0.0672945    0.00114797      0.999992    0.00378648      0.108827    0.00143176   -0.00378813      0.999992     -0.108405
     0.999998   -0.00121705   -0.00153621      0.076585    0.00122301      0.999992    0.00388083     0.0736569    0.00153147    -0.0038827      0.999991    -0.0969409
     0.999998   -0.00125454   -0.00160504     0.0779247    0.00126026      0.999993     0.0035659      0.120122    0.00160055   -0.00356791      0.999992     -0.120689
     0.999998   -0.00114097   -0.00166769     0.0766963    0.00114791      0.999991    0.00416498     0.0448439    0.00166292   -0.00416688       0.99999    -0.0526673
     0.999998   -0.00119141   -0.00165671     0.0697599    0.00119886      0.999989     0.0045046     0.0969171    0.00165133   -0.00450658      0.999988    -0.0992549
     0.999998   -0.00125633   -0.00158702     0.0782921    0.00126198      0.999993    0.00356434     0.0913223    0.00158253   -0.00356634      0.999992     -0.106626
     0.999998   -0.00130089   -0.00160002     0.0716834     0.0013081      0.999989    0.00451878     0.0559644    0.00159412   -0.00452086      0.999989    -0.0915803
     0.999998   -0.00126412   -0.00164048     0.0815769    0.00126947      0.999994    0.00326422       0.11499    0.00163635    -0.0032663      0.999993      -0.11564
     0.999998   -0.00127128   -0.00153021     0.0725583     0.0012779       0.99999    0.00433477     0.0215829    0.00152468   -0.00433671      0.999989    -0.0872118
     0.999998   -0.00126674   -0.00182063     0.0848881    0.00127327      0.999993    0.00359062       0.10212    0.00181606   -0.00359293      0.999992     -0.127343
     0.999998   -0.00130456   -0.00157585     0.0748252    0.00131154      0.999989     0.0044391     0.0178906    0.00157004   -0.00444116      0.999989    -0.0787388
     0.999998   -0.00125258   -0.00182794        0.0787    0.00125926      0.999993    0.00365965      0.084816    0.00182334   -0.00366195      0.999992    -0.0942159
     0.999998   -0.00117989   -0.00163348     0.0693762     0.0011871       0.99999    0.00442261     0.0574224    0.00162824   -0.00442454      0.999989    -0.0875786
     0.999997    -0.0013211   -0.00189694     0.0831305    0.00132866      0.999991     0.0039919     0.0873362    0.00189165   -0.00399441       0.99999    -0.0822277
     0.999998    -0.0012474   -0.00160322     0.0775623    0.00125404      0.999991    0.00414924      0.100334    0.00159803   -0.00415124       0.99999     -0.129286
     0.999997   -0.00139584   -0.00178741     0.0770144    0.00140366      0.999989    0.00437929      0.059769    0.00178128   -0.00438179      0.999989    -0.0481375
     0.999998   -0.00136038   -0.00170123     0.0724889     0.0013677       0.99999    0.00430967      0.119681    0.00169535   -0.00431199      0.999989     -0.117199
     0.999998    -0.0013419   -0.00178287     0.0729162    0.00134957       0.99999    0.00430384     0.0836782    0.00177708   -0.00430624      0.999989    -0.0748402
     0.999998   -0.00131355   -0.00165984     0.0634479    0.00132029      0.999991    0.00406447      0.126574    0.00165448   -0.00406665       0.99999      -0.12671
     0.999998   -0.00136015   -0.00172752     0.0684389    0.00136743       0.99999    0.00422237     0.0589008    0.00172176   -0.00422472       0.99999    -0.0680999
     0.999998   -0.00133334    -0.0017271     0.0667616     0.0013404      0.999991    0.00408949      0.136474    0.00172164    -0.0040918       0.99999     -0.129898
     0.999997    -0.0013031   -0.00182321     0.0764606    0.00131089       0.99999    0.00428011     0.0532439    0.00181761   -0.00428249      0.999989    -0.0538405
     0.999997   -0.00124641   -0.00198651     0.0758661    0.00125395      0.999992    0.00379909      0.136041    0.00198176   -0.00380158      0.999991      -0.16027
     0.999998    -0.0012157   -0.00181441     0.0718171    0.00122393      0.999989    0.00454471     0.0223592    0.00180887   -0.00454692      0.999988    -0.0303509
     0.999997   -0.00142187   -0.00191932     0.0839558    0.00142905      0.999992    0.00374497      0.126436    0.00191398    -0.0037477      0.999991     -0.166417
     0.999998   -0.00127304   -0.00176306     0.0731214    0.00128115      0.999989    0.00460759    0.00744673    0.00175717   -0.00460984      0.999988    -0.0120193
     0.999997   -0.00147117   -0.00173375     0.0551381    0.00147905      0.999989    0.00455575   -0.00475499    0.00172703   -0.00455831      0.999988    0.00324308
     0.999998   -0.00153362  -0.000825786     0.0151166    0.00153904      0.999977    0.00661104    -0.0590189   0.000815628    -0.0066123      0.999978     0.0677706
     0.999997   -0.00158666   -0.00163364     0.0528796    0.00159453      0.999987    0.00482866      0.186416    0.00162596   -0.00483126      0.999987    -0.0925392
     0.999997   -0.00162662   -0.00186901     0.0504681    0.00163668      0.999984    0.00539528    -0.0271687    0.00186021   -0.00539833      0.999984     0.0124195
     0.999997   -0.00166939   -0.00173147     0.0628118    0.00167809      0.999986    0.00503714      0.113052    0.00172303   -0.00504003      0.999986     -0.109462
     0.999996   -0.00189907   -0.00201385      0.068713    0.00190895      0.999986    0.00491294     0.0650352    0.00200449   -0.00491677      0.999986    -0.0524205
     0.999997   -0.00190579    -0.0017475     0.0738194    0.00191437      0.999986    0.00492311      0.147488     0.0017381   -0.00492644      0.999986     -0.134856
     0.999996   -0.00202608   -0.00194717     0.0715301    0.00203632      0.999984    0.00526816     0.0747775    0.00193647    -0.0052721      0.999984    -0.0345705
     0.999997    -0.0018003   -0.00181704     0.0793759    0.00180944      0.999986    0.00504267      0.138619    0.00180793   -0.00504594      0.999986     -0.122235
     0.999997   -0.00177087   -0.00179447      0.075737    0.00178031      0.999985     0.0052725     0.0651871    0.00178511   -0.00527567      0.999984    -0.0363461
     0.999996   -0.00198651   -0.00186187     0.0793072    0.00199635      0.999984    0.00530053      0.142408    0.00185131   -0.00530422      0.999984     -0.108325
     0.999996   -0.00182964   -0.00196319     0.0799813    0.00184017      0.999984    0.00537361     0.0639196    0.00195333   -0.00537721      0.999984    -0.0179939
     0.999997   -0.00182147   -0.00184395     0.0801368    0.00183165      0.999983    0.00553569      0.122392    0.00183384   -0.00553905      0.999983     -0.100755
     0.999997    -0.0017172   -0.00197138     0.0793293    0.00172793      0.999984    0.00545507     0.0808612    0.00196198   -0.00545846      0.999983    -0.0206453
     0.999997   -0.00182605    -0.0018991     0.0822838    0.00183602      0.999984    0.00526073      0.121758    0.00188947    -0.0052642      0.999984     -0.134719
     0.999996   -0.00182915    -0.0022615     0.0852607      0.001842      0.999982    0.00569586     0.0389066    0.00225104       -0.0057      0.999981    -0.0314113
     0.999996   -0.00186302   -0.00216585     0.0908317    0.00187333      0.999987    0.00477043      0.171353    0.00215694   -0.00477447      0.999986     -0.223185
     0.999996   -0.00192349   -0.00213462     0.0906898    0.00193534      0.999983    0.00556367     0.0291568    0.00212388   -0.00556778      0.999982     -0.075146
     0.999996   -0.00189573    -0.0020906     0.0952516    0.00190556      0.999987     0.0047091      0.176085    0.00208165   -0.00471307      0.999987     -0.195904
     0.999996   -0.00186689   -0.00209199     0.0882201     0.0018785      0.999983    0.00555775     0.0557363    0.00208158   -0.00556166      0.999982    -0.0635608
     0.999996   -0.00187212   -0.00197508     0.0866799     0.0018814      0.999987    0.00470359       0.21347    0.00196625   -0.00470728      0.999987     -0.224738
     0.999996    -0.0018564   -0.00211276     0.0827011    0.00186828      0.999982    0.00563346     0.0817703    0.00210226   -0.00563739      0.999982      -0.07608
     0.999995    -0.0019018   -0.00232093     0.0968139    0.00191371      0.999985    0.00513849      0.189986    0.00231113   -0.00514291      0.999984     -0.205207
     0.999996   -0.00179697   -0.00203406     0.0771771    0.00180779      0.999984    0.00532894      0.109819    0.00202445    -0.0053326      0.999984    -0.0827595
     0.999996   -0.00194533   -0.00226022     0.0841258    0.00195682      0.999985    0.00509149      0.202042    0.00225028   -0.00509589      0.999984     -0.178975
     0.999996   -0.00179821   -0.00203502     0.0787764    0.00180931      0.999983    0.00546451     0.0831434    0.00202516   -0.00546817      0.999983    -0.0663663
     0.999996    -0.0019506   -0.00225806     0.0881331    0.00196176      0.999986    0.00495329       0.20656    0.00224837   -0.00495769      0.999985     -0.207419
     0.999996   -0.00185374   -0.00220647      0.073929    0.00186504      0.999985    0.00513125      0.102797    0.00219693   -0.00513535      0.999984    -0.0559415
     0.999996   -0.00190146   -0.00211396     0.0893746    0.00191214      0.999985    0.00506066      0.177095    0.00210431   -0.00506468      0.999985     -0.200317
     0.999996   -0.00171409    -0.0023914     0.0838886    0.00172744      0.999983    0.00558961     0.0919885    0.00238177   -0.00559372      0.999982    -0.0495478
     0.999996   -0.00178182   -0.00226029     0.0887423    0.00179193      0.999988    0.00447883      0.190067    0.00225228   -0.00448286      0.999987     -0.200293
     0.999996   -0.00169012   -0.00237679     0.0736053    0.00170349      0.999983    0.00563216     0.0568485    0.00236723   -0.00563618      0.999981    -0.0240671
     0.999996   -0.00189193   -0.00225186     0.0922663    0.00190255      0.999987    0.00472231      0.203761     0.0022429   -0.00472658      0.999986     -0.220169
     0.999995    -0.0017653   -0.00246426     0.0791982    0.00177991      0.999981    0.00593721     0.0560128    0.00245373   -0.00594156      0.999979    -0.0338696
     0.999995   -0.00182036   -0.00250225     0.0944735     0.0018312      0.999989    0.00433748      0.203207    0.00249433   -0.00434204      0.999987     -0.235679
     0.999996   -0.00175831   -0.00237644     0.0806344    0.00177234      0.999981    0.00591685     0.0473239    0.00236599   -0.00592103       0.99998     -0.043277
     0.999995    -0.0018941   -0.00247548     0.0932458    0.00190573      0.999987    0.00470284      0.212044    0.00246654   -0.00470753      0.999986     -0.246042
     0.999995   -0.00178915   -0.00266325     0.0813707    0.00180499      0.999981    0.00595953     0.0438392    0.00265253   -0.00596431      0.999979    -0.0527529
     0.999995   -0.00167086   -0.00252397     0.0798965    0.00168495      0.999983    0.00559344      0.166372    0.00251458   -0.00559767      0.999981     -0.131461
     0.999995   -0.00162446   -0.00255008     0.0871582    0.00163751      0.999986    0.00512405      0.124799    0.00254172    -0.0051282      0.999984     -0.132596
     0.999995   -0.00182169   -0.00245561     0.0885369    0.00183535      0.999983    0.00557327       0.14339    0.00244542   -0.00557775      0.999981     -0.160422
     0.999995   -0.00157435   -0.00266198     0.0923931    0.00158843      0.999985    0.00529589     0.0973764     0.0026536    -0.0053001      0.999982    -0.0831572
     0.999996   -0.00167417    -0.0024793     0.0876184    0.00168811      0.999983    0.00563449      0.127518    0.00246983   -0.00563865      0.999981       -0.1354
     0.999995   -0.00177691   -0.00278479     0.0938453    0.00179138      0.999985    0.00520411      0.173232     0.0027755   -0.00520907      0.999983     -0.168513
     0.999995   -0.00167771   -0.00255609      0.093023     0.0016913      0.999984    0.00532407      0.141575    0.00254712   -0.00532837      0.999983     -0.121933
     0.999993   -0.00190998   -0.00318399      0.141145    0.00192671      0.999984    0.00525687      0.191583     0.0031739   -0.00526297      0.999981     -0.200131
     0.999993   -0.00171673   -0.00340832      0.130986    0.00173827      0.999978    0.00632835      0.148399    0.00339738   -0.00633423      0.999974     -0.127112
     0.999992   -0.00179038   -0.00346354      0.141566    0.00180986      0.999983    0.00562998      0.200983     0.0034534   -0.00563621      0.999978     -0.155286
     0.999993   -0.00157517   -0.00331692      0.125311    0.00159778      0.999975    0.00682648     0.0932428    0.00330608   -0.00683174      0.999971    -0.0494062
     0.999993   -0.00186062   -0.00331034      0.126969     0.0018794      0.999982    0.00567996      0.225309    0.00329971   -0.00568614      0.999978     -0.205327
     0.999992   -0.00163528   -0.00352882       0.11891    0.00165759      0.999979    0.00632787      0.101789     0.0035184   -0.00633367      0.999974    -0.0467054
     0.999993   -0.00174431   -0.00344338      0.129677    0.00176448      0.999981    0.00586105      0.227392    0.00343309   -0.00586709      0.999977     -0.203756
     0.999992    -0.0017851   -0.00352971       0.12716    0.00180921      0.999975    0.00683708      0.103384    0.00351742   -0.00684341       0.99997    -0.0659161
     0.999992   -0.00176351   -0.00348498      0.129866    0.00178307      0.999983     0.0056175       0.22022    0.00347501   -0.00562367      0.999978     -0.195199
     0.999992   -0.00173426   -0.00360295      0.125521     0.0017604      0.999972    0.00726354     0.0787985    0.00359025   -0.00726983      0.999967    -0.0346131
     0.999991   -0.00192784   -0.00366362      0.134998    0.00194967       0.99998    0.00596503      0.222499    0.00365205   -0.00597212      0.999975     -0.206201
     0.999992   -0.00174085   -0.00351345      0.128945    0.00176517      0.999974    0.00693061     0.0653763     0.0035013   -0.00693676       0.99997     -0.062194
     0.999991   -0.00188178   -0.00367778      0.136795    0.00190416       0.99998    0.00609111      0.202707    0.00366625   -0.00609806      0.999975     -0.202749
     0.999992   -0.00165987   -0.00351021      0.126043    0.00168186      0.999979    0.00626976     0.0822038    0.00349973   -0.00627562      0.999974    -0.0662688
     0.999992   -0.00196266   -0.00350554      0.136703    0.00198393       0.99998    0.00607539      0.202872    0.00349354    -0.0060823      0.999975     -0.218925
     0.999992   -0.00187322   -0.00365596      0.124742    0.00189684      0.999977    0.00646736      0.122955    0.00364376   -0.00647424      0.999972    -0.0656386
     0.999992   -0.00190604   -0.00353211      0.136665    0.00192762      0.999979    0.00611814       0.21925    0.00352037    -0.0061249      0.999975     -0.223188
     0.999992   -0.00195998    -0.0035088      0.132869    0.00198381      0.999975    0.00680168      0.120432    0.00349538   -0.00680858      0.999971    -0.0803181
     0.999992   -0.00190995   -0.00349738      0.134372     0.0019302      0.999981    0.00579708      0.225105    0.00348624   -0.00580378      0.999977     -0.192409
     0.999992   -0.00188787    -0.0034411      0.116983    0.00191094      0.999976    0.00671532     0.0977693    0.00342834   -0.00672184      0.999972    -0.0631011
     0.999994   -0.00180151   -0.00305702     0.0700136    0.00182197      0.999976    0.00670531      0.168805    0.00304487   -0.00671084      0.999973    -0.0763324
     0.999992   -0.00218041   -0.00334642      0.113743    0.00220162      0.999977    0.00634741      0.253951     0.0033325   -0.00635473      0.999974     -0.254939
     0.999992   -0.00187311   -0.00339066     0.0927235    0.00189815      0.999971    0.00739488      0.094665    0.00337671   -0.00740126      0.999967    -0.0737786
     0.999992   -0.00201359   -0.00335509      0.109206    0.00203408      0.999979    0.00611354      0.300267    0.00334271   -0.00612032      0.999976     -0.247043
     0.999993   -0.00189202    -0.0033673      0.116806    0.00191486      0.999975    0.00679206      0.147163    0.00335437   -0.00679846      0.999971     -0.118198
     0.999992    -0.0021288   -0.00331159      0.125106    0.00214911      0.999979    0.00614167      0.251771    0.00329845   -0.00614874      0.999976      -0.25059
     0.999992   -0.00215207   -0.00342396      0.120413    0.00217588      0.999973    0.00696603      0.116537    0.00340888   -0.00697342       0.99997     -0.131125
     0.999992   -0.00206704   -0.00344264      0.119783    0.00208973      0.999976    0.00660021      0.210265    0.00342892   -0.00660735      0.999972     -0.202474
     0.999993   -0.00192972   -0.00335575      0.106319    0.00195474       0.99997    0.00747043      0.121114    0.00334123   -0.00747693      0.999966    -0.0717571
     0.999991   -0.00226651   -0.00350302      0.124049    0.00228924      0.999976    0.00649689      0.254187    0.00348821   -0.00650485      0.999973     -0.269521
     0.999992   -0.00195991   -0.00343089      0.112441    0.00198515      0.999971     0.0073685     0.0818841    0.00341635   -0.00737525      0.999967    -0.0755824
     0.999991     -0.002297   -0.00362731      0.128264    0.00232172      0.999974    0.00682314      0.233528    0.00361155    -0.0068315       0.99997     -0.262718
     0.999992   -0.00200767   -0.00344112      0.120407    0.00203319       0.99997    0.00743047     0.0907556     0.0034261   -0.00743741      0.999966     -0.103607
     0.999991   -0.00240032   -0.00358781      0.135426    0.00242503      0.999973    0.00689933      0.215257    0.00357115   -0.00690797       0.99997     -0.269248
     0.999992   -0.00206164   -0.00338266      0.124486    0.00208682       0.99997     0.0074572      0.122446    0.00336719    -0.0074642      0.999966     -0.110931
      0.99999   -0.00242656    -0.0036563      0.134275    0.00245082      0.999975    0.00664343      0.203137    0.00364009   -0.00665233      0.999971     -0.207814
     0.999992    -0.0020992   -0.00353453      0.135553    0.00212598      0.999969    0.00759203      0.133536    0.00351848   -0.00759948      0.999965     -0.133116
      0.99999   -0.00233701   -0.00388174      0.145468    0.00236446      0.999972    0.00708362      0.213646    0.00386507   -0.00709273      0.999967     -0.209582
     0.999992    -0.0019656   -0.00351001      0.129692    0.00199371      0.999966    0.00802407       0.11722    0.00349412     -0.008031      0.999962      -0.11794
      0.99999   -0.00255139   -0.00369408      0.141092    0.00257718      0.999972     0.0069929      0.242981    0.00367613   -0.00700235      0.999969     -0.268852
     0.999991   -0.00211654    -0.0035885      0.128937    0.00214333       0.99997    0.00747776      0.116351    0.00357257   -0.00748539      0.999966     -0.113904
     0.999991    -0.0024188   -0.00346996      0.134147    0.00244411       0.99997    0.00730877      0.251706    0.00345218   -0.00731718      0.999967     -0.225053
     0.999991   -0.00205841   -0.00372534      0.122282    0.00208604       0.99997    0.00742846       0.13448    0.00370994   -0.00743616      0.999965    -0.0682037
     0.999991   -0.00238179   -0.00356223      0.121639    0.00240637      0.999973    0.00691101      0.260172    0.00354567   -0.00691952       0.99997     -0.224429
     0.999991   -0.00223722   -0.00367014      0.120642    0.00226579      0.999967    0.00779724      0.169561    0.00365258   -0.00780548      0.999963    -0.0859619
      0.99999   -0.00243227   -0.00368178      0.131209    0.00245776      0.999973    0.00693347      0.260158    0.00366481   -0.00694246      0.999969     -0.245531
     0.999991   -0.00237307   -0.00361728      0.135311    0.00240177      0.999966    0.00794986      0.157048    0.00359828   -0.00795848      0.999962     -0.111946
      0.99999   -0.00245902   -0.00364426      0.138511    0.00248259      0.999976    0.00647697      0.278662    0.00362824   -0.00648595      0.999972      -0.25146
      0.99999   -0.00227835   -0.00382732      0.133075    0.00230966      0.999964    0.00819489      0.137936    0.00380851   -0.00820365      0.999959    -0.0908261
      0.99999   -0.00257832   -0.00376702      0.143068    0.00260747      0.999967    0.00775183      0.299427    0.00374691   -0.00776157      0.999963     -0.249332
      0.99999   -0.00245112   -0.00382788      0.145861    0.00247966      0.999969    0.00746918      0.213805    0.00380945   -0.00747859      0.999965     -0.165794
      0.99999   -0.00251643   -0.00360752      0.127833     0.0025445      0.999966    0.00779923       0.22508    0.00358778   -0.00780833      0.999963     -0.213206
      0.99999   -0.00264021   -0.00374289      0.145738     0.0026663      0.999972    0.00698298      0.255061    0.00372435   -0.00699289      0.999969     -0.227048
      0.99999   -0.00247628   -0.00369639      0.136346    0.00250402      0.999969    0.00751906      0.214381    0.00367765   -0.00752824      0.999965     -0.214064
     0.999989   -0.00269035    -0.0037591      0.144754    0.00271638      0.999972    0.00693726      0.259799    0.00374033    -0.0069474      0.999969     -0.261398
      0.99999   -0.00234096   -0.00370081      0.148036    0.00236896      0.999968    0.00757966      0.171004    0.00368295   -0.00758836      0.999964     -0.170554
      0.99999   -0.00262901   -0.00364296      0.150881     0.0026539      0.999973    0.00684392      0.256334    0.00362487   -0.00685352       0.99997     -0.256823
     0.999991   -0.00229195   -0.00367888      0.135434    0.00231876      0.999971    0.00730033      0.189929    0.00366204   -0.00730879      0.999967     -0.165885
      0.99999   -0.00247997   -0.00371323      0.143633    0.00250755      0.999969    0.00743966       0.18762    0.00369466    -0.0074489      0.999965     -0.194168
      0.99999   -0.00247759   -0.00371532      0.145646    0.00250542      0.999969    0.00750536      0.224371    0.00369661   -0.00751459      0.999965     -0.224927
      0.99999   -0.00254723   -0.00365553      0.137937    0.00257375       0.99997    0.00726757      0.195678    0.00363691   -0.00727691      0.999967     -0.195461
      0.99999   -0.00261903   -0.00354419      0.135925    0.00264742      0.999964    0.00802943      0.174191    0.00352303   -0.00803874      0.999961     -0.192359
      0.99999   -0.00258975   -0.00366923      0.143893    0.00261493      0.999973    0.00687535      0.264758    0.00365133   -0.00688487       0.99997     -0.267495
     0.999991   -0.00249534    -0.0035342      0.116403    0.00252372      0.999964    0.00804659      0.117115      0.003514   -0.00805544      0.999961     -0.123471
     0.999993   -0.00232157   -0.00307072      0.066586    0.00234331      0.999972    0.00709355      0.196565    0.00305417   -0.00710069       0.99997     -0.129542
     0.999992    -0.0025546   -0.00320027      0.111766    0.00257808       0.99997    0.00735522      0.278496    0.00318139   -0.00736341      0.999968     -0.276524
     0.999991   -0.00254253   -0.00348222      0.125499    0.00257025      0.999965    0.00797821      0.142249    0.00346181   -0.00798708      0.999962     -0.139969
      0.99999    -0.0027042   -0.00357528      0.137581    0.00273159      0.999967    0.00767708      0.285016     0.0035544   -0.00768677      0.999964     -0.281845
      0.99999   -0.00252404   -0.00360121       0.13136    0.00255146      0.999968    0.00763116       0.21315    0.00358183   -0.00764027      0.999964     -0.141148
      0.99999     -0.002727   -0.00353267      0.143519     0.0027545      0.999966    0.00780116      0.263129    0.00351127   -0.00781081      0.999963     -0.284999
      0.99999   -0.00260911   -0.00366174       0.15338    0.00263547      0.999971    0.00721305      0.236068    0.00364281   -0.00722263      0.999967     -0.179866
      0.99999   -0.00269262   -0.00345111      0.141821    0.00271922      0.999966    0.00772789      0.231002    0.00343019    -0.0077372      0.999964      -0.24558
     0.999989   -0.00276409   -0.00375122      0.149981    0.00279111       0.99997    0.00721623      0.267287    0.00373116   -0.00722663      0.999967     -0.235556
      0.99999   -0.00262719   -0.00368277      0.152221     0.0026561      0.999966     0.0078664      0.244796    0.00366198    -0.0078761      0.999962     -0.242911
     0.999988   -0.00278909   -0.00392074      0.156665    0.00281901      0.999967    0.00764593      0.245795    0.00389928   -0.00765689      0.999963     -0.198364
      0.99999   -0.00250209   -0.00373088      0.144268    0.00253192      0.999965    0.00801449       0.26367     0.0037107   -0.00802386      0.999961     -0.265179
     0.999989   -0.00268792   -0.00389925      0.158581    0.00271863      0.999965    0.00789251      0.190093     0.0038779   -0.00790302      0.999961     -0.202351
     0.999988   -0.00275739   -0.00395521      0.154253    0.00278675      0.999968    0.00743824      0.277147    0.00393457   -0.00744917      0.999965     -0.309761
     0.999989   -0.00249496   -0.00384934      0.154083    0.00252539      0.999965    0.00792255      0.163322    0.00382944   -0.00793219      0.999961     -0.153017
     0.999989   -0.00257965   -0.00380693      0.149545     0.0026104      0.999964    0.00809573      0.249085    0.00378591   -0.00810558       0.99996     -0.246637
     0.999989   -0.00265286   -0.00393981        0.1566    0.00268181      0.999969    0.00735945      0.220837    0.00392017   -0.00736994      0.999965     -0.206992
     0.999989    -0.0026406   -0.00381988       0.15088    0.00267179      0.999963    0.00818297      0.191162    0.00379813   -0.00819308      0.999959     -0.194807
     0.999988   -0.00284881   -0.00400587       0.16072    0.00287825      0.999969     0.0073631      0.276326    0.00398477   -0.00737454      0.999965     -0.251951
      0.99999    -0.0024719   -0.00382786      0.146891     0.0025041      0.999961    0.00843055      0.221951    0.00380688   -0.00844005      0.999957     -0.179032
     0.999988   -0.00270819    -0.0040388      0.156479    0.00273901      0.999967    0.00764511      0.284951    0.00401797   -0.00765608      0.999963     -0.250079
     0.999989   -0.00252364    -0.0038813      0.155499    0.00255624      0.999961     0.0084177      0.204539    0.00385991   -0.00842753      0.999957     -0.173886
     0.999989   -0.00270488   -0.00394872      0.160147    0.00273487      0.999967     0.0076097      0.295837    0.00392801   -0.00762041      0.999963     -0.260153
     0.999989   -0.00251426    -0.0040156      0.146048    0.00254668      0.999964    0.00809049      0.177338    0.00399511   -0.00810062      0.999959    -0.0995655
     0.999988   -0.00272821   -0.00405494       0.15834      0.002759      0.999967      0.007606      0.268759    0.00403405    -0.0076171      0.999963     -0.259439
     0.999989   -0.00251093   -0.00405914      0.151398    0.00254248      0.999966    0.00778724      0.191916    0.00403945   -0.00779748      0.999961     -0.119429
     0.999988   -0.00265454   -0.00411414      0.155307    0.00268393      0.999971    0.00715454      0.279179    0.00409503    -0.0071655      0.999966     -0.294708
     0.999989   -0.00249884   -0.00394269      0.141123    0.00253081      0.999964    0.00812621      0.165226    0.00392224    -0.0081361      0.999959     -0.122813
     0.999988   -0.00279047    -0.0040112      0.152664    0.00282001      0.999969    0.00737621      0.296736     0.0039905   -0.00738743      0.999965     -0.280567
     0.999989   -0.00252351   -0.00388768      0.141749    0.00255409      0.999966    0.00788102      0.129115    0.00386766   -0.00789086      0.999961     -0.122136
     0.999988   -0.00283348   -0.00387831      0.155206    0.00286196      0.999969     0.0073571      0.260377    0.00385735   -0.00736812      0.999965     -0.302128
     0.999988   -0.00263781    -0.0040975      0.150675    0.00266888      0.999968    0.00759558      0.164265    0.00407733   -0.00760642      0.999963     -0.115736
     0.999988   -0.00265625   -0.00407918      0.145998    0.00268655      0.999969       0.00744      0.241113    0.00405929   -0.00745087      0.999964     -0.217593
     0.999988   -0.00270685   -0.00413644      0.147177    0.00273636      0.999971    0.00714517      0.194165    0.00411697    -0.0071564      0.999966     -0.223679
     0.999988   -0.00265619   -0.00411905      0.142347    0.00268874      0.999965    0.00791616      0.202538    0.00409788   -0.00792714       0.99996     -0.194976
     0.999988   -0.00267856   -0.00406938      0.144808    0.00270667      0.999972    0.00691724      0.252828    0.00405074   -0.00692817      0.999968     -0.247411
     0.999988   -0.00271133   -0.00395899      0.146688    0.00274275      0.999965    0.00795206      0.190924    0.00393729   -0.00796282      0.999961     -0.189006
     0.999988   -0.00286806   -0.00392785      0.151721    0.00289572      0.999971    0.00705426      0.294326    0.00390751   -0.00706555      0.999967     -0.296243
     0.999988   -0.00270083   -0.00412002      0.149111    0.00273426      0.999963    0.00813176      0.180121    0.00409791   -0.00814293      0.999958     -0.111011
     0.999988   -0.00272383   -0.00412878      0.152412    0.00275363       0.99997    0.00722799      0.312072    0.00410897   -0.00723927      0.999965      -0.25434
     0.999989   -0.00251318   -0.00384042      0.133787    0.00254079      0.999971    0.00720115      0.231847    0.00382221   -0.00721083      0.999967      -0.21406
      0.99999   -0.00255061   -0.00376145      0.135396    0.00257982      0.999966    0.00778039      0.206749    0.00374148   -0.00779002      0.999963     -0.125054
     0.999988   -0.00272967   -0.00394837      0.144681    0.00275841       0.99997    0.00729201      0.319988    0.00392835   -0.00730281      0.999966     -0.294048
     0.999988   -0.00252075   -0.00415982      0.140399    0.00255603      0.999961    0.00849707      0.158128    0.00413824    -0.0085076      0.999955     -0.105291
     0.999988   -0.00261194     -0.004039       0.14156    0.00264488      0.999963    0.00817284      0.278563     0.0040175   -0.00818343      0.999958     -0.232548
     0.999989   -0.00249987   -0.00408314      0.152574    0.00253073      0.999968    0.00756857      0.232933    0.00406409   -0.00757882      0.999963     -0.222294
     0.999989   -0.00254143   -0.00404102      0.144157    0.00257497      0.999962     0.0083181      0.224274    0.00401973   -0.00832841      0.999957      -0.19678
     0.999988   -0.00269825   -0.00401586      0.147031    0.00272734       0.99997    0.00725564      0.288711    0.00399616   -0.00726651      0.999966     -0.262702
