# 3dvolreg matrices (DICOM-to-DICOM, row-by-row):
     0.999988    0.00296187   -0.00396605      0.263352   -0.00296511      0.999995  -0.000811871    -0.0865141    0.00396362   0.000823621      0.999992      0.570084
     0.999988    0.00287323   -0.00404448      0.270362   -0.00287604      0.999996  -0.000688788     -0.105157    0.00404249   0.000700412      0.999992      0.556305
     0.999988    0.00272167   -0.00416903       0.26579   -0.00272523      0.999996  -0.000849519    -0.0712196     0.0041667    0.00086087      0.999991      0.563293
     0.999987    0.00274208   -0.00434436      0.270152    -0.0027459      0.999996  -0.000874398     -0.092378    0.00434195   0.000886316       0.99999      0.548418
     0.999988    0.00268506   -0.00405347      0.267133   -0.00268862      0.999996   -0.00087405    -0.0858936    0.00405111   0.000884937      0.999991      0.551866
     0.999988    0.00266419   -0.00415109      0.252537   -0.00266856      0.999996   -0.00104716    -0.0872507    0.00414828    0.00105822      0.999991      0.546792
     0.999988    0.00259594    -0.0041495      0.263725    -0.0026004      0.999996   -0.00107084    -0.0748894    0.00414671    0.00108162      0.999991      0.553221
     0.999988    0.00261928   -0.00405922      0.241457    -0.0026232      0.999996  -0.000960795    -0.0783055    0.00405668   0.000971432      0.999991      0.565649
     0.999989    0.00250378   -0.00388357      0.252347   -0.00250714      0.999996  -0.000859192    -0.0868565     0.0038814    0.00086892      0.999992      0.569393
      0.99999    0.00252863   -0.00377251       0.23827   -0.00253268      0.999996   -0.00106905    -0.0690266    0.00376979    0.00107859      0.999992      0.561854
     0.999988    0.00265669   -0.00421878      0.263993   -0.00266192      0.999996   -0.00123436    -0.0502912    0.00421548    0.00124557       0.99999      0.540281
     0.999989    0.00252603   -0.00393254      0.258769   -0.00253038      0.999996   -0.00110087    -0.0841861    0.00392974    0.00111081      0.999992      0.513051
     0.999989    0.00247493   -0.00407246      0.242525   -0.00247932      0.999996   -0.00107497    -0.0687268    0.00406978    0.00108506      0.999991      0.529805
     0.999987    0.00258631   -0.00432545      0.253908   -0.00259104      0.999996   -0.00109002    -0.0541122    0.00432262    0.00110121       0.99999       0.52506
     0.999988    0.00249687   -0.00415488      0.256818   -0.00250073      0.999996  -0.000923636    -0.0768514    0.00415256   0.000934016      0.999991      0.535757
     0.999988    0.00256429   -0.00419321      0.258269   -0.00256778      0.999996  -0.000825814    -0.0563309    0.00419108   0.000836571      0.999991      0.550611
     0.999987    0.00295465   -0.00413302       0.25411   -0.00295915      0.999995   -0.00108195     -0.065764    0.00412981    0.00109416      0.999991      0.539827
     0.999988    0.00287534   -0.00398252      0.270816    -0.0028801      0.999995   -0.00119104      -0.09502    0.00397907    0.00120249      0.999991      0.545581
     0.999989    0.00284146    -0.0036047      0.255811   -0.00284545      0.999995   -0.00110322    -0.0868093    0.00360155    0.00111347      0.999993      0.538364
     0.999991    0.00252784   -0.00327336      0.223609   -0.00253091      0.999996  -0.000933326    -0.0926208    0.00327099   0.000941602      0.999994      0.584188
     0.999991    0.00243608   -0.00342374      0.220946   -0.00243996      0.999996   -0.00112925    -0.0868385    0.00342097     0.0011376      0.999994      0.571939
      0.99999    0.00255034   -0.00360096      0.234581   -0.00255464      0.999996   -0.00119198    -0.0771716    0.00359791    0.00120117      0.999993      0.540505
      0.99999    0.00256388   -0.00367009       0.24041   -0.00256945      0.999996   -0.00151401    -0.0366316     0.0036662    0.00152342      0.999992      0.529043
     0.999992    0.00246901   -0.00326632      0.223893   -0.00247336      0.999996    -0.0013262     -0.089999    0.00326303    0.00133426      0.999994      0.532714
     0.999991    0.00248979   -0.00349163      0.217626   -0.00249387      0.999996    -0.0011628      -0.02855    0.00348872    0.00117149      0.999993      0.571833
     0.999987    0.00298083   -0.00415222      0.243163   -0.00298689      0.999994   -0.00145593    -0.0698249    0.00414786    0.00146831       0.99999      0.571822
     0.999986    0.00296309   -0.00430056      0.283518     -0.002969      0.999995    -0.0013685    -0.0660519    0.00429649    0.00138125       0.99999      0.556115
     0.999988    0.00285782   -0.00396487       0.26369   -0.00286292      0.999995   -0.00128075    -0.0832388    0.00396119    0.00129209      0.999991       0.54852
      0.99999    0.00284413   -0.00358436      0.241186   -0.00284861      0.999995   -0.00124436    -0.0679054     0.0035808    0.00125456      0.999993       0.52711
     0.999988    0.00270866   -0.00402129      0.250969   -0.00271373      0.999996   -0.00125505    -0.0667089    0.00401787    0.00126594      0.999991      0.529189
     0.999989    0.00261589   -0.00392334      0.253475    -0.0026216      0.999996   -0.00145225    -0.0540403    0.00391952    0.00146252      0.999991      0.553701
     0.999989    0.00265838   -0.00385684      0.253948    -0.0026636      0.999996   -0.00134826    -0.0502975    0.00385324    0.00135852      0.999992      0.540884
      0.99999    0.00260319   -0.00357016      0.226728   -0.00260743      0.999996   -0.00118451     -0.113352    0.00356706    0.00119381      0.999993      0.542876
      0.99999    0.00263276   -0.00349807      0.235676   -0.00263659      0.999996   -0.00109091    -0.0608488    0.00349518    0.00110012      0.999993      0.527269
     0.999991    0.00270099   -0.00341719      0.223241   -0.00270378      0.999996  -0.000811684    -0.0892649    0.00341499   0.000820916      0.999994      0.528672
     0.999991    0.00261169   -0.00348158      0.231243   -0.00261564      0.999996   -0.00112915    -0.0919226    0.00347861    0.00113824      0.999993      0.539531
      0.99999    0.00260173   -0.00353174      0.221321   -0.00260662      0.999996   -0.00138037    -0.0598841    0.00352813    0.00138956      0.999993      0.529774
      0.99999    0.00259452   -0.00356161      0.228268   -0.00259927      0.999996   -0.00132858    -0.0947885    0.00355815    0.00133782      0.999993      0.526255
     0.999991    0.00258261    -0.0034965      0.227224   -0.00258736      0.999996   -0.00135547    -0.0583187    0.00349299     0.0013645      0.999993      0.534008
     0.999991    0.00251504   -0.00337498      0.234696   -0.00251882      0.999996   -0.00111517    -0.0759237    0.00337216    0.00112366      0.999994      0.504932
     0.999991    0.00244448   -0.00335718      0.219942   -0.00244785      0.999997   -0.00100013    -0.0606035    0.00335472    0.00100833      0.999994      0.513433
     0.999991    0.00250059   -0.00343564         0.221   -0.00250467      0.999996   -0.00118349     -0.068828    0.00343267    0.00119208      0.999993      0.496607
     0.999991    0.00245865   -0.00345984      0.223423   -0.00246386      0.999996   -0.00150339    -0.0646936    0.00345612     0.0015119      0.999993      0.495063
     0.999991    0.00248469   -0.00345729      0.219136   -0.00248958      0.999996    -0.0014105    -0.0589059    0.00345377     0.0014191      0.999993      0.506124
     0.999991     0.0023739    -0.0034535      0.219834   -0.00237773      0.999997   -0.00110716    -0.0544563    0.00345086    0.00111536      0.999993      0.509172
     0.999991     0.0024558   -0.00341335      0.209991    -0.0024601      0.999996   -0.00125783    -0.0793333    0.00341025    0.00126622      0.999993      0.496685
     0.999991    0.00250666   -0.00340608      0.220107   -0.00251087      0.999996   -0.00123405    -0.0568814    0.00340297    0.00124259      0.999993      0.500282
     0.999991    0.00244741   -0.00333892      0.222062   -0.00245239      0.999996   -0.00148869    -0.0520952    0.00333527    0.00149686      0.999993      0.502253
     0.999992    0.00234387   -0.00315097      0.209972   -0.00234832      0.999996   -0.00140901    -0.0766331    0.00314766     0.0014164      0.999994      0.494695
     0.999993    0.00223583   -0.00301426      0.205359    -0.0022401      0.999996   -0.00141203    -0.0760474    0.00301109    0.00141878      0.999994       0.50381
     0.999992    0.00232188   -0.00319848      0.197195   -0.00232581      0.999997   -0.00122654    -0.0743502    0.00319562    0.00123397      0.999994      0.502856
     0.999993    0.00237261   -0.00305651       0.20293   -0.00237588      0.999997   -0.00106703    -0.0812937    0.00305397    0.00107428      0.999995      0.498662
     0.999992    0.00236339   -0.00306973       0.20321   -0.00236633      0.999997  -0.000954379    -0.0731601    0.00306747   0.000961636      0.999995      0.489847
     0.999993    0.00242808   -0.00278166      0.186375   -0.00243136      0.999996   -0.00117606    -0.0706645    0.00277879    0.00118282      0.999995      0.504819
     0.999994    0.00237842   -0.00248666      0.186625   -0.00238172      0.999996   -0.00132106    -0.0752048    0.00248351    0.00132698      0.999996      0.519997
     0.999994    0.00252778   -0.00230988      0.174912   -0.00253111      0.999996    -0.0014396    -0.0390515    0.00230623    0.00144544      0.999996       0.51639
     0.999994    0.00250159   -0.00222524      0.175735   -0.00250469      0.999996   -0.00139091    -0.0694532    0.00222175    0.00139648      0.999997      0.514499
     0.999993    0.00262854   -0.00260544       0.17499   -0.00263209      0.999996    -0.0013594     -0.066846    0.00260185    0.00136625      0.999996      0.513491
     0.999993    0.00254218   -0.00256232      0.194269    -0.0025457      0.999996   -0.00137399    -0.0803339    0.00255881     0.0013805      0.999996      0.533996
     0.999993    0.00275465   -0.00233698      0.171738   -0.00275755      0.999995   -0.00123657    -0.0505459    0.00233356    0.00124301      0.999997      0.531598
     0.999993    0.00281813   -0.00234932      0.193023   -0.00282074      0.999995    -0.0011088    -0.0639932    0.00234618    0.00111542      0.999997      0.532784
     0.999992    0.00302679   -0.00267462      0.203658   -0.00302966      0.999995    -0.0010714     -0.055036    0.00267137     0.0010795      0.999996      0.540481
     0.999991    0.00317696   -0.00267132      0.203222   -0.00317955      0.999994  -0.000963938      -0.10825    0.00266824   0.000972424      0.999996      0.525869
     0.999991    0.00328114   -0.00270907      0.217384   -0.00328293      0.999994  -0.000657501    -0.0761693     0.0027069   0.000666389      0.999996      0.530079
     0.999992    0.00324343    -0.0023634      0.210939   -0.00324512      0.999994   -0.00071198    -0.0944891    0.00236108   0.000719643      0.999997       0.55115
     0.999992     0.0030898   -0.00248982      0.198887   -0.00309182      0.999995  -0.000806864    -0.0966836    0.00248731   0.000814555      0.999997      0.585022
     0.999992     0.0031196   -0.00258574      0.204904   -0.00312143      0.999995   -0.00070303    -0.0942866    0.00258353   0.000711096      0.999996      0.558207
     0.999993    0.00309573   -0.00231357      0.201245   -0.00309727      0.999995  -0.000663147    -0.0950325     0.0023115   0.000670308      0.999997      0.528993
     0.999993    0.00307694   -0.00224842      0.188021   -0.00307849      0.999995  -0.000685275    -0.0897319     0.0022463   0.000692192      0.999997      0.530226
     0.999992    0.00321002    -0.0022503      0.198419   -0.00321232      0.999994   -0.00102037    -0.0692906    0.00224701    0.00102759      0.999997      0.538968
     0.999992    0.00308483   -0.00244377      0.201997   -0.00308751      0.999995   -0.00109016    -0.0701344     0.0024404     0.0010977      0.999996      0.551142
     0.999992    0.00299633     -0.002505      0.200717   -0.00299922      0.999995   -0.00115198    -0.0572692    0.00250153    0.00115948      0.999996      0.568672
     0.999993    0.00289967   -0.00225448      0.196892   -0.00290238      0.999995    -0.0012026    -0.0530289    0.00225098    0.00120914      0.999997      0.571217
     0.999993    0.00303752   -0.00238166      0.189943   -0.00303988      0.999995  -0.000989468     -0.097397    0.00237865   0.000996701      0.999997      0.551445
     0.999992    0.00316345   -0.00251488      0.194798   -0.00316626      0.999994   -0.00111391    -0.0847327    0.00251134    0.00112186      0.999996      0.575767
     0.999992    0.00328517   -0.00239005       0.18794   -0.00328739      0.999994  -0.000924488    -0.0652276      0.002387   0.000932337      0.999997      0.588906
     0.999991    0.00338024   -0.00255068      0.211204   -0.00338217      0.999994  -0.000753813    -0.0937127    0.00254812   0.000762433      0.999996      0.605417
     0.999989    0.00369223   -0.00292629      0.224644   -0.00369496      0.999993  -0.000927751    -0.0720618    0.00292284   0.000938553      0.999995      0.571128
     0.999988    0.00387963    -0.0028328      0.247609   -0.00388221      0.999992  -0.000906092    -0.0913105    0.00282926   0.000917079      0.999996       0.55487
     0.999987    0.00405205   -0.00304302      0.250063   -0.00405463      0.999991  -0.000841821    -0.0974174    0.00303958   0.000854149      0.999995      0.550862
     0.999987    0.00411071   -0.00304345      0.269181   -0.00411352      0.999991  -0.000917787    -0.0583741    0.00303965   0.000930294      0.999995      0.550763
     0.999987    0.00396911   -0.00332485       0.27812    -0.0039725      0.999992   -0.00101381    -0.0797881     0.0033208      0.001027      0.999994      0.558839
     0.999988    0.00380973   -0.00314771      0.281787   -0.00381381      0.999992   -0.00129105    -0.0349018    0.00314277    0.00130304      0.999994      0.551722
     0.999987     0.0039266   -0.00332674      0.259337    -0.0039301      0.999992   -0.00104436     -0.107296    0.00332261    0.00105743      0.999994      0.531333
     0.999986    0.00401288   -0.00348686      0.275108   -0.00401571      0.999992  -0.000806614    -0.0657061    0.00348359   0.000820605      0.999994      0.520478
     0.999986    0.00402304   -0.00335516      0.277023   -0.00402609      0.999991  -0.000901706    -0.0467732     0.0033515   0.000915202      0.999994      0.549895
     0.999986    0.00390874    -0.0034802      0.298398   -0.00391277      0.999992   -0.00115235    -0.0658866    0.00347567    0.00116595      0.999993      0.536326
     0.999988    0.00381953   -0.00318167      0.267891   -0.00382327      0.999992   -0.00116941    -0.0739477    0.00317717    0.00118156      0.999994      0.549603
     0.999987    0.00384842   -0.00324354      0.263226   -0.00385204      0.999992   -0.00111064    -0.0644186    0.00323924    0.00112312      0.999994      0.547625
     0.999989    0.00376827   -0.00294737      0.247111   -0.00377089      0.999993  -0.000882953    -0.0980175    0.00294402   0.000894057      0.999995      0.549874
     0.999989     0.0038602    -0.0028279      0.243902   -0.00386201      0.999992    -0.0006361    -0.0757769    0.00282543   0.000647014      0.999996      0.559207
     0.999989    0.00386259   -0.00271499      0.248688   -0.00386461      0.999992  -0.000739231    -0.0892011    0.00271211   0.000749715      0.999996      0.555338
     0.999988    0.00394557   -0.00291971        0.2526   -0.00394922      0.999991   -0.00124366    -0.0694111    0.00291478    0.00125517      0.999995      0.544041
     0.999989    0.00381381   -0.00269582      0.248852   -0.00381645      0.999992  -0.000974436    -0.0985289    0.00269208   0.000984714      0.999996      0.557807
     0.999988    0.00382123   -0.00292895      0.253377   -0.00382374      0.999992  -0.000853445    -0.0638614    0.00292566   0.000864634      0.999995      0.562928
     0.999989     0.0037749   -0.00268323      0.249317   -0.00377703      0.999993  -0.000786684      -0.11354    0.00268024   0.000796811      0.999996      0.547878
      0.99999     0.0037482   -0.00253734      0.238772   -0.00375067      0.999992  -0.000967129    -0.0961945     0.0025337   0.000976636      0.999996      0.546098
      0.99999    0.00366169   -0.00266311      0.231043   -0.00366451      0.999993     -0.001056    -0.0605985    0.00265922    0.00106575      0.999996      0.543154
      0.99999    0.00358258   -0.00281584      0.241617   -0.00358548      0.999993   -0.00102368    -0.0885734    0.00281215    0.00103376      0.999996      0.547731
      0.99999    0.00357775    -0.0028398      0.245036   -0.00358105      0.999993   -0.00115832    -0.0685566    0.00283564    0.00116848      0.999995      0.567343
      0.99999    0.00363358   -0.00258614      0.227089   -0.00363616      0.999993  -0.000992654     -0.077004    0.00258251    0.00100205      0.999996      0.559844
     0.999991    0.00353468   -0.00243957      0.229929   -0.00353686      0.999993  -0.000890716    -0.0691486    0.00243641   0.000899336      0.999997      0.572219
     0.999989    0.00361681   -0.00288672      0.229951   -0.00362034      0.999993    -0.0012193     -0.039063    0.00288229    0.00122974      0.999995      0.574409
      0.99999    0.00350768   -0.00264224      0.233344   -0.00351078      0.999993   -0.00116992    -0.0965955    0.00263812    0.00117919      0.999996      0.571777
     0.999991    0.00337802   -0.00258273      0.209533   -0.00338018      0.999994  -0.000832994    -0.0624219     0.0025799   0.000841717      0.999996      0.589518
      0.99999    0.00353003   -0.00261646      0.212092   -0.00353227      0.999993  -0.000850902    -0.0675746    0.00261344   0.000860136      0.999996      0.613448
      0.99999    0.00368354   -0.00263694      0.225415   -0.00368631      0.999993   -0.00104674    -0.0795417    0.00263307    0.00105645      0.999996      0.600423
     0.999989    0.00388186   -0.00270614      0.239052   -0.00388445      0.999992  -0.000952882    -0.0916947    0.00270242   0.000963383      0.999996      0.591399
     0.999989    0.00381336    -0.0026477      0.248474   -0.00381569      0.999992  -0.000876233     -0.101599    0.00264434   0.000886326      0.999996      0.560026
     0.999989    0.00384763   -0.00269588      0.234471   -0.00384984      0.999992  -0.000814215     -0.075622    0.00269273   0.000824584      0.999996      0.572271
     0.999989    0.00370433   -0.00291416      0.245767   -0.00370646      0.999993  -0.000724908     -0.115789    0.00291146   0.000735701      0.999995       0.58337
     0.999988    0.00374118   -0.00302773      0.242049   -0.00374431      0.999992    -0.0010286    -0.0532973    0.00302386    0.00103992      0.999995      0.600426
     0.999988    0.00369414   -0.00309875      0.253617   -0.00369714      0.999993  -0.000962309     -0.092399    0.00309518   0.000973755      0.999995      0.594322
     0.999988    0.00374575    -0.0032651       0.24902   -0.00374882      0.999993  -0.000934857    -0.0593412    0.00326157   0.000947086      0.999994      0.610403
     0.999988     0.0037392   -0.00320798      0.266791    -0.0037417      0.999993  -0.000772672     -0.087536    0.00320507   0.000784666      0.999995      0.583794
     0.999988    0.00374529   -0.00311817      0.255268   -0.00374814      0.999993  -0.000910216    -0.0533097    0.00311474   0.000921892      0.999995       0.58664
     0.999989    0.00354874    -0.0031897      0.257897   -0.00355171      0.999993  -0.000926696    -0.0601895    0.00318639   0.000938014      0.999994      0.596615
      0.99999    0.00348448   -0.00287402      0.246551    -0.0034869      0.999994  -0.000837366    -0.0822724    0.00287108   0.000847379      0.999996      0.590138
      0.99999    0.00360776   -0.00276758      0.227616   -0.00360953      0.999993  -0.000633355     -0.102766    0.00276528   0.000643338      0.999996      0.581687
      0.99999    0.00379553   -0.00249713      0.233466   -0.00379714      0.999993  -0.000641696    -0.0983441    0.00249468   0.000651171      0.999997      0.571168
     0.999989    0.00376079   -0.00262859      0.231891   -0.00376262      0.999993  -0.000693181    -0.0735983    0.00262596   0.000703064      0.999996      0.601722
     0.999989    0.00368895   -0.00285206      0.250921   -0.00369219      0.999993   -0.00113258    -0.0668975    0.00284786    0.00114309      0.999995      0.596976
      0.99999    0.00367714   -0.00272527      0.227598   -0.00368014      0.999993   -0.00109612      -0.12093    0.00272122    0.00110614      0.999996      0.607338
     0.999989    0.00366216   -0.00296065      0.240007   -0.00366551      0.999993   -0.00112514    -0.0659656     0.0029565    0.00113598      0.999995      0.615825
     0.999989     0.0037404   -0.00291672      0.241727   -0.00374346      0.999992   -0.00104428    -0.0778563    0.00291279    0.00105518      0.999995      0.600108
     0.999989    0.00375488   -0.00273746      0.250507   -0.00375724      0.999993  -0.000855542    -0.0980383    0.00273423   0.000865818      0.999996      0.591612
     0.999989    0.00376797   -0.00278143      0.244569   -0.00377118      0.999992   -0.00114962    -0.0524399    0.00277708    0.00116009      0.999995      0.590315
      0.99999    0.00371487   -0.00239405      0.234718    -0.0037173      0.999993   -0.00101375    -0.0846975    0.00239026    0.00102264      0.999997      0.576148
      0.99999    0.00368802   -0.00245089      0.222703   -0.00369038      0.999993  -0.000959016      -0.05549    0.00244734   0.000968051      0.999997      0.573177
     0.999989    0.00375549   -0.00263067      0.228139   -0.00375741      0.999993  -0.000724155    -0.0866961    0.00262793   0.000734032      0.999996      0.570975
     0.999989    0.00376109   -0.00267319      0.240699   -0.00376285      0.999993  -0.000656441    -0.0906357    0.00267071   0.000666492      0.999996      0.558313
     0.999989    0.00382242   -0.00253476      0.232349   -0.00382496      0.999992  -0.000998887     -0.048511    0.00253092    0.00100857      0.999996      0.566751
     0.999989    0.00385785   -0.00277263      0.233491   -0.00386064      0.999992   -0.00100307    -0.0722718    0.00276874    0.00101376      0.999996      0.576013
     0.999988     0.0039429   -0.00296678      0.253828   -0.00394562      0.999992  -0.000912934    -0.0566424    0.00296315   0.000924629      0.999995      0.589252
     0.999987    0.00403291   -0.00308846        0.2443   -0.00403481      0.999992  -0.000607572     -0.106076    0.00308598   0.000620025      0.999995       0.59603
     0.999982     0.0046411   -0.00376903      0.308347   -0.00464933      0.999987   -0.00217669    -0.0168598    0.00375887    0.00219418      0.999991      0.643807
     0.999973    0.00617475   -0.00391283      0.328145   -0.00617961       0.99998   -0.00123027    -0.0848734    0.00390515    0.00125442      0.999992       0.67674
     0.999991    0.00154518   -0.00397551      0.227447   -0.00154456      0.999999   0.000158857    -0.0895265    0.00397575  -0.000152715      0.999992      0.519064
     0.999992    0.00134162   -0.00368846      0.197387   -0.00134382      0.999999  -0.000593146     -0.119571    0.00368766   0.000598098      0.999993       0.51574
     0.999993    0.00135259   -0.00339731      0.180101     -0.001355      0.999999  -0.000707466     -0.117865    0.00339635   0.000712065      0.999994      0.531603
     0.999994    0.00112811   -0.00338763      0.181463   -0.00112918      0.999999   -0.00031597     -0.124115    0.00338727   0.000319793      0.999994      0.532165
     0.999994     0.0010089   -0.00317962      0.159835   -0.00101022      0.999999  -0.000414367    -0.0846448     0.0031792   0.000417577      0.999995      0.542417
     0.999995    0.00105187   -0.00313039      0.155523   -0.00105368      0.999999  -0.000575606     -0.109904    0.00312979   0.000578902      0.999995      0.535572
     0.999995    0.00101238   -0.00284979      0.156754   -0.00101444      0.999999  -0.000718993    -0.0788729    0.00284906    0.00072188      0.999996      0.533147
     0.999995    0.00100978   -0.00297338      0.146122   -0.00101324      0.999999   -0.00116295    -0.0641217     0.0029722    0.00116595      0.999995      0.530333
     0.999995   0.000826204   -0.00293984      0.133516  -0.000829137      0.999999  -0.000996631     -0.104246    0.00293901   0.000999064      0.999995      0.544964
     0.999995    0.00079704    -0.0030492      0.143848  -0.000800203      0.999999   -0.00103612    -0.0443006    0.00304837    0.00103855      0.999995      0.552282
     0.999995   0.000615397    -0.0030475      0.126182  -0.000618399      0.999999  -0.000984246    -0.0918278    0.00304689   0.000986126      0.999995      0.581267
     0.999995   0.000640942   -0.00294652       0.13344  -0.000643191             1  -0.000762359    -0.0923202    0.00294603    0.00076425      0.999995      0.548279
     0.999996   0.000734317   -0.00280641      0.123878  -0.000736612      0.999999  -0.000816553    -0.0840171     0.0028058   0.000818617      0.999996      0.547343
     0.999996    0.00072686   -0.00274332      0.121603  -0.000729418      0.999999  -0.000931482     -0.119585    0.00274264    0.00093348      0.999996      0.549467
     0.999996   0.000751579    -0.0026466      0.121903  -0.000754102      0.999999  -0.000952113    -0.0786356    0.00264588   0.000954106      0.999996       0.56185
     0.999995   0.000824608     -0.003013      0.133168  -0.000827387      0.999999  -0.000921116    -0.0736486    0.00301224   0.000923605      0.999995      0.575218
     0.999994    0.00108372   -0.00342618      0.154339   -0.00108692      0.999999  -0.000932032     -0.119919    0.00342516    0.00093575      0.999994      0.546778
     0.999994     0.0010445   -0.00343734      0.156468   -0.00104748      0.999999  -0.000864978     -0.103031    0.00343643   0.000868573      0.999994      0.552262
     0.999994   0.000988147   -0.00328717      0.164073  -0.000990555      0.999999  -0.000730989    -0.0850947    0.00328645   0.000734241      0.999994      0.577519
     0.999993   0.000936379   -0.00349405      0.166546  -0.000939946      0.999999   -0.00101926    -0.0782552    0.00349309    0.00102254      0.999993       0.56231
     0.999993   0.000950416   -0.00358531      0.169803  -0.000954542      0.999999   -0.00114936    -0.0896508    0.00358421    0.00115277      0.999993      0.547645
     0.999994   0.000912576   -0.00343036      0.169658  -0.000916769      0.999999   -0.00122085    -0.0700051    0.00342924    0.00122398      0.999993      0.534044
     0.999994   0.000903404   -0.00340728      0.163466  -0.000907151      0.999999   -0.00109847    -0.0800442    0.00340629    0.00110155      0.999994      0.546543
     0.999993   0.000899532   -0.00359776      0.164854  -0.000903105      0.999999  -0.000991509    -0.0780055    0.00359687   0.000994751      0.999993      0.558528
     0.999994   0.000764576   -0.00352017      0.165963  -0.000768186      0.999999   -0.00102408     -0.068871    0.00351939    0.00102678      0.999993      0.573441
     0.999993   0.000717002   -0.00354667      0.168441  -0.000721266      0.999999   -0.00120117     -0.073067     0.0035458    0.00120372      0.999993       0.54957
     0.999994   0.000804115   -0.00347882      0.148206  -0.000808036      0.999999    -0.0011256    -0.0906077    0.00347791    0.00112841      0.999993      0.553394
     0.999993   0.000965672   -0.00349293      0.155088  -0.000969351      0.999999   -0.00105174     -0.103846    0.00349191    0.00105512      0.999993      0.554639
     0.999992    0.00123971   -0.00381003      0.149091   -0.00124256      0.999999  -0.000747774     -0.113911     0.0038091   0.000752502      0.999992      0.583343
     0.999992    0.00128606    -0.0037404      0.200103   -0.00128998      0.999999   -0.00104576    -0.0471445    0.00373905    0.00105058      0.999992       0.55762
     0.999993    0.00106467   -0.00365865      0.192734   -0.00106892      0.999999   -0.00116003     -0.115071    0.00365741    0.00116393      0.999993      0.538436
     0.999994   0.000964642   -0.00339616      0.164793  -0.000968392      0.999999    -0.0011028    -0.0863663    0.00339509    0.00110608      0.999994      0.553855
     0.999994   0.000976033   -0.00344766      0.167103  -0.000980042      0.999999   -0.00116117    -0.0619326    0.00344652    0.00116454      0.999993      0.532305
     0.999994    0.00101444   -0.00334887      0.162743   -0.00101825      0.999999   -0.00113823    -0.0839769    0.00334771    0.00114163      0.999994        0.5456
     0.999995   0.000877391   -0.00318261      0.157099  -0.000881348      0.999999   -0.00124207     -0.083247    0.00318152    0.00124487      0.999994      0.539398
     0.999995   0.000902288   -0.00318662      0.155427  -0.000906874      0.999999   -0.00143776    -0.0486192    0.00318531    0.00144064      0.999994      0.535202
     0.999995   0.000829878   -0.00301131      0.144331  -0.000834065      0.999999   -0.00138935    -0.0811607    0.00301016    0.00139185      0.999995      0.540686
     0.999996   0.000642055   -0.00289444      0.141656  -0.000645578      0.999999   -0.00121647    -0.0655161    0.00289366    0.00121834      0.999995      0.546585
     0.999996   0.000672132   -0.00280266      0.121911  -0.000675547      0.999999   -0.00121758    -0.0851924    0.00280184    0.00121947      0.999995      0.541472
     0.999995   0.000723629   -0.00295127      0.123514  -0.000726398      0.999999  -0.000937231    -0.0620215    0.00295059    0.00093937      0.999995      0.573033
     0.999995    0.00085519   -0.00312367      0.143379  -0.000859333      0.999999   -0.00132513    -0.0804549    0.00312253    0.00132781      0.999994      0.565831
     0.999995   0.000854972   -0.00317515      0.150957  -0.000859064      0.999999   -0.00128781    -0.0961824    0.00317405    0.00129053      0.999994      0.562007
