# 3dvolreg matrices (DICOM-to-DICOM, row-by-row):
            1   0.000199894   0.000682279    -0.0140273  -0.000199715             1  -0.000262199     0.0289319  -0.000682331   0.000262063             1    -0.0241625
            1   0.000117453   0.000433863    -0.0106884  -0.000117628             1   0.000402447    0.00996985  -0.000433816  -0.000402498             1     -0.011525
            1  -4.85635e-11  -4.19272e-11   -7.1796e-10   4.85635e-11             1   1.42238e-11  -1.95762e-09   4.19272e-11  -1.42238e-11             1  -1.10621e-09
            1  -0.000103563  -0.000293592     0.0162491   0.000103458             1  -0.000356651      0.039918   0.000293629   0.000356621             1     0.0412176
            1  -0.000290698  -0.000275848     0.0225544   0.000290612             1  -0.000312055     0.0237826   0.000275939   0.000311974             1     0.0297592
            1  -0.000499838   -9.6138e-05   5.06199e-05   0.000499835             1  -3.48999e-05   -0.00965312   9.61555e-05   3.48518e-05             1     0.0156036
            1  -0.000735195  -0.000119012   -0.00834181   0.000735197             1   2.16746e-05    -0.0127217   0.000118996  -2.17621e-05             1    0.00504152
            1   -0.00079973   -0.00045313    0.00823433   0.000799719             1  -2.62785e-05      0.015276   0.000453151   2.59161e-05             1     0.0249599
     0.999999  -0.000955635  -0.000615713   -0.00877951   0.000955518             1  -0.000189191     0.0304651   0.000615893   0.000188603             1     0.0240034
     0.999999    -0.0011854  -0.000532897     0.0054979    0.00118537      0.999999  -6.06606e-05     0.0388819   0.000532969   6.00289e-05             1      0.012989
     0.999999   -0.00163851  -0.000277263     -0.027132    0.00163853      0.999999   0.000100346   -0.00407621   0.000277098    -0.0001008             1     0.0376395
     0.999998   -0.00187509  -0.000324939    -0.0495047    0.00187515      0.999998   0.000187732     0.0358304   0.000324586  -0.000188341             1     0.0573167
     0.999998   -0.00209318  -0.000418206    -0.0484084     0.0020932      0.999998   4.86387e-05    0.00824012   0.000418103   -4.9514e-05             1     0.0494837
     0.999997   -0.00227966  -0.000532481    -0.0589332    0.00227965      0.999997   -8.7146e-06    0.00588156     0.0005325   7.50071e-06             1     0.0453501
     0.999997   -0.00237483  -0.000680223    -0.0535111    0.00237494      0.999997   0.000161614    0.00960625   0.000679838  -0.000163229             1     0.0444231
     0.999997   -0.00239456    -0.0004744    -0.0577782    0.00239472      0.999997    0.00035226    -0.0211833   0.000473555  -0.000353395             1     0.0109491
     0.999997   -0.00246598  -0.000515445     -0.065323    0.00246602      0.999997   7.23666e-05  -0.000883974   0.000515265  -7.36375e-05             1     0.0418642
     0.999997   -0.00246536  -0.000575298    -0.0676475     0.0024654      0.999997   8.10394e-05     0.0124665   0.000575097  -8.24575e-05             1     0.0546563
     0.999997    -0.0023238  -0.000744887    -0.0528449     0.0023239      0.999997   0.000122264     0.0355886   0.000744601  -0.000123995             1     0.0594759
     0.999997   -0.00222665  -0.000426279    -0.0515183    0.00222679      0.999997   0.000322909    -0.0405224   0.000425559  -0.000323858             1     0.0371705
     0.999997   -0.00230337  -0.000620851    -0.0594377    0.00230345      0.999997   0.000135489   -0.00692781   0.000620537  -0.000136919             1     0.0265722
     0.999997   -0.00224106  -0.000618503    -0.0636108    0.00224126      0.999997   0.000321917    0.00418898    0.00061778  -0.000323303             1     0.0186901
     0.999997    -0.0023083   -0.00034815    -0.0486638    0.00230845      0.999997   0.000414903     0.0228217   0.000347192  -0.000415706             1     0.0283214
     0.999997   -0.00229456  -0.000315062    -0.0476267    0.00229459      0.999997    0.00010901    0.00833394   0.000314811  -0.000109733             1      0.030443
     0.999997   -0.00240526  -2.93821e-05    -0.0688213    0.00240527      0.999997   0.000111806    0.00535221   2.91131e-05  -0.000111877             1     0.0306625
     0.999997   -0.00252595  -4.70747e-05    -0.0842718    0.00252596      0.999997   0.000181639   -0.00667393   4.66157e-05  -0.000181757             1     0.0348713
     0.999999    0.00136369   0.000869225     0.0192243   -0.00136362      0.999999   -8.3296e-05     0.0374338  -0.000869338   8.21106e-05             1    -0.0533393
     0.999999    0.00107877   0.000923481     0.0168932   -0.00107895      0.999999   0.000202423   -0.00200817  -0.000923262  -0.000203419             1   -0.00808089
     0.999999    0.00108627    0.00083813   -0.00151066   -0.00108646      0.999999   0.000219346    -0.0223224  -0.000837891  -0.000220256             1     -0.038941
     0.999999   0.000941882    0.00082412     0.0207229  -0.000942059             1   0.000214685     0.0252347  -0.000823917  -0.000215461             1    -0.0104292
     0.999999   0.000909694    0.00101542   -0.00224295  -0.000909777             1   8.10664e-05     0.0280122   -0.00101534  -8.19902e-05      0.999999    -0.0156108
     0.999999    0.00105929   0.000951628     0.0101734   -0.00105952      0.999999   0.000239534   -0.00472132  -0.000951373  -0.000240542             1    -0.0421007
     0.999999    0.00108832    0.00110128    -0.0110759   -0.00108878      0.999999   0.000410579    -0.0145462   -0.00110083  -0.000411778      0.999999    -0.0271836
     0.999999    0.00113394    0.00104984    0.00900123   -0.00113429      0.999999   0.000338356    0.00249663   -0.00104945  -0.000339547      0.999999    -0.0290759
     0.999998    0.00141466    0.00113452     0.0053904    -0.0014151      0.999999   0.000392676   -0.00716398   -0.00113396  -0.000394281      0.999999    -0.0323448
     0.999998     0.0015282    0.00114466     0.0175843   -0.00152865      0.999999   0.000397773    0.00911056   -0.00114405  -0.000399522      0.999999    -0.0335366
     0.999999    0.00147959   0.000898376     0.0249649    -0.0014796      0.999999   2.03765e-05    -0.0184926  -0.000898345  -2.17057e-05             1    -0.0204605
     0.999999    0.00159682    0.00057958     0.0377723   -0.00159677      0.999999  -8.58466e-05     0.0125961  -0.000579716    8.4921e-05             1    -0.0390591
     0.999998    0.00166154    0.00072128     0.0476543   -0.00166144      0.999999  -0.000145222     0.0196246   -0.00072152   0.000144023             1    -0.0252022
     0.999999    0.00156526   0.000691906     0.0430044    -0.0015653      0.999999   6.13376e-05    -0.0012801   -0.00069181  -6.24206e-05             1    -0.0450707
     0.999999    0.00154179   0.000734276     0.0412081   -0.00154197      0.999999   0.000240811     0.0352623  -0.000733904  -0.000241942             1    -0.0467088
     0.999998    0.00154961   0.000865196     0.0230279   -0.00154964      0.999999   3.35232e-05    0.00126554  -0.000865143  -3.48639e-05             1    -0.0245498
     0.999998    0.00182568    0.00053589     0.0307484   -0.00182568      0.999998   9.34922e-06    0.00819177  -0.000535872  -1.03276e-05             1    -0.0126879
     0.999998    0.00166773   0.000672439      0.060009   -0.00166772      0.999999   -2.7111e-05     0.0540655  -0.000672483   2.59895e-05             1   -0.00930778
     0.999998    0.00158649   0.000850958     0.0381792   -0.00158673      0.999999   0.000280647    -0.0192118  -0.000850512  -0.000281996             1    -0.0186417
     0.999998    0.00173913     0.0010586      0.019879   -0.00173971      0.999998   0.000545575     0.0089903   -0.00105765  -0.000547415      0.999999    -0.0321944
     0.999998    0.00189007    0.00119119     0.0276714   -0.00189064      0.999998    0.00047864    -0.0227339   -0.00119028  -0.000480891      0.999999    -0.0495991
     0.999998    0.00180012    0.00115501     0.0164403    -0.0018006      0.999998    0.00042125   -0.00207706   -0.00115425  -0.000423329      0.999999    -0.0234797
     0.999998    0.00191269   0.000887268      0.031333   -0.00191284      0.999998   0.000167432     0.0142727  -0.000886946  -0.000169129             1    0.00310374
     0.999998    0.00186837    0.00103112     0.0310136   -0.00186846      0.999998   8.54325e-05   -0.00385112   -0.00103096  -8.73589e-05      0.999999    -0.0407943
     0.999998    0.00179651    0.00107604     0.0437047   -0.00179695      0.999998   0.000408281     0.0135113   -0.00107531  -0.000410214      0.999999    -0.0540889
     0.999998    0.00179854    0.00102181     0.0307225   -0.00179892      0.999998   0.000371572     0.0119009   -0.00102114  -0.000373409      0.999999     -0.057673
     0.999998    0.00152123      0.001164     0.0271405   -0.00152157      0.999999   0.000289436     0.0167183   -0.00116356  -0.000291207      0.999999    -0.0351801
     0.999998    0.00178829    0.00102563     0.0165634    -0.0017883      0.999998   1.43813e-05     0.0438986    -0.0010256  -1.62154e-05      0.999999    -0.0532669
     0.999998    0.00151526    0.00111758     0.0324542   -0.00151527      0.999999   6.42434e-06  -0.000148888   -0.00111757  -8.11775e-06      0.999999    -0.0727248
     0.999999    0.00127434   0.000741594     0.0106869   -0.00127429      0.999999  -7.22956e-05     0.0622954  -0.000741685   7.13505e-05             1    -0.0607363
     0.999999    0.00132605   0.000504216     0.0233245   -0.00132607      0.999999   4.02076e-05     0.0118759  -0.000504162  -4.08762e-05             1    -0.0811499
     0.999999    0.00135847   0.000651893     0.0460593   -0.00135862      0.999999   0.000223012     0.0312921   -0.00065159  -0.000223897             1    -0.0808954
     0.999999    0.00125402   0.000736505     0.0210231   -0.00125409      0.999999    9.0175e-05     0.0203257  -0.000736392  -9.10986e-05             1    -0.0666732
     0.999999    0.00124651    0.00081254     0.0279249   -0.00124649      0.999999  -3.03189e-05     0.0358001  -0.000812577    2.9306e-05             1    -0.0689491
     0.999999    0.00135796   0.000607703     0.0234323   -0.00135794      0.999999   -4.2344e-05    0.00747717   -0.00060776   4.15187e-05             1    -0.0599582
     0.999999    0.00153021   0.000431341     0.0364983   -0.00153013      0.999999  -0.000181582     0.0110737  -0.000431619   0.000180921             1    -0.0578987
     0.999999    0.00140183   0.000559853     0.0458047   -0.00140167      0.999999  -0.000297355      0.015632  -0.000560269    0.00029657             1    -0.0576898
     0.999999    0.00126638     0.0004564     0.0307957   -0.00126619      0.999999    -0.0004296     0.0317269  -0.000456944   0.000429022             1    -0.0364792
     0.999999    0.00124958   0.000513427     0.0292557   -0.00124939      0.999999  -0.000360927    -0.0193685  -0.000513878   0.000360286             1    -0.0441972
     0.999999    0.00124132   0.000634198     0.0280654   -0.00124112      0.999999  -0.000317552     0.0622964  -0.000634592   0.000316765             1    -0.0476013
     0.999999     0.0012104   0.000727549     0.0293214   -0.00121001      0.999999  -0.000542976      0.026439  -0.000728206   0.000542096             1    -0.0550335
     0.999999    0.00119042   0.000834521     0.0140455   -0.00119012      0.999999  -0.000360068     0.0316983  -0.000834949   0.000359075             1     -0.060617
     0.999999    0.00110938   0.000988662    0.00982785   -0.00110926      0.999999   -0.00011787     0.0247341  -0.000988792   0.000116773             1    -0.0606993
     0.999999   0.000978678    0.00113668   -0.00203567  -0.000978394      0.999999  -0.000250496     0.0268836   -0.00113693   0.000249384      0.999999     -0.052094
     0.999999   0.000912831    0.00105365   -0.00280393   -0.00091266             1  -0.000162459     0.0252685    -0.0010538   0.000161497      0.999999    -0.0429597
     0.999999   0.000901427   0.000893222    0.00331796  -0.000901261             1  -0.000186809     0.0386191   -0.00089339   0.000186004             1    -0.0720265
     0.999999   0.000842065    0.00107047   -0.00565288  -0.000841808             1  -0.000240794     0.0252773   -0.00107067   0.000239892      0.999999    -0.0786301
     0.999999   0.000842514    0.00139512    -0.0162627  -0.000842217             1  -0.000213396     0.0221536    -0.0013953   0.000212221      0.999999    -0.0567248
     0.999998    0.00100621    0.00141544   -0.00945985   -0.00100563      0.999999  -0.000408398     0.0466151   -0.00141585   0.000406974      0.999999     -0.083249
     0.999998    0.00105399    0.00168344    -0.0277323   -0.00105358      0.999999  -0.000240157     0.0414112   -0.00168369   0.000238382      0.999999    -0.0718561
     0.999997    0.00120013    0.00199965    -0.0388862   -0.00119934      0.999999  -0.000398825     0.0373818   -0.00200012   0.000396425      0.999998    -0.0408981
     0.999998    0.00120425     0.0015112    -0.0156723   -0.00120334      0.999999  -0.000601351     0.0208991   -0.00151193   0.000599531      0.999999    -0.0577883
     0.999998    0.00137685     0.0016156    -0.0167353    -0.0013759      0.999999  -0.000591182     0.0347812   -0.00161641   0.000588958      0.999999    -0.0630322
     0.999998    0.00133415      0.001457    0.00267836   -0.00133353      0.999999  -0.000430266     0.0140963   -0.00145758   0.000428322      0.999999    -0.0771267
     0.999999    0.00111066    0.00110888    0.00352332   -0.00111033      0.999999  -0.000299801     0.0222445   -0.00110921   0.000298569      0.999999    -0.0562924
     0.999999   0.000975154   0.000813588     0.0146837   -0.00097476      0.999999  -0.000484249     0.0430622   -0.00081406   0.000483455             1    -0.0639287
     0.999999    0.00107756   0.000486353     0.0120791   -0.00107719      0.999999  -0.000751221     0.0609993  -0.000487162   0.000750697             1    -0.0880396
     0.999999   0.000887223   0.000600914     0.0353787  -0.000886641      0.999999  -0.000968652     0.0574616  -0.000601773   0.000968119      0.999999     -0.084876
     0.999999   0.000827146   0.000608267     0.0076518  -0.000826661      0.999999  -0.000797564      0.035453  -0.000608927   0.000797061      0.999999    -0.0767971
            1   0.000764927   0.000393233     0.0203018  -0.000764645      0.999999  -0.000717339      0.081613  -0.000393781   0.000717038             1     -0.069009
            1   0.000708932   0.000587847     0.0132597  -0.000708377      0.999999  -0.000943279     0.0528836  -0.000588515   0.000942862      0.999999    -0.0648284
            1   0.000648354   0.000642248   -0.00200245  -0.000647806      0.999999  -0.000853253     0.0649422  -0.000642801   0.000852836      0.999999    -0.0688246
     0.999999   0.000696049   0.000719145   -0.00337251  -0.000695562             1  -0.000677304     0.0548646  -0.000719616   0.000676803             1    -0.0862407
     0.999999   0.000580592   0.000908384    -0.0037559   -0.00058001             1  -0.000640005     0.0386618  -0.000908756   0.000639478      0.999999    -0.0734698
     0.999999   0.000737414    0.00081128    -0.0115647  -0.000736902             1  -0.000631386     0.0403969  -0.000811746   0.000630788      0.999999    -0.0777081
     0.999999    0.00106926   0.000904737     0.0101809   -0.00106874      0.999999  -0.000570892     0.0446301  -0.000905347   0.000569924      0.999999    -0.0971762
     0.999999    0.00107216     0.0008955    0.00526352   -0.00107168      0.999999   -0.00053658     0.0211354  -0.000896075    0.00053562      0.999999     -0.106476
     0.999999    0.00127936   0.000619964    0.00789085   -0.00127912      0.999999  -0.000398279    0.00804092  -0.000620472   0.000397485             1     -0.107797
     0.999999   0.000968346   0.000504616     0.0376326  -0.000968146      0.999999   -0.00039563      0.043176  -0.000504999   0.000395142             1    -0.0864694
     0.999999    0.00105987   0.000390975     0.0155777    -0.0010597      0.999999  -0.000436695     0.0335342  -0.000391438   0.000436281             1     -0.101988
     0.999999    0.00137224   0.000386006     0.0326862   -0.00137193      0.999999  -0.000791082     0.0626498  -0.000387091   0.000790551             1     -0.108004
     0.999999    0.00127558    0.00062064     0.0474184   -0.00127513      0.999999  -0.000721741     0.0603544   -0.00062156   0.000720949             1     -0.111004
     0.999999    0.00131139   0.000565992     0.0171069   -0.00131103      0.999999   -0.00064319     0.0254512  -0.000566835   0.000642447             1    -0.0959045
     0.999999     0.0013342   0.000664384     0.0320926   -0.00133366      0.999999  -0.000807917     0.0789193  -0.000665461    0.00080703      0.999999     -0.117163
     0.999999    0.00120858   0.000890695     0.0167186   -0.00120796      0.999999  -0.000687806     0.0392843  -0.000891525   0.000686729      0.999999     -0.106141
     0.999999    0.00115731   0.000880017     0.0138979   -0.00115684      0.999999  -0.000534783     0.0519957  -0.000880635   0.000533765      0.999999    -0.0977556
     0.999998    0.00141184    0.00100494     0.0130869   -0.00141133      0.999999   -0.00050592     0.0409031   -0.00100565   0.000504501      0.999999     -0.118411
     0.999998    0.00159392   0.000774814     0.0242838    -0.0015934      0.999999  -0.000669715     0.0216087   -0.00077588   0.000668479      0.999999     -0.133742
     0.999999    0.00121732   0.000765716     0.0240378   -0.00121671      0.999999  -0.000792305     0.0525726  -0.000766679   0.000791372      0.999999     -0.135434
     0.999999   0.000896331   0.000550792     0.0148503  -0.000895828      0.999999  -0.000913187     0.0583373   -0.00055161   0.000912694      0.999999     -0.120209
     0.999999   0.000868481   0.000547485     0.0198579  -0.000867946      0.999999  -0.000977555     0.0534534  -0.000548333   0.000977079      0.999999     -0.130214
     0.999999    0.00071721   0.000720923     0.0243743  -0.000716619      0.999999  -0.000819998     0.0454289   -0.00072151   0.000819481      0.999999     -0.132382
     0.999999   0.000929179   0.000478702     0.0102578  -0.000928655      0.999999   -0.00109285      0.093807  -0.000479717    0.00109241      0.999999      -0.11623
     0.999999    0.00114737   0.000642149     0.0198425   -0.00114667      0.999999   -0.00108243     0.0317902   -0.00064339    0.00108169      0.999999     -0.147599
     0.999999     0.0011117   0.000709959      0.029208   -0.00111093      0.999999   -0.00108255     0.0692944  -0.000711162    0.00108176      0.999999     -0.142713
     0.999999    0.00109493   0.000802391     0.0115574   -0.00109409      0.999999   -0.00105445     0.0557209  -0.000803545    0.00105357      0.999999     -0.150777
     0.999999   0.000994446   0.000777616    0.00730772  -0.000993749      0.999999  -0.000896606     0.0730839  -0.000778507   0.000895833      0.999999     -0.136229
     0.999999    0.00120188   0.000613217    0.00970635   -0.00120132      0.999999  -0.000907817     0.0645807  -0.000614307    0.00090708      0.999999     -0.126818
     0.999999    0.00123459   0.000540256     0.0222897   -0.00123399      0.999999   -0.00110363     0.0559804  -0.000541618    0.00110297      0.999999     -0.109829
     0.999999    0.00125202   0.000726349     0.0240104   -0.00125119      0.999999    -0.0011465      0.074782  -0.000727784    0.00114559      0.999999     -0.121836
     0.999999    0.00135818   0.000594883     0.0127585   -0.00135757      0.999999   -0.00103273     0.0235517  -0.000596285    0.00103193      0.999999     -0.118787
     0.999998     0.0017659   0.000372518     0.0430425   -0.00176553      0.999998  -0.000980475     0.0657491  -0.000374249   0.000979816      0.999999     -0.125075
     0.999997    0.00224112   0.000292751     0.0461855   -0.00224093      0.999997  -0.000632945      0.033733  -0.000294169   0.000632288             1     -0.112289
     0.999998    0.00210998   0.000194807     0.0821454   -0.00210978      0.999997   -0.00105115     0.0643902  -0.000197024    0.00105073      0.999999    -0.0933703
     0.999997    0.00224118  -4.00088e-05     0.0735994   -0.00224123      0.999997   -0.00128659     0.0447463   3.71251e-05    0.00128668      0.999999     -0.101858
     0.999997    0.00242849  -0.000756896      0.105562   -0.00242951      0.999996   -0.00135129     0.0491812   0.000753612    0.00135312      0.999999    -0.0860625
     0.999997    0.00241508  -0.000631783      0.138115   -0.00241601      0.999996   -0.00148649      0.074971    0.00062819    0.00148802      0.999999    -0.0971045
     0.999997    0.00235075  -0.000252146      0.114155   -0.00235108      0.999996    -0.0013098     0.0845513   0.000249066    0.00131039      0.999999     -0.128628
     0.999997    0.00240355  -0.000203956      0.110759    -0.0024038      0.999996   -0.00123425     0.0642942   0.000200989    0.00123474      0.999999     -0.132128
     0.999997    0.00228218   2.78804e-05       0.10644   -0.00228214      0.999996   -0.00139676     0.0979301   -3.1068e-05    0.00139669      0.999999     -0.121771
     0.999998    0.00208056  -3.54669e-05     0.0879744   -0.00208061      0.999997    -0.0015025     0.0780664   3.23407e-05    0.00150257      0.999999     -0.127318
     0.999998    0.00186272  -1.81527e-05     0.0895479   -0.00186274      0.999997    -0.0013188     0.0716684   1.56961e-05    0.00131884      0.999999     -0.137366
     0.999998    0.00191853  -5.27724e-05      0.068234   -0.00191859      0.999997   -0.00129212     0.0747486   5.02932e-05    0.00129222      0.999999     -0.141199
     0.999998    0.00190414   0.000213159     0.0781807   -0.00190389      0.999997   -0.00117798     0.0638171  -0.000215401    0.00117758      0.999999     -0.116738
     0.999998    0.00184983   0.000175283     0.0699458   -0.00184962      0.999998   -0.00120501     0.0775764  -0.000177511    0.00120468      0.999999     -0.112535
     0.999997    0.00231423  -8.34539e-05     0.0699094   -0.00231433      0.999996    -0.0013259     0.0970557   8.03851e-05    0.00132609      0.999999     -0.127521
     0.999997     0.0026219   1.95246e-05      0.095837   -0.00262188      0.999996   -0.00123492     0.0729483  -2.27623e-05    0.00123486      0.999999     -0.134351
     0.999996    0.00283681   8.95343e-05      0.107362   -0.00283671      0.999995   -0.00115443     0.0632306  -9.28088e-05    0.00115417      0.999999     -0.136105
     0.999995    0.00308312  -0.000223778      0.121791   -0.00308334      0.999995   -0.00100239     0.0671407   0.000220686    0.00100308      0.999999     -0.129382
            1  -0.000647109   0.000445867    -0.0397026   0.000647367             1  -0.000578999     0.0177094  -0.000445492   0.000579288             1     0.0810284
            1  -0.000712035   4.20626e-05    -0.0231273   0.000712071      0.999999  -0.000856356     0.0832014  -4.14528e-05   0.000856386             1      0.059755
            1  -0.000773806  -0.000260539    -0.0145984   0.000773572      0.999999  -0.000894896     0.0316998   0.000261231   0.000894694             1     0.0508132
            1  -0.000637574  -0.000384058    -0.0146366   0.000637382             1  -0.000499836     0.0332102   0.000384377   0.000499591             1     0.0360292
            1  -0.000521801  -0.000160836    0.00403682   0.000521739             1  -0.000384107    0.00203218   0.000161037   0.000384023             1     0.0169178
            1  -0.000658134   6.17704e-06   -0.00155973   0.000658135             1  -0.000126623     0.0567754  -6.09371e-06   0.000126627             1    0.00401485
            1   -0.00043393  -0.000256197   -0.00958683    0.00043401             1   0.000309689    0.00509642   0.000256063    -0.0003098             1    -0.0138456
            1  -0.000406899  -0.000248916    0.00872717   0.000406986             1   0.000349301   -0.00250776   0.000248774  -0.000349402             1    -0.0168773
            1  -0.000140907  -0.000820768     0.0233735   0.000141173             1   0.000323946   -0.00994087   0.000820722  -0.000324062             1    0.00983575
     0.999999   0.000914956  -0.000986236     0.0669212  -0.000914896             1   6.12643e-05     0.0680484   0.000986291  -6.03619e-05             1     0.0516123
     0.999999   0.000835656  -0.000982935     0.0855176  -0.000834857      0.999999   0.000813336    -0.0365427   0.000983614  -0.000812515      0.999999     0.0461535
     0.999999     0.0012497   -0.00111835     0.0581596   -0.00124885      0.999999   0.000763812     0.0145102     0.0011193  -0.000762415      0.999999     0.0655703
     0.999999    0.00129047  -0.000572221       0.12685   -0.00129014      0.999999   0.000590234    -0.0441864   0.000572982  -0.000589495             1     0.0495506
     0.999999    0.00103158  -2.47483e-05     0.0687478   -0.00103157      0.999999   0.000402748    -0.0358346   2.51638e-05  -0.000402722             1     0.0191477
            1   0.000913406   2.06159e-05     0.0450439  -0.000913414             1   0.000399877    -0.0072476  -2.02506e-05  -0.000399895             1    0.00739975
     0.999999    0.00102007  -0.000815649     0.0685513    -0.0010199      0.999999    0.00021201     0.0237312   0.000815865  -0.000211178             1    -0.0121339
     0.999999   0.000870968  -0.000992775     0.0816608  -0.000871128             1  -0.000160324     0.0339797   0.000992635   0.000161189      0.999999     0.0110455
     0.999999   0.000908063  -0.000775626     0.0774304  -0.000908248             1  -0.000239121     0.0147794   0.000775409   0.000239825             1     0.0078549
     0.999999   0.000889124  -0.000719094     0.0926985  -0.000889293             1  -0.000235155     0.0311978   0.000718885   0.000235794             1    0.00566044
     0.999999   0.000943062  -0.000749014     0.0700794  -0.000943232             1  -0.000227282     0.0216426   0.000748799   0.000227988             1     0.0121865
            1   0.000617513   -0.00060251     0.0646211  -0.000617626             1  -0.000187415     0.0378371   0.000602394   0.000187787             1     0.0215575
            1   0.000533323  -0.000770321     0.0506224  -0.000533374             1  -6.61076e-05     0.0185076   0.000770286   6.65184e-05             1     0.0293422
     0.999999    0.00076037   -0.00116412     0.0789206  -0.000760256             1   9.82226e-05     0.0209911    0.00116419  -9.73375e-05      0.999999     0.0403068
     0.999998    0.00130552   -0.00148059      0.103362   -0.00130594      0.999999  -0.000281685     0.0291049    0.00148022   0.000283618      0.999999    0.00624294
     0.999998    0.00133261   -0.00115649      0.112797   -0.00133256      0.999999   4.15994e-05     0.0258084    0.00115654  -4.00582e-05      0.999999   -0.00333916
     0.999999    0.00120958  -0.000580191     0.0821625   -0.00120948      0.999999   0.000174917   -0.00779299   0.000580402  -0.000174215             1     0.0103605
     0.999999    0.00123115   -0.00039258     0.0647538   -0.00123099      0.999999   0.000410703     0.0116775   0.000393085   -0.00041022             1     0.0142864
     0.999999    0.00117008  -0.000113684     0.0620058   -0.00117003      0.999999   0.000437566    -0.0312517   0.000114196  -0.000437433             1     0.0260338
     0.999999    0.00128466  -0.000132363     0.0673847   -0.00128462      0.999999   0.000268939     0.0158003   0.000132709  -0.000268769             1     0.0156535
     0.999999    0.00109126   -4.7117e-05     0.0642508   -0.00109125      0.999999   0.000155343    -0.0142377   4.72865e-05  -0.000155291             1     0.0125232
     0.999999   0.000984165   0.000181937     0.0378566  -0.000984219      0.999999   0.000296041   -0.00665694  -0.000181646   -0.00029622             1   -0.00612416
            1   0.000991485   6.21389e-05       0.03471    -0.0009915      0.999999   0.000241138      0.015955  -6.18998e-05    -0.0002412             1     -0.020851
     0.999999     0.0010922  -0.000415684     0.0553636   -0.00109205      0.999999   0.000351025    0.00650911   0.000416067  -0.000350571             1     0.0118004
     0.999999    0.00109547  -0.000415994     0.0740747   -0.00109539      0.999999   0.000179678     0.0313303    0.00041619  -0.000179223             1    0.00646838
     0.999999    0.00133101  -0.000392751      0.070102   -0.00133098      0.999999   6.31335e-05     0.0217094   0.000392834  -6.26107e-05             1    0.00305392
     0.999999    0.00126459  -0.000133311     0.0635449   -0.00126456      0.999999   0.000236835    0.00161129    0.00013361  -0.000236667             1   0.000593331
     0.999999    0.00128282  -0.000671793     0.0694003   -0.00128254      0.999999   0.000427687    0.00261383   0.000672341  -0.000426825             1    0.00710167
     0.999999    0.00134106  -0.000706757     0.0870887   -0.00134073      0.999999   0.000470492    0.00620531   0.000707387  -0.000469543             1     0.0168536
     0.999999    0.00142687  -0.000544412     0.0832615   -0.00142677      0.999999   0.000175143    0.00463291   0.000544661  -0.000174366             1    0.00779561
     0.999999    0.00151908  -0.000611336     0.0841109   -0.00151894      0.999999   0.000230123    -0.0181057   0.000611685  -0.000229194             1    0.00432773
     0.999998     0.0017715   -0.00065659     0.0948383   -0.00177141      0.999998   0.000143274     0.0222769   0.000656842   -0.00014211             1   -0.00016101
     0.999998    0.00174947  -0.000797023       0.10412   -0.00174928      0.999998   0.000239776    0.00541616   0.000797441  -0.000238382             1     0.0213489
     0.999998    0.00179875  -0.000529276       0.10635   -0.00179866      0.999998   0.000170046     0.0114186   0.000529581  -0.000169094             1     0.0193975
     0.999998    0.00189344  -0.000372983      0.108732   -0.00189338      0.999998   0.000166851    0.00675107   0.000373298  -0.000166144             1   -0.00197392
