# 3dvolreg matrices (DICOM-to-DICOM, row-by-row):
     0.999983    0.00345299    0.00469524     0.0461723   -0.00341173      0.999956   -0.00876805       1.19335   -0.00472531    0.00875188      0.999951      -1.28978
     0.999979    0.00364142    0.00545237     0.0559253    -0.0036331      0.999992     -0.001536       1.52609   -0.00545792    0.00151616      0.999984      -1.19801
     0.999983    0.00249751    0.00535162      0.105854   -0.00247154      0.999985   -0.00485404       1.34449   -0.00536366    0.00484072      0.999974      -1.50003
     0.999989    0.00153177    0.00449162      0.057131   -0.00149871      0.999972   -0.00735451       1.11443   -0.00450276     0.0073477      0.999963      -1.93881
     0.999989   0.000932877     0.0044966     0.0376674  -0.000898905      0.999971   -0.00755101       1.13061   -0.00450352    0.00754689      0.999961      -2.00816
      0.99999   0.000831444    0.00435077     0.0358458  -0.000796496      0.999967   -0.00802812       1.01135    -0.0043573    0.00802457      0.999958      -2.07259
      0.99999   0.000873886    0.00444232     0.0324869  -0.000839988      0.999971   -0.00762684       1.06018   -0.00444886    0.00762303      0.999961      -2.07956
      0.99999   0.000887584     0.0044598      0.085372  -0.000850584      0.999965   -0.00829157       1.07996   -0.00446701    0.00828769      0.999956      -1.99109
     0.999989   0.000710018    0.00461619      0.102479  -0.000662158      0.999946    -0.0103611      0.948756    -0.0046233     0.0103579      0.999936      -1.98078
     0.999989   0.000620265    0.00471292     0.0728293  -0.000566364      0.999935    -0.0114296      0.981341    -0.0047197     0.0114268      0.999924      -1.83566
      0.99999   0.000407287     0.0044097     0.0657272  -0.000358629      0.999939    -0.0110296      0.928973   -0.00441393     0.0110279      0.999929      -1.68886
     0.999988  -0.000248859    0.00480467     0.0655281   0.000305872       0.99993    -0.0118692       1.01978   -0.00480138     0.0118705      0.999918      -1.69607
      0.99999  -0.000425369    0.00439803      0.066392   0.000473524       0.99994    -0.0109539      0.985482    -0.0043931     0.0109559       0.99993      -1.75954
     0.999989  -0.000324001    0.00464684     0.0744659   0.000375606      0.999938    -0.0111089       1.05161   -0.00464296     0.0111106      0.999927       -1.7848
     0.999988   0.000376611    0.00479694    0.00443353  -0.000325885      0.999944     -0.010571      0.994702   -0.00480066     0.0105693      0.999933      -1.65034
     0.999986    0.00293097    0.00445672     -0.106546   -0.00290783      0.999982   -0.00518972       1.19219   -0.00447185    0.00517668      0.999977       -1.4284
     0.999974     0.0040448    0.00589365    -0.0943594   -0.00400516      0.999969   -0.00672199       1.20136   -0.00592066    0.00669821       0.99996      -1.52573
      0.99998    0.00364854    0.00509123    -0.0259216   -0.00361517      0.999972   -0.00654898       1.14698   -0.00511498    0.00653044      0.999966         -1.45
     0.999985    0.00177183    0.00512562     0.0436396   -0.00172932      0.999964   -0.00828594       1.09885   -0.00514012    0.00827696      0.999953      -1.26099
      0.99999    0.00126111    0.00439355     0.0332904   -0.00122366      0.999963   -0.00851708      0.982884   -0.00440413    0.00851162      0.999954      -1.50372
     0.999988   0.000767909    0.00479247     0.0448772  -0.000717971      0.999946    -0.0104131      0.973789   -0.00480021     0.0104095      0.999934      -1.63613
     0.999975   0.000754911    0.00697909      0.113468  -0.000685917      0.999951   -0.00988297      0.970703   -0.00698621    0.00987794      0.999927      -1.69087
      0.99998  -2.73311e-05     0.0063145      0.123044   9.32275e-05      0.999946    -0.0104357      0.940702   -0.00631387      0.010436      0.999926      -1.79705
     0.999987  -0.000168576    0.00517379     0.0795498   0.000239445      0.999906    -0.0137001      0.947382     -0.005171     0.0137012      0.999893      -1.80777
     0.999984   0.000558134    0.00555415     0.0916697  -0.000464637      0.999858    -0.0168209      0.874348   -0.00556275      0.016818      0.999843      -1.57663
     0.999985    0.00142592    0.00529857      0.104716   -0.00132666      0.999824    -0.0186909      0.774878   -0.00532429     0.0186836      0.999811      -1.45205
     0.999985    0.00120154     0.0053926      0.117326   -0.00109294      0.999797    -0.0200976      0.736403   -0.00541566     0.0200914      0.999783      -1.49434
     0.999981     0.0019269    0.00590896       0.11148   -0.00180186      0.999776    -0.0210941      0.777399   -0.00594829      0.021083       0.99976       -1.6284
     0.999979    0.00190499    0.00623424      0.110045   -0.00177199      0.999772      -0.02127      0.709744   -0.00627334     0.0212585      0.999754      -1.74985
     0.999981    0.00133263    0.00605033     0.0981224   -0.00120607      0.999781    -0.0208745      0.689872   -0.00607682     0.0208668      0.999764      -1.74678
     0.999981   0.000616657    0.00605697      0.140587  -0.000491328      0.999786    -0.0206714      0.753991   -0.00606842     0.0206681      0.999768      -1.57231
     0.999982   0.000596412    0.00592794      0.125478  -0.000469781      0.999772    -0.0213402      0.568673   -0.00593931      0.021337      0.999755      -1.64896
     0.999977    0.00200414    0.00645103      0.123314   -0.00185874      0.999746    -0.0224671      0.665453   -0.00649441     0.0224546      0.999727      -1.41687
     0.999972    0.00251558    0.00705047       0.15306   -0.00237183      0.999791    -0.0203236      0.772854   -0.00710012     0.0203063      0.999769       -1.2838
     0.999974     0.0010792    0.00713948      0.145196  -0.000951405       0.99984    -0.0178789      0.776385   -0.00715764     0.0178717      0.999815      -1.46416
     0.999973    0.00120407    0.00727215      0.130686   -0.00108645      0.999869    -0.0161567      0.790863   -0.00729065     0.0161483      0.999843      -1.50983
     0.999963    0.00243494    0.00819659      0.122178   -0.00229001      0.999842    -0.0176458      0.806503   -0.00823826     0.0176264      0.999811      -1.53179
     0.999954    0.00436149    0.00850399      0.103173   -0.00421058      0.999835    -0.0176837      0.881422   -0.00857972     0.0176471      0.999807      -1.31702
     0.999969    0.00362592    0.00698938     0.0999491   -0.00350803      0.999853    -0.0168062      0.903979   -0.00704928     0.0167812      0.999834      -1.33433
     0.999961    0.00379038    0.00803158     0.0857681   -0.00363569      0.999809    -0.0191876      0.860892   -0.00810278     0.0191576      0.999784      -1.46708
     0.999972    0.00241202      0.007106     0.0626467   -0.00226476      0.999784     -0.020659      0.579077    -0.0071543     0.0206423      0.999761        -1.785
      0.99998   0.000550957    0.00630986     0.0414299  -0.000417796      0.999778    -0.0210856      0.744876   -0.00632007     0.0210826      0.999758      -1.93779
     0.999987  -0.000273445    0.00506346     0.0174711   0.000383672      0.999763    -0.0217809      0.700673    -0.0050563     0.0217826       0.99975      -2.01148
     0.999986   0.000252558    0.00529732     0.0440006  -0.000129131      0.999729    -0.0232873       0.68739   -0.00530177     0.0232863      0.999715       -2.0385
     0.999985  -4.98864e-06    0.00549822     0.0563251   0.000142113      0.999689    -0.0249396      0.688979   -0.00549638       0.02494      0.999674      -2.07487
     0.999984   0.000523006    0.00561049     0.0395794  -0.000385327      0.999699    -0.0245126      0.600455   -0.00562163     0.0245101      0.999684      -2.21003
     0.999983    0.00118626    0.00571162     0.0337913   -0.00105619      0.999741    -0.0227214      0.632319    -0.0057371      0.022715      0.999726      -2.32116
     0.999985    0.00106878    0.00533391     0.0331501  -0.000951513      0.999759    -0.0219392      0.647604   -0.00535607     0.0219338      0.999745      -2.37703
     0.999986    0.00106868    0.00525548     0.0364976  -0.000953894      0.999762     -0.021796      0.654806   -0.00527752     0.0217907      0.999749      -2.39827
     0.999985    0.00112213    0.00535075     0.0279595   -0.00100592      0.999765    -0.0216709      0.663115   -0.00537381     0.0216652      0.999751      -2.41903
     0.999986   0.000494647    0.00528659     0.0407258  -0.000381515      0.999771    -0.0213795      0.769024   -0.00529596     0.0213772      0.999757      -2.44269
     0.999985    0.00128672    0.00535667     0.0770615    -0.0011651      0.999743    -0.0226455      0.653574   -0.00538443     0.0226389      0.999729      -2.29158
     0.999986    0.00104945    0.00519017     0.0928796  -0.000922244      0.999701    -0.0244516      0.595764   -0.00521428     0.0244464      0.999688      -2.26443
     0.999978    0.00152281    0.00639211       0.11211   -0.00135799      0.999668    -0.0257111      0.564759   -0.00642914     0.0257019      0.999649      -2.23037
     0.999981    0.00125802    0.00601659     0.0971026   -0.00109543      0.999636    -0.0269515      0.467773   -0.00604831     0.0269444      0.999619      -2.34753
     0.999983     0.0011348    0.00577108     0.0895646  -0.000979752       0.99964    -0.0267991      0.476062   -0.00579941     0.0267929      0.999624      -2.44299
     0.999983    0.00142265    0.00563001     0.0916312   -0.00127037      0.999636      -0.02696      0.404304   -0.00566631     0.0269524      0.999621       -2.4265
     0.999984     0.0011651    0.00556392     0.0879304   -0.00101821      0.999653    -0.0263323      0.534082   -0.00559267     0.0263262      0.999638      -2.44152
     0.999982    0.00126857    0.00578823     0.0780917   -0.00111501      0.999649    -0.0264565      0.516861   -0.00581977     0.0264495      0.999633      -2.48111
     0.999981    0.00134165    0.00596176     0.0647515   -0.00117798      0.999625    -0.0273728      0.456968   -0.00599625     0.0273652      0.999608      -2.48804
     0.999983    0.00113919    0.00575883     0.0588969  -0.000983704      0.999637    -0.0269311      0.409122   -0.00578742      0.026925      0.999621      -2.53181
     0.999985   0.000585539    0.00548932     0.0559056  -0.000440074       0.99965    -0.0264636      0.428934   -0.00550289     0.0264608      0.999635      -2.57219
     0.999987   -0.00018373    0.00510558     0.0428076   0.000317583      0.999656    -0.0262286      0.487465     -0.005099     0.0262299      0.999643      -2.57223
     0.999987   8.44566e-05    0.00509862     0.0538301   4.95392e-05      0.999655    -0.0262749      0.385193   -0.00509908     0.0262748      0.999642      -2.58739
      0.99999    4.2265e-05    0.00445985     0.0503688   7.57984e-05       0.99965     -0.026469      0.471143    -0.0044594     0.0264691       0.99964      -2.46132
     0.999992   0.000246477    0.00403626     0.0812776  -0.000148772      0.999707    -0.0241894      0.588245   -0.00404104     0.0241886      0.999699      -2.13647
     0.999991   0.000679698    0.00424387     0.0771369  -0.000580771      0.999729    -0.0232684      0.592377   -0.00425854     0.0232657       0.99972      -2.20588
     0.999976    0.00221868    0.00653815     0.0914973   -0.00209595      0.999823    -0.0187193      0.923982   -0.00657852     0.0187052      0.999803       -1.9728
     0.999971    0.00139672    0.00752883      0.127934   -0.00121681      0.999715     -0.023848      0.641379   -0.00755999     0.0238382      0.999687      -2.04147
     0.999967   -0.00221677    0.00780532      0.237033    0.00242134      0.999651    -0.0262979      0.590398    -0.0077443     0.0263159      0.999624      -2.17312
     0.999983  -0.000676468    0.00587363      0.148384   0.000838685      0.999617    -0.0276593      0.493919   -0.00585267     0.0276638        0.9996      -2.33991
     0.999985   0.000233945    0.00548469     0.0916982  -6.40835e-05      0.999521    -0.0309499       0.47951    -0.0054893     0.0309491      0.999506      -2.25902
     0.999984   -0.00029659    0.00562861     0.0858519   0.000468915       0.99953    -0.0306394      0.469597   -0.00561688     0.0306416      0.999515      -2.20895
     0.999986  -0.000111091     0.0052268     0.0815953    0.00027071      0.999533    -0.0305477      0.406141   -0.00522097     0.0305487       0.99952       -2.2994
     0.999984  -0.000114391    0.00565002     0.0714092   0.000291789      0.999507    -0.0314068      0.511324   -0.00564364      0.031408      0.999491        -2.271
     0.999984   6.72082e-05    0.00568583     0.0853108   0.000108326      0.999524    -0.0308662      0.441079    -0.0056852     0.0308663      0.999507      -2.29574
     0.999987   0.000261922    0.00504933     0.0893081   -0.00010677      0.999529     -0.030703      0.376099     -0.005055     0.0307021      0.999516      -2.45491
     0.999987   0.000239243    0.00503632     0.0857569  -8.34763e-05      0.999522    -0.0309062      0.464007   -0.00504131     0.0309053       0.99951      -2.46662
     0.999986  -0.000613471    0.00525844     0.0935884   0.000778506      0.999505    -0.0314404      0.508845   -0.00523655     0.0314441      0.999492      -2.37086
     0.999985  -0.000524643    0.00553095      0.107009   0.000657775      0.999709    -0.0240962      0.521903    -0.0055167     0.0240995      0.999694      -2.14884
     0.999984   0.000529551    0.00566079     0.0953616  -0.000390626      0.999699    -0.0245147      0.586391   -0.00567207     0.0245121      0.999683      -2.08276
     0.999984   0.000164533    0.00567762      0.072414   1.09989e-05      0.999522    -0.0309026      0.534321   -0.00567999     0.0309021      0.999506      -2.26289
     0.999985   3.43053e-05    0.00544686     0.0496256   0.000132579      0.999531    -0.0306353      0.330769   -0.00544536     0.0306356      0.999516      -2.53524
     0.999987  -2.80387e-05    0.00501487     0.0345296   0.000180133       0.99954    -0.0303307       0.34877   -0.00501171     0.0303313      0.999527      -2.61456
     0.999987   0.000279852    0.00512208     0.0654779  -0.000138025      0.999617    -0.0276689      0.433832   -0.00512786     0.0276678      0.999604      -2.59525
     0.999985   0.000414573     0.0054413      0.087203  -0.000265618      0.999626     -0.027347       0.40011    -0.0054506     0.0273452      0.999611      -2.48605
     0.999986    0.00104205    0.00510747     0.0845236  -0.000904296      0.999638    -0.0268991      0.582124   -0.00513365     0.0268941      0.999625      -2.19915
     0.999984    0.00127594    0.00549507     0.0916407    -0.0011316      0.999656    -0.0261907      0.530998    -0.0055266     0.0261841      0.999642      -1.82158
     0.999981    0.00232755    0.00572674      0.158377    -0.0021789      0.999664     -0.025827      0.421499   -0.00578493     0.0258141       0.99965      -1.77012
      0.99997    0.00327124    0.00699137      0.244841   -0.00311321      0.999742    -0.0224969      0.518239   -0.00706316     0.0224744      0.999722      -2.15921
     0.999959    0.00419567    0.00797572      0.235098   -0.00403758      0.999797    -0.0197361      0.614285    -0.0080569     0.0197031      0.999773      -1.50511
     0.999961    0.00255294    0.00842418      0.174579    -0.0023745      0.999774    -0.0211238       0.68847   -0.00847621      0.021103      0.999741      -1.54612
     0.999971    0.00208747    0.00728336       0.10921   -0.00190668      0.999692    -0.0247406      0.648657   -0.00733276      0.024726      0.999667      -2.30648
     0.999979    0.00147775    0.00635493     0.0705474   -0.00129658      0.999595    -0.0284182      0.707879   -0.00639435     0.0284093      0.999576      -2.79558
     0.999975   0.000832466     0.0069826     0.0540071  -0.000624876      0.999559    -0.0296793      0.526814   -0.00700423     0.0296742      0.999535      -2.96342
     0.999971    0.00187493     0.0073763     0.0772735   -0.00165675      0.999564    -0.0294752      0.606306   -0.00742834     0.0294621      0.999538      -2.87062
      0.99997    0.00241864     0.0073814      0.101035   -0.00219207      0.999531    -0.0305498      0.658079   -0.00745183     0.0305326      0.999506      -2.90339
     0.999973    0.00259645    0.00686244     0.0993236   -0.00237841      0.999498    -0.0315928      0.526444   -0.00694103     0.0315756      0.999477      -3.05561
      0.99997    0.00241414    0.00730796      0.115347   -0.00218336      0.999504    -0.0314238      0.724247   -0.00738019     0.0314069      0.999479      -2.91255
     0.999978     0.0031209    0.00583386      0.120455   -0.00297461      0.999685    -0.0249186      0.689326   -0.00590979     0.0249007      0.999672      -3.25376
     0.999981    0.00348623    0.00512283     0.0228169   -0.00344493      0.999962   -0.00804854     -0.389695    -0.0051507    0.00803074      0.999954     -0.906739
     0.999964     0.0013355    0.00842747      0.201238   -0.00125553      0.999954   -0.00948799     -0.222154   -0.00843976    0.00947706      0.999919       0.10062
     0.999955    0.00238692     0.0091323      0.109115   -0.00233783      0.999983   -0.00538153      0.417032   -0.00914499    0.00535994      0.999944     -0.279146
     0.999946    0.00178758     0.0102771      0.057244   -0.00161005       0.99985    -0.0172563      0.322183    -0.0103064     0.0172388      0.999798     -0.822416
     0.999948    0.00172467     0.0100156     0.0561635   -0.00158461      0.999901    -0.0139748      0.498157    -0.0100387     0.0139582      0.999852      -1.07118
     0.999989   0.000423408    0.00465117      0.232484  -0.000373176      0.999942    -0.0107954        0.7529   -0.00465547     0.0107936      0.999931      -1.21679
     0.999969  -0.000134053    0.00785104      0.383041   0.000185028      0.999979   -0.00649236       0.95213      -0.00785    0.00649361      0.999948      -1.48021
     0.999935    0.00152175     0.0112978      0.319288   -0.00136441      0.999902    -0.0139217      0.659832    -0.0113179     0.0139054      0.999839      -1.28594
     0.999975    0.00125434    0.00696864      0.145179   -0.00111099      0.999788    -0.0205373      0.456405   -0.00699292     0.0205291      0.999765      -1.82202
     0.999994  -0.000821308    0.00343883    -0.0603165   0.000872714      0.999888     -0.014974      0.893736   -0.00342614      0.014977      0.999882       -2.6006
     0.999997   -0.00121236     0.0022957     -0.365879    0.00117909      0.999895     0.0144358       1.94666   -0.00231297     -0.014433      0.999893      -2.90406
     0.999986   -0.00483468    0.00232445     -0.656586    0.00470834      0.998657     0.0515881       3.10716   -0.00257074    -0.0515764      0.998666      -3.24519
     0.999978  -0.000558491    0.00657098     -0.486515   0.000222925      0.998701     0.0509582       3.07181    -0.0065909    -0.0509556      0.998679       -2.7613
     0.999927    0.00848062    0.00865727     -0.285624   -0.00872665      0.999547     0.0287885       2.00594    -0.0084092     -0.028862      0.999548      -2.36391
     0.999965    0.00628323    0.00553926     -0.252415   -0.00639957      0.999754     0.0212419       1.84413   -0.00540443    -0.0212766      0.999759      -2.71095
     0.999938    0.00476206     0.0101033     0.0307065   -0.00482333       0.99997    0.00604889        1.6148    -0.0100742   -0.00609724      0.999931      -2.75925
     0.999944    0.00390624    0.00986229     0.0500424   -0.00393747      0.999987    0.00314893       1.48738   -0.00984987   -0.00318758      0.999946      -2.88714
     0.999931    0.00440386     0.0108447     0.0860292   -0.00445124      0.999981    0.00434845       1.49803    -0.0108253   -0.00439642      0.999932      -3.30566
     0.999903    0.00665437      0.012216       0.11815   -0.00661815      0.999974   -0.00300262         1.311    -0.0122356    0.00292148      0.999921      -3.35151
     0.999932    0.00548336     0.0102576     0.0537637   -0.00544925       0.99998   -0.00335047       1.20414    -0.0102757    0.00329434      0.999942      -3.27998
     0.999932    0.00446491      0.010739     0.0544179   -0.00444731      0.999989    -0.0016617       1.29963    -0.0107463    0.00161383      0.999941      -3.38329
     0.999927    0.00366638     0.0115251      0.071345   -0.00362892      0.999988   -0.00326976       1.15521     -0.011537    0.00322769      0.999928      -3.35206
     0.999934    0.00298099     0.0110898     0.0460605    -0.0029311      0.999986   -0.00451262       1.03275    -0.0111031    0.00447982      0.999928      -3.59489
     0.999935    0.00275071      0.011087     0.0208581   -0.00268858      0.999981   -0.00561499       1.02091    -0.0111023    0.00558481      0.999923      -3.72783
     0.999922    0.00291218     0.0121269     0.0509011   -0.00285489      0.999985   -0.00473935         1.041    -0.0121405    0.00470436      0.999915      -3.66836
     0.999908    0.00321225     0.0131659      0.114669   -0.00309254      0.999954   -0.00910269       1.08344    -0.0131945    0.00906114      0.999872      -3.31914
     0.999916    0.00324428     0.0125691     0.0484971   -0.00312823      0.999952   -0.00924098      0.867159    -0.0125985    0.00920088      0.999878      -3.34095
     0.999943   -0.00323857     0.0101473      0.522252    0.00328979      0.999982   -0.00503524       1.21639    -0.0101308    0.00506833      0.999936      -3.77012
      0.99994   -0.00811063    0.00739225      0.884611     0.0080269      0.999904     0.0112865       1.86399   -0.00748308    -0.0112264      0.999909      -3.64121
     0.999966  -0.000910016    0.00820727       0.35905   0.000823336      0.999944     0.0105586       1.51805   -0.00821642    -0.0105514      0.999911      -3.05088
     0.999955  -0.000465814     0.0094684      0.347252    0.00042854      0.999992    0.00393831       1.28696   -0.00947016   -0.00393408      0.999947      -3.03178
     0.999951  -0.000242326    0.00994092      0.332449   0.000199732      0.999991    0.00428545       1.17477   -0.00994187   -0.00428325      0.999941       -2.9747
     0.999944    0.00115314     0.0105397      0.324782   -0.00119482      0.999991    0.00394952       1.24659    -0.0105351    -0.0039619      0.999937      -2.88976
     0.999931    0.00179469     0.0116129       0.29426    -0.0018518      0.999986    0.00490879       1.28132     -0.011604   -0.00492995      0.999921      -2.91451
     0.999936    0.00104968     0.0112213       0.28077    -0.0011072      0.999986    0.00512084       1.24059    -0.0112158   -0.00513294      0.999924      -3.08828
     0.999936    0.00123169     0.0112889      0.271831   -0.00129561      0.999983    0.00565666       1.25802    -0.0112818   -0.00567092       0.99992      -3.06089
     0.999933    0.00167839     0.0114406      0.279321   -0.00173391      0.999987    0.00484527       1.24692    -0.0114323   -0.00486479      0.999923      -2.83964
     0.999929    0.00169353     0.0117915      0.283563   -0.00174232       0.99999    0.00412931       1.23046    -0.0117844   -0.00414956      0.999922      -2.90461
     0.999938     0.0010297     0.0111138      0.255831     -0.001076      0.999991    0.00416066       1.32907    -0.0111094   -0.00417235       0.99993      -3.03038
     0.999951    0.00086063    0.00989867      0.218716  -0.000894805      0.999994    0.00344863       1.19112   -0.00989564   -0.00345732      0.999945      -2.98591
     0.999934    0.00263391     0.0111622      0.245082   -0.00268278      0.999987    0.00436547       1.00638    -0.0111506   -0.00439513      0.999928      -2.92289
     0.999933    0.00236667     0.0113129      0.108816   -0.00249251      0.999935     0.0111229       1.37976    -0.0112858    -0.0111504      0.999874      -2.95873
     0.999921    0.00150037     0.0124829     0.0842811   -0.00159002      0.999973    0.00717505       1.24748    -0.0124718   -0.00719433      0.999896      -3.33659
     0.999931     0.0017186     0.0116064      0.118536   -0.00177725      0.999986    0.00504531       1.07449    -0.0115975   -0.00506559       0.99992      -3.49969
     0.999938    0.00127505     0.0110993      0.138524   -0.00131853      0.999991    0.00391174       1.08581    -0.0110942   -0.00392613      0.999931      -3.51403
     0.999924    0.00214636      0.012172      0.139078    -0.0021648      0.999997    0.00150188       1.08374    -0.0121687   -0.00152811      0.999925      -3.35013
     0.999938    0.00349625     0.0106118    -0.0293722   -0.00353126      0.999988    0.00328249       1.32442    -0.0106002   -0.00331976      0.999938      -3.36379
     0.999905    0.00158202     0.0137287     0.0112937   -0.00163513      0.999991    0.00385809       1.23954    -0.0137225   -0.00388017      0.999898      -3.22747
     0.999892   0.000999824     0.0146386     0.0812565  -0.000984331      0.999999   -0.00106556      0.965844    -0.0146397    0.00105103      0.999892      -3.10551
     0.999903    0.00145416     0.0138421     0.0648697   -0.00147289      0.999998    0.00134341       1.15423    -0.0138402   -0.00136366      0.999903      -2.87431
     0.999914    0.00140967     0.0130226     0.0913638    -0.0014275      0.999998    0.00136027       1.14212    -0.0130206   -0.00137874      0.999914      -2.93922
     0.999907    0.00100272     0.0135646      0.117579    -0.0010478      0.999994    0.00331655       1.46223    -0.0135612   -0.00333046      0.999902      -2.54479
      0.99992    0.00271925     0.0123638     0.0448152   -0.00277584      0.999986    0.00456191       1.40834    -0.0123512   -0.00459587      0.999913      -2.33824
     0.999925    0.00169754     0.0121227     0.0817087   -0.00175551      0.999987    0.00477253       1.35778    -0.0121145   -0.00479345      0.999915      -2.55737
     0.999942  -0.000666733     0.0107784      0.110717   0.000639341      0.999997    0.00254459       1.24301      -0.01078   -0.00253755      0.999939      -3.02592
     0.999942   -0.00156907      0.010666      0.160006    0.00156266      0.999999   0.000608696        1.1876    -0.0106669  -0.000591994      0.999943      -3.28854
     0.999948   0.000158379     0.0101994      0.140255  -0.000143761      0.999999   -0.00143391       1.11236    -0.0101997    0.00143237      0.999947      -3.08826
     0.999947   0.000595846     0.0102805      0.133981  -0.000552525      0.999991   -0.00421617       1.00833     -0.010283    0.00421026      0.999938      -3.41333
     0.999947   7.25496e-05      0.010297      0.160356   -1.4305e-05      0.999984   -0.00565641       1.00006    -0.0102973    0.00565596      0.999931      -3.52022
     0.999948   0.000920108     0.0101821      0.121457  -0.000861486      0.999983   -0.00576025      0.938743    -0.0101872    0.00575118      0.999932      -3.57648
     0.999953    0.00238736    0.00940474      0.086408   -0.00236867      0.999995   -0.00199819      0.959565   -0.00940946    0.00197582      0.999954       -3.6393
     0.999948   0.000859099     0.0101804      0.127308  -0.000880625      0.999997    0.00211015        1.1456    -0.0101785   -0.00211901      0.999946      -3.69344
     0.999943   0.000669959     0.0106782      0.111035  -0.000650804      0.999998   -0.00179726       1.00293    -0.0106794    0.00179021      0.999941      -3.92209
     0.999955   0.000616255     0.0094821     0.0913504  -0.000586606      0.999995   -0.00312924      0.887511   -0.00948398    0.00312354       0.99995      -3.96865
     0.999963    0.00134708    0.00846573     0.0666204   -0.00129859      0.999983   -0.00573132      0.808927    -0.0084733    0.00572012      0.999948       -4.0006
     0.999969    0.00157341    0.00765393     0.0746825   -0.00151363      0.999968   -0.00780957      0.867525   -0.00766597    0.00779775       0.99994      -3.98158
     0.999972     0.0015591    0.00732133      0.030164   -0.00151302      0.999979   -0.00629538      0.790102   -0.00733099    0.00628413      0.999953      -4.02165
     0.999976   0.000604948    0.00695961     0.0169484  -0.000542303      0.999959   -0.00899956      0.702217   -0.00696477    0.00899556      0.999935      -4.25244
     0.999973   5.09216e-05    0.00729967    -0.0186965   3.67572e-05      0.999928    -0.0120107      0.552654   -0.00729976     0.0120106      0.999901      -4.56522
     0.999979  -0.000687651    0.00650947    -0.0387892   0.000760603      0.999937    -0.0112113      0.485721   -0.00650135      0.011216      0.999916      -4.66499
     0.999981  -0.000971225    0.00604885    -0.0317363    0.00103711       0.99994    -0.0108988       0.57996    -0.0060379     0.0109048      0.999922       -4.6848
     0.999979  -0.000857154    0.00636063     -0.054579    0.00092586      0.999941    -0.0108067       0.51356   -0.00635099     0.0108124      0.999921      -4.70407
     0.999981  -0.000884143    0.00604693    -0.0653118   0.000951562      0.999937    -0.0111556      0.495834   -0.00603669     0.0111611      0.999919      -4.70596
     0.999975   0.000201822    0.00708571    -0.0590173  -0.000141403      0.999964   -0.00852633       0.57138   -0.00708717    0.00852511      0.999939      -4.74969
     0.999956    0.00191704    0.00920632    -0.0503921   -0.00181879      0.999941    -0.0106687      0.550785   -0.00922623     0.0106515      0.999901      -4.87055
     0.999966   0.000899834    0.00814076    -0.0703243  -0.000791919      0.999912    -0.0132497      0.401621   -0.00815197     0.0132428      0.999879      -4.86279
     0.999972   0.000208523    0.00741696    -0.0793551  -0.000112763      0.999917    -0.0129091      0.481746   -0.00741903     0.0129079      0.999889      -4.90227
     0.999971   0.000578525    0.00754142    -0.0782892  -0.000468101      0.999893     -0.014636      0.365987   -0.00754908      0.014632      0.999864      -4.88029
     0.999973   0.000290663    0.00737689    -0.0806619  -0.000182699      0.999893    -0.0146319      0.385473   -0.00738036     0.0146301      0.999866      -4.97577
     0.999976   7.73857e-05    0.00695535    -0.0903048   2.44353e-05      0.999893     -0.014638      0.346226   -0.00695574     0.0146378      0.999869       -4.9237
     0.999975   0.000208591    0.00704876    -0.0934702  -0.000102741      0.999887    -0.0150139      0.376393    -0.0070511     0.0150128      0.999862      -4.92617
     0.999976  -0.000255815    0.00697548     -0.069973   0.000332097       0.99994    -0.0109368      0.392934   -0.00697226     0.0109388      0.999916      -4.78619
     0.999977  -0.000330565     0.0067135    -0.0671519   0.000397633       0.99995   -0.00999108      0.442087   -0.00670986    0.00999352      0.999928      -4.76179
      0.99998    0.00082188    0.00634034    -0.0452368  -0.000753016      0.999941     -0.010856      0.614071   -0.00634889      0.010851      0.999921      -4.26788
     0.999963    0.00072823    0.00856992     0.0807718  -0.000677621      0.999982   -0.00590686      0.802547   -0.00857407    0.00590083      0.999946      -3.82648
     0.999967   -0.00297414    0.00760843      0.123058    0.00308589      0.999887    -0.0147186      0.612306   -0.00756379     0.0147416      0.999863      -3.86258
     0.999971   -0.00369714    0.00665286     0.0921062    0.00383182      0.999786    -0.0203465      0.506339   -0.00657621     0.0203714      0.999771      -4.04798
     0.999972   -0.00371047    0.00650989     0.0608747    0.00386425       0.99971    -0.0237706      0.347598    -0.0064198     0.0237951      0.999696      -3.90943
     0.999974   -0.00321644    0.00641961     0.0436131    0.00337265      0.999695     -0.024472      0.405801   -0.00633894     0.0244931       0.99968      -4.04303
     0.999974   -0.00323532    0.00642143     0.0454605    0.00339595      0.999678    -0.0251631      0.363518   -0.00633795     0.0251843      0.999663      -4.18626
     0.999979   -0.00318185    0.00557142     0.0476234    0.00332935      0.999639    -0.0266682      0.232722   -0.00548455     0.0266862      0.999629      -4.18619
      0.99998   -0.00341254    0.00534435     0.0412552    0.00355191      0.999648    -0.0262895       0.33952   -0.00525276     0.0263079       0.99964      -4.29562
     0.999975   -0.00361853    0.00600618      0.034898    0.00377475      0.999649    -0.0262057      0.265595   -0.00590925     0.0262277      0.999639      -4.27465
     0.999975   -0.00325577    0.00623633     0.0460035    0.00341301      0.999672    -0.0253717      0.216413   -0.00615168     0.0253923      0.999659      -4.22318
     0.999974   -0.00324478    0.00646673     0.0565271    0.00341008      0.999663    -0.0257161      0.334702   -0.00638111     0.0257375      0.999648      -4.35932
     0.999967   -0.00395993    0.00709049      0.035394    0.00413388      0.999687    -0.0246895      0.237829    -0.0069905      0.024718       0.99967      -4.58647
     0.999966   -0.00319527    0.00759787     0.0425572    0.00336999      0.999728    -0.0230949      0.145099     -0.007522     0.0231198      0.999704      -4.78697
     0.999969   -0.00314895    0.00715544     0.0292717    0.00330753      0.999747     -0.022259      0.222238   -0.00708353      0.022282      0.999727      -4.88019
     0.999967   -0.00381351    0.00720827     0.0429605    0.00398192      0.999716    -0.0234956      0.214048   -0.00711663     0.0235235      0.999698      -4.91024
     0.999967   -0.00351643    0.00738793     0.0321831    0.00369897      0.999685    -0.0248412     0.0214567   -0.00729825     0.0248677      0.999664      -4.92698
      0.99997   -0.00302613    0.00715147     0.0466811    0.00320782      0.999669    -0.0255323     0.0735897   -0.00707184     0.0255545      0.999648      -4.88204
     0.999974   -0.00263444    0.00672444     0.0835988    0.00281083      0.999649    -0.0263586      0.178718   -0.00665263     0.0263768       0.99963      -4.71616
     0.999974   -0.00265245    0.00677959     0.0890352    0.00282712      0.999661    -0.0258857      0.105405   -0.00670863     0.0259042      0.999642      -4.73369
     0.999973   -0.00286704    0.00673503      0.107574    0.00304461      0.999644    -0.0265044       0.18125   -0.00665664     0.0265242      0.999626      -4.73177
     0.999973   -0.00269549    0.00677626     0.0928482    0.00287892      0.999626     -0.027207      0.172219   -0.00670038     0.0272258      0.999607       -4.6545
     0.999974    -0.0017718    0.00696827     0.0506188     0.0019587      0.999636    -0.0269064     0.0683492   -0.00691806     0.0269194      0.999614      -4.68544
     0.999971    -0.0024788    0.00715718     0.0670147    0.00267681       0.99961      -0.02779      0.215672   -0.00708551     0.0278083      0.999588      -4.57743
     0.999972   -0.00275939    0.00694334      0.072788    0.00295266      0.999604    -0.0279806      0.165934   -0.00686338     0.0280003      0.999584      -4.59758
     0.999975   -0.00276532    0.00651912     0.0655471    0.00294569      0.999609    -0.0278225     0.0489102   -0.00643963      0.027841      0.999592      -4.62413
     0.999972    -0.0027969    0.00696782     0.0809675    0.00299095      0.999604    -0.0279964      0.168315   -0.00688676     0.0280164      0.999584      -4.72325
      0.99997   -0.00303887    0.00707376     0.0673117    0.00323454      0.999608    -0.0278167      0.104937   -0.00698645     0.0278387      0.999588      -4.78362
     0.999973    -0.0030385    0.00669718     0.0582975    0.00323031      0.999579    -0.0288176    0.00424788   -0.00660681     0.0288384      0.999562      -4.89601
