# 3dvolreg matrices (DICOM-to-DICOM, row-by-row):
            1  -0.000271619   5.95553e-05   -0.00870122   0.000271799      0.999995   -0.00303819    0.00476377  -5.87298e-05    0.00303821      0.999995    -0.0103575
            1  -7.01665e-05  -1.77677e-05    0.00135398   7.01635e-05             1   -0.00017222     0.0280398   1.77798e-05   0.000172219             1     0.0585921
            1  -6.52784e-11   1.72346e-10    9.8296e-09   6.52784e-11             1   1.90107e-10   2.05787e-09  -1.72346e-10  -1.90107e-10             1  -2.18611e-09
            1   -0.00017302  -8.74855e-05    0.00462174   0.000173006             1  -0.000155858     0.0343921   8.75124e-05   0.000155843             1    -0.0802023
            1   0.000237261   0.000136318    0.00139927   -0.00023727             1   6.35341e-05    -0.0263381  -0.000136302  -6.35664e-05             1    -0.0255327
            1  -0.000133984   0.000125794   -0.00693875   0.000134043             1  -0.000467656     0.0303353  -0.000125732   0.000467673             1     -0.144872
            1   5.24007e-06   0.000271306   -0.00613837  -5.28299e-06             1   0.000158221    -0.0179613  -0.000271305  -0.000158223             1    -0.0870295
            1  -0.000122397   0.000200401  -0.000403456   0.000122338             1   0.000295323    0.00564791  -0.000200437  -0.000295298             1     -0.155083
            1  -3.59865e-05   0.000518894    0.00175004   3.59631e-05             1   4.51665e-05      -0.03639  -0.000518895  -4.51479e-05             1     -0.150774
            1  -0.000130284   0.000450763    -0.0172359   0.000130242             1   9.27827e-05    -0.0631092  -0.000450775   -9.2724e-05             1     -0.233547
            1  -0.000101005   0.000253262    -0.0120458   0.000101293      0.999999   -0.00113822    -0.0164855  -0.000253147    0.00113825      0.999999      -0.11657
            1  -6.69559e-05   0.000194905    -0.0153216   6.72331e-05      0.999999   -0.00142234    -0.0435426   -0.00019481    0.00142236      0.999999    0.00598209
            1  -0.000201227   0.000305539   -0.00464492   0.000201722      0.999999   -0.00162225      0.029801  -0.000305212    0.00162231      0.999999     -0.077193
            1   0.000100526   0.000751546    0.00559872  -9.96992e-05      0.999999   -0.00109969    -0.0390625  -0.000751656    0.00109961      0.999999    -0.0321152
            1   0.000160332   0.000789895    0.00820993  -0.000159453      0.999999   -0.00111283    0.00854025  -0.000790073     0.0011127      0.999999       -0.1447
            1   0.000130155   0.000692474    0.00319933  -0.000129942             1  -0.000307676     0.0135971  -0.000692514   0.000307586             1     -0.067044
            1    3.6536e-05   0.000644238  -5.30931e-05  -3.61005e-05             1  -0.000676132    -0.0091774  -0.000644262   0.000676109             1    -0.0847701
            1   0.000382961   0.000573807     0.0203632  -0.000381833      0.999998   -0.00196562     0.0204249  -0.000574559     0.0019654      0.999998     0.0467757
            1   0.000564127    0.00056454     0.0173516  -0.000562771      0.999997   -0.00239861    -0.0200514  -0.000565891    0.00239829      0.999997     0.0518252
            1   0.000186244   0.000259115    0.00521394  -0.000185421      0.999995   -0.00317197     0.0411683  -0.000259704    0.00317193      0.999995     0.0735454
            1   0.000469797   0.000495364     0.0152757  -0.000468479      0.999996   -0.00265795   0.000165617  -0.000496611    0.00265771      0.999996      0.165457
            1   0.000596814   0.000350894     0.0138303  -0.000595938      0.999997   -0.00249004     0.0394557  -0.000352379    0.00248983      0.999997      0.138848
            1   8.30084e-05   0.000214372     0.0184128  -8.23954e-05      0.999996   -0.00285794     0.0598391  -0.000214608    0.00285793      0.999996     0.0477798
            1    0.00037358   0.000418446     0.0160364  -0.000372569      0.999997   -0.00241209   -0.00375383  -0.000419345    0.00241193      0.999997      0.156167
            1   0.000236908   0.000168793   0.000798849  -0.000236546      0.999998   -0.00213907      0.044258    -0.0001693    0.00213903      0.999998      0.105477
            1   0.000305344   0.000138637    0.00478633  -0.000305075      0.999998   -0.00193824     0.0361828  -0.000139228     0.0019382      0.999998     0.0480587
            1   0.000607594   0.000449032     0.0104425  -0.000606665      0.999998    -0.0020664    0.00356401  -0.000450286    0.00206613      0.999998      0.131907
            1   0.000188426   0.000270116      0.015752  -0.000187548      0.999995   -0.00324882     0.0753794  -0.000270727    0.00324877      0.999995      0.142099
            1   0.000266301   0.000748853     0.0232555  -0.000264852      0.999998    -0.0019337     0.0214509  -0.000749367    0.00193351      0.999998      0.509258
            1  -0.000110851   0.000799679     0.0291234   0.000111995      0.999999   -0.00143134      0.112833  -0.000799519    0.00143143      0.999999      0.678671
            1    4.2774e-05   0.000940551     0.0270931  -4.14252e-05      0.999999   -0.00143406     0.0494884  -0.000940611    0.00143402      0.999999      0.725965
            1  -0.000119412    0.00062725     0.0102285   0.000121046      0.999997   -0.00260544     0.0515145  -0.000626937    0.00260551      0.999996      0.481667
            1   0.000309147   0.000873891     0.0162732  -0.000306143      0.999994   -0.00343608    0.00362209  -0.000874948    0.00343582      0.999994      0.429826
            1   0.000146583   0.000838731     0.0173648  -0.000143617      0.999994   -0.00353442    0.00664165  -0.000839244     0.0035343      0.999993      0.337211
            1   0.000495289   0.000705064     0.0304135  -0.000492051      0.999989   -0.00458624    -0.0100551  -0.000707328    0.00458589      0.999989      0.332937
     0.999999   0.000668404   0.000891796     0.0381249   -0.00066278       0.99998   -0.00629197    -0.0690235  -0.000895984    0.00629138       0.99998      0.259114
            1   0.000443098   0.000825868     0.0341531   -0.00043736      0.999976    -0.0069342     -0.039573   -0.00082892    0.00693383      0.999976      0.187414
            1   0.000380901   0.000853954     0.0160653  -0.000375281      0.999978   -0.00657155     -0.115371  -0.000856439    0.00657123      0.999978       0.16662
            1  -0.000184761   0.000679232    0.00844892   0.000189385      0.999977   -0.00681368    -0.0674058  -0.000677957     0.0068138      0.999977     0.0924133
     0.999999   0.000602217   0.000981239     0.0238432   -0.00059589      0.999979   -0.00643482     -0.107223  -0.000985094    0.00643423      0.999979      0.284762
     0.999999   0.000502845    0.00088803      0.029873   -0.00049664      0.999976   -0.00697378   -0.00437899  -0.000891515    0.00697334      0.999975      0.257475
     0.999999   0.000737472   0.000878833     0.0277509  -0.000731564      0.999977   -0.00670411    -0.0617465  -0.000883757    0.00670346      0.999977      0.274689
            1   0.000547427   0.000765673     0.0189892   -0.00054206      0.999975   -0.00699253    -0.0600496  -0.000769482    0.00699212      0.999975      0.208034
            1   0.000405176   0.000598002     0.0186725  -0.000400769      0.999973   -0.00735197    -0.0750904  -0.000600965    0.00735172      0.999973      0.173864
            1   0.000505752   0.000743538     0.0146415  -0.000499925      0.999969   -0.00781694     -0.136519  -0.000747469    0.00781657      0.999969      0.117055
     0.999999   0.000482436    0.00103207     0.0268795  -0.000473662      0.999964   -0.00848556     -0.108761   -0.00103612    0.00848506      0.999963      0.059755
     0.999999   0.000687332    0.00115584     0.0169995  -0.000676284      0.999954     -0.009531     -0.198852   -0.00116234    0.00953021      0.999954      0.138316
     0.999999   0.000286709   0.000986741     0.0211815  -0.000277175      0.999953    -0.0096482     -0.110874  -0.000989461    0.00964792      0.999953      0.074327
     0.999999   0.000568855    0.00121647     0.0224551  -0.000557157      0.999954   -0.00959554     -0.184803   -0.00122187    0.00959485      0.999953      0.138119
     0.999999   0.000533252    0.00107781    0.00770816  -0.000522287      0.999948    -0.0101482     -0.173909   -0.00108317     0.0101476      0.999948     0.0236715
     0.999999   0.000651847    0.00116815     0.0103938  -0.000639935      0.999948    -0.0101685       -0.1709   -0.00117472     0.0101678      0.999948   -0.00708679
     0.999999   0.000655289    0.00118301    0.00297135  -0.000643013      0.999946    -0.0103472     -0.261035   -0.00118972     0.0103464      0.999946    -0.0520845
     0.999999    0.00057562    0.00142224     0.0121814  -0.000561339       0.99995    -0.0100213     -0.205225   -0.00142793     0.0100205      0.999949     -0.191426
     0.999999   0.000579866    0.00159732    0.00096901  -0.000563678      0.999949    -0.0101163     -0.293565    -0.0016031     0.0101154      0.999948     -0.115738
     0.999999   9.38286e-05    0.00133068  -0.000199858  -7.96467e-05      0.999943    -0.0106537     -0.214994   -0.00133161     0.0106535      0.999942     -0.111211
     0.999999    0.00041734    0.00139344     0.0121367  -0.000402028       0.99994    -0.0109706     -0.237842   -0.00139794       0.01097      0.999939     0.0465263
     0.999999   0.000312273    0.00142576     0.0153104  -0.000295636      0.999932    -0.0116545     -0.193105    -0.0014293      0.011654      0.999931     0.0104865
     0.999999   0.000424444     0.0013682     0.0188781  -0.000407956      0.999928     -0.012028     -0.198519   -0.00137321     0.0120275      0.999927     0.0402409
     0.999999   0.000370245   0.000965098     0.0045838  -0.000358636      0.999928    -0.0120013     -0.251372  -0.000969472      0.012001      0.999928  -0.000507745
     0.999999   0.000121208    0.00104215     0.0109983  -0.000108444      0.999925    -0.0122385     -0.209171   -0.00104355     0.0122384      0.999925   0.000544238
     0.999999   0.000591894    0.00146517     0.0211813  -0.000574617      0.999931    -0.0117641     -0.261545   -0.00147203     0.0117633       0.99993      0.054945
     0.999999   0.000378503    0.00137411     0.0294415  -0.000361643      0.999925    -0.0122494     -0.185563   -0.00137864     0.0122489      0.999924    -0.0388517
     0.999999   0.000625094    0.00144814     0.0353082  -0.000607932       0.99993    -0.0118211     -0.291399   -0.00145542     0.0118202      0.999929    -0.0122379
     0.999999   0.000495224    0.00150625     0.0210394  -0.000477858      0.999934    -0.0115084     -0.254052   -0.00151185     0.0115076      0.999933     -0.128933
     0.999998   0.000535548    0.00168668     0.0255075  -0.000516021      0.999933    -0.0115564     -0.280131   -0.00169276     0.0115555      0.999932     -0.150276
     0.999998   0.000520273    0.00176615     0.0151376  -0.000499808      0.999933    -0.0115682     -0.327511   -0.00177205     0.0115672      0.999932     -0.183113
     0.999999   0.000576069    0.00104699     0.0192301  -0.000561749      0.999907     -0.013627     -0.304214   -0.00105474     0.0136264      0.999907     -0.170743
     0.999999   0.000872089   0.000747896     0.0245214  -0.000861985       0.99991    -0.0134054     -0.352378  -0.000759519     0.0134047       0.99991     -0.136817
     0.999999   0.000765539    0.00125285     0.0275192  -0.000749381      0.999917    -0.0128469     -0.249477   -0.00126258     0.0128459      0.999917    -0.0405013
     0.999997    0.00165268    0.00151949     0.0518356   -0.00163295      0.999915    -0.0128983     -0.284495   -0.00154068     0.0128958      0.999916      0.243443
     0.999996    0.00212442      0.001997     0.0445787   -0.00210046      0.999927    -0.0119276      -0.12765   -0.00202219     0.0119234      0.999927      0.247934
     0.999997    0.00157066    0.00195163     0.0447657   -0.00154233      0.999895    -0.0144312     -0.209284   -0.00197409     0.0144281      0.999894      0.217389
     0.999997    0.00128145    0.00184441     0.0426885   -0.00125274      0.999879    -0.0154826     -0.321125   -0.00186403     0.0154803      0.999878      0.104908
     0.999998    0.00110474     0.0017006     0.0415589   -0.00107738      0.999871     -0.016008     -0.305427   -0.00171807     0.0160062       0.99987     0.0693757
     0.999999   0.000564992    0.00158163     0.0230191  -0.000538655      0.999862    -0.0166024     -0.290186    -0.0015908     0.0166015      0.999861      0.135409
     0.999999  -7.93435e-05    0.00140569    -0.0180348   0.000104402      0.999841    -0.0178356      0.121633   -0.00140405     0.0178357       0.99984     0.0799892
     0.999999   0.000420013    0.00100823    -0.0131871  -0.000402037      0.999842     -0.017764     0.0873698   -0.00101553     0.0177635      0.999842     0.0978291
     0.999999   0.000709355    0.00129927   -0.00891838  -0.000686207      0.999843    -0.0177304    -0.0931292   -0.00131164     0.0177295      0.999842     0.0684483
     0.999999   0.000736098   0.000918424   -0.00395137  -0.000718939      0.999828    -0.0185452    -0.0902758  -0.000931917     0.0185445      0.999828      0.103333
     0.999999   0.000765307     0.0011825     -0.012217  -0.000743295      0.999829    -0.0185045     -0.198179   -0.00119646     0.0185036      0.999828     0.0998785
     0.999999   0.000746415    0.00143642    -0.0178915  -0.000720494      0.999838    -0.0179627     -0.180807   -0.00144959     0.0179616      0.999838     0.0260536
     0.999999   0.000662787    0.00112013    -0.0167619  -0.000641606      0.999823    -0.0188048     -0.153516    -0.0011324      0.018804      0.999823     0.0156357
     0.999999   0.000985657    0.00112232   -0.00489424  -0.000964943      0.999832    -0.0183094     -0.271732   -0.00114018     0.0183083      0.999832     0.0850008
     0.999999   0.000828634    0.00110712   -0.00325635  -0.000808192      0.999832    -0.0183384     -0.205895   -0.00112213     0.0183375      0.999831     0.0508673
     0.999999    0.00104049    0.00105839     0.0283707   -0.00102144       0.99984    -0.0178504     -0.169489   -0.00107679     0.0178493       0.99984      0.531647
     0.999999    0.00130306   0.000858673     0.0371716   -0.00128861      0.999861    -0.0166169     -0.221898  -0.000880207     0.0166158      0.999862       0.81772
     0.999998    0.00189763   0.000606312     0.0256605   -0.00188608      0.999827    -0.0185195    -0.0762694   -0.00064135     0.0185183      0.999828      0.358529
     0.999998    0.00179546    0.00026294      0.053745   -0.00179032      0.999829    -0.0183873     -0.178582  -0.000295909     0.0183868      0.999831      0.416977
     0.999999    0.00152006   0.000358676     0.0569875   -0.00151285      0.999812    -0.0193176     -0.271684  -0.000387972     0.0193171      0.999813      0.353321
     0.999999    0.00120035   0.000207583     0.0539628   -0.00119587      0.999792     -0.020364     -0.191734  -0.000231984     0.0203638      0.999793      0.341038
     0.999999    0.00118047     0.0002569     0.0467574   -0.00117512      0.999801    -0.0199236       -0.2679  -0.000280368     0.0199233      0.999801      0.300738
            1   0.000849537   0.000338277      0.038496  -0.000842635      0.999802    -0.0199034     -0.234882  -0.000355119     0.0199031      0.999802      0.136558
     0.999999      0.000809   0.000677216     0.0441128  -0.000795404      0.999803    -0.0198414     -0.285949  -0.000693135     0.0198409      0.999803     0.0575351
     0.999999   0.000671825   0.000862147      0.027435  -0.000654758      0.999807    -0.0196451     -0.378936  -0.000875179     0.0196445      0.999807    -0.0160519
            1   0.000253465    0.00084837     0.0399737  -0.000238612      0.999847    -0.0174622     -0.212349  -0.000852666      0.017462      0.999847     0.0588104
     0.999999   0.000384146    0.00128464     0.0412263  -0.000362791      0.999862    -0.0165828     -0.257544   -0.00129084     0.0165824      0.999862      0.106404
     0.999999   0.000438837   0.000940319     0.0298075  -0.000423174      0.999862    -0.0165932     -0.215728  -0.000947472     0.0165928      0.999862     0.0989191
     0.999999   0.000636974    0.00118993      0.041176   -0.00061677      0.999857    -0.0169033     -0.260881   -0.00120053     0.0169026      0.999856      0.115224
     0.999999    0.00073454    0.00123526     0.0326692  -0.000713243      0.999853    -0.0171537     -0.327544   -0.00124768     0.0171528      0.999852      0.074177
     0.999999   0.000509318    0.00111139     0.0379202  -0.000489614      0.999844    -0.0176578      -0.24115   -0.00112021     0.0176572      0.999843     0.0184318
     0.999999   0.000645729    0.00129974     0.0340041  -0.000622771      0.999845    -0.0175869     -0.329949   -0.00131089     0.0175861      0.999844     0.0334953
     0.999999   0.000233898    0.00116939     0.0263215  -0.000213401      0.999847     -0.017497     -0.262246   -0.00117331     0.0174967      0.999846    -0.0374359
     0.999999   0.000493098    0.00140976     0.0369699  -0.000468727      0.999851    -0.0172359      -0.32201   -0.00141805     0.0172352       0.99985    -0.0332534
     0.999999   0.000555546    0.00136322     0.0339226  -0.000531522      0.999846    -0.0175603     -0.317508   -0.00137276     0.0175595      0.999845     -0.053838
     0.999999   0.000404458    0.00117438     0.0393595  -0.000382198      0.999821    -0.0188929      -0.29677   -0.00118181     0.0188924      0.999821   -0.00245645
     0.999999   0.000391965    0.00134832     0.0439597  -0.000366761      0.999826    -0.0186424     -0.386365    -0.0013554     0.0186419      0.999825    -0.0355705
     0.999998   0.000489436    0.00198637     0.0656758  -0.000452971      0.999832    -0.0183167     -0.336169   -0.00199501     0.0183158       0.99983     -0.156366
     0.999998    0.00057897    0.00195002     0.0504277  -0.000542948       0.99983    -0.0184227      -0.42046   -0.00196036     0.0184216      0.999828    -0.0555196
     0.999999   0.000312122    0.00139702     0.0360411  -0.000285545       0.99982    -0.0189836     -0.346925   -0.00140269     0.0189832      0.999819     0.0221837
     0.999999   0.000266685    0.00131726     0.0315155  -0.000241327      0.999815    -0.0192134     -0.282246   -0.00132214     0.0192131      0.999815     0.0167581
     0.999994    0.00275444     0.0020069     -0.217493   -0.00271564      0.999814    -0.0190872     -0.184885    -0.0020591     0.0190816      0.999816      0.157843
     0.999989    0.00370894    0.00296545     -0.196051   -0.00365136      0.999809    -0.0191916      -0.11559   -0.00303606     0.0191806      0.999811      0.154044
     0.999993    0.00286144    0.00228067     -0.110567   -0.00281706      0.999811    -0.0192304     -0.268888   -0.00233527     0.0192239      0.999812     0.0856046
     0.999994     0.0028125    0.00198968     -0.106447   -0.00277377      0.999812    -0.0192058     -0.241663   -0.00204332     0.0192002      0.999814     0.0590193
     0.999994    0.00257513    0.00249897    -0.0647529   -0.00252751      0.999819    -0.0188737     -0.268743   -0.00254712     0.0188673      0.999819       0.16783
     0.999995    0.00216527    0.00209114    -0.0766747   -0.00212387      0.999806    -0.0196012     -0.212972   -0.00213318     0.0195967      0.999806      0.176245
     0.999997    0.00125736    0.00204886    -0.0145522   -0.00121892      0.999825    -0.0186521       -0.1506   -0.00207196     0.0186496      0.999824     0.0207053
     0.999996    0.00125524    0.00256389    0.00541079   -0.00120914      0.999839    -0.0179028     -0.326066   -0.00258595     0.0178996      0.999836    -0.0866822
     0.999996    0.00121805    0.00249203   -0.00231006   -0.00117274      0.999835    -0.0181033     -0.337962   -0.00251367     0.0181003      0.999833     -0.119728
     0.999997    0.00102785    0.00242716    0.00446131  -0.000982707      0.999828    -0.0185265     -0.278658   -0.00244578     0.0185241      0.999825     -0.108033
     0.999995    0.00111635    0.00279934     0.0049714   -0.00106569      0.999837    -0.0180313     -0.402269   -0.00281901     0.0180282      0.999834    -0.0899836
     0.999995   0.000824173      0.002981   0.000149743  -0.000771509      0.999844    -0.0176249     -0.353458   -0.00299506     0.0176225       0.99984    -0.0303123
     0.999995    0.00077802     0.0031007    0.00894527  -0.000725288      0.999856    -0.0169715     -0.346721   -0.00311345     0.0169692      0.999851      0.234914
     0.999995   0.000871311    0.00291478    0.00517079  -0.000822541       0.99986    -0.0166913     -0.363739   -0.00292892     0.0166888      0.999856      0.195555
     0.999996   0.000739656    0.00259746     0.0154426  -0.000693719      0.999844     -0.017642     -0.274279   -0.00261011     0.0176402      0.999841      -0.16026
     0.999996    0.00100641    0.00275761     0.0182582  -0.000956042      0.999834    -0.0182066     -0.416027   -0.00277547     0.0182039       0.99983     -0.210783
     0.999997   0.000585317    0.00251725    0.00260074  -0.000535947      0.999808     -0.019569     -0.383734   -0.00252822     0.0195676      0.999805     -0.298579
     0.999996   0.000750167    0.00258628    0.00885457  -0.000700633      0.999817    -0.0191006        -0.417   -0.00260014     0.0190988      0.999814     -0.249046
     0.999997   0.000440622    0.00260199   -0.00696985   -0.00038936      0.999806    -0.0196688     -0.416179   -0.00261016     0.0196677      0.999803     -0.295782
     0.999996   0.000373321    0.00272936    -0.0102367  -0.000319022      0.999803    -0.0198678     -0.422723   -0.00273624     0.0198668      0.999799     -0.359869
     0.999997   0.000417736    0.00244343    -0.0265439  -0.000369142      0.999803    -0.0198541     -0.455391   -0.00245124     0.0198531        0.9998      -0.40848
     0.999996   0.000499625    0.00280645    -0.0186294  -0.000446317       0.99982    -0.0189636     -0.428953   -0.00281542     0.0189622      0.999816     -0.428688
     0.999995   0.000663848    0.00317965   -0.00588841  -0.000605932      0.999835     -0.018181     -0.456981    -0.0031912      0.018179       0.99983     -0.423303
     0.999996   0.000385785    0.00268222     -0.015596  -0.000333822      0.999813    -0.0193469     -0.391184   -0.00268918     0.0193459      0.999809      -0.42194
     0.999996   0.000610765    0.00262983    -0.0145772  -0.000560364      0.999817    -0.0191232     -0.468611   -0.00264103     0.0191217      0.999814     -0.417915
     0.999997   0.000564593    0.00257457    -0.0158351  -0.000515061      0.999816    -0.0191992     -0.448138   -0.00258494     0.0191978      0.999812     -0.466232
     0.999996   0.000484299    0.00271072   -0.00935539  -0.000432374      0.999817    -0.0191232     -0.416933   -0.00271949     0.0191219      0.999813     -0.467011
     0.999996   0.000522107    0.00275561    -0.0136631  -0.000469956      0.999821    -0.0188924     -0.490273   -0.00276499      0.018891      0.999818      -0.45946
     0.999996   0.000655641    0.00260565     0.0104147  -0.000603726      0.999802    -0.0198749     -0.400603   -0.00261817     0.0198733      0.999799     -0.389307
     0.999996   0.000973006    0.00253231     0.0272344  -0.000923106      0.999807    -0.0196325      -0.44366   -0.00255092     0.0196301      0.999804      -0.23949
     0.999997   0.000753419    0.00233117     0.0180282  -0.000707721      0.999809    -0.0195424     -0.368409   -0.00234545     0.0195407      0.999806     -0.121368
     0.999998    0.00104626    0.00194085      0.038315   -0.00100712      0.999798    -0.0200579     -0.348312   -0.00196144     0.0200559      0.999797     0.0705796
     0.999997    0.00113246    0.00206061     0.0360522    -0.0010909      0.999798    -0.0200601     -0.346483   -0.00208291     0.0200578      0.999797    -0.0556559
     0.999998   0.000938208    0.00180525     0.0402045  -0.000900203       0.99978    -0.0209391     -0.335894    -0.0018245     0.0209375      0.999779    -0.0311548
     0.999998    0.00102275    0.00172998     0.0329353   -0.00098539      0.999769    -0.0214622     -0.373262   -0.00175154     0.0214605      0.999768      0.134519
     0.999998   0.000797689    0.00171663     0.0346463  -0.000761154      0.999775     -0.021179     -0.296514   -0.00173314     0.0211777      0.999774     0.0548067
     0.999998    0.00110767    0.00193537     0.0318498    -0.0010666      0.999777    -0.0210957     -0.376467   -0.00195831     0.0210936      0.999776     0.0713768
     0.999998   0.000879383    0.00188658     0.0279765  -0.000839103      0.999774    -0.0212462     -0.317658   -0.00190484     0.0212446      0.999772    0.00401185
     0.999997   0.000941149    0.00222758     0.0263829   -0.00089495      0.999786    -0.0206505     -0.407083   -0.00224654     0.0206485      0.999784   -0.00206055
     0.999997   0.000570424    0.00216229     0.0218368  -0.000525548      0.999786    -0.0206982     -0.362561   -0.00217363      0.020697      0.999783     -0.122105
     0.999995     0.0013357     0.0028795     0.0152046   -0.00127588      0.999785    -0.0206792     -0.383291    -0.0029065     0.0206754      0.999782     -0.177268
     0.999993    0.00163051    0.00347411     0.0216138    -0.0015548      0.999764    -0.0216866     -0.363362   -0.00350865     0.0216811      0.999759      -0.24322
     0.999983    0.00367809    0.00445195     0.0835049    -0.0036029      0.999853    -0.0167823     -0.150798   -0.00451302      0.016766      0.999849      0.251027
     0.999988    0.00410646    0.00260002     0.0655576   -0.00406323      0.999857    -0.0164184    -0.0784119   -0.00266707     0.0164076      0.999862      0.545837
     0.999991    0.00351519    0.00245442     0.0566796   -0.00346992      0.999828    -0.0182116     0.0235958   -0.00251801     0.0182029      0.999831      0.473538
     0.999991    0.00320669    0.00279671     0.0659016    -0.0031566      0.999838    -0.0177349    -0.0456566   -0.00285312     0.0177259      0.999839      0.586511
     0.999991    0.00301589    0.00302462     0.0660926   -0.00296199      0.999839    -0.0176696     -0.139698   -0.00307742     0.0176605      0.999839      0.648959
     0.999992    0.00278723    0.00286732     0.0643778    -0.0027357      0.999837    -0.0178224     -0.048099   -0.00291653     0.0178144      0.999837      0.462279
     0.999992    0.00294067    0.00270259     0.0525954   -0.00289082      0.999829    -0.0182652     -0.162491   -0.00275584     0.0182572       0.99983      0.296552
     0.999994    0.00269368    0.00239353     0.0419819   -0.00264837      0.999821    -0.0187369     -0.144236   -0.00244357     0.0187304      0.999822      0.169088
     0.999992    0.00286399    0.00269881     0.0442238   -0.00281493      0.999834    -0.0180086     -0.219357   -0.00274994     0.0180009      0.999834      0.209143
     0.999993    0.00266559    0.00261749     0.0395871   -0.00261713      0.999828    -0.0183452     -0.207241   -0.00266594     0.0183382      0.999828       0.17388
     0.999993    0.00286497    0.00232582     0.0347889   -0.00282061      0.999818     -0.018858     -0.251834   -0.00237943     0.0188513      0.999819      0.193242
     0.999994    0.00269932    0.00226194     0.0274596   -0.00265545      0.999813    -0.0191769     -0.258215   -0.00231328     0.0191708      0.999814      0.121572
     0.999994    0.00270584    0.00230114     0.0316666   -0.00266127      0.999813    -0.0191579     -0.209697   -0.00235255     0.0191516      0.999814      0.137163
     0.999994    0.00274659    0.00225553     0.0231376   -0.00270312      0.999815    -0.0190549     -0.294843   -0.00230744     0.0190487      0.999816      0.149961
     0.999994    0.00293145    0.00195113     0.0403532   -0.00289134      0.999791    -0.0202505     -0.199021   -0.00201008     0.0202447      0.999793       0.21104
     0.999993    0.00298376    0.00205797     0.0479397   -0.00294163      0.999792    -0.0201781     -0.271197   -0.00211775     0.0201719      0.999794      0.213628
     0.999994    0.00279855    0.00200304     0.0395826   -0.00275802      0.999797    -0.0199568     -0.253843   -0.00205848     0.0199512      0.999799      0.123039
     0.999994    0.00284859    0.00184724     0.0430806      -0.00281      0.999785    -0.0205681     -0.219445   -0.00190543     0.0205628      0.999787      0.191763
     0.999993     0.0029315     0.0021475     0.0408111   -0.00288719      0.999789     -0.020351     -0.314762   -0.00220671     0.0203447      0.999791      0.196732
     0.999993    0.00297884     0.0021309     0.0512303   -0.00293453      0.999785    -0.0205051     -0.206498   -0.00219152     0.0204987      0.999787      0.226072
     0.999992    0.00320309     0.0022553     0.0541117   -0.00315656      0.999788    -0.0203429      -0.25776   -0.00231998     0.0203356      0.999791      0.259825
     0.999994    0.00251209    0.00220986     0.0538742   -0.00246715      0.999795    -0.0201101     -0.254159   -0.00225992     0.0201045      0.999795      0.255412
     0.999997    0.00148997    0.00186628     0.0686605   -0.00145331      0.999809     -0.019492     -0.147351   -0.00189497     0.0194892      0.999808      0.514969
     0.999994    0.00298772    0.00184492     0.0509248   -0.00294987      0.999792    -0.0201867       -0.1149   -0.00190485     0.0201811      0.999795       0.46654
     0.999993    0.00290131    0.00228658     0.0497991   -0.00285102      0.999761    -0.0216942     -0.161847   -0.00234897     0.0216876      0.999762      0.276258
     0.999993     0.0028456    0.00238368     0.0514925   -0.00279508      0.999777     -0.020933     -0.305029   -0.00244272     0.0209261      0.999778      0.225344
     0.999994     0.0025407    0.00232898       0.05583   -0.00249057       0.99977    -0.0212808     -0.249176   -0.00238251     0.0212748      0.999771     0.0841884
     0.999994    0.00239303    0.00266542     0.0621113   -0.00233737      0.999783    -0.0206926     -0.332606   -0.00271436     0.0206862      0.999782     0.0867448
     0.999994    0.00221348    0.00253418     0.0491646   -0.00216063      0.999784    -0.0206727     -0.385281   -0.00257939     0.0206671      0.999783     0.0400589
     0.999993    0.00214314    0.00293693     0.0612748   -0.00208122      0.999779    -0.0209277     -0.322978   -0.00298113     0.0209214      0.999777   -0.00601568
     0.999991    0.00255969    0.00337478     0.0819517    -0.0024889       0.99978    -0.0208155     -0.342416   -0.00342732      0.020807      0.999778     0.0282925
     0.999991    0.00277029    0.00313137      0.103402   -0.00270093      0.999756    -0.0219438     -0.279724   -0.00319139     0.0219351      0.999754       0.16891
      0.99999    0.00310331    0.00310103      0.143997   -0.00303593      0.999764    -0.0215006     -0.326753   -0.00316702      0.021491      0.999764      0.695766
     0.999993    0.00262346    0.00275999      0.133857   -0.00256274       0.99976    -0.0217801     -0.233892   -0.00281647     0.0217729      0.999759      0.634798
     0.999993    0.00236193    0.00284769      0.132159   -0.00230071       0.99977    -0.0213109     -0.257706   -0.00289737     0.0213042      0.999769       0.48396
     0.999995    0.00177564    0.00263642     0.0946402   -0.00171718      0.999756    -0.0220138     -0.286832   -0.00267486     0.0220091      0.999754      0.454567
     0.999996    0.00144346    0.00240978     0.0801029   -0.00138555      0.999714    -0.0238627     -0.262302   -0.00244354     0.0238593      0.999712       0.41795
     0.999996    0.00179677    0.00230309      0.071081   -0.00174305      0.999731    -0.0231167     -0.341518     -0.002344     0.0231126       0.99973       0.29375
     0.999996    0.00162211    0.00214572     0.0768393   -0.00157044      0.999714    -0.0238651     -0.246719   -0.00218382     0.0238616      0.999713      0.185783
     0.999996    0.00172103    0.00242085     0.0990927   -0.00166673      0.999751    -0.0222579     -0.367883   -0.00245855     0.0222537      0.999749      0.508213
     0.999997    0.00160532    0.00179674     0.0965896   -0.00156718      0.999778    -0.0210283     -0.258556    -0.0018301     0.0210254      0.999777      0.768176
     0.999997    0.00171301    0.00172055     0.0851302   -0.00167454      0.999754      -0.02212     -0.224085   -0.00175802      0.022117      0.999754      0.341515
     0.999996    0.00156272    0.00235583     0.0844223   -0.00151076      0.999759    -0.0219004     -0.395804   -0.00238949     0.0218968      0.999757      0.192617
     0.999994    0.00182573     0.0030322      0.101242   -0.00178063      0.999889    -0.0148093      -0.10407    -0.0030589     0.0148038      0.999886      0.520228
     0.999991    0.00264484    0.00339836      0.156031   -0.00261167      0.999949   -0.00972703     0.0956277   -0.00342391    0.00971807      0.999947      0.845266
     0.999988    0.00325535    0.00366211      0.140749   -0.00320197       0.99989    -0.0144888    -0.0412545   -0.00370887     0.0144769      0.999888      0.785606
     0.999993    0.00220066    0.00290472      0.085438   -0.00215802      0.999891    -0.0146015    -0.0581398   -0.00293654     0.0145951      0.999889      0.533794
     0.999993    0.00209223    0.00294452     0.0957742   -0.00204653      0.999879     -0.015441     -0.178042   -0.00297647     0.0154349      0.999876      0.473669
     0.999993    0.00205277    0.00297004     0.0992281   -0.00200468      0.999868    -0.0161047     -0.146467    -0.0030027     0.0160986      0.999866      0.365269
     0.999996    0.00224525    0.00158481     0.0374988   -0.00221865       0.99986     -0.016591    -0.0876151   -0.00162183     0.0165874      0.999861     0.0427477
     0.999993    0.00229002    0.00289965     0.0459488   -0.00223986       0.99985    -0.0171863    -0.0401293   -0.00293857     0.0171797      0.999848     -0.143167
     0.999989    0.00247246    0.00393158     0.0601738   -0.00239951      0.999827    -0.0184536    -0.0399647   -0.00397652      0.018444      0.999822    -0.0121545
     0.999994    0.00222914    0.00260567     0.0607487   -0.00217905      0.999816    -0.0190714     -0.184669   -0.00264771     0.0190656      0.999815    -0.0549117
     0.999995    0.00220356    0.00212471     0.0523583   -0.00216117      0.999803    -0.0197501     -0.165412   -0.00216781     0.0197454      0.999803      -0.16043
     0.999994      0.002407    0.00247116     0.0816474   -0.00235544      0.999784    -0.0206604     -0.171739   -0.00252036     0.0206544      0.999783     -0.200873
     0.999992    0.00266359     0.0029282      0.113829   -0.00259716      0.999744    -0.0224602     -0.128651   -0.00298727     0.0224524      0.999743     -0.117985
     0.999994    0.00175327    0.00307458       0.08224   -0.00168486      0.999754    -0.0221142     -0.324855    -0.0031126     0.0221089      0.999751     -0.180552
     0.999996    0.00155456    0.00249213     0.0721289   -0.00149962      0.999759    -0.0218981     -0.304319   -0.00252557     0.0218943      0.999757     -0.323188
     0.999996   0.000908554    0.00260749     0.0561666  -0.000850669      0.999755    -0.0221152     -0.339696   -0.00262695     0.0221129      0.999752     -0.217959
     0.999996    0.00113772    0.00254384    0.00974714   -0.00107668      0.999714    -0.0238728     -0.386647   -0.00257027       0.02387      0.999712    -0.0838815
