# 3dvolreg matrices (DICOM-to-DICOM, row-by-row):
     0.999994    0.00159875    0.00294065     0.0690942   -0.00154818      0.999852    -0.0171198      0.229249   -0.00296758     0.0171151      0.999849     -0.291648
     0.999991    0.00199911    0.00363715     0.0992565   -0.00193888      0.999862    -0.0164869      0.239166   -0.00366961     0.0164797      0.999857     -0.298962
     0.999994    0.00148039    0.00324135     0.0683293   -0.00142895      0.999874    -0.0158136      0.197844   -0.00326436     0.0158089       0.99987     -0.339198
     0.999994    0.00126563    0.00315875     0.0790491   -0.00121465       0.99987    -0.0160894      0.265669    -0.0031787     0.0160854      0.999866     -0.392363
     0.999993    0.00160279    0.00349555     0.0925572   -0.00154404      0.999859    -0.0167466      0.174274   -0.00352189     0.0167411      0.999854      -0.36822
     0.999992     0.0016284    0.00367027      0.105324   -0.00156908      0.999869    -0.0161074      0.266095   -0.00369602     0.0161015      0.999864     -0.406402
     0.999993    0.00136304    0.00352277     0.0948708   -0.00130929      0.999883    -0.0152139      0.188498   -0.00354309     0.0152092      0.999878     -0.419248
     0.999993    0.00126129    0.00349971      0.093397   -0.00120524      0.999872    -0.0159719      0.213006   -0.00351941     0.0159676      0.999866     -0.534401
     0.999991    0.00112108    0.00397337      0.086113   -0.00105773      0.999873    -0.0159098        0.1775    -0.0039907     0.0159055      0.999866     -0.653887
     0.999994   0.000367744    0.00352765     0.0404721  -0.000317263      0.999898    -0.0142997      0.172585   -0.00353255     0.0142985      0.999892     -0.758541
     0.999997   0.000654893    0.00249426     0.0462989  -0.000619291      0.999898    -0.0142477      0.243345   -0.00250334     0.0142461      0.999895     -0.700856
     0.999996   0.000864983      0.002698      0.063373  -0.000826831        0.9999    -0.0141102      0.215076   -0.00270994     0.0141079      0.999897     -0.695059
     0.999996    0.00114117    0.00271761     0.0700719   -0.00110368      0.999905    -0.0137562       0.28422   -0.00273305     0.0137531      0.999902     -0.609788
     0.999994    0.00160013    0.00290545     0.0651694   -0.00155965      0.999902    -0.0138807      0.223533   -0.00292738     0.0138761      0.999899     -0.576088
     0.999995     0.0014561    0.00265763     0.0574558   -0.00141884      0.999901    -0.0139666      0.333169    -0.0026777     0.0139628      0.999899     -0.528253
     0.999996    0.00159547    0.00238058     0.0509039   -0.00156137      0.999897     -0.014256      0.269777   -0.00240308     0.0142523      0.999896     -0.448239
     0.999997    0.00159933    0.00206363     0.0425362   -0.00156955      0.999896    -0.0143489      0.261238   -0.00208637     0.0143456      0.999895     -0.528682
     0.999997    0.00147319    0.00215191      0.049375   -0.00144285        0.9999    -0.0140356      0.270965   -0.00217237     0.0140325      0.999899     -0.497091
     0.999997    0.00117175    0.00200306     0.0382832   -0.00114291      0.999897    -0.0143391      0.231935   -0.00201966     0.0143367      0.999895     -0.553655
     0.999997    0.00116779    0.00224566     0.0432771   -0.00113526      0.999895    -0.0144337      0.242886   -0.00226228     0.0144311      0.999893     -0.567797
     0.999996    0.00122758    0.00253327     0.0346118   -0.00119204      0.999902    -0.0139811      0.194282   -0.00255018      0.013978      0.999899     -0.590752
     0.999995    0.00128048    0.00274971     0.0342616   -0.00124226      0.999903    -0.0138554       0.23537   -0.00276719     0.0138519        0.9999      -0.66045
     0.999996    0.00125064    0.00249475     0.0448508   -0.00121456      0.999895    -0.0144143       0.18259   -0.00251252     0.0144112      0.999893     -0.632053
     0.999997    0.00108116    0.00228163     0.0554754   -0.00104812      0.999895    -0.0144333      0.220305     -0.002297     0.0144309      0.999893     -0.591056
     0.999996    0.00116546    0.00239137     0.0396957   -0.00112955      0.999887     -0.014963      0.172581   -0.00240854     0.0149603      0.999885       -0.6299
     0.999996    0.00133939    0.00254953     0.0515129   -0.00129918      0.999876    -0.0157084      0.173337   -0.00257026      0.015705      0.999873      -0.70417
     0.999995    0.00139804    0.00293642     0.0392851   -0.00135006      0.999867    -0.0162766      0.114143   -0.00295879     0.0162725      0.999863     -0.727769
     0.999994    0.00198019    0.00284749     0.0429035   -0.00192864      0.999836    -0.0179923      0.134899   -0.00288265     0.0179867      0.999834     -0.649047
     0.999995    0.00183684     0.0024965      0.048465   -0.00179158      0.999836     -0.018011     0.0871296   -0.00252917     0.0180064      0.999835     -0.667876
     0.999996    0.00140855    0.00237719     0.0418683   -0.00136682      0.999847    -0.0174654      0.165713   -0.00240142     0.0174621      0.999845     -0.715056
     0.999996    0.00126494    0.00240305     0.0279152     -0.001223      0.999848    -0.0173724     0.0542488   -0.00242466     0.0173694      0.999846     -0.737059
     0.999997   0.000829368    0.00245057     0.0148139  -0.000785483       0.99984    -0.0178551      0.112115   -0.00246499     0.0178531      0.999838     -0.840457
     0.999996   0.000931477    0.00261639    0.00907524  -0.000883113       0.99983    -0.0184259     0.0474848   -0.00263311     0.0184235      0.999827     -0.845416
     0.999996   0.000478295    0.00266074   -0.00212111  -0.000427907      0.999821    -0.0189061     0.0489582   -0.00266931     0.0189049      0.999818     -0.888089
     0.999996   0.000456553    0.00284072  -0.000629628  -0.000402393      0.999819    -0.0190372     0.0527087    -0.0028489      0.019036      0.999815     -0.899509
     0.999996   0.000413108    0.00269814   -0.00922134  -0.000361497      0.999817     -0.019101   -0.00942302   -0.00270554     0.0190999      0.999814     -0.940108
     0.999996   0.000217044    0.00270309   -0.00605307  -0.000166255      0.999824    -0.0187753     0.0442026   -0.00270669     0.0187748       0.99982     -0.930716
     0.999996    0.00027298    0.00269833   -0.00697552   -0.00022041      0.999811    -0.0194635     -0.039411   -0.00270313     0.0194629      0.999807     -0.913564
     0.999997   0.000590429    0.00237791      0.019055    -0.0005411      0.999786    -0.0206922     0.0414606   -0.00238961     0.0206908      0.999783     -0.852397
     0.999998   0.000906471      0.001954     0.0324154  -0.000865938      0.999786    -0.0206457     0.0245404    -0.0019723     0.0206439      0.999785     -0.787629
     0.999998    0.00103884    0.00168661     0.0368393   -0.00100168       0.99976    -0.0218822      0.128496   -0.00170894     0.0218805      0.999759     -0.574318
     0.999998    0.00100031    0.00149127     0.0311233  -0.000967556      0.999762    -0.0218036     0.0838572   -0.00151273     0.0218021      0.999761     -0.520671
     0.999999   0.000934124    0.00132877      0.035735  -0.000904957      0.999762    -0.0217844     0.0576901    -0.0013488     0.0217832      0.999762     -0.575252
     0.999998   0.000684444    0.00163813     0.0384927  -0.000647764      0.999751    -0.0222879      0.125951   -0.00165298     0.0222868       0.99975     -0.608929
     0.999998   0.000740286    0.00190192     0.0174695  -0.000698929      0.999765    -0.0216546     0.0313649    -0.0019175     0.0216532      0.999764     -0.678223
     0.999998    0.00040989    0.00192219     0.0081074  -0.000367987      0.999763    -0.0217493     0.0651371   -0.00193065     0.0217486      0.999762      -0.79898
     0.999997   0.000515569    0.00229256     0.0121591  -0.000464803      0.999756    -0.0220894   -0.00618756   -0.00230339     0.0220883      0.999753     -0.754607
     0.999998   0.000274433      0.002126    0.00215964  -0.000227382      0.999756    -0.0221001    -0.0276597   -0.00213155     0.0220995      0.999754     -0.750569
     0.999998   0.000804149    0.00163335     0.0361848  -0.000767334      0.999748     -0.022416     0.0416539   -0.00165097     0.0224148      0.999747     -0.666428
     0.999998    0.00117545    0.00153446     0.0494668   -0.00114012      0.999739    -0.0228261     0.0110096   -0.00156089     0.0228243      0.999738      -0.61616
     0.999998    0.00155851     0.0012256     0.0435195   -0.00152816      0.999701    -0.0243872     0.0855353   -0.00126324     0.0243853      0.999702     -0.579781
     0.999998    0.00187031    0.00115443     0.0170874   -0.00184241      0.999717    -0.0237161     -0.012618   -0.00119846     0.0237139      0.999718      -0.60716
     0.999998    0.00108253    0.00175615     0.0324573   -0.00104006      0.999711    -0.0240086     0.0313589   -0.00178163     0.0240068       0.99971     -0.719813
     0.999997    0.00127422    0.00208358     0.0436264   -0.00122502      0.999724    -0.0234457      -0.02259   -0.00211288     0.0234431      0.999723     -0.710489
     0.999997   0.000856062    0.00211373     0.0297429  -0.000804656      0.999707    -0.0242025    -0.0248434   -0.00213383     0.0242008      0.999705     -0.779732
     0.999997   0.000700945    0.00228096     0.0210194  -0.000644878        0.9997    -0.0244893    -0.0578998   -0.00229744     0.0244878      0.999697      -0.83555
     0.999997   0.000718418    0.00231613     0.0155594  -0.000661527        0.9997    -0.0244706     -0.110883   -0.00233302      0.024469      0.999698     -0.890315
     0.999997   0.000694295    0.00243321     0.0202644  -0.000633567       0.99969    -0.0248702    -0.0792418   -0.00244973     0.0248686      0.999688     -0.896106
     0.999997    0.00103354     0.0024068     0.0276865  -0.000974506      0.999702     -0.024402     -0.127774    -0.0024313     0.0243996      0.999699     -0.836388
     0.999997   0.000953931    0.00207275     0.0436699  -0.000902056       0.99969    -0.0248856    -0.0465906   -0.00209584     0.0248836      0.999688     -0.801292
     0.999996    0.00143091    0.00236002     0.0653413   -0.00137237      0.999696    -0.0246231    -0.0545697   -0.00239454     0.0246198      0.999694     -0.756972
      0.99999    0.00182661    0.00409251     0.0989346   -0.00174277       0.99979    -0.0203976      0.157543   -0.00412892     0.0203902      0.999784     -0.640024
      0.99999    0.00144001    0.00421602     0.0905169     -0.001352      0.999783    -0.0208031      0.133041   -0.00424506     0.0207972      0.999775     -0.407573
     0.999992    0.00130027    0.00369531     0.0785612   -0.00121875      0.999758    -0.0219775     0.0708037   -0.00372299     0.0219729      0.999752     -0.592543
     0.999994   0.000804807    0.00332809     0.0720711   -0.00073415      0.999775    -0.0211775      0.135246   -0.00334439     0.0211749       0.99977     -0.679214
     0.999996   0.000780664    0.00261141     0.0636363  -0.000722169       0.99975    -0.0223262     0.0432636   -0.00262819     0.0223242      0.999747     -0.654898
     0.999996   0.000994617    0.00275783     0.0583385  -0.000934032       0.99976    -0.0218833     0.0422619   -0.00277894     0.0218806      0.999757     -0.641732
     0.999996   0.000363346    0.00270516     0.0451008  -0.000304088      0.999761    -0.0218741     0.0627923   -0.00271246     0.0218732      0.999757     -0.864334
     0.999997   0.000276863    0.00262803     0.0505714  -0.000217551      0.999746    -0.0225426   -0.00314181    -0.0026336     0.0225419      0.999742     -0.895524
     0.999998    0.00038899    0.00204734     0.0802712  -0.000340899      0.999725    -0.0234378      0.105135    -0.0020559     0.0234371      0.999723     -0.897205
     0.999997   0.000406464    0.00243182     0.0703358  -0.000350104      0.999732    -0.0231319   -0.00936875   -0.00244057      0.023131      0.999729     -0.914745
     0.999997   0.000354643     0.0023187     0.0601478  -0.000301638       0.99974    -0.0228202    0.00121762   -0.00232619     0.0228194      0.999737     -0.902134
     0.999993    0.00162803    0.00338459      0.109575   -0.00155739      0.999783     -0.020768      0.201312   -0.00341767     0.0207626      0.999779     -0.547268
      0.99999    0.00129942    0.00419507      0.110607   -0.00121256      0.999786    -0.0206419      0.080351   -0.00422099     0.0206366      0.999778     -0.355688
      0.99999   0.000197641    0.00439469     0.0995497  -9.30742e-05      0.999717    -0.0237814      0.107358   -0.00439815     0.0237808      0.999708     -0.088284
     0.999989    0.00211226    0.00429724     0.0884113   -0.00202454      0.999792    -0.0203157      0.417977   -0.00433926     0.0203068      0.999784    -0.0807703
     0.999977    0.00407596    0.00539353     0.0987007   -0.00397263      0.999811    -0.0190323      0.426847   -0.00547009     0.0190105      0.999804    -0.0178818
     0.999977    0.00419062    0.00524987     0.0239679   -0.00405949      0.999686    -0.0247444      0.265148   -0.00535191     0.0247225       0.99968     -0.241828
     0.999978    0.00433014    0.00504356     0.0167078   -0.00420513       0.99969    -0.0245395      0.217265   -0.00514826     0.0245177      0.999686     -0.217298
     0.999985    0.00355689    0.00413493     0.0319192   -0.00345378      0.999689    -0.0246829      0.217695   -0.00422144     0.0246682      0.999687     -0.338573
     0.999988    0.00303663    0.00392891      0.022088   -0.00293585      0.999673    -0.0254075      0.205331   -0.00400478     0.0253957      0.999669     -0.377791
     0.999988    0.00321969    0.00356513     0.0274263   -0.00312746      0.999668    -0.0255794     0.0982171   -0.00364631      0.025568      0.999666     -0.420219
     0.999989    0.00299028    0.00357589     0.0242686   -0.00290132      0.999692    -0.0246286      0.185269   -0.00364843      0.024618       0.99969     -0.483567
     0.999989    0.00302528    0.00355123     0.0293374   -0.00293595      0.999686     -0.024895     0.0863005   -0.00362543     0.0248843      0.999684     -0.515836
      0.99999    0.00310842    0.00334459     0.0190837   -0.00302058      0.999659    -0.0259552     0.0447786   -0.00342413     0.0259448      0.999658     -0.568328
      0.99999    0.00299409    0.00317139     0.0207271   -0.00291095       0.99966    -0.0259042      0.131595   -0.00324787     0.0258947      0.999659     -0.574636
     0.999989    0.00312173    0.00351048     0.0331052   -0.00303223      0.999677    -0.0252187     0.0206695   -0.00358807     0.0252078      0.999676      -0.63002
      0.99999    0.00296505    0.00321965     0.0308298   -0.00287992      0.999654    -0.0261325     0.0533963   -0.00329602      0.026123      0.999653     -0.669548
      0.99999    0.00320795    0.00314361     0.0452923    -0.0031247      0.999653    -0.0261379    0.00231961   -0.00322637     0.0261278      0.999653     -0.624997
     0.999991    0.00303434    0.00302734     0.0473456   -0.00295376       0.99965    -0.0262773    -0.0622165   -0.00310602     0.0262681       0.99965     -0.665917
     0.999992    0.00262255    0.00295902     0.0471802   -0.00254365      0.999649    -0.0263604     0.0497502   -0.00302711     0.0263526      0.999648     -0.681735
     0.999992    0.00247798    0.00312791     0.0327031   -0.00239394      0.999644    -0.0265897    -0.0789801   -0.00319268      0.026582      0.999642     -0.725432
     0.999992    0.00206829    0.00327471     0.0073857   -0.00197964      0.999638    -0.0268484     -0.077605   -0.00332905     0.0268417      0.999634     -0.809058
     0.999991    0.00292706    0.00316894     0.0231273   -0.00284604      0.999676    -0.0252767    -0.0112375   -0.00324191     0.0252674      0.999675       -0.6949
     0.999991    0.00293312    0.00321591     0.0395774   -0.00284984      0.999668    -0.0256016    -0.0421149   -0.00328994     0.0255922      0.999667     -0.684988
     0.999992    0.00253952    0.00314715     0.0336415    -0.0024563      0.999654     -0.026171     0.0159237   -0.00321253     0.0261631      0.999653     -0.733067
     0.999992    0.00262155    0.00313983     0.0315321   -0.00253903      0.999659    -0.0260035    -0.0872097   -0.00320693     0.0259953      0.999657     -0.759221
     0.999993    0.00233685    0.00293972      0.022247   -0.00225663      0.999633    -0.0270029    0.00428253   -0.00300174      0.026996      0.999631     -0.782995
     0.999994    0.00206858    0.00293685     0.0257733   -0.00198966      0.999644     -0.026624     -0.059156   -0.00299088     0.0266179      0.999641     -0.789435
     0.999988    0.00300725    0.00393657     0.0228168   -0.00289592      0.999604    -0.0279861     -0.160872   -0.00401918     0.0279743      0.999601     -0.847876
     0.999982    0.00393602    0.00450252     0.0291154   -0.00379232      0.999497    -0.0314897    -0.0833332    -0.0046242     0.0314721      0.999494     -0.785907
     0.999987    0.00326281    0.00389636     0.0232199   -0.00314011      0.999512    -0.0310929     -0.179418   -0.00399591     0.0310802      0.999509     -0.709624
     0.999988    0.00316524    0.00377069    0.00569983   -0.00305091      0.999547    -0.0299493     -0.179963   -0.00386377     0.0299374      0.999544     -0.760077
      0.99999    0.00263885    0.00347073    0.00521257   -0.00253466      0.999556    -0.0296889     -0.058153   -0.00354753     0.0296798      0.999553     -0.798244
     0.999989     0.0027331    0.00390581     0.0198549   -0.00261788       0.99957    -0.0292044     -0.118178   -0.00398395     0.0291938      0.999566     -0.739675
      0.99999    0.00263768    0.00366581    0.00599355   -0.00253282      0.999596    -0.0283224     -0.131357   -0.00373903     0.0283128      0.999592     -0.668882
     0.999987    0.00186055     0.0048231   -0.00932543   -0.00173463      0.999661      -0.02598     0.0202555    -0.0048698     0.0259713      0.999651     -0.151087
     0.999991    0.00224505    0.00349605     0.0543296   -0.00216175      0.999718    -0.0236531    -0.0193864   -0.00354816     0.0236453      0.999714      0.332318
     0.999995     0.0025367    0.00190167      0.111365   -0.00249468       0.99976    -0.0217827      0.154448   -0.00195647     0.0217778      0.999761      0.961353
     0.999989    0.00467102   0.000558896     0.0588181   -0.00466265      0.999889    -0.0141382      0.350069  -0.000624874     0.0141354        0.9999       1.16666
     0.999981    0.00624315   0.000146771     0.0539093   -0.00624132      0.999928    -0.0102247      0.112813  -0.000210595     0.0102236      0.999948      0.805066
     0.999983     0.0056343    0.00164644      0.121437   -0.00561218      0.999898    -0.0131442      0.322452   -0.00172033     0.0131347      0.999912      0.840548
     0.999983    0.00530901    0.00242713      0.125867   -0.00525725      0.999769    -0.0208583      0.415968    -0.0025373     0.0208452      0.999779    0.00508522
     0.999988    0.00428718    0.00216335      0.101619   -0.00421797      0.999509    -0.0310391      0.251492   -0.00229536     0.0310297      0.999516     -0.915374
     0.999991    0.00382525    0.00183121     0.0944372   -0.00376516      0.999488    -0.0317633     0.0783026   -0.00195178     0.0317561      0.999494      -1.11127
      0.99999     0.0038834    0.00209033      0.108229   -0.00381673      0.999512     -0.031003      0.105285    -0.0022097     0.0309947      0.999517      -1.08521
     0.999989    0.00413967    0.00232453      0.117816   -0.00407658       0.99964    -0.0265184      0.232846   -0.00243347     0.0265086      0.999646     -0.696243
     0.999992    0.00359013    0.00183359      0.100846   -0.00354184      0.999664    -0.0256955      0.224073   -0.00192522     0.0256888      0.999668      -0.60306
     0.999992    0.00402347   0.000818667     0.0922658   -0.00400894      0.999847    -0.0170358      0.615815  -0.000887084     0.0170324      0.999855    -0.0868038
     0.999985    0.00512674    0.00209662      0.143942   -0.00509679      0.999888    -0.0140475       0.64097    -0.0021684     0.0140366      0.999899      0.559095
     0.999987    0.00488457    0.00127115      0.137367   -0.00486103      0.999828    -0.0179054      0.656878   -0.00135839      0.017899      0.999839      0.348722
     0.999996     0.0015107    0.00238713      0.142576   -0.00145929       0.99977    -0.0213933      0.468923    -0.0024189     0.0213897      0.999768      0.102184
     0.999995    0.00148987     0.0028706      0.105915   -0.00142794      0.999769    -0.0214566      0.408319    -0.0029019     0.0214524      0.999766     0.0607638
     0.999991    0.00294648    0.00293421      0.139442   -0.00288219      0.999761    -0.0216801      0.606189   -0.00299739     0.0216714      0.999761      -0.13717
     0.999989    0.00314794    0.00338966      0.134369   -0.00307248      0.999752    -0.0220402      0.456597    -0.0034582     0.0220295      0.999751      -0.10506
     0.999991    0.00308825    0.00290553      0.131945   -0.00303048      0.999802    -0.0196835      0.569094   -0.00296575     0.0196745      0.999802      0.747557
     0.999992    0.00281644     0.0029033      0.158538   -0.00275572      0.999782    -0.0207078      0.503637   -0.00296099     0.0206996      0.999781      0.823608
     0.999992    0.00309068    0.00266522      0.141872   -0.00302764      0.999723     -0.023342      0.509152   -0.00273662     0.0233338      0.999724      0.177247
     0.999985    0.00371212    0.00410633      0.161912   -0.00362143      0.999754    -0.0218773      0.350895   -0.00418654     0.0218621      0.999752      0.263468
     0.999981     0.0034033    0.00509601      0.198198   -0.00330912      0.999826    -0.0183775      0.515123   -0.00515766     0.0183603      0.999818      0.515217
     0.999987    0.00209744      0.004614      0.167249   -0.00200696      0.999807    -0.0195283      0.611431   -0.00465407     0.0195188      0.999799      0.468917
     0.999992    0.00184312    0.00352207      0.147903   -0.00176365      0.999747    -0.0224333      0.448606   -0.00356253     0.0224269      0.999742    -0.0507017
     0.999993    0.00178677    0.00337899       0.15081   -0.00170401      0.999702    -0.0243397      0.483992   -0.00342148     0.0243338      0.999698     -0.281523
     0.999991    0.00207767    0.00379272      0.150945   -0.00197926      0.999666    -0.0257671      0.321379   -0.00384499     0.0257593      0.999661     -0.397493
     0.999993    0.00182689    0.00341239      0.142307   -0.00173585      0.999647     -0.026494      0.349229   -0.00345959     0.0264878      0.999643     -0.526534
     0.999993    0.00229264    0.00290782     0.0972026   -0.00221132      0.999615     -0.027666      0.278752   -0.00297013     0.0276594      0.999613     -0.553441
     0.999978    0.00324451    0.00579081     0.0760513   -0.00307527      0.999575    -0.0289993      0.318755   -0.00588243     0.0289809      0.999563      -0.41489
     0.999977     0.0026936    0.00623326     0.0904439   -0.00252857       0.99965    -0.0263338      0.494203   -0.00630202     0.0263174      0.999634    -0.0966364
            1   0.000540104   0.000442178     0.0379204  -0.000528897      0.999688    -0.0249639      0.646372  -0.000455523     0.0249636      0.999688      0.239162
     0.999997   0.000809418    0.00213783     0.0595916  -0.000746674      0.999574    -0.0291889      0.477063   -0.00216055     0.0291872      0.999572      0.237431
     0.999998   0.000477051    0.00194513     0.0841492  -0.000417089      0.999528    -0.0307114      0.412128   -0.00195886     0.0307106      0.999526      0.238148
     0.999999   0.000654609    0.00118263     0.0726168  -0.000617389      0.999513    -0.0312033      0.248968   -0.00120248     0.0312025      0.999512     -0.165949
     0.999998    0.00119141    0.00172486     0.0893377   -0.00114375      0.999625    -0.0273743      0.349097   -0.00175682     0.0273723      0.999624     -0.353681
     0.999995    0.00218527    0.00233403      0.115235    -0.0021196      0.999612     -0.027776      0.406406   -0.00239382     0.0277709      0.999611     -0.391434
     0.999994    0.00213187    0.00288679      0.136593   -0.00205225      0.999625    -0.0273085      0.337327   -0.00294392     0.0273024      0.999623     -0.560902
     0.999993    0.00219192    0.00287798      0.135396   -0.00210875      0.999589    -0.0285905       0.38232   -0.00293947     0.0285843      0.999587     -0.645909
     0.999995    0.00184493    0.00245106      0.131902   -0.00177198      0.999565    -0.0294359      0.301976    -0.0025043     0.0294314      0.999564     -0.666726
     0.999994    0.00204842    0.00271939      0.142699   -0.00196698      0.999559    -0.0296209      0.315094   -0.00277887     0.0296153      0.999558     -0.588634
     0.999994    0.00198809    0.00277997       0.16284   -0.00190512      0.999562    -0.0295368      0.270941   -0.00283747     0.0295313       0.99956      -0.66363
     0.999993    0.00175212    0.00321424      0.151576   -0.00165541      0.999553    -0.0298451      0.320352   -0.00326509     0.0298396      0.999549      -0.65877
     0.999992    0.00179105    0.00348327      0.132765   -0.00168316      0.999526    -0.0307323      0.246598   -0.00353666     0.0307262      0.999522     -0.649941
     0.999992    0.00224199    0.00319075      0.137456   -0.00214644      0.999558    -0.0296408      0.231891    -0.0032558     0.0296337      0.999556     -0.740961
     0.999994    0.00162223     0.0030544      0.144165   -0.00152729      0.999523    -0.0308306      0.302098   -0.00310295     0.0308258       0.99952      -0.84144
     0.999993    0.00136643    0.00354913      0.158879   -0.00125496      0.999512     -0.031222      0.198921   -0.00359006     0.0312173      0.999506     -0.895044
     0.999993    0.00122264    0.00347791      0.142669   -0.00111434       0.99952    -0.0309742      0.148729   -0.00351411     0.0309701      0.999514     -0.927751
     0.999993    0.00164301    0.00337782       0.13853   -0.00153693      0.999513      -0.03117      0.242515   -0.00342739     0.0311646      0.999508     -0.859859
     0.999991    0.00205122    0.00379142      0.139988   -0.00193246      0.999515    -0.0310664     0.0985122   -0.00385331     0.0310588       0.99951       -1.0647
      0.99999    0.00190348    0.00393642      0.134902   -0.00178423      0.999546    -0.0300805      0.120925   -0.00399189     0.0300732       0.99954      -1.19209
     0.999991    0.00237548    0.00350229      0.152926   -0.00226434      0.999504    -0.0314036       0.13744   -0.00357516     0.0313953      0.999501     -0.942177
     0.999988    0.00287913    0.00389965      0.175761   -0.00276553      0.999581    -0.0288297      0.150931   -0.00398101     0.0288186      0.999577     -0.609943
     0.999987     0.0023528    0.00450293      0.123843   -0.00224287      0.999703    -0.0242645      0.499934   -0.00455868     0.0242541      0.999695     -0.749385
     0.999973    0.00488625    0.00557384      0.137721   -0.00476518      0.999757    -0.0215311      0.548756   -0.00567769     0.0215039      0.999753     -0.569057
     0.999962    0.00593338    0.00642107      0.135747   -0.00575026      0.999587    -0.0281701      0.175327   -0.00658556     0.0281321      0.999583     -0.888292
      0.99997    0.00529993    0.00573528      0.121167   -0.00512621       0.99954    -0.0298919      0.185893   -0.00589106     0.0298616      0.999537       -1.1168
     0.999966    0.00547918    0.00613322      0.129071   -0.00529774      0.999559     -0.029217      0.261166    -0.0062906     0.0291836      0.999554      -1.18683
     0.999971    0.00523193    0.00550489      0.125162    -0.0050753      0.999592     -0.028092      0.103506   -0.00564962     0.0280632       0.99959      -1.25051
     0.999979    0.00449259     0.0046123     0.0974184   -0.00436516      0.999618    -0.0272767      0.225989   -0.00473309      0.027256      0.999617      -1.16652
     0.999984    0.00466464     0.0032592     0.0474538   -0.00458479      0.999699    -0.0240906       0.39449    -0.0033706     0.0240753      0.999704      -1.16777
     0.999984    0.00463483    0.00319744     0.0550229   -0.00455538      0.999691    -0.0244214      0.267586   -0.00330964     0.0244065      0.999697      -1.23154
      0.99999    0.00369848    0.00247129     0.0320934   -0.00363525      0.999678    -0.0251177      0.200397    -0.0025634     0.0251084      0.999681      -1.32439
     0.999993    0.00305478    0.00218925     0.0181474   -0.00299861      0.999678    -0.0252149      0.267644   -0.00226557     0.0252082       0.99968      -1.39154
     0.999991    0.00334505    0.00270501     0.0320333   -0.00327657      0.999684    -0.0249343       0.25169   -0.00278756     0.0249252      0.999685      -1.47599
      0.99999    0.00339435    0.00276146     0.0452239   -0.00332418      0.999681    -0.0250319      0.162472   -0.00284555     0.0250225      0.999683      -1.41132
     0.999983    0.00417507    0.00416567     0.0800922   -0.00406895      0.999675     -0.025165      0.298277   -0.00426938     0.0251476      0.999675      -1.13051
     0.999986    0.00387212    0.00369912     0.0749019   -0.00377575      0.999662    -0.0257146      0.223245   -0.00379744     0.0257002      0.999662      -1.27674
     0.999987    0.00387097    0.00340337      0.063868   -0.00378114      0.999654    -0.0260152      0.222658    -0.0035029      0.026002      0.999656      -1.34104
     0.999986    0.00407482    0.00331948     0.0605782   -0.00398402       0.99963    -0.0269168      0.243134   -0.00342793     0.0269032      0.999632      -1.38762
     0.999985    0.00412248    0.00349038     0.0598652    -0.0040276      0.999634    -0.0267674      0.117982   -0.00359945     0.0267529      0.999636      -1.44821
     0.999987    0.00390491     0.0032114     0.0692779   -0.00381495      0.999613    -0.0275594      0.192776   -0.00331778     0.0275468      0.999615      -1.47614
     0.999987     0.0037604    0.00330088     0.0816821   -0.00366416      0.999582    -0.0286911     0.0903037   -0.00340739     0.0286786      0.999583      -1.50969
     0.999988    0.00372506    0.00327152     0.0795696    -0.0036275      0.999563     -0.029339      0.120336   -0.00337938     0.0293268      0.999564      -1.50887
     0.999987     0.0036845      0.003588     0.0790846   -0.00357847      0.999569    -0.0291233     0.0906108   -0.00369376     0.0291101      0.999569      -1.51688
     0.999991    0.00346564    0.00254874      0.104601   -0.00339234      0.999596    -0.0282221      0.120115   -0.00264552     0.0282132      0.999598      -1.32717
      0.99999    0.00348122    0.00267476      0.103315   -0.00340806      0.999633    -0.0268829     0.0633755   -0.00276737     0.0268735      0.999635      -1.30991
      0.99999    0.00369015    0.00243172     0.0985124   -0.00362261      0.999623    -0.0272163    -0.0760579   -0.00253124     0.0272072      0.999627      -1.36797
     0.999991    0.00352137    0.00233838      0.107649   -0.00345599      0.999619    -0.0274016     0.0508367   -0.00243398     0.0273933      0.999622      -1.41816
     0.999992    0.00313512    0.00252337     0.0953704    -0.0030627      0.999597     -0.028211    -0.0256552    -0.0026108      0.028203      0.999599       -1.5354
     0.999993     0.0031966    0.00193404      0.104382   -0.00314006      0.999587    -0.0285631   -0.00532076   -0.00202454     0.0285568       0.99959      -1.54802
     0.999991    0.00335899    0.00246939      0.104443   -0.00328751      0.999591    -0.0284002      0.010912   -0.00256378     0.0283918      0.999594      -1.57133
     0.999991    0.00320641    0.00259751      0.086916   -0.00312984      0.999576    -0.0289643    -0.0575317   -0.00268928      0.028956      0.999577       -1.6923
     0.999992    0.00334131    0.00212731     0.0996205   -0.00328039      0.999602    -0.0280218     0.0413534   -0.00222009     0.0280146      0.999605      -1.36651
     0.999991    0.00363717    0.00206421      0.103896   -0.00357802      0.999602    -0.0279678      0.163057   -0.00216511     0.0279601      0.999607     -0.502998
     0.999995    0.00257572    0.00179486      0.092203   -0.00251881      0.999516    -0.0310204     0.0809098   -0.00187389     0.0310157      0.999517      -0.79219
     0.999997    0.00186476    0.00179464     0.0929277   -0.00180564      0.999473    -0.0323972     0.0798552   -0.00185411     0.0323939      0.999473      -1.00602
     0.999994    0.00247991    0.00223331      0.114394   -0.00240402       0.99944    -0.0333684  -0.000304474   -0.00231481     0.0333629      0.999441     -0.984522
     0.999993    0.00272246     0.0025232      0.114718   -0.00263863      0.999463    -0.0326527     0.0667799   -0.00261074     0.0326458      0.999464     -0.950864
     0.999993    0.00242068    0.00270921      0.106875   -0.00234123      0.999578    -0.0289521      0.243983   -0.00277816     0.0289456      0.999577     -0.897492
     0.999996    0.00170121    0.00225759      0.104892   -0.00163905      0.999627    -0.0272534      0.163088   -0.00230311     0.0272496      0.999626     -0.860848
     0.999993    0.00214839    0.00299632     0.0912736   -0.00205895      0.999561    -0.0295404      0.190149   -0.00305847      0.029534      0.999559     -0.923206
     0.999992    0.00196745    0.00343652     0.0559282   -0.00186567      0.999567    -0.0293731      0.211182   -0.00349282     0.0293664      0.999563      -1.12719
     0.999993    0.00135849    0.00349103    0.00544311   -0.00126767      0.999664    -0.0258875      0.409856   -0.00352503     0.0258829      0.999659      -1.15456
     0.999994    0.00102697    0.00320978     0.0251626  -0.000935938      0.999601    -0.0282335     0.0666726   -0.00323749     0.0282303      0.999596      -1.43733
      0.99999    0.00168205    0.00415309      0.070057   -0.00153961      0.999418    -0.0340661    -0.0643293   -0.00420797     0.0340594      0.999411      -1.82441
      0.99999     0.0012723    0.00431569     0.0660767    -0.0011174      0.999362    -0.0357078     0.0732422   -0.00435837     0.0357027      0.999353      -1.94972
     0.999993   0.000926805    0.00375765     0.0326878  -0.000802463      0.999456    -0.0329578     -0.160783   -0.00378615     0.0329545       0.99945      -2.20599
     0.999995    0.00084624    0.00310907     0.0235233  -0.000739754      0.999418    -0.0340931     -0.345284   -0.00313612     0.0340906      0.999414      -2.27201
     0.999996   0.000334118     0.0027589  -0.000824875  -0.000240422      0.999425    -0.0338923     -0.299152   -0.00276864     0.0338915      0.999422      -2.36371
     0.999995   0.000460437    0.00316967   1.52106e-05  -0.000352756      0.999426    -0.0338893      -0.39764   -0.00318345      0.033888      0.999421      -2.37099
     0.999996   0.000562327     0.0028328    0.00449475  -0.000465116      0.999415    -0.0342007     -0.370675   -0.00285038     0.0341993      0.999411      -2.29188
     0.999997    0.00119536    0.00226982     0.0607481   -0.00111293      0.999352    -0.0359769     -0.281376   -0.00231135     0.0359742       0.99935      -1.68997
     0.999997   0.000792234    0.00219904     0.0466019  -0.000713394      0.999365    -0.0356242     -0.359698   -0.00222586     0.0356225      0.999363      -2.06848
     0.999998  -0.000634723    0.00212863    -0.0056432   0.000709709      0.999372    -0.0354137     -0.406364   -0.00210481     0.0354151       0.99937      -2.54187
