# 3dvolreg matrices (DICOM-to-DICOM, row-by-row):
            1  -0.000150898  -0.000581651     -0.011577   0.000150317      0.999999  -0.000999413   -0.00257804   0.000581802   0.000999326      0.999999      0.106402
            1  -0.000125181   4.91305e-05     -0.014868   0.000125174             1   0.000139187    -0.0403806  -4.91479e-05   -0.00013918             1     0.0675276
            1  -3.09105e-10  -2.46126e-10  -8.62514e-10   3.09105e-10             1  -9.13881e-11   -8.7685e-09   2.46126e-10   9.13881e-11             1   9.78286e-10
            1  -0.000115842  -0.000244246   -0.00717415   0.000115951             1   0.000448171    -0.0113596   0.000244195  -0.000448199             1     0.0722307
            1  -9.95769e-05  -9.12691e-05    -0.0136085    9.9574e-05             1  -3.18222e-05    -0.0224047   9.12723e-05   3.18131e-05             1     0.0657458
            1   -0.00018215   7.46049e-05    -0.0084169   0.000182196             1  -0.000611557   -0.00916636  -7.44935e-05   0.000611571             1     0.0353945
            1  -0.000116208    0.00013284    -0.0145246   0.000116176             1   0.000240202    -0.0289326  -0.000132868  -0.000240186             1     0.0705015
            1  -0.000300332   0.000548206    -0.0103493    0.00029983             1   0.000914198     0.0151331   -0.00054848  -0.000914033      0.999999      0.041172
            1   7.54948e-05   0.000523928     -0.029862  -7.62809e-05      0.999999    0.00150043    -0.0800662  -0.000523814   -0.00150047      0.999999      0.145715
            1  -0.000165902   0.000445748   -0.00836765    0.00016596             1  -0.000131337    -0.0192242  -0.000445726   0.000131411             1    0.00511683
            1  -6.72322e-05    6.9698e-05    -0.0219564   6.71894e-05             1   0.000614929    -0.0637356  -6.97393e-05  -0.000614924             1      0.133087
            1   2.36893e-05   2.72904e-05      -0.01683  -2.37079e-05             1   0.000683793    -0.0325221  -2.72741e-05  -0.000683794             1     0.0910935
            1    2.7758e-05   0.000150587   -0.00934385  -2.77996e-05             1   0.000276042    0.00737986   -0.00015058  -0.000276046             1     0.0365887
            1  -1.25487e-05   6.23158e-05    -0.0207292   1.24996e-05             1   0.000787681      -0.04444  -6.23257e-05  -0.000787681             1      0.124278
            1  -0.000188157   0.000282815   -0.00382474   0.000188076             1   0.000286976     0.0129258  -0.000282869  -0.000286922             1     0.0493905
            1  -0.000119407   0.000132585    -0.0172315    0.00011931             1   0.000732789     -0.046135  -0.000132672  -0.000732773             1      0.123533
            1  -0.000241351   0.000359731    -0.0042539   0.000241396             1  -0.000125025   -0.00698052    -0.0003597   0.000125112             1     0.0303468
            1  -0.000154445   0.000278019    -0.0176566   0.000154311             1   0.000479898    -0.0401694  -0.000278093  -0.000479855             1      0.141199
            1  -0.000283125   0.000395893   -0.00891187   0.000283168             1  -0.000110226   -0.00119836  -0.000395862   0.000110338             1     0.0441587
            1  -0.000232931    0.00015669    -0.0222312   0.000232858             1    0.00046173    -0.0587097  -0.000156797  -0.000461694             1      0.158837
            1  -0.000290027   0.000353922   -0.00553528   0.000290108             1  -0.000228859    -0.0177612  -0.000353856   0.000228962             1     0.0557395
            1  -0.000285779   0.000301426    -0.0175667   0.000285679             1   0.000330169    -0.0405115   -0.00030152  -0.000330082             1      0.137787
            1  -0.000227492   0.000217201   -0.00594046   0.000227441             1   0.000233858    0.00400157  -0.000217254  -0.000233808             1     0.0545041
            1  -9.06396e-05   0.000121457    -0.0208322   9.05631e-05             1   0.000630174     -0.041719  -0.000121514  -0.000630163             1       0.13692
            1  -7.61158e-05   0.000223336   -0.00295138   7.60614e-05             1   0.000243706    -0.0097852  -0.000223354  -0.000243689             1     0.0541188
            1  -0.000149158   3.26107e-05   -0.00815158   0.000149134             1   0.000732407    -0.0102113    -3.272e-05  -0.000732402             1      0.129925
            1  -0.000249552   0.000195147    -0.0133162   0.000249508             1   0.000227896    0.00767333  -0.000195204  -0.000227847             1     0.0939736
            1  -0.000304532   1.34698e-05     -0.014946   0.000304532             1   5.11589e-06      0.017219  -1.34713e-05  -5.11179e-06             1      0.108779
            1  -0.000177868   9.78628e-05    -0.0181565   0.000177871             1  -3.74049e-05    -0.0204452  -9.78561e-05   3.74223e-05             1      0.126556
            1  -0.000167787   1.39632e-05    -0.0118149    0.00016779             1  -0.000244201     0.0232466  -1.39222e-05   0.000244203             1     0.0677157
            1  -5.26913e-05  -0.000148291    -0.0162414    5.2744e-05             1    0.00035598    -0.0208373   0.000148272  -0.000355988             1      0.134666
            1  -0.000261649   7.40338e-05     0.0026183   0.000261655             1  -8.76785e-05     0.0174172  -7.40108e-05   8.76978e-05             1     0.0786192
            1  -0.000167382  -1.82465e-05    -0.0169717   0.000167397             1   0.000841948    -0.0363667   1.81056e-05  -0.000841952             1      0.171975
            1  -0.000109776  -7.21976e-05   -0.00833785   0.000109796             1   0.000282435     0.0315242   7.21666e-05  -0.000282443             1     0.0887175
            1  -7.49147e-05  -2.78971e-05    -0.0258474   7.49301e-05             1   0.000552948  -0.000529168   2.78556e-05   -0.00055295             1      0.162655
            1  -1.97597e-05   1.73318e-05   -0.00474674   1.97657e-05             1  -0.000343619     0.0286283   -1.7325e-05   0.000343619             1     0.0798704
            1  -8.93702e-05  -0.000261692    -0.0139206   8.94106e-05             1   0.000154563    -0.0128418   0.000261679  -0.000154587             1      0.156254
            1  -0.000144471   5.52483e-06   -0.00301062   0.000144473             1  -0.000373349    0.00590764   -5.4709e-06    0.00037335             1      0.081355
            1  -0.000173088  -0.000137291    -0.0139612   0.000173107             1   0.000132112    -0.0165358   0.000137268  -0.000132136             1      0.141498
            1  -0.000259947   1.47084e-05    -0.0157091   0.000259945             1   0.000151759    -0.0343781  -1.47479e-05  -0.000151755             1      0.135407
            1     -0.000305  -0.000156353   -0.00147173   0.000304971             1   -0.00018606     0.0364398    0.00015641   0.000186012             1     0.0897655
            1  -0.000133122  -0.000368037     -0.024137   0.000133171             1   0.000134364    -0.0256326   0.000368019  -0.000134413             1      0.168459
            1  -0.000220151  -0.000371096   -0.00946614   0.000220033             1  -0.000316862     0.0281375   0.000371166    0.00031678             1      0.112503
            1  -0.000132582  -0.000374784    -0.0184768   0.000132624             1    0.00011274     0.0108602   0.000374769   -0.00011279             1      0.144262
            1   -5.3311e-05  -0.000356043   -0.00688859   5.32117e-05             1  -0.000278935     0.0294483   0.000356058   0.000278916             1       0.10523
            1  -0.000139274  -0.000286339    -0.0216328   0.000139358             1    0.00029219  -0.000179638   0.000286298   -0.00029223             1      0.189747
            1   0.000165142   0.000636634     0.0806321  -0.000162758      0.999993   -0.00374278      0.140975  -0.000637248    0.00374268      0.999993     -0.821658
            1   3.05204e-05   0.000342058     0.0799655   -2.9381e-05      0.999994   -0.00333053      0.016679  -0.000342158    0.00333051      0.999994     -0.840102
     0.999999    -8.894e-05  -0.000996864     0.0267084   8.78023e-05      0.999999   -0.00114129    -0.0709887   0.000996965    0.00114121      0.999999      0.127073
     0.999999  -0.000177753   -0.00125901      0.030965   0.000175424      0.999998   -0.00184957     0.0486322    0.00125934    0.00184935      0.999997      0.111437
     0.999999  -0.000109076   -0.00116426      0.025246   0.000108005             1  -0.000920019     0.0236012    0.00116436   0.000919893      0.999999       0.17604
     0.999999   3.29904e-05   -0.00122241     0.0213322  -3.34461e-05             1  -0.000372728     0.0159032     0.0012224   0.000372768      0.999999       0.18937
     0.999999   6.66614e-05   -0.00120567        0.0353  -6.74004e-05             1   -0.00061285      0.067344    0.00120563   0.000612931      0.999999      0.130944
     0.999999   0.000117815   -0.00142519     0.0503841  -0.000119174             1  -0.000953493     0.0900493    0.00142508   0.000953662      0.999999     0.0747254
     0.999999   0.000117378   -0.00117964     0.0388444  -0.000117908             1  -0.000448661     0.0151615    0.00117959     0.0004488      0.999999      0.152242
     0.999999    0.00029581   -0.00144143     0.0292187  -0.000296623             1  -0.000564094     0.0308574    0.00144126   0.000564521      0.999999      0.126342
     0.999999   4.30675e-05   -0.00159884     0.0508585  -4.60071e-05      0.999998   -0.00183857       0.14528    0.00159876    0.00183864      0.999997      0.126597
     0.999999   2.14363e-06   -0.00135007     0.0324758  -4.02609e-06      0.999999   -0.00139434      0.022353    0.00135006    0.00139434      0.999998      0.217515
     0.999999   0.000159259   -0.00134962     0.0262282  -0.000160588             1  -0.000984912    -0.0137122    0.00134946   0.000985128      0.999999        0.1837
     0.999999   8.84129e-05   -0.00145729     0.0510462  -9.07008e-05      0.999999   -0.00156999     0.0805915    0.00145715    0.00157012      0.999998      0.114056
     0.999999   2.26079e-05   -0.00134123     0.0329345  -2.40981e-05      0.999999   -0.00111107     0.0189183    0.00134121     0.0011111      0.999998      0.195273
     0.999999  -3.08282e-05   -0.00125947     0.0487379    2.8944e-05      0.999999   -0.00149605     0.0529003    0.00125952    0.00149602      0.999998      0.129007
     0.999999  -5.85515e-05   -0.00146645     0.0373163   5.71558e-05             1  -0.000951723      0.025485    0.00146651   0.000951638      0.999998      0.221227
     0.999999  -0.000124178   -0.00132878     0.0326036   0.000122473      0.999999   -0.00128307     0.0419047    0.00132894    0.00128291      0.999998      0.184321
     0.999999  -0.000142183   -0.00130343     0.0379982   0.000139988      0.999999   -0.00168353     0.0883245    0.00130367    0.00168335      0.999998      0.134891
     0.999999  -9.70679e-05   -0.00146188     0.0219164   9.49073e-05      0.999999   -0.00147794     0.0390802    0.00146202     0.0014778      0.999998      0.214353
     0.999999  -0.000171365   -0.00143835     0.0283731   0.000168336      0.999998   -0.00210565     0.0740133    0.00143871    0.00210541      0.999997      0.152646
     0.999999  -9.07482e-05   -0.00147791     0.0255627    8.8422e-05      0.999999     -0.001574     0.0540664    0.00147805    0.00157387      0.999998      0.190071
     0.999999  -9.98912e-05   -0.00143658     0.0379659   9.69968e-05      0.999998   -0.00201476     0.0819962    0.00143678    0.00201462      0.999997       0.11554
     0.999999  -6.30705e-05   -0.00161525     0.0287227   6.02403e-05      0.999998   -0.00175215     0.0346145    0.00161536    0.00175205      0.999997      0.210348
     0.999999  -0.000245074   -0.00149633     0.0493046   0.000240609      0.999996   -0.00298392      0.114515    0.00149705    0.00298355      0.999994     0.0921663
     0.999998  -0.000190889   -0.00179173     0.0320713   0.000187255      0.999998   -0.00202829     0.0401927    0.00179212    0.00202795      0.999996       0.22866
     0.999999   -0.00017938   -0.00150677     0.0295538    0.00017642      0.999998   -0.00196438     0.0183441    0.00150712    0.00196411      0.999997      0.210277
     0.999999  -0.000229325   -0.00158081     0.0415179   0.000225303      0.999997   -0.00254415      0.108644    0.00158139    0.00254379      0.999996      0.145895
     0.999998  -0.000143619   -0.00176792     0.0252057   0.000140173      0.999998    -0.0019495     0.0383089     0.0017682    0.00194925      0.999997      0.231782
     0.999999  -0.000233255   -0.00167337     0.0392593   0.000228747      0.999996   -0.00269351     0.0958306    0.00167399    0.00269313      0.999995      0.149956
     0.999998  -0.000100732   -0.00184165     0.0251392   9.68868e-05      0.999998   -0.00208787     0.0525507    0.00184185    0.00208769      0.999996      0.237997
     0.999998  -0.000121919   -0.00180596     0.0387124   0.000117521      0.999997   -0.00243525     0.0776216    0.00180625    0.00243504      0.999995      0.174013
     0.999997  -0.000371993    -0.0022726     0.0347478   0.000366181      0.999997   -0.00255718     0.0859847    0.00227354    0.00255634      0.999994      0.223592
     0.999998  -0.000455669    -0.0021281     0.0360402   0.000448443      0.999994   -0.00339469      0.100053    0.00212964    0.00339373      0.999992      0.174994
     0.999998  -0.000344479   -0.00207147     0.0246146   0.000338338      0.999996   -0.00296395     0.0703358    0.00207248    0.00296324      0.999993      0.238714
     0.999998  -0.000330708   -0.00217288     0.0401285   0.000323361      0.999994   -0.00338115      0.110678    0.00217398    0.00338044      0.999992      0.150124
     0.999997  -0.000302216   -0.00239076      0.037301   0.000295769      0.999996    -0.0026965     0.0624158    0.00239157    0.00269578      0.999994       0.20388
     0.999998  -0.000428749   -0.00216345     0.0385879   0.000422435      0.999996   -0.00291839     0.0588658    0.00216469    0.00291747      0.999993       0.18762
     0.999997  -0.000413257   -0.00228678     0.0343255    0.00040628      0.999995   -0.00305072     0.0674453    0.00228803    0.00304979      0.999993      0.201178
     0.999997  -0.000429335   -0.00219452     0.0341235   0.000422677      0.999995   -0.00303313     0.0611399    0.00219581    0.00303219      0.999993      0.193139
     0.999997  -0.000452127   -0.00225336     0.0366466   0.000445343      0.999995   -0.00301023     0.0807105    0.00225471    0.00300922      0.999993      0.213695
     0.999997   -0.00040262   -0.00227004     0.0388783   0.000395727      0.999995   -0.00303595     0.0847604    0.00227125    0.00303505      0.999993      0.190647
     0.999997  -0.000328329   -0.00227149     0.0379119   0.000321174      0.999995   -0.00314994     0.0838811    0.00227251    0.00314921      0.999992      0.178635
     0.999998   -0.00037781   -0.00217939     0.0337656   0.000368387      0.999991   -0.00432245     0.0999668      0.002181    0.00432164      0.999988      0.209136
     0.999998  -0.000869041   -0.00150581     0.0557145   0.000863524      0.999993   -0.00366082      0.133843    0.00150898    0.00365951      0.999992      0.198765
     0.999998   -0.00075693   -0.00166705     0.0304244   0.000754624      0.999999   -0.00138363    -0.0104485     0.0016681    0.00138237      0.999998      0.303549
     0.999998  -0.000458196   -0.00176447     0.0364644   0.000453731      0.999997   -0.00252973     0.0507615    0.00176562    0.00252893      0.999995      0.190707
     0.999998  -0.000435271   -0.00179877     0.0372848   0.000431598      0.999998     -0.002042     0.0487829    0.00179966    0.00204122      0.999996      0.215522
     0.999998   -0.00031095   -0.00198378     0.0468548   0.000306854      0.999998   -0.00206489     0.0580847    0.00198441    0.00206428      0.999996      0.215309
     0.999998  -0.000334056   -0.00213205     0.0310689   0.000329232      0.999997   -0.00226282     0.0692307     0.0021328    0.00226211      0.999995      0.244885
     0.999998   -0.00029215   -0.00209164     0.0364212    0.00028611      0.999996   -0.00288753      0.100255    0.00209247    0.00288693      0.999994      0.187519
     0.999998  -0.000321024   -0.00220978     0.0349791   0.000314543      0.999996   -0.00293274       0.08191    0.00221071    0.00293203      0.999993      0.214727
     0.999998   -0.00021822   -0.00205387     0.0260589   0.000212311      0.999996   -0.00287669     0.0534075    0.00205449    0.00287625      0.999994      0.247766
     0.999998   -0.00019559   -0.00208925     0.0513096   0.000188666      0.999994   -0.00331382       0.11428    0.00208988    0.00331342      0.999992      0.180958
     0.999998  -0.000229095   -0.00214404     0.0345789   0.000223039      0.999996    -0.0028242     0.0439272    0.00214467    0.00282371      0.999994      0.237752
     0.999998  -0.000337665   -0.00201949     0.0554061   0.000330568      0.999994    -0.0035134     0.0953045    0.00202066    0.00351273      0.999992      0.119178
     0.999998   -0.00040859   -0.00214566     0.0412611   0.000402466      0.999996   -0.00285408     0.0370152    0.00214682    0.00285321      0.999994      0.235001
     0.999998  -0.000457596   -0.00205583     0.0416013   0.000450714      0.999994   -0.00334705     0.0815458    0.00205735    0.00334611      0.999992      0.191378
     0.999998  -0.000430571   -0.00208712     0.0342405   0.000424183      0.999995   -0.00306053     0.0674654    0.00208842    0.00305963      0.999993      0.234254
     0.999998  -0.000418138   -0.00187865     0.0338863   0.000412063      0.999995   -0.00323331     0.0729537    0.00187999    0.00323253      0.999993      0.210348
     0.999998  -0.000461918   -0.00201049     0.0274062   0.000456002      0.999996   -0.00294184     0.0718986    0.00201184    0.00294092      0.999994      0.259315
     0.999998  -0.000359213   -0.00213554     0.0406562    0.00035234      0.999995   -0.00321757      0.101716    0.00213668    0.00321681      0.999993      0.196856
     0.999997  -0.000393792   -0.00229702     0.0400095   0.000387227      0.999996   -0.00285788     0.0804579    0.00229814    0.00285699      0.999993      0.235593
     0.999998   -0.00046152   -0.00205523     0.0453543   0.000454794      0.999995   -0.00327193     0.0827975    0.00205673    0.00327099      0.999993      0.195423
     0.999998  -0.000463335   -0.00217632     0.0348691   0.000456901      0.999996   -0.00295611     0.0442756    0.00217768    0.00295511      0.999993      0.229318
     0.999998  -0.000387654   -0.00208343     0.0303514   0.000381056      0.999995   -0.00316666     0.0620142    0.00208465    0.00316586      0.999993       0.23765
     0.999998  -0.000349142   -0.00218866     0.0228369   0.000342854      0.999996   -0.00287291     0.0784777    0.00218966    0.00287215      0.999993      0.271523
     0.999997  -0.000387667   -0.00231836     0.0369189    0.00038058      0.999995   -0.00305666      0.101439    0.00231953    0.00305577      0.999993      0.206035
     0.999997  -0.000428303   -0.00228646     0.0327667   0.000421478      0.999995   -0.00298495     0.0707143    0.00228772    0.00298398      0.999993      0.244461
     0.999998  -0.000420283    -0.0021888     0.0311234   0.000413127      0.999995   -0.00326874     0.0832759    0.00219016    0.00326783      0.999992       0.23372
     0.999998  -0.000417454    -0.0021181     0.0235265   0.000411166      0.999996   -0.00296786     0.0735969    0.00211933    0.00296698      0.999993      0.256751
     0.999998  -0.000499247   -0.00209361     0.0248339   0.000493065      0.999996   -0.00295227     0.0777481    0.00209508    0.00295123      0.999993       0.25563
     0.999998  -0.000426317   -0.00216168     0.0247048   0.000420315      0.999996   -0.00277589      0.101798    0.00216285    0.00277497      0.999994      0.277212
     0.999998   -0.00035842   -0.00189521     0.0385083   0.000352385      0.999995   -0.00318376      0.119405    0.00189634    0.00318309      0.999993      0.192483
     0.999998  -0.000384894   -0.00196689     0.0333331   0.000379094      0.999996   -0.00294812     0.0791943    0.00196801    0.00294737      0.999994      0.254709
     0.999998  -0.000370082   -0.00194129     0.0327397   0.000363781      0.999995   -0.00324519     0.0887604    0.00194249    0.00324448      0.999993      0.216663
     0.999998  -0.000408334   -0.00210179     0.0295616    0.00040219      0.999996    -0.0029227     0.0593063    0.00210297    0.00292185      0.999994       0.26774
     0.999998  -0.000500847   -0.00208148     0.0366648   0.000494427      0.999995   -0.00308363     0.0991688    0.00208302     0.0030826      0.999993      0.218232
     0.999998  -0.000267673   -0.00219211     0.0197466   0.000262229      0.999997   -0.00248344     0.0489928    0.00219277    0.00248286      0.999995      0.300638
     0.999997  -0.000129191   -0.00226358     0.0219103   0.000122543      0.999996   -0.00293671      0.118818    0.00226395    0.00293642      0.999993      0.258101
     0.999998  -0.000355054    -0.0021587     0.0231417    0.00034962      0.999997   -0.00251724      0.100896    0.00215958    0.00251648      0.999995      0.289446
     0.999998  -0.000257595   -0.00201449     0.0304325   0.000251037      0.999995   -0.00325519     0.0946426    0.00201531    0.00325468      0.999993      0.216727
     0.999995  -0.000502702    -0.0030426     0.0410149   0.000496714      0.999998   -0.00196853     0.0892206    0.00304359    0.00196701      0.999993      0.276171
     0.999987  -0.000584913   -0.00498536     0.0991543   0.000592847      0.999999    0.00159024      0.142835    0.00498443   -0.00159318      0.999986      0.162655
      0.99999  -0.000322977   -0.00437766     0.0971332   0.000324896             1    0.00043763   -7.4461e-05    0.00437752  -0.000439048       0.99999      0.231457
     0.999991  -0.000325078   -0.00427395     0.0949101   0.000326512             1   0.000334904   -0.00761676    0.00427384  -0.000336297      0.999991      0.295682
     0.999991  -0.000303139   -0.00427131     0.0980831   0.000303263             1   2.84275e-05     0.0690821     0.0042713  -2.97225e-05      0.999991      0.282099
      0.99999    -0.0003075   -0.00443956     0.0813156   0.000310028             1   0.000568568     0.0355938    0.00443939  -0.000569938       0.99999        0.3227
      0.99999  -0.000112647   -0.00450423     0.0879769   0.000112852             1    4.5144e-05     0.0836823    0.00450422  -4.56518e-05       0.99999      0.266572
      0.99999  -0.000144328    -0.0043933     0.0652347   0.000146712             1   0.000542332     0.0451436    0.00439323  -0.000542971       0.99999      0.339342
     0.999991  -0.000333409   -0.00415254     0.0780269   0.000334449             1   0.000249893     0.0760063    0.00415245   -0.00025128      0.999991      0.310774
     0.999992  -0.000525062   -0.00391024      0.100524   0.000525686             1   0.000158509     0.0654066    0.00391015  -0.000160564      0.999992      0.299905
     0.999992  -0.000415583   -0.00403971      0.103173   0.000414082             1  -0.000372293      0.101479    0.00403987   0.000370617      0.999992      0.238108
     0.999992  -0.000290124   -0.00394064     0.0790798   0.000289521             1  -0.000153651     0.0620269    0.00394069   0.000152509      0.999992      0.305234
     0.999992  -0.000161896   -0.00399859     0.0847376   0.000160075             1  -0.000455571      0.079296    0.00399867   0.000454927      0.999992      0.261739
     0.999992  -0.000347923   -0.00403495     0.0904003   0.000347588             1  -8.35775e-05     0.0595145    0.00403498   8.21743e-05      0.999992      0.274486
     0.999992  -0.000384476   -0.00410169     0.0856645   0.000383649             1  -0.000202618     0.0310154    0.00410177   0.000201043      0.999992       0.29011
     0.999991  -0.000485051   -0.00411065      0.087167   0.000483447             1  -0.000391332     0.0555786    0.00411083   0.000389342      0.999991      0.296133
     0.999991  -0.000313081   -0.00417984     0.0754761   0.000313881             1   0.000190903      0.041758    0.00417978  -0.000192213      0.999991      0.303107
     0.999993  -0.000622832   -0.00361396     0.0772702   0.000623018             1   5.03598e-05     0.0477332    0.00361393   -5.2611e-05      0.999993      0.306917
     0.999994   -0.00054798   -0.00353397     0.0721478   0.000548115             1   3.71359e-05     0.0573879    0.00353395  -3.90727e-05      0.999994      0.302449
     0.999996  -0.000402878   -0.00293079      0.055932   0.000405532             1   0.000905137     0.0464932    0.00293042  -0.000906321      0.999995      0.362262
     0.999996  -0.000688938   -0.00261231     0.0413979   0.000689789             1   0.000324693     0.0679622    0.00261209  -0.000326494      0.999997      0.350836
     0.999997  -0.000529241   -0.00243094     0.0155692   0.000528624             1  -0.000254567     0.0371823    0.00243108   0.000253281      0.999997      0.355168
     0.999997    -0.0006806    -0.0021525     0.0227422   0.000680236             1  -0.000169788     0.0449218    0.00215261   0.000168323      0.999998      0.363809
     0.999997    -0.0011891   -0.00212154     0.0431335    0.00118837      0.999999  -0.000345987     0.0699785    0.00212195   0.000343464      0.999998      0.392886
     0.999998   -0.00080063   -0.00171377     0.0411187    0.00080053             1  -5.87905e-05     0.0631425    0.00171382   5.74184e-05      0.999999      0.347512
     0.999997  -0.000699125   -0.00214115      0.049517   0.000696931      0.999999   -0.00102504      0.132017    0.00214187    0.00102354      0.999997      0.313101
     0.999995  -0.000547231   -0.00306599     0.0901328   0.000543509      0.999999   -0.00121452      0.120327    0.00306665    0.00121284      0.999995       0.24143
     0.999999  -0.000529867   -0.00107742      0.269362   0.000532497      0.999997    0.00244277     0.0378014    0.00107612   -0.00244334      0.999996     -0.184338
     0.999997   -0.00143236    0.00180482      0.379944    0.00143101      0.999999   0.000745949      0.212125   -0.00180589  -0.000743364      0.999998     -0.799988
     0.999998    -0.0016779    0.00127801      0.265455    0.00167569      0.999997    0.00173357     0.0622624   -0.00128091   -0.00173143      0.999998     -0.184839
     0.999999  -0.000530874   0.000893888      0.216542   0.000528805      0.999997      0.002313     0.0445426  -0.000895113   -0.00231252      0.999997     -0.151188
     0.999993   0.000927958    0.00362182      0.386723   -0.00096155      0.999956    0.00928433     -0.116925   -0.00361305   -0.00928775       0.99995     -0.570792
     0.999972   6.31257e-05    0.00746787      0.380459  -0.000129257      0.999961    0.00885533      -0.31293   -0.00746702   -0.00885604      0.999933     -0.576961
      0.99997   1.64587e-06    0.00778865      0.296953   -5.9627e-05      0.999972    0.00744409     -0.270498   -0.00778842   -0.00744433      0.999942     -0.375953
     0.999986  -0.000294386     0.0052483      0.191995   0.000279698      0.999996    0.00279913      -0.11223   -0.00524911   -0.00279763      0.999982     -0.229717
     0.999996  -0.000140952    0.00269564      0.138722    0.00013962             1   0.000494159    -0.0479287    -0.0026957   -0.00049378      0.999996     -0.118796
     0.999998  -0.000184282    0.00199174      0.117112   0.000184209             1   3.67878e-05    0.00855062   -0.00199174  -3.64208e-05      0.999998     -0.100513
     0.999999   -0.00029713    0.00159949      0.117094   0.000299243      0.999999   -0.00132123     0.0562668   -0.00159909    0.00132171      0.999998     -0.105869
     0.999999  -0.000121688       0.00105     0.0930879   0.000122518             1  -0.000790267    -0.0125737    -0.0010499   0.000790395      0.999999    -0.0495743
            1  -0.000117291   0.000784909      0.108159   0.000118562      0.999999   -0.00161961     0.0545276  -0.000784718     0.0016197      0.999998     -0.122235
            1   8.75428e-05   0.000986941     0.0938329  -8.68057e-05             1  -0.000746878    0.00155115  -0.000987006   0.000746792      0.999999     -0.113987
     0.999998   2.92048e-05    0.00202274     0.0634935  -2.66158e-05      0.999999   -0.00127997     0.0151113   -0.00202278    0.00127991      0.999997     -0.120375
     0.999997    -0.0010546    0.00230325     0.0747393    0.00105371      0.999999   0.000386184    -0.0917491   -0.00230365  -0.000383756      0.999997     0.0171349
     0.999992   -0.00120753     0.0038178       0.16079     0.0012023      0.999998    0.00137106     -0.116673   -0.00381945   -0.00136646      0.999992     -0.263192
     0.999977   -0.00158865    0.00666059      0.422871    0.00158272      0.999998   0.000895795     -0.017496     -0.006662  -0.000885232      0.999977     -0.809376
     0.999961   -0.00161053    0.00866229      0.592289    0.00155107      0.999975    0.00686678      0.160214   -0.00867313   -0.00685308      0.999939      -1.27969
     0.999983    -0.0026049    0.00520492      0.591949    0.00258311      0.999988    0.00418902      0.413652   -0.00521577   -0.00417551      0.999978      -1.80132
     0.999981   -0.00350791    0.00504822      0.571626    0.00349553      0.999991     0.0024602      0.148095    -0.0050568   -0.00244251      0.999984      -1.85791
     0.999936   -0.00439713     0.0103943      0.368683    0.00430763      0.999954    0.00861769      0.156814    -0.0104317   -0.00857236      0.999909      -1.84791
     0.999953    -0.0032831    0.00909056      0.373523    0.00316862      0.999916     0.0125796      0.213525   -0.00913109    -0.0125502       0.99988       -1.7372
     0.999978   -0.00180677    0.00637229      0.288568    0.00175309      0.999963    0.00841985    0.00263111   -0.00638727   -0.00840849      0.999944     -0.875568
     0.999997  -0.000824812    0.00210312      0.124754   0.000825977             1  -0.000553298      0.074548   -0.00210266   0.000555034      0.999998      -0.37452
            1  -0.000422856   0.000904262     0.0820813   0.000424407      0.999998   -0.00171602      0.142636  -0.000903535    0.00171641      0.999998     -0.224769
     0.999999   -0.00029712    0.00103697      0.077747    0.00029895      0.999998   -0.00176511      0.217207   -0.00103644    0.00176542      0.999998     -0.259034
     0.999999  -0.000404121    0.00109168     0.0713933   0.000405265      0.999999   -0.00104747      0.150588   -0.00109126    0.00104791      0.999999     -0.199876
     0.999999  -0.000566759     0.0011669     0.0821725   0.000568911      0.999998   -0.00184431       0.19298   -0.00116586    0.00184498      0.999998     -0.248731
            1  -0.000341849   0.000760487     0.0656965   0.000344006      0.999996   -0.00283715      0.222999  -0.000759514    0.00283741      0.999996      -0.23916
     0.999999   -0.00034517    0.00120772     0.0565152    0.00034784      0.999997   -0.00221127      0.147252   -0.00120696    0.00221169      0.999997     -0.182014
     0.999999  -0.000471254    0.00134747     0.0641038   0.000475212      0.999996   -0.00293896      0.220162   -0.00134608    0.00293959      0.999995     -0.244704
            1  -0.000318689   0.000942687     0.0464128   0.000321278      0.999996   -0.00274822      0.148869  -0.000941807    0.00274852      0.999996     -0.184981
     0.999999  -0.000358175    0.00104377     0.0596137   0.000361587      0.999995   -0.00327097      0.210143   -0.00104259    0.00327135      0.999994     -0.249687
            1   -0.00033424   0.000907575     0.0438212   0.000336985      0.999995    -0.0030261      0.180483   -0.00090656     0.0030264      0.999995     -0.179794
     0.999999  -0.000365305    0.00109172     0.0538703   0.000369538      0.999992   -0.00387969      0.199142    -0.0010903    0.00388009      0.999992     -0.244567
            1  -0.000342154   0.000810208     0.0416919   0.000344957      0.999994   -0.00346234      0.160744  -0.000809018    0.00346262      0.999994     -0.157099
     0.999999  -0.000441653   0.000920462     0.0458589   0.000445688       0.99999   -0.00438888      0.243994  -0.000918515    0.00438929       0.99999     -0.246327
     0.999999  -0.000663032   0.000940559     0.0299938   0.000667387      0.999989   -0.00463811      0.235846  -0.000937474    0.00463873      0.999989     -0.218465
     0.999999  -0.000410853   0.000967108      0.020683   0.000413991      0.999995   -0.00324717      0.103712  -0.000965769    0.00324757      0.999994     -0.109133
            1  -0.000238234   0.000793034     0.0412028   0.000241415      0.999992   -0.00401406      0.207151  -0.000792071    0.00401425      0.999992     -0.235407
            1  -0.000192961   0.000715034     0.0332345   0.000195608      0.999993   -0.00370386      0.195279  -0.000714314      0.003704      0.999993      -0.18664
            1  -0.000177278   0.000771444     0.0385365   0.000180057      0.999993   -0.00360283      0.185108    -0.0007708    0.00360297      0.999993     -0.160734
            1  -0.000248511   0.000905915     0.0507853   0.000252025      0.999992   -0.00388038      0.232146  -0.000904943    0.00388061      0.999992     -0.176435
            1  -0.000120418   0.000859837     0.0288045   0.000123551      0.999993    -0.0036437      0.174095  -0.000859392     0.0036438      0.999993     -0.136182
            1  -0.000255112   0.000868327     0.0369783    0.00025886      0.999991   -0.00431864       0.21779  -0.000867217    0.00431886       0.99999     -0.176468
            1  -0.000202405   0.000777204     0.0162253   0.000205332      0.999993   -0.00376802      0.161429  -0.000776436    0.00376818      0.999993     -0.109342
            1  -0.000264858   0.000701314     0.0339963   0.000268018       0.99999   -0.00450882      0.253344  -0.000700113    0.00450901       0.99999     -0.217462
            1  -0.000166779   0.000733878     0.0271809   0.000169785      0.999992   -0.00409782      0.198776  -0.000733189    0.00409795      0.999991      -0.13575
            1  -0.000218037   0.000593865     0.0316366   0.000220437      0.999992   -0.00404402      0.207309  -0.000592979    0.00404415      0.999992      -0.15484
            1  -0.000295814   0.000494373     0.0333296   0.000297961       0.99999    -0.0043491      0.230511  -0.000493081    0.00434925       0.99999     -0.163713
            1  -0.000108438   0.000409068     0.0230951   0.000110219      0.999991   -0.00435587      0.207771  -0.000408592    0.00435592       0.99999     -0.142007
            1  -0.000236067   0.000753197     0.0204242   0.000239382       0.99999   -0.00440387      0.227097   -0.00075215    0.00440405       0.99999     -0.122098
            1  -0.000214615    0.00072712     0.0203427   0.000217597      0.999992   -0.00410246      0.217141  -0.000726234    0.00410262      0.999991      -0.12144
            1  -0.000281586   0.000756653     0.0280318   0.000284883       0.99999   -0.00436052      0.239274  -0.000755418    0.00436073       0.99999     -0.154523
            1  -0.000300188   0.000740095     0.0253756   0.000303157      0.999992   -0.00401461      0.206255  -0.000738884    0.00401483      0.999992     -0.136704
     0.999999   -0.00028862    0.00100133     0.0319066   0.000293376      0.999989   -0.00475225      0.260429  -0.000999946    0.00475254      0.999988     -0.204806
