# 3dvolreg matrices (DICOM-to-DICOM, row-by-row):
     0.999901   -0.00224658     0.0138908      0.202375    0.00236786      0.999959   -0.00872073       1.23565    -0.0138706    0.00875276      0.999865      -4.94367
     0.999901    -0.0022206     0.0138925      0.208189    0.00234861      0.999955   -0.00920517       1.25105    -0.0138714    0.00923689      0.999861      -5.03129
     0.999902   -0.00223991     0.0138477      0.200556    0.00236669      0.999955   -0.00914579       1.23529    -0.0138266    0.00917766      0.999862      -4.95707
     0.999895   -0.00224813     0.0143011      0.217589    0.00238981      0.999948   -0.00989733       1.26549    -0.0142781    0.00993047      0.999849       -5.0298
     0.999902   -0.00221016     0.0138155      0.196613    0.00233448      0.999957   -0.00898918       1.23085    -0.0137951    0.00902056      0.999864      -4.94165
     0.999897   -0.00199372     0.0142107      0.215954    0.00213484      0.999948   -0.00992169       1.27524    -0.0141902      0.009951       0.99985      -5.03056
     0.999899   -0.00209219     0.0140729      0.202495    0.00223412      0.999947    -0.0100776       1.23602    -0.0140511      0.010108       0.99985      -4.95439
     0.999902   -0.00202191     0.0138626      0.224739    0.00217322      0.999938    -0.0109085       1.28592    -0.0138396     0.0109375      0.999844      -5.03417
     0.999899   -0.00219788     0.0140188       0.20804     0.0023446      0.999943    -0.0104585       1.24697     -0.013995     0.0104903      0.999847      -4.95259
     0.999901   -0.00217366     0.0139342      0.220309    0.00232776      0.999936    -0.0110522       1.27361    -0.0139093     0.0110836      0.999842      -5.03915
     0.999903   -0.00226236     0.0137415       0.20816     0.0024106      0.999939    -0.0107811       1.25585    -0.0137163     0.0108132      0.999847      -4.96005
     0.999898   -0.00226772     0.0140704      0.222757    0.00241626      0.999941    -0.0105489       1.27759    -0.0140456     0.0105818      0.999845       -5.0038
     0.999899   -0.00268696     0.0139406       0.22252    0.00282855      0.999945    -0.0101471       1.26533    -0.0139125     0.0101855      0.999851      -4.96437
     0.999897   -0.00252792     0.0141297      0.220958    0.00268356      0.999936    -0.0110066        1.2923     -0.014101     0.0110434       0.99984      -5.00898
     0.999903   -0.00236492     0.0137473      0.208793    0.00251597      0.999937    -0.0109805        1.2582    -0.0137204      0.011014      0.999845      -4.96142
     0.999899   -0.00247974     0.0140219      0.213663    0.00263132      0.999938    -0.0108023       1.25934    -0.0139943     0.0108381      0.999843      -5.00266
       0.9999   -0.00243583     0.0139356      0.213647    0.00258508      0.999939    -0.0107019       1.26898    -0.0139087     0.0107369      0.999846      -4.99362
     0.999906    -0.0024319     0.0135153       0.20983    0.00257367      0.999942    -0.0104827       1.25521     -0.013489     0.0105165      0.999854      -4.97236
     0.999904   -0.00247685     0.0136585       0.21943     0.0026227       0.99994    -0.0106701       1.28643    -0.0136313     0.0107049       0.99985      -5.00853
     0.999904   -0.00232853     0.0136921      0.209786    0.00247495       0.99994    -0.0106869       1.25395    -0.0136664     0.0107198      0.999849      -4.97983
     0.999904   -0.00239236      0.013631      0.218337    0.00254502      0.999934    -0.0111928       1.28988    -0.0136034     0.0112264      0.999844      -5.02978
     0.999901   -0.00238993     0.0138557      0.209322    0.00253841      0.999939    -0.0107079       1.24354    -0.0138293      0.010742      0.999847      -4.95229
     0.999902   -0.00248827     0.0137425      0.221423    0.00264001      0.999936    -0.0110349       1.31138    -0.0137142     0.0110701      0.999845      -5.00497
      0.99991   -0.00236152     0.0131981      0.199953    0.00250947      0.999934    -0.0112044        1.2517    -0.0131708     0.0112365       0.99985      -4.94572
     0.999911   -0.00242889     0.0130857      0.207577    0.00258601      0.999925    -0.0120036       1.28762    -0.0130556     0.0120364      0.999842       -4.9858
     0.999912   -0.00245929     0.0130316      0.204437    0.00260902      0.999931    -0.0114851       1.28987    -0.0130024     0.0115181      0.999849      -4.94389
     0.999909   -0.00257468     0.0132727      0.204717    0.00273313      0.999925    -0.0119336       1.27321     -0.013241     0.0119687      0.999841      -4.98125
     0.999909   -0.00262414     0.0132632      0.221295    0.00278855      0.999919    -0.0123926       1.29641    -0.0132296     0.0124285      0.999835      -5.01971
     0.999911    -0.0025364     0.0131104      0.204787    0.00268496      0.999932    -0.0113267       1.23743    -0.0130807     0.0113609       0.99985      -4.93488
     0.999909   -0.00262509     0.0132019      0.216533    0.00279253      0.999916    -0.0126808       1.29966    -0.0131675     0.0127165      0.999832      -5.03362
     0.999909   -0.00251547      0.013229      0.203502    0.00268746      0.999912    -0.0129993       1.26506    -0.0131951     0.0130337      0.999828      -4.97417
     0.999914   -0.00235761     0.0129348      0.191578    0.00252732      0.999911    -0.0131198       1.28265    -0.0129027     0.0131514       0.99983      -4.96731
     0.999912   -0.00239301     0.0130781      0.192388    0.00255315      0.999922    -0.0122422       1.25432    -0.0130478     0.0122745       0.99984      -4.92909
     0.999912   -0.00226504     0.0130852      0.196707    0.00241951      0.999927    -0.0118015       1.28503    -0.0130576     0.0118321      0.999845      -4.97493
     0.999912     -0.002172     0.0130715      0.192489    0.00232541      0.999928    -0.0117327       1.29379    -0.0130451     0.0117621      0.999846      -4.97046
      0.99991   -0.00217915     0.0132201      0.188981    0.00233808      0.999925     -0.012018       1.27499    -0.0131929     0.0120478       0.99984      -4.97623
     0.999914   -0.00232949     0.0129365      0.196918    0.00249161      0.999918    -0.0125306       1.31424    -0.0129063     0.0125617      0.999838      -4.96683
     0.999912   -0.00221867     0.0130728      0.185164    0.00237234      0.999928    -0.0117506       1.27373    -0.0130458     0.0117806      0.999846      -4.93266
     0.999913   -0.00230433     0.0130106      0.194722    0.00246533       0.99992    -0.0123721       1.32018    -0.0129811     0.0124031      0.999839      -4.98838
     0.999913   -0.00236045     0.0129638      0.184937    0.00251532      0.999926    -0.0119435         1.261    -0.0129347      0.011975      0.999845      -4.91734
     0.999912   -0.00244739     0.0130379      0.196655    0.00261307      0.999916    -0.0127057       1.30376    -0.0130057     0.0127387      0.999834      -5.00398
     0.999913   -0.00235941     0.0129901      0.185127     0.0025213      0.999919    -0.0124605       1.27311    -0.0129597     0.0124921      0.999838      -4.91672
     0.999913   -0.00231343     0.0129813      0.185595    0.00247424       0.99992    -0.0123848       1.26893    -0.0129517     0.0124158      0.999839      -4.95667
     0.999913   -0.00241037     0.0129839      0.190225    0.00257496      0.999916    -0.0126751       1.29404    -0.0129523     0.0127074      0.999835      -4.96382
     0.999913   -0.00238144     0.0130031      0.181687    0.00254555      0.999917    -0.0126193       1.26103     -0.012972     0.0126513      0.999836       -4.9231
     0.999915   -0.00253393     0.0127617       0.19496    0.00269992      0.999912    -0.0130065       1.31239    -0.0127277     0.0130398      0.999834       -4.9793
     0.999914   -0.00232674     0.0128783      0.187225     0.0024889      0.999918    -0.0125904       1.24755     -0.012848     0.0126214      0.999838      -4.89461
     0.999915   -0.00242104     0.0128426      0.192253    0.00258989       0.99991    -0.0131473       1.29376    -0.0128096     0.0131794      0.999831      -4.97579
     0.999915   -0.00240565     0.0127995      0.190983    0.00256668      0.999918    -0.0125794       1.27934    -0.0127681     0.0126112      0.999839      -4.92378
     0.999914   -0.00241594     0.0128627      0.194626    0.00257559       0.99992    -0.0124093       1.29312    -0.0128317     0.0124413       0.99984      -4.95109
     0.999914   -0.00245236     0.0129217      0.188634    0.00261035      0.999922    -0.0122238       1.28258    -0.0128907     0.0122564      0.999842      -4.90598
     0.999915   -0.00246646      0.012768      0.194762    0.00262972      0.999915    -0.0127858       1.30825    -0.0127354     0.0128183      0.999837      -4.96339
     0.999912   -0.00246754     0.0130391      0.187371    0.00263402      0.999915    -0.0127658       1.27514    -0.0130065      0.012799      0.999833      -4.91596
     0.999912   -0.00246038     0.0130383      0.194591    0.00263269      0.999909    -0.0132148        1.2908    -0.0130046     0.0132479      0.999828      -4.97721
     0.999916   -0.00240467     0.0127695      0.193088    0.00257064      0.999912    -0.0129974       1.26325    -0.0127371     0.0130291      0.999834      -4.92911
     0.999916    -0.0024359     0.0127344      0.195881    0.00260367       0.99991    -0.0131751       1.29381    -0.0127011     0.0132071      0.999832      -4.97178
     0.999917   -0.00242873     0.0126808      0.192515    0.00259001      0.999916    -0.0127176        1.2754    -0.0126488     0.0127494      0.999839      -4.92931
     0.999915   -0.00244691     0.0127952      0.188635    0.00260641      0.999919    -0.0124642        1.2848    -0.0127636     0.0124965       0.99984      -4.94946
     0.999915   -0.00256618      0.012821      0.189766    0.00272832      0.999916    -0.0126446       1.29418    -0.0127875     0.0126785      0.999838      -4.92948
     0.999917   -0.00226958     0.0126534      0.205674    0.00243696       0.99991    -0.0132283       1.29463    -0.0126222      0.013258      0.999832      -4.96993
     0.999915   -0.00239865     0.0128268      0.199677     0.0025658      0.999912    -0.0130309       1.28842    -0.0127944     0.0130627      0.999833      -4.94091
     0.999917   -0.00239885     0.0126762      0.194094    0.00256312      0.999913    -0.0129582       1.27295     -0.012644     0.0129896      0.999836      -4.94644
     0.999915   -0.00242696     0.0128323      0.201226    0.00259082      0.999915    -0.0127682       1.29884    -0.0128002     0.0128003      0.999836      -4.95976
     0.999914   -0.00246472     0.0128777      0.190501    0.00262697      0.999917    -0.0125973       1.28944    -0.0128456     0.0126301      0.999838      -4.95271
     0.999914   -0.00247426     0.0129143      0.189006    0.00264233      0.999912    -0.0130136       1.31287    -0.0128809     0.0130466      0.999832      -4.98305
     0.999911   -0.00231651     0.0131039      0.189044    0.00248205      0.999917    -0.0126304       1.28231    -0.0130736     0.0126618      0.999834      -4.93995
     0.999916   -0.00233477     0.0127825      0.198853    0.00250082      0.999913    -0.0129891       1.31172    -0.0127511       0.01302      0.999834       -4.9926
     0.999915   -0.00229229     0.0128401      0.191034    0.00245473      0.999917    -0.0126495       1.27052      -0.01281     0.0126799      0.999838      -4.92156
     0.999913   -0.00240417     0.0129339      0.205329    0.00257406       0.99991    -0.0131341       1.31089    -0.0129012     0.0131662       0.99983        -5.007
     0.999914    -0.0024036      0.012864      0.196309    0.00256803      0.999915     -0.012781        1.2806    -0.0128322     0.0128129      0.999836      -4.92666
     0.999911   -0.00244229     0.0130896      0.206536    0.00261726      0.999907    -0.0133663       1.32356    -0.0130557     0.0133994      0.999825      -5.01749
     0.999916   -0.00251773     0.0126976      0.207686    0.00268929      0.999905    -0.0135125       1.30001    -0.0126624     0.0135455      0.999828      -4.97954
     0.999919   -0.00263325     0.0124569      0.194529    0.00279735      0.999909    -0.0131748       1.26948    -0.0124211     0.0132086      0.999836      -4.92262
     0.999919   -0.00256926     0.0124701      0.204041    0.00274118      0.999901    -0.0137893       1.34154    -0.0124334     0.0138223      0.999827      -4.98686
     0.999918   -0.00245899     0.0125482      0.192324    0.00262485      0.999909    -0.0132189       1.27358    -0.0125146     0.0132507      0.999834      -4.91018
     0.999916   -0.00253223     0.0127196      0.193857    0.00270413      0.999905    -0.0135163       1.30748    -0.0126841     0.0135496      0.999828      -4.98123
     0.999917   -0.00247867       0.01267      0.196971    0.00265048      0.999905    -0.0135619       1.31875    -0.0126352     0.0135944      0.999828      -4.96099
     0.999917   -0.00234926     0.0126616      0.183311    0.00251381      0.999912    -0.0129965       1.27703    -0.0126299     0.0130273      0.999835      -4.91077
     0.999917   -0.00253917     0.0126007      0.192947    0.00271509      0.999899    -0.0139635        1.3532     -0.012564     0.0139965      0.999823      -4.98236
     0.999918   -0.00245408     0.0125802      0.185493    0.00262078      0.999909    -0.0132516       1.29605    -0.0125466     0.0132834      0.999833      -4.89357
     0.999916   -0.00252135     0.0126976      0.186765    0.00269184      0.999906    -0.0134278       1.30108    -0.0126626     0.0134609      0.999829       -4.9495
     0.999914   -0.00251163     0.0128474       0.19338    0.00268872      0.999901    -0.0137854        1.3236    -0.0128116     0.0138187      0.999822      -4.95463
     0.999915   -0.00235049     0.0128062      0.186816    0.00252201      0.999907    -0.0133932        1.2845    -0.0127736     0.0134244      0.999828      -4.92922
     0.999916    -0.0024683     0.0127142      0.197317    0.00264807      0.999896    -0.0141415       1.33145     -0.012678      0.014174      0.999819      -4.97849
     0.999916   -0.00244003     0.0127077       0.18478    0.00261219      0.999905    -0.0135486       1.30202    -0.0126734     0.0135807      0.999827      -4.90868
     0.999914     -0.002523      0.012833      0.193673    0.00270119        0.9999    -0.0138875       1.32542    -0.0127967      0.013921      0.999821      -4.94435
     0.999915    -0.0024371     0.0128021      0.182847    0.00261217      0.999903    -0.0136766       1.28852    -0.0127675     0.0137089      0.999825      -4.89317
     0.999916   -0.00243774     0.0127311      0.191077    0.00262365       0.99989    -0.0146062       1.34825    -0.0126941     0.0146384      0.999812      -4.97653
     0.999917   -0.00228901     0.0127025       0.18634    0.00246649      0.999899    -0.0139741       1.27253    -0.0126693     0.0140043      0.999822      -4.90793
     0.999914   -0.00244964     0.0129036      0.187809    0.00263025      0.999899    -0.0139986       1.32559     -0.012868     0.0140314      0.999819       -4.9654
     0.999916   -0.00243853     0.0127622      0.183772    0.00261387      0.999902      -0.01374       1.30269    -0.0127275     0.0137722      0.999824      -4.91097
     0.999913   -0.00239974     0.0129678      0.185463    0.00258119      0.999899    -0.0139933        1.3155    -0.0129329     0.0140256      0.999818      -4.94869
     0.999915   -0.00246143     0.0128041      0.188849     0.0026366      0.999903    -0.0136814       1.32523    -0.0127692      0.013714      0.999824       -4.9284
     0.999914    -0.0024492     0.0128743      0.181535    0.00262601      0.999902    -0.0137347       1.31486    -0.0128394     0.0137673      0.999823      -4.92478
     0.999917   -0.00253741     0.0126485      0.187993    0.00272155       0.99989    -0.0145622       1.33614    -0.0126102     0.0145954      0.999814      -4.93457
     0.999919   -0.00256661     0.0124946      0.185881    0.00275381      0.999884    -0.0149886       1.32819    -0.0124547     0.0150217       0.99981       -4.9309
     0.999921   -0.00257614     0.0122979      0.195381    0.00276392      0.999879    -0.0152771       1.36009     -0.012257     0.0153099      0.999808      -4.95164
      0.99992   -0.00241931     0.0124264      0.184819    0.00259646      0.999895    -0.0142603       1.28716    -0.0123906     0.0142914      0.999821      -4.91143
      0.99992      -0.00252     0.0124319      0.198784    0.00270393      0.999887    -0.0148005       1.34683    -0.0123932     0.0148329      0.999813      -4.98982
     0.999919    -0.0023475     0.0124891      0.185458    0.00252693      0.999894    -0.0143705       1.29974     -0.012454     0.0144009      0.999819      -4.91835
      0.99992   -0.00243204     0.0124058      0.189264    0.00260727      0.999897    -0.0141288       1.33884    -0.0123702       0.01416      0.999823      -4.97277
     0.999921   -0.00242151     0.0123016      0.183515    0.00259324      0.999899    -0.0139634       1.31981    -0.0122665     0.0139942      0.999827      -4.90533
      0.99992   -0.00246053     0.0124026      0.190174    0.00264227      0.999889     -0.014658       1.34347    -0.0123652     0.0146896      0.999816      -4.96712
     0.999919   -0.00241736     0.0124765      0.185634    0.00259837      0.999891    -0.0145123       1.31001    -0.0124401     0.0145435      0.999817      -4.89238
     0.999923   -0.00255483     0.0121673      0.210581     0.0027398      0.999881    -0.0152104       1.32964     -0.012127     0.0152426       0.99981      -5.02035
     0.999922   -0.00252153     0.0122458      0.211446    0.00270721      0.999881    -0.0151698       1.32375    -0.0122061     0.0152017       0.99981      -4.97707
     0.999919   -0.00245536      0.012479      0.189463    0.00263133      0.999897    -0.0141039       1.28679     -0.012443     0.0141356      0.999823       -4.9232
      0.99992   -0.00240264      0.012379      0.197888    0.00258021      0.999894    -0.0143485       1.34079    -0.0123432     0.0143793       0.99982      -4.96765
     0.999922   -0.00229501     0.0123147      0.184089    0.00247195      0.999894    -0.0143723       1.30489    -0.0122804     0.0144016      0.999821      -4.91685
     0.999923   -0.00255147     0.0121591      0.215799    0.00275856      0.999851    -0.0170451       1.45368    -0.0121138     0.0170773      0.999781      -5.04342
     0.999927   -0.00274927     0.0117502      0.210676    0.00293645      0.999869    -0.0159422       1.35163    -0.0117048     0.0159755      0.999804      -4.91084
     0.999929   -0.00242727     0.0116329      0.187769    0.00259683       0.99989    -0.0145829       1.23452    -0.0115963     0.0146121      0.999826      -4.86898
     0.999929   -0.00236949     0.0116599       0.19261     0.0025456      0.999883    -0.0151122       1.34785    -0.0116227     0.0151408      0.999818       -4.9394
     0.999927   -0.00239474     0.0118359      0.187693    0.00256499      0.999893      -0.01439       1.31316    -0.0118001     0.0144193      0.999826      -4.88751
     0.999925   -0.00237398     0.0120034      0.195461    0.00254763      0.999892    -0.0144716       1.32478    -0.0119678      0.014501      0.999823      -4.94082
     0.999926   -0.00236328     0.0119033       0.19318    0.00253846      0.999888     -0.014723       1.34002    -0.0118672     0.0147521      0.999821      -4.93723
     0.999928   -0.00228731     0.0117953      0.189827    0.00246368      0.999885    -0.0149596         1.317    -0.0117597     0.0149876      0.999819      -4.93807
     0.999929   -0.00242098     0.0116797      0.195318    0.00260051      0.999878      -0.01538       1.33907    -0.0116411     0.0154093      0.999814      -4.96067
     0.999927   -0.00241748     0.0118056      0.189326    0.00259544      0.999883    -0.0150818       1.30515    -0.0117678     0.0151113      0.999817      -4.91586
     0.999928   -0.00241661     0.0117312      0.197599    0.00259807      0.999877    -0.0154776       1.34199    -0.0116924     0.0155069      0.999811      -4.96396
     0.999929   -0.00224437     0.0116991      0.186842    0.00242054      0.999884    -0.0150655       1.30918     -0.011664     0.0150928      0.999818      -4.89838
     0.999929   -0.00243605     0.0116444      0.193445     0.0026237      0.999867    -0.0161263       1.35959    -0.0116035     0.0161557      0.999802      -4.96204
     0.999929   -0.00242888     0.0116418      0.182288    0.00260653       0.99988    -0.0152692       1.29897    -0.0116033     0.0152985      0.999816      -4.87088
     0.999928   -0.00230478     0.0117565      0.192902    0.00248023      0.999885    -0.0149303        1.3375    -0.0117208     0.0149584      0.999819      -4.93242
     0.999929   -0.00234259     0.0116942      0.183469    0.00251619      0.999887    -0.0148527       1.33148    -0.0116581      0.014881      0.999821      -4.88801
     0.999927   -0.00238571     0.0118616      0.181979    0.00256519      0.999882    -0.0151393       1.33536    -0.0118241     0.0151686      0.999815      -4.91578
     0.999926   -0.00235508     0.0119384      0.180926    0.00253967      0.999877    -0.0154697        1.3264    -0.0119005     0.0154989      0.999809      -4.88114
     0.999926   -0.00243492      0.011914      0.180488    0.00261287      0.999885     -0.014943       1.33789    -0.0118763      0.014973      0.999817      -4.90291
     0.999928   -0.00258411     0.0117554      0.190398    0.00276819      0.999873    -0.0156699       1.39783    -0.0117134     0.0157013      0.999808      -4.94606
     0.999927   -0.00237173     0.0118431      0.173944     0.0025518      0.999881    -0.0152121       1.28536    -0.0118056     0.0152412      0.999814      -4.84558
     0.999927     -0.002367     0.0118298      0.183109    0.00254807      0.999879    -0.0153146       1.34014    -0.0117921     0.0153436      0.999813      -4.92337
     0.999927   -0.00240706     0.0118644      0.180219    0.00258498      0.999884    -0.0150043       1.33136    -0.0118269     0.0150339      0.999817      -4.87155
     0.999926    -0.0023865     0.0119031      0.179692    0.00256366      0.999886    -0.0148899       1.32546    -0.0118662     0.0149193      0.999818      -4.90331
     0.999924   -0.00250259     0.0120998      0.188953    0.00269156      0.999874    -0.0156266       1.35566    -0.0120592      0.015658      0.999805      -4.91029
     0.999924   -0.00229171     0.0121341      0.171155    0.00247659      0.999881    -0.0152436       1.28746    -0.0120977     0.0152725       0.99981      -4.85161
     0.999924     -0.002557     0.0120449      0.176297    0.00274738      0.999871    -0.0158162       1.36979    -0.0120029     0.0158481      0.999802      -4.94915
     0.999922   -0.00255687     0.0122283      0.195707    0.00273759      0.999887     -0.014785       1.33621    -0.0121891     0.0148173      0.999816      -4.90703
     0.999921   -0.00230429     0.0123651      0.185714    0.00246351      0.999914    -0.0128769       1.28459    -0.0123344     0.0129064      0.999841      -4.83658
     0.999915   -0.00240827     0.0128357       0.17404    0.00257336      0.999914    -0.0128614       1.29487    -0.0128036     0.0128933      0.999835      -4.85269
     0.999923    -0.0022748     0.0122043      0.164945    0.00243976      0.999906    -0.0135185       1.30735    -0.0121724     0.0135473      0.999834      -4.78792
     0.999911   -0.00241774     0.0130952      0.192871     0.0025788      0.999921    -0.0122961       1.23953    -0.0130645     0.0123288      0.999839      -6.25149
     0.999907   -0.00233397     0.0134614      0.182261    0.00247735       0.99994    -0.0106438       1.02074    -0.0134358     0.0106761      0.999853       -6.3532
     0.999926   -0.00181556     0.0120341      0.175838     0.0020015      0.999879     -0.015457       1.14287    -0.0120046     0.0154799      0.999808      -5.00691
     0.999924   -0.00205569     0.0121212      0.172026    0.00223252      0.999891    -0.0145935       1.24059    -0.0120899     0.0146195       0.99982      -4.98222
     0.999925   -0.00209084     0.0120922      0.167171    0.00225431      0.999906    -0.0135209       1.24175    -0.0120628     0.0135472      0.999835      -4.93252
     0.999925   -0.00220321     0.0120464      0.178116    0.00236586      0.999906    -0.0135043        1.2893    -0.0120155     0.0135318      0.999836      -4.93327
     0.999932   -0.00206402     0.0114593      0.179429    0.00222085      0.999904    -0.0136903       1.26734      -0.01143     0.0137148      0.999841      -4.92364
     0.999934   -0.00209721     0.0112682      0.178934    0.00226161      0.999891    -0.0145973       1.28339    -0.0112363     0.0146219       0.99983      -4.98414
     0.999937   -0.00222327     0.0109653      0.194742    0.00240483       0.99986     -0.016573       1.32957    -0.0109269     0.0165984      0.999803      -5.07575
     0.999936   -0.00205477       0.01114      0.185982    0.00223005      0.999874    -0.0157443       1.23357    -0.0111062     0.0157682      0.999814      -4.97985
     0.999935   -0.00209886     0.0111888      0.183376    0.00227613      0.999872    -0.0158547       1.26025    -0.0111541     0.0158792      0.999812      -4.99996
      0.99994   -0.00220015     0.0107725      0.191266    0.00238506       0.99985    -0.0171823        1.2946    -0.0107331      0.017207      0.999794      -5.03906
      0.99994   -0.00212529     0.0107864      0.184494    0.00230551      0.999857    -0.0167236       1.25138    -0.0107493     0.0167475      0.999802      -4.96054
     0.999936   -0.00228006      0.011064       0.19377    0.00246112      0.999863     -0.016379       1.29785    -0.0110251     0.0164052      0.999805      -4.97879
     0.999938    -0.0023281     0.0108461       0.18889    0.00250477      0.999864    -0.0163037       1.27967    -0.0108066     0.0163299      0.999808      -4.96114
     0.999941   -0.00216872     0.0106394      0.187192    0.00235004      0.999852    -0.0170595       1.30426    -0.0106008     0.0170835      0.999798      -4.99929
     0.999945   -0.00216979     0.0102464       0.18001    0.00234786      0.999846    -0.0173992       1.28886    -0.0102071     0.0174223      0.999796      -4.94256
     0.999947   -0.00231147      0.010042      0.175903    0.00250099      0.999818    -0.0189006       1.30493    -0.0099965     0.0189247      0.999771      -4.96188
     0.999948   -0.00233687    0.00993848      0.178076    0.00252164      0.999823    -0.0186198       1.29388   -0.00989322     0.0186439      0.999777      -4.93112
     0.999948   -0.00235077    0.00991374      0.180463    0.00253426      0.999825    -0.0185367       1.28771   -0.00986843     0.0185609      0.999779      -4.94588
     0.999948   -0.00225346    0.00993903      0.176734    0.00243607      0.999828    -0.0183994       1.29809   -0.00989586     0.0184227      0.999781      -4.92654
     0.999947   -0.00227302     0.0100785      0.173596    0.00246325      0.999818    -0.0189032       1.28835    -0.0100337     0.0189271      0.999771      -4.95947
      0.99995   -0.00227336    0.00975823      0.180471    0.00246167       0.99981    -0.0193285       1.30501   -0.00971243     0.0193516      0.999766      -4.97947
     0.999948   -0.00225273    0.00993128      0.177928    0.00244345      0.999812    -0.0192338        1.2887   -0.00988609     0.0192571      0.999766      -4.97812
     0.999949   -0.00230765    0.00985544      0.175025    0.00250757       0.99979    -0.0203214       1.30517   -0.00980648     0.0203451      0.999745      -5.00059
     0.999952   -0.00218992    0.00958923      0.167987    0.00237997        0.9998    -0.0198533       1.27812   -0.00954384     0.0198751      0.999757      -4.88464
     0.999949   -0.00221929    0.00981066      0.184186    0.00241423      0.999799    -0.0199031       1.34683   -0.00976451     0.0199258      0.999754      -4.94115
     0.999947   -0.00221443     0.0100492      0.175257    0.00241069      0.999806    -0.0195599       1.30399     -0.010004     0.0195831      0.999758      -4.85939
     0.999953   -0.00235913    0.00942265      0.179894    0.00255284      0.999785    -0.0205997       1.33758   -0.00937202     0.0206228      0.999743      -4.94779
     0.999952   -0.00234702    0.00952477      0.173479    0.00253983      0.999791    -0.0202817        1.2986   -0.00947518     0.0203049      0.999749      -4.87447
     0.999951   -0.00228194    0.00961043      0.180358    0.00247912      0.999786     -0.020555       1.30731   -0.00956147     0.0205779      0.999743      -4.94047
     0.999954   -0.00231779    0.00932094      0.180611    0.00251134       0.99978    -0.0208068       1.30946   -0.00927067     0.0208293       0.99974      -4.92385
     0.999954   -0.00222015    0.00930324      0.181608    0.00241863      0.999769    -0.0213778       1.30107   -0.00925363     0.0213994      0.999728       -4.9342
     0.999953   -0.00240591    0.00939537      0.191645    0.00260582      0.999769    -0.0213234       1.33428    -0.0093419     0.0213468      0.999728      -4.96015
     0.999954   -0.00227046    0.00935435      0.181934    0.00246738      0.999774    -0.0210943       1.28712   -0.00930434     0.0211164      0.999734      -4.90991
     0.999955   -0.00237486    0.00921213      0.193414    0.00257394      0.999762    -0.0216598       1.33737    -0.0091585     0.0216825      0.999723      -4.98982
     0.999955   -0.00230385    0.00921023      0.181515    0.00249976       0.99977    -0.0213163       1.29059     -0.009159     0.0213384       0.99973      -4.91935
     0.999956   -0.00241513    0.00908524      0.192607    0.00261317      0.999758      -0.02185       1.34179   -0.00903027     0.0218727       0.99972      -4.98767
     0.999956   -0.00240199    0.00905353      0.189201    0.00259471      0.999769    -0.0213356       1.30113   -0.00900019     0.0213582      0.999731      -4.90263
     0.999954   -0.00242065    0.00929586      0.200852    0.00261933      0.999767    -0.0214201       1.33268   -0.00924185     0.0214435      0.999727      -4.95143
     0.999956   -0.00234523     0.0090577      0.184159    0.00254255      0.999758     -0.021835       1.32305   -0.00900431     0.0218571      0.999721      -4.92125
     0.999959   -0.00226683    0.00881405      0.181723    0.00246312      0.999748    -0.0223235        1.3123   -0.00876122     0.0223442      0.999712      -4.94692
     0.999958   -0.00236447    0.00885592      0.181737    0.00256114      0.999749    -0.0222629        1.3301   -0.00880106     0.0222847      0.999713      -4.92686
     0.999959   -0.00208642    0.00876411      0.202666    0.00228466       0.99974    -0.0226701       1.32976   -0.00871454     0.0226892      0.999705      -4.95897
     0.999959   -0.00224842    0.00878605       0.19093    0.00244492      0.999746    -0.0224186       1.31878   -0.00873341     0.0224392       0.99971      -4.92974
     0.999956   -0.00232668    0.00905325      0.189526    0.00252653      0.999752    -0.0221271       1.32804   -0.00899952      0.022149      0.999714      -4.95659
     0.999958   -0.00229689    0.00884979      0.188387    0.00249218      0.999752    -0.0221199       1.32419   -0.00879679      0.022141      0.999716       -4.9389
     0.999957   -0.00233694    0.00897195      0.187962    0.00253728      0.999746    -0.0223835       1.31851   -0.00891736     0.0224053      0.999709      -4.94778
     0.999959   -0.00228059    0.00875875      0.182487    0.00247948      0.999738    -0.0227645       1.32494   -0.00870453     0.0227853      0.999702      -4.94462
     0.999959   -0.00223605    0.00881152      0.176725    0.00243686      0.999736    -0.0228453       1.32043   -0.00875811     0.0228658        0.9997       -4.9147
     0.999958   -0.00234079    0.00888429      0.179448    0.00253823      0.999749     -0.022278       1.31767    -0.0088299     0.0222996      0.999712      -4.90341
     0.999959    -0.0023734    0.00871993      0.184119    0.00258027      0.999714      -0.02379       1.38372   -0.00866097     0.0238115      0.999679      -4.96931
      0.99996    -0.0024175    0.00858279      0.188053    0.00263325      0.999679    -0.0252156        1.4246   -0.00851908     0.0252372      0.999645      -4.94592
     0.999961   -0.00222768    0.00850753      0.170905    0.00242864      0.999717    -0.0236839       1.25575   -0.00845235     0.0237037      0.999683      -4.84552
     0.999961   -0.00236712    0.00848202      0.181669    0.00257461      0.999696    -0.0245357       1.33711   -0.00842136     0.0245565      0.999663      -4.93343
     0.999962   -0.00226823    0.00845505      0.172058    0.00246896      0.999714    -0.0238057        1.3119   -0.00839863     0.0238256      0.999681      -4.89076
     0.999961   -0.00219729    0.00851657      0.176839    0.00239786      0.999718    -0.0236129       1.31594   -0.00846229     0.0236325      0.999685      -4.89153
     0.999962   -0.00217203    0.00842713      0.182811    0.00237326      0.999711     -0.023943       1.35898   -0.00837268     0.0239621      0.999678      -4.90719
     0.999962   -0.00222719    0.00846112      0.166916    0.00242915      0.999711    -0.0239345       1.30824   -0.00840537     0.0239542      0.999678      -4.88205
     0.999962   -0.00232211    0.00844626      0.173073    0.00252998      0.999692    -0.0246844       1.35135   -0.00838634     0.0247049       0.99966      -4.93301
     0.999963   -0.00233157    0.00827684      0.164504    0.00253228      0.999701    -0.0243229       1.30285   -0.00821766     0.0243429       0.99967      -4.85589
     0.999961   -0.00234854    0.00846515      0.166205    0.00255876      0.999686    -0.0249082        1.3428   -0.00840399     0.0249289      0.999654      -4.99657
     0.999955   -0.00267773    0.00905365      0.162738     0.0029116       0.99966    -0.0259174       1.35644   -0.00898117     0.0259426      0.999623      -5.20011
     0.999962   -0.00229506     0.0084459      0.160912    0.00251006      0.999671    -0.0255335       1.26221   -0.00838452     0.0255537      0.999638      -4.89971
     0.999964   -0.00232938    0.00818352      0.165048    0.00254066      0.999661    -0.0259029       1.33177   -0.00812041     0.0259227      0.999631      -4.94095
     0.999963    -0.0022874    0.00824531      0.159118    0.00249683      0.999672    -0.0254806       1.29634   -0.00818432     0.0255002      0.999641      -4.87776
     0.999964   -0.00247233    0.00812442      0.168954    0.00268879      0.999639    -0.0267418       1.36373   -0.00805537     0.0267627      0.999609      -4.90555
     0.999954   -0.00296394    0.00914584      0.162625    0.00321836      0.999605    -0.0279301        1.2857   -0.00905944     0.0279582      0.999568      -5.66378
       0.9999   -0.00193821     0.0139831      0.136678    0.00221058      0.999808    -0.0194892      0.861038    -0.0139426     0.0195181      0.999712      -7.64383
     0.999879   -0.00115707     0.0155039      0.160243    0.00144834      0.999822    -0.0187891      0.851478    -0.0154794     0.0188093      0.999703      -7.66549
     0.999953    -0.0013882    0.00962101       0.17812    0.00157818      0.999803    -0.0197668       1.04175   -0.00959168     0.0197811      0.999758      -5.44014
     0.999958   -0.00192734    0.00897842       0.18911    0.00209349      0.999826    -0.0185321       1.18466   -0.00894114     0.0185501      0.999788      -5.00775
