# 3dvolreg matrices (DICOM-to-DICOM, row-by-row):
      0.99998   -0.00179133    0.00608672     0.0818695    0.00181266      0.999992   -0.00350037      0.703653   -0.00608041    0.00351134      0.999975     -0.433274
     0.999969   -0.00152005    0.00770534      0.117036    0.00152337      0.999999  -0.000424405      0.661322   -0.00770468    0.00043613       0.99997      -1.04748
     0.999971    -0.0015591    0.00748425     0.0946946    0.00156039      0.999999  -0.000167618      0.627039   -0.00748398   0.000179291      0.999972      -0.87358
     0.999969   -0.00173173    0.00771032      0.108295    0.00173777      0.999998  -0.000777236      0.674103   -0.00770896    0.00079061       0.99997     -0.979515
      0.99997   -0.00163139    0.00756165     0.0898078    0.00163641      0.999998  -0.000658144      0.638038   -0.00756057   0.000670499      0.999971     -0.870467
     0.999972    -0.0015505    0.00725542      0.103041    0.00155921      0.999998    -0.0011955      0.685185   -0.00725355    0.00120678      0.999973     -0.932105
     0.999972   -0.00145834    0.00727467      0.101926      0.001466      0.999998    -0.0010467      0.660073   -0.00727313    0.00105733      0.999973     -0.893458
     0.999969   -0.00166603    0.00774814      0.104814    0.00167919      0.999997   -0.00169261       0.67557    -0.0077453    0.00170557      0.999969     -0.959689
     0.999972    -0.0016324    0.00734222     0.0921209    0.00164412      0.999997    -0.0015894      0.651858    -0.0073396    0.00160142      0.999972     -0.892213
     0.999973   -0.00160906    0.00714943     0.0909665    0.00162027      0.999997   -0.00156139      0.678985    -0.0071469    0.00157293      0.999973     -0.930829
     0.999974   -0.00167261    0.00701572     0.0943692    0.00168771      0.999996   -0.00214717      0.704153    -0.0070121    0.00215896      0.999973     -0.982224
     0.999978   -0.00178126    0.00645722      0.101099    0.00179778      0.999995   -0.00255386      0.694367   -0.00645264    0.00256541      0.999976     -0.936383
     0.999975   -0.00176965    0.00682959     0.0929625    0.00178292      0.999997   -0.00193748      0.650242   -0.00682614     0.0019496      0.999975     -0.877197
     0.999974   -0.00167435    0.00699445     0.0825314    0.00168752      0.999997   -0.00187745       0.64801   -0.00699128    0.00188921      0.999974     -0.889236
     0.999974    -0.0016655    0.00703828     0.0944741    0.00168094      0.999996   -0.00218795      0.703722   -0.00703461    0.00219972      0.999973     -0.957885
     0.999978   -0.00155105    0.00650801     0.0819674    0.00156282      0.999997   -0.00180388       0.65512   -0.00650519    0.00181401      0.999977     -0.848063
     0.999976   -0.00171233    0.00676255     0.0991024    0.00172955      0.999995   -0.00254066      0.705529   -0.00675816    0.00255229      0.999974     -0.942556
     0.999976    -0.0017366    0.00665495     0.0824182    0.00175315      0.999995   -0.00248209      0.671935   -0.00665061     0.0024937      0.999975     -0.873737
     0.999976   -0.00185821    0.00662252     0.0920019    0.00187954      0.999993    -0.0032152      0.689033    -0.0066165    0.00322757      0.999973     -0.934297
     0.999977   -0.00167907    0.00661943     0.0797186    0.00169748      0.999995    -0.0027772      0.677153   -0.00661473    0.00278837      0.999974     -0.875237
     0.999977   -0.00166121    0.00653673     0.0953266    0.00168122      0.999994   -0.00305657      0.707401   -0.00653162    0.00306749      0.999974     -0.942194
     0.999977   -0.00151087    0.00660699     0.0887903    0.00152793      0.999996   -0.00257921       0.67815   -0.00660306    0.00258925      0.999975     -0.888236
     0.999976   -0.00173011    0.00671727      0.093669    0.00174788      0.999995   -0.00264173      0.691046   -0.00671266     0.0026534      0.999974     -0.905214
     0.999977   -0.00175432    0.00658595     0.0849662    0.00177139      0.999995   -0.00258613      0.672324   -0.00658138    0.00259773      0.999975     -0.856536
     0.999976   -0.00184985    0.00664076     0.0938418    0.00187478      0.999991   -0.00375036      0.703598   -0.00663377    0.00376272      0.999971     -0.937493
     0.999978   -0.00162885    0.00641585     0.0762915    0.00165236      0.999992   -0.00366121      0.675209   -0.00640984    0.00367173      0.999973     -0.862429
     0.999979   -0.00166454     0.0063127     0.0933235    0.00169071       0.99999   -0.00414185      0.708316   -0.00630574    0.00415243      0.999971     -0.935944
     0.999979   -0.00162796    0.00622239     0.0858722    0.00165363       0.99999   -0.00412205      0.691211   -0.00621562    0.00413225      0.999972     -0.892504
     0.999979   -0.00175092    0.00625619     0.0911722    0.00177985      0.999988    -0.0046211      0.687772   -0.00624802    0.00463214       0.99997     -0.930027
     0.999979   -0.00171345       0.00617      0.090621    0.00173924       0.99999    -0.0041778      0.694274   -0.00616278    0.00418844      0.999972     -0.899771
      0.99998   -0.00177517    0.00605026     0.0817144    0.00180294      0.999988   -0.00458677      0.698077   -0.00604205    0.00459759      0.999971     -0.898189
     0.999979   -0.00188593    0.00613253     0.0899477    0.00191457      0.999987   -0.00466718       0.70209   -0.00612365    0.00467883       0.99997     -0.895482
      0.99998   -0.00181255    0.00609928     0.0796237     0.0018407      0.999988   -0.00461259      0.681005   -0.00609084    0.00462372      0.999971     -0.871682
     0.999979   -0.00187121     0.0061298     0.0813856    0.00190089      0.999986   -0.00484004      0.697241   -0.00612066    0.00485159      0.999969     -0.879009
     0.999981   -0.00165628    0.00602124     0.0832631    0.00168269      0.999989   -0.00438318      0.685487   -0.00601391    0.00439323      0.999972     -0.888394
      0.99998   -0.00167117    0.00608798     0.0963639    0.00169945      0.999988    -0.0046429      0.707734   -0.00608014    0.00465315      0.999971     -0.926285
      0.99998   -0.00165163    0.00606367     0.0870869    0.00167822      0.999989   -0.00438231      0.673368   -0.00605637     0.0043924      0.999972     -0.882985
     0.999979   -0.00178149    0.00623195     0.0935949    0.00181124      0.999987    -0.0047721      0.700084   -0.00622336    0.00478328      0.999969     -0.928094
      0.99998   -0.00171034    0.00615146     0.0870609    0.00173778      0.999989   -0.00445858      0.676086   -0.00614376    0.00446918      0.999971     -0.885222
     0.999979   -0.00173565    0.00618035     0.0865109    0.00176802      0.999985   -0.00523591      0.691033   -0.00617117    0.00524673      0.999967     -0.884842
      0.99998   -0.00173378    0.00604292        0.0772    0.00176427      0.999986   -0.00504306      0.679408   -0.00603409    0.00505362      0.999969     -0.872991
     0.999979    -0.0018265    0.00620826     0.0858928    0.00186027      0.999983   -0.00543808      0.715874   -0.00619822    0.00544952      0.999966     -0.903286
      0.99998   -0.00176763    0.00613823     0.0744239    0.00179872      0.999986   -0.00506403      0.672524   -0.00612919    0.00507497      0.999968     -0.856472
     0.999979   -0.00192093    0.00617477     0.0877903    0.00195271      0.999985   -0.00514504      0.721011   -0.00616479    0.00515699      0.999968     -0.921293
      0.99998   -0.00178056     0.0061482     0.0749548    0.00180816      0.999988   -0.00448615      0.641079   -0.00614014    0.00449718      0.999971     -0.852277
     0.999977   -0.00182139    0.00645738     0.0957484    0.00186241      0.999978   -0.00635151       0.75252   -0.00644567     0.0063634      0.999959     -0.873536
     0.999974   -0.00217208    0.00691064      0.141559    0.00225217       0.99993    -0.0116018      0.799179   -0.00688496     0.0116171      0.999909      -1.88287
     0.999984   -0.00276227    0.00490969       0.14102    0.00280731      0.999954   -0.00919243      0.573314   -0.00488407    0.00920607      0.999946      -1.71224
     0.999994   -0.00191518     0.0028706      0.117746    0.00194014       0.99996   -0.00871852      0.619378   -0.00285379    0.00872403      0.999958     -0.732715
     0.999994   -0.00183432    0.00308723      0.109599    0.00185965      0.999964   -0.00822159      0.711643   -0.00307204    0.00822728      0.999961     -0.809825
     0.999993   -0.00167843    0.00326926      0.108677    0.00170505      0.999965   -0.00815679      0.723167   -0.00325546    0.00816231      0.999961     -0.804165
     0.999993   -0.00144163    0.00338114      0.104571    0.00146733       0.99997   -0.00761107      0.729156   -0.00337007    0.00761598      0.999965     -0.793327
     0.999992   -0.00163215    0.00367384      0.112566    0.00166249      0.999964   -0.00826867      0.761128   -0.00366021    0.00827472      0.999959     -0.820827
     0.999991   -0.00217293    0.00376263      0.121112    0.00221072      0.999947    -0.0100675      0.778818   -0.00374056     0.0100757      0.999942     -0.825103
     0.999992   -0.00171148    0.00352564      0.104241    0.00174384      0.999956   -0.00919556      0.684563   -0.00350975    0.00920164      0.999952     -0.778671
     0.999992   -0.00156963    0.00366449      0.104727    0.00160521      0.999951   -0.00972616      0.695288   -0.00364904    0.00973196      0.999946     -0.804817
     0.999993   -0.00169099    0.00330312      0.101194    0.00172321      0.999951   -0.00977715      0.712549   -0.00328642    0.00978278      0.999947     -0.789692
     0.999994   -0.00203696     0.0029361      0.112478    0.00206597      0.999949   -0.00991247      0.748093   -0.00291576    0.00991847      0.999947     -0.715555
     0.999993    -0.0019408    0.00314603     0.0979529     0.0019697      0.999956   -0.00921008      0.670936   -0.00312802    0.00921621      0.999953     -0.689894
     0.999994   -0.00189205    0.00306307     0.0974962    0.00191948      0.999958   -0.00897704      0.715744   -0.00304596    0.00898286      0.999955     -0.713669
     0.999993   -0.00201223    0.00307697      0.105071    0.00204215       0.99995   -0.00975113      0.759399   -0.00305719    0.00975735      0.999948     -0.735114
     0.999993   -0.00189467    0.00307571     0.0926965    0.00192332      0.999955   -0.00933982      0.683244   -0.00305787    0.00934568      0.999952      -0.66501
     0.999993   -0.00201837    0.00301427       0.10922    0.00204844      0.999948    -0.0100043      0.759177   -0.00299392     0.0100104      0.999945     -0.737412
     0.999993   -0.00190284    0.00307427     0.0925429    0.00193181      0.999954   -0.00944644      0.718871   -0.00305615    0.00945231      0.999951     -0.664837
     0.999995   -0.00184133    0.00268157      0.110992    0.00186798      0.999949   -0.00997128      0.745681   -0.00266307    0.00997623      0.999947     -0.717891
     0.999995   -0.00189517    0.00262966      0.107174    0.00192042      0.999952   -0.00963074      0.739912   -0.00261128    0.00963574       0.99995     -0.698672
     0.999994   -0.00196282    0.00274906      0.108472     0.0019895      0.999951   -0.00973602      0.723946   -0.00272982    0.00974143      0.999949     -0.699186
     0.999994   -0.00190774    0.00273225      0.113881    0.00193476      0.999949   -0.00992273      0.745763   -0.00271318    0.00992796      0.999947     -0.712334
     0.999994   -0.00202992    0.00282689      0.100656    0.00205712      0.999951     -0.009653      0.715384   -0.00280715    0.00965876      0.999949      -0.66226
     0.999994   -0.00202079    0.00278717      0.113595    0.00204931      0.999945    -0.0102677      0.765046   -0.00276627     0.0102733      0.999943     -0.728564
     0.999994   -0.00184238    0.00285547     0.0939579     0.0018697      0.999952   -0.00959341      0.725577   -0.00283766    0.00959869       0.99995     -0.599093
     0.999994   -0.00195185    0.00287944      0.100581    0.00197945      0.999952   -0.00961382      0.769458   -0.00286054    0.00961946       0.99995     -0.679264
     0.999994   -0.00194904    0.00293241     0.0913178    0.00197622      0.999955   -0.00929126      0.724473   -0.00291417      0.009297      0.999953      -0.62434
     0.999994   -0.00203822     0.0027482       0.10234    0.00206588      0.999947    -0.0101019      0.766329   -0.00272746     0.0101076      0.999945     -0.703052
     0.999994   -0.00190546    0.00283051     0.0875974    0.00193319       0.99995   -0.00982739        0.7126   -0.00281164    0.00983281      0.999948     -0.619056
     0.999994    -0.0018491    0.00279674      0.107445    0.00187775      0.999945    -0.0102745      0.757027   -0.00277758     0.0102797      0.999943     -0.714553
     0.999994   -0.00189984    0.00279347     0.0930468    0.00192676      0.999951   -0.00966935      0.729168   -0.00277496    0.00967468      0.999949     -0.636312
     0.999994   -0.00190532    0.00275615      0.111728    0.00193246      0.999949   -0.00987524      0.756333    -0.0027372    0.00988051      0.999947     -0.700693
     0.999994   -0.00190335    0.00274645       0.10104    0.00192829      0.999957   -0.00910908      0.736202   -0.00272899    0.00911433      0.999955     -0.635957
     0.999994   -0.00204939    0.00280355      0.104093    0.00207761      0.999947    -0.0101009      0.751535    -0.0027827     0.0101067      0.999945     -0.674026
     0.999995   -0.00193003    0.00249103     0.0942523    0.00195622      0.999942     -0.010553       0.73365   -0.00247052     0.0105578      0.999941     -0.651175
     0.999995   -0.00199051    0.00262031      0.100427    0.00201833      0.999941    -0.0106576      0.747333   -0.00259894     0.0106629       0.99994     -0.674891
     0.999995   -0.00187944    0.00252935     0.0971937    0.00190559      0.999944    -0.0103776       0.73428   -0.00250971     0.0103824      0.999943     -0.625566
     0.999994   -0.00198016    0.00269906     0.0971951    0.00200839      0.999943    -0.0104995      0.739912   -0.00267812     0.0105049      0.999941     -0.665866
     0.999995    -0.0019715    0.00254771     0.0941247    0.00199774      0.999945    -0.0103381      0.735338   -0.00252719     0.0103431      0.999943     -0.638574
     0.999995   -0.00200116    0.00255083     0.0915881    0.00202679      0.999947    -0.0100858      0.748582   -0.00253051     0.0100909      0.999946     -0.637233
     0.999995   -0.00205877    0.00248701     0.0964344    0.00208382      0.999947    -0.0101132      0.780125   -0.00246605     0.0101183      0.999946     -0.654547
     0.999995   -0.00185628    0.00246059     0.0945453    0.00188093      0.999948     -0.010053      0.747072    -0.0024418     0.0100576      0.999946      -0.64384
     0.999995    -0.0019618    0.00249504       0.10655    0.00198889      0.999939    -0.0109014      0.782802    -0.0024735     0.0109063      0.999937     -0.707674
     0.999995   -0.00199401    0.00239045     0.0952031    0.00201848      0.999945    -0.0102756      0.712756   -0.00236983     0.0102804      0.999944     -0.624356
     0.999994    -0.0020517    0.00266383      0.106537    0.00208042      0.999939    -0.0108209      0.757207   -0.00264146     0.0108264      0.999938      -0.72269
     0.999995   -0.00199295    0.00250551     0.0979797    0.00201856      0.999945    -0.0102603      0.734331   -0.00248492     0.0102653      0.999944     -0.644131
     0.999995   -0.00202953    0.00254319      0.100745    0.00205636      0.999942    -0.0105937      0.763834   -0.00252154     0.0105988      0.999941     -0.678265
     0.999996   -0.00186949    0.00231234      0.087734    0.00189385      0.999942    -0.0105756        0.7421   -0.00229244     0.0105799      0.999941     -0.620261
     0.999995   -0.00197425    0.00228224      0.095902    0.00199992      0.999934    -0.0113029      0.787213   -0.00225978     0.0113075      0.999934      -0.67524
     0.999996   -0.00186958    0.00224126     0.0841968    0.00189395      0.999939    -0.0109209      0.743733   -0.00222071     0.0109251      0.999938     -0.602473
     0.999996   -0.00175824    0.00222383     0.0943929    0.00178302      0.999936    -0.0111918       0.78583   -0.00220401     0.0111958      0.999935     -0.684502
     0.999996   -0.00174102    0.00220099     0.0839279    0.00176479       0.99994    -0.0108436       0.74613   -0.00218198     0.0108474      0.999939     -0.605872
     0.999996   -0.00184996    0.00231711      0.101951    0.00187592      0.999935    -0.0112525      0.769377   -0.00229615     0.0112568      0.999934     -0.681183
     0.999996   -0.00181335    0.00208576     0.0962274    0.00183589      0.999939    -0.0108538      0.745876   -0.00206595     0.0108576      0.999939     -0.637056
     0.999996   -0.00194327    0.00192947      0.101813    0.00196552      0.999931    -0.0115976      0.762376    -0.0019068     0.0116014      0.999931     -0.681542
     0.999997   -0.00195213    0.00174632      0.108307    0.00197182      0.999934    -0.0113474      0.753828   -0.00172405     0.0113508      0.999934     -0.676238
     0.999997   -0.00180515    0.00169883     0.0884992    0.00182518      0.999928    -0.0118583      0.725445    -0.0016773     0.0118614      0.999928     -0.611609
     0.999991   -0.00341154    0.00249778      0.159225      0.003433      0.999957   -0.00863667      0.955235   -0.00246821    0.00864517       0.99996     -0.617463
     0.999966   -0.00669261      0.004851       0.22406    0.00662291      0.999877     0.0142458       1.14659   -0.00494574    -0.0142131      0.999887     -0.512171
      0.99996    -0.0073209    0.00518137      0.194569    0.00720386      0.999726     0.0222578       0.81536    -0.0053429    -0.0222196      0.999739    -0.0107375
     0.999984   -0.00309441    0.00467839     0.0916952    0.00314541      0.999935    -0.0109336      0.622344   -0.00464425     0.0109482      0.999929     -0.268095
     0.999992   -0.00235672    0.00331134     0.0800416    0.00239788      0.999919    -0.0124821      0.707854   -0.00328165     0.0124899      0.999917     -0.380322
     0.999993   -0.00238333    0.00284839      0.086929    0.00241747      0.999925    -0.0120438      0.727714   -0.00281947     0.0120506      0.999923     -0.366774
     0.999994    -0.0023344     0.0025851     0.0937054    0.00236545      0.999924    -0.0120734      0.737507   -0.00255672     0.0120794      0.999924     -0.385375
     0.999995   -0.00226362     0.0022391     0.0947883    0.00229129       0.99992    -0.0124295       0.73878   -0.00221078     0.0124346       0.99992     -0.428977
     0.999993    -0.0028213    0.00243657       0.11094    0.00285441      0.999902    -0.0136906      0.789813    -0.0023977     0.0136974      0.999903      -0.46781
     0.999993   -0.00238523    0.00287121      0.095736    0.00242467      0.999902    -0.0138115      0.691312   -0.00283798     0.0138184        0.9999     -0.432793
     0.999995    -0.0020594    0.00259117     0.0820536    0.00209343      0.999911    -0.0132021        0.6542   -0.00256375     0.0132075      0.999909     -0.392494
     0.999993   -0.00219408    0.00289697     0.0832412    0.00223199      0.999911    -0.0131481       0.68316   -0.00286786     0.0131545      0.999909     -0.388635
     0.999994   -0.00225784    0.00254837     0.0806591    0.00229174      0.999908    -0.0133757      0.689555   -0.00251794     0.0133815      0.999907     -0.401194
     0.999995   -0.00226889     0.0024129     0.0783409    0.00230074      0.999909    -0.0132765      0.683994   -0.00238256      0.013282      0.999909     -0.388589
     0.999995   -0.00224651    0.00229475     0.0985764    0.00227946      0.999893    -0.0144609      0.769024   -0.00226202      0.014466      0.999893      -0.45426
     0.999996   -0.00234086    0.00173403      0.120376    0.00236588      0.999891    -0.0145741      0.763742   -0.00169972     0.0145781      0.999892     -0.449027
     0.999995   -0.00261827    0.00203461      0.111718    0.00264551      0.999905    -0.0135045        0.6381   -0.00199906     0.0135098      0.999907     -0.388624
     0.999995   -0.00246306    0.00211017      0.108533     0.0024922        0.9999    -0.0139181      0.719465   -0.00207568     0.0139233      0.999901     -0.419977
     0.999995   -0.00243923    0.00204547      0.095363    0.00246747        0.9999    -0.0139208      0.706917    -0.0020113     0.0139258      0.999901     -0.402898
     0.999995   -0.00231216    0.00210598      0.082388     0.0023408      0.999903     -0.013702       0.67066   -0.00207409     0.0137069      0.999904     -0.366358
     0.999995   -0.00232818    0.00213619     0.0929498    0.00235802      0.999898    -0.0140729       0.73852   -0.00210321     0.0140779      0.999899     -0.395012
     0.999995   -0.00225752    0.00213294      0.086011    0.00228677      0.999902    -0.0138142       0.68958   -0.00210155      0.013819      0.999902     -0.371552
     0.999995   -0.00235244    0.00207264     0.0943119    0.00238226      0.999892    -0.0145079      0.725544   -0.00203829     0.0145127      0.999893     -0.461062
     0.999996   -0.00219582    0.00198502      0.088508     0.0022237      0.999897    -0.0141556      0.717676   -0.00195374     0.0141599      0.999898     -0.421296
     0.999995   -0.00232921    0.00217749     0.0879904    0.00235921      0.999901    -0.0138776      0.685771   -0.00214495     0.0138827      0.999901     -0.410939
     0.999995   -0.00236646    0.00196481     0.0950858    0.00239608      0.999881    -0.0152139      0.851269   -0.00192858     0.0152185      0.999882     -0.446204
     0.999987   -0.00487538    0.00178888      0.156826    0.00487777      0.999987   -0.00133624      0.738517   -0.00178234    0.00134495      0.999998       -0.2538
      0.99998   -0.00545134    0.00307478      0.138799    0.00538934      0.999789     0.0198242      0.861113    -0.0031822    -0.0198072      0.999799     -0.827715
     0.999988   0.000571725    0.00481606     0.0401283  -0.000779726      0.999062     0.0432985       1.32296   -0.00478679    -0.0433018      0.999051      -1.39806
     0.999994    0.00152331    0.00314381     0.0775067   -0.00167341      0.998831     0.0483065       1.45297   -0.00306655    -0.0483115      0.998828      -1.25687
      0.99999   -0.00435106   0.000953721      0.131821    0.00436518      0.999873    -0.0153433      0.766906   -0.00088684     0.0153473      0.999882      0.420639
     0.999992   -0.00306406    0.00274331      0.174911    0.00309898      0.999913    -0.0128147      0.623357    -0.0027038     0.0128231      0.999914      -3.27389
     0.999979   -0.00514284    0.00393624      0.373144     0.0052208      0.999785     -0.020059      0.381165   -0.00383223     0.0200791      0.999791      -6.27222
     0.999979   -0.00502361    0.00398525      0.461418     0.0051191      0.999691    -0.0243227      0.289904   -0.00386183     0.0243426      0.999696       -7.1408
     0.999988    -0.0037365    0.00320976      0.387232    0.00376992      0.999938    -0.0104722      0.357091   -0.00317044     0.0104841       0.99994      -5.53283
     0.999997   -0.00184775    0.00158769      0.220561    0.00186208      0.999957   -0.00907611      0.323717   -0.00157085    0.00907904      0.999958      -2.72337
     0.999997   -0.00170336    0.00183129      0.193194     0.0017274      0.999911    -0.0132067      0.472178   -0.00180863     0.0132098      0.999911      -2.62372
     0.999997   -0.00168942    0.00203545      0.198838    0.00171655      0.999909    -0.0134021      0.505261   -0.00201262     0.0134055      0.999908       -2.7182
     0.999996   -0.00171766    0.00216378      0.196028     0.0017497      0.999888    -0.0148915      0.489859   -0.00213796     0.0148952      0.999887      -2.73868
     0.999995   -0.00167982    0.00267463      0.202119    0.00172214      0.999872    -0.0158998      0.483329   -0.00264757     0.0159043       0.99987      -2.75891
     0.999994   -0.00179672    0.00287333      0.204005    0.00184284      0.999868    -0.0161274      0.474709   -0.00284397     0.0161326      0.999866      -2.74966
     0.999992   -0.00198289    0.00347436      0.223366    0.00203881      0.999867    -0.0161642      0.518747   -0.00344184     0.0161711      0.999863      -2.72323
     0.999993   -0.00191719    0.00323896      0.206116    0.00196979      0.999865    -0.0163153      0.494744   -0.00320724     0.0163216      0.999862      -2.66574
     0.999996   -0.00189121    0.00201312      0.170928     0.0019278       0.99983    -0.0183279      0.434391   -0.00197811     0.0183317       0.99983      -2.59229
     0.999995   -0.00231911    0.00225823      0.180221    0.00236155      0.999817    -0.0189723      0.499378   -0.00221381     0.0189776      0.999817      -2.60514
     0.999995   -0.00246694    0.00179024      0.198215    0.00250201        0.9998    -0.0198619        0.5472   -0.00174088     0.0198663      0.999801      -2.66033
     0.999996   -0.00264605    0.00114837      0.221724    0.00266785      0.999808    -0.0194144      0.493908   -0.00109677     0.0194173      0.999811      -2.57163
     0.999997   -0.00244998   0.000626466      0.203019    0.00246241      0.999783    -0.0206752      0.554355  -0.000575676     0.0206767      0.999786      -2.66061
     0.999997   -0.00230417   0.000636289      0.199124    0.00231677      0.999786    -0.0205701       0.54105  -0.000588756     0.0205715      0.999788      -2.68884
     0.999998   -0.00205335   0.000851482      0.171863    0.00207001      0.999797     -0.020052       0.47195  -0.000810135     0.0200538      0.999799       -2.5744
     0.999997   -0.00224489   0.000953564      0.180247    0.00226416      0.999783    -0.0207061      0.547177  -0.000906874     0.0207082      0.999785      -2.61569
     0.999997   -0.00217917   0.000947447      0.168924    0.00219795      0.999792    -0.0202999       0.51293  -0.000903012      0.020302      0.999793      -2.46147
     0.999997    -0.0022356   0.000855979      0.180765    0.00225393      0.999754    -0.0220505      0.608615  -0.000806473     0.0220524      0.999756      -2.81392
     0.999998   -0.00211282   0.000507699      0.176089    0.00212337      0.999761      -0.02176      0.589712  -0.000461603      0.021761      0.999763       -2.7569
     0.999998   -0.00196159   0.000672032      0.169375    0.00197538      0.999774     -0.021177      0.521312  -0.000630339     0.0211783      0.999776      -2.70604
     0.999998   -0.00198974   0.000651553      0.166729    0.00200305      0.999775    -0.0210985      0.524705  -0.000609426     0.0210997      0.999777      -2.67547
     0.999999   -0.00161183  -8.68853e-05      0.170471     0.0016094      0.999732     -0.023081      0.536531   0.000124065     0.0230808      0.999734      -2.96488
     0.999993   -0.00366968   0.000436364      0.282902    0.00367447      0.999927    -0.0115371      0.721773  -0.000393994     0.0115386      0.999933      -3.63965
      0.99997   -0.00644541    0.00437436      0.338642     0.0062853      0.999344     0.0356775       1.00412   -0.00460145    -0.0356489      0.999354      -3.40677
     0.999966   -0.00493996    0.00658762      0.237265     0.0046013      0.998715     0.0504677      0.534834   -0.00682846    -0.0504357      0.998704       -3.4672
     0.999961   -0.00581229    0.00671765      0.270289    0.00540651      0.998248     0.0589215      0.560849   -0.00704835    -0.0588829       0.99824      -3.39684
     0.999983   -0.00285201    0.00507267      0.234086    0.00282176      0.999978    0.00596048      0.301082   -0.00508956   -0.00594606      0.999969      -2.71815
     0.999993   -0.00204819    0.00317239      0.193749    0.00210437      0.999839    -0.0178085      0.457485   -0.00313541      0.017815      0.999836      -2.88001
     0.999994   -0.00197333    0.00267125      0.193058    0.00201559      0.999871     -0.015908      0.578342   -0.00263951     0.0159133       0.99987      -2.83358
     0.999996   -0.00175737    0.00227547       0.18873    0.00179453      0.999863     -0.016435       0.56383   -0.00224628      0.016439      0.999862      -2.87948
     0.999996    -0.0019354    0.00208511      0.188778    0.00196927      0.999864    -0.0163649      0.551687   -0.00205316      0.016369      0.999864      -2.82192
     0.999988   -0.00243784    0.00419582      0.165647    0.00252698      0.999768    -0.0213735       0.60359   -0.00414274     0.0213838      0.999763      -3.44115
     0.999992   -0.00188318    0.00366622      0.167964    0.00197259      0.999697    -0.0245392       0.60789    -0.0036189     0.0245462      0.999692      -4.16787
     0.999995    -0.0019439    0.00266201      0.175639    0.00200964      0.999687    -0.0249216      0.582727   -0.00261274     0.0249268      0.999686      -4.10345
     0.999987   -0.00143356    0.00491389      0.243413    0.00156547      0.999636    -0.0269469      0.621666   -0.00487347     0.0269542      0.999625      -4.48026
     0.999981   -0.00115675    0.00603189      0.263411    0.00130575      0.999693    -0.0247579      0.458644    -0.0060014     0.0247653      0.999675      -4.48967
     0.999985   -0.00147852    0.00517923      0.222153    0.00160724      0.999688    -0.0249374      0.467124   -0.00514074     0.0249454      0.999676      -4.33086
     0.999988   -0.00165304    0.00465521      0.229108    0.00177345      0.999661    -0.0259818       0.54404   -0.00461068     0.0259898      0.999652      -4.38266
      0.99999   -0.00140209    0.00415339      0.215215    0.00150773      0.999673     -0.025543      0.498208   -0.00411622      0.025549      0.999665      -4.29798
     0.999981   -0.00260694    0.00563808      0.258964    0.00275129      0.999665    -0.0257486       0.54449   -0.00556906     0.0257636      0.999653      -4.24575
     0.999925   -0.00324713     0.0118474      0.336964    0.00342389      0.999883      -0.01493      0.212441    -0.0117975     0.0149694      0.999818      -6.31886
     0.999845   -0.00251521     0.0174369      0.366188    0.00264366       0.99997   -0.00734745      -0.23575    -0.0174179     0.0073924      0.999821      -8.52465
     0.999847   -0.00113157     0.0174507      0.331841    0.00132079       0.99994    -0.0108358      -0.65858    -0.0174374     0.0108572      0.999789      -8.94053
     0.999876   -0.00377975     0.0153078      0.345165    0.00397041      0.999915    -0.0124441     -0.715566    -0.0152594     0.0125034      0.999805      -9.03207
     0.999913   -0.00402475     0.0125477      0.278366    0.00424774      0.999833    -0.0177956     -0.310159     -0.012474     0.0178474      0.999763      -7.27157
     0.999964   -0.00188061    0.00830193       0.23232    0.00207101      0.999734    -0.0229855      0.170384   -0.00825649     0.0230019      0.999701      -5.35061
      0.99996   -0.00166957    0.00882165      0.231903    0.00187145      0.999735    -0.0229255      0.284118   -0.00878104     0.0229411      0.999698      -5.37376
     0.999959   -0.00127726    0.00897763      0.225332    0.00147946      0.999745    -0.0225524       0.27404   -0.00894653     0.0225648      0.999705      -5.34858
     0.999959   -0.00126636    0.00893695      0.221849    0.00146518      0.999751    -0.0222752      0.291344   -0.00890652     0.0222874      0.999712      -5.32709
      0.99996   -0.00120744    0.00890599      0.219038    0.00141031      0.999739    -0.0228078      0.306747   -0.00887612     0.0228194        0.9997      -5.26128
     0.999957    -0.0013971    0.00913404      0.222357    0.00160786      0.999732    -0.0231077       0.35171    -0.0090993     0.0231214      0.999691      -5.29987
      0.99996    -0.0019085    0.00874856       0.20251    0.00210268       0.99975    -0.0222405      0.379002   -0.00870393      0.022258      0.999714      -5.76752
     0.999974   -0.00202975    0.00691597      0.196367    0.00218118      0.999756    -0.0219591      0.310897   -0.00686972     0.0219736      0.999735      -5.26573
     0.999979   -0.00315079    0.00574632      0.212869    0.00327585      0.999755    -0.0218854      0.370703   -0.00567596     0.0219037      0.999744      -5.28264
     0.999954   -0.00277455    0.00923117      0.298964     0.0029848      0.999735     -0.022841      0.246601   -0.00916534     0.0228675      0.999696      -5.65115
     0.999964   -0.00221629    0.00824287      0.324211    0.00241052      0.999718    -0.0236297      0.240941   -0.00818817     0.0236487      0.999687      -4.97197
     0.999981   -0.00144772    0.00607123      0.302375    0.00159509      0.999702    -0.0243393      0.351024   -0.00603419     0.0243486      0.999685       -4.9521
     0.999982   -0.00142616    0.00578841      0.310243    0.00155794      0.999738    -0.0228258      0.368525   -0.00575434     0.0228344      0.999723      -4.93991
     0.999983   -0.00142909    0.00565047      0.312018    0.00155949      0.999731    -0.0231403      0.355946   -0.00561588     0.0231487      0.999716      -4.93578
     0.999983   -0.00147736    0.00560379      0.331696    0.00161155       0.99971    -0.0240172      0.383967   -0.00556668     0.0240258      0.999696      -5.06205
     0.999987    -0.0013897    0.00488374      0.336723    0.00150788      0.999704     -0.024279      0.360321   -0.00484856     0.0242861      0.999693      -5.07888
     0.999981   -0.00157137     0.0060403      0.335329    0.00171991      0.999694    -0.0246659      0.332379    -0.0059997     0.0246758      0.999678      -5.08516
     0.999957   -0.00150458    0.00916459      0.310837    0.00170423      0.999761    -0.0218165      0.235845   -0.00912957     0.0218312       0.99972      -5.35583
     0.999965   -0.00246562    0.00800674      0.333768    0.00264132      0.999754    -0.0220081      0.169029   -0.00795051     0.0220285      0.999726      -5.11229
     0.999954    -0.0026427    0.00917426       0.40033    0.00284601      0.999749    -0.0222191      0.250312   -0.00911324     0.0222442      0.999711      -5.40807
     0.999943   -0.00196815     0.0104939      0.332813    0.00220414      0.999744     -0.022524      0.351503    -0.0104469     0.0225458      0.999691      -5.51347
     0.999941   -0.00190791     0.0107349      0.230623    0.00215302      0.999736    -0.0228677      0.380471    -0.0106884     0.0228895      0.999681       -5.0593
     0.999937    -0.0016196     0.0111216      0.245162     0.0018814       0.99972    -0.0235699      0.417391    -0.0110803     0.0235894       0.99966      -5.22587
     0.999929   -0.00145282     0.0118208      0.210109    0.00172691      0.999729    -0.0232102      0.384641    -0.0117839     0.0232289      0.999661      -5.15401
     0.999939   -0.00132516     0.0109836       0.22154    0.00158929      0.999709    -0.0240734      0.503704    -0.0109485     0.0240894       0.99965      -5.17304
     0.999943   -0.00150835     0.0105359      0.218631    0.00175811      0.999717    -0.0237369      0.424723    -0.0104972     0.0237541      0.999663      -5.11902
     0.999944   -0.00152337     0.0104448      0.227308    0.00177936      0.999697    -0.0245438      0.414676    -0.0104043      0.024561      0.999644       -5.1684
     0.999945   -0.00147418     0.0103377      0.219916    0.00172879      0.999694    -0.0246644      0.404811    -0.0102982      0.024681      0.999642      -5.13537
     0.999942   -0.00169811     0.0106693      0.213528    0.00196079      0.999694    -0.0246586      0.387279    -0.0106242     0.0246781      0.999639      -5.17448
