# 3dvolreg matrices (DICOM-to-DICOM, row-by-row):
     0.999945    0.00696557    -0.0078848     -0.550638   -0.00663541      0.999131     0.0411515       2.86994    0.00816459    -0.0410969      0.999122      0.135724
     0.999946    0.00698097   -0.00767234     -0.539476    -0.0066641      0.999154     0.0405764        2.8755    0.00794911    -0.0405231      0.999147      0.133562
     0.999948    0.00683388   -0.00754603     -0.543547   -0.00651932       0.99914     0.0409512       2.89168    0.00781939    -0.0408999      0.999133      0.119094
     0.999948    0.00689781   -0.00756751     -0.537162   -0.00658403      0.999148     0.0407333       2.89019    0.00784204    -0.0406813      0.999141      0.129472
     0.999946    0.00691445   -0.00781689     -0.541796   -0.00658936      0.999143     0.0408749       2.87601    0.00809281    -0.0408211      0.999134      0.130101
      0.99995    0.00675754   -0.00734573     -0.533722   -0.00645354      0.999153      0.040649       2.88643    0.00761419    -0.0405996      0.999146      0.122717
     0.999947    0.00689661   -0.00765185     -0.533603   -0.00657785       0.99914     0.0409279       2.89752    0.00792754    -0.0408754      0.999133      0.131992
      0.99995    0.00685545   -0.00728841     -0.534252    -0.0065543      0.999155     0.0405688       2.89361    0.00756037     -0.040519       0.99915      0.135483
     0.999948    0.00696239   -0.00749226     -0.540913      -0.00665      0.999139     0.0409424       2.90829    0.00777087    -0.0408905      0.999133      0.137825
     0.999952    0.00682402   -0.00699123     -0.527722   -0.00653223       0.99914     0.0409415       2.90269    0.00726461    -0.0408939      0.999137      0.124675
     0.999954    0.00655662    -0.0070394     -0.527228   -0.00626335      0.999143     0.0409041       2.91122    0.00730156    -0.0408581      0.999138      0.143114
     0.999953    0.00673374   -0.00703943     -0.517457   -0.00644142      0.999148     0.0407543       2.90047    0.00730787     -0.040707      0.999144       0.11735
     0.999955    0.00649671   -0.00697204     -0.512173   -0.00620857      0.999157     0.0405837        2.8994    0.00722982    -0.0405386      0.999152      0.115922
     0.999955    0.00653637   -0.00694681     -0.513237   -0.00624499      0.999133     0.0411688       2.90289    0.00720988    -0.0411236      0.999128      0.114662
     0.999956     0.0065083   -0.00668989     -0.508136   -0.00623139      0.999156     0.0406113        2.8907    0.00694855    -0.0405678      0.999153      0.125058
     0.999954    0.00672884   -0.00687931     -0.513262   -0.00644316      0.999149     0.0407385       2.91582    0.00714758    -0.0406923      0.999146      0.122987
     0.999957    0.00656332   -0.00658218     -0.500883   -0.00628966      0.999149     0.0407682       2.91175    0.00684415     -0.040725      0.999147      0.119431
     0.999958     0.0063963   -0.00658289     -0.497928   -0.00612204      0.999146     0.0408717       2.91004     0.0068387    -0.0408296      0.999143      0.142723
     0.999961    0.00611713   -0.00635357     -0.493647   -0.00585195      0.999144     0.0409495       2.91148    0.00659863    -0.0409108      0.999141      0.126884
     0.999961    0.00615791   -0.00638485     -0.488032   -0.00589068      0.999139     0.0410605       2.92071     0.0066322    -0.0410213      0.999136      0.140517
     0.999962    0.00602885   -0.00622829     -0.485654   -0.00576808       0.99914     0.0410708       2.91734    0.00647054    -0.0410333      0.999137      0.132813
     0.999962    0.00605918   -0.00634251     -0.488807   -0.00579492      0.999147     0.0408847        2.9312    0.00658483    -0.0408464      0.999144      0.141935
     0.999965    0.00582214    -0.0059614     -0.482385   -0.00557234       0.99914     0.0410947        2.9113    0.00619553      -0.04106      0.999137      0.117665
     0.999964    0.00588621    -0.0060658       -0.4789   -0.00563297      0.999145      0.040952       2.92304    0.00630167    -0.0409163      0.999143      0.133151
     0.999965    0.00575573   -0.00605761     -0.474477   -0.00550116      0.999134     0.0412349       2.91559     0.0062897    -0.0412002      0.999131      0.126142
     0.999964    0.00566894   -0.00627272     -0.477099   -0.00540661      0.999141     0.0410755       2.92157    0.00650019    -0.0410401      0.999136      0.146509
     0.999963    0.00590786   -0.00619944     -0.479208    -0.0056478      0.999137     0.0411598       2.91373    0.00643725    -0.0411233      0.999133      0.147829
     0.999965    0.00590992   -0.00599824     -0.478482   -0.00565868       0.99914     0.0410716       2.91739    0.00623581    -0.0410363      0.999138      0.153228
     0.999963    0.00600421   -0.00609139     -0.477774   -0.00574665      0.999124     0.0414526       2.91433    0.00633495    -0.0414161      0.999122      0.147647
     0.999965    0.00582348   -0.00603402     -0.479913   -0.00556939      0.999131     0.0413032        2.9158    0.00626931    -0.0412682      0.999128      0.167304
     0.999963    0.00590449   -0.00618045     -0.476122   -0.00564238      0.999118     0.0416012       2.92399    0.00642064    -0.0415648      0.999115       0.16678
     0.999965    0.00580375   -0.00598083     -0.473318   -0.00555205      0.999132     0.0412738       2.90461    0.00621519    -0.0412392       0.99913      0.168159
     0.999963    0.00581316   -0.00630584     -0.488575   -0.00554638      0.999122     0.0415297       2.91415    0.00654172    -0.0414932      0.999117      0.175373
     0.999964    0.00586031   -0.00615255     -0.487508   -0.00560005      0.999123     0.0414996       2.90879    0.00639036    -0.0414636       0.99912       0.17342
     0.999961    0.00596662   -0.00652615     -0.493027   -0.00569092      0.999123     0.0414776       2.90562    0.00676791    -0.0414389      0.999118       0.19731
     0.999963    0.00578079   -0.00631556     -0.492598   -0.00551251      0.999115        0.0417       2.90453    0.00655103    -0.0416636       0.99911       0.17267
     0.999961     0.0058289   -0.00663679     -0.497683   -0.00554716      0.999115     0.0417061        2.8998    0.00687401    -0.0416677      0.999108       0.19571
     0.999959    0.00585584   -0.00683485     -0.504405   -0.00556295      0.999097     0.0421113       2.90081    0.00707528    -0.0420716       0.99909      0.199184
     0.999957     0.0058789   -0.00718755     -0.513381   -0.00557627      0.999126     0.0414247         2.887    0.00742481    -0.0413828      0.999116      0.238788
     0.999956     0.0059558   -0.00721613      -0.51801   -0.00564736        0.9991     0.0420345        2.9076    0.00745998    -0.0419919       0.99909      0.187499
     0.999957    0.00585259    -0.0072032     -0.517059   -0.00554634       0.99911      0.041825       2.90898    0.00744157    -0.0417832      0.999099      0.209025
     0.999957    0.00586673   -0.00722455       -0.5166   -0.00555882      0.999105     0.0419265        2.9053    0.00746406    -0.0418845      0.999095       0.19465
     0.999961    0.00547388    -0.0069979     -0.517889   -0.00517737      0.999116      0.041709       2.90051    0.00722003    -0.0416712      0.999105       0.18836
     0.999957    0.00554367   -0.00746451     -0.523194   -0.00522507      0.999102     0.0420459       2.90336     0.0076909     -0.042005      0.999088      0.191115
     0.999957    0.00551308   -0.00742932     -0.520447     -0.005199      0.999119     0.0416516       2.90493     0.0076524    -0.0416112      0.999105      0.188383
     0.999955    0.00549413   -0.00777412      -0.53398   -0.00516696      0.999125     0.0414962       2.89595    0.00799531    -0.0414542      0.999108      0.189591
     0.999953    0.00560518    -0.0079458     -0.541651   -0.00526762      0.999109      0.041885       2.90175    0.00817349    -0.0418412      0.999091      0.165263
     0.999952    0.00571649   -0.00801304     -0.542721   -0.00537682      0.999112     0.0417879       2.90999     0.0082448    -0.0417428      0.999094      0.190255
     0.999952    0.00574614   -0.00798053     -0.542107   -0.00540553        0.9991     0.0420649       2.90122    0.00821506    -0.0420197      0.999083      0.176474
     0.999951     0.0057313    -0.0080485     -0.545829   -0.00538912      0.999107     0.0419111       2.90987    0.00828152    -0.0418657      0.999089      0.187957
     0.999951    0.00569903   -0.00809645     -0.548664   -0.00535185      0.999092     0.0422733       2.91036    0.00833001    -0.0422279      0.999073      0.174353
     0.999955    0.00550723   -0.00774121       -0.5376   -0.00517903      0.999113     0.0417949       2.89272    0.00796452    -0.0417529      0.999096      0.181532
     0.999951    0.00564959   -0.00815396     -0.548771   -0.00530177      0.999101     0.0420647       2.90566    0.00838428    -0.0420194      0.999082       0.16325
     0.999953    0.00561518    -0.0079315     -0.540215   -0.00527856       0.99911     0.0418425       2.88223     0.0081594    -0.0417986      0.999093      0.171501
     0.999951    0.00566198   -0.00815725     -0.543141   -0.00531401      0.999101     0.0420652       2.89981    0.00838809    -0.0420198      0.999082      0.170019
     0.999952    0.00560591   -0.00797757     -0.537662     -0.005266      0.999103     0.0420087       2.89605    0.00820591    -0.0419647      0.999085      0.169479
     0.999951    0.00561767   -0.00820369     -0.546404   -0.00526601      0.999092     0.0422751       2.91284    0.00843373    -0.0422298      0.999072      0.170482
     0.999953    0.00569181    -0.0078809     -0.542223   -0.00535674      0.999107     0.0419034       2.89997    0.00811237    -0.0418592      0.999091      0.178381
      0.99995    0.00573017   -0.00821635     -0.554577   -0.00537893      0.999097     0.0421519       2.91624    0.00845047    -0.0421056      0.999077       0.18122
     0.999951    0.00568566   -0.00807687     -0.552629   -0.00534044      0.999098     0.0421385       2.90151    0.00830917    -0.0420933      0.999079       0.17897
      0.99995    0.00561918    -0.0082465     -0.558326   -0.00526308      0.999079     0.0425861       2.91165     0.0084782    -0.0425405      0.999059      0.170698
     0.999951    0.00557949   -0.00814164     -0.550011   -0.00522846      0.999082     0.0425181       2.90502     0.0083714    -0.0424735      0.999063      0.174326
      0.99995    0.00568666   -0.00823776     -0.553386   -0.00533481      0.999098     0.0421213       2.92189    0.00846986    -0.0420752      0.999079      0.191954
     0.999949    0.00568224   -0.00830548     -0.551886   -0.00532451      0.999083     0.0424775       2.91522    0.00853923    -0.0424311      0.999063      0.164207
     0.999949    0.00564595   -0.00841983     -0.554968   -0.00528442      0.999088     0.0423599       2.89696    0.00865132    -0.0423133      0.999067      0.190423
      0.99995    0.00561525   -0.00821569     -0.551777   -0.00526026      0.999078     0.0426097       2.90414    0.00844738    -0.0425643      0.999058      0.169398
     0.999948    0.00570556   -0.00840451     -0.552567   -0.00534339      0.999082     0.0425028       2.91701     0.0086393    -0.0424557      0.999061      0.187282
     0.999951    0.00552818   -0.00823108     -0.550306   -0.00517003      0.999065     0.0429154       2.91358    0.00846063    -0.0428708      0.999045      0.165589
      0.99995    0.00548834   -0.00837416     -0.558374   -0.00512803      0.999085     0.0424576       2.91153    0.00859952    -0.0424125      0.999063      0.187462
     0.999951    0.00544998   -0.00822521     -0.558675   -0.00509304       0.99907       0.04281       2.92284    0.00845088    -0.0427661      0.999049       0.15598
      0.99995     0.0054449   -0.00839166     -0.559034   -0.00508147      0.999073     0.0427372        2.9187    0.00861658    -0.0426924      0.999051      0.183366
      0.99995    0.00552723   -0.00834946     -0.559163   -0.00516369      0.999064     0.0429515       2.90741    0.00857905    -0.0429062      0.999042      0.168857
      0.99995    0.00556292   -0.00831267      -0.56223   -0.00520536      0.999086     0.0424335       2.90967    0.00854113    -0.0423881      0.999065      0.179769
     0.999948    0.00560858   -0.00848478     -0.568126   -0.00524054       0.99907     0.0427938       2.92996     0.0087169    -0.0427472      0.999048      0.167016
      0.99995    0.00564213   -0.00828579     -0.564481   -0.00528307      0.999072     0.0427352       2.93058    0.00851923    -0.0426892      0.999052      0.174337
     0.999948    0.00571864   -0.00847763     -0.567706   -0.00534948      0.999063     0.0429461       2.92854    0.00871528    -0.0428985      0.999041      0.176918
      0.99995    0.00562344   -0.00827541     -0.560834   -0.00526394      0.999068     0.0428404       2.92798    0.00850861    -0.0427947      0.999048      0.167546
     0.999945    0.00584869   -0.00865504      -0.56781   -0.00547011      0.999054     0.0431363       2.93247    0.00889915    -0.0430866      0.999032      0.186004
     0.999947    0.00587282   -0.00842381     -0.566644   -0.00550418      0.999054     0.0431364        2.9231    0.00866918    -0.0430877      0.999034      0.168011
     0.999946      0.005936   -0.00850236       -0.5761   -0.00556214      0.999045     0.0433397       2.95341     0.0087515      -0.04329      0.999024      0.173044
     0.999948    0.00588969   -0.00836375     -0.567325   -0.00552087       0.99904     0.0434565       2.93103    0.00861167     -0.043408       0.99902       0.16494
     0.999947    0.00577114    -0.0084981     -0.574985   -0.00539549      0.999035     0.0435824       2.93037    0.00874142    -0.0435342      0.999014      0.168128
     0.999949    0.00573414   -0.00832549      -0.57215   -0.00536649      0.999038     0.0435298       2.92098    0.00856709    -0.0434829      0.999017      0.167432
     0.999944    0.00602326   -0.00869367     -0.575853   -0.00563884      0.999034     0.0435846        2.9308     0.0089478    -0.0435331      0.999012      0.186959
     0.999947    0.00587438   -0.00842749     -0.573426   -0.00549999      0.999026     0.0437796       2.92334    0.00867646    -0.0437309      0.999006      0.181626
     0.999946    0.00602156    -0.0085132     -0.578448   -0.00564636      0.999041     0.0434298        2.9359    0.00876655    -0.0433794       0.99902      0.198335
     0.999946    0.00599997   -0.00844863     -0.580632     -0.005623      0.999018     0.0439573       2.93946    0.00870407    -0.0439074      0.998998      0.179236
     0.999946    0.00600412   -0.00851954     -0.581086    -0.0056253      0.999024     0.0438121       2.93808    0.00877428    -0.0437618      0.999003      0.200465
     0.999945     0.0059852   -0.00866314     -0.575877    -0.0055967      0.999007     0.0441947       2.93796    0.00891906    -0.0441438      0.998985      0.178372
     0.999943    0.00607575   -0.00877197     -0.580106   -0.00568881      0.999038     0.0434819       2.94063    0.00902772    -0.0434295      0.999016      0.195016
     0.999942    0.00616186   -0.00887744     -0.586615   -0.00576584      0.999016     0.0439644       2.93873    0.00913961    -0.0439107      0.998994      0.165293
      0.99994    0.00631307   -0.00892525     -0.591051   -0.00591692      0.999026     0.0437357        2.9432    0.00919266    -0.0436803      0.999003      0.189457
     0.999939    0.00633013   -0.00905389     -0.592525     -0.005923         0.999     0.0443075       2.94372    0.00932531    -0.0442511      0.998977      0.168417
     0.999938    0.00637388   -0.00909822     -0.592465   -0.00596907       0.99902     0.0438479       2.94661    0.00936879    -0.0437909      0.998997      0.196292
     0.999938    0.00639483   -0.00915104      -0.59978   -0.00598585      0.999012     0.0440416        2.9365    0.00942364    -0.0439841      0.998988      0.172939
     0.999939    0.00631396   -0.00906656     -0.602672   -0.00590879      0.999012     0.0440405       2.92761    0.00933567    -0.0439842      0.998989      0.189061
     0.999937    0.00633868   -0.00922427     -0.607249   -0.00592323      0.998997     0.0443897       2.93942    0.00949639    -0.0443323      0.998972      0.174455
     0.999939    0.00626536   -0.00904941     -0.599361   -0.00585832         0.999     0.0443259       2.94393    0.00931808    -0.0442702      0.998976      0.187529
     0.999936     0.0062713   -0.00937803     -0.601456   -0.00584696      0.998987     0.0446115       2.93892    0.00964831    -0.0445538       0.99896      0.179472
      0.99994    0.00618503   -0.00909046     -0.599161   -0.00577804      0.999009     0.0441352       2.93139    0.00935443      -0.04408      0.998984      0.180476
     0.999937    0.00634999   -0.00928007     -0.596172   -0.00593077      0.998991     0.0445249       2.95113    0.00955344    -0.0444671      0.998965       0.15921
     0.999939    0.00613911    -0.0092242     -0.598328   -0.00572298      0.998994     0.0444814       2.92545    0.00948799    -0.0444258      0.998968      0.183288
     0.999938    0.00622043   -0.00922137     -0.599229   -0.00580133      0.998979     0.0447982       2.93363    0.00949062    -0.0447419      0.998953      0.167968
      0.99994    0.00613454   -0.00902994     -0.596787   -0.00572548      0.998986     0.0446496       2.95095    0.00929469    -0.0445953      0.998962      0.163729
     0.999938    0.00610314   -0.00929212     -0.598862   -0.00568056      0.998978     0.0448435       2.95736    0.00955631    -0.0447879      0.998951      0.175975
     0.999941    0.00604655   -0.00904073     -0.588469   -0.00563869      0.998994     0.0444776       2.93406    0.00930057     -0.044424      0.998969      0.163881
      0.99994    0.00599982   -0.00921854      -0.59291   -0.00558373      0.998993     0.0445169       2.94947    0.00947635    -0.0444627      0.998966        0.1677
     0.999941    0.00593239   -0.00911637     -0.588574   -0.00551835      0.998981     0.0447895       2.94621    0.00937279    -0.0447365      0.998955      0.139775
     0.999938    0.00603435   -0.00936732     -0.597736   -0.00560856      0.998979     0.0448347       2.95217     0.0096283    -0.0447794       0.99895      0.165885
     0.999939    0.00610148    -0.0092441      -0.60068   -0.00567672      0.998957     0.0452989       2.96638    0.00951085    -0.0452436      0.998931      0.155342
     0.999936    0.00622201   -0.00939926      -0.60662   -0.00579216      0.998966     0.0450873       2.96557    0.00967008      -0.04503      0.998939      0.191749
     0.999937    0.00619932    -0.0093902       -0.6085   -0.00576846       0.99896     0.0452359       2.96666    0.00966087    -0.0451789      0.998932      0.175183
     0.999939    0.00611218   -0.00924062     -0.604249    -0.0056913      0.998975     0.0449067       2.96178    0.00950563    -0.0448513      0.998948      0.198041
     0.999936    0.00632015   -0.00934832     -0.605319   -0.00589179      0.998962       0.04516       2.98642    0.00962404    -0.0451021      0.998936      0.180052
     0.999937    0.00618179     -0.009362     -0.604568   -0.00575348      0.998966     0.0451056       2.96397    0.00963115    -0.0450489      0.998938      0.188534
     0.999932    0.00635189   -0.00981706     -0.616694   -0.00590094      0.998956     0.0453003       2.97284     0.0100946    -0.0452393      0.998925       0.18012
     0.999935    0.00618872   -0.00961782     -0.617986   -0.00574831      0.998963     0.0451634       2.96296    0.00988735    -0.0451052      0.998933      0.171372
     0.999931    0.00632244    -0.0099376     -0.625619   -0.00586228      0.998939     0.0456714       2.97928     0.0102158      -0.04561      0.998907      0.177892
     0.999935    0.00617042   -0.00962316     -0.615707   -0.00572583      0.998945      0.045563       2.97207    0.00989415    -0.0455049      0.998915      0.165043
     0.999933     0.0062376   -0.00971194     -0.622625   -0.00579355      0.998966     0.0450974       2.99386     0.0099832    -0.0450381      0.998935       0.17307
     0.999936    0.00611518   -0.00953083     -0.619291   -0.00567661      0.998954     0.0453825       2.99398    0.00979838    -0.0453255      0.998924      0.136245
     0.999935    0.00591994   -0.00974244     -0.623723   -0.00547257      0.998957     0.0453226       2.98163     0.0100006    -0.0452663      0.998925      0.156014
     0.999936    0.00593702   -0.00958007      -0.61799   -0.00549283      0.998938     0.0457445       2.97934    0.00984149    -0.0456889      0.998907      0.133181
     0.999936    0.00598968   -0.00960869     -0.628704   -0.00555065      0.998968     0.0450839       3.02256    0.00986881    -0.0450277      0.998937      0.143659
     0.999936    0.00597758   -0.00958607     -0.631632   -0.00553444      0.998944     0.0456053       2.99021    0.00984856    -0.0455494      0.998914      0.124477
     0.999932     0.0061195   -0.00989621      -0.63117   -0.00566361       0.99895     0.0454571       2.99099      0.010164     -0.045398      0.998917      0.152589
     0.999932    0.00597878    -0.0100143     -0.635932   -0.00551411      0.998935     0.0458018       2.98194     0.0102775    -0.0457435        0.9989       0.14047
     0.999934     0.0060476   -0.00981396     -0.632878   -0.00559852      0.998964     0.0451587        2.9778     0.0100769    -0.0451007      0.998932      0.154034
     0.999933    0.00614176   -0.00982481     -0.636667   -0.00568962      0.998953     0.0454039       2.98487     0.0100934    -0.0453449       0.99892      0.163926
     0.999934    0.00605882   -0.00976701     -0.634672   -0.00560681      0.998941     0.0456605       2.97862     0.0100333    -0.0456027      0.998909      0.169383
     0.999933    0.00607965   -0.00981952     -0.630895   -0.00562418      0.998936     0.0457637       2.97978     0.0100873    -0.0457054      0.998904      0.183926
     0.999933    0.00609082   -0.00982364     -0.627497    -0.0056335      0.998929     0.0459266       2.98618     0.0100928    -0.0458682      0.998897      0.175626
     0.999939    0.00586953   -0.00939201      -0.62204   -0.00543249      0.998931      0.045901       2.98317    0.00965139    -0.0458471      0.998902      0.163159
     0.999938    0.00590477   -0.00948489     -0.626612   -0.00546396      0.998934     0.0458474       3.00309    0.00974549    -0.0457927      0.998903       0.17541
     0.999935    0.00602693   -0.00967531     -0.629364   -0.00557537      0.998924     0.0460392       2.99364    0.00994237    -0.0459823      0.998893      0.155047
     0.999935    0.00588052   -0.00973631     -0.629515   -0.00542701      0.998928     0.0459682       2.99437    0.00999619    -0.0459124      0.998895      0.160953
     0.999932    0.00609033   -0.00991281     -0.630595   -0.00562803      0.998925     0.0460142       2.99621     0.0101824    -0.0459553      0.998892      0.159791
     0.999933    0.00610442   -0.00979402     -0.627731   -0.00565235      0.998947     0.0455392       2.99017     0.0100617    -0.0454808      0.998915      0.159988
     0.999929     0.0061547    -0.0102098     -0.636202   -0.00568849      0.998967     0.0450798       2.99705     0.0104767    -0.0450185      0.998931      0.130015
      0.99993    0.00602881    -0.0101608     -0.635579   -0.00556292      0.998959      0.045272       2.97521     0.0104232    -0.0452123      0.998923      0.113964
     0.999927      0.006212    -0.0103807     -0.639227   -0.00573543      0.998956     0.0453254       2.97887     0.0106514    -0.0452625      0.998918      0.136482
     0.999928    0.00613882    -0.0102843     -0.645033   -0.00566627      0.998954     0.0453634       2.99558      0.010552    -0.0453019      0.998918       0.12752
      0.99993    0.00607295    -0.0101413     -0.642107   -0.00561042       0.99897     0.0450304       3.00525     0.0104043    -0.0449704      0.998934      0.130194
     0.999928    0.00628192    -0.0102073     -0.639822   -0.00581484      0.998963     0.0451626       2.99857     0.0104804       -0.0451      0.998928      0.154399
     0.999925    0.00633483    -0.0104642     -0.644135   -0.00585224      0.998946     0.0455224       3.00285     0.0107415    -0.0454578      0.998909      0.137809
     0.999928    0.00628731    -0.0102188     -0.639977   -0.00581724      0.998952     0.0453975       2.99746     0.0104935    -0.0453348      0.998917      0.153857
     0.999925    0.00649769    -0.0103468     -0.642864   -0.00602373       0.99896      0.045198       3.01222     0.0106297    -0.0451323      0.998924       0.15034
     0.999927    0.00644826    -0.0102581     -0.639742   -0.00597461      0.998944     0.0455518         2.991      0.010541    -0.0454872      0.998909      0.132781
     0.999925    0.00652356    -0.0103958       -0.6424   -0.00604564      0.998953     0.0453579       2.99953     0.0106808    -0.0452916      0.998917      0.139588
     0.999921    0.00665853    -0.0106703     -0.645023   -0.00616541      0.998941     0.0455988       2.99374     0.0109626    -0.0455294      0.998903      0.153429
     0.999919    0.00666179    -0.0108373     -0.646181   -0.00615789      0.998928      0.045884        2.9997     0.0111314    -0.0458136      0.998888      0.148059
     0.999918    0.00667031    -0.0109431     -0.651294   -0.00616572      0.998945     0.0455136       2.98404     0.0112351    -0.0454424      0.998904      0.164785
     0.999915    0.00671926    -0.0111995     -0.661183   -0.00620046      0.998935     0.0457312       2.99803     0.0114948    -0.0456579      0.998891      0.143161
      0.99992    0.00660803    -0.0107502     -0.656056   -0.00610972      0.998935     0.0457436       2.99706      0.011041    -0.0456743      0.998895      0.145104
     0.999916    0.00664001    -0.0111184     -0.660979   -0.00612449      0.998933     0.0457748       3.00194     0.0114105    -0.0457029       0.99889      0.170677
     0.999913    0.00668659    -0.0113373     -0.662445   -0.00615629      0.998914     0.0461814       3.00696     0.0116338    -0.0461076      0.998869      0.169695
     0.999919    0.00656054    -0.0108978      -0.65168   -0.00605513      0.998933       0.04578       2.99836     0.0111865    -0.0457103      0.998892      0.176304
     0.999914    0.00675982     -0.011226     -0.656747   -0.00623985      0.998935     0.0457242       3.01907     0.0115231    -0.0456502      0.998891      0.176682
     0.999917    0.00672798     -0.010987     -0.651073   -0.00621578      0.998922     0.0460049       3.01153     0.0112846    -0.0459328      0.998881      0.158613
     0.999915    0.00674559    -0.0111708     -0.653058   -0.00622785      0.998933     0.0457511       2.98667     0.0114675    -0.0456776       0.99889       0.17921
     0.999914    0.00676366     -0.011225     -0.651786   -0.00624391      0.998935     0.0457095       2.98513     0.0115222    -0.0456354      0.998892      0.170732
     0.999916    0.00654776    -0.0111992     -0.651312   -0.00602622      0.998924     0.0459854       2.99752     0.0114883    -0.0459141      0.998879      0.149538
     0.999915    0.00655705    -0.0112588     -0.653459   -0.00603576      0.998936     0.0457263       2.99714     0.0115467    -0.0456544      0.998891      0.171219
     0.999912    0.00670876     -0.011416     -0.653045   -0.00617682      0.998922     0.0460092       3.00186     0.0117124    -0.0459347      0.998876      0.132459
     0.999913    0.00672576    -0.0113446     -0.650379   -0.00620031      0.998934     0.0457336       2.99761     0.0116401    -0.0456592      0.998889      0.142769
     0.999909    0.00675106    -0.0116651     -0.658711   -0.00621041      0.998932     0.0457782       2.97727     0.0119617    -0.0457016      0.998884      0.163426
     0.999906    0.00691286    -0.0118312     -0.664171   -0.00636147       0.99892     0.0460244       2.99451     0.0121366    -0.0459448       0.99887       0.16243
      0.99991    0.00685872    -0.0115349     -0.663401   -0.00632158      0.998923     0.0459752       2.99335     0.0118378    -0.0458982      0.998876      0.147591
     0.999907    0.00705566    -0.0116842     -0.662927   -0.00651125      0.998921     0.0459937       3.00034     0.0119961    -0.0459133      0.998873       0.16525
     0.999908    0.00694541     -0.011627     -0.663953   -0.00640089       0.99891      0.046232       3.02005     0.0119354    -0.0461534      0.998863      0.128612
     0.999909     0.0068239    -0.0116367     -0.664152   -0.00628104      0.998919     0.0460664       3.00367     0.0119384    -0.0459891      0.998871      0.145633
     0.999908    0.00685903     -0.011725     -0.663386   -0.00631058      0.998913     0.0461896        2.9999     0.0120291    -0.0461113      0.998864      0.136269
     0.999912    0.00674944    -0.0114107     -0.656228   -0.00621724       0.99892     0.0460496       2.98872     0.0117092    -0.0459746      0.998874      0.149272
     0.999907    0.00687369     -0.011763     -0.661902   -0.00632598      0.998922     0.0459815       3.00269     0.0120664    -0.0459029      0.998873      0.156307
     0.999912    0.00669221    -0.0114673     -0.659149   -0.00615603      0.998915     0.0461713       2.99069     0.0117638    -0.0460967      0.998868      0.152779
     0.999908    0.00670391    -0.0117562     -0.672046   -0.00615314       0.99891     0.0462755       2.98604     0.0120536    -0.0461989       0.99886      0.185373
     0.999909    0.00673479    -0.0116809     -0.677382   -0.00618437      0.998898     0.0465343       2.99453     0.0119814    -0.0464579      0.998848      0.182697
     0.999913    0.00657656    -0.0114537     -0.678532   -0.00603819      0.998904     0.0464205       2.98811     0.0117465    -0.0463473      0.998856      0.195361
     0.999906    0.00685176      -0.01188      -0.68897   -0.00629026       0.99889     0.0466735       2.98646     0.0121866    -0.0465944       0.99884      0.208462
     0.999907    0.00683073    -0.0118065     -0.698005   -0.00626906      0.998877     0.0469724       2.99299     0.0121141     -0.046894      0.998826      0.191709
     0.999903    0.00698123    -0.0120372     -0.705222   -0.00641281      0.998892     0.0466304       2.99877     0.0123494    -0.0465487       0.99884      0.207085
     0.999902    0.00717348    -0.0120633     -0.707612   -0.00659849      0.998871     0.0470464       3.00456     0.0123872    -0.0469622       0.99882      0.198724
     0.999907    0.00705237    -0.0117136     -0.709712   -0.00649838      0.998889     0.0466777       2.98826     0.0120298    -0.0465972      0.998841      0.191229
     0.999902     0.0071411    -0.0120768     -0.716148   -0.00656489      0.998869     0.0470969       2.99662     0.0123994     -0.047013      0.998817      0.205513
     0.999903    0.00709584    -0.0119589     -0.708341   -0.00652245      0.998858     0.0473219       2.98766     0.0122811    -0.0472393      0.998808      0.195909
     0.999906    0.00700257    -0.0118265     -0.706724   -0.00644451      0.998894     0.0465842       2.99149     0.0121396    -0.0465036      0.998844      0.206141
     0.999903    0.00699262    -0.0120556     -0.710221   -0.00641997      0.998879     0.0469025       2.96667       0.01237    -0.0468205      0.998827      0.183838
     0.999905    0.00694247    -0.0118965      -0.70495   -0.00637987      0.998889     0.0466935       2.95297     0.0122075    -0.0466132      0.998838      0.184082
     0.999904    0.00697961    -0.0120102     -0.707835   -0.00641422      0.998898     0.0464877       2.97076     0.0123214    -0.0464062      0.998847      0.192904
     0.999905    0.00691465    -0.0119286     -0.705162   -0.00634805      0.998879     0.0468997       2.96148     0.0122395    -0.0468195      0.998828       0.17593
     0.999901    0.00705758    -0.0122114      -0.71801   -0.00648328        0.9989     0.0464465       2.95366     0.0125258    -0.0463627      0.998846      0.199201
       0.9999     0.0071308    -0.0121749     -0.719859   -0.00655648      0.998893     0.0465777       2.96769     0.0124936    -0.0464933       0.99884      0.208409
     0.999904    0.00698745    -0.0119451      -0.71469   -0.00642286       0.99889     0.0466669       2.98368      0.012258    -0.0465857      0.998839      0.202823
     0.999905    0.00689394    -0.0119262     -0.724573   -0.00633139      0.998894     0.0465808       2.96324     0.0122341    -0.0465008      0.998843      0.253557
     0.999905    0.00702736    -0.0118695     -0.739825   -0.00644883      0.998822     0.0480955       3.05133     0.0121935    -0.0480144      0.998772      0.238829
     0.999898    0.00741987    -0.0121955     -0.759055   -0.00682757      0.998828     0.0479113       2.99198     0.0125367    -0.0478231      0.998777        0.2369
     0.999897    0.00750873     -0.012269     -0.766301   -0.00690906      0.998813     0.0482088        3.0193     0.0126164     -0.048119      0.998762      0.229789
     0.999896    0.00765674    -0.0122023     -0.766989   -0.00706085      0.998815     0.0481505       3.03019     0.0125565    -0.0480593      0.998766      0.209703
     0.999896    0.00779083    -0.0121383     -0.767553   -0.00719921      0.998819     0.0480435       3.02769     0.0124983    -0.0479511      0.998771      0.190273
     0.999891    0.00808144    -0.0123873     -0.776316   -0.00747763      0.998817     0.0480392       3.04668     0.0127608    -0.0479413      0.998769      0.213433
     0.999888    0.00824427    -0.0124652     -0.783948   -0.00763785      0.998821     0.0479385       3.05811     0.0128457     -0.047838      0.998773       0.19163
     0.999888    0.00821693    -0.0125414       -0.7884   -0.00761554      0.998853     0.0472695       3.02544     0.0129154    -0.0471687      0.998803      0.180832
     0.999882    0.00837148    -0.0129023     -0.790889   -0.00774761      0.998833     0.0476678       3.03894     0.0132863    -0.0475622       0.99878      0.183736
     0.999882    0.00841433     -0.012817     -0.797263   -0.00779608      0.998839     0.0475461       3.05567     0.0132021    -0.0474406      0.998787      0.181802
     0.999884    0.00839177    -0.0126876     -0.797971   -0.00778325      0.998852     0.0472738       3.06071     0.0130697    -0.0471696      0.998801      0.202216
     0.999881     0.0085339    -0.0128537     -0.802713   -0.00791971      0.998859     0.0470988       3.07415      0.013241    -0.0469914      0.998808      0.182094
     0.999881     0.0086835    -0.0127645     -0.800411   -0.00807403       0.99886     0.0470472       3.07974     0.0131585    -0.0469385      0.998811      0.169494
     0.999875     0.0088229    -0.0130836      -0.80637   -0.00819861       0.99886     0.0470243       3.07045     0.0134836    -0.0469112      0.998808      0.169869
     0.999873    0.00885871    -0.0132529     -0.805815   -0.00822454      0.998853     0.0471639       3.07245     0.0136555    -0.0470489      0.998799      0.164719
      0.99988    0.00882356    -0.0127092     -0.793751   -0.00821902      0.998868     0.0468588       3.06905     0.0131082    -0.0467487      0.998821      0.180591
     0.999878    0.00884762    -0.0128721     -0.804507   -0.00823701      0.998873     0.0467405       3.08816     0.0132711    -0.0466288      0.998824      0.157699
     0.999884    0.00873178    -0.0124402     -0.799392   -0.00814547      0.998889     0.0464256       3.05599     0.0128318    -0.0463189      0.998844       0.15164
      0.99988     0.0089644    -0.0125958     -0.796491   -0.00836629      0.998871     0.0467611       3.07138     0.0130008    -0.0466501      0.998827      0.145349
     0.999881    0.00907263    -0.0124471     -0.802732   -0.00848466      0.998882     0.0465032       3.07623     0.0128551    -0.0463921      0.998841      0.146712
     0.999877    0.00919516    -0.0127097     -0.813203   -0.00859844      0.998894     0.0462328       3.08684     0.0131207    -0.0461178       0.99885      0.171668
     0.999876    0.00929429    -0.0126942     -0.818763   -0.00869255      0.998873     0.0466618       3.08255     0.0131136    -0.0465457       0.99883      0.141007
     0.999876    0.00924324    -0.0127438     -0.816499   -0.00864069      0.998878     0.0465525       3.08936     0.0131598    -0.0464366      0.998835      0.154252
     0.999875     0.0093865    -0.0127342     -0.809816   -0.00877923      0.998859     0.0469344       3.09824     0.0131602    -0.0468167      0.998817      0.149633
     0.999882    0.00902562    -0.0123986      -0.81253   -0.00844092      0.998886     0.0464279       3.09561     0.0128039    -0.0463178      0.998845      0.135594
     0.999876     0.0092136    -0.0127718     -0.820327     -0.008606      0.998865     0.0468386       3.10518     0.0131889    -0.0467229      0.998821      0.126805
     0.999877    0.00924455    -0.0126429     -0.818584     -0.008641      0.998858     0.0469867       3.09222     0.0130629    -0.0468716      0.998816       0.13885
     0.999876    0.00925436    -0.0127603     -0.836394   -0.00864989      0.998874     0.0466385       3.12899     0.0131776    -0.0465224       0.99883      0.143883
     0.999874    0.00930684    -0.0128668     -0.835858    -0.0086936      0.998861     0.0469219       3.11776     0.0132888    -0.0468041      0.998816      0.145121
     0.999876    0.00929822    -0.0127323     -0.829962   -0.00869314      0.998867     0.0467807        3.1062     0.0131528    -0.0466642      0.998824      0.156624
     0.999872    0.00932807    -0.0129938     -0.836198   -0.00870955      0.998863     0.0468702       3.11401     0.0134163    -0.0467511      0.998816      0.168889
     0.999876      0.009222    -0.0127806     -0.840911   -0.00861344      0.998863     0.0468789       3.11366     0.0131984     -0.046763      0.998819      0.142554
     0.999872    0.00932363     -0.013033     -0.847325    -0.0087048      0.998868     0.0467577       3.11013     0.0134542    -0.0466383      0.998821      0.166423
     0.999871    0.00936706    -0.0130805     -0.852838   -0.00874124      0.998852     0.0471076        3.1084     0.0135068    -0.0469872      0.998804       0.16143
     0.999871     0.0094113     -0.013014     -0.840305   -0.00878931      0.998854      0.047052        3.0972     0.0134419    -0.0469316      0.998808      0.182014
     0.999868    0.00944219    -0.0132409     -0.844333   -0.00880916      0.998852     0.0470779       3.11297     0.0136702     -0.046955      0.998803      0.195622
     0.999867    0.00941792    -0.0132843     -0.848066   -0.00878194      0.998849     0.0471471        3.0955     0.0137131    -0.0470242        0.9988      0.180263
     0.999864    0.00954241    -0.0134218     -0.846894   -0.00890382      0.998862     0.0468596       3.09704     0.0138537    -0.0467338      0.998811      0.201358
     0.999863    0.00956252    -0.0134916     -0.849922   -0.00891627      0.998847     0.0471737       3.10777     0.0139271     -0.047047      0.998796      0.174155
     0.999862    0.00958979    -0.0135817     -0.857906   -0.00894018       0.99885     0.0471085       3.10249     0.0140178    -0.0469806      0.998797      0.185392
     0.999861    0.00971476     -0.013586     -0.854978   -0.00905854      0.998828     0.0475559       3.08667      0.014032    -0.0474262      0.998776      0.191308
     0.999863    0.00977561    -0.0133772     -0.851552   -0.00913677      0.998853     0.0470111       3.10565     0.0138214    -0.0468824      0.998805       0.20955
     0.999859    0.00986545    -0.0135814     -0.855585   -0.00921274      0.998838     0.0473102       3.11439     0.0140324    -0.0471785      0.998788      0.188892
