# 3dvolreg matrices (DICOM-to-DICOM, row-by-row):
     0.999959     0.0077749   -0.00472993     -0.602101   -0.00767349      0.999748     0.0210926        1.3373    0.00489273    -0.0210555      0.999766      -1.91029
     0.999958    0.00786211   -0.00474198     -0.603779   -0.00776076      0.999749     0.0210249        1.3441    0.00490609    -0.0209872      0.999768      -1.88762
     0.999961    0.00768501   -0.00443686     -0.596824   -0.00759087      0.999754     0.0208566       1.32038    0.00459605    -0.0208221      0.999773      -1.88874
     0.999959    0.00774633   -0.00462328     -0.600056   -0.00764795      0.999752     0.0209305       1.33275    0.00478427    -0.0208942       0.99977      -1.89513
      0.99996    0.00773007   -0.00458277     -0.601067   -0.00763368      0.999757     0.0206911       1.34289     0.0047416    -0.0206553      0.999775      -1.87729
     0.999961      0.007657   -0.00435841     -0.593728   -0.00756464      0.999754     0.0208264       1.33252    0.00451681    -0.0207926      0.999774      -1.90181
      0.99996    0.00773235   -0.00441137     -0.597869   -0.00763946      0.999757     0.0206986       1.34633    0.00457034     -0.020664      0.999776       -1.8911
     0.999963    0.00751386   -0.00406799     -0.589091   -0.00742708      0.999753     0.0209421       1.32073    0.00422434    -0.0209111      0.999772      -1.88534
     0.999962    0.00762772   -0.00413958     -0.589095   -0.00753909      0.999751     0.0210199       1.33203    0.00429888    -0.0209879       0.99977      -1.88502
     0.999965    0.00732123   -0.00396761     -0.586263   -0.00723711      0.999757     0.0208163        1.3303    0.00411905    -0.0207869      0.999775      -1.88359
     0.999963    0.00746983   -0.00419136      -0.58649   -0.00737934      0.999748     0.0212036       1.33886    0.00434869    -0.0211719      0.999766      -1.89082
     0.999965      0.007327   -0.00403809     -0.580935   -0.00724065      0.999753     0.0209992       1.34111    0.00419096    -0.0209692      0.999771      -1.87964
     0.999964     0.0074313   -0.00406135       -0.5787   -0.00734328      0.999747     0.0212747       1.32578    0.00421842    -0.0212442      0.999765      -1.89213
     0.999964     0.0073853   -0.00412151     -0.580528   -0.00729746      0.999754     0.0209371       1.34218    0.00427512    -0.0209063      0.999772      -1.87068
     0.999964    0.00736763   -0.00412249     -0.579767    -0.0072776      0.999744     0.0214443       1.34081    0.00427943    -0.0214135      0.999762      -1.89721
     0.999963    0.00742467   -0.00431389     -0.588423   -0.00733076      0.999744     0.0213916       1.35023    0.00447161    -0.0213592      0.999762      -1.87468
     0.999964    0.00742023   -0.00417291     -0.581085   -0.00733017      0.999748     0.0211982       1.33774    0.00432916    -0.0211669      0.999767      -1.87443
     0.999963    0.00750562   -0.00429988     -0.584158   -0.00741112      0.999739     0.0215879       1.33394    0.00446079    -0.0215552      0.999758       -1.8943
     0.999963    0.00749434   -0.00428049     -0.581694   -0.00740231      0.999749     0.0211252       1.34962    0.00443773    -0.0210927      0.999768      -1.86946
     0.999963      0.007407   -0.00437042     -0.584524     -0.007311       0.99974     0.0215861       1.35762    0.00452917    -0.0215534      0.999757      -1.90355
     0.999962    0.00741194    -0.0045819      -0.59521   -0.00731052      0.999736     0.0217675       1.34995    0.00474203    -0.0217332      0.999753      -1.88877
     0.999964    0.00727429   -0.00436996     -0.589616   -0.00717876      0.999743     0.0214919        1.3399    0.00452517    -0.0214597      0.999759      -1.89345
     0.999962    0.00740327    -0.0046905     -0.595275   -0.00729875      0.999733     0.0219231       1.34161    0.00485155     -0.021888      0.999749      -1.91873
     0.999963    0.00727859   -0.00462255     -0.581916   -0.00717564      0.999734     0.0219107       1.34555     0.0047808    -0.0218767      0.999749      -1.90621
     0.999963    0.00723511   -0.00464244     -0.577828   -0.00713071       0.99973     0.0221241       1.33519    0.00480126    -0.0220902      0.999744      -1.92334
     0.999962    0.00732049    -0.0047064     -0.581969   -0.00721631      0.999737     0.0217841       1.34566    0.00486463    -0.0217493      0.999752      -1.89222
     0.999962     0.0074334   -0.00464837     -0.590805   -0.00732956      0.999732     0.0219699       1.34415    0.00481043    -0.0219349      0.999748       -1.9074
     0.999959    0.00758265   -0.00487466     -0.600933   -0.00747408      0.999732     0.0219176       1.34705    0.00503954    -0.0218803      0.999748      -1.88523
     0.999961    0.00757364   -0.00463902     -0.601844   -0.00747062      0.999734     0.0218371       1.35354    0.00480317    -0.0218016      0.999751      -1.89006
     0.999957     0.0078064   -0.00491584     -0.603789   -0.00769518      0.999723     0.0222503       1.34165    0.00508818    -0.0222115       0.99974       -1.9096
     0.999958    0.00770688   -0.00504899     -0.610695   -0.00759457      0.999731     0.0218974       1.34203    0.00521639    -0.0218582      0.999747      -1.88682
     0.999957       0.00776   -0.00512599     -0.612126    -0.0076427      0.999717     0.0225206        1.3526     0.0052993    -0.0224805      0.999733      -1.91291
     0.999954    0.00789726   -0.00550081     -0.621474   -0.00777057      0.999712     0.0226847       1.36261    0.00567838    -0.0226409      0.999728      -1.89311
     0.999955    0.00779847   -0.00547985     -0.619819   -0.00767223      0.999713      0.022693       1.35216    0.00565525      -0.02265      0.999727      -1.90462
     0.999952    0.00797732   -0.00565315     -0.622502   -0.00784589      0.999707     0.0229016       1.35752    0.00583419    -0.0228562      0.999722      -1.90162
     0.999953     0.0079124   -0.00563012     -0.624774   -0.00778335      0.999715     0.0225848       1.34247    0.00580721    -0.0225399      0.999729      -1.89011
     0.999949    0.00810607   -0.00599627     -0.630467   -0.00796641      0.999705     0.0229598       1.34791    0.00618061    -0.0229108      0.999718      -1.91104
     0.999949    0.00810617   -0.00603074     -0.635076   -0.00796526      0.999703     0.0230336       1.36609    0.00621566    -0.0229844      0.999717      -1.89068
     0.999948    0.00826064   -0.00605082     -0.638408   -0.00811815      0.999698     0.0232071        1.3586     0.0062407    -0.0231567      0.999712       -1.9142
     0.999948    0.00806602   -0.00617364     -0.636824   -0.00792211      0.999704     0.0229889       1.35513    0.00635724    -0.0229388      0.999717      -1.89486
     0.999947    0.00822918   -0.00625369     -0.627679   -0.00808054      0.999693     0.0234326       1.35309     0.0064446    -0.0233808      0.999706      -1.91715
     0.999946    0.00821838   -0.00638504     -0.630404   -0.00806883        0.9997     0.0231061       1.34846    0.00657302    -0.0230533      0.999713      -1.90159
     0.999949    0.00802243   -0.00619009     -0.630173   -0.00787634      0.999698     0.0232743       1.35932    0.00637494    -0.0232244       0.99971      -1.92554
     0.999946    0.00819992   -0.00634815     -0.631913   -0.00804979      0.999696     0.0233233       1.35073    0.00653746     -0.023271      0.999708      -1.91699
     0.999948    0.00800666   -0.00625021     -0.622535   -0.00785995      0.999701     0.0231544       1.36369    0.00643373    -0.0231041      0.999712      -1.91026
     0.999947    0.00814044   -0.00635721     -0.627363   -0.00799005      0.999696     0.0233341       1.36388    0.00654522    -0.0232821      0.999708      -1.91735
     0.999946    0.00823132   -0.00640751     -0.630767   -0.00808295      0.999706     0.0228473       1.37874    0.00659369    -0.0227943      0.999718      -1.88245
     0.999947    0.00818035    -0.0063228     -0.632045   -0.00803019      0.999693     0.0234196       1.38227    0.00651244    -0.0233675      0.999706      -1.90281
     0.999944    0.00829888   -0.00650315     -0.638784   -0.00814347      0.999689      0.023571       1.37853    0.00669674    -0.0235167      0.999701      -1.89245
     0.999946    0.00823229   -0.00638109      -0.64042   -0.00808014      0.999691     0.0235147       1.36259    0.00657269    -0.0234618      0.999703       -1.9108
     0.999942    0.00846545   -0.00671559     -0.644232   -0.00830253      0.999679     0.0239274       1.37979      0.006916    -0.0238702      0.999691      -1.90756
     0.999943    0.00840173    -0.0066039      -0.64279   -0.00824439       0.99969     0.0235014       1.38752    0.00679931    -0.0234456      0.999702      -1.89299
      0.99994    0.00853221    -0.0068322     -0.653259   -0.00836543      0.999675     0.0240784       1.39703    0.00703542    -0.0240198      0.999687      -1.93321
     0.999939    0.00859357   -0.00693579     -0.651033   -0.00842408      0.999674     0.0241067       1.38776    0.00714069    -0.0240468      0.999685      -1.89591
      0.99994    0.00849597   -0.00689125     -0.657665   -0.00832556      0.999668     0.0243911       1.39097    0.00709618    -0.0243323      0.999679      -1.91494
     0.999937    0.00871223   -0.00704712     -0.657545   -0.00853611       0.99966     0.0246471       1.41664    0.00725946    -0.0245854      0.999671      -1.89777
     0.999941    0.00848241   -0.00680914     -0.657041   -0.00831548      0.999673     0.0241814        1.4095    0.00701203    -0.0241233      0.999684      -1.88772
     0.999941     0.0084757   -0.00683162     -0.662016   -0.00830525      0.999663     0.0246041       1.41958    0.00703786    -0.0245459      0.999674      -1.90527
     0.999938     0.0086467   -0.00702752     -0.668952   -0.00847292      0.999667     0.0243936       1.41973     0.0072361    -0.0243325      0.999678      -1.88865
     0.999938    0.00862258   -0.00702425     -0.672425    -0.0084471      0.999661     0.0246398       1.40952    0.00723433     -0.024579      0.999672      -1.91238
     0.999938     0.0085716   -0.00705281     -0.671741   -0.00839424      0.999657     0.0248047       1.40812    0.00726301     -0.024744      0.999667      -1.90456
     0.999941    0.00843446   -0.00688891     -0.673292   -0.00826413      0.999668     0.0243913       1.40505    0.00709235    -0.0243329      0.999679      -1.90645
      0.99994    0.00842629   -0.00703653      -0.68674   -0.00824953      0.999659     0.0247832        1.4219    0.00724296    -0.0247237      0.999668      -1.92681
      0.99994    0.00835951   -0.00710791     -0.686501   -0.00818207      0.999663     0.0246366       1.42467    0.00731146     -0.024577      0.999671      -1.89607
     0.999941     0.0083684   -0.00698472     -0.683817    -0.0081928      0.999659     0.0248016       1.41613    0.00718989    -0.0247429      0.999668       -1.9205
     0.999939    0.00841235   -0.00719179     -0.686065   -0.00823028      0.999654     0.0249817       1.42372    0.00739946     -0.024921      0.999662      -1.90515
     0.999942    0.00831026   -0.00686932     -0.678847    -0.0081385      0.999663      0.024664       1.41657    0.00707197    -0.0246067      0.999672      -1.91556
      0.99994    0.00837288   -0.00702654     -0.679071   -0.00819403      0.999651     0.0251076       1.43129    0.00723431    -0.0250485       0.99966      -1.89921
     0.999942    0.00825084   -0.00690455     -0.681341   -0.00807505      0.999652     0.0251114       1.42526    0.00710933    -0.0250541      0.999661      -1.91507
     0.999938     0.0084158   -0.00732575     -0.688539   -0.00822812      0.999646     0.0252822       1.42666    0.00753593    -0.0252203      0.999654      -1.91321
      0.99994    0.00832884   -0.00718034     -0.679338   -0.00814592      0.999651     0.0251387       1.41688    0.00738721    -0.0250787      0.999658       -1.9039
     0.999939    0.00839166   -0.00721863     -0.683558   -0.00820509      0.999641     0.0254983       1.41944    0.00743001    -0.0254375      0.999649      -1.93217
      0.99994    0.00828461   -0.00720419     -0.680708   -0.00810164      0.999653     0.0250674       1.42726    0.00740936    -0.0250076       0.99966      -1.91285
     0.999938    0.00844266   -0.00732346      -0.68214   -0.00825357      0.999641      0.025476       1.43653    0.00753592     -0.025414      0.999649      -1.94122
     0.999937    0.00842642   -0.00747973     -0.681964   -0.00823313      0.999641     0.0255061       1.43332    0.00769197    -0.0254429      0.999647      -1.92301
     0.999938    0.00839925   -0.00733803     -0.680668   -0.00820981      0.999642     0.0254749       1.42797    0.00754938    -0.0254131      0.999649      -1.92686
     0.999934    0.00868896   -0.00754067      -0.68848   -0.00849292      0.999635     0.0256512       1.44486     0.0077608    -0.0255854      0.999643      -1.90722
     0.999935    0.00873198   -0.00735124     -0.683065   -0.00854209      0.999639     0.0254772        1.4412    0.00757105    -0.0254128      0.999648      -1.89995
     0.999933     0.0087772   -0.00752984     -0.682888   -0.00857996      0.999629     0.0258389       1.45574    0.00775384    -0.0257725      0.999638      -1.91881
     0.999933    0.00867176   -0.00761966     -0.688103   -0.00847418      0.999637     0.0255914       1.46495    0.00783881    -0.0255251      0.999643      -1.90338
     0.999931     0.0088231   -0.00775874     -0.689447   -0.00861875      0.999625     0.0259892       1.45168    0.00798514    -0.0259205      0.999632      -1.92545
      0.99993    0.00891394   -0.00784217     -0.690896   -0.00870729      0.999624     0.0260017       1.46025      0.008071    -0.0259316      0.999631      -1.90622
     0.999931     0.0088864   -0.00772573     -0.693529   -0.00868507      0.999632     0.0257135       1.44877    0.00795139    -0.0256446      0.999639      -1.91627
     0.999928    0.00911904   -0.00786227     -0.693837   -0.00891242      0.999624     0.0259271       1.45489    0.00809574    -0.0258551      0.999633      -1.92305
     0.999929    0.00897493   -0.00785825     -0.697599   -0.00876924      0.999628     0.0258292        1.4499    0.00808714    -0.0257584      0.999635      -1.90865
     0.999925    0.00916792   -0.00816572     -0.700613    -0.0089506      0.999615     0.0262646        1.4322    0.00840337    -0.0261895      0.999622       -1.9243
     0.999923    0.00921761   -0.00832736      -0.70566   -0.00899814      0.999621     0.0260192         1.441    0.00856404    -0.0259423      0.999627      -1.89796
     0.999922    0.00923176    -0.0083931     -0.706812   -0.00900692       0.99961      0.026442       1.44222    0.00863393    -0.0263643      0.999615      -1.91552
     0.999921    0.00933446   -0.00847259     -0.713222   -0.00910933      0.999614     0.0262316       1.45487    0.00871418    -0.0261523       0.99962      -1.90021
     0.999923    0.00909803   -0.00840144     -0.708092   -0.00887207      0.999608     0.0265524       1.45086    0.00863972    -0.0264758      0.999612      -1.91947
      0.99992     0.0091933   -0.00869142     -0.719392   -0.00895876      0.999605     0.0266498       1.45218    0.00893298    -0.0265698      0.999607      -1.91509
     0.999919     0.0091174   -0.00887089     -0.727422   -0.00888014      0.999611      0.026428       1.44314     0.0091084    -0.0263471      0.999611      -1.89837
     0.999911    0.00939823   -0.00949981     -0.738797   -0.00913926      0.999595     0.0269452       1.42211     0.0097492    -0.0268559      0.999592      -1.91871
     0.999907    0.00947355   -0.00983635     -0.746572   -0.00921011      0.999607     0.0264911       1.42963     0.0100834    -0.0263981      0.999601      -1.89527
     0.999906    0.00945696   -0.00989453     -0.754751   -0.00918849      0.999598     0.0268351       1.44223     0.0101443    -0.0267417      0.999591      -1.92594
     0.999908    0.00941807   -0.00976745     -0.753473   -0.00915015       0.99959     0.0271202       1.44564     0.0100189    -0.0270283      0.999584      -1.90796
     0.999909    0.00934575   -0.00969472     -0.750597      -0.00908      0.999591      0.027103       1.43887    0.00994405    -0.0270125      0.999586      -1.90712
     0.999905    0.00945944   -0.00998863     -0.754867   -0.00918207      0.999581      0.027459       1.44537     0.0102442    -0.0273647      0.999573      -1.90704
     0.999906    0.00936891   -0.00998112     -0.754585   -0.00909702      0.999595     0.0269468       1.43869     0.0102295    -0.0268535      0.999587      -1.89529
     0.999911    0.00908813   -0.00972913     -0.748077   -0.00881218      0.999568     0.0280395       1.46182    0.00997975    -0.0279512      0.999559      -1.92741
     0.999916    0.00890779   -0.00939149     -0.723815   -0.00863673      0.999556     0.0285183       1.45309    0.00964136    -0.0284348      0.999549      -1.86598
     0.999921    0.00857444   -0.00921007     -0.710173   -0.00830198      0.999538     0.0292248       1.47023    0.00945641     -0.029146       0.99953      -1.89545
     0.999914    0.00886271   -0.00964103     -0.717096   -0.00857775      0.999537     0.0292076       1.46227    0.00989542    -0.0291224      0.999527      -1.87243
     0.999915    0.00889824   -0.00949347     -0.708118   -0.00861723      0.999535     0.0292415       1.46025    0.00974926    -0.0291572      0.999527      -1.87828
     0.999913    0.00898275   -0.00968897      -0.71343    -0.0086954      0.999533     0.0293026       1.47179    0.00994766    -0.0292158      0.999524      -1.87785
     0.999911     0.0090374   -0.00978617     -0.723748   -0.00874878      0.999537     0.0291446       1.46757      0.010045    -0.0290564      0.999527       -1.8839
     0.999907    0.00927399    -0.0100371     -0.732481   -0.00897745      0.999533     0.0291967       1.48097     0.0103032    -0.0291039      0.999523      -1.90525
     0.999903    0.00929787    -0.0103828     -0.743592   -0.00899215      0.999536     0.0291136       1.47771     0.0106487    -0.0290174      0.999522      -1.89746
     0.999906    0.00913591    -0.0101825     -0.743828   -0.00883272      0.999528      0.029433       1.48768     0.0104466    -0.0293403      0.999515      -1.91763
     0.999909    0.00897359    -0.0100367     -0.749226   -0.00867776      0.999538     0.0291395       1.47607     0.0102936    -0.0290498      0.999525      -1.90174
     0.999912    0.00873134   -0.00995936     -0.742684    -0.0084347      0.999531     0.0294478       1.47693     0.0102118    -0.0293613      0.999517      -1.91458
     0.999909    0.00890414    -0.0101758      -0.75037   -0.00859976      0.999526     0.0295738       1.48241     0.0104343    -0.0294836      0.999511      -1.92051
     0.999913    0.00860748     -0.010044     -0.743405   -0.00830896      0.999533     0.0293936       1.48341     0.0102924    -0.0293076      0.999517      -1.90771
     0.999913     0.0086041    -0.0100445     -0.740731   -0.00829813      0.999512     0.0301153       1.47741     0.0102987    -0.0300293      0.999496      -1.93167
      0.99991    0.00859265     -0.010294     -0.742083   -0.00828405      0.999526     0.0296549       1.48306     0.0105439    -0.0295669      0.999507      -1.91677
     0.999912    0.00853676    -0.0101311     -0.741211   -0.00823163      0.999522     0.0297878       1.50129     0.0103805    -0.0297018      0.999505      -1.95282
     0.999911    0.00853128    -0.0102694     -0.748368    -0.0082237      0.999527     0.0296288       1.49171     0.0105173    -0.0295417      0.999508      -1.93784
     0.999913    0.00842864     -0.010164     -0.747213   -0.00812202      0.999522     0.0298402       1.47768     0.0104106     -0.029755      0.999503      -1.96318
     0.999908    0.00865137    -0.0104691      -0.76064   -0.00833564       0.99952     0.0298348       1.48296     0.0107222    -0.0297448        0.9995      -1.93228
     0.999913    0.00853816    -0.0100885     -0.761037   -0.00823352       0.99952     0.0298616       1.49326     0.0103386    -0.0297759      0.999503       -1.9299
     0.999915    0.00844776   -0.00995555     -0.767887   -0.00814511      0.999515     0.0300578       1.50677     0.0102046    -0.0299742      0.999499      -1.93418
     0.999917    0.00831878   -0.00984574      -0.76377   -0.00801893      0.999514     0.0301124       1.51484     0.0100915    -0.0300309      0.999498      -1.94268
     0.999915    0.00837204    -0.0099943     -0.761983   -0.00806659      0.999511     0.0302212        1.5177     0.0102424     -0.030138      0.999493      -1.94481
     0.999915    0.00831295    -0.0100073     -0.762682   -0.00800866      0.999516     0.0300723       1.50712     0.0102525    -0.0299896      0.999498      -1.94321
     0.999915    0.00845149   -0.00991435      -0.76046   -0.00814867      0.999511     0.0301966       1.52776     0.0101647    -0.0301132      0.999495      -1.95794
     0.999912    0.00856909    -0.0101332     -0.765898   -0.00826151      0.999515     0.0300156       1.52521     0.0103855    -0.0299292      0.999498      -1.94616
     0.999915     0.0084069   -0.00995192     -0.764342   -0.00810239      0.999509      0.030252        1.5175     0.0102014    -0.0301688      0.999493      -1.94949
     0.999914    0.00851632    -0.0100135     -0.764482   -0.00820785      0.999502     0.0304532       1.51584     0.0102678    -0.0303684      0.999486      -1.95723
     0.999916    0.00841644   -0.00989891     -0.760602   -0.00811273      0.999507      0.030332       1.52349     0.0101493    -0.0302491      0.999491      -1.96163
     0.999913    0.00845786    -0.0101284     -0.758884   -0.00814283      0.999494     0.0307505       1.51988     0.0103834    -0.0306653      0.999476      -1.98056
      0.99991    0.00846516    -0.0104094     -0.762097   -0.00814623      0.999507      0.030308       1.51417     0.0106609    -0.0302205      0.999486      -1.96879
     0.999911    0.00845769    -0.0103472     -0.759882   -0.00813822        0.9995     0.0305375       1.53549     0.0106003    -0.0304505       0.99948      -1.99836
     0.999907    0.00853987    -0.0106755     -0.771438   -0.00821136      0.999503     0.0304461        1.5153     0.0109302    -0.0303556      0.999479      -1.97972
     0.999909    0.00841837    -0.0105262     -0.773072   -0.00809541      0.999506     0.0303561       1.50922     0.0107766    -0.0302682      0.999484      -1.98544
     0.999906    0.00866238    -0.0106644     -0.776221   -0.00833161      0.999495     0.0306791       1.53032     0.0109247    -0.0305873      0.999472      -1.97168
     0.999909    0.00858691    -0.0104065      -0.77449   -0.00826624      0.999501     0.0304751       1.52343     0.0106629    -0.0303863      0.999481      -1.95933
     0.999908    0.00859025    -0.0105309     -0.778671   -0.00826184       0.99949     0.0308413       1.53881     0.0107905    -0.0307514      0.999469      -1.99121
     0.999908    0.00840236     -0.010615     -0.782303    -0.0080711      0.999491     0.0308735       1.55126      0.010869     -0.030785      0.999467      -1.97988
     0.999908    0.00839774    -0.0106173     -0.774462   -0.00806327      0.999482      0.031162        1.5383     0.0108735    -0.0310735      0.999458      -2.01088
     0.999904    0.00851955     -0.010916     -0.787752   -0.00817552       0.99948     0.0311826       1.54374     0.0111759    -0.0310904      0.999454      -1.98844
     0.999908    0.00828519    -0.0107184     -0.787797   -0.00795212      0.999495     0.0307527       1.52749     0.0109677    -0.0306647       0.99947      -1.98733
     0.999904    0.00848426     -0.010912     -0.794941   -0.00814282      0.999487     0.0309628       1.55641     0.0111691     -0.030871      0.999461      -1.98306
     0.999909    0.00840606    -0.0105925     -0.789776   -0.00807506      0.999489     0.0309132       1.53666      0.010847    -0.0308248      0.999466      -1.95473
     0.999909    0.00845012     -0.010516     -0.790575   -0.00811828       0.99948     0.0312077       1.54808     0.0107742    -0.0311195      0.999458       -1.9705
     0.999909    0.00848194    -0.0105243     -0.786089   -0.00814942      0.999479     0.0312453       1.56856     0.0107839    -0.0311567      0.999456      -1.94931
      0.99991    0.00836845    -0.0105179     -0.787789   -0.00803111      0.999465     0.0317164       1.55434     0.0107776    -0.0316291      0.999442      -1.97031
      0.99991    0.00835934    -0.0105407     -0.787326   -0.00802434      0.999474     0.0314338        1.5736     0.0107979    -0.0313464       0.99945      -1.95023
     0.999916    0.00806366    -0.0101816     -0.781058   -0.00773463      0.999459     0.0319526       1.58141     0.0104338    -0.0318711      0.999438      -1.96886
     0.999913    0.00817762    -0.0103627     -0.783445   -0.00784241      0.999458     0.0319863       1.56199     0.0106186    -0.0319023      0.999435      -1.95054
     0.999914    0.00803139    -0.0103573     -0.787111   -0.00769731      0.999461     0.0319018       1.56639     0.0106079    -0.0318193      0.999437      -1.95827
     0.999913    0.00809069    -0.0104112     -0.788052    -0.0077516      0.999451     0.0322075       1.55741      0.010666     -0.032124      0.999427      -1.95527
     0.999912    0.00810916    -0.0105402     -0.787689   -0.00777092      0.999466     0.0317451       1.57997      0.010792    -0.0316604       0.99944      -1.94263
     0.999913    0.00813051    -0.0104305     -0.786699   -0.00779053       0.99945     0.0322317       1.58335     0.0106868    -0.0321476      0.999426      -1.96877
     0.999912    0.00813599    -0.0104988     -0.790441   -0.00779486      0.999453     0.0321335        1.5786     0.0107545    -0.0320488      0.999428       -1.9549
     0.999913    0.00811122    -0.0104093      -0.77909   -0.00777538      0.999461     0.0319081       1.56944     0.0106625    -0.0318244      0.999437      -1.95427
     0.999908    0.00834858    -0.0107125     -0.787056    -0.0080016      0.999455     0.0320342       1.57904     0.0109741    -0.0319455      0.999429      -1.95939
     0.999908      0.008209    -0.0107802     -0.793734   -0.00786296      0.999465     0.0317593       1.57493     0.0110352    -0.0316716      0.999437      -1.95026
     0.999909    0.00832857    -0.0106089     -0.791114    -0.0079822      0.999447     0.0322828       1.56679     0.0108719    -0.0321952      0.999422      -1.96695
     0.999908    0.00837691    -0.0107035     -0.793751   -0.00803031      0.999455     0.0320251       1.56998     0.0109659    -0.0319362       0.99943      -1.93829
     0.999913     0.0080797     -0.010458     -0.790261   -0.00773868       0.99945     0.0322486       1.57664     0.0107128    -0.0321648      0.999425      -1.95267
     0.999911    0.00819694    -0.0105093     -0.788306   -0.00785208      0.999443     0.0324463       1.57496     0.0107694    -0.0323609      0.999418      -1.93373
     0.999914    0.00803423    -0.0103225     -0.780378   -0.00770015      0.999458     0.0320072       1.57461      0.010574     -0.031925      0.999434      -1.92845
     0.999913    0.00806793    -0.0104789     -0.787112   -0.00772312      0.999441     0.0325389       1.58115     0.0107355    -0.0324551      0.999416      -1.95345
     0.999913    0.00796369    -0.0105277     -0.787077   -0.00762086      0.999452     0.0322137       1.56548     0.0107785    -0.0321307      0.999426      -1.91505
     0.999913    0.00795647    -0.0104814     -0.782413   -0.00761314      0.999446     0.0323981       1.56648     0.0107334    -0.0323155       0.99942      -1.94488
     0.999913    0.00794497    -0.0105425     -0.781704   -0.00760004      0.999447     0.0323645       1.57169     0.0107938    -0.0322815      0.999421      -1.91565
     0.999916    0.00777528    -0.0103783     -0.771339   -0.00743464      0.999445     0.0324663       1.56194      0.010625    -0.0323864      0.999419       -1.9166
     0.999913    0.00783061    -0.0105944     -0.773216   -0.00748307      0.999445     0.0324554       1.58612     0.0108427    -0.0323733      0.999417      -1.91363
     0.999919    0.00764712    -0.0101887     -0.771392   -0.00731399       0.99945     0.0323418       1.55695     0.0104304    -0.0322647      0.999425      -1.88587
     0.999917    0.00765543    -0.0103303     -0.775007   -0.00731528      0.999443     0.0325732       1.54895      0.010574    -0.0324949      0.999416      -1.86532
      0.99992    0.00747424    -0.0101962      -0.77496   -0.00713743       0.99944      0.032678       1.54405     0.0104347    -0.0326026      0.999414      -1.84234
     0.999918    0.00764155    -0.0102723     -0.784404   -0.00729659      0.999422     0.0332093       1.55414     0.0105201    -0.0331316      0.999396      -1.84815
     0.999916    0.00778225    -0.0103551     -0.785666   -0.00743789      0.999431     0.0328882       1.56339     0.0106052    -0.0328084      0.999405      -1.82455
     0.999917    0.00772733    -0.0103302     -0.793479   -0.00737982      0.999419     0.0332653       1.58586     0.0105812    -0.0331863      0.999393      -1.85775
     0.999917    0.00771888     -0.010283     -0.788496   -0.00737516      0.999426     0.0330552       1.58625     0.0105322    -0.0329766      0.999401      -1.83187
      0.99992    0.00756967    -0.0101482     -0.789804   -0.00722709      0.999417     0.0333794       1.56733     0.0103949    -0.0333034      0.999391      -1.85813
     0.999914    0.00783418    -0.0104907     -0.794365   -0.00747921      0.999412     0.0334585        1.5715     0.0107466    -0.0333771      0.999385      -1.85063
     0.999918    0.00775494    -0.0101664      -0.79087   -0.00741507      0.999426     0.0330528       1.56914     0.0104169    -0.0329747      0.999402      -1.84395
     0.999918    0.00771628    -0.0102494     -0.794277   -0.00736987      0.999414     0.0334162       1.57502     0.0105013    -0.0333379      0.999389      -1.88399
     0.999918    0.00773159    -0.0101767     -0.789672   -0.00738847      0.999417     0.0333324       1.56407     0.0104285    -0.0332545      0.999393      -1.85986
     0.999919    0.00760587    -0.0101745     -0.787629   -0.00725987      0.999408     0.0336221       1.56365     0.0104242    -0.0335455      0.999383      -1.87887
     0.999915    0.00779032    -0.0104093     -0.791725   -0.00743656      0.999408     0.0336021       1.57788     0.0106649    -0.0335219      0.999381      -1.85984
     0.999916    0.00766981    -0.0104075     -0.798673   -0.00732078      0.999423     0.0331704       1.55258     0.0106559    -0.0330914      0.999396      -1.86542
     0.999915    0.00769131    -0.0105061     -0.805529   -0.00733393      0.999407     0.0336415       1.56994     0.0107587    -0.0335616      0.999379      -1.88191
     0.999917    0.00765855    -0.0103187     -0.797673   -0.00730981      0.999415      0.033421       1.57163     0.0105687    -0.0333428      0.999388       -1.8589
     0.999917    0.00771585    -0.0103551     -0.797195   -0.00736098      0.999399     0.0338813       1.56555     0.0106103    -0.0338022      0.999372      -1.88232
     0.999912     0.0079217    -0.0105992     -0.799828   -0.00755924        0.9994     0.0338112       1.57419     0.0108607    -0.0337281      0.999372      -1.87015
     0.999917    0.00766546    -0.0103587     -0.795369   -0.00730848      0.999393     0.0340711       1.57235     0.0106135    -0.0339926      0.999366      -1.88729
      0.99992    0.00751096    -0.0101372     -0.791545   -0.00716048       0.99939     0.0341774       1.59295     0.0103877    -0.0341021      0.999364       -1.8671
     0.999926    0.00735155   -0.00969055     -0.766466   -0.00700702      0.999359     0.0351204       1.59712    0.00994252    -0.0350499      0.999336      -1.86906
     0.999921    0.00751059    -0.0101147     -0.774419   -0.00714611      0.999341     0.0356013       1.60721     0.0103754    -0.0355262      0.999315      -1.87914
     0.999923    0.00739745   -0.00998844     -0.767481   -0.00704037      0.999351     0.0353232        1.6051     0.0102433    -0.0352502      0.999326      -1.88107
      0.99992    0.00753006    -0.0101815     -0.768723   -0.00716303       0.99934      0.035617       1.61195      0.010443    -0.0355412      0.999314      -1.87865
     0.999918    0.00750533    -0.0103913     -0.775941   -0.00713308      0.999347     0.0354083       1.62558     0.0106503    -0.0353312      0.999319       -1.8798
     0.999915     0.0076417    -0.0105261     -0.780007   -0.00726153      0.999336     0.0356934       1.61011     0.0107919     -0.035614      0.999307      -1.89829
     0.999912    0.00776257    -0.0107134     -0.783354   -0.00738285      0.999359     0.0350394       1.59718     0.0109785    -0.0349572      0.999329      -1.86648
     0.999912    0.00790116    -0.0106154     -0.783349   -0.00752234       0.99935     0.0352638       1.58998     0.0108871    -0.0351809      0.999322      -1.87496
     0.999912    0.00791621    -0.0106697     -0.785327   -0.00753859       0.99936     0.0349793       1.60142     0.0109397    -0.0348958      0.999331      -1.86797
     0.999922    0.00744303    -0.0100675      -0.76722   -0.00708375      0.999353      0.035263       1.60039     0.0103235    -0.0351889      0.999327        -1.894
     0.999915    0.00760558    -0.0106016     -0.778338   -0.00722573      0.999346     0.0354187       1.60059      0.010864    -0.0353391      0.999316      -1.89676
     0.999916    0.00754526    -0.0105233       -0.7733   -0.00716942      0.999351      0.035307         1.585     0.0107828    -0.0352286      0.999321      -1.87758
     0.999915    0.00759943    -0.0106035     -0.779199   -0.00721761       0.99934     0.0355943       1.59839      0.010867    -0.0355147       0.99931      -1.89762
     0.999912    0.00763477     -0.010823     -0.782455   -0.00724798      0.999349     0.0353377       1.61401     0.0110858    -0.0352561      0.999317      -1.88057
     0.999913    0.00759345    -0.0107781      -0.77803   -0.00720312      0.999333     0.0358042       1.61814     0.0110427    -0.0357235      0.999301      -1.89959
     0.999911    0.00761513    -0.0109113     -0.787662   -0.00722077      0.999335     0.0357374       1.61586     0.0111762    -0.0356555      0.999302      -1.89426
     0.999912    0.00757777    -0.0108523     -0.790175   -0.00718742      0.999341      0.035567       1.60436     0.0111147    -0.0354859      0.999308      -1.89268
     0.999908    0.00786289    -0.0110866     -0.802209   -0.00746034      0.999328     0.0358954       1.61816     0.0113614    -0.0358093      0.999294      -1.89036
     0.999909    0.00782452     -0.010981     -0.797212   -0.00743019      0.999342     0.0355028       1.60475     0.0112516     -0.035418      0.999309      -1.87912
      0.99991    0.00771871    -0.0109373     -0.803691   -0.00731844      0.999319     0.0361757       1.62594     0.0112091    -0.0360924      0.999286      -1.91211
     0.999911    0.00765316    -0.0109382     -0.808548   -0.00725206      0.999316     0.0362508       1.61924     0.0112082    -0.0361682      0.999283      -1.89419
     0.999911    0.00770688    -0.0109275     -0.798167   -0.00730365      0.999308     0.0364723       1.62368      0.011201    -0.0363893      0.999275      -1.90817
     0.999909    0.00769457    -0.0110604     -0.799723   -0.00728799      0.999313     0.0363419       1.62952     0.0113324     -0.036258      0.999278      -1.89219
     0.999915     0.0075123    -0.0106944     -0.799343   -0.00712215      0.999324     0.0360644       1.61841     0.0109581    -0.0359851      0.999292      -1.90197
      0.99991    0.00765879    -0.0110163     -0.809829   -0.00725243      0.999309     0.0364654       1.63598     0.0112879    -0.0363822      0.999274      -1.90992
     0.999911    0.00756023    -0.0109476     -0.809476   -0.00715768      0.999313     0.0363546       1.62365     0.0112149     -0.036273      0.999279      -1.89057
      0.99991    0.00764674    -0.0110128     -0.810499   -0.00723836      0.999302     0.0366565       1.62911     0.0112854    -0.0365735      0.999267      -1.90867
     0.999909    0.00764579    -0.0111051     -0.805609   -0.00723636      0.999309     0.0364521       1.62104     0.0113761    -0.0363685      0.999274      -1.88214
      0.99991     0.0075862    -0.0110666       -0.8014   -0.00717662      0.999305     0.0365923       1.61888     0.0113365    -0.0365096      0.999269      -1.90089
     0.999906    0.00773619    -0.0112941     -0.804168   -0.00732272      0.999318     0.0362023       1.63374     0.0115665    -0.0361162      0.999281      -1.86318
     0.999908    0.00763655    -0.0112005     -0.807685   -0.00722238      0.999305      0.036564       1.61172     0.0114719    -0.0364797      0.999269      -1.89112
     0.999903    0.00779476    -0.0115326     -0.813594   -0.00736789      0.999303     0.0366052       1.62171     0.0118099    -0.0365166      0.999263      -1.88251
     0.999905    0.00775149     -0.011393     -0.804291   -0.00732656      0.999293     0.0368777       1.60059     0.0116708    -0.0367907      0.999255      -1.89636
     0.999903    0.00777312    -0.0115715     -0.806595    -0.0073391      0.999285     0.0370893       1.62705     0.0118515    -0.0370008      0.999245      -1.88631
     0.999906    0.00769185    -0.0113547     -0.798947   -0.00726858      0.999294     0.0368589       1.61702     0.0116302    -0.0367729      0.999256       -1.8872
     0.999903    0.00774173      -0.01154     -0.803839   -0.00731064      0.999291     0.0369418       1.63706     0.0118178    -0.0368538      0.999251      -1.90253
     0.999908    0.00747786    -0.0112813     -0.795832   -0.00705741      0.999296     0.0368597       1.61058      0.011549    -0.0367767      0.999257      -1.89242
     0.999904     0.0076266    -0.0115571     -0.801805   -0.00719211      0.999283     0.0371809       1.60883     0.0118324    -0.0370942      0.999242      -1.89727
     0.999908    0.00739563    -0.0113745     -0.798287   -0.00696836      0.999285     0.0371551       1.61998     0.0116412    -0.0370725      0.999245      -1.89376
     0.999909    0.00732243    -0.0113416     -0.792489   -0.00688924      0.999263     0.0377747       1.61628     0.0116098    -0.0376931      0.999222      -1.91432
     0.999909    0.00721815    -0.0113633     -0.792389    -0.0067887      0.999278     0.0373877        1.6402      0.011625    -0.0373072      0.999236      -1.88862
     0.999909    0.00725388    -0.0113327     -0.792656   -0.00681828      0.999254     0.0380141       1.64281        0.0116    -0.0379334      0.999213      -1.92219
     0.999911    0.00714634    -0.0112484     -0.785659   -0.00671725      0.999265     0.0377337       1.62722     0.0115098    -0.0376548      0.999225      -1.89285
     0.999913    0.00694099     -0.011236     -0.778848   -0.00650823      0.999253     0.0381044       1.62891     0.0114921     -0.038028      0.999211      -1.92414
     0.999912    0.00686844     -0.011361     -0.776243   -0.00643537      0.999267     0.0377263       1.62733     0.0116118    -0.0376499      0.999224      -1.89946
     0.999914    0.00678069    -0.0111844     -0.772725   -0.00635151      0.999259     0.0379724       1.63547     0.0114336    -0.0378982      0.999216       -1.9197
     0.999914    0.00682222    -0.0112032     -0.776284   -0.00639195      0.999257     0.0380031       1.65526     0.0114542    -0.0379282      0.999215      -1.90152
     0.999916    0.00671854     -0.011092     -0.774782   -0.00629207      0.999256     0.0380456       1.63883     0.0113394    -0.0379726      0.999214      -1.91072
