# 3dvolreg matrices (DICOM-to-DICOM, row-by-row):
            1   0.000458217   -0.00049445    -0.0149215  -0.000458245             1  -5.63804e-05   -0.00316915   0.000494425   5.66069e-05             1     0.0011336
            1   0.000358179  -0.000365833    -0.0087554  -0.000358176             1   7.80134e-06    -0.0042295   0.000365836  -7.67031e-06             1    -0.0045311
            1  -5.91438e-11    1.0561e-10   4.07243e-09   5.91438e-11             1  -1.33964e-10   1.81422e-09   -1.0561e-10   1.33964e-10             1   5.19649e-09
            1  -9.80129e-05  -1.17819e-05     0.0012136   9.80103e-05             1  -0.000222682   -0.00684786   1.18037e-05   0.000222681             1     0.0246303
            1  -6.10445e-05  -0.000173287      0.002197   6.10151e-05             1  -0.000169301   -0.00517026   0.000173297    0.00016929             1    0.00626064
            1  -1.66581e-05  -4.55367e-05    0.00560213   1.66313e-05             1  -0.000587907    -0.0115016   4.55464e-05   0.000587907             1     0.0410447
            1   -0.00019802  -1.18256e-05    0.00897206   0.000198018             1  -0.000145156     0.0143377   1.18543e-05   0.000145154             1     0.0249785
            1  -0.000548205   0.000357373      0.013743   0.000548274             1  -0.000192849    0.00389565  -0.000357267   0.000193045             1     0.0440242
            1  -0.000494383   0.000446205     0.0216207   0.000494459             1  -0.000169904    0.00342032  -0.000446121   0.000170124             1     0.0628859
            1  -0.000439157   0.000401085     0.0187881   0.000439123             1   8.43539e-05    0.00119227  -0.000401122  -8.41778e-05             1     0.0601961
            1  -0.000574876   0.000424761     0.0221922   0.000574967             1  -0.000214383     0.0155154  -0.000424638   0.000214627             1     0.0718427
            1  -0.000614812   0.000451314     0.0195247   0.000614844             1  -7.04762e-05    0.00182962  -0.000451271   7.07537e-05             1     0.0593754
            1  -0.000719442    0.00034507     0.0220584   0.000719616             1  -0.000505539   -0.00142265  -0.000344706   0.000505787             1     0.0755808
            1  -0.000579612   0.000517293      0.026417   0.000579624             1  -2.37276e-05    0.00807718  -0.000517279   2.40274e-05             1     0.0653152
            1  -0.000726793    0.00066724     0.0218759   0.000726906             1  -0.000169793    0.00677939  -0.000667116   0.000170278             1     0.0990313
            1  -0.000430028   0.000479263     0.0171721   0.000430206             1  -0.000372006    -0.0185974  -0.000479103   0.000372212             1      0.115254
     0.999999  -0.000767152   0.000845986     0.0201975   0.000767926      0.999999  -0.000915962    -0.0152396  -0.000845283   0.000916611      0.999999      0.102746
     0.999999  -0.000876119   0.000656447     0.0194065   0.000876921      0.999999   -0.00122209    -0.0090614  -0.000655376    0.00122266      0.999999      0.113701
     0.999999   -0.00107365    0.00044997     0.0179802    0.00107412      0.999999   -0.00104551    -0.0240413  -0.000448847    0.00104599      0.999999      0.104219
     0.999999   -0.00111158   0.000563142     0.0198782    0.00111219      0.999999   -0.00107999    -0.0076123  -0.000561941    0.00108062      0.999999      0.135253
     0.999999   -0.00114434   0.000547552     0.0219746    0.00114475      0.999999  -0.000743164    0.00891212  -0.000546701   0.000743791             1      0.121279
     0.999999   -0.00139706   0.000614854     0.0262592    0.00139748      0.999999   -0.00069159     0.0096648  -0.000613887   0.000692449             1      0.118999
     0.999999   -0.00122812   0.000528812     0.0256342    0.00122846      0.999999  -0.000645259     0.0220424  -0.000528019   0.000645908             1       0.13768
     0.999999   -0.00117986   0.000435528     0.0233314    0.00118005      0.999999    -0.0004451    0.00215421  -0.000435003   0.000445614             1      0.131743
     0.999999   -0.00113229   0.000580861     0.0296674    0.00113285      0.999999  -0.000975388    0.00766113  -0.000579756   0.000976045      0.999999      0.157415
     0.999999   -0.00102552    0.00045505     0.0240003    0.00102592      0.999999  -0.000877666     0.0131084   -0.00045415   0.000878132             1      0.141683
     0.999999   -0.00110718   0.000500464     0.0206724    0.00110768      0.999999  -0.000986401    -0.0108645  -0.000499371   0.000986954      0.999999      0.164619
     0.999999  -0.000939426   0.000377034     0.0149409   0.000939769      0.999999  -0.000909679   -0.00233174  -0.000376179   0.000910033             1      0.159543
     0.999999   -0.00101934   0.000495021    0.00827539    0.00101972      0.999999  -0.000772719     0.0107166  -0.000494233   0.000773223             1      0.162166
            1  -0.000877272   0.000431959    0.00587694   0.000877515      0.999999  -0.000562496     0.0218842  -0.000431465   0.000562874             1      0.178053
            1  -0.000847034   0.000285779    0.00242442   0.000847144             1  -0.000384605     0.0194085  -0.000285453   0.000384847             1      0.158667
            1   -0.00091057   0.000270414    -0.0055304   0.000910692      0.999999  -0.000453179     0.0135141  -0.000270002   0.000453425             1      0.176032
            1   -0.00092687   0.000181097   -0.00924139   0.000926881             1  -5.72157e-05     0.0187928  -0.000181044   5.73835e-05             1      0.157187
     0.999999   -0.00111029   0.000178191   -0.00476043    0.00111031      0.999999  -0.000118347     0.0397397   -0.00017806   0.000118545             1      0.172586
     0.999999   -0.00102453   0.000238831   0.000444031    0.00102452      0.999999    5.6791e-05     0.0326592  -0.000238889  -5.65462e-05             1      0.158233
     0.999999   -0.00115765   0.000322252    0.00423407    0.00115766      0.999999  -2.27576e-05     0.0326752  -0.000322225   2.31306e-05             1      0.175699
     0.999999   -0.00102037   0.000247957    0.00518137    0.00102039      0.999999  -0.000117673     0.0296392  -0.000247836   0.000117926             1      0.176597
     0.999999   -0.00100284   0.000345704    0.00758013    0.00100299      0.999999  -0.000434051     0.0165438  -0.000345269   0.000434397             1      0.182458
            1  -0.000795867   0.000108655   -0.00111508   0.000795895             1  -0.000257576     0.0449938   -0.00010845   0.000257662             1      0.156527
            1  -0.000472053  -4.74423e-06    -0.0151417    0.00047205             1  -0.000486865     0.0410869   4.97406e-06   0.000486863             1      0.176212
            1  -0.000194078  -0.000327281    -0.0273596   0.000194018             1  -0.000183928     0.0571157   0.000327317   0.000183864             1      0.176764
            1  -0.000163509  -0.000262621    -0.0280634   0.000163391             1  -0.000450542     0.0508552   0.000262695   0.000450499             1      0.178647
            1  -9.00423e-05   -0.00043008    -0.0303904   8.97919e-05             1  -0.000582295     0.0595282   0.000430132   0.000582256             1      0.170665
            1  -0.000228455  -0.000284786    -0.0312982   0.000228295             1  -0.000561573     0.0762143   0.000284915   0.000561508             1      0.160085
            1  -0.000305617  -0.000426655     -0.036349    0.00030529             1  -0.000765461     0.0728117   0.000426889    0.00076533             1      0.183573
            1  -0.000243205  -0.000493744      -0.04054   0.000242882             1  -0.000654958     0.0751016   0.000493903   0.000654838             1      0.162169
            1  -0.000455018  -0.000364094    -0.0437772    0.00045468      0.999999   -0.00092745     0.0809201   0.000364516   0.000927284             1      0.190091
            1  -0.000305673   -0.00030507    -0.0389039   0.000305478             1  -0.000639418     0.0663832   0.000305265   0.000639325             1      0.186756
            1   -0.00044527  -0.000260705    -0.0355087   0.000445072             1  -0.000759028     0.0718161   0.000261043   0.000758912             1      0.209754
            1  -0.000293738  -0.000436214    -0.0397762   0.000293556             1  -0.000416218     0.0790367   0.000436336   0.000416089             1      0.178168
            1  -0.000410064  -0.000318704    -0.0374242   0.000409938             1  -0.000396354      0.082435   0.000318867   0.000396223             1      0.196952
            1  -0.000183132  -0.000453032    -0.0462423   0.000182941             1  -0.000423699     0.0555459   0.000453109   0.000423616             1      0.178774
            1  -0.000328788  -0.000276248    -0.0440504    0.00032862             1  -0.000608039     0.0835904   0.000276448   0.000607949             1      0.193616
            1  -0.000329521  -0.000243675    -0.0426665   0.000329423             1  -0.000402066     0.0680448   0.000243808   0.000401985             1       0.19346
            1  -0.000277781  -0.000363195    -0.0388584   0.000277524             1  -0.000707635     0.0786656   0.000363392   0.000707534             1      0.204021
            1  -0.000155128  -0.000476871     -0.041849   0.000154896             1  -0.000488056     0.0811685   0.000476947   0.000487982             1      0.168992
            1  -0.000287441  -0.000419409     -0.043315   0.000287277             1  -0.000393014     0.0845769   0.000419522   0.000392893             1      0.197203
            1  -0.000136873  -0.000405374    -0.0408559     0.0001368             1  -0.000180587     0.0689551   0.000405399   0.000180532             1      0.194084
            1  -0.000301986  -0.000351975     -0.044529   0.000301933             1  -0.000152383     0.0885916   0.000352021   0.000152277             1      0.207098
            1   -0.00014754  -0.000293484     -0.044308   0.000147558             1   6.26594e-05     0.0791706   0.000293474  -6.27027e-05             1      0.193797
            1  -0.000159528  -0.000318461    -0.0427559   0.000159423             1  -0.000328801     0.0922383   0.000318514   0.000328751             1      0.212969
            1  -6.86571e-05  -0.000411546    -0.0492368   6.86059e-05             1  -0.000124295     0.0984814   0.000411555   0.000124267             1      0.201993
            1  -9.90777e-05   -0.00050011    -0.0490087   9.89497e-05             1  -0.000256124     0.0969133   0.000500136   0.000256074             1      0.221166
            1  -9.04277e-06  -0.000529633    -0.0569613   8.99589e-06             1  -8.85303e-05      0.103008   0.000529634   8.85255e-05             1      0.205653
            1  -2.46957e-05  -0.000567761    -0.0596254    2.4538e-05             1  -0.000277796      0.107605   0.000567768   0.000277782             1      0.223797
            1   0.000202592  -0.000573945    -0.0688193  -0.000202567             1   4.37755e-05      0.101615   0.000573954  -4.36592e-05             1      0.215766
            1   0.000250734  -0.000759339    -0.0735141  -0.000250927             1  -0.000253886      0.115009   0.000759275   0.000254076             1      0.225304
            1   0.000386009  -0.000793474    -0.0731872  -0.000385984             1     3.194e-05       0.11653   0.000793486  -3.16337e-05             1      0.187156
            1   0.000269167  -0.000900223    -0.0796092   -0.00026925             1  -9.29185e-05      0.122524   0.000900198   9.31609e-05             1      0.205756
            1   0.000304092  -0.000949581    -0.0786988  -0.000303962             1   0.000137765      0.104515   0.000949623  -0.000137476             1       0.19569
            1   0.000273296  -0.000861457    -0.0782565  -0.000273356             1  -6.88479e-05      0.115159   0.000861438   6.90833e-05             1      0.214367
            1   0.000318085  -0.000551126    -0.0714387  -0.000317996             1   0.000163265      0.107889   0.000551178   -0.00016309             1      0.176872
            1   0.000160847  -0.000637337    -0.0748151  -0.000160683             1   0.000256891       0.11784   0.000637379  -0.000256789             1      0.206403
            1   0.000412387  -0.000715374    -0.0775788  -0.000411737             1    0.00090908      0.122825   0.000715748  -0.000908786      0.999999      0.178296
            1   0.000111957  -0.000731092    -0.0836634  -0.000111451             1   0.000692519      0.122888   0.000731169  -0.000692437      0.999999      0.201555
     0.999999   0.000289221   -0.00102383    -0.0893992  -0.000288284             1   0.000914687      0.121227    0.00102409  -0.000914391      0.999999      0.178366
     0.999999   0.000246054   -0.00113874    -0.0974301  -0.000245201             1   0.000749294      0.133374    0.00113892  -0.000749015      0.999999      0.201289
     0.999999   2.07834e-05   -0.00121287     -0.102398  -1.86909e-05      0.999999    0.00172522      0.142826     0.0012129   -0.00172519      0.999998      0.185583
     0.999999  -3.85648e-05   -0.00102053    -0.0933443   4.01377e-05      0.999999    0.00154129      0.140791    0.00102047   -0.00154133      0.999998      0.204273
     0.999999   9.63411e-05   -0.00115213    -0.0982387  -9.43902e-05      0.999999    0.00169324      0.154398    0.00115229   -0.00169313      0.999998      0.194094
     0.999999  -1.11277e-05   -0.00104605    -0.0992735   1.28181e-05      0.999999      0.001616      0.147313    0.00104603   -0.00161601      0.999998      0.189443
     0.999999  -5.09419e-05   -0.00108073     -0.104761   5.25379e-05      0.999999    0.00147681      0.138937    0.00108065   -0.00147686      0.999998      0.192884
            1   1.28848e-05  -0.000911743     -0.109538  -1.15349e-05      0.999999    0.00148058      0.151509   0.000911761   -0.00148057      0.999998      0.209579
     0.999999   0.000290453   -0.00111813     -0.122111  -0.000288796      0.999999    0.00148239      0.162898    0.00111856   -0.00148207      0.999998      0.217507
     0.999999   0.000394614   -0.00096329     -0.125522   -0.00039332      0.999999    0.00134346      0.144004   0.000963819   -0.00134308      0.999999      0.232115
     0.999999   0.000702984   -0.00104938     -0.133329  -0.000701255      0.999998    0.00164669      0.142063    0.00105053   -0.00164596      0.999998      0.207971
     0.999999   0.000698448   -0.00105477     -0.147935  -0.000696747      0.999998    0.00161164      0.174006     0.0010559   -0.00161091      0.999998      0.226237
     0.999999   0.000893733   -0.00123451     -0.158732  -0.000891318      0.999998    0.00195562       0.18758    0.00123626   -0.00195452      0.999997      0.195155
     0.999999   0.000791629    -0.0010672     -0.163883   -0.00078974      0.999998     0.0017693       0.18794     0.0010686   -0.00176846      0.999998      0.228235
     0.999999   0.000740818   -0.00104462     -0.163007  -0.000738692      0.999998    0.00203376       0.18918    0.00104613   -0.00203299      0.999997      0.214726
     0.999999   0.000599637   -0.00105053     -0.165093  -0.000597828      0.999998    0.00172147      0.202077    0.00105156   -0.00172084      0.999998      0.222633
     0.999999   0.000484555   -0.00106768     -0.175259    -0.0004827      0.999998    0.00173691      0.187676    0.00106852    -0.0017364      0.999998      0.220145
     0.999999   0.000639435   -0.00103268     -0.173717  -0.000637617      0.999998    0.00176052      0.187955    0.00103381   -0.00175986      0.999998      0.237179
     0.999999   0.000497167  -0.000892842     -0.173869   -0.00049556      0.999998    0.00179866      0.194832   0.000893735   -0.00179822      0.999998      0.230491
     0.999999   0.000765688   -0.00109995     -0.178013  -0.000763707      0.999998    0.00180097      0.208493    0.00110133   -0.00180013      0.999998      0.222031
     0.999999   0.000641544  -0.000881019     -0.172907  -0.000640237      0.999999    0.00148403      0.203137   0.000881969   -0.00148347      0.999999      0.240609
     0.999998    0.00106825   -0.00137882     -0.180031   -0.00106539      0.999997    0.00207153      0.226818    0.00138103   -0.00207005      0.999997      0.235576
     0.999998    0.00120621   -0.00143246     -0.190198    -0.0012025      0.999996    0.00258918      0.256032    0.00143558   -0.00258746      0.999996      0.222307
     0.999998    0.00134914   -0.00151951     -0.192491   -0.00134478      0.999995    0.00287204      0.252936    0.00152337   -0.00286999      0.999995      0.230186
     0.999998    0.00135997   -0.00151888     -0.198509   -0.00135562      0.999995    0.00286311        0.2603    0.00152276   -0.00286104      0.999995      0.243276
     0.999997    0.00161867   -0.00166515     -0.199765   -0.00161335      0.999994    0.00319201      0.274726     0.0016703   -0.00318932      0.999994      0.251541
     0.999998    0.00142941   -0.00142338     -0.199058   -0.00142503      0.999994    0.00307712      0.281146    0.00142777   -0.00307508      0.999994      0.256047
     0.999998    0.00143139   -0.00157311     -0.202735   -0.00142653      0.999994    0.00308926      0.307734    0.00157752   -0.00308701      0.999994      0.245465
     0.999998    0.00132454   -0.00138579      -0.20133   -0.00132027      0.999994    0.00307938      0.290334    0.00138986   -0.00307754      0.999994      0.259765
     0.999998    0.00142959   -0.00145029     -0.201495    -0.0014247      0.999993    0.00336697      0.267623     0.0014551    -0.0033649      0.999993      0.242138
     0.999998    0.00127154   -0.00149934     -0.200962   -0.00126654      0.999994    0.00332753      0.302042    0.00150356   -0.00332562      0.999993      0.266442
     0.999998    0.00126559   -0.00130934     -0.196493    -0.0012605      0.999992    0.00388339      0.301068    0.00131424   -0.00388174      0.999992      0.250938
     0.999999    0.00105719    -0.0012961     -0.195563   -0.00105284      0.999994    0.00335513      0.311928    0.00129964   -0.00335376      0.999994      0.274171
     0.999998    0.00114952    -0.0013974     -0.197859    -0.0011443      0.999992    0.00373013      0.330901    0.00140168   -0.00372852      0.999992      0.243301
     0.999998    0.00109641    -0.0014123     -0.199064   -0.00109155      0.999994    0.00343259      0.339912    0.00141606   -0.00343104      0.999993      0.268499
     0.999998    0.00128689   -0.00142357     -0.196386   -0.00128167      0.999992     0.0036601      0.331874    0.00142827   -0.00365827      0.999992      0.255469
     0.999998    0.00131489   -0.00140719     -0.202998   -0.00130991      0.999993    0.00352973      0.363815    0.00141182   -0.00352788      0.999993      0.273173
     0.999998    0.00123123    -0.0014703      -0.20343   -0.00122604      0.999993    0.00352073      0.349078    0.00147462   -0.00351892      0.999993      0.262877
     0.999998    0.00116138   -0.00145844     -0.207001   -0.00115655      0.999994    0.00330625      0.371013    0.00146227   -0.00330456      0.999993      0.280256
     0.999998    0.00118145   -0.00141306     -0.216712   -0.00117611      0.999992    0.00377177      0.387384     0.0014175    -0.0037701      0.999992      0.263395
     0.999998    0.00125464   -0.00153252     -0.222401   -0.00124901      0.999992    0.00367076      0.386089    0.00153711   -0.00366883      0.999992      0.298892
     0.999998    0.00143583   -0.00169906     -0.225105   -0.00142903      0.999991    0.00399649      0.415543    0.00170478   -0.00399405      0.999991      0.284277
     0.999998    0.00130771   -0.00163371     -0.224514   -0.00130078       0.99999    0.00423403      0.430103    0.00163923   -0.00423189       0.99999      0.300009
     0.999998    0.00140131   -0.00167583     -0.221994   -0.00139332      0.999988     0.0047592      0.423519    0.00168248   -0.00475686      0.999987      0.283483
     0.999997    0.00156938   -0.00182048     -0.220609   -0.00156125      0.999989    0.00445599      0.455561    0.00182745   -0.00445313      0.999988      0.303758
     0.999997    0.00146377   -0.00183576     -0.226223   -0.00145488      0.999987    0.00483536      0.439665    0.00184282   -0.00483268      0.999987      0.278866
     0.999997    0.00130803   -0.00182817     -0.226393   -0.00129941      0.999988     0.0047072      0.459658    0.00183431   -0.00470482      0.999987      0.284482
     0.999998    0.00127414   -0.00183238     -0.226536   -0.00126533      0.999988    0.00480022      0.440444    0.00183848   -0.00479789      0.999987      0.281673
     0.999998    0.00116227     -0.001761     -0.225738   -0.00115365      0.999987    0.00488846      0.449426    0.00176666   -0.00488642      0.999987      0.294501
     0.999999    0.00101943   -0.00134066     -0.206748   -0.00101317      0.999989    0.00466202      0.432341     0.0013454   -0.00466066      0.999988      0.293305
     0.999999    0.00101346   -0.00139464      -0.20627    -0.0010067      0.999988    0.00484111      0.453499    0.00139953    -0.0048397      0.999987      0.285755
     0.999999   0.000956567   -0.00140205     -0.215676  -0.000949719      0.999988    0.00487699      0.468795     0.0014067   -0.00487565      0.999987      0.289801
     0.999998    0.00109463   -0.00180513     -0.224821   -0.00108575      0.999987    0.00491276      0.464416    0.00181048   -0.00491079      0.999986      0.257715
     0.999997    0.00123895    -0.0019611     -0.226757   -0.00122913      0.999987    0.00500062      0.476023    0.00196727    -0.0049982      0.999986      0.285382
     0.999997    0.00142665   -0.00204837     -0.236288   -0.00141565      0.999985    0.00536346      0.488202    0.00205599   -0.00536055      0.999984      0.257596
     0.999997    0.00136201   -0.00212984     -0.245074   -0.00135065      0.999985    0.00532493      0.508794    0.00213706   -0.00532204      0.999984      0.288082
     0.999997    0.00128347   -0.00204675     -0.238895    -0.0012713      0.999982    0.00593404      0.510715    0.00205433   -0.00593142       0.99998      0.259211
     0.999997    0.00133662   -0.00213665      -0.25003   -0.00132382      0.999981    0.00598115      0.532707    0.00214461    -0.0059783       0.99998      0.293037
     0.999998     0.0013027   -0.00178909     -0.233176   -0.00129187      0.999981    0.00604239      0.519897    0.00179693   -0.00604007       0.99998      0.277682
     0.999997    0.00143026   -0.00194816     -0.238391   -0.00141828       0.99998    0.00613783      0.535267     0.0019569   -0.00613505      0.999979      0.300957
     0.999997    0.00146894    -0.0020911     -0.240869   -0.00145594       0.99998    0.00620571      0.534771    0.00210017   -0.00620264      0.999979      0.281612
     0.999996    0.00158719   -0.00224373     -0.251178   -0.00157403      0.999982    0.00585521      0.551936    0.00225298   -0.00585166       0.99998      0.296836
     0.999997    0.00144189   -0.00213613     -0.262318   -0.00142858       0.99998    0.00621872      0.583029    0.00214505   -0.00621565      0.999978      0.270111
     0.999996    0.00153444   -0.00230572     -0.269665    -0.0015203       0.99998     0.0061232      0.601278    0.00231507   -0.00611967      0.999979      0.294147
     0.999996    0.00155197   -0.00234958     -0.264151   -0.00153749       0.99998    0.00615188      0.598801    0.00235908   -0.00614824      0.999978      0.270399
     0.999996    0.00173419   -0.00238475      -0.25339   -0.00171871      0.999978    0.00647972      0.620155    0.00239593   -0.00647559      0.999976      0.295624
     0.999996    0.00167125   -0.00232272     -0.253288   -0.00165696       0.99998    0.00614017      0.614372    0.00233294    -0.0061363      0.999978        0.2967
     0.999995    0.00174992   -0.00250667     -0.258719   -0.00173411      0.999979    0.00629393      0.636294    0.00251763   -0.00628955      0.999977       0.29278
     0.999995    0.00171425   -0.00248959     -0.266664   -0.00169863      0.999979    0.00625939      0.637791    0.00250027   -0.00625513      0.999977      0.303054
     0.999995    0.00190949   -0.00270031     -0.274353   -0.00189275      0.999979    0.00618906      0.646704    0.00271207   -0.00618391      0.999977      0.310087
     0.999995    0.00174834   -0.00246128     -0.273462   -0.00173381      0.999981    0.00589176       0.65217    0.00247154   -0.00588747       0.99998      0.328754
     0.999996    0.00169397   -0.00236468     -0.279029   -0.00167921      0.999979    0.00622928       0.65123    0.00237518   -0.00622528      0.999978      0.309253
     0.999996    0.00150823   -0.00248972     -0.272663   -0.00149381      0.999982    0.00578458      0.640429     0.0024984   -0.00578083       0.99998      0.336841
     0.999996    0.00157666   -0.00247602      -0.27636   -0.00156207      0.999981    0.00588235      0.650638    0.00248524   -0.00587846       0.99998      0.319566
     0.999995    0.00145688   -0.00267045     -0.284836   -0.00144145      0.999982    0.00577032      0.658872    0.00267881   -0.00576644       0.99998      0.331364
     0.999995    0.00158768   -0.00274516     -0.290904   -0.00157056      0.999979    0.00622831      0.669423    0.00275499   -0.00622397      0.999977      0.314402
     0.999995    0.00144091   -0.00267807      -0.29174   -0.00142451       0.99998    0.00611598      0.679738    0.00268683   -0.00611214      0.999978      0.310294
     0.999995    0.00151836   -0.00276483     -0.290526   -0.00150126       0.99998    0.00617343      0.670956    0.00277415   -0.00616925      0.999977      0.318217
     0.999996    0.00143657   -0.00249592     -0.276755   -0.00142192      0.999982    0.00586197      0.698766    0.00250429    -0.0058584       0.99998      0.331377
     0.999995    0.00171733   -0.00274226     -0.280338   -0.00170033      0.999979     0.0061881      0.690193    0.00275283    -0.0061834      0.999977      0.324768
     0.999995    0.00156453   -0.00265621     -0.280147   -0.00154946      0.999983    0.00566713       0.68716    0.00266503   -0.00566299       0.99998      0.341735
     0.999995    0.00159422   -0.00279861     -0.290671   -0.00157773      0.999981    0.00588595      0.686291    0.00280794    -0.0058815      0.999979      0.324276
     0.999995    0.00156134   -0.00290826     -0.297389   -0.00154435      0.999982     0.0058365      0.691674    0.00291732   -0.00583197      0.999979      0.349944
     0.999994    0.00182852   -0.00302922     -0.302348   -0.00181003       0.99998    0.00609504      0.690599     0.0030403   -0.00608952      0.999977      0.329128
     0.999994    0.00178511   -0.00309972     -0.310997   -0.00176704      0.999981    0.00582256      0.698832    0.00311005   -0.00581705      0.999978      0.363764
     0.999993    0.00193104   -0.00307132     -0.319332   -0.00191191      0.999979    0.00621821      0.706862    0.00308326   -0.00621229      0.999976      0.332584
     0.999993    0.00210186   -0.00301632     -0.320567    -0.0020843      0.999981    0.00581435      0.718928    0.00302848   -0.00580802      0.999979      0.369196
     0.999994    0.00190401    -0.0029421     -0.321863   -0.00188532      0.999978    0.00634292      0.726299    0.00295411   -0.00633734      0.999976      0.341578
     0.999993    0.00199641   -0.00309683     -0.323514   -0.00197748      0.999979    0.00610388      0.719607    0.00310895   -0.00609772      0.999977      0.355925
     0.999995    0.00179767   -0.00264531     -0.312676   -0.00178124      0.999979    0.00620001      0.675582     0.0026564   -0.00619526      0.999977      0.359548
     0.999994    0.00209821   -0.00281104     -0.315639   -0.00207999      0.999977    0.00647106      0.661278    0.00282455   -0.00646517      0.999975      0.350338
     0.999994    0.00204208   -0.00283667     -0.340907   -0.00202451      0.999979    0.00618397      0.678629    0.00284923   -0.00617819      0.999977       0.35842
     0.999993    0.00237678   -0.00294359     -0.329117   -0.00235721      0.999975     0.0066346      0.668613    0.00295929   -0.00662762      0.999974      0.349579
     0.999993    0.00249086   -0.00276031     -0.328084   -0.00247262      0.999975    0.00659074      0.662821    0.00277666   -0.00658387      0.999974      0.354053
     0.999992    0.00282949    -0.0029814     -0.334181   -0.00280883      0.999972    0.00691042      0.690594    0.00300087   -0.00690199      0.999972      0.333675
     0.999991    0.00280837   -0.00322125     -0.350482   -0.00278636      0.999973    0.00681645        0.7274     0.0032403   -0.00680741      0.999972      0.333895
     0.999992    0.00278521   -0.00298602     -0.342087   -0.00276451      0.999972    0.00691382      0.718259    0.00300519   -0.00690551      0.999972      0.331166
     0.999993    0.00263068   -0.00267926     -0.334097    -0.0026121      0.999973    0.00691661      0.699825    0.00269738   -0.00690956      0.999972      0.383984
     0.999995    0.00251911   -0.00207088     -0.314557   -0.00250307      0.999967    0.00771259      0.684081    0.00209025   -0.00770736      0.999968      0.377927
     0.999994    0.00259064   -0.00211007     -0.305811   -0.00257526       0.99997    0.00726207      0.707323    0.00212882   -0.00725659      0.999971      0.397763
     0.999995    0.00246344    -0.0020269      -0.30081   -0.00244842       0.99997    0.00738284        0.6942    0.00204503   -0.00737784      0.999971      0.366172
     0.999995    0.00238397    -0.0022353      -0.31247   -0.00236686      0.999968    0.00762897      0.721955    0.00225341   -0.00762364      0.999968      0.363008
     0.999994    0.00259502   -0.00240541     -0.323879    -0.0025754      0.999964    0.00812223      0.721779     0.0024264   -0.00811599      0.999964      0.350194
     0.999994    0.00265124   -0.00224114     -0.326035   -0.00263278      0.999963    0.00820254       0.74454    0.00226281   -0.00819659      0.999964      0.350958
     0.999994    0.00258206   -0.00224114     -0.333267   -0.00256395      0.999964    0.00804874      0.735565    0.00226184   -0.00804294      0.999965      0.362234
     0.999993    0.00286154   -0.00246033     -0.335727   -0.00284111      0.999962     0.0082695      0.749102     0.0024839   -0.00826245      0.999963      0.356329
     0.999994     0.0026177   -0.00244588     -0.334431   -0.00259864      0.999966    0.00776413      0.748985    0.00246612   -0.00775772      0.999967      0.375364
     0.999993    0.00273022   -0.00251589     -0.332877   -0.00270958      0.999963    0.00817142      0.741798    0.00253811   -0.00816455      0.999963      0.340797
     0.999993    0.00276255   -0.00255741     -0.336935   -0.00274165      0.999963    0.00814084      0.744416     0.0025798   -0.00813377      0.999964      0.359537
     0.999992    0.00292609   -0.00263348      -0.33697   -0.00290417      0.999961    0.00828989      0.721632    0.00265763   -0.00828218      0.999962      0.350566
     0.999992    0.00290905   -0.00257245     -0.339431   -0.00288801      0.999963    0.00814505      0.731624    0.00259605   -0.00813755      0.999964       0.36783
     0.999993    0.00275693   -0.00246745     -0.335463   -0.00273616      0.999961    0.00838091      0.728323    0.00249046    -0.0083741      0.999962      0.357021
     0.999992    0.00292239   -0.00257829     -0.341663    -0.0029009      0.999961     0.0083013      0.742084    0.00260245   -0.00829376      0.999962      0.359428
     0.999993    0.00295635   -0.00248243     -0.342572   -0.00293672      0.999965    0.00787171      0.708448    0.00250562   -0.00786436      0.999966      0.364735
     0.999991    0.00321158   -0.00266069      -0.34779    -0.0031908      0.999965    0.00777797       0.71879    0.00268558   -0.00776941      0.999966      0.364194
     0.999992    0.00300039   -0.00251622     -0.350437   -0.00298078      0.999965    0.00775942      0.728788    0.00253941   -0.00775186      0.999967      0.379442
     0.999991    0.00318802   -0.00275523     -0.353235   -0.00316574      0.999963    0.00805471      0.725077    0.00278081   -0.00804592      0.999964      0.359862
     0.999991    0.00322747   -0.00277009     -0.353603    -0.0032053      0.999963    0.00796934      0.750233    0.00279571   -0.00796039      0.999964      0.383802
     0.999991    0.00310158   -0.00276534     -0.347622   -0.00307852      0.999961    0.00830353      0.752096    0.00279098   -0.00829494      0.999962      0.367616
     0.999991    0.00312735   -0.00273828     -0.346947   -0.00310559      0.999964    0.00791802      0.746868    0.00276295   -0.00790944      0.999965      0.388981
     0.999991    0.00307871    -0.0028007     -0.353903   -0.00305561      0.999962     0.0082162      0.751185    0.00282589   -0.00820757      0.999962      0.369355
     0.999991    0.00310243     -0.002719     -0.347168   -0.00308018      0.999962    0.00814753      0.753576    0.00274417   -0.00813908      0.999963      0.393615
     0.999992    0.00294715   -0.00269439     -0.347543   -0.00292567      0.999964    0.00794402      0.737836     0.0027177   -0.00793608      0.999965      0.385619
     0.999991    0.00322235   -0.00280288     -0.342646   -0.00319929      0.999961    0.00819068      0.760199    0.00282916   -0.00818164      0.999963      0.387456
     0.999991    0.00327478   -0.00273579     -0.347002   -0.00325264      0.999962    0.00805697      0.739197    0.00276207     -0.008048      0.999964      0.380787
     0.999991    0.00331675   -0.00278544     -0.347339   -0.00329382      0.999961    0.00819635      0.734885    0.00281251    -0.0081871      0.999963      0.385529
     0.999991    0.00323933   -0.00283256     -0.351618   -0.00321605      0.999961    0.00818483      0.760711    0.00285896   -0.00817565      0.999962      0.388068
      0.99999    0.00338956   -0.00291505     -0.347839   -0.00336488      0.999959    0.00842951      0.725568     0.0029435   -0.00841962       0.99996         0.382
      0.99999     0.0033447   -0.00296526     -0.350473   -0.00331998       0.99996      0.008302      0.744875    0.00299291   -0.00829208      0.999961      0.392615
     0.999989    0.00341929   -0.00305896     -0.352586   -0.00339316      0.999958    0.00850663      0.749063    0.00308791   -0.00849616      0.999959      0.362092
     0.999989    0.00349387   -0.00312106     -0.364957   -0.00346767      0.999959    0.00835866      0.756796    0.00315013   -0.00834775       0.99996      0.393658
     0.999989    0.00355294   -0.00293298     -0.360459   -0.00352709      0.999955    0.00877324      0.751401    0.00296402    -0.0087628      0.999957      0.385395
     0.999989    0.00349855   -0.00313914     -0.366255    -0.0034719      0.999958    0.00845632      0.769147    0.00316859   -0.00844533      0.999959      0.389742
      0.99999    0.00332319   -0.00308603     -0.374576   -0.00329664      0.999958    0.00856848      0.758372    0.00311438   -0.00855822      0.999959      0.373196
     0.999989    0.00354351   -0.00321319     -0.373977   -0.00351544      0.999956    0.00869802      0.754441    0.00324387   -0.00868663      0.999957      0.377107
     0.999989    0.00349965   -0.00318192     -0.369575   -0.00347208      0.999957    0.00862953      0.763509    0.00321198   -0.00861839      0.999958      0.396075
     0.999988    0.00369728   -0.00313075     -0.369713   -0.00366945      0.999954    0.00884757      0.767462    0.00316332   -0.00883598      0.999956      0.377995
     0.999988    0.00371882   -0.00319174      -0.36954   -0.00369217      0.999959    0.00831315      0.769884    0.00322253   -0.00830127       0.99996      0.408559
     0.999988     0.0035976   -0.00333603     -0.376265   -0.00356815      0.999955      0.008794      0.775378    0.00336751   -0.00878199      0.999956      0.375517
     0.999988    0.00363497   -0.00331882     -0.370009   -0.00360527      0.999954    0.00891401      0.766833    0.00335107   -0.00890193      0.999955      0.396892
     0.999988    0.00357067   -0.00323237     -0.373369    -0.0035418      0.999954     0.0088928      0.757232    0.00326397   -0.00888125      0.999955      0.385041
     0.999988    0.00371143   -0.00325337     -0.370203   -0.00368123      0.999951    0.00923851       0.77889     0.0032875   -0.00922642      0.999952       0.39903
     0.999989    0.00360447   -0.00314437      -0.36332   -0.00357596      0.999953    0.00902809      0.780107    0.00317677   -0.00901674      0.999954      0.419357
     0.999987    0.00386215   -0.00339252     -0.369769   -0.00383075       0.99995    0.00921386      0.774057    0.00342793   -0.00920074      0.999952      0.395892
     0.999987     0.0038477   -0.00338608     -0.376058   -0.00381715      0.999952    0.00898091      0.799505    0.00342047   -0.00896787      0.999954       0.42326
     0.999987    0.00376738   -0.00335962      -0.38122   -0.00373575      0.999949    0.00937358        0.7939    0.00339476   -0.00936091       0.99995      0.413281
     0.999988    0.00372708   -0.00319195     -0.385767   -0.00369698      0.999949    0.00938327      0.792227    0.00322676   -0.00937135      0.999951      0.426189
     0.999989    0.00361421   -0.00303926     -0.380886   -0.00358559       0.99995    0.00936913      0.777001    0.00307296   -0.00935813      0.999951       0.44103
     0.999988    0.00376351   -0.00322317     -0.381749   -0.00373161      0.999945    0.00984784      0.787992    0.00326006   -0.00983569      0.999946       0.44147
     0.999987    0.00377583   -0.00327955     -0.386045   -0.00374407      0.999947    0.00963937      0.791415    0.00331577   -0.00962697      0.999948      0.471464
     0.999987    0.00384559    -0.0032507      -0.38466   -0.00381346      0.999944    0.00983126      0.805536    0.00328833   -0.00981874      0.999946      0.440064
     0.999987    0.00381833   -0.00337929     -0.383081   -0.00378539      0.999946    0.00970333      0.808093    0.00341615   -0.00969041      0.999947      0.445879
     0.999988    0.00371069   -0.00328798     -0.384605   -0.00367789      0.999944    0.00992627      0.807382    0.00332463   -0.00991406      0.999945      0.423765
     0.999987     0.0038621   -0.00343311      -0.38882   -0.00382752      0.999942     0.0100201      0.799881    0.00347161    -0.0100068      0.999944      0.444147
     0.999989    0.00364664    -0.0030247     -0.378436   -0.00361602      0.999943     0.0100677       0.81203    0.00306124    -0.0100567      0.999945      0.469684
     0.999989    0.00367277   -0.00297874     -0.373962   -0.00364143      0.999939      0.010459      0.776803    0.00301697    -0.0104481      0.999941      0.463509
     0.999987    0.00387934   -0.00318403     -0.381509   -0.00384712      0.999942     0.0100622       0.80084    0.00322288    -0.0100498      0.999944      0.476712
     0.999988    0.00382974     -0.003209     -0.381437   -0.00379575      0.999937     0.0105328      0.818892    0.00324914    -0.0105205      0.999939      0.438129
     0.999987    0.00384502    -0.0033016     -0.388918   -0.00381035      0.999938     0.0104433      0.815389    0.00334155    -0.0104306       0.99994      0.451843
     0.999988    0.00377823   -0.00326707     -0.389417   -0.00374389      0.999938     0.0104526       0.80602    0.00330636    -0.0104403       0.99994      0.458272
     0.999987     0.0039929   -0.00331857     -0.390517   -0.00395718      0.999935     0.0106999      0.825252    0.00336108    -0.0106866      0.999937      0.463059
     0.999987    0.00387706   -0.00327999      -0.39099   -0.00384325       0.99994     0.0102496      0.822206    0.00331953    -0.0102369      0.999942      0.480347
