# 3dvolreg matrices (DICOM-to-DICOM, row-by-row):
     0.999958     0.0053255   -0.00745549      -1.38207   -0.00532006      0.999986    0.00074829      -2.13464    0.00745937  -0.000708594      0.999972      0.336099
     0.999958    0.00532419   -0.00752106      -1.38439   -0.00531471      0.999985    0.00127992      -2.11417    0.00752776   -0.00123989      0.999971      0.296478
      0.99996    0.00527243   -0.00723187      -1.37771    -0.0052686      0.999986   0.000548255      -2.12604    0.00723466  -0.000510131      0.999974      0.371759
     0.999959    0.00517338   -0.00746439      -1.38384   -0.00517154      0.999987   0.000266054      -2.18031    0.00746566  -0.000227441      0.999972      0.391081
     0.999958    0.00508339   -0.00763404      -1.39473   -0.00507623      0.999987   0.000956998      -2.16439     0.0076388  -0.000918205       0.99997      0.320688
     0.999958    0.00511527   -0.00758844      -1.39406   -0.00511249      0.999987   0.000385617       -2.1356    0.00759031  -0.000346805      0.999971      0.357427
     0.999957    0.00519474    -0.0076586      -1.38924   -0.00518576      0.999986    0.00119161      -2.13266    0.00766469   -0.00115184       0.99997      0.294327
     0.999957    0.00536702   -0.00761956      -1.38601   -0.00536293      0.999985   0.000557979      -2.14964    0.00762244  -0.000517092      0.999971      0.375449
     0.999958     0.0050446   -0.00765299      -1.39532   -0.00503918      0.999987   0.000728036      -2.12903    0.00765657  -0.000689441       0.99997      0.319559
     0.999954    0.00559531   -0.00781328       -1.3772   -0.00560842      0.999983   -0.00165648      -2.18955    0.00780388    0.00170023      0.999968       0.46773
     0.999958    0.00491591   -0.00778593      -1.41831   -0.00491375      0.999988   0.000295925      -2.28085    0.00778729  -0.000257655       0.99997      0.407447
     0.999958    0.00495393   -0.00772484      -1.41586   -0.00495388      0.999988   2.64481e-05      -2.18718    0.00772488   1.18209e-05       0.99997      0.427792
     0.999955    0.00535582     -0.007787      -1.40909   -0.00534887      0.999985   0.000913222       -2.1504    0.00779177   -0.00087153      0.999969      0.365753
     0.999954    0.00556541   -0.00778595      -1.40052    -0.0055634      0.999984   0.000279637      -2.13624    0.00778738  -0.000236307       0.99997      0.408149
     0.999958     0.0053197   -0.00749097      -1.39395   -0.00531821      0.999986   0.000219325      -2.15128    0.00749203  -0.000179477      0.999972      0.388846
     0.999958    0.00521816   -0.00755872      -1.39371   -0.00521576      0.999986   0.000336766      -2.16085    0.00756037  -0.000297327      0.999971       0.36943
     0.999957    0.00505196   -0.00774704      -1.39977   -0.00505307      0.999987  -0.000123011      -2.16484    0.00774631   0.000162152       0.99997      0.399107
     0.999955      0.005227   -0.00796046      -1.40608   -0.00522462      0.999986   0.000319918      -2.17397    0.00796202  -0.000278313      0.999968      0.374672
     0.999954    0.00532499   -0.00798829      -1.40478   -0.00531965      0.999986   0.000688478      -2.15428    0.00799184  -0.000645951      0.999968      0.341919
     0.999956    0.00523052   -0.00773175      -1.39798   -0.00522612      0.999986   0.000588323      -2.14346    0.00773472   -0.00054789       0.99997      0.370222
     0.999955    0.00531131   -0.00784924      -1.40189   -0.00531176      0.999986  -3.72444e-05      -2.17602    0.00784894    7.8936e-05      0.999969      0.425921
     0.999957    0.00524475   -0.00769589      -1.39306   -0.00524403      0.999986   0.000113227      -2.18421    0.00769638  -7.28642e-05       0.99997      0.401001
     0.999958    0.00511281   -0.00762846      -1.39814   -0.00510905      0.999987   0.000512767      -2.17551    0.00763098  -0.000473771      0.999971      0.404263
     0.999955    0.00580589   -0.00745842      -1.35363   -0.00580761      0.999983  -0.000208028      -2.12991    0.00745709   0.000251334      0.999972      0.380787
      0.99996    0.00507301   -0.00735929      -1.39426   -0.00506356      0.999986    0.00130102      -2.19646    0.00736579    -0.0012637      0.999972      0.367954
     0.999961    0.00517831   -0.00713706      -1.37279     -0.005171      0.999986    0.00104353      -2.15986    0.00714236   -0.00100658      0.999974      0.385895
     0.999961    0.00573683   -0.00670862      -1.32509   -0.00573148      0.999983   0.000815907      -2.09086    0.00671319  -0.000777425      0.999977      0.382003
      0.99996    0.00553801   -0.00708504      -1.38662   -0.00552676      0.999983    0.00160661      -2.19152    0.00709382   -0.00156739      0.999974      0.429664
     0.999955    0.00649678   -0.00684915      -1.29908   -0.00649423      0.999979    0.00039414       -2.0636    0.00685157  -0.000349643      0.999976      0.334387
     0.999958    0.00611155   -0.00689313      -1.32397   -0.00610108       0.99998    0.00153785      -2.12683    0.00690239   -0.00149573      0.999975      0.286797
     0.999959     0.0057938   -0.00700124      -1.33561   -0.00578606      0.999983    0.00112441      -2.12313    0.00700763   -0.00108386      0.999975      0.303691
      0.99996    0.00578154   -0.00686813      -1.32445   -0.00577727      0.999983   0.000641862      -2.11361    0.00687172  -0.000602157      0.999976      0.350332
     0.999959    0.00578129   -0.00703882      -1.33347   -0.00577233      0.999983      0.001292      -2.11027    0.00704617   -0.00125131      0.999974      0.269248
     0.999957    0.00594748   -0.00716825      -1.33684   -0.00593717      0.999981    0.00145896      -2.06415    0.00717679   -0.00141633      0.999973      0.265243
     0.999958    0.00597655   -0.00697293      -1.32022   -0.00596444      0.999981    0.00175624      -2.05869    0.00698329   -0.00171458      0.999974      0.225559
     0.999955    0.00613605   -0.00718635      -1.32865   -0.00613081      0.999981   0.000751403      -2.07263    0.00719083  -0.000707311      0.999974      0.295438
     0.999957    0.00599359   -0.00702255      -1.32701   -0.00598523      0.999981    0.00121121      -2.12334    0.00702968   -0.00116913      0.999975      0.255106
     0.999956    0.00613019   -0.00709303      -1.32066   -0.00612383      0.999981    0.00091816      -2.11517    0.00709852  -0.000874683      0.999974      0.277601
     0.999957    0.00604094   -0.00696828      -1.31779   -0.00602867       0.99998    0.00178123      -2.10117     0.0069789   -0.00173914      0.999974      0.241477
     0.999958     0.0065326   -0.00636374      -1.29515   -0.00652841      0.999978   0.000679164      -2.16982    0.00636804  -0.000637591       0.99998      0.380467
     0.999961    0.00649039   -0.00606756       -1.2822   -0.00647854      0.999977    0.00196993      -2.14766     0.0060802   -0.00193054       0.99998      0.272986
     0.999961    0.00614393   -0.00629312       -1.2838   -0.00613853      0.999981    0.00087603      -2.05611    0.00629838  -0.000837366       0.99998      0.324478
     0.999961    0.00600858   -0.00639644      -1.28945   -0.00599998      0.999981    0.00136371      -2.12049    0.00640451   -0.00132528      0.999979      0.261107
      0.99996    0.00616649   -0.00648053      -1.29316   -0.00615949       0.99998    0.00109983      -2.10342    0.00648719   -0.00105987      0.999978      0.293912
     0.999959     0.0061824   -0.00663299      -1.29537   -0.00617447       0.99998    0.00121497        -2.101    0.00664037   -0.00117396      0.999977      0.269869
     0.999961    0.00618312   -0.00634957      -1.28306   -0.00617356       0.99998    0.00152499      -2.09472    0.00635887   -0.00148574      0.999979      0.267812
     0.999961    0.00616868   -0.00633019      -1.27811   -0.00615778       0.99998    0.00173911        -2.063    0.00634079   -0.00170007      0.999978      0.227191
     0.999959    0.00633504   -0.00645699      -1.27368   -0.00631862      0.999977    0.00255997       -2.0451    0.00647306   -0.00251907      0.999976      0.155876
     0.999959    0.00639851   -0.00633949      -1.26084   -0.00639061      0.999979    0.00126516      -2.04393    0.00634745    -0.0012246      0.999979      0.239762
     0.999959    0.00639561   -0.00642864      -1.26615   -0.00638149      0.999977    0.00221477      -2.05769    0.00644265   -0.00217365      0.999977      0.176423
     0.999958    0.00663816   -0.00635109      -1.26302   -0.00663005      0.999977    0.00129621      -2.07052    0.00635955   -0.00125405      0.999979      0.282895
     0.999958    0.00663353   -0.00631277      -1.26027   -0.00661717      0.999975    0.00261023      -2.04885    0.00632992   -0.00256835      0.999977      0.174345
     0.999958    0.00656891   -0.00641638      -1.27384   -0.00655863      0.999977    0.00162036      -2.03853    0.00642687   -0.00157821      0.999978      0.250087
     0.999959     0.0064271   -0.00638118      -1.27265   -0.00640933      0.999976    0.00280005      -2.04256    0.00639902   -0.00275904      0.999976      0.141827
     0.999957    0.00658498   -0.00645344      -1.27298   -0.00657181      0.999976    0.00206011      -2.02809    0.00646685   -0.00201761      0.999977      0.208157
     0.999958    0.00662239   -0.00640551      -1.26514   -0.00660887      0.999976    0.00213051      -2.03695    0.00641947   -0.00208809      0.999977      0.203836
     0.999956    0.00669059   -0.00651629      -1.27105   -0.00667761      0.999976    0.00201153      -2.04398    0.00652959   -0.00196793      0.999977      0.230069
     0.999954    0.00681719   -0.00672271      -1.28121   -0.00680409      0.999975    0.00196954        -2.058    0.00673596   -0.00192371      0.999975      0.228415
     0.999957    0.00649966   -0.00656732      -1.28635   -0.00648512      0.999976    0.00223195      -2.06821    0.00658168   -0.00218926      0.999976      0.216578
     0.999956    0.00663848   -0.00660051      -1.28242   -0.00662809      0.999977    0.00159468        -2.059    0.00661094   -0.00155086      0.999977      0.263376
     0.999956    0.00666659   -0.00661017      -1.28261   -0.00665091      0.999975    0.00239019      -2.01796    0.00662594   -0.00234612      0.999975      0.206647
     0.999956    0.00669128   -0.00657148      -1.27454   -0.00667573      0.999975    0.00238493      -2.00341    0.00658728   -0.00234095      0.999976      0.221738
     0.999956    0.00648474   -0.00681646      -1.28995   -0.00647274      0.999977    0.00178124       -2.0534    0.00682786   -0.00173704      0.999975      0.227673
     0.999957    0.00647939   -0.00663273      -1.28404   -0.00646055      0.999975     0.0028581      -2.04348    0.00665108   -0.00281512      0.999974      0.170098
     0.999956    0.00667111    -0.0065966      -1.27977   -0.00665834      0.999976    0.00195477      -2.04502    0.00660948   -0.00191076      0.999976      0.244192
     0.999958     0.0064967   -0.00643452      -1.27055   -0.00648186      0.999976    0.00232363      -2.04165    0.00644946   -0.00228182      0.999977      0.214649
     0.999956    0.00656586   -0.00674224      -1.28691    -0.0065453      0.999974    0.00306696      -2.02545     0.0067622   -0.00302269      0.999973      0.187497
     0.999957    0.00674399   -0.00629781      -1.28076   -0.00672589      0.999973    0.00289066      -2.04478    0.00631713   -0.00284818      0.999976      0.188519
     0.999962    0.00607401    -0.0061989      -1.27354   -0.00604881      0.999973    0.00407541      -1.91716    0.00622349   -0.00403776      0.999972      0.176688
     0.999962    0.00628378   -0.00611827      -1.26567   -0.00625815      0.999972    0.00419901      -1.90615    0.00614448   -0.00416056      0.999972      0.187586
      0.99996    0.00643517   -0.00614047      -1.25706   -0.00641475      0.999974    0.00333933       -2.0246     0.0061618   -0.00329981      0.999976      0.200321
      0.99996    0.00667988   -0.00602826        -1.234    -0.0066561       0.99997    0.00395533      -1.96043     0.0060545   -0.00391504      0.999974      0.128437
     0.999958    0.00678467   -0.00611853      -1.22681   -0.00676124       0.99997    0.00384258      -1.92923    0.00614442   -0.00380105      0.999974     0.0978112
     0.999957    0.00667703   -0.00635762      -1.24641   -0.00664939      0.999968    0.00435891      -1.96007    0.00638652   -0.00431645       0.99997      0.075978
     0.999954    0.00682478   -0.00673287      -1.26911   -0.00679915       0.99997    0.00382244      -1.93831    0.00675875   -0.00377648       0.99997       0.13317
     0.999957     0.0067884   -0.00638895      -1.24484   -0.00676673      0.999971    0.00340655      -1.97329    0.00641189   -0.00336317      0.999974      0.147874
     0.999954    0.00705257   -0.00646608      -1.23942   -0.00702897      0.999969    0.00366449      -1.96656    0.00649172   -0.00361887      0.999972      0.144056
     0.999955    0.00700937   -0.00643717      -1.24712    -0.0069896      0.999971    0.00308813      -2.00305    0.00645863     -0.003043      0.999975      0.156046
     0.999954    0.00682764   -0.00666265      -1.25362   -0.00680256       0.99997    0.00378004      -1.98465    0.00668825   -0.00373455      0.999971      0.098315
     0.999953    0.00684699   -0.00684425      -1.25837   -0.00682845      0.999973    0.00272838      -2.00611    0.00686274   -0.00268152      0.999973      0.183503
     0.999953    0.00700059     -0.006756      -1.25957   -0.00697907      0.999971    0.00320337      -2.01197    0.00677823   -0.00315607      0.999972       0.14661
     0.999952    0.00718799   -0.00670553      -1.25292   -0.00717279      0.999972    0.00228861      -2.03072    0.00672179   -0.00224041      0.999975      0.215886
     0.999952     0.0070236   -0.00680636      -1.25488   -0.00700531      0.999972     0.0027072      -2.04933    0.00682518   -0.00265939      0.999973      0.179308
     0.999951    0.00713374   -0.00686814      -1.26571   -0.00711512      0.999971     0.0027313      -2.05651    0.00688742    -0.0026823      0.999973      0.198079
     0.999951    0.00720108   -0.00683995      -1.25988   -0.00718583      0.999972    0.00225153      -2.04944    0.00685597   -0.00220227      0.999974      0.227038
     0.999952    0.00701706   -0.00684807      -1.27307   -0.00699652      0.999971    0.00301898      -2.04208    0.00686905   -0.00297092      0.999972      0.155873
     0.999949    0.00719588   -0.00710646      -1.27235   -0.00717989      0.999972    0.00227313      -2.03179    0.00712262   -0.00222199      0.999972      0.210402
     0.999951    0.00709852   -0.00689708      -1.26355   -0.00707802       0.99997    0.00299268      -2.03353    0.00691812   -0.00294371      0.999972      0.153796
      0.99995    0.00702526   -0.00712722      -1.27577   -0.00701211      0.999974    0.00186756      -2.05915    0.00714016   -0.00181749      0.999973      0.250405
     0.999951    0.00708373   -0.00686317      -1.26637   -0.00706935      0.999973    0.00211799       -2.0648    0.00687799   -0.00206937      0.999974      0.252333
     0.999952    0.00712409   -0.00678023      -1.25352   -0.00710617      0.999971    0.00266334      -2.02368    0.00679901   -0.00261503      0.999973      0.177705
     0.999951    0.00714668   -0.00691891      -1.25976    -0.0071269       0.99997    0.00288012      -2.01207    0.00693928   -0.00283066      0.999972      0.165925
      0.99995    0.00719787   -0.00700792      -1.26145   -0.00718187      0.999972    0.00230468      -2.03309    0.00702431   -0.00225423      0.999973      0.192174
     0.999949    0.00718667   -0.00715038      -1.26946   -0.00716541       0.99997    0.00299355      -2.00484    0.00717168   -0.00294216       0.99997      0.146042
     0.999949    0.00713823   -0.00710027      -1.26705   -0.00712178      0.999972     0.0023396      -1.99787    0.00711677   -0.00228891      0.999972      0.212468
      0.99995    0.00701041   -0.00709289      -1.27178   -0.00698731       0.99997    0.00327568      -2.01065    0.00711564   -0.00322595      0.999969      0.160091
      0.99995    0.00711028    -0.0070082      -1.26641   -0.00709364      0.999972     0.0023965      -2.01264    0.00702505   -0.00234667      0.999973      0.237864
     0.999954    0.00655775    -0.0070331      -1.28296   -0.00653271      0.999972     0.0035772      -1.97807    0.00705636   -0.00353109      0.999969      0.173562
     0.999955    0.00665814    -0.0067224      -1.27004   -0.00664154      0.999975     0.0024881      -2.06634    0.00673879   -0.00244334      0.999974      0.309291
     0.999954    0.00631418   -0.00724951      -1.32203   -0.00629314      0.999976    0.00292172      -2.06261    0.00726778   -0.00287597      0.999969      0.272507
     0.999952    0.00670157   -0.00712712      -1.31208   -0.00668415      0.999975    0.00246605      -2.05308    0.00714347    -0.0024183      0.999972       0.27841
      0.99995    0.00673768   -0.00738508      -1.30813    -0.0067203      0.999975    0.00237523      -2.04258     0.0074009   -0.00232548       0.99997      0.256368
     0.999949    0.00682142   -0.00739164      -1.30834   -0.00679877      0.999972    0.00308591      -2.02275    0.00741248    -0.0030355      0.999968      0.175375
     0.999948    0.00694369     -0.007439      -1.31171   -0.00692788      0.999974     0.0021501      -2.02984    0.00745374   -0.00209845       0.99997      0.227332
     0.999951    0.00669761   -0.00724325      -1.30324   -0.00668184      0.999975    0.00220011      -2.02574     0.0072578   -0.00215161      0.999971      0.224617
     0.999953    0.00648904   -0.00714978      -1.30299   -0.00647086      0.999976     0.0025638      -2.03101    0.00716625   -0.00251741      0.999971      0.229811
      0.99995    0.00672545   -0.00744167      -1.31005   -0.00670956      0.999975    0.00215791      -2.04414      0.007456   -0.00210787       0.99997      0.250851
      0.99995     0.0069556   -0.00721867      -1.29091   -0.00693495      0.999972    0.00288194      -2.01636    0.00723852   -0.00283173       0.99997      0.185641
     0.999949    0.00707357   -0.00717965      -1.28812   -0.00705823      0.999973    0.00216049      -2.00084    0.00719473   -0.00210971      0.999972      0.251615
     0.999948    0.00704086   -0.00731321      -1.29826   -0.00701968      0.999971    0.00291753      -2.00288    0.00733354   -0.00286604      0.999969      0.170508
     0.999949    0.00715988   -0.00711987      -1.28569   -0.00713613      0.999969    0.00335485      -1.98774    0.00714367   -0.00330387      0.999969       0.13921
     0.999949    0.00721456   -0.00702004      -1.27153   -0.00719579       0.99997    0.00269514      -1.97073    0.00703928   -0.00264449      0.999972      0.172855
     0.999948     0.0072916   -0.00710485      -1.26945   -0.00726724      0.999968     0.0034494      -1.98632    0.00712977   -0.00339759      0.999969      0.124521
     0.999947    0.00743329    -0.0070803      -1.25895    -0.0074122      0.999968    0.00299911      -1.94598    0.00710237   -0.00294647       0.99997      0.153381
     0.999946    0.00738294   -0.00725736      -1.27203     -0.007353      0.999964    0.00414334      -1.97186    0.00728769   -0.00408976      0.999965      0.084232
      0.99995    0.00772264   -0.00638767      -1.23232   -0.00769698      0.999962    0.00403247      -2.00656    0.00641857    -0.0039831      0.999971      0.123474
     0.999952     0.0074102   -0.00643757      -1.23064   -0.00739019      0.999968    0.00312675      -2.00987    0.00646053   -0.00307902      0.999974      0.213928
     0.999959    0.00610913   -0.00671661      -1.28093   -0.00608735      0.999976    0.00325876      -2.01602    0.00673636   -0.00321774      0.999972      0.274386
     0.999951    0.00685371   -0.00720161      -1.27211   -0.00683232      0.999972    0.00298944      -2.00438     0.0072219   -0.00294009       0.99997      0.221672
     0.999948    0.00719837    -0.0072131      -1.26221   -0.00717321      0.999968    0.00350829      -2.00872    0.00723813   -0.00345636      0.999968      0.154657
     0.999948    0.00735248   -0.00710655      -1.25311   -0.00733388       0.99997    0.00263925      -2.01422    0.00712574   -0.00258699      0.999971      0.201836
     0.999944    0.00757448   -0.00732734      -1.24714   -0.00755238      0.999967    0.00303901       -1.9809    0.00735012   -0.00298351      0.999969       0.14299
     0.999945     0.0075325   -0.00724815       -1.2505   -0.00750535      0.999965    0.00376592      -1.97198    0.00727626   -0.00371132      0.999967      0.115886
     0.999947    0.00760113   -0.00701083      -1.21505   -0.00758256      0.999968    0.00267169      -1.92607    0.00703091   -0.00261838      0.999972      0.130084
     0.999947    0.00751012    -0.0070147      -1.22802    -0.0074822      0.999964    0.00399792      -1.97031    0.00704447   -0.00394522      0.999967      0.107202
     0.999948    0.00732202   -0.00716418      -1.23381   -0.00729829      0.999968    0.00333267      -1.97317    0.00718835   -0.00328021      0.999969      0.130298
     0.999946     0.0074788   -0.00718432      -1.22694   -0.00744854      0.999963     0.0042288      -1.92179    0.00721568   -0.00417506      0.999965     0.0750702
     0.999946    0.00751328   -0.00721157      -1.22967   -0.00748601      0.999965    0.00380085      -1.89864    0.00723987   -0.00374666      0.999967     0.0759396
     0.999945    0.00740488   -0.00739032      -1.24089   -0.00737768      0.999966     0.0037007       -1.9369    0.00741747   -0.00364597      0.999966     0.0621902
     0.999945    0.00728752   -0.00751722      -1.25283   -0.00725965      0.999967    0.00372797      -1.95996    0.00754414    -0.0036732      0.999965     0.0776357
     0.999946    0.00740128   -0.00726618      -1.23156   -0.00738078      0.999969    0.00284449      -1.96997    0.00728701   -0.00279071       0.99997      0.125845
     0.999945    0.00742893   -0.00739309      -1.23824   -0.00740041      0.999965    0.00387874      -1.97166    0.00742164   -0.00382381      0.999965     0.0661883
     0.999943    0.00747155   -0.00765528      -1.25477   -0.00745155      0.999969    0.00263742      -1.97123    0.00767474   -0.00258023      0.999967      0.161556
     0.999942    0.00756081   -0.00768184      -1.24372   -0.00753101      0.999964    0.00390113      -1.96161    0.00771106   -0.00384305      0.999963     0.0637272
      0.99994    0.00785376   -0.00764782      -1.22601   -0.00782848      0.999964    0.00333006       -1.9313     0.0076737   -0.00326999      0.999965      0.101806
     0.999939    0.00794567   -0.00762881      -1.22096   -0.00791306      0.999959     0.0042948      -1.92544    0.00766263   -0.00423418      0.999962     0.0217763
     0.999939    0.00789442   -0.00767756      -1.22859    -0.0078684      0.999963    0.00341291      -1.92506    0.00770422    -0.0033523      0.999965     0.0703415
     0.999942    0.00783429   -0.00743355      -1.21302   -0.00780569      0.999962     0.0038691      -1.92594    0.00746358   -0.00381085      0.999965     0.0349406
      0.99994    0.00797903   -0.00752661      -1.21601   -0.00794734      0.999959    0.00423067      -1.92931    0.00756007    -0.0041706      0.999963     0.0272511
     0.999941    0.00812666   -0.00720688      -1.18792   -0.00809774      0.999959    0.00403183      -1.90546    0.00723935   -0.00397323      0.999966     0.0166463
      0.99994    0.00821759   -0.00728666      -1.18788   -0.00818967      0.999959    0.00385317      -1.91568    0.00731802   -0.00379326      0.999966      0.057531
     0.999942    0.00789223   -0.00730672      -1.21428   -0.00786002      0.999959    0.00442728      -1.93914    0.00734136   -0.00436959      0.999964     0.0147638
      0.99994    0.00804964    -0.0073753      -1.20107   -0.00802279      0.999961    0.00366277      -1.93161     0.0074045   -0.00360338      0.999966     0.0615119
     0.999941    0.00806849   -0.00730327      -1.19651   -0.00803601      0.999958    0.00446612      -1.92214    0.00733899   -0.00440717      0.999963     0.0166003
     0.999941    0.00820542   -0.00717859       -1.1873   -0.00817721      0.999959     0.0039503      -1.90974    0.00721071   -0.00389137      0.999966     0.0487334
      0.99994    0.00819303   -0.00720496      -1.18747   -0.00816204      0.999957     0.0043203      -1.90755    0.00724005   -0.00426124      0.999965   -0.00123995
     0.999939    0.00833136   -0.00724462      -1.17678    -0.0082991      0.999956    0.00447264      -1.89454    0.00728156   -0.00441224      0.999964    -0.0101964
     0.999938    0.00843938   -0.00727312      -1.16945   -0.00840695      0.999955    0.00447854      -1.86156    0.00731059   -0.00441712      0.999964   -0.00446231
     0.999941     0.0079315   -0.00735727      -1.18802   -0.00789809      0.999958    0.00455961      -1.90209    0.00739313   -0.00450123      0.999963     0.0299715
     0.999933    0.00863415   -0.00770991      -1.19691   -0.00859845      0.999952    0.00465141      -1.88923     0.0077497    -0.0045848      0.999959     0.0642751
      0.99993    0.00891524   -0.00779018      -1.19019   -0.00888343      0.999952    0.00410911      -1.91085    0.00782645   -0.00403962      0.999961     0.0620994
      0.99993    0.00890979   -0.00777536      -1.18142   -0.00887039      0.999948    0.00508793      -1.87444    0.00782029    -0.0050186      0.999957    -0.0520104
     0.999929    0.00921177   -0.00753126      -1.15277   -0.00917694      0.999947    0.00464636      -1.86729    0.00757366   -0.00457692      0.999961    -0.0191986
     0.999933    0.00917388   -0.00701894      -1.16152   -0.00913548      0.999943    0.00548407       -1.9021    0.00706885   -0.00541958       0.99996    -0.0150182
     0.999944    0.00851944   -0.00630672      -1.12429   -0.00846475      0.999927    0.00864856      -1.73505    0.00637994   -0.00859469      0.999943     -0.066525
     0.999942    0.00827945   -0.00683912      -1.14412   -0.00823162      0.999942    0.00699155      -1.69417     0.0068966   -0.00693485      0.999952   -0.00466438
     0.999943    0.00848971   -0.00654558      -1.12374   -0.00845151      0.999947    0.00584165      -1.85084    0.00659483     -0.005786      0.999962     0.0181194
     0.999936    0.00908133   -0.00678199      -1.11037   -0.00904478      0.999945    0.00540073      -1.84392    0.00683066   -0.00533904      0.999962      0.030676
     0.999932    0.00929685   -0.00706247      -1.10541   -0.00925909      0.999943    0.00536117      -1.85536    0.00711191   -0.00529541      0.999961    -0.0203947
     0.999928    0.00966026    -0.0071685      -1.09097   -0.00961847      0.999937    0.00584231      -1.83156    0.00722449   -0.00577294      0.999957    -0.0735444
     0.999927    0.00983968    -0.0070476      -1.07588   -0.00980486       0.99994    0.00495834      -1.82092    0.00709596   -0.00488887      0.999963    -0.0293635
     0.999926    0.00985127   -0.00707332      -1.07639   -0.00981257      0.999937    0.00548631      -1.83759    0.00712692    -0.0054165       0.99996    -0.0455439
     0.999925     0.0100326   -0.00703775      -1.06807   -0.00999571      0.999936    0.00525704      -1.85635    0.00709004    -0.0051863      0.999961     -0.038148
     0.999924     0.0100205   -0.00725023      -1.08379   -0.00998511      0.999938    0.00489836      -1.86609    0.00729886   -0.00482559      0.999962    0.00272183
     0.999927     0.0098065   -0.00709479      -1.07658   -0.00976758      0.999937    0.00549894      -1.86262    0.00714827   -0.00542924       0.99996    -0.0229793
     0.999926    0.00978891   -0.00716915      -1.08161   -0.00975541      0.999941    0.00469287      -1.86082    0.00721467   -0.00462258      0.999963      0.017677
     0.999926    0.00978857    -0.0071681      -1.07061   -0.00975204      0.999939    0.00511338      -1.85302    0.00721772    -0.0050431      0.999961    -0.0411282
     0.999924    0.00983143   -0.00741188      -1.08223   -0.00979309      0.999939    0.00519174      -1.83563    0.00746246   -0.00511876      0.999959    -0.0382295
     0.999925    0.00991822   -0.00723485       -1.0646   -0.00988481       0.99994      0.004639      -1.86023    0.00728043   -0.00456714      0.999963    -0.0124627
     0.999923     0.0100273   -0.00725145      -1.05714   -0.00998896      0.999936     0.0053055      -1.83712    0.00730418   -0.00523266       0.99996    -0.0709573
     0.999922     0.0102149   -0.00720488      -1.04253    -0.0101808      0.999937    0.00474543      -1.83335     0.0072529    -0.0046717      0.999963    -0.0178025
     0.999921     0.0102464   -0.00729702      -1.06076    -0.0102083      0.999934    0.00523127      -1.83298    0.00735014   -0.00515637       0.99996     -0.036095
     0.999924     0.0100918   -0.00705985      -1.05979     -0.010054      0.999935    0.00536406      -1.84819    0.00711353   -0.00529268      0.999961    -0.0189191
     0.999923     0.0100621   -0.00723204      -1.06284    -0.0100268      0.999938    0.00489962      -1.84408    0.00728089   -0.00482673      0.999962   -0.00438757
     0.999921     0.0102675   -0.00724021      -1.05332    -0.0102288      0.999933    0.00537035      -1.85278    0.00729487   -0.00529587      0.999959    -0.0287588
      0.99992     0.0103155   -0.00727282      -1.04224    -0.0102807      0.999936    0.00481301      -1.82561      0.007322   -0.00473786      0.999962    -0.0119716
     0.999919     0.0105323   -0.00719913      -1.02931    -0.0104955      0.999932    0.00512853      -1.83413    0.00725265   -0.00505256      0.999961    -0.0398703
     0.999917     0.0106174   -0.00729623      -1.03445    -0.0105766      0.999928    0.00561679      -1.81698    0.00735534   -0.00553916      0.999958    -0.0791828
     0.999919     0.0105407   -0.00707594       -1.0366    -0.0105034      0.999931    0.00527917      -1.85037     0.0071311   -0.00520442      0.999961    -0.0142365
     0.999927    0.00979889    -0.0070516      -1.06194    -0.0097619      0.999939    0.00526069      -1.91317    0.00710271   -0.00519147      0.999961     0.0856689
     0.999934    0.00869193   -0.00753504      -1.12692   -0.00864916      0.999946    0.00568946      -1.84493    0.00758409   -0.00562391      0.999955      0.110083
     0.999926    0.00946209   -0.00765595      -1.09667   -0.00942042      0.999941    0.00546107      -1.80018    0.00770717   -0.00538854      0.999956     0.0784656
     0.999921    0.00977094   -0.00790612      -1.09531   -0.00971747       0.99993    0.00677382      -1.83267    0.00797175   -0.00669646      0.999946    -0.0520657
     0.999918    0.00986461   -0.00817053      -1.10476   -0.00982709      0.999941     0.0046199      -1.86789    0.00821562   -0.00453923      0.999956     0.0724135
     0.999913     0.0103454   -0.00820743      -1.07728       -0.0103      0.999931    0.00556051      -1.85455    0.00826439   -0.00547549      0.999951    -0.0424723
     0.999912     0.0105166   -0.00804264      -1.06025    -0.0104754      0.999932    0.00514021      -1.82392    0.00809615   -0.00505551      0.999954    -0.0116804
     0.999909     0.0107342   -0.00819146      -1.05844    -0.0106931       0.99993    0.00504769      -1.85604    0.00824507   -0.00495964      0.999954    -0.0145724
     0.999908     0.0107934   -0.00821913      -1.05159    -0.0107478      0.999927    0.00557363      -1.84822    0.00827868   -0.00548478      0.999951     -0.050191
     0.999909     0.0108875   -0.00796256      -1.03835    -0.0108472      0.999928    0.00508024      -1.83095     0.0080173    -0.0049934      0.999955    -0.0110944
     0.999907      0.011021   -0.00808539      -1.04032    -0.0109759      0.999924    0.00560625      -1.82757    0.00814656   -0.00551698      0.999952    -0.0591454
     0.999904     0.0110639   -0.00834269      -1.05025    -0.0110131      0.999921    0.00611164      -1.82159    0.00840965   -0.00601917      0.999947    -0.0669295
     0.999906     0.0108912   -0.00833202      -1.07002    -0.0108493      0.999928    0.00505338      -1.83365    0.00838646    -0.0049625      0.999953  -0.000547661
     0.999907     0.0108272   -0.00831396      -1.06647    -0.0107791      0.999925    0.00579971      -1.83533    0.00837614   -0.00570955      0.999949    -0.0558979
     0.999905      0.011059   -0.00825893      -1.05216    -0.0110147      0.999925    0.00539155      -1.83525    0.00831793   -0.00530006      0.999951    -0.0268819
     0.999909     0.0107381   -0.00818156      -1.06093    -0.0106946      0.999928    0.00535341      -1.83239    0.00823846   -0.00526542      0.999952    -0.0257558
     0.999905     0.0109569   -0.00841842      -1.05677    -0.0109083      0.999924    0.00579463      -1.81617    0.00848126   -0.00570224      0.999948     -0.067536
     0.999904     0.0110957    -0.0082781      -1.04884    -0.0110542      0.999926    0.00504951      -1.83145    0.00833352   -0.00495752      0.999953     -0.043436
     0.999902     0.0111151   -0.00853164      -1.05982    -0.0110691      0.999924    0.00541565      -1.84445    0.00859119   -0.00532068      0.999949    -0.0337924
     0.999908     0.0108425   -0.00817542      -1.05013    -0.0108009      0.999929    0.00511581      -1.85459    0.00823031   -0.00502703      0.999953     0.0164823
     0.999907     0.0107363   -0.00838604      -1.06342    -0.0106934       0.99993    0.00515077      -1.83339    0.00844075   -0.00506062      0.999952    -0.0253718
     0.999903     0.0110267   -0.00848885       -1.0501    -0.0109783      0.999923    0.00573077      -1.81933    0.00855139   -0.00563702      0.999948    -0.0565993
     0.999899     0.0113733   -0.00849197      -1.05832    -0.0113332      0.999924    0.00475476      -1.86482     0.0085454   -0.00465804      0.999953  -0.000149905
       0.9999     0.0112234   -0.00856612      -1.05716    -0.0111726       0.99992    0.00595708      -1.80695    0.00863229   -0.00586078      0.999946    -0.0826206
     0.999901     0.0112361   -0.00842235      -1.05127    -0.0111948      0.999925    0.00494175      -1.81547    0.00847724   -0.00484698      0.999952    -0.0258228
     0.999902     0.0112852   -0.00828592      -1.03351    -0.0112422      0.999923    0.00521723      -1.82643    0.00834416   -0.00512357      0.999952    -0.0206775
     0.999897     0.0115886   -0.00846563      -1.03813    -0.0115466      0.999921    0.00498929      -1.84337    0.00852278   -0.00489102      0.999952     0.0342724
     0.999898     0.0114699   -0.00853332       -1.0445    -0.0114192      0.999917    0.00597522      -1.83027    0.00860115   -0.00587717      0.999946    -0.0684381
     0.999896     0.0116007   -0.00853451      -1.04166    -0.0115527      0.999917     0.0056436      -1.79266    0.00859927   -0.00554441      0.999948    -0.0634011
     0.999895     0.0115878   -0.00865289      -1.03345    -0.0115341      0.999914    0.00623419      -1.79813    0.00872439   -0.00613373      0.999943    -0.0926889
     0.999896     0.0115841   -0.00853893      -1.03844    -0.0115343      0.999916    0.00584922       -1.7897    0.00860598   -0.00575013      0.999946    -0.0491531
     0.999897     0.0115229   -0.00853231      -1.03423    -0.0114719      0.999916    0.00599111      -1.80496    0.00860063   -0.00589262      0.999946    -0.0755407
     0.999897     0.0115211   -0.00860045      -1.04223     -0.011467      0.999914    0.00631167      -1.79023    0.00867243   -0.00621239      0.999943    -0.0706449
     0.999895      0.011669   -0.00853645      -1.03255    -0.0116201      0.999916    0.00574971       -1.8077    0.00860283   -0.00564992      0.999947    -0.0734669
     0.999897     0.0114537   -0.00867908      -1.04851    -0.0114021      0.999917     0.0059743      -1.79286    0.00874679   -0.00587473      0.999944    -0.0636417
     0.999893     0.0117796     -0.008637      -1.03207    -0.0117283      0.999913    0.00596392      -1.77193    0.00870651   -0.00586199      0.999945    -0.0726679
     0.999896     0.0114421   -0.00875584      -1.05122    -0.0113885      0.999916    0.00614989      -1.80922    0.00882548   -0.00604954      0.999943     -0.062705
     0.999895      0.011642   -0.00857299      -1.03939    -0.0115912      0.999915    0.00594624      -1.76454    0.00864149   -0.00584624      0.999946    -0.0255516
     0.999897     0.0114236   -0.00873331      -1.04525    -0.0113708      0.999917    0.00607446      -1.78214    0.00880197   -0.00597453      0.999943    -0.0572297
     0.999896     0.0115903   -0.00856843      -1.02537    -0.0115379      0.999915    0.00613406       -1.7604    0.00863879   -0.00603456      0.999944    -0.0721739
     0.999895     0.0115615   -0.00869473      -1.03811    -0.0115113      0.999917    0.00580442      -1.77025    0.00876111   -0.00570372      0.999945    -0.0583363
     0.999896     0.0116373   -0.00852326      -1.02015     -0.011582      0.999912    0.00651429      -1.76357    0.00859831    -0.0064149      0.999942     -0.100599
     0.999894     0.0117314   -0.00860914       -1.0273    -0.0116866      0.999918    0.00523854      -1.81271    0.00866989   -0.00513737      0.999949    -0.0374839
     0.999893     0.0118735   -0.00853966       -1.0065    -0.0118224      0.999912    0.00601499      -1.80736    0.00861032   -0.00591338      0.999945    -0.0693183
     0.999895     0.0120753   -0.00803821      -1.00826    -0.0120167      0.999901    0.00731098      -1.80703     0.0081257   -0.00721362      0.999941    -0.0740183
     0.999897     0.0122002   -0.00762223     -0.973391    -0.0121547      0.999908     0.0059904      -1.77913    0.00769461   -0.00589713      0.999953     0.0455912
     0.999901     0.0111108   -0.00860948      -1.04087     -0.011059      0.999921    0.00603411      -1.80894    0.00867584   -0.00593831      0.999945       0.09746
     0.999895     0.0115501   -0.00870911      -1.02622     -0.011486      0.999907    0.00738143      -1.77303    0.00879355   -0.00728062      0.999935    0.00481334
     0.999889     0.0118672   -0.00904981      -1.02564    -0.0118132      0.999912    0.00599449      -1.80326    0.00912015   -0.00588692      0.999941     0.0473409
      0.99989     0.0118048   -0.00894095       -1.0181    -0.0117351      0.999901    0.00780481      -1.74454     0.0090322   -0.00769903       0.99993     -0.133784
     0.999888     0.0120613   -0.00889452      -1.00587    -0.0120048      0.999908    0.00637358      -1.76004    0.00897057   -0.00626609       0.99994    -0.0275868
     0.999886      0.011968    -0.0091525      -1.01682    -0.0119054      0.999906    0.00686792      -1.76996    0.00923383   -0.00675818      0.999935    -0.0394648
      0.99989     0.0116778   -0.00911495      -1.02474    -0.0116174       0.99991    0.00664809      -1.80493    0.00919177   -0.00654146      0.999936    -0.0107655
     0.999885     0.0120781   -0.00921698      -1.01709    -0.0120214      0.999909    0.00618684       -1.7941    0.00929087   -0.00607533      0.999938     -0.021422
     0.999886     0.0121255   -0.00902576      -0.99935     -0.012061      0.999902    0.00716936      -1.73769     0.0091118   -0.00705969      0.999934    -0.0789324
     0.999886     0.0121348   -0.00898724      -1.00543    -0.0120738      0.999904    0.00680642      -1.75859    0.00906897   -0.00669713      0.999936    -0.0654124
     0.999887     0.0119659   -0.00913092       -1.0136    -0.0119028      0.999905    0.00693183       -1.7509    0.00921299   -0.00682236      0.999934    -0.0554371
     0.999883     0.0123207   -0.00908232     -0.995493    -0.0122516      0.999896    0.00762596      -1.72728    0.00917533   -0.00751379       0.99993     -0.131181
