# 3dvolreg matrices (DICOM-to-DICOM, row-by-row):
            1   0.000108328   5.26354e-05    -0.0027655   -0.00010831             1  -0.000344018      0.017385  -5.26727e-05   0.000344012             1     0.0091243
            1   3.10577e-05  -0.000126959   -0.00747539  -3.11272e-05             1  -0.000547527    -0.0119716   0.000126942   0.000547531             1     0.0285845
            1   1.08275e-10   1.72523e-10   1.48716e-09  -1.08275e-10             1  -1.34631e-10  -4.34026e-09  -1.72523e-10   1.34631e-10             1  -4.84646e-09
            1  -7.54191e-05  -7.92889e-05   -0.00981184   7.54225e-05             1   4.30653e-05     0.0264365   7.92857e-05  -4.30713e-05             1    -0.0271367
            1   0.000304387  -0.000224337    -0.0189103  -0.000304298             1   0.000396944     0.0258681   0.000224458  -0.000396876             1    -0.0228551
            1   0.000288223   4.48215e-05    -0.0109943  -0.000288194             1   -0.00063103   -0.00768037  -4.50034e-05   0.000631017             1     0.0557118
            1     0.0002716  -9.54199e-05   -0.00626031   -0.00027166             1  -0.000629116    -0.0157122    9.5249e-05   0.000629142             1     0.0592403
            1    0.00032312  -0.000172263    0.00795863  -0.000323133             1  -7.36866e-05    0.00335603   0.000172239   7.37422e-05             1    0.00513892
            1   0.000478192  -0.000274444     0.0192027  -0.000478196             1  -1.67581e-05   -0.00614863   0.000274436   1.68893e-05             1    0.00540216
            1   0.000194425  -0.000278238    0.00326481  -0.000194351             1   0.000265997   -0.00568711    0.00027829  -0.000265943             1    -0.0149259
            1   0.000236208  -0.000144695     0.0110266  -0.000236145             1   0.000434947   -0.00222009   0.000144798  -0.000434913             1   -0.00916821
            1   0.000389823   -0.00034642    0.00965313  -0.000389818             1   1.62914e-05   -0.00285436   0.000346426  -1.61564e-05             1     0.0234324
            1   0.000116953  -0.000393194    0.00615132  -0.000116927             1   6.62091e-05    0.00654994   0.000393201  -6.61631e-05             1    -0.0141174
            1  -8.92332e-05  -0.000372944   -0.00242262   8.94481e-05             1   0.000576258     0.0235359   0.000372893  -0.000576291             1    -0.0564854
            1  -0.000248216  -0.000332639    -0.0026506   0.000248158             1  -0.000175867     0.0102613   0.000332683   0.000175785             1    -0.0097124
            1  -0.000260194  -0.000601586    -0.0125946   0.000260054             1  -0.000232834    -0.0141833   0.000601647   0.000232677             1     0.0198659
            1   0.000144789  -0.000422326     0.0105899  -0.000144786             1   7.16643e-06    -0.0114739   0.000422328  -7.10528e-06             1   -0.00589638
            1  -1.30743e-05   -0.00046054  -0.000235308    1.3139e-05             1   0.000140473     0.0140676   0.000460539  -0.000140479             1   -0.00649146
            1   0.000128149  -0.000472913    0.00214166  -0.000128118             1   6.39657e-05     0.0384456   0.000472921  -6.39051e-05             1    0.00189444
            1   0.000245257  -0.000690829     0.0207705  -0.000245686             1  -0.000620657     0.0265584   0.000690677   0.000620827             1    -0.0231299
     0.999999    0.00117806  -0.000778334     0.0831936   -0.00117925      0.999998   -0.00152667    -0.0201848   0.000776534    0.00152759      0.999999     0.0283831
            1   0.000741167  -0.000656141     0.0585569  -0.000740924             1   0.000369364    -0.0229175   0.000656414  -0.000368878             1    -0.0611296
     0.999999   0.000672142  -0.000756646     0.0451836  -0.000671927             1   0.000284755     0.0387846   0.000756837  -0.000284247             1    -0.0504482
     0.999999   0.000604745  -0.000867147     0.0316603  -0.000604709             1   4.17794e-05     0.0568326   0.000867172   -4.1255e-05             1    -0.0312573
            1   0.000435008  -0.000646375     0.0413132  -0.000434641             1   0.000567249     0.0593889   0.000646621  -0.000566968             1    -0.0984187
            1   0.000395622  -0.000691495     0.0281255  -0.000395232             1   0.000564085      0.052588   0.000691718  -0.000563811             1    -0.0919305
            1   0.000450375  -0.000710326     0.0315641  -0.000450124             1   0.000352903     0.0398003   0.000710485  -0.000352583             1    -0.0799293
            1   0.000410751  -0.000864261     0.0267267  -0.000410679             1   8.35549e-05     0.0326021   0.000864296     -8.32e-05             1    -0.0616334
            1   0.000334748  -0.000913138     0.0224734  -0.000334147             1   0.000658174     0.0520793   0.000913358  -0.000657868      0.999999     -0.101227
     0.999999    0.00054347   -0.00100374     0.0224078  -0.000543211             1   0.000257687     0.0518077    0.00100388  -0.000257142      0.999999    -0.0590229
     0.999999   0.000611846  -0.000999921     0.0302665  -0.000611933             1  -8.66713e-05     0.0211427   0.000999868   8.72831e-05      0.999999     -0.036506
     0.999999   0.000541617   -0.00106766     0.0200612  -0.000541281             1   0.000315625    0.00771154    0.00106783  -0.000315047      0.999999     -0.056638
     0.999999   0.000550417  -0.000918684     0.0256751  -0.000550483             1  -7.26064e-05     0.0123385   0.000918644    7.3112e-05             1     -0.023707
     0.999999   0.000618576  -0.000995167     0.0316528  -0.000618658             1  -8.24759e-05    0.00642334   0.000995116   8.30915e-05             1    -0.0151238
     0.999999    0.00046054  -0.000975166     0.0277491  -0.000460269             1   0.000277859     0.0182797   0.000975293   -0.00027741      0.999999    -0.0440955
     0.999999   0.000473671  -0.000949127     0.0280974   -0.00047363             1   4.37201e-05     0.0162197   0.000949147  -4.32705e-05             1    -0.0135902
     0.999999   0.000516809   -0.00086641     0.0335685  -0.000517066             1  -0.000295839    0.00610126   0.000866257   0.000296287             1   -0.00441184
     0.999999   0.000408516  -0.000984231     0.0246025  -0.000408372             1   0.000146628   0.000197546   0.000984291  -0.000146226             1    -0.0316803
     0.999999   0.000431428  -0.000997862     0.0266187  -0.000431879             1  -0.000452273     0.0223923   0.000997667   0.000452703      0.999999  -0.000869898
     0.999999   0.000509586   -0.00128119     0.0212305  -0.000510531             1  -0.000737931     -0.016266    0.00128081   0.000738584      0.999999     0.0372519
     0.999999   0.000421804    -0.0011171     0.0251638  -0.000421809             1  -3.83277e-06   -0.00402618     0.0011171   4.30397e-06      0.999999    0.00426286
     0.999999   0.000514702   -0.00118117     0.0227461  -0.000515463             1  -0.000644685    -0.0138664    0.00118083   0.000645293      0.999999     0.0537111
     0.999999   0.000566758   -0.00135409     0.0139462  -0.000567644             1  -0.000653846    -0.0362619    0.00135372   0.000654614      0.999999     0.0692458
     0.999999   0.000566319   -0.00122239     0.0193187  -0.000566262             1   4.69662e-05    -0.0182685    0.00122241   -4.6274e-05      0.999999      0.022748
     0.999999   0.000797842   -0.00143935       0.01742  -0.000798588             1   -0.00051815    0.00695596    0.00143893   0.000519299      0.999999     0.0325675
     0.999999   0.000537314   -0.00126622     0.0141554  -0.000537116             1    0.00015666     0.0397275    0.00126631   -0.00015598      0.999999    -0.0314944
     0.999999   0.000682129   -0.00111113       0.02842  -0.000681877             1   0.000227365     0.0389771    0.00111128  -0.000226607      0.999999    -0.0150116
     0.999999   0.000739867   -0.00112382     0.0361751  -0.000739902             1  -3.02219e-05      0.017255     0.0011238   3.10534e-05      0.999999     -0.013099
     0.999999   0.000741945   -0.00126656       0.02894  -0.000741242             1   0.000555443     0.0432324    0.00126697  -0.000554504      0.999999    -0.0517157
     0.999999   0.000761786   -0.00122841     0.0328329  -0.000761694             1   7.54674e-05      0.052965    0.00122847  -7.45316e-05      0.999999    -0.0366513
     0.999999   0.000545595  -0.000986184     0.0388479  -0.000545239             1   0.000361286     0.0213999   0.000986381  -0.000360749      0.999999    -0.0521547
     0.999999   0.000493626   -0.00102419     0.0344823  -0.000493291             1   0.000327789    -0.0238179    0.00102435  -0.000327284      0.999999    -0.0462089
     0.999999   0.000600371   -0.00100695      0.035948  -0.000600496             1  -0.000123585   -0.00882613    0.00100688    0.00012419      0.999999    0.00689726
     0.999999   0.000776533   -0.00125291     0.0413695  -0.000776475             1   4.62948e-05     0.0180442    0.00125294  -4.53219e-05      0.999999    0.00113643
     0.999999   0.000614357   -0.00100604     0.0361506  -0.000613643             1   0.000709901     0.0423239    0.00100647  -0.000709283      0.999999    -0.0301118
     0.999999   0.000797339   -0.00109339     0.0386155  -0.000797294             1   4.14261e-05    0.00675873    0.00109343  -4.05543e-05      0.999999    -0.0054848
     0.999999    0.00075304   -0.00106776      0.041969  -0.000752621             1   0.000392543   -0.00204031    0.00106806  -0.000391739      0.999999    -0.0230819
     0.999999   0.000676208   -0.00110369     0.0346702   -0.00067544             1   0.000696278     0.0393634    0.00110416  -0.000695531      0.999999    -0.0404125
     0.999999   0.000980515   -0.00111648     0.0476729  -0.000979967      0.999999   0.000491212      0.051224    0.00111696  -0.000490117      0.999999    -0.0023306
     0.999999   0.000929101   -0.00117762     0.0469169  -0.000927962      0.999999   0.000967226     0.0393927    0.00117852  -0.000966132      0.999999    -0.0585274
     0.999999    0.00106787  -0.000939041     0.0600461   -0.00106746      0.999999   0.000430612     0.0469586     0.0009395   -0.00042961      0.999999    -0.0323656
     0.999999    0.00108849  -0.000976353     0.0606105   -0.00108841      0.999999    8.1889e-05     0.0115838   0.000976442  -8.08262e-05             1    0.00414832
     0.999999    0.00109863   -0.00102956     0.0610521   -0.00109779      0.999999   0.000814188     0.0346884    0.00103045  -0.000813057      0.999999    -0.0532499
     0.999999    0.00100543  -0.000881295     0.0652508   -0.00100513      0.999999   0.000346142     0.0361934   0.000881643  -0.000345256             1    -0.0126217
     0.999999    0.00136446  -0.000972626     0.0641955   -0.00136505      0.999999  -0.000597523     -0.135486   0.000971809   0.000598849      0.999999      0.129967
     0.999999    0.00144193  -0.000358795     0.0819169   -0.00144156      0.999998    0.00102022     0.0315768   0.000360266    -0.0010197      0.999999     0.0725657
     0.999998    0.00167637  -0.000832896     0.0761224   -0.00167652      0.999999  -0.000181452    -0.0249536   0.000832591   0.000182848             1      0.106298
     0.999998    0.00181365  -0.000949523     0.0740774   -0.00181403      0.999998  -0.000391473    -0.0265702   0.000948811   0.000393195      0.999999      0.115233
     0.999997     0.0019811   -0.00111525     0.0753524   -0.00198037      0.999998   0.000651339     0.0169834    0.00111654  -0.000649128      0.999999     0.0120442
     0.999997    0.00195259   -0.00122631      0.064942     -0.001952      0.999998   0.000487899   0.000332793    0.00122726  -0.000485504      0.999999     0.0451045
     0.999997    0.00193966   -0.00121786     0.0722766   -0.00193924      0.999998   0.000346066     0.0306174    0.00121852  -0.000343703      0.999999     0.0300458
     0.999997    0.00212652   -0.00111359     0.0887081   -0.00212618      0.999998   0.000308247     0.0135366    0.00111425  -0.000305878      0.999999     0.0326909
     0.999997     0.0020738   -0.00122512     0.0832494   -0.00207247      0.999997    0.00108508      0.055196    0.00122737   -0.00108253      0.999999    -0.0537745
     0.999997     0.0022203   -0.00111639     0.0969184   -0.00221981      0.999997    0.00044069     0.0374175    0.00111737   -0.00043821      0.999999    0.00593848
     0.999997    0.00217623   -0.00128919      0.080645   -0.00217553      0.999997   0.000547331      0.018557    0.00129038  -0.000544525      0.999999   -0.00338804
     0.999997    0.00210629   -0.00112265     0.0941143   -0.00210633      0.999998  -3.47167e-05    0.00223838    0.00112257   3.70812e-05      0.999999     0.0466872
     0.999997      0.002055   -0.00134732     0.0799997    -0.0020545      0.999998   0.000376738     0.0115558    0.00134809  -0.000373969      0.999999     0.0125174
     0.999997     0.0018733   -0.00127671     0.0777995   -0.00187232      0.999998   0.000771694     0.0404276    0.00127815  -0.000769301      0.999999    -0.0146362
     0.999997    0.00198822   -0.00134987     0.0822079   -0.00198796      0.999998   0.000189069     0.0150265    0.00135024  -0.000186385      0.999999     0.0145924
     0.999997    0.00204712   -0.00161893     0.0690673   -0.00204684      0.999998   0.000176944    0.00861575    0.00161929   -0.00017363      0.999999     0.0207867
     0.999997    0.00193387   -0.00149563      0.065085   -0.00193327      0.999998   0.000402145      0.002541    0.00149641  -0.000399252      0.999999    0.00947176
     0.999996    0.00217108   -0.00177223     0.0524485   -0.00217189      0.999998  -0.000453636   -0.00403857    0.00177124   0.000457483      0.999998      0.101081
     0.999995    0.00251171   -0.00166063     0.0646987   -0.00251144      0.999997   0.000164309   -0.00512258    0.00166104  -0.000160138      0.999999     0.0628512
     0.999996    0.00240574   -0.00149759     0.0777402   -0.00240549      0.999997   0.000166081     0.0297863    0.00149798  -0.000162478      0.999999     0.0578056
     0.999996     0.0023918   -0.00123224     0.0970667   -0.00239171      0.999997   7.50304e-05     0.0204074    0.00123242  -7.20829e-05      0.999999     0.0356906
     0.999996    0.00227708   -0.00145272     0.0882039   -0.00227668      0.999997   0.000278442     0.0143925    0.00145335  -0.000275134      0.999999     0.0186006
     0.999996    0.00224129   -0.00148922     0.0869016   -0.00224156      0.999997  -0.000179165    0.00666575    0.00148882   0.000182502      0.999999     0.0453905
     0.999996    0.00227716   -0.00150085     0.0956844   -0.00227747      0.999997  -0.000203993   -0.00385769    0.00150038   0.000207411      0.999999     0.0427685
     0.999996    0.00235001   -0.00146743     0.0930179    -0.0023493      0.999997   0.000482061    0.00148422    0.00146855  -0.000478612      0.999999     0.0158232
     0.999996    0.00233662   -0.00147186       0.09412   -0.00233699      0.999997  -0.000254437    0.00823377    0.00147126   0.000257876      0.999999     0.0436244
     0.999996    0.00235028   -0.00167994     0.0811767   -0.00235056      0.999997  -0.000165024     0.0133356    0.00167955   0.000168972      0.999999     0.0365066
     0.999996    0.00230942   -0.00167831     0.0845201   -0.00230873      0.999997   0.000411585     0.0442981    0.00167926  -0.000407708      0.999999   -0.00239667
     0.999996    0.00240606   -0.00155572      0.100197   -0.00240564      0.999997    0.00027093     0.0537617    0.00155636  -0.000267186      0.999999  -4.08837e-05
     0.999996    0.00239554   -0.00156032      0.100735   -0.00239596      0.999997  -0.000268062     0.0278589    0.00155968   0.000271799      0.999999     0.0221423
     0.999996    0.00245777   -0.00147816      0.108553   -0.00245751      0.999997   0.000178746     0.0342129     0.0014786  -0.000175113      0.999999     0.0100702
     0.999996    0.00239415    -0.0015537      0.105022   -0.00239389      0.999997   0.000171504     0.0311909     0.0015541  -0.000167784      0.999999    0.00621141
     0.999996    0.00247123   -0.00156665      0.114323   -0.00247123      0.999997  -2.92158e-07     0.0350428    0.00156664   4.16371e-06      0.999999    0.00855846
     0.999996    0.00241732   -0.00155814      0.114971   -0.00241689      0.999997   0.000273985      0.028896    0.00155879  -0.000270218      0.999999    -0.0136876
     0.999996    0.00236553   -0.00163192      0.108603   -0.00236486      0.999997   0.000412395      0.024903    0.00163289  -0.000408534      0.999999   -0.00535667
     0.999996    0.00258353   -0.00141059      0.129874   -0.00258308      0.999997   0.000321258     0.0391262    0.00141141  -0.000317613      0.999999     0.0043071
     0.999995    0.00264301   -0.00175418      0.115228   -0.00264209      0.999996   0.000526738     0.0671916    0.00175557    -0.0005221      0.999998    -0.0370641
     0.999995    0.00249531   -0.00167337      0.104598   -0.00249431      0.999997   0.000599595     0.0839959    0.00167486  -0.000595418      0.999998    -0.0297062
     0.999995    0.00262499   -0.00173465      0.119352   -0.00262428      0.999996    0.00041283     0.0652129    0.00173573  -0.000408276      0.999998    -0.0184565
     0.999996    0.00242412   -0.00158129      0.116903   -0.00242378      0.999997   0.000214497      0.069627     0.0015818  -0.000210663      0.999999     0.0169154
     0.999995    0.00262495   -0.00177617      0.109411   -0.00262337      0.999996   0.000893548     0.0592027    0.00177851  -0.000888884      0.999998    -0.0276767
     0.999995    0.00273126   -0.00158453      0.136734   -0.00273107      0.999996   0.000124708      0.082968    0.00158487   -0.00012038      0.999999    0.00914788
     0.999995    0.00268984   -0.00187349       0.11089   -0.00268758      0.999996    0.00120359     0.0855345    0.00187672   -0.00119855      0.999998    -0.0326702
     0.999995    0.00273813    -0.0016787      0.135248    -0.0027368      0.999996   0.000793688      0.057856    0.00168087   -0.00078909      0.999998    -0.0263469
     0.999995    0.00267009   -0.00187998      0.118753   -0.00266912      0.999996   0.000518217     0.0951987    0.00188135  -0.000513196      0.999998   -0.00231511
     0.999995    0.00242983   -0.00223684     0.0992476   -0.00243121      0.999997  -0.000616896    -0.0243882    0.00223534   0.000622331      0.999997     0.0696195
     0.999994    0.00230527   -0.00254166     0.0737771   -0.00230854      0.999997   -0.00128386    -0.0384227    0.00253869    0.00128972      0.999996      0.147537
     0.999993    0.00245713   -0.00274524     0.0827635   -0.00245937      0.999997  -0.000815819     0.0220522    0.00274323   0.000822565      0.999996      0.102342
     0.999993    0.00265642   -0.00280891     0.0896824   -0.00265822      0.999996  -0.000635849    0.00118751    0.00280721   0.000643311      0.999996     0.0967636
     0.999993     0.0025218   -0.00282838     0.0888624   -0.00252142      0.999997   0.000139332     0.0199585    0.00282872  -0.000132199      0.999996     0.0266202
     0.999993    0.00252811   -0.00289002     0.0964461   -0.00252895      0.999997  -0.000289184     0.0401873    0.00288928   0.000296491      0.999996     0.0390777
     0.999993    0.00250783   -0.00291657     0.0867787     -0.002508      0.999997  -5.29858e-05     0.0443548    0.00291643   6.03001e-05      0.999996     0.0264093
     0.999992    0.00250525   -0.00303927     0.0829703   -0.00250569      0.999997  -0.000140982      0.047485     0.0030389   0.000148596      0.999995     0.0202542
     0.999992    0.00253138   -0.00297661     0.0946029   -0.00253134      0.999997   1.82254e-05     0.0333175    0.00297665  -1.06904e-05      0.999996      0.012372
     0.999993    0.00242176   -0.00279449      0.100665    -0.0024214      0.999997   0.000131076     0.0285962     0.0027948  -0.000124309      0.999996     0.0126432
     0.999993    0.00260826   -0.00285446      0.108598   -0.00260757      0.999997   0.000245318     0.0665149    0.00285509  -0.000237873      0.999996   -0.00776032
     0.999992    0.00268629   -0.00282767      0.114679   -0.00268581      0.999996   0.000174087     0.0428378    0.00282813  -0.000166491      0.999996     0.0135076
     0.999992    0.00281139   -0.00293843      0.102463   -0.00280918      0.999996   0.000755968     0.0599475    0.00294054  -0.000747707      0.999995    -0.0252762
     0.999991     0.0029327   -0.00294207     0.0876399    -0.0029309      0.999996   0.000614204     0.0434067    0.00294386  -0.000605576      0.999995   -0.00180553
     0.999991    0.00314312   -0.00280903     0.0916395   -0.00314411      0.999995  -0.000347447     0.0165216    0.00280792   0.000356276      0.999996      0.102081
      0.99999    0.00334258   -0.00280243      0.100479   -0.00334281      0.999994  -7.71302e-05    0.00956604    0.00280215   8.64975e-05      0.999996     0.0762547
      0.99999    0.00333088   -0.00287293      0.105603   -0.00332898      0.999994   0.000667699     0.0386106    0.00287514  -0.000658129      0.999996     0.0118423
      0.99999    0.00335482   -0.00303149     0.0883815    -0.0033554      0.999994  -0.000185813     0.0240634    0.00303085   0.000195983      0.999995     0.0743911
     0.999989     0.0036349   -0.00291347      0.099018   -0.00363424      0.999993   0.000232822     0.0344608     0.0029143  -0.000222231      0.999996     0.0451435
      0.99999    0.00339766   -0.00305123     0.0845588   -0.00339634      0.999994   0.000436926      0.028828     0.0030527  -0.000426559      0.999995     0.0318205
     0.999989    0.00362185   -0.00294986     0.0965442   -0.00362085      0.999993    0.00034246     0.0635031    0.00295108  -0.000331776      0.999996     0.0475338
     0.999989    0.00337952    -0.0031158     0.0899719   -0.00337921      0.999994   0.000104401     0.0372949    0.00311613  -9.38707e-05      0.999995     0.0910095
     0.999989    0.00341544   -0.00311555     0.0842761   -0.00341168      0.999993    0.00121118     0.0631233    0.00311967   -0.00120054      0.999994   -0.00761665
      0.99999     0.0034553   -0.00296118      0.085578   -0.00345404      0.999994   0.000427943     0.0542013    0.00296264  -0.000417711      0.999996      0.039452
     0.999989    0.00344789   -0.00313575     0.0799807   -0.00344599      0.999994   0.000611123     0.0542019    0.00313784   -0.00060031      0.999995     0.0433666
     0.999989    0.00365121   -0.00292931     0.0973723   -0.00365095      0.999993   9.43287e-05     0.0242553    0.00292964  -8.36329e-05      0.999996     0.0747882
     0.999988    0.00391278   -0.00299168      0.097972   -0.00391047      0.999992   0.000776823     0.0375031    0.00299469  -0.000765114      0.999995     0.0314011
     0.999988    0.00385855   -0.00317625     0.0725701    -0.0038612      0.999992  -0.000828077    -0.0316029    0.00317303   0.000840331      0.999995      0.207905
     0.999986    0.00418892   -0.00331013     0.0658209   -0.00418945      0.999991  -0.000154164    -0.0331074    0.00330945    0.00016803      0.999995      0.150003
     0.999987     0.0041064   -0.00317131     0.0847622   -0.00410818      0.999991  -0.000554952    -0.0200184    0.00316901   0.000567973      0.999995      0.155606
     0.999988    0.00382691    -0.0029183      0.092172   -0.00382606      0.999993   0.000297789     0.0155769    0.00291942   -0.00028662      0.999996     0.0800188
     0.999988    0.00396643   -0.00279257     0.0992402   -0.00396647      0.999992  -7.83048e-06     0.0148038    0.00279252    1.8907e-05      0.999996     0.0918356
     0.999987    0.00407447   -0.00297277     0.0923485   -0.00407348      0.999992   0.000338868     0.0320579    0.00297413  -0.000326754      0.999996     0.0889328
     0.999987    0.00400887   -0.00313879     0.0819521   -0.00400647      0.999992   0.000773562     0.0409232    0.00314187  -0.000760976      0.999995     0.0495722
     0.999987    0.00392247   -0.00316653     0.0791243   -0.00392272      0.999992  -7.35256e-05     0.0240932    0.00316622   8.59461e-05      0.999995     0.0881325
     0.999988    0.00384819   -0.00296424     0.0948708   -0.00384671      0.999992    0.00050389      0.023365    0.00296615  -0.000492482      0.999995     0.0483879
     0.999988    0.00389998   -0.00306128     0.0869117   -0.00389852      0.999992   0.000481592      0.017381    0.00306314  -0.000469652      0.999995      0.060648
     0.999987    0.00402725   -0.00304881     0.0922985   -0.00402611      0.999992   0.000380454     0.0249089    0.00305031  -0.000368175      0.999995     0.0487657
     0.999987     0.0039687   -0.00317179     0.0856605   -0.00396762      0.999992   0.000348328     0.0320352    0.00317315  -0.000335739      0.999995     0.0653256
     0.999987    0.00395038   -0.00314469     0.0897498   -0.00394747      0.999992   0.000932181      0.066944    0.00314835  -0.000919755      0.999995     0.0374435
     0.999987    0.00413002   -0.00289712      0.111159   -0.00412785      0.999991   0.000755216     0.0753202    0.00290021  -0.000743247      0.999996     0.0279244
      0.99999    0.00408752   -0.00198491      0.154612   -0.00408096      0.999986    0.00329672      0.155172    0.00199836   -0.00328858      0.999993   -0.00490385
     0.999983    0.00515197    -0.0025571      0.190454   -0.00511182      0.999867     0.0154672      0.265968    0.00263644    -0.0154539      0.999877      0.134834
     0.999978    0.00534936   -0.00382349      0.182634   -0.00529936      0.999902     0.0129705      0.349906     0.0038925      -0.01295      0.999909      0.269601
      0.99997     0.0059735   -0.00483535      0.170976    -0.0059231      0.999929     0.0103713      0.181771    0.00489695    -0.0103424      0.999935      0.423956
     0.999965    0.00629758   -0.00546086      0.140473   -0.00624197      0.999929      0.010142      0.134234    0.00552434    -0.0101076      0.999934      0.402351
     0.999964    0.00637353   -0.00558432      0.141775    -0.0063275      0.999946     0.0082221     0.0751893    0.00563642   -0.00818647      0.999951       0.48355
     0.999963    0.00649643   -0.00563185      0.155948   -0.00644665       0.99994    0.00881234     0.0826042    0.00568877   -0.00877571      0.999945      0.435073
     0.999965    0.00621958   -0.00555083      0.156404   -0.00617422      0.999948    0.00815288     0.0555409    0.00560125   -0.00811832      0.999951      0.490397
     0.999963    0.00615683   -0.00599389      0.136809    -0.0061186      0.999961    0.00637602   -0.00514502    0.00603291   -0.00633911      0.999962      0.574878
     0.999962    0.00623327   -0.00606332      0.124796   -0.00619402       0.99996    0.00647008    -0.0590466    0.00610341   -0.00643228      0.999961      0.576865
     0.999962    0.00628707   -0.00601014       0.13418   -0.00624933      0.999961     0.0062787    0.00770902    0.00604938   -0.00624091      0.999962      0.571988
     0.999964    0.00601026   -0.00599354        0.1135   -0.00597043       0.99996    0.00664249    -0.0203129    0.00603322   -0.00660646       0.99996      0.555976
     0.999963    0.00611379   -0.00605804      0.110402   -0.00607515      0.999961    0.00637626    -0.0160168    0.00609679   -0.00633922      0.999961      0.561529
     0.999965    0.00602534   -0.00582381      0.138068   -0.00598772      0.999961    0.00645582    -0.0338535    0.00586248   -0.00642072      0.999962      0.556798
     0.999965    0.00605631   -0.00568633      0.148759   -0.00601812      0.999959    0.00670906    -0.0103516    0.00572674    -0.0066746      0.999961      0.543049
     0.999964    0.00619374   -0.00573196      0.143089   -0.00615266      0.999955     0.0071561     0.0110002    0.00577603   -0.00712058      0.999958      0.509216
     0.999965    0.00626706   -0.00555333      0.157566   -0.00622584      0.999953    0.00740854    0.00195211     0.0055995   -0.00737371      0.999957      0.480033
     0.999966    0.00616483   -0.00556331      0.149033   -0.00612711      0.999958    0.00677238     0.0205824    0.00560483   -0.00673806      0.999962      0.531293
     0.999963    0.00641307   -0.00571564      0.149886   -0.00637284      0.999955    0.00702904      0.034354    0.00576046   -0.00699236      0.999959      0.523765
     0.999963    0.00607317   -0.00608786       0.12158   -0.00602903      0.999956    0.00724386     0.0301011    0.00613158   -0.00720689      0.999955       0.51581
     0.999964    0.00597949   -0.00596186      0.121312   -0.00594224      0.999963    0.00624721     0.0120176    0.00599899   -0.00621156      0.999963      0.573542
     0.999964    0.00608808   -0.00593471      0.123999   -0.00605018      0.999961    0.00638323    -0.0130529    0.00597334    -0.0063471      0.999962      0.545725
     0.999966    0.00601641   -0.00565003      0.136035   -0.00598157      0.999963    0.00616453    -0.0188025    0.00568691   -0.00613053      0.999965      0.594129
     0.999965    0.00614743   -0.00572473      0.144145   -0.00611107      0.999961    0.00634698    -0.0282377    0.00576353   -0.00631177      0.999963      0.573443
     0.999964    0.00623774   -0.00576339      0.153641   -0.00619663      0.999955    0.00712359     0.0196219    0.00580757   -0.00708762      0.999958      0.529214
     0.999964    0.00634471   -0.00563163      0.167937   -0.00630498      0.999955    0.00704513       0.05106    0.00567608   -0.00700937      0.999959      0.532131
     0.999964    0.00638244   -0.00560168      0.169292   -0.00634406      0.999956    0.00684202     0.0416456     0.0056451   -0.00680624      0.999961      0.540882
     0.999962    0.00635182   -0.00600078       0.14637   -0.00630694      0.999952    0.00746744     0.0474147    0.00604792   -0.00742931      0.999954      0.527637
     0.999963    0.00628373   -0.00581165       0.15461   -0.00624235      0.999955    0.00711186     0.0355313    0.00585608   -0.00707532      0.999958      0.545924
     0.999964    0.00629967   -0.00562926      0.161168   -0.00626035      0.999956     0.0069751     0.0182513    0.00567295   -0.00693961       0.99996      0.561605
     0.999962    0.00648814   -0.00576212      0.158965   -0.00644639      0.999953    0.00723564    0.00812322     0.0058088   -0.00719822      0.999957      0.540516
     0.999963    0.00645877   -0.00571845      0.152642   -0.00641728      0.999953    0.00724475     0.0396037    0.00576497   -0.00720778      0.999957      0.555804
     0.999964    0.00643498   -0.00559529      0.159351   -0.00639617      0.999956    0.00692693     0.0276732    0.00563962   -0.00689089       0.99996      0.554753
     0.999963    0.00642801   -0.00574383         0.163    -0.0063866      0.999954    0.00719989    0.00368696    0.00578985   -0.00716294      0.999958      0.537925
     0.999963    0.00641314   -0.00579459      0.162543   -0.00637087      0.999953    0.00728384    0.00854739    0.00584103   -0.00724665      0.999957      0.533436
     0.999964    0.00630553   -0.00565335      0.162339   -0.00626792      0.999958    0.00664526     0.0282722    0.00569502   -0.00660958      0.999962       0.59729
     0.999963    0.00681283   -0.00532786      0.199887   -0.00677296      0.999949    0.00746608   -0.00552586    0.00537846   -0.00742972      0.999958      0.584563
     0.999963    0.00696183   -0.00502765      0.186816   -0.00691757      0.999938    0.00876609      0.101322    0.00508837   -0.00873098      0.999949      0.542799
     0.999964    0.00674299    -0.0052461      0.176928    -0.0067011      0.999946    0.00796232      0.141594    0.00529951   -0.00792688      0.999955      0.590077
     0.999962     0.0066415   -0.00556176      0.177192   -0.00659979       0.99995    0.00748538     0.0288714    0.00561119    -0.0074484      0.999957      0.615625
     0.999963     0.0065221   -0.00553093      0.184071   -0.00648124      0.999952    0.00737254     0.0351521    0.00557875   -0.00733642      0.999958      0.613136
     0.999961    0.00661836   -0.00578017      0.180717   -0.00657778      0.999954    0.00701043     0.0754528     0.0058263   -0.00697214      0.999959      0.603128
     0.999963    0.00642878    -0.0056729      0.178975   -0.00638886      0.999955    0.00702726     0.0818078    0.00571782   -0.00699076      0.999959      0.586825
     0.999962    0.00659647   -0.00573076      0.188363   -0.00655458      0.999952    0.00729774     0.0359415    0.00577863    -0.0072599      0.999957      0.556434
     0.999963    0.00652211   -0.00554584      0.200104   -0.00648324      0.999954    0.00699947     0.0447721    0.00559124   -0.00696326       0.99996       0.61147
     0.999961    0.00681626   -0.00555441      0.206003   -0.00677718      0.999952    0.00702531     0.0366102    0.00560204   -0.00698739       0.99996      0.610914
     0.999959     0.0069388   -0.00585441      0.196784   -0.00689548      0.999949    0.00738667     0.0590283    0.00590536   -0.00734599      0.999956      0.565232
      0.99996     0.0068444   -0.00575091      0.194539   -0.00680385      0.999952    0.00704068     0.0411915    0.00579883   -0.00700127      0.999959      0.596783
      0.99996       0.00672   -0.00592523      0.177855   -0.00668294      0.999958    0.00625188     0.0139463    0.00596699   -0.00621203      0.999963      0.638519
     0.999961    0.00658151   -0.00586619      0.172023   -0.00654321      0.999957    0.00652394    0.00678533    0.00590888    -0.0064853      0.999962      0.611722
     0.999961    0.00667891   -0.00583362      0.179963   -0.00663971      0.999955    0.00671303   -0.00233117     0.0058782   -0.00667403       0.99996      0.607759
     0.999963    0.00646151    -0.0057479      0.182454   -0.00642992      0.999964    0.00549796    -0.0105915    0.00578322    -0.0054608      0.999968       0.69358
     0.999962    0.00649486   -0.00586262      0.175141   -0.00645841       0.99996      0.006215     -0.033523    0.00590275    -0.0061769      0.999964      0.655672
     0.999962    0.00644219   -0.00583046      0.176165   -0.00640493      0.999959    0.00638688    -0.0443268    0.00587137   -0.00634929      0.999963      0.647045
      0.99996    0.00650138   -0.00607674      0.170373   -0.00646669      0.999963    0.00570993    -0.0314125    0.00611364   -0.00567041      0.999965      0.696657
      0.99996    0.00651199   -0.00605483      0.173131   -0.00647725      0.999963     0.0057393     -0.058147    0.00609198   -0.00569986      0.999965      0.663534
     0.999961    0.00640687   -0.00611355      0.161218   -0.00637237      0.999964    0.00564619       -0.0808     0.0061495   -0.00560701      0.999965      0.688623
     0.999961    0.00646287   -0.00607085      0.158646   -0.00642964      0.999964    0.00547708    -0.0664768    0.00610604   -0.00543783      0.999967      0.711939
     0.999959    0.00656777    -0.0061821      0.163754   -0.00653141      0.999961    0.00588254    -0.0637413     0.0062205   -0.00584193      0.999964      0.661197
     0.999959    0.00657224    -0.0062086      0.162005     -0.006537      0.999963    0.00567897    -0.0413571    0.00624569   -0.00563815      0.999965      0.670048
      0.99996    0.00660547   -0.00610158      0.169001   -0.00657238      0.999964    0.00542667    -0.0332009     0.0061372   -0.00538635      0.999967      0.688511
      0.99996    0.00652452    -0.0061833      0.162956   -0.00649072      0.999964    0.00547158    -0.0406531    0.00621878   -0.00543122      0.999966      0.691414
     0.999961    0.00652527   -0.00598414      0.173568   -0.00649122      0.999963    0.00569087      -0.05174    0.00602105   -0.00565181      0.999966      0.697741
     0.999961    0.00666632   -0.00585454      0.183466   -0.00663559      0.999964    0.00525175    -0.0507156    0.00588934   -0.00521269      0.999969      0.705807
      0.99996    0.00661817   -0.00599654      0.179104     -0.006584      0.999962    0.00570076    -0.0360783    0.00603404   -0.00566105      0.999966      0.693516
     0.999961    0.00652508   -0.00600488      0.178317   -0.00649076      0.999963    0.00571683     -0.054404    0.00604196   -0.00567763      0.999966      0.679103
      0.99996    0.00662769   -0.00608858      0.176136   -0.00659308      0.999962    0.00568639    -0.0263453    0.00612604   -0.00564602      0.999965      0.671491
      0.99996    0.00656122   -0.00613827      0.167234   -0.00652517      0.999961     0.0058752    -0.0395755    0.00617658   -0.00583491      0.999964      0.654939
     0.999961    0.00660732   -0.00592718       0.18516   -0.00657038      0.999959    0.00623042     -0.018875     0.0059681   -0.00619123      0.999963      0.642977
     0.999958    0.00675714   -0.00613168      0.179681   -0.00671752      0.999957    0.00646018     0.0256432    0.00617507   -0.00641872       0.99996      0.618592
     0.999961    0.00716775   -0.00517646      0.226181   -0.00713617      0.999956    0.00609349    -0.0431655    0.00521991   -0.00605631      0.999968       0.67612
     0.999965    0.00602429   -0.00580072      0.152758   -0.00599952      0.999973    0.00427847     -0.110741    0.00582634   -0.00424352      0.999974      0.814454
     0.999964    0.00584933   -0.00618718      0.141203    -0.0058285      0.999977    0.00337805     -0.162869     0.0062068   -0.00334186      0.999975      0.889611
     0.999961     0.0061985   -0.00622597      0.153787   -0.00617251      0.999972    0.00418417      -0.17126    0.00625173   -0.00414558      0.999972       0.85727
     0.999959    0.00645559    -0.0062833      0.155321   -0.00643208      0.999972    0.00375548     -0.160802    0.00630737   -0.00371491      0.999973      0.863374
     0.999959    0.00653634   -0.00623097      0.166775   -0.00651354      0.999972    0.00367154     -0.163798    0.00625479    -0.0036308      0.999974      0.841205
     0.999958    0.00662409   -0.00629395      0.172011   -0.00659587      0.999968    0.00449294     -0.134187    0.00632351   -0.00445124       0.99997      0.789256
     0.999958    0.00663924   -0.00628909      0.182531   -0.00661403       0.99997    0.00402138     -0.118365     0.0063156   -0.00397961      0.999972      0.818555
     0.999958    0.00672985    -0.0062669      0.185536   -0.00670053      0.999967    0.00468864     -0.141157    0.00629824   -0.00464645      0.999969      0.783073
     0.999959    0.00663132   -0.00612778      0.187672   -0.00660398      0.999968    0.00447072     -0.150098    0.00615723   -0.00443007      0.999971       0.80146
      0.99996    0.00655778   -0.00610143      0.182406   -0.00653497      0.999972    0.00375077     -0.137265    0.00612586   -0.00371075      0.999974      0.848278
     0.999957    0.00669381   -0.00642295      0.174239   -0.00666649      0.999969    0.00426455     -0.141099    0.00645129   -0.00422155       0.99997      0.806332
     0.999959    0.00655696   -0.00630699      0.176501    -0.0065306       0.99997    0.00419113     -0.124045    0.00633428   -0.00414977      0.999971       0.82634
     0.999955    0.00688054    -0.0065004       0.16918   -0.00685336      0.999968    0.00419482     -0.142993    0.00652905   -0.00415008       0.99997       0.83724
     0.999956    0.00727351   -0.00585792        0.1895    -0.0072458      0.999963    0.00473768     -0.180863    0.00589216   -0.00469503      0.999972      0.792687
     0.999966    0.00678755   -0.00464709      0.219003   -0.00677799      0.999975    0.00207116     -0.138563    0.00466104   -0.00203959      0.999987      0.942406
     0.999966    0.00592065   -0.00571926      0.139228    -0.0059132      0.999982    0.00131855     -0.208902    0.00572697   -0.00128469      0.999983       1.00913
