# 3dvolreg matrices (DICOM-to-DICOM, row-by-row):
     0.999973    0.00450628   -0.00575884       1.99019    -0.0044966      0.999988    0.00169365      -1.06508    0.00576641   -0.00166771      0.999982      0.741001
     0.999981    0.00367843   -0.00495045         1.998   -0.00368643      0.999992   -0.00160767      -1.21538     0.0049445    0.00162589      0.999986      0.952439
      0.99998    0.00362699   -0.00526171       1.96607   -0.00363116      0.999993  -0.000783691      -1.22785    0.00525883   0.000802781      0.999986      0.923866
      0.99998    0.00374803   -0.00506965       1.98696   -0.00374876      0.999993  -0.000134086      -1.19624    0.00506911   0.000153088      0.999987      0.886642
     0.999979    0.00392125   -0.00510004        1.9959    -0.0039249      0.999992  -0.000706212      -1.19197    0.00509723   0.000726214      0.999987      0.881806
     0.999979     0.0038021   -0.00522098       1.98345   -0.00380358      0.999993  -0.000273971      -1.18548     0.0052199   0.000293824      0.999986      0.839824
     0.999979    0.00376932   -0.00524651       1.97699   -0.00376809      0.999993   0.000245415      -1.17184     0.0052474   -0.00022564      0.999986      0.808712
     0.999979    0.00375113   -0.00530331       1.97467   -0.00375395      0.999993   -0.00052192      -1.17904    0.00530131   0.000541818      0.999986      0.865679
      0.99998    0.00371687   -0.00512158       1.98187    -0.0037179      0.999993  -0.000191589      -1.17934    0.00512083   0.000210627      0.999987      0.859647
     0.999978    0.00430677   -0.00506057       1.99857   -0.00430929      0.999991  -0.000488755       -1.2023    0.00505842   0.000510552      0.999987      0.951624
     0.999977     0.0040854   -0.00541967        1.9798   -0.00408837      0.999991  -0.000536085      -1.22303    0.00541743    0.00055823      0.999985      0.913469
     0.999978    0.00406349   -0.00519832       1.97875   -0.00406215      0.999992    0.00026885      -1.14767    0.00519937  -0.000247728      0.999986      0.837466
     0.999977    0.00417708   -0.00532114       1.98541   -0.00418025      0.999991  -0.000585422      -1.17042    0.00531864   0.000607652      0.999986      0.885941
     0.999977    0.00412377   -0.00537008       1.97819   -0.00412235      0.999991   0.000274533      -1.13982    0.00537117   -0.00025239      0.999986      0.819107
     0.999977      0.004166   -0.00541946        1.9801   -0.00416986      0.999991  -0.000701474      -1.16786    0.00541649   0.000724056      0.999985      0.886483
     0.999978    0.00411839   -0.00528525       1.98378   -0.00411886      0.999992  -7.67055e-05      -1.15975    0.00528489   9.84729e-05      0.999986      0.839883
     0.999978    0.00404366   -0.00527862       1.98922    -0.0040458      0.999992  -0.000393475        -1.197    0.00527698   0.000414823      0.999986      0.879292
     0.999977    0.00404611   -0.00548665       1.96871   -0.00405112      0.999991  -0.000903243      -1.22325    0.00548295   0.000925449      0.999985      0.917014
     0.999976    0.00446225   -0.00528806       1.96731   -0.00446314       0.99999  -0.000157015      -1.20342    0.00528731   0.000180612      0.999986      0.900845
     0.999977    0.00417638   -0.00525072       1.96181   -0.00417871      0.999991  -0.000433914       -1.2084    0.00524886   0.000455845      0.999986       0.93401
     0.999977    0.00430762   -0.00529477       1.97282    -0.0043107      0.999991  -0.000569288      -1.20979    0.00529227   0.000592099      0.999986      0.922424
     0.999976    0.00429927   -0.00545563       1.97001   -0.00429936      0.999991   -4.2554e-06       -1.1799    0.00545556    2.7711e-05      0.999985      0.855535
     0.999977    0.00417655   -0.00533477       1.97762   -0.00418015      0.999991  -0.000663527      -1.18615    0.00533195   0.000685812      0.999986      0.903493
     0.999977    0.00417761   -0.00537995         1.981   -0.00418035      0.999991  -0.000499592      -1.18556    0.00537781   0.000522071      0.999985      0.882793
     0.999977    0.00431402   -0.00523271       1.98783   -0.00431396      0.999991   2.27162e-05      -1.14553    0.00523276  -1.42033e-07      0.999986       0.85762
     0.999978    0.00420687   -0.00520774       1.98792   -0.00420984      0.999991  -0.000559622      -1.14952    0.00520534   0.000581534      0.999986      0.884805
     0.999979    0.00395193   -0.00519244       1.97927   -0.00395201      0.999992  -4.73904e-06       -1.1135    0.00519239   2.52595e-05      0.999987       0.82768
     0.999979    0.00392696   -0.00515399       1.98633   -0.00392851      0.999992  -0.000290235      -1.13764    0.00515281   0.000310476      0.999987      0.864473
     0.999979    0.00412749   -0.00503138       2.00228   -0.00413022      0.999991  -0.000532384      -1.16879    0.00502914   0.000553153      0.999987      0.871022
     0.999977      0.004263   -0.00521355       1.99402    -0.0042618      0.999991   0.000241446      -1.15327    0.00521453  -0.000219222      0.999986      0.839478
     0.999977    0.00481387    -0.0048009       2.01958   -0.00480851      0.999988    0.00112632      -1.09773    0.00480626   -0.00110321      0.999988      0.768511
     0.999976    0.00456142   -0.00526403       1.98953   -0.00456502      0.999989  -0.000672062      -1.16197    0.00526091   0.000696076      0.999986      0.905629
     0.999978    0.00422292   -0.00505028       1.99942     -0.004223      0.999991  -3.44296e-06      -1.15402    0.00505022   2.47702e-05      0.999987      0.822338
     0.999978    0.00415292   -0.00512761       1.99099   -0.00415087      0.999991   0.000410004      -1.14058    0.00512927  -0.000388711      0.999987      0.797527
     0.999979    0.00401841   -0.00507114       1.98947   -0.00401671      0.999992   0.000346069      -1.14758    0.00507249  -0.000325692      0.999987      0.801419
     0.999979    0.00401587   -0.00509567       1.99437   -0.00401406      0.999992   0.000365345      -1.13094    0.00509709  -0.000344883      0.999987      0.784034
      0.99998    0.00396153   -0.00498903       1.99625   -0.00396258      0.999992   -0.00020122      -1.16338     0.0049882   0.000220985      0.999988      0.841681
     0.999979    0.00417444   -0.00502686       2.00563   -0.00417245      0.999991   0.000404913      -1.15935     0.0050285   -0.00038393      0.999987      0.800332
     0.999978    0.00449801   -0.00488318       2.01183   -0.00449033      0.999989    0.00158188      -1.12003    0.00489024   -0.00155992      0.999987       0.73748
      0.99998    0.00443334   -0.00458452       2.04026   -0.00442743      0.999989    0.00129665       -1.0798    0.00459022   -0.00127632      0.999989      0.813843
      0.99998    0.00404808   -0.00479605       2.01836   -0.00404465      0.999992   0.000725214      -1.12628    0.00479894  -0.000705801      0.999988      0.814881
      0.99998    0.00403517   -0.00487721       2.01595   -0.00403259      0.999992   0.000537057      -1.15829    0.00487934  -0.000517379      0.999988      0.843017
     0.999978    0.00424427   -0.00500346       2.02163   -0.00423707       0.99999    0.00144848      -1.08121    0.00500955   -0.00142725      0.999986      0.744229
     0.999978    0.00424254   -0.00514092        2.0151   -0.00423244      0.999989    0.00197409      -1.01372    0.00514924   -0.00195228      0.999985       0.66889
     0.999978    0.00416555   -0.00507903       2.00584   -0.00415907      0.999991    0.00128665       -1.0462    0.00508434   -0.00126549      0.999986      0.736298
     0.999978    0.00412365   -0.00510843       2.00439   -0.00412012      0.999991   0.000701064       -1.1038    0.00511128  -0.000680001      0.999987      0.773757
     0.999978    0.00420457   -0.00509185       2.01218   -0.00420079      0.999991   0.000754474      -1.12633    0.00509498  -0.000733068      0.999987      0.768419
     0.999978    0.00420359   -0.00513207       2.01533   -0.00419512       0.99999    0.00166166      -1.05613      0.005139   -0.00164009      0.999985      0.714204
     0.999979     0.0040301   -0.00509587       2.00583   -0.00402677      0.999992    0.00066287      -1.10167     0.0050985  -0.000642336      0.999987      0.772624
     0.999978     0.0043848   -0.00500826       2.02988   -0.00437851       0.99999    0.00126648      -1.09906    0.00501376   -0.00124452      0.999987      0.737954
     0.999977    0.00448442   -0.00500704       2.02659   -0.00447785      0.999989    0.00132391      -1.12123    0.00501293   -0.00130146      0.999987        0.7374
     0.999978    0.00431621   -0.00494917       2.02387   -0.00431072       0.99999    0.00112013      -1.09629    0.00495395   -0.00109877      0.999987      0.724936
     0.999977    0.00452764   -0.00495604       2.03537   -0.00452276      0.999989   0.000994387      -1.08821    0.00496049   -0.00097195      0.999987      0.739764
     0.999978    0.00433214   -0.00499412       2.01356   -0.00432589       0.99999    0.00126214      -1.08259    0.00499953   -0.00124051      0.999987      0.733825
     0.999978    0.00429953   -0.00495915       2.01946   -0.00429494       0.99999   0.000937165      -1.09904    0.00496313  -0.000915845      0.999987      0.752245
     0.999978    0.00425609   -0.00502227       2.01751   -0.00424951       0.99999    0.00132122      -1.08757    0.00502784   -0.00129985      0.999987      0.711435
     0.999978    0.00414372   -0.00508665       2.00542   -0.00413844      0.999991    0.00104875       -1.0641    0.00509095   -0.00102768      0.999987      0.736275
      0.99998    0.00419325   -0.00482282       2.02348   -0.00418929      0.999991   0.000830182      -1.08791    0.00482626   -0.00080996      0.999988      0.734161
     0.999979     0.0042972   -0.00489906       2.02258   -0.00429417      0.999991   0.000628257       -1.1142    0.00490172  -0.000607206      0.999988       0.77062
     0.999978    0.00428848   -0.00504851       2.02068   -0.00428415       0.99999    0.00086726      -1.10015    0.00505218  -0.000845612      0.999987       0.75126
      0.99998    0.00409454   -0.00488875       2.01984   -0.00408922      0.999991    0.00109732      -1.08677     0.0048932   -0.00107731      0.999987       0.72894
     0.999978     0.0040582   -0.00518491       2.00618   -0.00405661      0.999992   0.000316272      -1.09632    0.00518615  -0.000295232      0.999987      0.780251
     0.999979    0.00407506    -0.0050223         2.016   -0.00407232      0.999992   0.000556162      -1.13927    0.00502453  -0.000535698      0.999987      0.745613
      0.99998    0.00404613    -0.0048723       2.02135   -0.00404138      0.999991   0.000984289      -1.10852    0.00487624  -0.000964579      0.999988      0.744321
      0.99998    0.00398903   -0.00486736       2.02216   -0.00398623      0.999992   0.000585444      -1.12645    0.00486966   -0.00056603      0.999988       0.77114
     0.999979    0.00412112   -0.00505518        2.0166   -0.00411502      0.999991    0.00121603      -1.10908    0.00506014    -0.0011952      0.999986      0.712118
     0.999979    0.00411928    -0.0049991       2.01396   -0.00411367      0.999991    0.00113283      -1.08608    0.00500372   -0.00111224      0.999987      0.717084
     0.999978    0.00414322   -0.00508879       2.01464   -0.00414027      0.999991   0.000589824      -1.08345    0.00509119  -0.000568742      0.999987      0.756835
      0.99998    0.00418956   -0.00476284        2.0269     -0.004186      0.999991   0.000757327      -1.10001    0.00476597  -0.000737375      0.999988      0.742518
      0.99998    0.00411717   -0.00483934       2.01737   -0.00411127      0.999991    0.00122736      -1.09272    0.00484435   -0.00120744      0.999988       0.71835
      0.99998    0.00416032    -0.0048508       2.02417   -0.00415762      0.999991   0.000565866      -1.11558    0.00485311  -0.000545687      0.999988      0.787976
      0.99998     0.0039759   -0.00489437        2.0141   -0.00396854      0.999991     0.0015123      -1.09456    0.00490034   -0.00149284      0.999987      0.698613
     0.999979     0.0041291   -0.00498635       2.01657   -0.00412493      0.999991   0.000846927       -1.0763     0.0049898  -0.000826341      0.999987      0.748879
     0.999979    0.00410917   -0.00504663       2.01541    -0.0041033      0.999991    0.00117394      -1.08538    0.00505141   -0.00115321      0.999987       0.69578
     0.999978    0.00415669   -0.00523638       1.99314   -0.00415078      0.999991    0.00113923      -1.06844    0.00524106   -0.00111747      0.999986      0.750052
     0.999979    0.00445191   -0.00461427        2.0132   -0.00445102       0.99999   0.000203148      -1.12566    0.00461513  -0.000182605      0.999989       0.82609
      0.99998    0.00413748   -0.00468604       2.02199   -0.00413197      0.999991    0.00118379      -1.09196    0.00469089    -0.0011644      0.999988      0.728924
     0.999981    0.00412492   -0.00467818        2.0271   -0.00412061      0.999991   0.000930347       -1.0687    0.00468197  -0.000911052      0.999989      0.738381
      0.99998    0.00412067    -0.0047743       2.02021   -0.00411396      0.999991    0.00141347      -1.08658    0.00478008    -0.0013938      0.999988      0.706213
     0.999981    0.00478803   -0.00395207       2.06926   -0.00477734      0.999985    0.00271045      -1.10988    0.00396499   -0.00269152      0.999989      0.752149
     0.999984    0.00533077    -0.0020108       2.15453    -0.0053225      0.999977     0.0040959     -0.964533    0.00203259   -0.00408513       0.99999      0.788303
     0.999985    0.00496455   -0.00225336       2.14082   -0.00495699      0.999982    0.00334669      -1.05367    0.00226994   -0.00333547      0.999992      0.739537
     0.999985     0.0049199   -0.00226803       2.14544   -0.00491353      0.999984     0.0028053       -1.0355    0.00228179   -0.00279411      0.999993      0.730898
     0.999983    0.00520547   -0.00260567       2.14356   -0.00519932      0.999984    0.00236209      -1.01645    0.00261792    -0.0023485      0.999994      0.732424
     0.999983    0.00522044   -0.00274123       2.13783   -0.00521232      0.999982    0.00296107      -1.01501    0.00275664   -0.00294673      0.999992      0.697538
     0.999983    0.00528944   -0.00261165       2.14737   -0.00528142      0.999981     0.0030711      -1.00249    0.00262785   -0.00305726      0.999992      0.685255
     0.999982    0.00526425   -0.00273543        2.1434   -0.00525601      0.999982    0.00301009     -0.970567    0.00275122   -0.00299566      0.999992        0.6854
     0.999983    0.00535367   -0.00242423       2.16099   -0.00534588      0.999981     0.0032076     -0.985091    0.00244135   -0.00319458      0.999992      0.682096
     0.999982    0.00547969   -0.00246499       2.17026   -0.00547046      0.999978    0.00373822     -0.964766    0.00248542   -0.00372467       0.99999      0.643719
     0.999982    0.00557133   -0.00239714       2.17607   -0.00556304      0.999979    0.00345309     -0.971407    0.00241633   -0.00343969      0.999991      0.676832
      0.99998    0.00573249   -0.00249781       2.16678   -0.00572366      0.999977    0.00352823     -0.985344    0.00251798   -0.00351387      0.999991      0.705017
     0.999981    0.00540866   -0.00286538       2.14181   -0.00539844      0.999979    0.00356356     -0.995769    0.00288459   -0.00354803       0.99999      0.677069
     0.999982    0.00521853   -0.00297326       2.13698   -0.00521056      0.999983    0.00268085      -1.02936     0.0029872   -0.00266531      0.999992      0.744914
     0.999982    0.00530122   -0.00296907       2.14259    -0.0052923      0.999981    0.00300671      -1.03541    0.00298495   -0.00299095      0.999991       0.70184
     0.999981    0.00524483   -0.00312848       2.14309   -0.00523414       0.99998    0.00341386     -0.993482    0.00314633   -0.00339742      0.999989      0.661151
     0.999982    0.00519632   -0.00306912       2.14883   -0.00518785      0.999983    0.00276096     -0.987138    0.00308341   -0.00274499      0.999991      0.691635
     0.999981    0.00523432    -0.0031455       2.14793    -0.0052229       0.99998     0.0036267     -0.953317    0.00316442    -0.0036102      0.999988      0.644308
      0.99998    0.00545139   -0.00311313       2.15906   -0.00544029      0.999979    0.00356047     -0.930325    0.00313247   -0.00354347      0.999989      0.633394
     0.999979    0.00561836   -0.00333739       2.13848    -0.0056047      0.999976    0.00408741     -0.945974    0.00336028   -0.00406862      0.999986       0.61452
     0.999978    0.00564503    -0.0034599       2.14185   -0.00563376      0.999979    0.00325856     -0.970728    0.00347823   -0.00323899      0.999989      0.671028
     0.999981    0.00528065   -0.00323606       2.14688   -0.00526681      0.999977    0.00427073     -0.925894    0.00325854   -0.00425361      0.999986      0.563102
      0.99998    0.00525533   -0.00346047       2.13953   -0.00524529      0.999982    0.00290526     -0.952913    0.00347567   -0.00288705       0.99999      0.641025
     0.999979    0.00536775   -0.00364946       2.14057   -0.00535643      0.999981    0.00310515     -0.987259    0.00366606   -0.00308553      0.999989      0.651607
     0.999978    0.00530438   -0.00390608       2.13311   -0.00529047       0.99998    0.00356231     -0.934788    0.00392489   -0.00354157      0.999986      0.592085
     0.999979    0.00530784   -0.00380272        2.1349    -0.0052974      0.999982    0.00274866     -0.928006    0.00381724   -0.00272846      0.999989      0.638176
     0.999978    0.00538901   -0.00395671       2.13779   -0.00537637       0.99998    0.00319779     -0.969643    0.00397387   -0.00317644      0.999987      0.578843
     0.999978    0.00540078   -0.00380326       2.15192   -0.00538822       0.99998    0.00330612     -0.960678    0.00382104   -0.00328556      0.999987      0.614584
     0.999978    0.00561615    -0.0036061       2.16408   -0.00560313      0.999978    0.00361012     -0.926372     0.0036263   -0.00358983      0.999987      0.600507
     0.999977    0.00558725    -0.0037566       2.15801   -0.00557239      0.999977    0.00395556     -0.916728    0.00377862   -0.00393453      0.999985      0.539812
     0.999977    0.00562305   -0.00377339       2.16413   -0.00560795      0.999976    0.00400168     -0.907247     0.0037958   -0.00398043      0.999985      0.549312
     0.999977    0.00568333   -0.00363079       2.17107   -0.00566783      0.999975    0.00426574     -0.913638    0.00365495   -0.00424507      0.999984      0.539858
     0.999977    0.00566262   -0.00376131       2.15733   -0.00564973      0.999978    0.00343005     -0.942262    0.00378065   -0.00340872      0.999987       0.60962
     0.999979    0.00560048   -0.00335069       2.14784   -0.00557679       0.99996    0.00703783     -0.848567    0.00338997   -0.00701899       0.99997      0.458758
     0.999982    0.00493563   -0.00346552       2.12734    -0.0049157      0.999971    0.00573637     -0.804264    0.00349373   -0.00571923      0.999978      0.640771
      0.99998    0.00486504   -0.00408656       2.11784   -0.00484304      0.999974    0.00537672     -0.874331    0.00411261   -0.00535682      0.999977      0.596443
     0.999981    0.00483827   -0.00382853       2.13997   -0.00481457      0.999969    0.00617565     -0.810199    0.00385829    -0.0061571      0.999974      0.480589
     0.999979    0.00501433   -0.00417709       2.13711   -0.00498731      0.999967    0.00645543     -0.742952    0.00420933   -0.00643446       0.99997      0.433658
     0.999978    0.00512164   -0.00422446        2.1342   -0.00509629      0.999969    0.00599009      -0.79865    0.00425501   -0.00596843      0.999973      0.462768
      0.99998    0.00494498   -0.00406109       2.13331   -0.00492038       0.99997    0.00604657     -0.808854    0.00409086   -0.00602647      0.999973      0.460838
     0.999978    0.00499931   -0.00425172       2.13451   -0.00497674      0.999974    0.00530414     -0.816304    0.00427812   -0.00528287      0.999977      0.501521
     0.999979    0.00508507    -0.0040032       2.15691   -0.00506259      0.999971    0.00560526     -0.816555    0.00403159   -0.00558488      0.999976      0.491608
     0.999978    0.00514753    -0.0041718       2.16019   -0.00512225      0.999969    0.00604911     -0.797141    0.00420281   -0.00602761      0.999973      0.437752
     0.999977    0.00513127   -0.00436898       2.14034   -0.00510644      0.999971    0.00567599     -0.800472    0.00439798   -0.00565356      0.999974      0.452889
     0.999977    0.00505113   -0.00448261       2.13204   -0.00502284      0.999968     0.0062999     -0.789686    0.00451429   -0.00627724       0.99997       0.40491
     0.999978    0.00511378   -0.00416981        2.1554   -0.00509035      0.999971    0.00561132     -0.761738    0.00419838   -0.00558997      0.999976      0.468641
     0.999978    0.00509315   -0.00423619       2.15627   -0.00506654      0.999968    0.00626983     -0.767704    0.00426798   -0.00624823      0.999971      0.423694
     0.999978      0.005065   -0.00419811       2.15967   -0.00503943      0.999969    0.00607877     -0.783693    0.00422877   -0.00605748      0.999973      0.432552
     0.999978       0.00516   -0.00427068       2.15274   -0.00513372      0.999968    0.00614201     -0.770996    0.00430223   -0.00611994      0.999972      0.430631
     0.999976    0.00540692   -0.00431653        2.1591   -0.00538232      0.999969    0.00569055     -0.794361    0.00434717   -0.00566719      0.999974      0.477675
     0.999977    0.00526085    -0.0043862       2.12885    -0.0052328      0.999966    0.00638051     -0.786329    0.00441962    -0.0063574       0.99997      0.451412
     0.999974    0.00545508    -0.0046816       2.13232   -0.00542855      0.999969    0.00566005     -0.782967    0.00471234   -0.00563449      0.999973      0.488774
     0.999976    0.00526206   -0.00454274        2.1294   -0.00523353      0.999967    0.00626997     -0.829995    0.00457558   -0.00624605       0.99997      0.463848
     0.999974    0.00534481   -0.00487291       2.11241   -0.00531879      0.999972    0.00533686     -0.831986     0.0049013   -0.00531081      0.999974      0.537571
     0.999974    0.00522412   -0.00496012       2.09994    -0.0051928      0.999967    0.00630784     -0.803608    0.00499291   -0.00628192      0.999968      0.434322
     0.999972    0.00537438   -0.00524665       2.09221     -0.005349      0.999974    0.00484033     -0.847848    0.00527253   -0.00481213      0.999975      0.559015
     0.999973    0.00522147   -0.00511343       2.09419   -0.00519143      0.999969    0.00587008     -0.813491    0.00514392   -0.00584337       0.99997      0.461268
     0.999972    0.00525351   -0.00538077       2.08554   -0.00522763      0.999975    0.00481192     -0.847817    0.00540591   -0.00478365      0.999974      0.580809
     0.999971    0.00540229   -0.00538474       2.07341   -0.00537825      0.999976    0.00446875     -0.900584    0.00540875   -0.00443966      0.999976      0.590732
     0.999971     0.0055093   -0.00532526        2.0847   -0.00548195      0.999972    0.00513671      -0.85305    0.00535341   -0.00510737      0.999973      0.560255
     0.999972    0.00521531   -0.00539263       2.07631   -0.00519265      0.999978    0.00420706     -0.871545    0.00541445   -0.00417894      0.999977      0.618189
     0.999973    0.00516891   -0.00521418       2.08385   -0.00514288      0.999974    0.00499336     -0.860359    0.00523986   -0.00496641      0.999974      0.527356
     0.999971    0.00523133    -0.0054879       2.06989   -0.00520951      0.999978     0.0039827     -0.897799    0.00550862   -0.00395399      0.999977      0.629933
     0.999972    0.00515314   -0.00542824       2.07139    -0.0051267      0.999975    0.00487297      -0.88377    0.00545321     -0.004845      0.999973      0.525719
     0.999971    0.00517751   -0.00550939       2.07372   -0.00515123      0.999975    0.00477293      -0.83625    0.00553396   -0.00474442      0.999973      0.525703
     0.999971    0.00518824   -0.00552056       2.07076   -0.00516542      0.999978    0.00413941     -0.863827    0.00554192   -0.00411077      0.999976      0.571574
     0.999973    0.00521653   -0.00515322       2.09283   -0.00519074      0.999974    0.00500534      -0.84358     0.0051792   -0.00497845      0.999974      0.490299
     0.999973    0.00521173   -0.00512879       2.09078    -0.0051881      0.999976    0.00460985     -0.852992    0.00515269   -0.00458312      0.999976      0.513383
     0.999973    0.00501359   -0.00528682       2.07343   -0.00498994      0.999978    0.00447705     -0.854532    0.00530915   -0.00445055      0.999976      0.510874
     0.999974     0.0050535   -0.00522618       2.08011    -0.0050266      0.999974    0.00514842     -0.822307    0.00525206   -0.00512201      0.999973      0.464632
     0.999976    0.00530959   -0.00455409       2.09912   -0.00528865      0.999975     0.0045997     -0.877313     0.0045784    -0.0045755      0.999979       0.57162
     0.999978    0.00482883   -0.00463284       2.06254   -0.00480508      0.999975     0.0051239     -0.815918    0.00465747   -0.00510152      0.999976       0.66051
     0.999976    0.00476695   -0.00509223       2.04271    -0.0047389      0.999974    0.00550595     -0.863969    0.00511835   -0.00548168      0.999972      0.619504
     0.999974    0.00501161   -0.00515234       2.05181   -0.00498689      0.999976      0.004799     -0.849634    0.00517627   -0.00477318      0.999975      0.636423
     0.999972    0.00520979   -0.00532289       2.05952   -0.00518101      0.999972    0.00540694     -0.811178    0.00535091   -0.00537921      0.999971       0.53254
     0.999973    0.00499691    -0.0054082       2.05584   -0.00496897      0.999974     0.0051674     -0.798404    0.00543388   -0.00514039      0.999972      0.548647
     0.999973     0.0046272   -0.00564099       2.03189   -0.00460692      0.999983    0.00360332     -0.872245    0.00565757   -0.00357723      0.999978      0.614544
     0.999972    0.00486185    -0.0056172       2.05009   -0.00483845       0.99998    0.00417286     -0.873611    0.00563737   -0.00414556      0.999976      0.566731
     0.999973    0.00495273    -0.0053804       2.06217   -0.00492728      0.999977    0.00473263     -0.836381    0.00540371   -0.00470599      0.999974      0.541914
     0.999973    0.00508196   -0.00539798        2.0668   -0.00505941      0.999978    0.00418313     -0.832248    0.00541912    -0.0041557      0.999977      0.572192
     0.999973     0.0051773   -0.00521729       2.08898   -0.00515069      0.999974    0.00510177     -0.835005    0.00524357   -0.00507476      0.999973      0.483669
     0.999972    0.00522817   -0.00542967       2.06638   -0.00519901      0.999972    0.00537075     -0.830012     0.0054576   -0.00534237      0.999971      0.473496
     0.999973    0.00514097   -0.00530122       2.07062   -0.00511576      0.999976    0.00475767     -0.821935    0.00532555   -0.00473042      0.999975      0.504771
     0.999972    0.00518079   -0.00530693       2.07896   -0.00515758      0.999977    0.00437696     -0.847802    0.00532948   -0.00434946      0.999976       0.52537
     0.999973    0.00510706   -0.00534186       2.07196   -0.00507918      0.999973    0.00521872     -0.811859    0.00536837   -0.00519145      0.999972      0.475192
     0.999972    0.00522346   -0.00528931       2.07439   -0.00519665      0.999974    0.00507021      -0.80715    0.00531566   -0.00504258      0.999973      0.466943
      0.99997    0.00535309   -0.00555803       2.07383   -0.00532566      0.999974    0.00493745     -0.788848    0.00558431   -0.00490771      0.999972      0.490678
     0.999971    0.00535296   -0.00533026       2.07655   -0.00532571      0.999973    0.00511356     -0.810068    0.00535749   -0.00508503      0.999973      0.505091
     0.999971    0.00524725   -0.00550332       2.06553   -0.00522215      0.999976    0.00456514     -0.822855    0.00552714   -0.00453626      0.999974      0.539805
     0.999971    0.00523631   -0.00555235       2.06876   -0.00521033      0.999975    0.00468322     -0.823373    0.00557673   -0.00465416      0.999974      0.514347
     0.999971    0.00521939   -0.00557749       2.06796    -0.0051949      0.999977    0.00439715     -0.830175    0.00560031   -0.00436805      0.999975      0.545744
     0.999971    0.00523423   -0.00549689       2.07233   -0.00520825      0.999975    0.00472846     -0.833327     0.0055215   -0.00469969      0.999974       0.49406
     0.999971    0.00517386   -0.00566129       2.05726   -0.00514555      0.999974    0.00500327      -0.83808    0.00568703     -0.004974      0.999971      0.476693
      0.99997    0.00536567   -0.00567459       2.06952   -0.00534375      0.999978    0.00387128     -0.857741    0.00569524   -0.00384084      0.999976      0.577038
      0.99997    0.00535458   -0.00558193        2.0766   -0.00533164      0.999977    0.00411655     -0.886651    0.00560385   -0.00408667      0.999976      0.552295
      0.99997     0.0053249    -0.0055599       2.07261   -0.00529863      0.999975    0.00472921     -0.844395    0.00558494   -0.00469961      0.999973      0.525617
     0.999969    0.00527986   -0.00575916       2.06362   -0.00525711      0.999978    0.00395807     -0.844877    0.00577994   -0.00392767      0.999976      0.537795
      0.99997     0.0053123   -0.00559313       2.07291   -0.00528768      0.999976    0.00440624     -0.862266     0.0056164   -0.00437653      0.999975      0.508824
     0.999971    0.00522909    -0.0056164       2.07156   -0.00520837       0.99998    0.00369636     -0.881589    0.00563561     -0.003667      0.999977      0.558381
     0.999969    0.00544641   -0.00577271        2.0696    -0.0054217      0.999976    0.00428742     -0.871065    0.00579592   -0.00425599      0.999974      0.514119
     0.999971    0.00526299   -0.00554451       2.07291   -0.00524113      0.999978    0.00395078      -0.85734    0.00556519   -0.00392161      0.999977      0.563958
      0.99997    0.00533679   -0.00568618       2.06767   -0.00531697       0.99998    0.00349612     -0.912394    0.00570472   -0.00346578      0.999978      0.592794
      0.99997    0.00515666    -0.0056983       2.05908   -0.00513202      0.999977    0.00432909     -0.857665    0.00572049   -0.00429972      0.999974      0.532844
      0.99997    0.00521478   -0.00565884       2.07128   -0.00519425       0.99998    0.00363631     -0.862737    0.00567769   -0.00360681      0.999977      0.588468
      0.99997    0.00520405   -0.00568698       2.06725     -0.005184       0.99998    0.00353449     -0.880994    0.00570527    -0.0035049      0.999978      0.561555
     0.999969    0.00524852   -0.00582302       2.06165   -0.00522388      0.999977    0.00423861      -0.85769    0.00584514   -0.00420806      0.999974      0.536099
     0.999969    0.00517465   -0.00601514       2.04654   -0.00515423      0.999981    0.00340577     -0.872747    0.00603265   -0.00337466      0.999976      0.606141
     0.999969    0.00549825   -0.00565305       2.06207    -0.0054797       0.99998    0.00329221     -0.964121    0.00567103   -0.00326113      0.999979      0.627037
     0.999969    0.00547364   -0.00561066       2.05498   -0.00545418      0.999979    0.00347865     -0.905912    0.00562958   -0.00344794      0.999978      0.743323
     0.999969     0.0051579   -0.00600791       2.03006   -0.00514596      0.999985    0.00200119     -0.996548    0.00601814   -0.00197021       0.99998      0.775116
     0.999969    0.00537309   -0.00581704       2.05444   -0.00535372       0.99998    0.00333973     -0.920362    0.00583487   -0.00330848      0.999978      0.663558
     0.999968    0.00549325    -0.0057801       2.06743   -0.00547635      0.999981    0.00293592       -0.9173    0.00579611   -0.00290418      0.999979      0.664951
     0.999966    0.00558346    -0.0060177       2.06166   -0.00556761      0.999981    0.00264658     -0.946239    0.00603237   -0.00261299      0.999978      0.677437
     0.999965    0.00544407   -0.00628897        2.0417   -0.00542265      0.999979    0.00341816     -0.914643    0.00630745   -0.00338394      0.999974      0.580227
     0.999966    0.00546365   -0.00613892       2.05257   -0.00544946      0.999982    0.00232626     -0.903829    0.00615152   -0.00229273      0.999978       0.65253
     0.999967    0.00555866   -0.00594147       2.06579   -0.00554056       0.99998    0.00305882     -0.923094    0.00595835    -0.0030258      0.999978      0.626572
     0.999967    0.00558268   -0.00592854         2.065   -0.00556083      0.999978     0.0036972     -0.884957    0.00594905   -0.00366411      0.999976      0.586577
     0.999967    0.00553908   -0.00595507       2.06386   -0.00552196      0.999981    0.00288699     -0.909191    0.00597095   -0.00285401      0.999978      0.629784
     0.999968    0.00549335    -0.0058423       2.07793    -0.0054741       0.99998     0.0033062     -0.892697    0.00586035   -0.00327412      0.999977      0.591673
     0.999967    0.00540686   -0.00610959       2.06082   -0.00538541      0.999979    0.00352107     -0.899295     0.0061285   -0.00348805      0.999975      0.558228
     0.999967    0.00528899   -0.00617379       2.04925   -0.00527467      0.999983    0.00233456     -0.920182    0.00618604   -0.00230192      0.999978      0.640482
     0.999967    0.00524655   -0.00623232       2.04622   -0.00523115      0.999983    0.00248432     -0.944007    0.00624525   -0.00245163      0.999977      0.627843
     0.999967      0.005315   -0.00606532       2.05561   -0.00529715      0.999982    0.00295554     -0.910859    0.00608092   -0.00292331      0.999977      0.600981
     0.999966    0.00527917    -0.0063141       2.04551   -0.00526698      0.999984    0.00194631     -0.928875    0.00632428   -0.00191298      0.999978      0.658127
     0.999966    0.00539149    -0.0062243       2.05909   -0.00538058      0.999984    0.00176737     -0.963978    0.00623373   -0.00173382      0.999979      0.659625
     0.999965    0.00537963   -0.00639005       2.05196    -0.0053642      0.999983    0.00243026     -0.944767    0.00640301    -0.0023959      0.999977      0.625959
     0.999963    0.00552199   -0.00666604       2.04093   -0.00551195      0.999984    0.00152396     -0.955585    0.00667434   -0.00148716      0.999977       0.71035
     0.999964    0.00561252   -0.00636084       2.05746   -0.00560173      0.999983    0.00171318     -0.965024    0.00637034   -0.00167749      0.999978      0.660626
     0.999965    0.00554176   -0.00634249       2.06005   -0.00552639      0.999982    0.00243858     -0.932427    0.00635588   -0.00240344      0.999977      0.607291
     0.999964    0.00531763   -0.00664891       2.04323   -0.00530721      0.999985    0.00158402     -0.968509    0.00665723   -0.00154867      0.999977       0.68143
     0.999964    0.00541027   -0.00648819       2.05132   -0.00539816      0.999984    0.00188215     -0.966454    0.00649827   -0.00184706      0.999977      0.653463
     0.999964    0.00546144   -0.00645314       2.05793   -0.00544663      0.999982    0.00231031     -0.937605    0.00646565   -0.00227508      0.999977      0.630623
     0.999963    0.00550294   -0.00653959       2.05714   -0.00549404      0.999984    0.00137804     -0.959475    0.00654707   -0.00134206      0.999978      0.694196
     0.999965    0.00551231   -0.00630526       2.06826   -0.00550313      0.999984    0.00147335     -0.982566    0.00631327    -0.0014386      0.999979      0.682197
     0.999966    0.00540867   -0.00626241       2.06363   -0.00539521      0.999983    0.00216512     -0.964635    0.00627401   -0.00213126      0.999978      0.633957
     0.999964    0.00562887   -0.00631589       2.07368   -0.00562048      0.999983    0.00134523     -0.956104    0.00632336   -0.00130968      0.999979      0.700192
     0.999965    0.00540917   -0.00633005       2.05805   -0.00539422      0.999983    0.00237637     -0.952217     0.0063428   -0.00234215      0.999977      0.592006
     0.999966    0.00549841   -0.00615013       2.06638   -0.00548927      0.999984    0.00150306     -0.969894     0.0061583   -0.00146925       0.99998      0.652156
     0.999963    0.00622848   -0.00600214       2.09174   -0.00621316      0.999977    0.00256784      -1.02033      0.006018   -0.00253045      0.999979      0.724022
     0.999963    0.00547491   -0.00658054       2.04398   -0.00544865      0.999977    0.00400188     -0.865682     0.0066023   -0.00396588       0.99997      0.688934
     0.999958    0.00580301   -0.00708369        2.0477   -0.00578319      0.999979     0.0028157     -0.890594    0.00709988   -0.00277462      0.999971      0.711344
     0.999956     0.0055561   -0.00750244        2.0258   -0.00553818      0.999982    0.00240669      -1.00453    0.00751568   -0.00236504      0.999969      0.723691
     0.999956    0.00566589   -0.00747834       2.04063   -0.00564887      0.999981    0.00229467     -0.937927     0.0074912   -0.00225233      0.999969       0.69222
     0.999954    0.00564402   -0.00769226        2.0297   -0.00562563      0.999981    0.00240962     -0.927747    0.00770571   -0.00236623      0.999968      0.685917
     0.999957    0.00546653   -0.00747585       2.02427   -0.00544336       0.99998    0.00311595     -0.903568    0.00749274   -0.00307513      0.999967      0.641089
     0.999958    0.00553154   -0.00736784       2.04062   -0.00551276      0.999982    0.00256683     -0.903832     0.0073819    -0.0025261       0.99997      0.665885
     0.999955    0.00548438   -0.00775014       2.02505   -0.00546504      0.999982    0.00251421     -0.920355    0.00776379   -0.00247174      0.999967      0.679058
     0.999955    0.00543262   -0.00777168       2.02736   -0.00541045      0.999981    0.00287114     -0.905439    0.00778713   -0.00282896      0.999966      0.629325
     0.999956    0.00550245   -0.00753551        2.0438   -0.00547588      0.999979    0.00354249      -0.86003    0.00755485   -0.00350107      0.999965      0.591719
     0.999956    0.00562543    -0.0075432       2.04655   -0.00560589      0.999981    0.00260844     -0.910941    0.00755773   -0.00256604      0.999968      0.657622
     0.999955    0.00577485   -0.00756584       2.06132   -0.00574997      0.999978    0.00330537     -0.864958    0.00758476   -0.00326172      0.999966      0.581625
     0.999954    0.00581614   -0.00760722       2.05633   -0.00578988      0.999977    0.00346927     -0.852831    0.00762722   -0.00342507      0.999965      0.601003
     0.999954    0.00588852   -0.00756882       2.06109   -0.00586547      0.999978    0.00306333     -0.887722     0.0075867   -0.00301879      0.999967       0.60007
     0.999955     0.0058655   -0.00749465       2.05152     -0.005848       0.99998    0.00235431     -0.951383    0.00750831   -0.00231038      0.999969      0.686121
     0.999956    0.00587724   -0.00724845       2.05916   -0.00585326      0.999977    0.00332453     -0.913008    0.00726783   -0.00328196      0.999968      0.635791
     0.999955    0.00594764   -0.00740141       2.05852    -0.0059274      0.999979    0.00275293     -0.900809    0.00741763   -0.00270894      0.999969       0.66264
     0.999956     0.0056702   -0.00749449       2.05318   -0.00564567      0.999979    0.00329116     -0.884827    0.00751299    -0.0032487      0.999966      0.576139
     0.999955    0.00566918   -0.00759139       2.04905   -0.00564647       0.99998    0.00300955     -0.904567     0.0076083   -0.00296655      0.999967      0.601717
