# 3dvolreg matrices (DICOM-to-DICOM, row-by-row):
            1   -0.00024648   0.000894242     -0.040523   0.000244224      0.999997    0.00252202     -0.066763  -0.000894861    -0.0025218      0.999996    -0.0453798
            1  -0.000260828   0.000101133    0.00889539   0.000260754             1   0.000734484     0.0827976  -0.000101324  -0.000734457             1     0.0240188
            1  -1.46177e-10  -1.87267e-10  -3.26544e-09   1.46177e-10             1  -3.39443e-11   4.91811e-09   1.87267e-10   3.39443e-11             1    -4.367e-09
            1  -0.000674128  -7.55325e-05    -0.0380745   0.000674224      0.999999    0.00127482     0.0269413    7.4673e-05   -0.00127487      0.999999    -0.0894153
            1   0.000190659   0.000179713     0.0541858  -0.000191304      0.999994    0.00359377     0.0458115  -0.000179027    -0.0035938      0.999994     -0.316517
     0.999999   4.49433e-07    0.00130222    -0.0571021  -7.28974e-06      0.999986    0.00525281     -0.493073    -0.0013022   -0.00525281      0.999985     -0.217034
     0.999999  -0.000353741    0.00155678    -0.0895768   0.000346159      0.999988    0.00486802    -0.0644403   -0.00155848   -0.00486747      0.999987     -0.143095
     0.999999  -0.000542568    0.00154982      -0.06815   0.000536686      0.999993    0.00379326    -0.0614908   -0.00155187   -0.00379243      0.999992     -0.126344
            1   -0.00078841  -0.000330329    -0.0242988   0.000789696      0.999992    0.00391111    -0.0348567   0.000327243   -0.00391137      0.999992      -0.26058
     0.999999  -0.000845935  -0.000841549     0.0522491   0.000848171      0.999996    0.00265942      -0.25298   0.000839296   -0.00266013      0.999996     -0.185789
     0.999999   -0.00139253  -0.000530507    -0.0508114    0.00139472       0.99999    0.00415026     -0.022281   0.000524723     -0.004151      0.999991     -0.232319
     0.999998   -0.00130196   -0.00132016    -0.0394698    0.00130823      0.999988    0.00475972     -0.106747    0.00131395   -0.00476144      0.999988     -0.296119
     0.999995  -0.000336278   -0.00307096     0.0425968   0.000368186      0.999946     0.0103954     -0.414928     0.0030673    -0.0103965      0.999941       -0.3215
            1  -0.000310158   0.000427743    -0.0919313   0.000308807      0.999995    0.00315504    -0.0428637  -0.000428719   -0.00315491      0.999995    -0.0931208
            1  -0.000370992   7.81662e-05     0.0108207   0.000370709      0.999993    0.00359378   -0.00818063   -7.9499e-05   -0.00359375      0.999994     -0.173596
     0.999999  -0.000411498    0.00093089     -0.104129   0.000408093      0.999993    0.00365519     -0.247749  -0.000932388   -0.00365481      0.999993     -0.209317
            1   0.000729595   -0.00015077     0.0353947  -0.000729098      0.999994    0.00326948    -0.0289157   0.000153154   -0.00326937      0.999995     -0.171313
            1   0.000101987   0.000653383     -0.125366  -0.000103311      0.999998    0.00202647     -0.153528  -0.000653175   -0.00202654      0.999998     -0.103334
            1   0.000495088   0.000780846     0.0683122  -0.000497864      0.999994    0.00355903     0.0239687  -0.000779079   -0.00355942      0.999993     -0.249413
     0.999998   0.000236447    0.00180562    -0.0593525   -0.00024282      0.999994     0.0035299     -0.222304   -0.00180477   -0.00353033      0.999992     -0.216484
     0.999998  -0.000290527    0.00176053    -0.0887807   0.000284685      0.999994    0.00331785       -0.0449   -0.00176149   -0.00331735      0.999993     -0.220435
     0.999999  -0.000748324   0.000981754    -0.0595342   0.000744083       0.99999    0.00431269   0.000381123  -0.000984972   -0.00431195       0.99999     -0.486248
     0.999998    0.00166955   0.000800937     0.0186013   -0.00167087      0.999997    0.00165581     -0.258557   -0.00079817   -0.00165714      0.999998      0.284234
     0.999998    0.00182567    0.00119228     -0.022216   -0.00182822      0.999996    0.00213785      0.143397   -0.00118838   -0.00214003      0.999997      0.198327
     0.999997    0.00191315    0.00127862   -0.00719905   -0.00191653      0.999995     0.0026445     -0.122301   -0.00127355   -0.00264694      0.999996      0.236644
     0.999998    0.00171397    0.00104525   -0.00518284   -0.00171674      0.999995    0.00265156     0.0426399   -0.00104071   -0.00265335      0.999996      0.129477
     0.999997    0.00220093   0.000875516     0.0237635   -0.00220366      0.999993    0.00312064    -0.0728344  -0.000868641   -0.00312256      0.999995      0.157911
     0.999997    0.00208053    0.00128369    -0.0298616   -0.00208509      0.999991     0.0035588     -0.120726   -0.00127628   -0.00356147      0.999993      0.128224
     0.999997    0.00227731   0.000892905       0.03469   -0.00228043      0.999991    0.00350725    -0.0332239   -0.00088491   -0.00350928      0.999993      0.180268
     0.999997    0.00203066    0.00137683    -0.0346411   -0.00203616       0.99999    0.00400205     -0.166239   -0.00136869   -0.00400485      0.999991      0.128384
     0.999997     0.0020347    0.00101318     0.0407189   -0.00203836      0.999991    0.00362313     0.0114823    -0.0010058   -0.00362518      0.999993       0.10156
     0.999996    0.00196131    0.00185417    -0.0797861   -0.00196796      0.999992    0.00359275     -0.258093   -0.00184711   -0.00359639      0.999992      0.166398
     0.999997    0.00205085    0.00116574     0.0422388   -0.00205481      0.999992    0.00340729     0.0764601   -0.00115875   -0.00340968      0.999994      0.106119
     0.999997    0.00196347    0.00163233    -0.0430089   -0.00196958      0.999991    0.00374913     -0.251782   -0.00162496   -0.00375234      0.999992      0.124787
     0.999998     0.0016483   0.000739078    0.00983973   -0.00165159      0.999989    0.00447853     0.0757829  -0.000731687   -0.00447974       0.99999  -0.000558717
     0.999995    0.00311369    0.00114169    -0.0264614   -0.00311909      0.999984    0.00476331     -0.346872   -0.00112684   -0.00476685      0.999988     0.0292062
     0.999997   -0.00175459    0.00161239     -0.102438    0.00174959      0.999994    0.00309874   -0.00759018   -0.00161782   -0.00309591      0.999994    -0.0225726
     0.999997   -0.00174176    0.00141952    -0.0565117    0.00173775      0.999995     0.0028192    -0.0241621   -0.00142442   -0.00281672      0.999995    -0.0231936
     0.999997   -0.00186652    0.00182847     -0.163028    0.00186023      0.999992    0.00343451     -0.257215   -0.00183486    -0.0034311      0.999992     0.0245169
     0.999998   -0.00182893    0.00127328    -0.0893928    0.00182474      0.999993    0.00328511     0.0678377   -0.00127928   -0.00328278      0.999994    -0.0398394
     0.999996     -0.002154    0.00154199     -0.167872    0.00214847      0.999991    0.00357771     -0.224473   -0.00154968   -0.00357438      0.999992    -0.0213039
     0.999997      -0.00195    0.00125407    -0.0700418     0.0019446      0.999989     0.0042998    -0.0228434   -0.00126244   -0.00429735       0.99999    -0.0483236
     0.999997   -0.00209977    0.00159341     -0.176434    0.00209262      0.999988    0.00447752     -0.251669   -0.00160279   -0.00447417      0.999989    -0.0567983
     0.999998   -0.00185716    0.00120968    -0.0680895    0.00185158      0.999988    0.00460369   -0.00808898   -0.00121822   -0.00460143      0.999989      -0.13417
     0.999996   -0.00198919    0.00193769     -0.208436    0.00197987      0.999987    0.00480024     -0.387639   -0.00194721   -0.00479638      0.999987     -0.047864
     0.999998   -0.00187235    0.00115508    -0.0667234    0.00186685      0.999987    0.00474517    0.00320802   -0.00116395     -0.004743      0.999988     -0.151096
     0.999997   -0.00165826    0.00181183     -0.147312    0.00164861      0.999985    0.00531328     -0.363301   -0.00182061   -0.00531028      0.999984    -0.0709927
     0.999995   -0.00244863    0.00177821     -0.147875      0.002438      0.999979    0.00595364      -0.10449   -0.00179276   -0.00594928      0.999981     -0.232264
     0.999999    0.00151933  -0.000401352     0.0669033   -0.00151867      0.999997    0.00165211     -0.142355   0.000403861    -0.0016515      0.999999     0.0583874
     0.999999    0.00112851   0.000284679    -0.0275465   -0.00112909      0.999997    0.00202362    -0.0673757  -0.000282395   -0.00202394      0.999998     0.0359256
     0.999999    0.00150926  -0.000349084     0.0643244   -0.00150864      0.999997    0.00176544     0.0186513   0.000351748   -0.00176491      0.999998     0.0507364
     0.999999    0.00138467   0.000113059    -0.0108983   -0.00138498      0.999995    0.00277631     -0.175623  -0.000109214   -0.00277647      0.999996    0.00752401
     0.999999    0.00153948  -0.000588882      0.104546   -0.00153796      0.999996    0.00256688     0.0664314   0.000592831   -0.00256598      0.999997     -0.045705
     0.999999    0.00134147   0.000101638    -0.0365696   -0.00134172      0.999996     0.0024746     -0.205581  -9.83181e-05   -0.00247474      0.999997     0.0196289
     0.999999    0.00142718  -0.000326124     0.0762125   -0.00142641      0.999996    0.00234912     0.0966736   0.000329475   -0.00234865      0.999997    -0.0456527
     0.999999    0.00126671   0.000156479    -0.0161239   -0.00126712      0.999996    0.00266295     -0.229108  -0.000153105   -0.00266315      0.999996     0.0351041
     0.999999     0.0012848  -8.55253e-05      0.066667   -0.00128458      0.999996    0.00252017     0.0904949   8.87629e-05   -0.00252006      0.999997    -0.0583127
     0.999999    0.00145866   9.22386e-05    -0.0206383    -0.0014589      0.999995    0.00263719     -0.211442  -8.83914e-05   -0.00263732      0.999997    -0.0151787
     0.999999    0.00157734  -0.000257265     0.0599065   -0.00157649      0.999993    0.00328857    -0.0326872   0.000262451   -0.00328816      0.999995     -0.036622
     0.999998    0.00190056  -0.000298405     -0.076675   -0.00189991      0.999996    0.00213631     -0.178719   0.000302464   -0.00213574      0.999998      -0.29195
     0.999996    0.00253915    -0.0013686      0.133273   -0.00251628      0.999861     0.0164592     -0.401443     0.0014102    -0.0164557      0.999864      -1.30612
     0.999999  -0.000662565   -0.00136883    -0.0887386     0.0006936       0.99974     0.0227983     -0.788378    0.00135336    -0.0227992      0.999739      -1.56118
            1  -0.000824469   0.000102966     -0.128323   0.000827934      0.999196    -0.0400947      0.581704  -6.98267e-05     0.0400947      0.999196       2.50987
     0.999999   0.000935019   0.000986923    0.00337311  -0.000937409      0.999997    0.00242412      0.092079  -0.000984653   -0.00242504      0.999997      0.123511
     0.999998    0.00160369   0.000987913     0.0327029   -0.00160715      0.999993    0.00350888    -0.0939433  -0.000982278   -0.00351046      0.999993     0.0750124
     0.999997    0.00196422    0.00143351    0.00988115   -0.00197167      0.999984    0.00521957    -0.0854675   -0.00142324   -0.00522238      0.999985    -0.0738513
     0.999999    0.00142525  -0.000456235     0.0667477   -0.00142223      0.999977    0.00655865     -0.053233   0.000465573   -0.00655799      0.999978     -0.272678
     0.999999  -0.000591986    0.00124125    -0.0630457    0.00058945      0.999998    0.00204232     -0.206325   -0.00124245   -0.00204159      0.999997     0.0922119
     0.999999  -0.000924108   0.000672601    -0.0400362   0.000922774      0.999998    0.00198098     0.0651294   -0.00067443   -0.00198036      0.999998        0.1061
     0.999999   -0.00127444    0.00105754     -0.089407    0.00127284      0.999998    0.00151051    -0.0670461   -0.00105946   -0.00150916      0.999998     0.0991685
     0.999997  -0.000992979    0.00227013     -0.151123   0.000986051      0.999995    0.00305099     0.0228324   -0.00227315   -0.00304875      0.999993    -0.0613867
     0.999997  -0.000287518    0.00251148    -0.0809413   0.000277028      0.999991    0.00417634      -0.21154   -0.00251266   -0.00417563      0.999988     0.0408488
     0.999994  -0.000438096    0.00343623    -0.0912826    0.00042646      0.999994    0.00338625     -0.172291   -0.00343769   -0.00338477      0.999988      0.115665
            1   0.000163061  -0.000886063    -0.0210962  -0.000160937      0.999997    0.00239646     0.0150143   0.000886451   -0.00239631      0.999997     -0.092784
     0.999999   0.000770034  -0.000899417     0.0633427  -0.000768758      0.999999    0.00141794      0.016867   0.000900508   -0.00141725      0.999999      -0.19477
     0.999993    0.00287362   -0.00229193      0.274024   -0.00287867      0.999993   -0.00220429    -0.0990701    0.00228558    0.00221088      0.999995      0.329817
     0.999998   -0.00117163    0.00140961    -0.0597446    0.00116141      0.999973    0.00723461     -0.111534   -0.00141805   -0.00723297      0.999973     -0.167796
            1   0.000408312   0.000310653   -0.00865417  -0.000409322      0.999995    0.00325971     -0.202854  -0.000309321   -0.00325983      0.999995     -0.138322
     0.999999    0.00112214   0.000367036     0.0489461    -0.0011231      0.999996    0.00261668     0.0358763  -0.000364098   -0.00261709      0.999997    -0.0438777
            1  -0.000431758   0.000465505   -0.00187508   0.000430567      0.999997     0.0025564     -0.178072  -0.000466607    -0.0025562      0.999997     -0.122854
     0.999998   -0.00206091   0.000128529    -0.0577897     0.0020607      0.999997    0.00163739    0.00658274  -0.000131903   -0.00163712      0.999999     -0.114566
     0.999997   -0.00222537  -0.000347004     -0.052826    0.00222595      0.999996    0.00166808       0.06094   0.000343291   -0.00166885      0.999999     -0.138114
     0.999997   -0.00232993  -6.44557e-05    -0.0948888    0.00233006      0.999995    0.00206708      -0.16794   5.96392e-05   -0.00206722      0.999998      -0.14398
     0.999996    -0.0027106   0.000366787     -0.107831    0.00270992      0.999995    0.00185217     0.0253184  -0.000371805   -0.00185117      0.999998     -0.144433
     0.999997   -0.00219978  -0.000533628    -0.0435731    0.00220113      0.999994    0.00255524   -0.00894651   0.000528004   -0.00255641      0.999997     -0.190066
     0.999998   -0.00222866  -6.07749e-05    -0.0906797    0.00222883      0.999993    0.00299478     -0.176377   5.41001e-05   -0.00299491      0.999996     -0.175281
     0.999998    -0.0014867    0.00105003    -0.0833188    0.00148291      0.999992    0.00360297     -0.060443   -0.00105538    -0.0036014      0.999993     -0.202422
     0.999999  -0.000570741   0.000822162     -0.140753   0.000566791      0.999988    0.00479719    -0.0143987   -0.00082489   -0.00479672      0.999988     -0.250511
     0.999999    0.00101293   0.000919388     0.0117179   -0.00101547      0.999996    0.00276827     -0.183617   -0.00091658    -0.0027692      0.999996     -0.241317
     0.999993    0.00359727    -0.0010313     0.0313427   -0.00359703      0.999994    0.00023333      0.216724    0.00103213  -0.000229619      0.999999     -0.467233
     0.999998   -0.00114021    0.00147835    -0.0819239    0.00113341      0.999989    0.00459226     -0.352432   -0.00148357   -0.00459058      0.999988       0.13219
            1   -0.00066831   0.000448745     0.0515178   0.000665943      0.999986    0.00525507     0.0322999  -0.000452251   -0.00525477      0.999986      0.116925
     0.999997   -0.00225333   0.000395384     -0.151167    0.00225144      0.999986     0.0047149     -0.303056  -0.000406002     -0.004714      0.999989      0.114552
     0.999997   -0.00239951   0.000397118    -0.0558326    0.00239751      0.999985     0.0049583    -0.0665497   -0.00040901   -0.00495733      0.999988      0.124028
     0.999998   -0.00202832   0.000598367    -0.0754327    0.00202493      0.999982    0.00562373     -0.114739  -0.000609763    -0.0056225      0.999984      0.150195
     0.999996   -0.00245182    0.00147204     -0.183275    0.00244163      0.999973    0.00688219     -0.316643   -0.00148887   -0.00687857      0.999975     0.0784061
            1  -0.000281441   0.000692498     0.0971043   0.000280145      0.999998    0.00187146     0.0406703  -0.000693023   -0.00187126      0.999998      -0.11946
            1  -0.000288353  -0.000195163    -0.0457473   0.000288953      0.999995    0.00307728    -0.0867724   0.000194275   -0.00307734      0.999995    -0.0202749
     0.999998   -0.00113766     0.0014643     -0.175158    0.00113155      0.999991    0.00416451      -0.28239   -0.00146902   -0.00416285       0.99999    -0.0321581
     0.999997     0.0002998    0.00231438    -0.0984034  -0.000309657      0.999991    0.00425967     0.0545527   -0.00231308   -0.00426037      0.999988      0.137899
     0.999991   -0.00164125    0.00379662     -0.318483    0.00157622      0.999853     0.0170695     -0.603481   -0.00382408    -0.0170633      0.999847      -0.70198
     0.999999   -0.00102234  -0.000232439    -0.0592292     0.0010251      0.999925     0.0122367    -0.0663326   0.000219911    -0.0122369      0.999925     -0.863404
     0.999998   -0.00146687   -0.00104668     0.0480335    0.00143982      0.999677      -0.02539      0.232369    0.00108358     0.0253884      0.999677       1.32642
     0.999995    0.00315923  -0.000644513      0.314674   -0.00315858      0.999995    0.00100558      0.131624   0.000647686   -0.00100354      0.999999     0.0774583
     0.999997    0.00235928  -0.000127491      0.368364   -0.00235825      0.999969    0.00755958     -0.404994   0.000145322   -0.00755926      0.999971     -0.242233
     0.999999  -0.000754811    0.00125486     0.0791471   0.000754095             1   0.000571251      0.138774   -0.00125529  -0.000570304      0.999999     0.0245221
     0.999998  -0.000130065    0.00211154      -0.18152   0.000126793      0.999999    0.00154959     -0.159647   -0.00211174   -0.00154932      0.999997    -0.0242996
            1  -0.000598901   0.000308277    -0.0829672   0.000598629      0.999999   0.000882176     0.0388017  -0.000308805  -0.000881991             1      0.117874
     0.999997   -0.00219243   -0.00131846    -0.0317188    0.00219427      0.999997    0.00139122     0.0738704     0.0013154   -0.00139411      0.999998      0.108841
     0.999994   -0.00317668  -0.000989717     -0.134797    0.00317886      0.999993    0.00221152     -0.160028   0.000982685   -0.00221466      0.999997      0.129376
     0.999998   0.000176635    0.00199838     -0.129431  -0.000183739      0.999994    0.00355508    -0.0896512   -0.00199774   -0.00355544      0.999992      -0.05815
     0.999998  -0.000147207    0.00183949      -0.07837   0.000140178      0.999993    0.00382099     0.0658988   -0.00184004   -0.00382073      0.999991     -0.047454
     0.999999   0.000104918    0.00143438    -0.0640888  -0.000107567      0.999998    0.00184745     -0.154809   -0.00143419    -0.0018476      0.999997    -0.0019817
     0.999997   1.58116e-05    0.00259296     -0.122563  -2.14604e-05      0.999998     0.0021785    -0.0210671   -0.00259292   -0.00217855      0.999994      -0.01282
            1   -0.00016556   0.000802628    -0.0306148   0.000164377      0.999999    0.00147347      0.087603  -0.000802871   -0.00147334      0.999999    -0.0541678
            1   -0.00039356   0.000676633     -0.165572    0.00039133      0.999994    0.00329412      -0.25023  -0.000677926   -0.00329386      0.999994    0.00971071
     0.999998   0.000126945    0.00209092     0.0269245  -0.000131622      0.999997    0.00223676      0.127753   -0.00209064   -0.00223703      0.999995    -0.0668979
     0.999999   0.000332378    0.00109241    -0.0999716  -0.000333661      0.999999    0.00117421     -0.122883   -0.00109202   -0.00117457      0.999999    -0.0759524
     0.999998   0.000606676     0.0016388     -0.057672  -0.000608697      0.999999    0.00123287     0.0556504   -0.00163805   -0.00123386      0.999998    -0.0929278
     0.999998    0.00124535    0.00136632      0.008362   -0.00124702      0.999998    0.00122418     0.0671359    -0.0013648   -0.00122588      0.999998     -0.129226
     0.999998   0.000599221    0.00214604     -0.142295   -0.00060374      0.999998    0.00210562     -0.199028   -0.00214478   -0.00210691      0.999995     -0.168418
     0.999998   0.000383002     0.0019682    -0.0186165  -0.000386167      0.999999    0.00160787      0.122027   -0.00196758   -0.00160863      0.999997     -0.213873
     0.999997   4.10835e-05    0.00227726     -0.130158  -4.57029e-05      0.999998    0.00202846     -0.140982   -0.00227717   -0.00202856      0.999995     -0.198952
     0.999995  -0.000256751    0.00303259      -0.13037   0.000250482      0.999998    0.00206724    -0.0362132   -0.00303311   -0.00206647      0.999993     -0.234217
     0.999997  -0.000291641    0.00248842    -0.0697621   0.000284133      0.999995    0.00301702       0.02489   -0.00248929   -0.00301631      0.999992     -0.302585
     0.999994  -0.000579757    0.00349518     -0.202592   0.000569553      0.999996    0.00291971     -0.214144   -0.00349686    -0.0029177       0.99999     -0.246562
     0.999995  -0.000479484    0.00324365     -0.141114    0.00046864      0.999994     0.0033431     0.0456275   -0.00324523   -0.00334156      0.999989     -0.378514
            1   0.000763799   0.000127519    -0.0246852  -0.000764154      0.999996    0.00280621     -0.172622  -0.000125375    -0.0028063      0.999996      0.147562
     0.999999   0.000810702     0.0014188    -0.0282735  -0.000814234      0.999997    0.00249119     -0.029166   -0.00141677   -0.00249234      0.999996      0.123737
     0.999999   0.000474058    0.00133976    -0.0836566  -0.000477086      0.999997     0.0022609     0.0274119   -0.00133869   -0.00226154      0.999997      0.114778
            1   0.000472456   0.000673999     0.0075632  -0.000473808      0.999998    0.00200645     0.0210321   -0.00067305   -0.00200677      0.999998     0.0302091
     0.999999   9.35874e-05    0.00112434     -0.113367  -9.54547e-05      0.999999    0.00166087     -0.145695   -0.00112419   -0.00166098      0.999998     0.0918264
     0.999999  -0.000194453    0.00104312    -0.0149389   0.000192762      0.999999    0.00162013      0.110344   -0.00104343   -0.00161993      0.999998    0.00797261
            1   0.000141707   0.000314406     -0.040381  -0.000142484      0.999997    0.00247206     -0.140717  -0.000314055   -0.00247211      0.999997     0.0384988
            1   0.000243226   0.000882744    -0.0280629  -0.000245762      0.999996    0.00287424      -0.08414  -0.000882041   -0.00287446      0.999995     0.0344423
            1   0.000409381   0.000244289    -0.0284094  -0.000409902      0.999998    0.00213379     0.0349811  -0.000243415   -0.00213389      0.999998      0.037336
     0.999999   0.000222865    0.00129542     -0.086279  -0.000225455      0.999998    0.00199953     -0.190272   -0.00129497   -0.00199982      0.999997     0.0639646
     0.999999  -0.000102581    0.00116764    -0.0111668   0.000100961      0.999999     0.0013878      0.130616   -0.00116778   -0.00138768      0.999998   -0.00400063
     0.999999   0.000104683    0.00119272    -0.0844885  -0.000107604      0.999997    0.00244902     -0.180572   -0.00119246   -0.00244915      0.999996     0.0272338
     0.999998  -0.000247397     0.0017816     -0.114269   0.000244215      0.999998    0.00178603     0.0213763   -0.00178204   -0.00178559      0.999997     0.0199673
     0.999999  -0.000153301    0.00143271    -0.0543194   0.000151058      0.999999    0.00156525     0.0164254   -0.00143294   -0.00156504      0.999998     0.0486091
     0.999998   0.000149514    0.00178664     -0.100147  -0.000153855      0.999997    0.00242994      -0.11823   -0.00178627   -0.00243021      0.999995     0.0259717
     0.999999   0.000328653    0.00149905    -0.0565959  -0.000332787      0.999996    0.00275793     0.0239993   -0.00149814   -0.00275842      0.999995     0.0470669
     0.999999   0.000159415    0.00169958    -0.0763038  -0.000163766      0.999997    0.00255998    -0.0667596   -0.00169917   -0.00256025      0.999995   -0.00926384
     0.999999   0.000228408    0.00129474    -0.0557723  -0.000232912      0.999994     0.0034803    -0.0586883   -0.00129393    -0.0034806      0.999993    0.00337643
     0.999999    1.9975e-05    0.00172956    -0.0845699  -2.56768e-05      0.999995    0.00329671     -0.146905   -0.00172949   -0.00329675      0.999993    -0.0202612
     0.999999   0.000193028    0.00141836    -0.0551402   -0.00019638      0.999997    0.00236312    -0.0292443    -0.0014179   -0.00236339      0.999996     0.0557386
     0.999998   0.000127218    0.00182609     -0.111022  -0.000132341      0.999996    0.00280571     -0.122488   -0.00182573   -0.00280595      0.999994     0.0100793
     0.999999   2.13089e-05    0.00133525     -0.048452  -2.48463e-05      0.999996    0.00264931     0.0100249   -0.00133519   -0.00264934      0.999996     0.0326669
     0.999998   5.84288e-05    0.00174966    -0.0824011  -6.54944e-05      0.999992    0.00403849     -0.191549   -0.00174941    -0.0040386       0.99999    -0.0346333
     0.999999   0.000493576    0.00148637    -0.0365779  -0.000500273       0.99999    0.00450861    -0.0725823   -0.00148413   -0.00450935      0.999989  -0.000608218
     0.999998   0.000372891    0.00193905     -0.115337  -0.000381864      0.999989    0.00462935     -0.201896    -0.0019373   -0.00463008      0.999987  -0.000330936
     0.999999   0.000394756    0.00114545   -0.00560166  -0.000399664      0.999991    0.00428782     0.0330712   -0.00114375   -0.00428827       0.99999    -0.0220367
     0.999997   0.000392055    0.00220545     -0.133449  -0.000402039       0.99999    0.00452842     -0.274912   -0.00220365   -0.00452929      0.999987     0.0157488
     0.999999   0.000378847    0.00154543   -0.00183875   -0.00038598      0.999989    0.00461785     0.0486954   -0.00154366   -0.00461844      0.999988    -0.0745048
     0.999998   0.000422398    0.00203415     -0.128262  -0.000432217      0.999988    0.00482906       -0.2816   -0.00203209   -0.00482993      0.999986    -0.0194872
     0.999999    0.00039452    0.00142691   -0.00895739  -0.000400331      0.999992    0.00407468     0.0441879   -0.00142529   -0.00407525      0.999991    -0.0552806
     0.999998   0.000610434     0.0018419     -0.108949  -0.000619133      0.999989    0.00472582      -0.26731   -0.00183899   -0.00472696      0.999987    0.00460107
     0.999999   0.000200625      0.001623    -0.0513541   -0.00020889      0.999987    0.00509366    -0.0277529   -0.00162195   -0.00509399      0.999986     -0.042399
     0.999997    0.00180146    0.00136789     -0.208496   -0.00180714       0.99999     0.0041628     -0.210911   -0.00136038   -0.00416527       0.99999     0.0516275
     0.999993    0.00242723    0.00285246     0.0194294   -0.00243591      0.999992    0.00304277     0.0862744   -0.00284505    -0.0030497      0.999991      0.100743
     0.999997    0.00197364    0.00139959    -0.0304051   -0.00197758      0.999994    0.00281948     -0.162983   -0.00139402   -0.00282223      0.999995      0.114666
     0.999989      0.002667    0.00380492     0.0380071   -0.00268921      0.999979    0.00584312     -0.042853   -0.00378926   -0.00585329      0.999976   -0.00332449
     0.999999   -0.00127854  -0.000595522    -0.0445905    0.00128016      0.999995    0.00272352     -0.199121   0.000592037   -0.00272428      0.999996     -0.030153
     0.999999   -0.00161827  -0.000449534    0.00712017    0.00161915      0.999997    0.00195142     0.0657514   0.000446374   -0.00195215      0.999998    -0.0839831
     0.999999   -0.00156505  -0.000653473    -0.0686903    0.00156603      0.999998    0.00149138     -0.141844   0.000651137    -0.0014924      0.999999    -0.0222764
     0.999998   -0.00178752   -0.00069636    -0.0147388    0.00178823      0.999998    0.00101627     0.0999904   0.000694542   -0.00101752      0.999999    -0.0609468
     0.999987   -0.00385487   -0.00319565      -0.22983    0.00384686      0.999989   -0.00250865    -0.0340207    0.00320529    0.00249632      0.999992    -0.0557904
     0.999993    0.00368192  -0.000281365      0.136114   -0.00367982      0.999968     0.0071445     -0.102705   0.000307661   -0.00714342      0.999974     -0.147677
     0.999997  -0.000238582    0.00243301     -0.178383   0.000235458      0.999999    0.00128448     -0.106871   -0.00243332    -0.0012839      0.999996      0.066737
     0.999997  -0.000332021    0.00226338    -0.0217585   0.000326974      0.999997     0.0022299      0.145347   -0.00226411   -0.00222915      0.999995     0.0247362
     0.999999   -0.00143462   -8.5767e-05     -0.350476    0.00143648      0.999596     0.0283743      -1.14441    4.5026e-05    -0.0283744      0.999597      -1.56755
     0.999998   -0.00205346  -0.000802289    -0.0829694    0.00205348      0.999998   2.00534e-05     0.0149553   0.000802246  -2.17008e-05             1     -0.522153
     0.999997  -0.000636844   -0.00226628    -0.0456945   0.000564899        0.9995     -0.031606      0.489547    0.00228527     0.0316047      0.999498       2.23891
     0.999962   -0.00171646    0.00851243     -0.323777    0.00186106      0.999854    -0.0170083      0.331189   -0.00848199     0.0170235      0.999819       3.44167
            1   -0.00013441   0.000689306    -0.0230873   0.000128664      0.999965     0.0083291    -0.0330122  -0.000690402   -0.00832901      0.999965      0.147962
     0.999995  -0.000396022   -0.00298559     0.0624938   0.000417225      0.999975    0.00710464    -0.0800436     0.0029827   -0.00710586       0.99997      -1.09692
     0.999998    0.00218005  -0.000324035     0.0915077   -0.00217933      0.999995    0.00220643    -0.0647186   0.000328844   -0.00220572      0.999998     -0.219683
     0.999998    0.00205681   -0.00025952     0.0512148   -0.00205614      0.999995    0.00256635    -0.0324208   0.000264797   -0.00256581      0.999997     -0.329862
