# 3dvolreg matrices (DICOM-to-DICOM, row-by-row):
     0.999999  -0.000498709   -0.00154641     -0.243125   0.000504841      0.999992    0.00396767       0.16335    0.00154441   -0.00396845      0.999991    -0.0477568
     0.999984   -0.00227205   -0.00514024     -0.208717    0.00227996      0.999996    0.00153499       0.32189    0.00513673   -0.00154669      0.999986    -0.0950143
     0.999999   5.67769e-05   -0.00160555     -0.166343  -6.03214e-05      0.999998   -0.00220773      0.234036    0.00160542    0.00220782      0.999996      0.242637
     0.999999   0.000140738   -0.00149275     -0.235183  -0.000135554      0.999994    0.00347231      0.339189    0.00149323    -0.0034721      0.999993    -0.0875208
            1   0.000585986  -0.000631568     -0.215767  -0.000583257      0.999991    0.00431144     0.0315787   0.000634088   -0.00431107      0.999991     -0.043459
            1   0.000645181  -0.000541025     -0.266394  -0.000641392      0.999975    0.00697315      0.221992    0.00054551    -0.0069728      0.999976     -0.196892
     0.999999  -7.16081e-05   -0.00100939     -0.258793   7.31016e-05      0.999999     0.0014797     0.0622854    0.00100928   -0.00147977      0.999998      0.118324
     0.999999  -0.000245322   -0.00125536     -0.216325   0.000247426      0.999999    0.00167588      0.454495    0.00125495   -0.00167619      0.999998     0.0620023
            1  -0.000717055   0.000132824     -0.332485   0.000716745      0.999997    0.00232266     0.0918222  -0.000134489   -0.00232256      0.999997     0.0997648
            1  -0.000218055  -0.000679221      -0.22252   0.000220015      0.999996    0.00288674      0.437772   0.000678589   -0.00288689      0.999996    -0.0333358
     0.999999  -0.000431014   -0.00123481     -0.251339   0.000434695      0.999995     0.0029822     0.0660972    0.00123352   -0.00298273      0.999995    -0.0541311
     0.999998   6.34993e-05   -0.00198149     -0.193973  -5.59766e-05      0.999993     0.0037963      0.343049    0.00198171   -0.00379618      0.999991    -0.0823606
     0.999999  -0.000527841   -0.00150295     -0.256633   0.000537678      0.999978    0.00655177   -0.00445401    0.00149946   -0.00655257      0.999977     -0.382254
     0.999994  -0.000215507   -0.00357288     -0.152622   0.000220164      0.999999    0.00130324      0.417048     0.0035726   -0.00130402      0.999993     -0.136052
     0.999992    0.00142968   -0.00361928    -0.0990456    -0.0014227      0.999997    0.00192817      0.110917    0.00362203   -0.00192301      0.999992    -0.0143481
      0.99999    0.00239915    -0.0037177    -0.0300637   -0.00239395      0.999996    0.00140493      0.476316    0.00372106   -0.00139602      0.999992     0.0213207
     0.999995    0.00214798   -0.00230385     -0.128928   -0.00214246      0.999995    0.00239757      0.141471    0.00230899   -0.00239262      0.999994     0.0183797
     0.999993    0.00260284   -0.00275881    -0.0685399   -0.00259329      0.999991    0.00345922      0.442225    0.00276779   -0.00345204       0.99999     -0.130147
     0.999991    0.00333516    -0.0028015    -0.0785513   -0.00333046      0.999993    0.00168019      0.164035    0.00280708   -0.00167085      0.999995   0.000797291
     0.999999  -9.19593e-05   -0.00131723     -0.207718   9.47778e-05      0.999998    0.00213982      0.399115    0.00131703   -0.00213994      0.999997    -0.0263309
            1  -0.000566171  -0.000345187     -0.306221      0.000567      0.999997     0.0024078      0.115934   0.000343823   -0.00240799      0.999997     0.0604499
            1   6.51855e-06   0.000649098     -0.245612  -8.17802e-06      0.999997     0.0025566      0.358149  -0.000649079    -0.0025566      0.999997   -0.00323316
     0.999999  -0.000214229    0.00157104     -0.344167   0.000208408      0.999993    0.00370444      0.125702   -0.00157182   -0.00370411      0.999992     0.0224689
            1  -0.000406145   0.000759758     -0.305573   0.000403763      0.999995    0.00313268      0.318804  -0.000761027   -0.00313237      0.999995     -0.042805
     0.999999  -0.000382171    0.00101096     -0.319589   0.000378782      0.999994    0.00334999      0.136151   -0.00101224   -0.00334961      0.999994    -0.0184441
            1  -0.000269239   0.000400115     -0.296099   0.000268025      0.999995    0.00303135      0.346941   -0.00040093   -0.00303124      0.999995    -0.0233084
            1  -0.000249792   0.000826259     -0.360297   0.000243211      0.999968    0.00795587    -0.0200277   -0.00082822   -0.00795567      0.999968     -0.217712
     0.999998    0.00158896   -0.00145218     -0.126703   -0.00158619      0.999997    0.00190985      0.334841    0.00145521   -0.00190754      0.999997   -0.00605525
     0.999999   0.000979761  -0.000385628     -0.255251  -0.000979424      0.999999   0.000873316      0.265064   0.000386484  -0.000872938             1     0.0504374
     0.999998   -0.00194636   0.000130261     -0.347551    0.00194654      0.999997   -0.00144452      0.442445  -0.000127449    0.00144477      0.999999     0.0567025
     0.999995   -0.00309359  -0.000910127     -0.456644    0.00308806      0.999977   -0.00601568      0.184055   0.000928716    0.00601284      0.999981      0.718377
     0.999974    0.00640708    0.00328403      0.101519   -0.00641665      0.999975    0.00291076      0.634828    -0.0032653   -0.00293176       0.99999     -0.278331
     0.999979   -0.00273554   -0.00589934     -0.185829    0.00280512      0.999926     0.0118188      -0.16484    0.00586657    -0.0118351      0.999913     -0.722571
      0.99999   0.000567132   -0.00445349     -0.227465  -0.000570587             1  -0.000774549      0.301594    0.00445305   0.000777082       0.99999      0.395387
     0.999999    0.00060809   -0.00113746     -0.160019  -0.000605298      0.999997    0.00245357      0.418373    0.00113895   -0.00245288      0.999996    0.00791041
     0.999997     0.0009604   -0.00239049     -0.165134  -0.000956804      0.999998    0.00150502       0.16239    0.00239193   -0.00150273      0.999996      0.153701
     0.999996   0.000908634   -0.00253501     -0.165181  -0.000903654      0.999998    0.00196502      0.390585    0.00253679   -0.00196272      0.999995     0.0987794
     0.999998    0.00216031  -1.87114e-06      -0.26724   -0.00216026      0.999979    0.00610342      0.232196   1.50564e-05    -0.0061034      0.999981     -0.104542
     0.999998  -0.000783682   -0.00164168     -0.207851   0.000785788      0.999999    0.00128291      0.323723    0.00164068    -0.0012842      0.999998     0.0910157
     0.999998  -0.000873921   -0.00181505     -0.211209   0.000875662      0.999999   0.000958531      0.127823    0.00181421  -0.000960118      0.999998      0.199765
     0.999997  -0.000704768   -0.00227213     -0.190116   0.000709749      0.999997    0.00219239      0.495977    0.00227058     -0.002194      0.999995     0.0651174
     0.999998  -0.000403596   -0.00217296     -0.211076   0.000408619      0.999997    0.00231156       0.14082    0.00217202   -0.00231244      0.999995     0.0674759
     0.999995   -0.00024035   -0.00307083     -0.167072   0.000248426      0.999997    0.00262994      0.330784    0.00307018   -0.00263069      0.999992      0.130142
     0.999996  -0.000784914   -0.00262733     -0.227902   0.000792978      0.999995    0.00306949      0.235582    0.00262491   -0.00307156      0.999992    -0.0292782
     0.999996   -0.00204662   -0.00214464     -0.269293    0.00205455      0.999991    0.00370245      0.158205    0.00213704   -0.00370684      0.999991    -0.0700393
     0.999995   -0.00259737    -0.0017988      -0.34723    0.00260283      0.999992    0.00303876      0.260161    0.00179089   -0.00304343      0.999994     -0.175896
     0.999996   -0.00193687   -0.00213233     -0.259905    0.00194398      0.999993    0.00333749      0.200441    0.00212585   -0.00334163      0.999992     -0.319225
     0.999993    0.00129819   -0.00352265      -0.11842     -0.001291      0.999997    0.00204277      0.248254    0.00352529   -0.00203821      0.999992      0.118266
     0.999992    0.00191005   -0.00337147    -0.0885396   -0.00190033      0.999994    0.00288508       0.18026    0.00337696   -0.00287865       0.99999      0.114083
     0.999989    0.00221679   -0.00403969    -0.0544449   -0.00220687      0.999995    0.00245836      0.426225    0.00404511   -0.00244942      0.999989     0.0990316
     0.999992    0.00216785   -0.00343342    -0.0785475   -0.00215993      0.999995    0.00230763      0.142455     0.0034384   -0.00230019      0.999991      0.152389
      0.99999    0.00189585   -0.00403441    -0.0729914   -0.00188721      0.999996    0.00214514      0.452151    0.00403846   -0.00213751       0.99999     0.0615466
     0.999991    0.00202667   -0.00378822    -0.0600372   -0.00201851      0.999996    0.00215519      0.111962    0.00379257   -0.00214752      0.999991      0.141677
     0.999992    0.00180749   -0.00365363    -0.0915968    -0.0017986      0.999995    0.00243414      0.432376    0.00365802   -0.00242755       0.99999      0.021976
     0.999987    0.00204285   -0.00467475    -0.0119424   -0.00202963      0.999994    0.00282936      0.213459     0.0046805   -0.00281984      0.999985     0.0625764
     0.999998  -0.000992772   -0.00190152     -0.246652    0.00100261      0.999986    0.00518166      0.194304    0.00189635   -0.00518355      0.999985      -0.19282
     0.999996  -0.000949524   -0.00263945     -0.244248    0.00096193      0.999988     0.0047031      0.235555    0.00263496   -0.00470562      0.999985     -0.129032
     0.999998  -0.000967463   -0.00149327     -0.238411   0.000973518      0.999991    0.00405975      0.079828    0.00148933    -0.0040612      0.999991    -0.0252243
     0.999963  -5.33387e-05    0.00854931     -0.295532   2.57251e-05      0.999995    0.00323001      0.319674   -0.00854944   -0.00322967      0.999958     -0.364982
     0.999954    0.00189902   -0.00938291      -0.15933   -0.00186101       0.99999    0.00405767    -0.0321314    0.00939052   -0.00404002      0.999948      0.143243
     0.999999  -0.000400735    0.00139738     -0.213224   0.000396735      0.999996    0.00286144      0.345527   -0.00139852   -0.00286088      0.999995     0.0242498
     0.999997   0.000273274   -0.00235896     -0.193367  -0.000266729      0.999996    0.00277462      0.321913    0.00235971   -0.00277398      0.999993    -0.0567615
     0.999997   0.000517004    -0.0023065      -0.17861  -0.000511995      0.999998    0.00217175      0.177405    0.00230761   -0.00217057      0.999995      0.038249
     0.999996   3.49876e-05   -0.00294249     -0.214028  -2.28063e-05      0.999991    0.00413971      0.374959    0.00294261   -0.00413962      0.999987     -0.118539
     0.999996   0.000590084   -0.00267432     -0.153184  -0.000578576      0.999991    0.00430179      0.029319    0.00267683   -0.00430023      0.999987    -0.0124884
     0.999998   0.000501425    -0.0021319      -0.19284  -0.000493839      0.999994    0.00355723      0.359007    0.00213367   -0.00355616      0.999991     -0.119442
     0.999997   0.000891688   -0.00219491     -0.165886   -0.00088225       0.99999      0.004297     0.0893242    0.00219873   -0.00429506      0.999988    -0.0223554
     0.999998   0.000595643   -0.00174301     -0.170218  -0.000588643      0.999992     0.0040142      0.276032    0.00174539   -0.00401317       0.99999     -0.128674
     0.999996   0.000692207   -0.00264884     -0.171617  -0.000679763      0.999989    0.00469566      0.212617    0.00265206   -0.00469384      0.999985     -0.132884
     0.999999   0.000653017   -0.00114524     -0.217202  -0.000649704      0.999996    0.00289118      0.154512    0.00114712   -0.00289043      0.999995    -0.0633186
     0.999999   0.000575892   -0.00143057     -0.226587  -0.000570369      0.999992     0.0038584      0.352764    0.00143278   -0.00385758      0.999992     -0.157058
            1   0.000643539  -0.000624512      -0.24447  -0.000641303      0.999993    0.00357394      0.113704   0.000626808   -0.00357353      0.999993     -0.118538
     0.999999   0.000490258  -0.000991956     -0.236737  -0.000486331      0.999992    0.00395486      0.312244   0.000993887   -0.00395437      0.999992     -0.145286
            1    0.00029972  -0.000437176     -0.268391  -0.000298068      0.999993    0.00377286     0.0765714   0.000438304   -0.00377273      0.999993     -0.131354
     0.999999   0.000921471  -0.000441635     -0.196976  -0.000919726      0.999992    0.00393609      0.334812   0.000445258   -0.00393568      0.999992     -0.221943
            1    0.00095115   5.70084e-07     -0.279047  -0.000951141      0.999988     0.0049017     0.0399068   4.09218e-06    -0.0049017      0.999988     -0.118303
     0.999999    0.00123183  -0.000437936     -0.231864   -0.00123026      0.999993    0.00356103      0.403361   0.000442319   -0.00356049      0.999994     -0.177424
     0.999999    0.00132767  -0.000161603     -0.243635   -0.00132714      0.999994    0.00326478     0.0886113   0.000165937   -0.00326456      0.999995    -0.0591227
            1   0.000940123    1.3265e-05     -0.244139  -0.000940163      0.999994    0.00336726       0.34915  -1.00993e-05   -0.00336727      0.999994      -0.21657
     0.999999    0.00142434  -0.000198077      -0.21914   -0.00142368      0.999994    0.00330521      0.147558   0.000202784   -0.00330492      0.999995     -0.140691
     0.999998    0.00142805    0.00119943     -0.289782   -0.00143324       0.99999    0.00433241      0.261972   -0.00119323   -0.00433412       0.99999     -0.297672
     0.999999    0.00130377   0.000721341     -0.292111   -0.00130807      0.999981    0.00599196      0.104526  -0.000713515    -0.0059929      0.999982     -0.239495
            1  -0.000133698  -0.000940913     -0.230664   0.000134215             1   0.000549136      0.254027   0.000940839  -0.000549262      0.999999     0.0747313
     0.999999  -0.000286398   -0.00119777     -0.248355   0.000286916             1   0.000432694      0.434315    0.00119765  -0.000433038      0.999999      0.068325
            1  -0.000692113   9.76483e-05      -0.30419   0.000692046             1   0.000685838      0.218328  -9.81229e-05   -0.00068577             1     0.0626058
     0.999999  -0.000885219  -0.000643049     -0.271044   0.000885119             1  -0.000155191      0.454839   0.000643187   0.000154621             1     0.0536428
     0.999999   -0.00115306  -0.000394131     -0.308555    0.00115323      0.999999   0.000433837       0.30321    0.00039363  -0.000434291             1    -0.0832794
     0.999999  -0.000828635  -0.000606694     -0.263069   0.000829197      0.999999   0.000925859      0.253495   0.000605926  -0.000926362      0.999999     0.0494741
     0.999999   -0.00120751  -0.000390708     -0.312346    0.00120771      0.999999   0.000514329      0.357475   0.000390087  -0.000514801             1   -0.00662491
     0.999997    -0.0018021   -0.00181682     -0.272002    0.00180541      0.999997    0.00181998      0.230764    0.00181353   -0.00182325      0.999997   -0.00365916
     0.999998   -0.00160143     -0.001488     -0.284064    0.00160397      0.999997    0.00170908      0.250989    0.00148526   -0.00171146      0.999997     -0.131734
     0.999996   -0.00200453   -0.00181142     -0.301282    0.00200906      0.999995    0.00250325      0.147086    0.00180639   -0.00250688      0.999995     -0.103801
     0.999995   -0.00270383   -0.00154541     -0.315785    0.00270823      0.999992    0.00284932      0.376249    0.00153769   -0.00285349      0.999995     -0.260993
     0.999997     0.0015213   -0.00164451     -0.140718   -0.00151875      0.999998    0.00154998      0.112668    0.00164686   -0.00154748      0.999997      0.233193
     0.999998    0.00140068   -0.00162176     -0.146202   -0.00139663      0.999996    0.00249275      0.443706    0.00162524   -0.00249048      0.999996     0.0831009
     0.999998    0.00133077   -0.00166687     -0.201986   -0.00133077      0.999999  -7.52644e-07      0.287008    0.00166687   2.97087e-06      0.999999      0.152089
     0.999998     0.0014386   -0.00143317     -0.182916   -0.00143754      0.999999   0.000739119      0.395389    0.00143423  -0.000737058      0.999999      0.120469
     0.999998    0.00143862   -0.00107799     -0.208529   -0.00143766      0.999999   0.000895895      0.236619    0.00107928  -0.000894344      0.999999      0.151928
     0.999998    0.00118234   -0.00181996     -0.183677   -0.00118013      0.999999    0.00121751      0.439173    0.00182139   -0.00121536      0.999998     0.0981306
     0.999999    0.00127461  -0.000733943     -0.226827   -0.00127417      0.999999   0.000602044      0.178847    0.00073471  -0.000601108             1      0.243709
     0.999999    0.00137759  -0.000821157      -0.21996   -0.00137669      0.999998    0.00109574      0.483853   0.000822665   -0.00109461      0.999999      0.105366
     0.999997    0.00171892   -0.00161964     -0.185313   -0.00171556      0.999996    0.00207407      0.201321     0.0016232   -0.00207128      0.999997       0.20021
     0.999999    0.00131735  -0.000911327      -0.19199    -0.0013158      0.999998    0.00170748      0.335156   0.000913574   -0.00170628      0.999998     0.0855769
     0.999998    0.00131452   -0.00158634     -0.199455   -0.00131126      0.999997    0.00205238      0.325668    0.00158903    -0.0020503      0.999997      0.121596
     0.999998    0.00178809  -0.000738973     -0.174749   -0.00178604      0.999995    0.00276503       0.13745   0.000743913    -0.0027637      0.999996     0.0730803
     0.999996    0.00222529   -0.00156306     -0.171403   -0.00222081      0.999993    0.00285741      0.425965    0.00156941   -0.00285393      0.999995     0.0428398
     0.999996     0.0025235   -0.00106701     -0.165407   -0.00252066      0.999993    0.00265449     0.0914301     0.0010737   -0.00265179      0.999996      0.115904
     0.999997    0.00229416   -0.00109042      -0.18249    -0.0022908      0.999993    0.00307921      0.441066    0.00109747    -0.0030767      0.999995    -0.0838458
     0.999997    0.00216355   -0.00121143     -0.181558     -0.002159      0.999991    0.00374316      0.105707    0.00121952   -0.00374054      0.999992     0.0538517
     0.999997     0.0022707  -0.000994459     -0.159198   -0.00226761      0.999993    0.00309103      0.354965    0.00100147   -0.00308877      0.999995    -0.0270111
     0.999997    0.00209073    -0.0011213      -0.17542   -0.00208647      0.999991    0.00378159      0.185688     0.0011292   -0.00377924      0.999992     0.0441586
     0.999998    0.00203968  -0.000308864     -0.199706   -0.00203877      0.999994    0.00290054      0.302489   0.000314778   -0.00289991      0.999996     0.0112761
     0.999999   0.000828038   -0.00107234      -0.29594  -0.000826944      0.999999    0.00102025      0.319619    0.00107318   -0.00101936      0.999999     0.0793414
     0.999997    0.00155581   -0.00172222     -0.145731   -0.00155684      0.999999  -0.000594483      0.257976    0.00172129   0.000597163      0.999998      0.215092
            1   0.000757835    -0.0005788     -0.116266  -0.000756786      0.999998    0.00181045      0.477086   0.000580171   -0.00181001      0.999998     0.0694993
     0.999999   0.000971805   -0.00126538     -0.204164  -0.000964612      0.999983    0.00567287    -0.0143034    0.00127087   -0.00567164      0.999983    0.00251572
     0.999999  -0.000782695   -0.00113549     -0.369387    0.00078584      0.999996     0.0027715      0.462273    0.00113331   -0.00277239      0.999996      0.237676
     0.999972   -0.00743696   0.000563462     -0.695719    0.00744361      0.999889    -0.0129041      0.493325  -0.000467432      0.012908      0.999917      0.796948
     0.999945    0.00367039    0.00986567     -0.522952   -0.00372191       0.99998    0.00520841     0.0290367   -0.00984635   -0.00524484      0.999938       1.57733
     0.999968   -0.00308261   -0.00732928     -0.101086    0.00311719      0.999984    0.00471203      0.150122    0.00731463   -0.00473472      0.999962     0.0569438
     0.999978    0.00125968   -0.00655189    -0.0503699   -0.00121446      0.999975    0.00690135      0.121239    0.00656043   -0.00689324      0.999955     -0.528591
     0.999997    0.00129689   -0.00185556     -0.129097   -0.00129438      0.999998    0.00135518      0.291786    0.00185732   -0.00135278      0.999997     0.0203824
     0.999993    0.00258078   -0.00257335     -0.065976   -0.00257444      0.999994    0.00246494      0.394345     0.0025797    -0.0024583      0.999994     -0.162754
      0.99999    0.00314458   -0.00320042    -0.0875385    -0.0031325      0.999988    0.00377279      0.146286    0.00321224   -0.00376273      0.999988     -0.178824
     0.999999  -0.000545894   -0.00143125     -0.242882   0.000548225      0.999999    0.00162929      0.200171    0.00143036   -0.00163007      0.999998    -0.0629362
     0.999998    -0.0018753   0.000485915     -0.425204    0.00187425      0.999996    0.00214847      0.318688  -0.000489942   -0.00214756      0.999998    -0.0344245
     0.999999  -0.000652846   -0.00102498     -0.170379   0.000654189      0.999999    0.00131068      0.287543    0.00102412   -0.00131135      0.999999     0.0510478
     0.999999  -0.000928177   -0.00139578     -0.220005   0.000927288      0.999999  -0.000637502      0.253796    0.00139638   0.000636206      0.999999     0.0516704
     0.999991    0.00328015    -0.0027266    -0.0127449   -0.00325484      0.999952    0.00923481      0.274238    0.00275676   -0.00922585      0.999954      -0.40538
     0.999998  -0.000998947   -0.00171244     -0.253686   0.000999197      0.999999   0.000144799       0.14921    0.00171229  -0.000146509      0.999999      0.149142
     0.999997  -0.000349557   -0.00247042     -0.167197   0.000353381      0.999999    0.00154762      0.425492    0.00246988   -0.00154849      0.999996     0.0666676
     0.999992   -0.00402959   0.000359516      -0.53311    0.00403015      0.999991   -0.00156978      0.359303  -0.000353187    0.00157122      0.999999      0.244139
     0.999988    0.00292084   -0.00385887     0.0369944   -0.00289234      0.999969    0.00737057      0.101758    0.00388027   -0.00735932      0.999965     -0.142946
     0.999999  -0.000314792   -0.00111018     -0.300672   0.000316125      0.999999    0.00120039      0.167736     0.0011098   -0.00120074      0.999999    -0.0570208
     0.999999   0.000634132   -0.00117475     -0.139833  -0.000631342      0.999997    0.00237413      0.463349    0.00117625   -0.00237338      0.999996     -0.137025
     0.999998  -0.000213345   -0.00178555      -0.23871   0.000219516      0.999994    0.00345661       0.10765     0.0017848   -0.00345699      0.999992     -0.277277
     0.999998   0.000372883   -0.00218674     -0.168545  -0.000364733      0.999993    0.00372596      0.391004    0.00218811   -0.00372516      0.999991     -0.423241
     0.999999   9.11005e-05    -0.0012129     -0.243474   -9.0202e-05             1    0.00074089      0.127091    0.00121296   -0.00074078      0.999999      0.220753
     0.999998   7.32243e-05   -0.00178748     -0.198472  -7.07985e-05      0.999999    0.00135715      0.397497    0.00178758   -0.00135702      0.999997      0.131426
     0.999999  -0.000271911   -0.00143799     -0.244069   0.000274569      0.999998    0.00184835      0.268734    0.00143749   -0.00184874      0.999997     0.0472653
     0.999999  -0.000415638   -0.00167973     -0.214857   0.000418473      0.999998    0.00168787      0.284685    0.00167902   -0.00168857      0.999997     0.0938406
     0.999998  -0.000471217   -0.00197179       -0.2209   0.000476351      0.999996     0.0026042      0.229207    0.00197056   -0.00260513      0.999995     0.0170698
     0.999998   -0.00102694   -0.00156569      -0.25842    0.00103056      0.999997    0.00231332       0.24301    0.00156331   -0.00231493      0.999996     0.0436931
     0.999998  -0.000920201   -0.00195105     -0.230589   0.000927058      0.999993    0.00351661      0.335012     0.0019478   -0.00351841      0.999992     -0.100995
     0.999998   -0.00167794   -0.00145455     -0.381421    0.00168191      0.999995    0.00273352     0.0922383    0.00144996   -0.00273596      0.999995    -0.0252571
     0.999998   -0.00138011   -0.00107666     -0.222434    0.00138299      0.999995    0.00267501      0.335335    0.00107297    -0.0026765      0.999996    -0.0145376
     0.999998   -0.00199336  -0.000225836       -0.4099    0.00199394      0.999995     0.0025989      0.121969   0.000220654   -0.00259934      0.999997     0.0616012
     0.999999   -0.00157168  -0.000254073     -0.266518    0.00157266      0.999991    0.00389647      0.367129   0.000247947   -0.00389686      0.999992     -0.154854
     0.999995   -0.00299596   0.000540184     -0.488133    0.00299535      0.999995     0.0011169     0.0972447  -0.000543527   -0.00111527      0.999999    -0.0179539
     0.999995    0.00268965   -0.00175566     -0.088624   -0.00267977      0.999981    0.00560542      0.233531     0.0017707   -0.00560068      0.999983    -0.0966233
     0.999996    0.00207396   -0.00175969     -0.163506   -0.00206452      0.999984    0.00534708      0.178828    0.00177075   -0.00534342      0.999984      -0.12863
     0.999996    0.00235619   -0.00180962     -0.113383   -0.00234804      0.999987     0.0044906      0.216525    0.00182018   -0.00448633      0.999988    -0.0856265
     0.999998    0.00182445   -0.00092258     -0.231231   -0.00182094      0.999991    0.00379214      0.171009   0.000929491   -0.00379045      0.999992     -0.143869
     0.999996     0.0026603   -0.00126774     -0.112705   -0.00265439      0.999986     0.0046401      0.234371    0.00128006   -0.00463671      0.999988     -0.144619
     0.999999    0.00141757   -0.00095091     -0.238489   -0.00141428      0.999993    0.00345725      0.128532   0.000955804    -0.0034559      0.999994    -0.0923375
     0.999997    0.00193605   -0.00157254     -0.106424   -0.00192904      0.999988    0.00444761      0.349565    0.00158113   -0.00444457      0.999989     -0.188426
     0.999999   0.000983804   -0.00129931     -0.279566  -0.000979753      0.999995    0.00311465     0.0831079    0.00130237   -0.00311338      0.999994    -0.0852966
     0.999998    0.00116063   -0.00156018      -0.14052   -0.00115412      0.999991    0.00416651      0.350904      0.001565    -0.0041647       0.99999     -0.251769
     0.999999   0.000736448   -0.00124965     -0.255585  -0.000733031      0.999996    0.00273293      0.162708    0.00125166   -0.00273201      0.999995     -0.165806
     0.999999    0.00109081   -0.00100129     -0.181425   -0.00108678      0.999991    0.00401657      0.287814    0.00100566   -0.00401548      0.999991     -0.288627
     0.999999   0.000516859   -0.00118925     -0.255812  -0.000512407      0.999993    0.00374067      0.126181    0.00119118   -0.00374006      0.999992     -0.202193
     0.999999   0.000761714   -0.00148879     -0.188113  -0.000754008      0.999986    0.00517014       0.27321    0.00149271   -0.00516901      0.999986     -0.261961
     0.999997    0.00218531  -0.000986222     -0.249872   -0.00218053      0.999986     0.0048195     0.0895499    0.00099674   -0.00481734      0.999988     -0.373155
     0.999998   0.000212085   -0.00190956      -0.12874   -0.00020999      0.999999    0.00109747      0.329239    0.00190979   -0.00109706      0.999998      0.168407
     0.999999  -0.000572282   -0.00163442     -0.258633   0.000575233      0.999998    0.00180528      0.219883    0.00163338   -0.00180622      0.999997      0.104401
     0.999998  -0.000742261   -0.00193469     -0.226064   0.000745018      0.999999    0.00142475      0.326649    0.00193363   -0.00142619      0.999997      0.170774
     0.999997   -0.00128399   -0.00187489     -0.260453    0.00128559      0.999999   0.000852836      0.242338    0.00187379  -0.000855244      0.999998      0.124929
     0.999997  -0.000957806   -0.00210941     -0.221459   0.000961505      0.999998    0.00175346      0.382231    0.00210773   -0.00175548      0.999996     0.0747641
     0.999996   -0.00113043   -0.00248854     -0.253328    0.00113396      0.999998    0.00142047      0.137413    0.00248693   -0.00142329      0.999996     0.0574171
     0.999996   -0.00083376   -0.00263389     -0.194417   0.000838218      0.999998     0.0016918       0.38785    0.00263247   -0.00169401      0.999995     0.0851769
     0.999996  -0.000997307   -0.00254831     -0.229499    0.00100163      0.999998    0.00169394      0.164871    0.00254662   -0.00169649      0.999995     0.0798506
     0.999996   -0.00114666   -0.00267917     -0.213667     0.0011498      0.999999    0.00116989      0.357972    0.00267782   -0.00117296      0.999996      0.114365
     0.999996  -0.000925156   -0.00270479     -0.215702   0.000930543      0.999998    0.00199114      0.222072    0.00270294   -0.00199365      0.999994     0.0948646
     0.999996  -0.000800238   -0.00273651     -0.198716   0.000807297      0.999996    0.00257948       0.27158    0.00273444   -0.00258168      0.999993     0.0283802
     0.999996  -0.000818651   -0.00263795     -0.201543   0.000825211      0.999997    0.00248696      0.274345    0.00263591   -0.00248913      0.999993     0.0117755
     0.999999   0.000213846   -0.00160884     -0.221693  -0.000205149      0.999985    0.00540424       0.11875    0.00160998   -0.00540391      0.999984     -0.279158
     0.999999   -0.00116569   0.000555241     -0.385949    0.00116609      0.999999  -0.000711944      0.205566   -0.00055441   0.000712591             1      0.177092
     0.999999   -0.00118987   -0.00125322     -0.280576    0.00118843      0.999999   -0.00114901      0.365238    0.00125459    0.00114752      0.999999      0.621744
     0.999995    0.00312834    0.00092105     -0.226653   -0.00313407      0.999975     0.0062893      0.232664  -0.000901352   -0.00629215       0.99998     -0.113994
