# 3dvolreg matrices (DICOM-to-DICOM, row-by-row):
            1   0.000310069  -0.000694692     0.0652082  -0.000308975      0.999999    0.00157465      0.132262   0.000695179   -0.00157443      0.999999    -0.0237094
            1  -0.000367426   -0.00051226     0.0859349   0.000368079      0.999999    0.00127403      0.336668   0.000511792   -0.00127422      0.999999     -0.149196
            1  -1.19893e-10  -1.38959e-12  -5.62799e-10   1.19893e-10             1  -1.09449e-10  -1.23774e-09   1.38959e-12   1.09449e-10             1   1.91086e-10
            1   0.000326373  -8.90407e-05     0.0318816  -0.000326388             1  -0.000160993      0.405108   8.89882e-05   0.000161022             1     -0.147151
            1   0.000271263  -0.000522359     0.0999524  -0.000271247             1   2.97548e-05     0.0707617   0.000522367  -2.96131e-05             1    -0.0335059
            1   6.17109e-05  -0.000299753     0.0198973  -6.17101e-05             1   2.55762e-06      0.334063   0.000299753  -2.53912e-06             1     -0.165207
            1    9.6097e-05    0.00036485     0.0395722  -9.63788e-05             1   0.000772414    0.00793988  -0.000364776  -0.000772449             1   -0.00830842
            1    0.00025916   0.000195534   -0.00503699  -0.000259223             1   0.000319442        0.3274  -0.000195451  -0.000319492             1     -0.164922
            1   0.000134592   1.08649e-05     0.0895491  -0.000134599             1   0.000603501     0.0967678  -1.07836e-05  -0.000603503             1    -0.0622084
            1   0.000115804   1.99854e-07    -0.0286803  -0.000115804             1  -8.14114e-05      0.210137  -2.09281e-07   8.14114e-05             1    -0.0786992
            1   4.72213e-05  -0.000137592     0.0929915  -4.71938e-05             1    0.00019974      0.286559   0.000137602  -0.000199734             1     -0.148544
            1   2.33592e-05  -0.000305944    0.00310454  -2.32429e-05             1   0.000380105     0.0544707   0.000305953  -0.000380098             1     -0.143019
            1   0.000292635  -0.000491198     0.0780174  -0.000292132      0.999999    0.00102445      0.356934   0.000491497   -0.00102431      0.999999     -0.277825
            1  -0.000580472   5.76032e-05     0.0459433   0.000580406      0.999999    0.00114183    -0.0347419  -5.82659e-05   -0.00114179      0.999999    -0.0476573
            1  -0.000877246  -0.000470037     0.0135189   0.000877768      0.999999    0.00111087      0.366639   0.000469062   -0.00111128      0.999999      -0.19703
     0.999999   -0.00113993  -0.000347158     0.0456872    0.00114036      0.999999    0.00125492     0.0804362   0.000345727   -0.00125532      0.999999    -0.0495374
            1  -0.000746995  -0.000634336   -0.00695249   0.000747471      0.999999   0.000749886      0.276059   0.000633776   -0.00075036             1     -0.230328
            1  -0.000600492  -0.000799108     0.0635188   0.000601107             1   0.000769452      0.043557   0.000798645  -0.000769931      0.999999    -0.0536879
            1  -3.25805e-05  -0.000813705     0.0329341   3.31868e-05             1   0.000745191      0.315052    0.00081368  -0.000745218      0.999999      -0.23909
     0.999999  -0.000205805   -0.00107125      0.095756   0.000206728             1   0.000860751     0.0564827    0.00107107  -0.000860971      0.999999     -0.076334
            1  -9.20621e-05  -0.000639548       0.02177   9.23151e-05             1   0.000395521      0.265386   0.000639511   -0.00039558             1     -0.194548
     0.999999   -3.3206e-05   -0.00108472     0.0915853   3.40192e-05             1   0.000749604      0.212897    0.00108469   -0.00074964      0.999999    -0.0703981
     0.999999  -0.000127953  -0.000996393     0.0434508   0.000127047             1  -0.000909434      0.157133   0.000996509   0.000909307      0.999999   -0.00448237
            1  -0.000530291  -0.000263915     0.0841665    0.00053063      0.999999    0.00128643      0.418319   0.000263233   -0.00128657      0.999999     -0.253253
            1  -0.000915701  -0.000104807     0.0210747   0.000915776      0.999999   0.000713015    0.00766054   0.000104154  -0.000713111             1    -0.0531811
            1  -0.000368249  -0.000228493     -0.018064   0.000368388             1   0.000607391      0.213817    0.00022827  -0.000607475             1     -0.177797
     0.999999  -0.000490096  -0.000941664     0.0868216   0.000490764             1   0.000709109      0.185216   0.000941317  -0.000709571      0.999999     -0.108578
     0.999999  -7.53096e-05    -0.0012099     0.0237149   7.56823e-05             1   0.000308038      0.103466    0.00120988  -0.000308129      0.999999     -0.112862
     0.999998   0.000397722   -0.00186786      0.135738  -0.000395987      0.999999   0.000929398        0.3212    0.00186823  -0.000928657      0.999998     -0.177094
            1   0.000683686  -0.000331506     0.0536601  -0.000683818             1  -0.000398038    0.00197455   0.000331234   0.000398265             1     0.0436251
            1   0.000843189  -6.08068e-05     0.0252637  -0.000842894      0.999989    0.00468513     0.0750943   6.47565e-05   -0.00468508      0.999989      0.235665
     0.999999   0.000233725   -0.00169222     0.0781854  -0.000233126             1   0.000353762      0.281426     0.0016923  -0.000353367      0.999999     -0.386481
     0.999999    0.00107304  -0.000403629      0.122173   -0.00107299      0.999999   0.000143843      0.192196   0.000403784   -0.00014341             1      0.138211
            1   7.32804e-05   0.000285263     0.0120124  -7.32701e-05             1  -3.62776e-05   5.07817e-05  -0.000285266   3.62567e-05             1      0.195066
            1  -8.60141e-05   0.000304589     0.0177437   8.62001e-05             1  -0.000610605      0.512262  -0.000304536   0.000610632             1  -0.000402627
            1   -0.00045542   0.000577604     0.0143948   0.000456293      0.999999   -0.00151131    0.00493891  -0.000576915    0.00151157      0.999999      0.212847
     0.999999   0.000216538   -0.00146059      0.085674  -0.000211418      0.999994    0.00350443      0.214839    0.00146134   -0.00350412      0.999993     -0.274583
            1   0.000460631  -0.000470007       0.12078  -0.000459434      0.999997    0.00254332     -0.060044   0.000471177    -0.0025431      0.999997      -0.19204
            1   0.000791289  -0.000126026     0.0288778  -0.000791035      0.999998    0.00200665      0.181496   0.000127614   -0.00200655      0.999998     -0.193762
     0.999999    0.00029236   -0.00132341      0.107819  -0.000288877      0.999996    0.00263108      0.168939    0.00132418    -0.0026307      0.999996     -0.274312
            1   0.000234283  -0.000676597     0.0713748  -0.000233594      0.999999    0.00101814     0.0195786   0.000676835   -0.00101798      0.999999     -0.146842
     0.999999   0.000580526   -0.00139397     0.0783511  -0.000578311      0.999999    0.00158882       0.29155    0.00139489   -0.00158801      0.999998     -0.300554
            1   0.000906333  -0.000401637      0.103634  -0.000905776      0.999999    0.00138396     0.0672007    0.00040289    -0.0013836      0.999999     -0.181882
            1   0.000531846  -0.000307288     0.0578309   -0.00053171             1   0.000442608      0.233736   0.000307523  -0.000442444             1     -0.252355
     0.999999   4.72511e-05   -0.00103876      0.117408  -4.60516e-05      0.999999    0.00115475      0.202785    0.00103881    -0.0011547      0.999999     -0.246521
            1   0.000480588  -0.000283779    0.00921248  -0.000480457             1    0.00046262      0.068781   0.000284002  -0.000462484             1     -0.170547
     0.999999   0.000312605   -0.00115725     0.0861109  -0.000311479      0.999999   0.000972871      0.349125    0.00115755   -0.00097251      0.999999     -0.319214
     0.999999  -0.000147799   -0.00117649      0.109522   0.000148803             1   0.000853099     0.0118013    0.00117636  -0.000853274      0.999999     -0.146629
     0.999999  -2.00853e-05   -0.00137557      0.051497    2.1322e-05             1   0.000899065      0.300939    0.00137555  -0.000899094      0.999999     -0.290453
     0.999999   -0.00010661   -0.00144203      0.148281   0.000108604      0.999999    0.00138256     0.0909424    0.00144188   -0.00138272      0.999998     -0.265825
            1   0.000405518  -0.000461965     0.0501017  -0.000405524             1  -1.32288e-05      0.102368   0.000461959   1.34162e-05             1      -0.22283
     0.999999   0.000194943   -0.00142957     0.0745744  -0.000193305      0.999999    0.00114529      0.349497    0.00142979   -0.00114501      0.999998     -0.351954
            1   0.000460159   0.000360651     0.0559395  -0.000459419      0.999998   -0.00204976      0.127896  -0.000361593     0.0020496      0.999998      0.270172
     0.999999    0.00017269    -0.0012485     0.0329644  -0.000170398      0.999998    0.00183508      0.300316    0.00124881   -0.00183487      0.999998     -0.314401
     0.999997   0.000132625   -0.00251794      0.176615  -0.000125456      0.999996    0.00284724      0.116371    0.00251831   -0.00284692      0.999993      -0.35436
     0.999998  -3.53039e-05   -0.00181429      0.148483   3.96632e-05      0.999997    0.00240276     -0.114472     0.0018142   -0.00240283      0.999995      -0.22096
     0.999996   0.000476114   -0.00289855       0.15276  -0.000467164      0.999995    0.00308754       0.28125        0.0029   -0.00308618      0.999991     -0.287928
     0.999998   0.000117234   -0.00215464      0.151898  -0.000111863      0.999997    0.00249269    -0.0344447    0.00215492   -0.00249244      0.999995     -0.191065
     0.999998   3.13383e-05   -0.00200403      0.092868  -2.70099e-05      0.999998    0.00215983      0.173199     0.0020041   -0.00215977      0.999996     -0.218746
     0.999995   0.000193615   -0.00301797      0.191898  -0.000184669      0.999996    0.00296407      0.192464    0.00301853    -0.0029635      0.999991     -0.327321
     0.999998   0.000323141   -0.00205697      0.112422  -0.000317755      0.999997    0.00261846     -0.108614    0.00205781    -0.0026178      0.999994     -0.194311
     0.999997   0.000504272   -0.00235426      0.122637   -0.00049983      0.999998     0.0018868      0.234895     0.0023552   -0.00188561      0.999995     -0.283034
     0.999997   0.000508379   -0.00252025      0.196503  -0.000501583      0.999996    0.00269622     0.0721726    0.00252161   -0.00269495      0.999993      -0.25173
     0.999998   0.000598558   -0.00166245      0.104679  -0.000594904      0.999997    0.00219767    -0.0283129    0.00166376   -0.00219668      0.999996      -0.20004
     0.999996   0.000708692   -0.00255334      0.160981  -0.000703133      0.999997    0.00217751      0.281586    0.00255487    -0.0021757      0.999994     -0.328106
     0.999998   0.000374467    -0.0021918      0.147402  -0.000369868      0.999998    0.00209807      -0.10603    0.00219258   -0.00209726      0.999995     -0.277218
     0.999998   0.000392437   -0.00211163      0.109356  -0.000389464      0.999999    0.00140806      0.269994    0.00211218   -0.00140723      0.999997     -0.292039
     0.999997   0.000534205   -0.00228011      0.179249  -0.000529509      0.999998    0.00205991      0.125547     0.0022812    -0.0020587      0.999995     -0.304689
     0.999998   0.000893876   -0.00164474      0.122801  -0.000890043      0.999997    0.00232949    -0.0686523    0.00164681   -0.00232803      0.999996     -0.181423
     0.999996    0.00170607    -0.0021523      0.146739   -0.00170003      0.999995    0.00280294      0.243178    0.00215707   -0.00279927      0.999994     -0.347322
     0.999998    0.00128838   -0.00142418      0.164792   -0.00128556      0.999997    0.00197563    -0.0754483    0.00142672    -0.0019738      0.999997     -0.211402
     0.999997    0.00141698   -0.00201767      0.116723   -0.00141148      0.999995    0.00272734      0.152411    0.00202152   -0.00272448      0.999994     -0.230428
     0.999997   0.000839447   -0.00249516      0.215651  -0.000831449      0.999995    0.00320466      0.123749    0.00249783   -0.00320258      0.999992     -0.287073
     0.999999   0.000802726   -0.00134672     0.0984165  -0.000800729      0.999999    0.00148272    -0.0337813    0.00134791   -0.00148164      0.999998     -0.148392
     0.999997   0.000903433   -0.00213505      0.129262  -0.000900948      0.999999    0.00116457      0.321351     0.0021361   -0.00116264      0.999997      -0.29905
     0.999998   0.000977643      -0.00174      0.148345  -0.000975241      0.999999    0.00138115     -0.026799    0.00174135   -0.00137945      0.999998     -0.162956
     0.999998    0.00111566   -0.00171353      0.105929   -0.00111424      0.999999   0.000830329      0.215188    0.00171446  -0.000828418      0.999998     -0.160388
     0.999997    0.00105699   -0.00232627      0.200663   -0.00105308      0.999998     0.0016835      0.222696    0.00232805   -0.00168105      0.999996     -0.316329
     0.999998   0.000990698   -0.00166602     0.0985357   -0.00098981      0.999999   0.000533974    -0.0397707    0.00166655  -0.000532324      0.999998     -0.121774
     0.999996    0.00144575   -0.00226578      0.152679   -0.00144313      0.999998    0.00115704      0.336215    0.00226745   -0.00115377      0.999997      -0.26378
     0.999998    0.00126761   -0.00172601      0.178896   -0.00126433      0.999997    0.00189603    -0.0640249    0.00172841   -0.00189384      0.999997     -0.160589
     0.999997    0.00168806   -0.00176573      0.124042   -0.00168619      0.999998    0.00106113      0.202464    0.00176752   -0.00105815      0.999998     -0.191309
     0.999997    0.00137122   -0.00218826      0.190429   -0.00136813      0.999998    0.00141237      0.208572    0.00219019   -0.00140938      0.999997     -0.240257
     0.999997    0.00139081   -0.00180743      0.134943   -0.00138942      0.999999   0.000773072    0.00739767     0.0018085  -0.000770559      0.999998     -0.124966
     0.999995    0.00195844   -0.00259485      0.186396   -0.00195506      0.999997    0.00130466      0.294177     0.0025974   -0.00129958      0.999996     -0.304913
     0.999994    0.00203214   -0.00267743       0.24547   -0.00202525      0.999995      0.002572      0.042151    0.00268265   -0.00256656      0.999993     -0.218469
     0.999998    0.00160081  -0.000781173      0.129069   -0.00160013      0.999998   0.000869609     0.0572424   0.000782563  -0.000868358      0.999999     -0.101931
     0.999998    0.00139935   -0.00124279       0.15465   -0.00139766      0.999998    0.00136154      0.333265    0.00124469    -0.0013598      0.999998     -0.142911
     0.999999    0.00149561   0.000272557     0.0486643   -0.00149581      0.999999   0.000710197   -0.00868055  -0.000271495  -0.000710604             1   -0.00336348
     0.999999    0.00120619   0.000261763     0.0706083   -0.00120648      0.999999     0.0011072       0.32172  -0.000260427   -0.00110751      0.999999     -0.146696
     0.999999   0.000880617   0.000889032    0.00965355  -0.000881428      0.999999   0.000912511     0.0435734  -0.000888228  -0.000913294      0.999999    -0.0501287
     0.999999    0.00134023    0.00037895  -0.000654538   -0.00134053      0.999999   0.000777675      0.219848  -0.000377908  -0.000778182             1      -0.10489
     0.999999    0.00157476  -0.000218801      0.101473   -0.00157429      0.999996     0.0021535      0.153295   0.000222192   -0.00215316      0.999998     -0.178685
     0.999998    0.00168323   0.000710633     0.0232034   -0.00168388      0.999998   0.000917628    -0.0486479  -0.000709087  -0.000918823      0.999999    -0.0547698
     0.999998    0.00198639  -0.000454102     0.0833792   -0.00198608      0.999998    0.00067801      0.343524   0.000455448  -0.000677107             1     -0.174995
     0.999998    0.00185441  -4.32809e-05     0.0849024   -0.00185435      0.999997    0.00126431    -0.0663226   4.56253e-05   -0.00126423      0.999999    -0.0324314
     0.999997    0.00220084   -0.00041219     0.0877187   -0.00220039      0.999997    0.00107885      0.225564   0.000414563   -0.00107794      0.999999     -0.119143
     0.999997    0.00224426  -0.000883857      0.191926   -0.00224241      0.999995    0.00208932      0.142025   0.000888541   -0.00208733      0.999997      -0.17309
     0.999997    0.00229882  -0.000268411      0.049621   -0.00229847      0.999997    0.00127694    0.00631183   0.000271345   -0.00127632      0.999999    -0.0433607
     0.999997    0.00228856  -0.000859867      0.158534   -0.00228636      0.999994    0.00255176      0.272212   0.000865702   -0.00254979      0.999996     -0.110131
     0.999997    0.00229235   0.000217689     0.0276651   -0.00229261      0.999997     0.0011722    -0.0732914  -0.000215002    -0.0011727      0.999999   0.000535162
     0.999997    0.00245183  -0.000454536      0.111837   -0.00245174      0.999997   0.000208569      0.397187   0.000455046  -0.000207454             1     -0.187591
     0.999997    0.00229001   -3.3504e-05      0.112509      -0.00229      0.999997   0.000224636     0.0406683   3.40183e-05  -0.000224559             1    -0.0738352
     0.999996    0.00277375   0.000199345     0.0931885   -0.00277426      0.999993    0.00260832      0.113646  -0.000192109   -0.00260886      0.999997    -0.0831979
     0.999997    0.00238115   0.000238367     0.0987328   -0.00238172      0.999994    0.00244266      0.175417  -0.000232549   -0.00244322      0.999997     -0.182612
     0.999997    0.00221127   0.000779806     0.0322202    -0.0022118      0.999997   0.000673216    -0.0309461  -0.000778315  -0.000674939      0.999999    -0.0568426
     0.999996    0.00267744    0.00018574     0.0632506   -0.00267752      0.999996   0.000424473      0.355639  -0.000184603  -0.000424969             1      -0.22239
     0.999997    0.00251274   0.000641297      0.106996   -0.00251365      0.999996    0.00142306    -0.0340387  -0.000637719   -0.00142467      0.999999    -0.0805458
     0.999997    0.00235209   0.000669705     0.0261268   -0.00235259      0.999997   0.000749141      0.220155  -0.000667941  -0.000750714      0.999999     -0.152448
     0.999998    0.00189007   0.000515417     0.0962056   -0.00189038      0.999998    0.00058632      0.276305  -0.000514308  -0.000587293             1     -0.198566
     0.999997      0.002071    0.00151568    -0.0072242   -0.00206966      0.999997  -0.000882761     0.0645946   -0.00151751   0.000879621      0.999998    -0.0751059
     0.999997    0.00214893     0.0010553     0.0222496   -0.00214769      0.999997   -0.00117038      0.475822   -0.00105781    0.00116811      0.999999     -0.243383
     0.999998    0.00167089   0.000896425     0.0542005   -0.00167016      0.999998  -0.000813602     0.0429606  -0.000897783   0.000812103      0.999999    -0.0943227
     0.999997    0.00214211   0.000935269   -0.00216563   -0.00214097      0.999997   -0.00121945      0.347852  -0.000937878    0.00121744      0.999999     -0.162108
     0.999998    0.00173742   0.000991244     0.0646465    -0.0017366      0.999998  -0.000825704      0.266344  -0.000992677   0.000823981      0.999999      -0.15285
     0.999997    0.00187065     0.0013427    -0.0153856   -0.00186791      0.999996   -0.00204118      0.205244   -0.00134652    0.00203867      0.999997     -0.157192
     0.999999  -0.000237717   -0.00136209      0.117763   0.000241638      0.999996    0.00287952      0.185669     0.0013614   -0.00287985      0.999995    0.00229359
     0.999999  -0.000930242  -0.000691003     0.0418643   0.000931971      0.999996    0.00250598     -0.075253   0.000688669   -0.00250662      0.999997      0.121537
     0.999999  -0.000918121    -0.0005342      0.016856   0.000919068      0.999998    0.00177526      0.256395   0.000532569   -0.00177575      0.999998     0.0214339
            1  -0.000813489    -0.0005813     0.0564111   0.000814407      0.999998    0.00157987      0.157234   0.000580014   -0.00158034      0.999999     0.0557959
            1  -0.000400081   0.000693037    -0.0461312     0.0003999             1   0.000261496     0.0788333  -0.000693142  -0.000261219             1     0.0746717
            1  -0.000220768   0.000194068     0.0136816    0.00022046      0.999999    0.00158705      0.312872  -0.000194418     -0.001587      0.999999    -0.0914246
     0.999999  -0.000544113    0.00127786    -0.0335826   0.000543039      0.999999   0.000840334    -0.0796522   -0.00127832   -0.00083964      0.999999      0.114581
            1  -0.000350563   0.000630833    -0.0401542   0.000349652      0.999999    0.00144386      0.327938  -0.000631339   -0.00144364      0.999999     -0.123233
            1  -0.000449314    0.00041209    0.00594774   0.000448706      0.999999    0.00147399     0.0417397  -0.000412752    -0.0014738      0.999999     0.0232696
            1   -0.00036627   0.000732274    -0.0684344   0.000366521             1  -0.000342716      0.241831  -0.000732148   0.000342985             1     0.0200702
            1  -0.000349995   0.000170526     0.0391282   0.000349794      0.999999    0.00117377      0.306887  -0.000170936   -0.00117371      0.999999     -0.119099
            1  -0.000445756    0.00079886    -0.0155163   0.000445273             1    0.00060507    -0.0293625  -0.000799129  -0.000604714      0.999999     0.0630476
            1  -0.000118686   0.000553918    -0.0571356   0.000118148             1    0.00097099      0.322834  -0.000554033  -0.000970924      0.999999    -0.0765079
     0.999999    -0.0010259   0.000121124     0.0503785    0.00102566      0.999998    0.00194158      0.268693  -0.000123116   -0.00194146      0.999998     -0.342327
     0.999999   -0.00150377   0.000555424    -0.0600447    0.00150263      0.999997    0.00204007    -0.0778481   -0.00055849   -0.00203924      0.999998     0.0255743
     0.999998   -0.00114473    0.00148061    -0.0667573    0.00114355      0.999999   0.000798616      0.140583   -0.00148152  -0.000796921      0.999999     0.0113718
     0.999998   -0.00102416    0.00170781    -0.0915325    0.00102578      0.999999  -0.000952623      0.375785   -0.00170683   0.000954373      0.999998   -0.00028853
     0.999999   -0.00078496    0.00127992    -0.0779276   0.000785502             1  -0.000422911      0.250479   -0.00127959   0.000423916      0.999999    -0.0873473
     0.999999   -0.00106836   0.000858943    -0.0199995    0.00106784      0.999999   0.000609199      0.233438  -0.000859594  -0.000608282      0.999999    -0.0853837
     0.999998  -0.000495706     0.0017014      -0.10654   0.000496715             1  -0.000592479     0.0756028   -0.00170111   0.000593323      0.999998     0.0337662
            1  -0.000539459   0.000665495    0.00365925   0.000538949             1   0.000765805      0.421048  -0.000665908  -0.000765446      0.999999     -0.187408
     0.999999  -0.000653109    0.00102718    -0.0273381   0.000652635             1   0.000462276     -0.090876   -0.00102748  -0.000461606      0.999999    -0.0357739
     0.999999  -0.000726972   0.000723866     -0.042637   0.000726472      0.999999   0.000690808      0.327827  -0.000724368  -0.000690281      0.999999    -0.0896042
            1  -0.000745604   0.000239209    -0.0105986   0.000745449             1   0.000646232        0.1919  -0.000239691  -0.000646053             1    -0.0587167
     0.999999  -0.000582986    0.00100674    -0.0426226   0.000584151      0.999999   -0.00115742      0.183415   -0.00100606    0.00115801      0.999999    0.00812673
            1  -0.000184219   0.000190583     0.0137597   0.000183613      0.999995    0.00317504      0.242848  -0.000191166     -0.003175      0.999995    -0.0693648
     0.999999  -0.000494107    0.00145279    -0.0359166   0.000492882             1   0.000843325   -0.00516883   -0.00145321  -0.000842608      0.999999      0.038334
            1  -3.18759e-05   0.000966304    -0.0780061   3.09304e-05             1   0.000978523      0.281521  -0.000966335  -0.000978492      0.999999    -0.0141278
            1  -0.000524598   0.000334798     0.0284384   0.000523954      0.999998    0.00192149      0.141197  -0.000335805   -0.00192131      0.999998    -0.0715425
            1  -0.000227586    0.00091239    -0.0570812   0.000226889             1   0.000763789   -0.00690871  -0.000912564  -0.000763582      0.999999     0.0911115
            1  -0.000283298   0.000664208    -0.0176644   0.000282471      0.999999    0.00124473      0.358033   -0.00066456   -0.00124454      0.999999     -0.100758
            1  -0.000529913   0.000712125   -0.00440944   0.000528679      0.999998    0.00173154    -0.0620154  -0.000713041   -0.00173117      0.999998     0.0169982
            1   0.000174876   0.000770907    -0.0352974  -0.000175693      0.999999    0.00106028      0.291855  -0.000770721   -0.00106041      0.999999    -0.0889306
            1  -8.34285e-05   0.000793751     0.0323749   8.09661e-05      0.999995    0.00310176     0.0429959  -0.000794006    -0.0031017      0.999995     -0.032185
     0.999999   9.10693e-05    0.00125405    -0.0681513   -9.3533e-05      0.999998    0.00196464    0.00510527   -0.00125387   -0.00196476      0.999997     0.0319585
            1   8.46323e-05   0.000230156     0.0344755  -8.53748e-05      0.999995    0.00322767      0.225161  -0.000229881   -0.00322769      0.999995      -0.16887
     0.999999  -0.000243598     0.0014065    -0.0260151    0.00024286             1   0.000525178     0.0174345   -0.00140662  -0.000524836      0.999999     0.0130289
            1  -0.000239771   0.000943072    -0.0631211     0.0002393             1   0.000499864      0.325766  -0.000943192  -0.000499638      0.999999    -0.0626714
            1  -0.000542288   0.000705635     0.0162884   0.000540821      0.999998    0.00207705      0.136524   -0.00070676   -0.00207666      0.999998    -0.0861913
     0.999999  -0.000274847    0.00132018    -0.0692646   0.000274256             1   0.000447571     0.0513379    -0.0013203  -0.000447208      0.999999     0.0278071
     0.999998   -0.00101234     -0.001654      0.024104     0.0010149      0.999998    0.00154467      0.360465    0.00165244   -0.00154635      0.999997    -0.0982721
            1  -0.000344346   0.000553902     0.0206553   0.000343304      0.999998    0.00188029    -0.0684112  -0.000554549    -0.0018801      0.999998     0.0510104
            1  -0.000436741    0.00062845    -0.0276195   0.000435337      0.999997     0.0022322      0.286118  -0.000629424   -0.00223193      0.999997     -0.160447
     0.999999  -0.000635039    0.00101203   -0.00333565   0.000633391      0.999998    0.00162777  -0.000673076   -0.00101307   -0.00162713      0.999998    -0.0270541
     0.999999  -0.000397985    0.00110818    -0.0732882   0.000397639             1   0.000312697      0.249421    -0.0011083  -0.000312257      0.999999    -0.0197491
     0.999999  -0.000650388   0.000995881    -0.0120823   0.000648945      0.999999    0.00144843      0.246342  -0.000996822   -0.00144778      0.999998     -0.213499
     0.999998  -0.000343923    0.00183168    -0.0807687   0.000343557             1   0.000199973   -0.00227553   -0.00183175  -0.000199344      0.999998  -0.000963747
     0.999999  -0.000334978     0.0014746    -0.0479348   0.000333953             1   0.000694928      0.390773   -0.00147483  -0.000694435      0.999999     -0.215042
     0.999998  -0.000558744    0.00211741    -0.0648728   0.000556575      0.999999     0.0010248    -0.0247451   -0.00211799   -0.00102362      0.999997    -0.0545178
     0.999997    0.00110178   -0.00195877      0.106949   -0.00109986      0.999999   0.000982394      0.241188    0.00195985  -0.000980237      0.999998    -0.0861674
     0.999998   0.000555467   -0.00176957      0.137215  -0.000551318      0.999997    0.00234425      0.148451    0.00177086   -0.00234327      0.999996    -0.0943168
     0.999999   0.000528275   -0.00156012      0.113734  -0.000527919             1   0.000228291     0.0922965    0.00156024  -0.000227467      0.999999    -0.0211545
     0.999998   0.000618995   -0.00189291      0.127502  -0.000616819      0.999999    0.00114972      0.316001    0.00189362   -0.00114855      0.999998      -0.16746
     0.999999   0.000576534   -0.00103278      0.104699  -0.000576972             1  -0.000423895     0.0670954    0.00103254    0.00042449      0.999999     0.0315915
     0.999999   0.000910785   -0.00145778     0.0986652  -0.000912752      0.999999   -0.00134924      0.410431    0.00145655    0.00135057      0.999998     -0.177045
     0.999999   0.000684743   -0.00101388       0.12522  -0.000685757      0.999999   -0.00100034      0.150095    0.00101319    0.00100104      0.999999    -0.0216449
     0.999999    0.00144078  -0.000899329        0.0804   -0.00144137      0.999999  -0.000657189       0.28417   0.000898381   0.000658484      0.999999     -0.115814
     0.999999   0.000948807  -0.000638708      0.126089  -0.000948959             1  -0.000237351      0.287062   0.000638483   0.000237957             1      -0.19087
            1   0.000848647   -0.00027505     0.0308177  -0.000849132      0.999998   -0.00177138      0.143651   0.000273546    0.00177161      0.999998    -0.0544644
            1   0.000756586  -0.000543887     0.0958202  -0.000756742             1   -0.00028624      0.377284    0.00054367   0.000286652             1     -0.254861
            1   0.000682079  -0.000164476      0.041782    -0.0006822      0.999999   -0.00073409     0.0410401   0.000163975   0.000734202             1    -0.0535943
            1   0.000942625  -0.000254272     0.0468116  -0.000942958      0.999999   -0.00131264      0.384233   0.000253035    0.00131288      0.999999     -0.110445
            1    0.00050418   -0.00045577     0.0815383  -0.000503703      0.999999    0.00104511      0.171718   0.000456297   -0.00104488      0.999999     -0.109937
