# 3dvolreg matrices (DICOM-to-DICOM, row-by-row):
     0.999976    0.00067001    0.00692997     0.0833228  -0.000610663      0.999963   -0.00856238     0.0371522   -0.00693545    0.00855794      0.999939      0.548426
     0.999978   0.000992123    0.00651702     0.0952929  -0.000944311      0.999973   -0.00733554     0.0927342   -0.00652412    0.00732922      0.999952      0.339652
     0.999978   0.000794696     0.0065535      0.124634  -0.000742802      0.999968   -0.00791717    -0.0831596   -0.00655959    0.00791213      0.999947        0.4392
     0.999978    0.00099371    0.00655509       0.10702  -0.000930593      0.999953   -0.00962475     0.0875025   -0.00656435    0.00961844      0.999932       0.46287
     0.999978    0.00100507    0.00651095      0.138968  -0.000957487      0.999973   -0.00730704     0.0598558   -0.00651812    0.00730065      0.999952      0.365465
     0.999975   0.000741527    0.00698752      0.122495  -0.000691641      0.999974   -0.00713897     -0.212073   -0.00699264    0.00713396       0.99995      0.547746
     0.999975    0.00111028    0.00698125     0.0647925   -0.00106245      0.999976   -0.00685176      0.143927   -0.00698869    0.00684417      0.999952      0.371096
     0.999972   0.000722701    0.00740973     0.0808162  -0.000664148      0.999969   -0.00790157     -0.148467   -0.00741521    0.00789643      0.999941      0.533087
     0.999971    0.00119505    0.00749531     0.0573462    -0.0011357      0.999968   -0.00791804      0.123724   -0.00750453     0.0079093      0.999941      0.404548
     0.999971   0.000896456    0.00754601     0.0708209  -0.000836745      0.999968    -0.0079123    0.00431003   -0.00755287    0.00790575       0.99994      0.425568
      0.99997   0.000902536    0.00765421     0.0805362    -0.0008346       0.99996   -0.00887417   -0.00644046   -0.00766192    0.00886752      0.999931      0.534571
      0.99997    0.00110101    0.00764154     0.0368741   -0.00103933      0.999967   -0.00807099      0.175669   -0.00765017    0.00806281      0.999938      0.330467
     0.999973   0.000909893    0.00725346      0.120729  -0.000861071      0.999977   -0.00673108     -0.243102   -0.00725942    0.00672465      0.999951      0.567396
     0.999973    0.00127436    0.00729883     0.0443994   -0.00121995      0.999971   -0.00745327      0.107196   -0.00730812    0.00744416      0.999946      0.424131
      0.99997    0.00123971    0.00762545       0.11185   -0.00118795      0.999976   -0.00678833    -0.0559312   -0.00763368    0.00677907      0.999948      0.545998
     0.999966    0.00128663    0.00819125     0.0350175   -0.00122103      0.999967   -0.00800845     0.0301119   -0.00820128    0.00799817      0.999934      0.417109
     0.999969    0.00095228    0.00783846     0.0721828  -0.000892781      0.999971   -0.00759066     0.0567631   -0.00784545    0.00758342       0.99994      0.475209
     0.999965    0.00124031    0.00831273     0.0233261   -0.00117458      0.999968   -0.00790742      -0.12045   -0.00832228    0.00789738      0.999934       0.53105
     0.999967   0.000774029    0.00805501     0.0373995  -0.000712778      0.999971   -0.00760415      0.189314   -0.00806066    0.00759816      0.999939      0.372984
     0.999964   0.000802791     0.0084939     0.0267403  -0.000729507      0.999963   -0.00862751     -0.157259   -0.00850051      0.008621      0.999927      0.593767
     0.999962    0.00109378    0.00869015    -0.0242793   -0.00101671       0.99996   -0.00886857      0.201016    -0.0086995     0.0088594      0.999923      0.369892
     0.999961    0.00115706    0.00872719     0.0287509   -0.00108554      0.999966   -0.00819542    -0.0616515   -0.00873638    0.00818563      0.999928      0.535642
     0.999959   0.000826191    0.00897836   -0.00171921  -0.000741197      0.999955   -0.00946574     0.0641557   -0.00898577     0.0094587      0.999915      0.580452
      0.99996   0.000761179    0.00893231   -0.00857527  -0.000686921      0.999965   -0.00831351      0.165614   -0.00893833    0.00830704      0.999926      0.315674
     0.999955   0.000937174    0.00944981     -0.027371  -0.000851411      0.999958   -0.00907563     -0.144832   -0.00945792    0.00906717      0.999914      0.581939
     0.999962    0.00125088    0.00864904    -0.0188718   -0.00117474      0.999961    -0.0088028      0.235161   -0.00865971     0.0087923      0.999924      0.381017
     0.999961   0.000625147     0.0088211     0.0639724  -0.000547743      0.999961   -0.00877459     -0.053717   -0.00882624    0.00876941      0.999923      0.522905
     0.999961   0.000743457    0.00884074    -0.0443449  -0.000660054      0.999955   -0.00943314      0.096943   -0.00884736    0.00942694      0.999916      0.555306
     0.999963   0.000476288    0.00860589     0.0465173  -0.000408425      0.999969   -0.00788565      0.151817   -0.00860938    0.00788184      0.999932      0.445589
     0.999956   0.000503402    0.00936738    -0.0143986   -0.00042125      0.999961   -0.00876984     -0.126555   -0.00937144    0.00876551      0.999918      0.676261
      0.99996   0.000510251    0.00890679    -0.0582384  -0.000442914      0.999971    -0.0075606      0.173037    -0.0089104    0.00755635      0.999932      0.435746
     0.999957   0.000381368    0.00930557   -0.00982671  -0.000306529      0.999968   -0.00804243     -0.144039   -0.00930834    0.00803923      0.999924      0.637474
     0.999951    0.00052239    0.00983647    -0.0973507  -0.000428377      0.999954   -0.00955726      0.181785   -0.00984101    0.00955258      0.999906      0.625546
     0.999955   7.30077e-05    0.00948187    -0.0399691   1.76986e-05      0.999954   -0.00956586      0.169327   -0.00948213     0.0095656      0.999909      0.446896
     0.999946   0.000515321     0.0103338    -0.0924126  -0.000388331      0.999924     -0.012287     0.0420463    -0.0103394     0.0122823      0.999871      0.639975
     0.999987   0.000977127    0.00503216       0.16329  -0.000947119      0.999982   -0.00596212      0.112987    -0.0050379    0.00595727       0.99997      0.421243
     0.999954   0.000597531    0.00953014  -0.000862135  -0.000489419      0.999936    -0.0113425    -0.0575284    -0.0095363     0.0113373       0.99989      0.770741
     0.999957   0.000711327    0.00927067    -0.0443399   -0.00060753      0.999937    -0.0111943      0.276712   -0.00927805     0.0111882      0.999894      0.623707
     0.999961    0.00073105    0.00885451    0.00212048  -0.000641723      0.999949    -0.0100869      0.142618   -0.00886144     0.0100808       0.99991      0.533705
     0.999955   0.000998195    0.00947079    -0.0164626  -0.000892179      0.999937    -0.0111917    0.00854243   -0.00948136     0.0111827      0.999893      0.669647
     0.999957    0.00120436    0.00916491    -0.0375189   -0.00110171      0.999937    -0.0111971      0.352903   -0.00917781     0.0111865      0.999895       0.50451
     0.999957   0.000978412    0.00925555     0.0344441  -0.000881483      0.999945    -0.0104709    -0.0306115   -0.00926528     0.0104623      0.999902       0.70446
     0.999958   0.000945574     0.0090698    -0.0438588  -0.000858595      0.999954   -0.00958908      0.201159   -0.00907845     0.0095809      0.999913      0.569966
     0.999957    0.00100031    0.00921265      0.040794  -0.000918418       0.99996   -0.00888847      0.103873   -0.00922118    0.00887963      0.999918       0.60737
     0.999946    0.00125564     0.0103349     -0.085765   -0.00113997      0.999937    -0.0111906     0.0254663    -0.0103483     0.0111782      0.999884      0.682924
     0.999985   0.000205843    0.00550035      0.130048  -0.000167876      0.999976   -0.00690231      0.145686   -0.00550164    0.00690128      0.999961      0.335245
      0.99998  -2.93955e-05    0.00624981      0.158989   7.53134e-05      0.999973   -0.00734697     -0.202367   -0.00624942     0.0073473      0.999953      0.565765
     0.999975   0.000319429    0.00705651     0.0482628  -0.000260038      0.999965   -0.00841577      0.141442   -0.00705895    0.00841373       0.99994      0.524536
     0.999977   0.000299355    0.00684088      0.101422  -0.000238133       0.99996   -0.00894843      0.121611   -0.00684328    0.00894659      0.999937      0.405734
     0.999967   0.000682975     0.0081333     0.0503202  -0.000588479      0.999932    -0.0116151      0.006478   -0.00814068       0.01161      0.999899      0.569793
      0.99997    0.00118624    0.00762594     0.0389473   -0.00111105      0.999951   -0.00985616      0.312038   -0.00763725     0.0098474      0.999922      0.351155
     0.999965   0.000523088    0.00840214     0.0797101  -0.000438529      0.999949    -0.0100627     -0.130843   -0.00840697     0.0100587      0.999914      0.553154
     0.999966   0.000466244    0.00823091    -0.0168031  -0.000374891      0.999938    -0.0110969      0.341536   -0.00823558     0.0110934      0.999905      0.358083
     0.999966   0.000265437    0.00824401     0.0556237  -0.000176582      0.999942     -0.010777      0.064605   -0.00824639     0.0107752      0.999908        0.5071
     0.999959   0.000134863    0.00903235    -0.0433742  -1.50669e-05      0.999912    -0.0132618      0.265094   -0.00903335     0.0132611      0.999871       0.56737
     0.999985   0.000667243    0.00541319      0.142965  -0.000637777      0.999985   -0.00544321    0.00926959   -0.00541674    0.00543968      0.999971      0.404985
      0.99997    0.00112647    0.00764454      0.024545   -0.00101603      0.999895     -0.014435     0.0942529      -0.00766     0.0144268      0.999867      0.721139
     0.999976   0.000193231    0.00691963      0.138679  -0.000173255      0.999996   -0.00288738    0.00535602   -0.00692016    0.00288611      0.999972      0.275247
      0.99996   0.000254323    0.00891953     0.0423156  -0.000148818       0.99993    -0.0118272     0.0890317   -0.00892192     0.0118254       0.99989      0.841217
      0.99997    0.00124252    0.00759005     0.0339722     -0.001179      0.999964   -0.00836733     0.0424156   -0.00760018    0.00835814      0.999936      0.364977
     0.999973     0.0013722    0.00722014      0.128535   -0.00131428      0.999967   -0.00802072     0.0884497   -0.00723091    0.00801101      0.999942      0.252404
      0.99997    0.00124453    0.00765425      0.072137   -0.00117461      0.999958   -0.00913309     -0.104725   -0.00766529    0.00912383      0.999929      0.465982
     0.999969    0.00154673    0.00771959     0.0646377   -0.00147751      0.999959   -0.00896493      0.219653   -0.00773313    0.00895324       0.99993      0.254389
     0.999971    0.00123664    0.00757113      0.105808   -0.00117246      0.999963   -0.00847542    -0.0864387   -0.00758134    0.00846629      0.999935      0.406623
     0.999968    0.00147475    0.00792187     0.0528756   -0.00140209      0.999957   -0.00917006     0.0772699   -0.00793505    0.00915866      0.999927      0.378259
     0.999972    0.00143256    0.00739341      0.110856    -0.0013743      0.999968    -0.0078782      0.029261   -0.00740446    0.00786782      0.999942      0.359481
     0.999969    0.00131754    0.00770209     0.0707847   -0.00124858      0.999959   -0.00895225    -0.0647119   -0.00771357    0.00894236       0.99993      0.437283
     0.999971    0.00191117    0.00733999      0.103059   -0.00184653       0.99996   -0.00880416      0.201205   -0.00735652    0.00879035      0.999934      0.329027
     0.999968    0.00112129    0.00798266     0.0976512   -0.00104642      0.999955   -0.00937667     -0.115815   -0.00799281    0.00936801      0.999924      0.472349
      0.99997    0.00156288    0.00755954     0.0546365   -0.00149016      0.999953   -0.00961614      0.258656   -0.00757421    0.00960459      0.999925      0.314703
     0.999972    0.00124235    0.00742288      0.129698   -0.00118132      0.999966   -0.00822115    -0.0875342   -0.00743284    0.00821215      0.999939      0.433225
     0.999969     0.0013213    0.00769949     0.0631738   -0.00124575      0.999951   -0.00980795      0.111715   -0.00771208    0.00979806      0.999922      0.408175
     0.999973    0.00145032     0.0072653     0.0984442   -0.00138886      0.999963   -0.00845676      0.120105    -0.0072773    0.00844644      0.999938      0.308038
      0.99997    0.00128686    0.00765347      0.101837   -0.00121718      0.999958     -0.009102      -0.12146   -0.00766486    0.00909241      0.999929      0.425025
     0.999972    0.00136841    0.00729025     0.0931972   -0.00130879      0.999966   -0.00817602      0.230511   -0.00730119    0.00816625       0.99994      0.275127
     0.999973   0.000777507    0.00730078     0.0951588  -0.000715111      0.999963   -0.00854513      -0.17783   -0.00730715    0.00853968      0.999937      0.473237
     0.999974    0.00113493    0.00714575     0.0800365   -0.00106911      0.999957   -0.00920751      0.261046    -0.0071559    0.00919962      0.999932      0.252828
     0.999973   0.000779547    0.00729455      0.109544  -0.000717453      0.999964   -0.00851105     -0.110655   -0.00730092    0.00850558      0.999937      0.420544
     0.999972    0.00123914    0.00742201     0.0597107   -0.00117355       0.99996   -0.00883497     0.0918062   -0.00743266    0.00882601      0.999933      0.398801
     0.999974    0.00100381    0.00716422     0.0971329  -0.000944688      0.999966   -0.00825139     0.0804357   -0.00717226     0.0082444       0.99994      0.302919
     0.999973   0.000920534    0.00732902     0.0906668  -0.000852624      0.999957   -0.00926366      -0.10195   -0.00733723    0.00925716       0.99993      0.462351
     0.999973    0.00136055    0.00721178     0.0785677   -0.00129309      0.999955   -0.00935112      0.245481   -0.00722418    0.00934154       0.99993      0.251842
     0.999974   -0.00019652    0.00716922     0.0823359   0.000261542      0.999959   -0.00906978     -0.116156   -0.00716715    0.00907142      0.999933        0.8946
     0.999973    0.00106723    0.00729052     0.0564035   -0.00100695      0.999965   -0.00826716      0.127172   -0.00729909    0.00825959      0.999939      0.284681
     0.999972   0.000950978    0.00739083      0.103107  -0.000891469      0.999967   -0.00805089     0.0655103   -0.00739825    0.00804407       0.99994      0.297875
     0.999967   0.000879305    0.00802807     0.0355937   -0.00079828      0.999949    -0.0100904    -0.0307249   -0.00803654     0.0100836      0.999917      0.433865
     0.999973    0.00117983    0.00725849      0.099697   -0.00111526       0.99996   -0.00889316      0.228665   -0.00726869    0.00888482      0.999934      0.261337
     0.999969    0.00077917    0.00779746     0.0776152  -0.000703788      0.999953   -0.00966561     -0.104473   -0.00780462    0.00965982      0.999923      0.416837
     0.999988    0.00113087    0.00485786      0.134698   -0.00109387       0.99997    -0.0076119      0.116426   -0.00486632    0.00760649      0.999959       0.30438
     0.999981   0.000400245    0.00611883      0.261751  -0.000361446       0.99998   -0.00634072    -0.0845054   -0.00612125    0.00633839      0.999961       0.35464
     0.999979   0.000158986    0.00642932     0.0528818  -0.000111457      0.999973   -0.00739213    -0.0944598   -0.00643032    0.00739126      0.999952       0.36746
     0.999982   0.000546701    0.00605052      0.144071  -0.000505199      0.999976   -0.00685867     0.0985823   -0.00605413    0.00685549      0.999958      0.271607
     0.999979   0.000141571    0.00643022      0.115217  -9.66824e-05      0.999976   -0.00698058     -0.199263   -0.00643105    0.00697982      0.999955       0.42545
     0.999981   0.000481182    0.00616039       0.11759  -0.000438968      0.999976     -0.006852      0.102886   -0.00616355    0.00684916      0.999958      0.272158
     0.999982   0.000109909    0.00602222      0.140331  -7.17093e-05       0.99998   -0.00634299     -0.185884    -0.0060228    0.00634244      0.999962      0.448415
      0.99998   0.000262901    0.00628534     0.0888891  -0.000219002      0.999976   -0.00698406    0.00956264   -0.00628702    0.00698254      0.999956      0.344833
     0.999981   0.000221543    0.00617187      0.142713    -0.0001836      0.999981   -0.00614759    -0.0642528   -0.00617311    0.00614634      0.999962      0.386834
      0.99998   0.000123317    0.00632692      0.086813  -8.26457e-05      0.999979   -0.00642812     -0.164557   -0.00632758    0.00642746      0.999959      0.385009
     0.999981   0.000316874    0.00623326      0.135453  -0.000276113      0.999979   -0.00653909      0.114424    -0.0062352    0.00653724      0.999959      0.254008
     0.999979  -7.95991e-06    0.00651516      0.110441   4.95427e-05       0.99998   -0.00638233     -0.275401   -0.00651497    0.00638252      0.999958      0.429678
     0.999981   0.000660576    0.00615531      0.106987  -0.000625123      0.999983   -0.00575982     0.0966175   -0.00615901    0.00575586      0.999964      0.263323
     0.999969  -0.000142576    0.00791816     0.0746736   0.000222262      0.999949    -0.0100638    0.00958753   -0.00791632     0.0100652      0.999918        0.8622
     0.999965  -0.000154866    0.00832294     -0.012567   0.000238626      0.999949    -0.0100638      0.176413   -0.00832096     0.0100654      0.999915       0.72114
     0.999968   7.75511e-05    0.00795454     0.0398302  -3.79377e-06      0.999957   -0.00927195      0.105666   -0.00795491    0.00927163      0.999925      0.716598
     0.999964    0.00012251    0.00849582    -0.0222183  -3.68746e-05      0.999949    -0.0100791     0.0166406   -0.00849662     0.0100784      0.999913      0.776784
      0.99997   2.17306e-05    0.00769423     0.0326263   5.48267e-05       0.99995   -0.00994961      0.275726   -0.00769406    0.00994974      0.999921      0.646846
      0.99997  -0.000397131    0.00778577     0.0260169   0.000476626      0.999948    -0.0102111    -0.0367526   -0.00778131     0.0102145      0.999918      0.789052
     0.999972   0.000171983    0.00750479     0.0250942  -9.54059e-05      0.999948    -0.0102029      0.277696   -0.00750615     0.0102019       0.99992      0.613583
     0.999972  -5.79172e-05    0.00749806     0.0824055   0.000125322       0.99996   -0.00898947    -0.0691384   -0.00749724    0.00899016      0.999931      0.817552
     0.999968   0.000330762    0.00804259    -0.0119964  -0.000255014      0.999956   -0.00941755     0.0747281   -0.00804534    0.00941519      0.999923      0.815366
     0.999972   0.000209404    0.00750252     0.0709757  -0.000148213      0.999967   -0.00815564      0.154714   -0.00750398     0.0081543      0.999939      0.720725
     0.999967   0.000184108    0.00811015     0.0113101  -0.000111661       0.99996    -0.0089324     -0.133916   -0.00811147     0.0089312      0.999927      0.863256
     0.999969   0.000367835    0.00790522     0.0103037  -0.000294546      0.999957   -0.00927012      0.259158   -0.00790829     0.0092675      0.999926      0.696549
      0.99997   0.000218548    0.00778403     0.0536407  -0.000147206      0.999958    -0.0091646     -0.057454   -0.00778571    0.00916317      0.999928      0.820915
     0.999971  -0.000285232    0.00763104   -0.00169757   0.000360506      0.999951   -0.00986459      0.148648   -0.00762785    0.00986705      0.999922      0.766639
     0.999966  -0.000385935    0.00829208      0.047785   0.000459172      0.999961   -0.00883204      0.157185   -0.00828835    0.00883554      0.999927      0.804184
     0.999961  -0.000669677    0.00876684    -0.0469679   0.000755663      0.999952   -0.00980843    -0.0308206   -0.00875984    0.00981467      0.999913      0.854684
     0.999965   -0.00014767    0.00837636    -0.0247162   0.000231429       0.99995   -0.00999943      0.276694   -0.00837447      0.010001      0.999915      0.689562
     0.999967  -0.000108511    0.00807261     0.0110759   0.000193433      0.999945    -0.0105197     0.0090651   -0.00807102      0.010521      0.999912      0.880636
     0.999965   9.91402e-05    0.00839346   -0.00882862  -9.04617e-06      0.999942    -0.0107332      0.228068   -0.00839404     0.0107327      0.999907      0.795714
     0.999965  -0.000271328     0.0083577     0.0202897   0.000363316      0.999939    -0.0110068      0.186654    -0.0083542     0.0110094      0.999904      0.802204
      0.99996  -2.39025e-05     0.0088944    -0.0477582   0.000131098      0.999927    -0.0120516     0.0881462   -0.00889346     0.0120523      0.999888      0.778929
     0.999977   0.000958377    0.00665321      0.117303  -0.000915348      0.999979   -0.00646747        0.1194   -0.00665927    0.00646124      0.999957       0.47305
     0.999968    0.00100997    0.00787923     0.0566959  -0.000939369      0.999959   -0.00895847     -0.155699   -0.00788796    0.00895079      0.999929      0.602007
     0.999975    0.00140387    0.00696348     0.0990677   -0.00135194      0.999971   -0.00745653      0.173969   -0.00697375    0.00744693      0.999948      0.530049
     0.999972   0.000631101    0.00743242     0.0862243  -0.000568511      0.999964   -0.00842035     -0.155598   -0.00743747    0.00841589      0.999937      0.642701
     0.999975   0.000821688    0.00708289     0.0529006  -0.000760761      0.999963   -0.00860028        0.2053   -0.00708969    0.00859467      0.999938      0.504467
     0.999975   0.000513175    0.00698935      0.123912   -0.00045345      0.999963   -0.00854415    -0.0366785   -0.00699348    0.00854077      0.999939      0.632979
     0.999975   0.000537879    0.00708426     0.0603604   -0.00047068      0.999955   -0.00948389       0.13318   -0.00708904    0.00948032       0.99993      0.558561
     0.999975   0.000470829    0.00705842      0.106177  -0.000412425      0.999966   -0.00827359     0.0883611   -0.00706207    0.00827047      0.999941      0.580077
     0.999976   0.000413539    0.00693812     0.0831069  -0.000350579      0.999959   -0.00907325    -0.0841413   -0.00694158     0.0090706      0.999935      0.638757
     0.999979   0.000940207    0.00636768      0.120935  -0.000894391      0.999974    -0.0071941      0.160474   -0.00637428    0.00718826      0.999954      0.582773
     0.999971   0.000586373    0.00756199     0.0721085   -0.00053235      0.999974   -0.00714401     -0.220669   -0.00756598    0.00713978      0.999946      0.632363
     0.999963   0.000589424    0.00857835     0.0138074  -0.000509161      0.999956   -0.00935556      0.299381   -0.00858349    0.00935084      0.999919      0.445936
      0.99997   0.000375768    0.00778258      0.051962  -0.000317445      0.999972   -0.00749397     -0.177088   -0.00778517    0.00749127      0.999942      0.685932
      0.99997   0.000554275    0.00770636     0.0242812   -0.00049008      0.999965   -0.00832958      0.135632   -0.00771071    0.00832555      0.999936      0.584966
     0.999972   0.000467686    0.00745693     0.0663752  -0.000405567      0.999965   -0.00832963     0.0670903   -0.00746057    0.00832637      0.999938      0.582696
     0.999968   0.000320279    0.00793099     0.0291233  -0.000238035      0.999946    -0.0103688  -0.000268966   -0.00793388     0.0103666      0.999915      0.657595
     0.999971   0.000902051    0.00751684      0.061896  -0.000829263      0.999953   -0.00968072      0.240151   -0.00752522    0.00967421      0.999925      0.450921
     0.999975   0.000751999    0.00698234     0.0574933  -0.000690168      0.999961   -0.00885353     -0.130506   -0.00698872    0.00884849      0.999936      0.615919
     0.999979    0.00173081    0.00625599     0.0376931    -0.0016674      0.999947    -0.0101265      0.076111   -0.00627319     0.0101158      0.999929      0.642386
     0.999987     0.0020259    0.00474083      0.261271   -0.00198347      0.999958    -0.0089366     0.0861474   -0.00475874    0.00892707      0.999949      0.529463
     0.999985    0.00168469    0.00519601      0.226077   -0.00163486      0.999953   -0.00957977     -0.106241   -0.00521191    0.00957113      0.999941      0.627013
     0.999981    0.00282421    0.00550914      0.222378   -0.00276886      0.999946    -0.0100288      0.247936   -0.00553717     0.0100134      0.999935      0.481886
     0.999982    0.00195208    0.00560602      0.243158   -0.00190097      0.999957   -0.00910788    -0.0801673   -0.00562356    0.00909707      0.999943       0.64649
     0.999981     0.0018628    0.00593105      0.191446   -0.00179928      0.999941    -0.0106967      0.189157   -0.00595063     0.0106858      0.999925      0.610167
     0.999983    0.00226346    0.00542002      0.221132    -0.0022188      0.999964   -0.00823101     0.0499488   -0.00543845    0.00821884      0.999951      0.629177
     0.999975    0.00192057    0.00676225      0.223033   -0.00186126       0.99996   -0.00876707    -0.0201743   -0.00677882    0.00875427      0.999939      0.620623
     0.999976    0.00157652     0.0067727      0.133178   -0.00152239      0.999967   -0.00799089       0.22753   -0.00678507    0.00798039      0.999945      0.462622
     0.999977    0.00133194    0.00659678      0.110032   -0.00127889      0.999967   -0.00803912      -0.17548   -0.00660727     0.0080305      0.999946      0.608717
     0.999975    0.00132315     0.0069299      0.150039   -0.00125965      0.999957   -0.00915897      0.157833   -0.00694172    0.00915002      0.999934      0.493092
     0.999973   0.000946258     0.0073467      0.127416  -0.000890457      0.999971   -0.00759493    -0.0191494   -0.00735367    0.00758818      0.999944      0.573653
      0.99997   0.000831228    0.00766591     0.0354686  -0.000760329      0.999957   -0.00924689     0.0106353   -0.00767326    0.00924078      0.999928      0.573924
     0.999975    0.00139441    0.00694305     0.0972811   -0.00133476      0.999962   -0.00858919      0.185297   -0.00695477    0.00857971      0.999939      0.455997
     0.999974    0.00119781    0.00716752      0.106782   -0.00113781      0.999964   -0.00836946     -0.162198   -0.00717729    0.00836109      0.999939      0.651362
     0.999975    0.00172799    0.00688693     0.0851911   -0.00166773       0.99996   -0.00874564      0.181806   -0.00690177    0.00873393      0.999938      0.473154
     0.999978    0.00136412    0.00650915      0.162625   -0.00131397      0.999969   -0.00770282     -0.098027   -0.00651946     0.0076941      0.999949        0.6032
     0.999975    0.00127838     0.0069452     0.0858331   -0.00121834      0.999962   -0.00864265     0.0398405   -0.00695599    0.00863397      0.999939      0.621208
     0.999977    0.00148907     0.0066795      0.143384   -0.00143636      0.999968   -0.00788895      0.137685   -0.00669103    0.00787917      0.999947      0.510946
     0.999974    0.00113798    0.00706714     0.0974017   -0.00108207      0.999968   -0.00790967     -0.160832   -0.00707592    0.00790182      0.999944      0.664434
     0.999981     0.0010363    0.00609345       0.14259  -0.000993367      0.999975   -0.00704532      0.173539   -0.00610059    0.00703913      0.999957      0.492504
     0.999979   0.000674202    0.00646937      0.138127  -0.000631257      0.999978   -0.00663798     -0.241917    -0.0064737    0.00663376      0.999957      0.646896
     0.999979   0.000743227     0.0064111      0.102029   -0.00069726      0.999974   -0.00716923     0.0358711   -0.00641626    0.00716461      0.999954      0.596865
     0.999982    0.00111431    0.00594127      0.155617   -0.00107541      0.999978   -0.00654613     0.0587483   -0.00594844    0.00653962      0.999961      0.462456
     0.999975    0.00139634    0.00686177      0.117599   -0.00134369       0.99997   -0.00767126     -0.196625   -0.00687227    0.00766185      0.999947      0.627114
     0.999978    0.00167634    0.00634192      0.116818   -0.00162766      0.999969   -0.00767257      0.155403   -0.00635459    0.00766208       0.99995      0.430998
     0.999975    0.00148467    0.00696601      0.135976   -0.00142385      0.999961   -0.00872741    -0.0940472    -0.0069787    0.00871727      0.999938      0.575099
     0.999972    0.00194275    0.00720519     0.0734894   -0.00187569      0.999955   -0.00930127      0.116454   -0.00722294     0.0092875      0.999931       0.56204
     0.999977    0.00187488    0.00651861      0.162348   -0.00182403      0.999968   -0.00779893     0.0671724   -0.00653302    0.00778686      0.999948      0.498323
     0.999974      0.001488    0.00711518      0.103785   -0.00141476      0.999946    -0.0102879     -0.014109    -0.0071301     0.0102776      0.999922      0.599914
     0.999977    0.00149658    0.00662394      0.193859   -0.00141987      0.999932    -0.0115697      0.375666    -0.0066408     0.0115601      0.999911      0.621594
     0.999978    0.00154631    0.00646496      0.153604   -0.00147338      0.999935    -0.0112696   -0.00210314   -0.00648197     0.0112598      0.999916      0.757612
     0.999974    0.00130127    0.00712542       0.14574   -0.00122061      0.999935    -0.0113131      0.325131   -0.00713968     0.0113041      0.999911      0.777261
     0.999973    0.00113086    0.00732616     0.0768029   -0.00106737      0.999962   -0.00866398      0.106232   -0.00733568    0.00865592      0.999936        0.6675
     0.999969    0.00116447    0.00776051    0.00920962   -0.00107733      0.999936    -0.0112229    -0.0454013   -0.00777308     0.0112142      0.999907      0.716544
     0.999975    0.00243706    0.00664603     0.0799695   -0.00236638      0.999941    -0.0106227       0.28985   -0.00667153     0.0106067      0.999921      0.563815
     0.999974    0.00149728    0.00709735      0.196372   -0.00142475      0.999947    -0.0102134    -0.0665534   -0.00711226      0.010203      0.999923      0.739977
     0.999974    0.00182518    0.00695614     0.0854871   -0.00175784      0.999952   -0.00967474      0.214593   -0.00697347    0.00966227      0.999929      0.647455
     0.999978    0.00179585    0.00639524      0.173574   -0.00174207      0.999963    -0.0084051     0.0163359    -0.0064101    0.00839378      0.999944      0.656838
