# 3dvolreg matrices (DICOM-to-DICOM, row-by-row):
            1  -0.000153378   0.000151927    0.00477463    0.00015338             1  -1.16497e-05    -0.0621219  -0.000151925    1.1673e-05             1    -0.0248671
            1   -0.00022937  -5.77284e-06     0.0153466   0.000229373             1   0.000479455     -0.113666   5.66287e-06  -0.000479456             1    0.00548012
            1  -1.51791e-10  -9.14538e-11   7.23857e-09   1.51791e-10             1  -6.38715e-11   -6.7065e-09   9.14538e-11   6.38715e-11             1  -6.03984e-10
            1   9.12626e-06   0.000102582    0.00840554  -9.14982e-06             1   0.000229745     -0.127679   -0.00010258  -0.000229746             1    -0.0252004
            1   0.000242831   0.000217154     0.0118706  -0.000242864             1   0.000152154    -0.0162141  -0.000217117  -0.000152207             1       0.01235
            1   0.000270741   0.000342543     0.0192722  -0.000270867             1   0.000367468     -0.068956  -0.000342444  -0.000367561             1    -0.0296299
            1   0.000193946   0.000497753     0.0336984  -0.000194067             1   0.000241892    -0.0560643  -0.000497706  -0.000241988             1     0.0358528
            1   0.000156631   0.000481328     0.0317545  -0.000156544             1  -0.000179549   -0.00129527  -0.000481356   0.000179474             1     0.0239674
            1   9.28405e-05   0.000482871     0.0114663   -9.2977e-05             1   0.000282628    -0.0963915  -0.000482845  -0.000282673             1    0.00516922
            1   0.000382435    0.00068194     0.0165594  -0.000382298             1  -0.000201453     0.0233268  -0.000682017   0.000201192             1     0.0189795
            1   0.000165757   0.000637684     0.0214982  -0.000165898             1   0.000221902    -0.0987796  -0.000637647  -0.000222007             1    -0.0210434
     0.999999   0.000398705    0.00093122     0.0254404  -0.000398628             1  -8.26262e-05    0.00763249  -0.000931252   8.22549e-05             1    -0.0335595
     0.999999   0.000394915    0.00107331      0.039132  -0.000394811             1  -9.78892e-05    -0.0797598   -0.00107335   9.74654e-05      0.999999     -0.048308
            1   5.30239e-05   0.000711874     0.0316863  -5.28761e-05             1  -0.000207628    -0.0334188  -0.000711885   0.000207591             1    -0.0207624
            1  -0.000303266   0.000451054     0.0217892   0.000303371             1  -0.000230802    -0.0383301  -0.000450984   0.000230938             1    -0.0230755
            1  -0.000212864   0.000582921    0.00487986   0.000212856             1   1.33972e-05    -0.0752216  -0.000582923  -1.32732e-05             1     0.0244982
            1  -8.60646e-05   0.000600789      0.021157   8.61455e-05             1  -0.000134677    0.00621635  -0.000600778   0.000134728             1    -0.0065763
            1  -9.73225e-05   0.000444599    -0.0105326   9.72935e-05             1   6.52608e-05     -0.107568  -0.000444606  -6.52175e-05             1     0.0319162
            1   6.71789e-05   0.000692069     0.0117307  -6.69814e-05             1  -0.000285389     0.0286793  -0.000692088   0.000285342             1   -0.00690177
            1   -0.00027354   0.000693589     0.0251704     0.0002734             1   0.000201247     -0.122154  -0.000693644  -0.000201058             1   -0.00735811
            1  -0.000228656   0.000547717     0.0128737   0.000228793             1   -0.00024972     0.0220647   -0.00054766   0.000249845             1     0.0515618
            1  -0.000174817    0.00058926    0.00539417   0.000174821             1  -7.09816e-06     -0.110284  -0.000589259   7.20117e-06             1     0.0244265
            1  -0.000136002   0.000834443    0.00161663   0.000136166             1  -0.000196713    -0.0089026  -0.000834416   0.000196827             1     0.0312164
            1   -7.6882e-05    0.00079515     0.0219126   7.68916e-05             1  -1.21282e-05    -0.0981839   -0.00079515   1.21893e-05             1   -0.00804247
            1   0.000130181   0.000906865     0.0249425  -0.000130118             1  -6.90453e-05    -0.0379053  -0.000906874   6.89273e-05             1     0.0118517
            1   0.000106626   0.000879981     0.0154549  -0.000106545             1  -9.23443e-05     -0.050674   -0.00087999   9.22505e-05             1    -0.0178389
            1  -7.82388e-07   0.000801138     0.0354964   7.35466e-07             1   5.85702e-05    -0.0598268  -0.000801138  -5.85696e-05             1     0.0105122
            1   6.11367e-05   0.000884699     0.0197356   -6.1171e-05             1   3.87101e-05    -0.0161161  -0.000884696  -3.87642e-05             1    -0.0203298
            1  -0.000204806   0.000652984       0.02008   0.000204728             1   0.000118588      -0.08527  -0.000653008  -0.000118454             1     0.0408263
     0.999999   2.96165e-05     0.0010024    -0.0020535  -2.92959e-05             1  -0.000319842     0.0062694   -0.00100241   0.000319812      0.999999   -0.00496724
            1  -4.07902e-05   0.000829732     0.0248459   4.06093e-05             1   0.000218088      -0.10999   -0.00082974  -0.000218055             1    -0.0375289
            1   0.000374446   0.000625884   -0.00413491  -0.000374272             1  -0.000278408    0.00337072  -0.000625988   0.000278173             1    -0.0137748
            1     0.0004352   0.000143755     0.0340347  -0.000435183             1  -0.000117802    -0.0922858  -0.000143807   0.000117739             1  -7.07713e-05
            1   0.000248867   0.000251995     0.0242178  -0.000248846             1   -8.3673e-05   -0.00698399  -0.000252015   8.36103e-05             1     0.0597841
            1   0.000246875   0.000159797     0.0249945  -0.000246852             1  -0.000147878    -0.0412598  -0.000159833   0.000147839             1     0.0128537
            1   0.000314665   0.000190701     0.0221106  -0.000314736             1   0.000371844    -0.0824728  -0.000190584  -0.000371904             1     0.0341921
            1   0.000575862   0.000403132     0.0104896  -0.000575747             1  -0.000284653     0.0193589  -0.000403295   0.000284421             1     0.0665254
            1    0.00059039   0.000238739     0.0282529  -0.000590365             1   -0.00010611    -0.0978737  -0.000238801   0.000105969             1     0.0680546
     0.999999   0.000889731   0.000714974     0.0213339  -0.000889498             1  -0.000325543     0.0128547  -0.000715264   0.000324907             1     0.0772649
     0.999999   0.000978389   0.000445814     0.0550903  -0.000978386             1  -7.59056e-06    -0.0782542  -0.000445822   7.15438e-06             1     0.0152979
     0.999999   0.000817549   0.000603189      0.047238  -0.000817373             1  -0.000290466     -0.024685  -0.000603426   0.000289973             1     0.0319609
            1   0.000710693   0.000561066     0.0430043  -0.000710525             1  -0.000298334    -0.0342632  -0.000561278   0.000297935             1    -0.0291117
            1   0.000276371   0.000218657     0.0263217   -0.00027639             1    8.8209e-05    -0.0889801  -0.000218632  -8.82694e-05             1     0.0317249
            1   0.000709566   0.000297118     0.0250119  -0.000709521             1  -0.000151938     0.0123101  -0.000297225   0.000151727             1    -0.0112003
            1   0.000534464  -3.24134e-05     0.0292495  -0.000534456             1   0.000248507     -0.102721   3.25462e-05  -0.000248489             1     0.0191441
            1   0.000320565  -4.21337e-05     0.0327273  -0.000320568             1  -6.88618e-05     0.0697177   4.21116e-05   6.88753e-05             1      0.070494
            1   2.09713e-05   0.000279185     0.0134772  -2.10929e-05             1   0.000435622     -0.195821  -0.000279175  -0.000435627             1     0.0726261
            1   0.000254446    0.00010394    0.00658321  -0.000254419             1  -0.000260605     0.0351563  -0.000104006   0.000260579             1    0.00378201
            1   0.000266626   0.000216231     0.0265867  -0.000266728             1   0.000469831    -0.0918997  -0.000216105  -0.000469888             1     0.0495448
            1   0.000670075    0.00052596     0.0225129  -0.000669917             1  -0.000299942    0.00532276  -0.000526161    0.00029959             1     0.0393356
     0.999999   0.000886133   0.000700898     0.0362076  -0.000886035             1  -0.000140073     -0.109409  -0.000701022   0.000139452             1     0.0723351
     0.999998     0.0013193    0.00117839     0.0451614   -0.00131859      0.999999  -0.000606152     0.0282285   -0.00117919   0.000604597      0.999999      0.112216
     0.999998    0.00165849    0.00120704     0.0696506   -0.00165815      0.999999  -0.000278125    -0.0916939    -0.0012075   0.000276123      0.999999     0.0711733
     0.999997    0.00208095    0.00155154     0.0807684   -0.00208017      0.999998  -0.000499391    -0.0130849   -0.00155258   0.000496161      0.999999      0.112739
     0.999996    0.00224021     0.0014534     0.0959257   -0.00223961      0.999997   -0.00040874    -0.0308327   -0.00145431   0.000405483      0.999999     0.0531706
     0.999996    0.00240383    0.00168759     0.0960199   -0.00240304      0.999997  -0.000469835    -0.0464193   -0.00168871   0.000465778      0.999998      0.113996
     0.999996    0.00253046    0.00153466      0.108608   -0.00252946      0.999997  -0.000659072    -0.0104496   -0.00153632   0.000655187      0.999999     0.0796624
     0.999996     0.0024255    0.00118248      0.106302   -0.00242543      0.999997  -6.09755e-05    -0.0942391   -0.00118262   5.81073e-05      0.999999      0.109527
     0.999996    0.00260832    0.00132548     0.0889256   -0.00260759      0.999996  -0.000553245     0.0311374   -0.00132692   0.000549786      0.999999     0.0953035
     0.999997     0.0021515   0.000905774     0.0958118   -0.00215171      0.999998   0.000235889     -0.114724  -0.000905265  -0.000237838             1       0.10688
     0.999998    0.00194626   0.000202462     0.0932985   -0.00194624      0.999998  -9.86869e-05      0.102964  -0.000202654   9.82926e-05             1     0.0176661
            1   0.000713545   0.000360721     0.0728277  -0.000713762             1   0.000601564     -0.169147  -0.000360292  -0.000601822             1      0.221075
     0.999998   0.000605086    0.00180452      0.073182   -0.00060819      0.999998     0.0017196    -0.0754851   -0.00180348    -0.0017207      0.999997      0.185293
     0.999997    0.00141716     0.0018275     0.0341932   -0.00141789      0.999999   0.000395836     0.0371684   -0.00182694  -0.000398426      0.999998      0.116813
     0.999995    0.00234408    0.00210595     0.0726695   -0.00234474      0.999997   0.000308526     -0.043368   -0.00210523  -0.000313462      0.999998      0.173038
     0.999989    0.00371322    0.00302555      0.108661   -0.00371191      0.999993  -0.000440944  -0.000432328   -0.00302716   0.000429709      0.999995       0.14497
            1  -0.000210895  -0.000236743    -0.0248835   0.000210897             1   1.06777e-05    -0.0632523   0.000236741  -1.07276e-05             1    0.00176965
     0.999999   -0.00110311  -0.000664878    -0.0220565    0.00110273      0.999999  -0.000574651   -0.00910959   0.000665512   0.000573918             1    -0.0316885
            1  -0.000823801  -0.000411979    -0.0258194   0.000823775             1  -6.39542e-05     -0.135082   0.000412031   6.36148e-05             1      -0.06714
            1   -0.00059457  -0.000288359    -0.0136487   0.000594441             1  -0.000449635   2.86985e-05   0.000288626   0.000449463             1    -0.0351763
            1    -0.0006357  -0.000438296    -0.0186414   0.000635736             1   8.15717e-05     -0.120526   0.000438244  -8.18503e-05             1    -0.0468527
            1  -0.000415258  -0.000150708    -0.0209969   0.000415158             1  -0.000663737    -0.0136265   0.000150983   0.000663674             1    -0.0318078
     0.999999  -0.000830174  -0.000722482    -0.0109564   0.000830023             1  -0.000208895     -0.112978   0.000722655   0.000208295             1    -0.0445231
     0.999999   -0.00129632   -0.00105871     -0.035969    0.00129629      0.999999  -2.75962e-05    -0.0283561    0.00105874   2.62238e-05      0.999999    -0.0220392
     0.999997   -0.00182849   -0.00152734    -0.0549977    0.00182953      0.999998   0.000681498    -0.0818202    0.00152609   -0.00068429      0.999999    -0.0767302
     0.999997   -0.00185209   -0.00145861    -0.0765424    0.00185249      0.999998   0.000278619    -0.0717273    0.00145809   -0.00028132      0.999999    -0.0618787
     0.999998   -0.00150396   -0.00152076    -0.0730265    0.00150388      0.999999  -5.53792e-05    -0.0295998    0.00152084    5.3092e-05      0.999999    -0.0920552
     0.999998   -0.00137284   -0.00128466    -0.0631124    0.00137324      0.999999    0.00031107    -0.0974301    0.00128423  -0.000312833      0.999999    -0.0418199
     0.999998   -0.00118257   -0.00127207    -0.0525042    0.00118259      0.999999    1.6501e-05    -0.0192818    0.00127205  -1.80053e-05      0.999999    -0.0891992
     0.999998   -0.00140047   -0.00125941    -0.0367236    0.00140095      0.999999    0.00037551     -0.119571    0.00125888  -0.000377274      0.999999    -0.0685901
     0.999999   -0.00108399  -0.000950143    -0.0548171    0.00108372      0.999999  -0.000286139   -0.00106706   0.000950453   0.000285109             1    -0.0588908
     0.999999  -0.000830715  -0.000860783    -0.0290118   0.000830566             1   -0.00017324     -0.115334   0.000860926   0.000172525             1    -0.0461103
            1  -0.000218216  -0.000255131     -0.032489   0.000218092             1  -0.000487126    0.00140147   0.000255238    0.00048707             1    -0.0267499
            1  -5.20346e-05  -0.000539795     0.0045097   5.18542e-05             1  -0.000334093    -0.0909484   0.000539812   0.000334065             1     -0.070591
            1  -0.000204807  -0.000682951   0.000819752   0.000204536             1  -0.000396221    -0.0461487   0.000683032   0.000396081             1    -0.0364395
            1   5.40255e-06  -0.000660826  -0.000121616  -5.94076e-06             1  -0.000814451    -0.0284378   0.000660822   0.000814455      0.999999    -0.0775809
            1  -0.000106131  -0.000703426    0.00204378   0.000105812             1  -0.000453168    -0.0985657   0.000703474   0.000453094             1    -0.0652344
            1  -0.000394187  -0.000847545    0.00420787   0.000393925             1  -0.000309181    -0.0366328   0.000847667   0.000308847             1    -0.0632038
     0.999997   -0.00137714    -0.0020323    -0.0257732    0.00137835      0.999999   0.000593552    -0.0981271    0.00203148  -0.000596352      0.999998    -0.0426592
     0.999996   -0.00213328   -0.00202514    -0.0800861     0.0021322      0.999998  -0.000532594     0.0752232    0.00202627   0.000528274      0.999998     0.0417015
     0.999994   -0.00278947   -0.00204766     -0.088229    0.00279168      0.999996    0.00107936     -0.259149    0.00204464   -0.00108507      0.999997      0.037967
     0.999996   -0.00212267   -0.00206702      -0.10875    0.00212262      0.999998   -2.6472e-05     0.0694517    0.00206708   2.20843e-05      0.999998    -0.0353471
     0.999997   -0.00173051   -0.00156923    -0.0699764    0.00173055      0.999999   2.39787e-05    -0.0794994    0.00156919  -2.66942e-05      0.999999      0.013207
     0.999999   -0.00112644  -0.000709228    -0.0523255    0.00112591      0.999999  -0.000751291    -0.0201443   0.000710073   0.000750492      0.999999    -0.0195756
            1  -0.000579524  -8.49189e-05    -0.0338217   0.000579485             1  -0.000462914     -0.124131   8.51872e-05   0.000462864             1     0.0074022
            1   1.59414e-05   0.000399295    0.00647293  -1.55433e-05             1  -0.000997175     0.0130885  -0.000399311   0.000997168      0.999999     0.0310987
            1   0.000144534   0.000254465     0.0112042  -0.000144382             1  -0.000597027     -0.106053  -0.000254551   0.000596991             1     0.0164746
            1     0.0002691   0.000549038     0.0196479  -0.000268596             1  -0.000918357   -0.00455914  -0.000549285   0.000918209      0.999999  -0.000711049
            1   0.000188979   0.000673463     0.0250462  -0.000188574             1  -0.000602102    -0.0882184  -0.000673577   0.000601974             1    -0.0301222
            1   0.000235979   0.000502467     0.0218488  -0.000235579             1  -0.000797536    -0.0484598  -0.000502655   0.000797418             1   -0.00822511
            1  -0.000153318   0.000269656    0.00576775   0.000153479             1  -0.000596094    -0.0421965  -0.000269564   0.000596136             1    -0.0225778
            1  -6.93394e-05   0.000281955   -0.00458152   6.94223e-05             1  -0.000294051    -0.0916404  -0.000281935   0.000294071             1     0.0326432
            1  -5.81546e-05   8.72497e-05     0.0148442   5.81905e-05             1  -0.000411661     0.0085488  -8.72257e-05   0.000411666             1    -0.0291274
            1   4.56013e-05   0.000114717   -0.00356962  -4.55963e-05             1     -4.43e-05     -0.116264  -0.000114719   4.42948e-05             1    0.00710293
     0.999999   -0.00104204  -0.000483099   -0.00327551    0.00104218      0.999999    0.00029068      0.021775   0.000482796  -0.000291183             1    -0.0763131
     0.999997    -0.0023737  -0.000471437      0.010165    0.00237404      0.999997   0.000730651     -0.136278   0.000469701  -0.000731768             1     0.0404908
     0.999999   -0.00132289   0.000289053     -0.103076    0.00132284      0.999999   0.000152002    -0.0788836  -0.000289254  -0.000151619             1    -0.0538625
     0.999999  -0.000130415    0.00120871    -0.0331938   0.000131063             1  -0.000535998   0.000476313   -0.00120864   0.000536156      0.999999     0.0273733
     0.999999   0.000443325    0.00124363     0.0240193  -0.000442961             1  -0.000293148    -0.0612578   -0.00124376   0.000292597      0.999999    0.00614748
     0.999999   0.000622292    0.00136143     0.0299425  -0.000622225             1  -4.98244e-05    -0.0643596   -0.00136146   4.89772e-05      0.999999     0.0213042
     0.999999   0.000737649    0.00148095      0.036885  -0.000737385             1  -0.000178793    0.00390399   -0.00148109     0.0001777      0.999999    -0.0327478
     0.999999   0.000499417     0.0013279     0.0317597  -0.000499663             1   0.000185081    -0.0979751   -0.00132781  -0.000185745      0.999999    0.00218446
     0.999999   0.000804272    0.00136755     0.0378615  -0.000804058             1  -0.000157194    0.00551274   -0.00136768   0.000156095      0.999999    -0.0334424
     0.999999   0.000916621    0.00142589      0.053617  -0.000916873             1   0.000176142    -0.0996507   -0.00142573  -0.000177449      0.999999    -0.0292687
            1     0.0002869    0.00073779     0.0423509   -0.00028721             1   0.000421216     0.0202574  -0.000737669  -0.000421428             1    -0.0187743
            1  -2.09165e-06   0.000432557     0.0221241   1.78048e-06             1    0.00071939     -0.121775  -0.000432559  -0.000719389             1    -0.0082763
            1   -3.9266e-05   0.000224215    0.00982136   3.91935e-05             1   0.000323049     0.0273465  -0.000224228   -0.00032304             1    -0.0366251
            1  -6.93078e-05    0.00050539    0.00711836   6.89887e-05             1   0.000631238     -0.125262  -0.000505433  -0.000631203             1   -0.00906466
            1  -0.000105948    0.00016665    0.00504159   0.000106021             1  -0.000433273     0.0683762  -0.000166605    0.00043329             1    -0.0778963
     0.999999   -0.00115124   0.000247982    -0.0087875    0.00115122      0.999999    9.5806e-05     -0.190868  -0.000248092  -9.55205e-05             1     -0.106072
     0.999997   -0.00166631    0.00158026    0.00896993    0.00166619      0.999999   7.55549e-05    -0.0445597   -0.00158039  -7.29217e-05      0.999999     -0.071412
     0.999998   -0.00131242    0.00157397    -0.0214815    0.00131324      0.999999  -0.000522694    -0.0302214   -0.00157328    0.00052476      0.999999    -0.0163804
     0.999999  -0.000730449    0.00127526    -0.0146834   0.000730948             1  -0.000390919    -0.0877374   -0.00127498   0.000391851      0.999999     -0.031386
     0.999998  -0.000176747    0.00185456   -0.00534113   0.000177844             1  -0.000591423    -0.0476869   -0.00185445   0.000591752      0.999998    0.00427038
     0.999998   0.000131644    0.00176735     0.0167167  -0.000130404             1  -0.000702051    -0.0452702   -0.00176744    0.00070182      0.999998    -0.0305527
     0.999999   4.65297e-05     0.0014199     0.0381497  -4.57912e-05             1  -0.000520179    -0.0687796   -0.00141993   0.000520114      0.999999    -0.0109618
     0.999999   4.86865e-05    0.00142988    0.00881357  -4.71153e-05      0.999999   -0.00109883    -0.0311469   -0.00142994    0.00109876      0.999998    -0.0608988
     0.999999  -5.51338e-05    0.00158864     0.0379607   5.61419e-05             1  -0.000634564     -0.105906   -0.00158861   0.000634652      0.999999    -0.0113858
     0.999998   0.000199408    0.00186525     0.0171999  -0.000197341      0.999999   -0.00110831    -0.0142189   -0.00186547    0.00110794      0.999998    -0.0511983
     0.999999   8.97047e-05    0.00148508      0.045501  -8.87574e-05             1  -0.000637897     -0.123549   -0.00148514   0.000637765      0.999999    -0.0239175
     0.999999   9.17365e-05    0.00126578     0.0255788  -9.01955e-05      0.999999   -0.00121741    -0.0172248   -0.00126589    0.00121729      0.999998    -0.0225579
     0.999999   0.000272021    0.00141818      0.017898  -0.000270649      0.999999  -0.000968062    -0.0891263   -0.00141845   0.000967677      0.999999     0.0276246
     0.999999   0.000343955    0.00126832     0.0222226  -0.000343078             1  -0.000691375   -0.00659882   -0.00126856    0.00069094      0.999999     0.0118426
     0.999999   0.000508331    0.00132977     0.0317805  -0.000507389             1  -0.000708185     -0.112951   -0.00133013   0.000707509      0.999999     0.0314452
     0.999998   0.000903907    0.00155138     0.0269303  -0.000901992      0.999999   -0.00123433    0.00295721   -0.00155249    0.00123292      0.999998     0.0136012
     0.999999    0.00054051    0.00134546     0.0552272  -0.000539543             1  -0.000719257     -0.144177   -0.00134585    0.00071853      0.999999    -0.0133538
            1  -0.000147074   0.000429655     0.0933836   0.000147575      0.999999   -0.00116483     0.0744384  -0.000429483     0.0011649      0.999999   -0.00754649
            1  -0.000234868   0.000417556    -0.0156615   0.000234999             1  -0.000312808     -0.267252  -0.000417483   0.000312906             1    -0.0565099
            1   0.000412064   0.000617238    -0.0136386  -0.000411081      0.999999   -0.00159147     0.0581037  -0.000617893    0.00159122      0.999999    -0.0272292
     0.999999   0.000652254   0.000792135     0.0297532  -0.000651628      0.999999  -0.000790123     -0.123587   -0.00079265   0.000789607      0.999999    -0.0762142
            1     0.0005839   0.000768017     0.0262313  -0.000582778      0.999999   -0.00146062    -0.0041326  -0.000768869    0.00146017      0.999999    -0.0581549
            1   0.000380903   0.000572926     0.0426279  -0.000380441             1   -0.00080736     -0.114625  -0.000573233   0.000807142             1    -0.0837886
            1   0.000204151   0.000396849     0.0116573  -0.000203778             1   -0.00093999     0.0106757  -0.000397041   0.000939909      0.999999    -0.0567263
            1  -4.98033e-05   5.20587e-05     0.0213388   4.98184e-05             1  -0.000288872     -0.134026  -5.20443e-05   0.000288874             1    -0.0699878
            1  -0.000129315  -0.000461677   -0.00081709   0.000129014             1   -0.00065398     0.0335206   0.000461761    0.00065392             1    -0.0673657
            1   6.00773e-05  -0.000821368    -0.0222905  -6.00767e-05             1   7.50264e-07     -0.142606   0.000821369  -7.00919e-07             1     -0.125277
     0.999999    0.00042306   -0.00135366    -0.0172972  -0.000423786             1   -0.00053552      0.029447    0.00135343   0.000536093      0.999999     -0.130866
     0.999999   0.000423955   -0.00156219    -0.0015474  -0.000423683             1   0.000174828     -0.114528    0.00156227  -0.000174166      0.999999     -0.130596
     0.999999   0.000391285    -0.0014552    0.00571152  -0.000391489             1  -0.000139794   -0.00421927    0.00145515   0.000140363      0.999999     -0.157753
     0.999999   0.000491775   -0.00118139     0.0122808  -0.000491984             1   -0.00017658    -0.0984679     0.0011813   0.000177161      0.999999     -0.141748
     0.999999   0.000724578  -0.000813193    0.00571763  -0.000725374      0.999999   -0.00097917    -0.0101953   0.000812483    0.00097976      0.999999    -0.0924768
     0.999999   0.000766187  -0.000789347     0.0268899  -0.000766603             1  -0.000527321    -0.0944987   0.000788943   0.000527926             1     -0.132255
     0.999999   0.000779481  -0.000725883     0.0247947  -0.000780064      0.999999  -0.000802731     -0.033749   0.000725257   0.000803297      0.999999    -0.0657442
     0.999999   0.000696755  -0.000855424     0.0166501  -0.000697239             1   -0.00056518    -0.0456694   0.000855029   0.000565776      0.999999      -0.11054
     0.999999   0.000755951  -0.000856573     0.0160446  -0.000756429             1  -0.000556884      -0.07192   0.000856152   0.000557531      0.999999    -0.0759401
     0.999999   0.000944322  -0.000742445     0.0127025  -0.000944935      0.999999  -0.000825361    -0.0164818   0.000741665   0.000826062      0.999999      -0.10819
     0.999999   0.000962785  -0.000712368     0.0232593  -0.000963068      0.999999  -0.000397281    -0.0948647   0.000711985   0.000397967             1     -0.104469
     0.999999    0.00087356  -0.000673334     0.0352127  -0.000874042      0.999999  -0.000716409    -0.0237619   0.000672708   0.000716997             1    -0.0783819
     0.999999    0.00046676    -0.0013867     0.0214343   -0.00046679             1  -2.09578e-05     -0.100289    0.00138669   2.16051e-05      0.999999     -0.103517
     0.999998  -0.000472675   -0.00206384     0.0282189   0.000472283             1  -0.000190373     0.0565971    0.00206393   0.000189398      0.999998    -0.0428817
     0.999998  -0.000806228   -0.00203116    -0.0529033   0.000807136             1    0.00044633     -0.256652     0.0020308  -0.000447968      0.999998    -0.0772267
     0.999997  -0.000375255   -0.00236257    -0.0744956     0.0003747             1  -0.000235195      0.063235    0.00236266    0.00023431      0.999997     -0.153342
     0.999998  -5.32098e-05   -0.00205184    -0.0399006   5.36272e-05             1   0.000203362     -0.105485    0.00205183  -0.000203471      0.999998     -0.136076
     0.999998   0.000170815    -0.0019852    -0.0355364  -0.000171874             1  -0.000533053   -0.00639677    0.00198511   0.000533393      0.999998     -0.154148
     0.999999   0.000361242   -0.00164867   -0.00101859  -0.000361371             1  -7.79374e-05     -0.122356    0.00164864   7.85331e-05      0.999999      -0.12377
     0.999999   0.000597295   -0.00135863   0.000926598  -0.000598448      0.999999  -0.000848669    0.00853322    0.00135812   0.000849481      0.999999     -0.110461
     0.999999   0.000662213   -0.00144498     0.0103154  -0.000662867             1   -0.00045248     -0.113482    0.00144468   0.000453437      0.999999     -0.102061
     0.999999    0.00101232   -0.00108814    0.00591585    -0.0010134      0.999999  -0.000991979     0.0206679    0.00108713   0.000993081      0.999999    -0.0999947
     0.999999    0.00110818    -0.0010508     0.0136019   -0.00110843      0.999999  -0.000232686     -0.107327    0.00105054   0.000233851      0.999999     -0.132809
     0.999999    0.00105598   -0.00113943      0.027134   -0.00105689      0.999999  -0.000795068     0.0124773    0.00113859   0.000796271      0.999999     -0.182636
     0.999999   0.000827673   -0.00141361     0.0297983  -0.000827805             1  -9.30783e-05     -0.128386    0.00141354   9.42484e-05      0.999999     -0.182733
     0.999999   0.000881165   -0.00144364     0.0181205  -0.000881774             1  -0.000421426     0.0219144    0.00144327   0.000422698      0.999999     -0.211306
     0.999999   0.000803147   -0.00130917      0.019429  -0.000803376             1  -0.000174368     -0.149974    0.00130903    0.00017542      0.999999      -0.21131
     0.999999   0.000218406   -0.00138308     0.0290172  -0.000220225      0.999999   -0.00131495     0.0692149     0.0013828    0.00131525      0.999998     -0.198799
     0.999998   -0.00124124   -0.00140177   -0.00507385    0.00124011      0.999999  -0.000802697     -0.177134    0.00140277   0.000800957      0.999999     -0.109677
     0.999999   -0.00157955  -0.000568241    0.00984118     0.0015798      0.999999   0.000432518     -0.183958   0.000567557  -0.000433415             1     -0.114958
     0.999999   -0.00164371  -0.000414529    -0.0796841    0.00164375      0.999999   8.93724e-05     0.0800892   0.000414382  -9.00537e-05             1     -0.137437
     0.999999   -0.00142842  -0.000735528    -0.0802979    0.00142824      0.999999  -0.000240841     -0.117664   0.000735871    0.00023979             1     -0.158344
     0.999999  -0.000971049  -0.000817769    -0.0712105   0.000970446      0.999999  -0.000738448    -0.0186755   0.000818485   0.000737654      0.999999     -0.215293
