# 3dvolreg matrices (DICOM-to-DICOM, row-by-row):
     0.999982     0.0059858  -4.35955e-05     -0.483403   -0.00598589      0.999979   -0.00230001     -0.827041   2.98272e-05    0.00230023      0.999997    -0.0923906
     0.999982    0.00593778   8.26042e-05     -0.482116   -0.00593754      0.999979   -0.00262961     -0.817638  -9.82165e-05    0.00262907      0.999997     -0.162689
      0.99998    0.00633754   0.000110056     -0.499168   -0.00633724      0.999977   -0.00251116     -0.875999  -0.000125968    0.00251041      0.999997     -0.121469
     0.999976     0.0068691  -0.000322303     -0.471051   -0.00687006      0.999972   -0.00308086     -0.784644   0.000301131      0.003083      0.999995     -0.154895
     0.999974    0.00717695  -0.000466925     -0.477422   -0.00717813      0.999971   -0.00257194     -0.914322   0.000448452    0.00257523      0.999997     -0.195681
     0.999973    0.00727367  -0.000972173     -0.454411   -0.00727636       0.99997   -0.00279449     -0.764992   0.000951818    0.00280149      0.999996     -0.121574
     0.999973    0.00730392  -0.000946637     -0.453808   -0.00730643       0.99997   -0.00267909     -0.826977    0.00092704    0.00268594      0.999996     -0.199088
     0.999973    0.00731101  -0.000559264     -0.442266   -0.00731222      0.999971   -0.00219449     -0.823209   0.000543204    0.00219852      0.999997     -0.131084
     0.999972    0.00746771  -0.000351909     -0.444404    -0.0074687      0.999968   -0.00288297     -0.768888   0.000330369    0.00288552      0.999996     -0.170819
     0.999972     0.0075247  -0.000290318     -0.439912    -0.0075254      0.999969    -0.0024993     -0.862089   0.000271502    0.00250141      0.999997     -0.151281
     0.999971    0.00758337  -2.08192e-05     -0.462392    -0.0075834      0.999967   -0.00277749      -0.75274  -2.44201e-07    0.00277757      0.999996     -0.206955
     0.999971    0.00757207  -0.000281991     -0.418793   -0.00757275      0.999968   -0.00250328     -0.869914   0.000263027    0.00250534      0.999997     -0.196196
     0.999971    0.00766938  -0.000207819     -0.441406   -0.00766991      0.999967   -0.00271811     -0.762612   0.000186966    0.00271963      0.999996      -0.19384
     0.999973     0.0073602  -0.000844877     -0.443471   -0.00736259      0.999969   -0.00286712      -0.82645   0.000823748    0.00287326      0.999996     -0.128979
      0.99997    0.00768209  -0.000657401     -0.443247   -0.00768398      0.999966   -0.00291732     -0.812317   0.000634968    0.00292229      0.999996    0.00570885
     0.999966    0.00817099  -0.000866631       -0.4432   -0.00817338      0.999963   -0.00279602     -0.738538   0.000843753    0.00280301      0.999996    -0.0798568
     0.999965    0.00839087  -0.000625816     -0.438771    -0.0083924      0.999962   -0.00247716     -0.846553   0.000605006    0.00248232      0.999997    -0.0922641
     0.999962    0.00866243  -0.000738081     -0.413845   -0.00866457      0.999958   -0.00295603     -0.753411   0.000712444    0.00296231      0.999995     -0.132646
     0.999962    0.00867672  -0.000714367     -0.400381   -0.00867847      0.999959   -0.00248103     -0.868931   0.000692811    0.00248714      0.999997    -0.0697069
      0.99996    0.00890351  -0.000473037     -0.407109   -0.00890479      0.999957   -0.00276547     -0.733023   0.000448394    0.00276957      0.999996     -0.101473
     0.999956    0.00932456  -0.000246355     -0.393806   -0.00932513      0.999954   -0.00245035     -0.862105   0.000223495    0.00245254      0.999997     -0.106136
     0.999983    0.00583197   0.000261524     -0.475946   -0.00583123      0.999979   -0.00273252     -0.760012  -0.000277455    0.00273095      0.999996     -0.112745
     0.999986    0.00519581   0.000190387     -0.507565    -0.0051953      0.999983   -0.00254401     -0.879929  -0.000203602    0.00254299      0.999997     -0.122002
     0.999986    0.00531437   0.000373929     -0.512346   -0.00531333      0.999982    -0.0027407     -0.758946  -0.000388488    0.00273867      0.999996    -0.0793772
     0.999985    0.00538021   0.000319563      -0.48959   -0.00537944      0.999983   -0.00234544     -0.874491  -0.000332176    0.00234368      0.999997     -0.145663
     0.999985    0.00537891   0.000517202     -0.501218   -0.00537749      0.999982   -0.00269485      -0.79704  -0.000531688    0.00269202      0.999996     -0.108688
     0.999984     0.0055622   0.000361863     -0.481345   -0.00556134      0.999982   -0.00233533     -0.844167  -0.000374846    0.00233328      0.999997     -0.126487
     0.999984    0.00560504   0.000574856     -0.491675   -0.00560354      0.999981    -0.0025758     -0.798893  -0.000589282    0.00257254      0.999997    -0.0987605
     0.999985    0.00548794   0.000379115     -0.496067   -0.00548692      0.999981   -0.00264275     -0.860089  -0.000393611    0.00264063      0.999996     -0.151108
     0.999986    0.00522307   0.000128115     -0.485282    -0.0052228      0.999984   -0.00207781     -0.832117  -0.000138966    0.00207711      0.999998    -0.0661644
     0.999985    0.00547403   0.000280373     -0.509569   -0.00547335      0.999982   -0.00237883     -0.791829   -0.00029339    0.00237726      0.999997    -0.0717705
     0.999987    0.00498981   0.000779063     -0.445531   -0.00498894      0.999987   -0.00110524     -0.876546  -0.000784568    0.00110134      0.999999     0.0329254
     0.999986    0.00508892    0.00130328     -0.505897   -0.00508695      0.999986   -0.00150365     -0.734883   -0.00131091      0.001497      0.999998    -0.0175472
     0.999987    0.00512578   0.000745096     -0.521272   -0.00512441      0.999985    -0.0018231     -0.902863  -0.000754429    0.00181925      0.999998    -0.0386295
     0.999986    0.00522654    0.00115153     -0.511715   -0.00522396      0.999984   -0.00223157     -0.749607   -0.00116318    0.00222552      0.999997    -0.0412558
     0.999985    0.00535656    0.00100479     -0.493894   -0.00535496      0.999984   -0.00158505      -0.91327   -0.00101326    0.00157965      0.999998     -0.065654
     0.999986    0.00505401     0.0013322     -0.470151    -0.0050516      0.999986    -0.0018096     -0.726079   -0.00134132    0.00180284      0.999997    -0.0579789
     0.999986    0.00499963     0.0014266     -0.513046   -0.00499709      0.999986   -0.00177371     -0.945041   -0.00143545    0.00176656      0.999997    -0.0548869
     0.999985    0.00518299     0.0015592     -0.507733   -0.00517905      0.999983   -0.00252245     -0.751815   -0.00157225    0.00251434      0.999996    -0.0440232
     0.999986    0.00512826    0.00149032     -0.476123   -0.00512548      0.999985   -0.00186274     -0.893825   -0.00149985    0.00185507      0.999997     -0.065517
     0.999985    0.00514822    0.00162194     -0.494941   -0.00514423      0.999984    -0.0024542     -0.761586   -0.00163455    0.00244582      0.999996    -0.0639561
     0.999986    0.00506078    0.00152884     -0.484955   -0.00505744      0.999985   -0.00218369     -0.901914   -0.00153987    0.00217593      0.999996    -0.0949537
     0.999984    0.00540415    0.00192374     -0.507795   -0.00539842      0.999981   -0.00297118     -0.762852   -0.00193976    0.00296075      0.999994    -0.0782172
     0.999984    0.00540832    0.00189384     -0.487673   -0.00540372      0.999982   -0.00242493     -0.901947   -0.00190692    0.00241466      0.999995    -0.0893843
     0.999984    0.00529717    0.00181384     -0.481463   -0.00529313      0.999984   -0.00222368      -0.77626   -0.00182559    0.00221405      0.999996     -0.071044
     0.999985    0.00528433    0.00123477     -0.470656   -0.00528215      0.999985    -0.0017597     -0.837622   -0.00124405    0.00175315      0.999998      -0.11155
     0.999983    0.00554513    0.00176857     -0.499464   -0.00554135      0.999982   -0.00213549      -0.81861   -0.00178038    0.00212566      0.999996    -0.0907642
     0.999981    0.00584373    0.00198065     -0.479502   -0.00583894       0.99998   -0.00241596     -0.831488   -0.00199473    0.00240434      0.999995     -0.110719
     0.999981    0.00573064    0.00204834     -0.468367   -0.00572689      0.999982   -0.00183366     -0.829648   -0.00205881     0.0018219      0.999996      -0.04982
     0.999982    0.00559489    0.00193214     -0.461012   -0.00559039      0.999982   -0.00232837     -0.811544   -0.00194513    0.00231753      0.999995     -0.101589
     0.999982    0.00575158    0.00188521     -0.481824   -0.00574777      0.999981   -0.00201963     -0.885798   -0.00189679    0.00200876      0.999996    -0.0418324
      0.99998    0.00587453    0.00214156     -0.463013   -0.00586904      0.999979   -0.00256182     -0.767365   -0.00215657     0.0025492      0.999994    -0.0927033
      0.99998    0.00600124    0.00208286      -0.45305   -0.00599677       0.99998   -0.00214213     -0.882841   -0.00209568     0.0021296      0.999996    -0.0805035
     0.999979    0.00600917    0.00244185     -0.457931    -0.0060029      0.999979   -0.00256875     -0.764925   -0.00245723    0.00255403      0.999994     -0.102771
      0.99998    0.00588188    0.00225663     -0.442625    -0.0058775      0.999981   -0.00193951      -0.89828     -0.002268     0.0019262      0.999996     -0.121297
     0.999979    0.00595063    0.00262362     -0.466383   -0.00594448       0.99998   -0.00234691     -0.756804   -0.00263753    0.00233127      0.999994     -0.134109
     0.999978    0.00595409    0.00278738     -0.451689   -0.00594808       0.99998   -0.00215667     -0.901026   -0.00280016    0.00214004      0.999994     -0.131569
      0.99998    0.00583177    0.00254778     -0.438515   -0.00582569       0.99998   -0.00238798     -0.801157   -0.00256165    0.00237309      0.999994     -0.069284
     0.999981    0.00570132    0.00219861     -0.449224   -0.00569653      0.999981   -0.00218095     -0.833458     -0.002211    0.00216838      0.999995     -0.107526
      0.99998    0.00580577    0.00257492     -0.475107   -0.00580003      0.999981   -0.00222786     -0.840343    -0.0025878    0.00221288      0.999994    -0.0689559
     0.999981    0.00571821    0.00218899     -0.459339     -0.005714      0.999982   -0.00192455     -0.777078   -0.00219996    0.00191201      0.999996    -0.0771037
     0.999982    0.00565173    0.00201179     -0.471191   -0.00564905      0.999983    -0.0013356     -0.885369    -0.0020193    0.00132421      0.999997    -0.0768064
     0.999982    0.00560697    0.00229063     -0.464197   -0.00560192      0.999982   -0.00220693     -0.744488   -0.00230296    0.00219406      0.999995     -0.114333
     0.999982    0.00552774    0.00219589     -0.455936   -0.00552406      0.999983   -0.00167773     -0.935193   -0.00220513    0.00166557      0.999996    -0.0741232
     0.999981    0.00553116    0.00258371     -0.464024   -0.00552507      0.999982   -0.00235824     -0.733982   -0.00259671    0.00234392      0.999994     -0.035511
     0.999984     0.0053029     0.0019013     -0.478512   -0.00529943      0.999984   -0.00182564     -0.909067   -0.00191095    0.00181554      0.999997    -0.0431157
     0.999983     0.0052863    0.00228174      -0.48958   -0.00528126      0.999984   -0.00220997     -0.776576   -0.00229338    0.00219788      0.999995    -0.0504026
     0.999981     0.0056514    0.00239261     -0.486683   -0.00564641      0.999982   -0.00208661     -0.872608   -0.00240436    0.00207306      0.999995    -0.0789569
     0.999979    0.00591648    0.00273239      -0.46777    -0.0059102       0.99998     -0.002301     -0.801993   -0.00274595     0.0022848      0.999994    -0.0278808
      0.99998    0.00572789    0.00273537      -0.44027   -0.00572223      0.999981    -0.0020725     -0.815327   -0.00274719    0.00205681      0.999994    -0.0620225
      0.99998    0.00558325    0.00309915     -0.470154   -0.00557753      0.999983   -0.00184937     -0.853244   -0.00310943    0.00183205      0.999993    -0.0195182
      0.99998    0.00568719    0.00278742     -0.450956   -0.00568141      0.999982   -0.00207604     -0.795997   -0.00279918    0.00206016      0.999994    -0.0950687
     0.999979    0.00569306    0.00293547     -0.463506   -0.00568806      0.999982    -0.0017098      -0.86111   -0.00294515    0.00169306      0.999994    -0.0592174
     0.999975    0.00613408    0.00348551     -0.469377   -0.00612538      0.999978   -0.00250111     -0.765084   -0.00350078     0.0024797      0.999991    -0.0664428
     0.999981    0.00613804  -0.000523164      -0.49485   -0.00613881       0.99998   -0.00149624     -0.889201   0.000513969    0.00149942      0.999999     -0.135111
     0.999983    0.00573818   -0.00143486     -0.462779   -0.00574025      0.999982   -0.00143926     -0.763177    0.00142657    0.00144747      0.999998      -0.11283
     0.999984    0.00553425   -0.00138374     -0.494828   -0.00553544      0.999984  -0.000856303     -0.840942    0.00137898   0.000863948      0.999999     -0.158352
      0.99999    0.00438927  -0.000923456      -0.50755   -0.00439026       0.99999   -0.00106845     -0.742943   0.000918757     0.0010725      0.999999      -0.10825
     0.999992    0.00396057   -0.00103781     -0.577183   -0.00396051      0.999992   5.65468e-05     -0.955417    0.00103803   -5.2436e-05      0.999999     -0.143387
     0.999989    0.00467173    -0.0010174     -0.567276   -0.00467231      0.999989  -0.000574996     -0.691554     0.0010147   0.000579743      0.999999     -0.234323
     0.999988    0.00472319  -0.000920568     -0.530914   -0.00472321      0.999989  -2.28317e-05     -0.872708    0.00092045   2.71794e-05             1     -0.225485
     0.999988    0.00490551  -0.000277418     -0.536512   -0.00490579      0.999987   -0.00100906     -0.735968   0.000272464    0.00101041      0.999999      -0.18002
     0.999988    0.00488712  -0.000299037     -0.517591   -0.00488735      0.999988  -0.000784621     -0.910933   0.000295199   0.000786073             1     -0.190492
     0.999986    0.00531643  -7.12258e-05      -0.53704   -0.00531652      0.999985   -0.00131979     -0.746448   6.42082e-05    0.00132015      0.999999     -0.163482
     0.999982    0.00598514     6.457e-05     -0.497026   -0.00598508      0.999982   -0.00097836      -0.87196  -7.04245e-05   0.000977956             1     -0.174561
     0.999983    0.00581361  -1.31312e-05      -0.48519   -0.00581362      0.999982   -0.00124896     -0.763284   5.86999e-06    0.00124901      0.999999     -0.154173
     0.999984    0.00568708  -0.000352993     -0.476411   -0.00568735      0.999984  -0.000772339     -0.840458   0.000348595   0.000774334             1      -0.20915
     0.999984    0.00558427   4.95143e-05     -0.496955   -0.00558422      0.999984  -0.000950606     -0.792589  -5.48219e-05   0.000950315             1     -0.141969
     0.999983    0.00586931  -0.000132543      -0.49339   -0.00586946      0.999982   -0.00114633     -0.822831   0.000125812    0.00114709      0.999999     -0.176156
     0.999984    0.00566328  -0.000784407     -0.492297   -0.00566391      0.999984  -0.000805219      -0.83903   0.000779834   0.000809649      0.999999    -0.0854895
     0.999983    0.00586789  -0.000699822     -0.514841   -0.00586866      0.999982   -0.00110672     -0.761969   0.000693316    0.00111081      0.999999     -0.120585
     0.999982    0.00588173   -0.00103597     -0.493368     -0.005882      0.999983  -0.000257591     -0.880927    0.00103444    0.00026368      0.999999     -0.108565
     0.999983    0.00581111  -0.000833105     -0.496048   -0.00581172      0.999983  -0.000727685     -0.721433   0.000828862   0.000732514      0.999999     -0.161702
     0.999982    0.00589699  -0.000774716     -0.496911   -0.00589727      0.999983   -0.00035972     -0.895659   0.000772581   0.000364282             1     -0.145703
     0.999981    0.00617312  -0.000636684     -0.503639   -0.00617382       0.99998   -0.00109175     -0.732776   0.000629932    0.00109566      0.999999     -0.113242
      0.99998    0.00630827  -0.000887778     -0.475653   -0.00630878       0.99998  -0.000572138     -0.888512   0.000884151   0.000577727      0.999999    -0.0890926
     0.999978    0.00665492  -0.000270643     -0.497773   -0.00665523      0.999977   -0.00118158     -0.720647   0.000262774    0.00118336      0.999999    -0.0871935
     0.999976    0.00694383  -0.000588988     -0.460856   -0.00694411      0.999976  -0.000473041     -0.859429   0.000585689   0.000477119             1     -0.121025
     0.999974    0.00720133  -0.000166228     -0.472386   -0.00720146      0.999974  -0.000834115      -0.74516   0.000160217    0.00083529             1     -0.132251
     0.999973     0.0072781  -0.000423432     -0.436563   -0.00727828      0.999973  -0.000420036     -0.840921   0.000420364   0.000423106             1     -0.141815
     0.999973    0.00738655  -0.000595711     -0.452883   -0.00738689      0.999973  -0.000571788     -0.786636   0.000591471   0.000576173             1     -0.094431
     0.999971    0.00756395  -0.000496127     -0.439769   -0.00756423      0.999971  -0.000566414     -0.784171   0.000491829   0.000570151             1      -0.13504
     0.999973     0.0073169  -0.000828601     -0.442666   -0.00731696      0.999973  -6.99706e-05     -0.822979   0.000828067   7.60315e-05             1    -0.0875756
     0.999972    0.00746871  -0.000686709     -0.449821   -0.00746895      0.999972  -0.000347849     -0.731533   0.000684092   0.000352968             1    -0.0879935
     0.999972    0.00731811   -0.00122237     -0.440288   -0.00731773      0.999973   0.000312003     -0.871724    0.00122462  -0.000303049      0.999999    -0.0798369
     0.999977    0.00670249  -0.000748848     -0.416099   -0.00670234      0.999978   0.000192114     -0.621614   0.000750118  -0.000187091             1     -0.123217
     0.999985    0.00541776  -0.000380021     -0.453128   -0.00541731      0.999985    0.00117756     -0.952771   0.000386395   -0.00117548      0.999999    -0.0740229
      0.99998    0.00634517  -5.34831e-06     -0.526157   -0.00634517      0.999977   -0.00248849     -0.841857  -1.04417e-05    0.00248847      0.999997     -0.154826
     0.999975    0.00713241   0.000243465     -0.453943   -0.00713158      0.999969   -0.00325122     -0.734622  -0.000266647    0.00324941      0.999995     -0.167465
     0.999973    0.00730084   5.28003e-05     -0.449511   -0.00730065      0.999969   -0.00291089     -0.877906  -7.40506e-05    0.00291042      0.999996     -0.172145
     0.999972    0.00744144  -0.000164498     -0.448569   -0.00744192      0.999967   -0.00313238      -0.79061   0.000141183    0.00313351      0.999995     -0.123651
      0.99997    0.00777431  -0.000371947     -0.439849   -0.00777537      0.999966   -0.00292143     -0.853641   0.000349222    0.00292423      0.999996     -0.182657
     0.999969    0.00782349  -0.000349649     -0.416878   -0.00782436      0.999966   -0.00255564     -0.859349   0.000329643    0.00255829      0.999997     -0.130407
     0.999969    0.00782145  -0.000337119     -0.424134   -0.00782238      0.999965   -0.00283103     -0.759515   0.000314964    0.00283358      0.999996     -0.156418
      0.99997    0.00768758  -0.000537195     -0.405221   -0.00768869      0.999968   -0.00210987      -0.88752   0.000520958    0.00211394      0.999998     -0.156937
     0.999967    0.00807426   3.08299e-05     -0.464939   -0.00807414      0.999963   -0.00281095     -0.740488  -5.35251e-05    0.00281061      0.999996     -0.166251
      0.99997    0.00767978  -0.000427721     -0.415173    -0.0076805      0.999969   -0.00170913     -0.905484   0.000414582    0.00171236      0.999998     -0.193245
     0.999971    0.00754419  -0.000701888     -0.400768   -0.00754521       0.99997   -0.00145874     -0.723182   0.000690862    0.00146399      0.999999     -0.158328
     0.999967    0.00803304  -0.000689961     -0.460961   -0.00803342      0.999968  -0.000546304     -0.944815    0.00068555   0.000551829             1      -0.11854
     0.999964    0.00848404  -0.000490514     -0.450078    -0.0084848      0.999963   -0.00155013     -0.691672   0.000477345    0.00155424      0.999999     -0.165181
     0.999966    0.00824842  -0.000863346     -0.420081   -0.00824922      0.999966  -0.000926029     -0.845861   0.000855678    0.00093312      0.999999     -0.133844
     0.999964    0.00843794  -0.000882735     -0.430714   -0.00843914      0.999963   -0.00136518     -0.738652   0.000871184    0.00137258      0.999999     -0.170955
     0.999964    0.00839387   -0.00139112     -0.429866   -0.00839478      0.999965  -0.000653119     -0.869085    0.00138559   0.000664773      0.999999     -0.163081
     0.999962    0.00870203     -0.001058     -0.418084   -0.00870339      0.999961   -0.00128646     -0.722052    0.00104676    0.00129562      0.999999      -0.14657
     0.999961    0.00878606   -0.00113116     -0.416394    -0.0087873      0.999961   -0.00110205     -0.853961    0.00112143    0.00111195      0.999999     -0.130923
     0.999961    0.00878384   -0.00103587     -0.409816   -0.00878533       0.99996   -0.00144115     -0.751915    0.00102317     0.0014502      0.999998    -0.0994677
     0.999962    0.00868436   -0.00124651     -0.410093   -0.00868563      0.999962   -0.00101641     -0.844225    0.00123763    0.00102719      0.999999     -0.142158
     0.999963    0.00853571  -0.000998289     -0.405103   -0.00853668      0.999963  -0.000971861     -0.798997   0.000989956   0.000980347      0.999999     -0.119433
     0.999964    0.00846607   -0.00102577     -0.420077   -0.00846704      0.999964  -0.000944778     -0.768795    0.00101773   0.000953429      0.999999     -0.174557
     0.999962    0.00860549     -0.001105     -0.439912     -0.008606      0.999963  -0.000450887     -0.843068    0.00110108    0.00046038      0.999999     -0.147009
     0.999957    0.00919629   -0.00103304     -0.400462   -0.00919738      0.999957   -0.00105286     -0.724895    0.00102331    0.00106232      0.999999     -0.159066
     0.999985    0.00538456   0.000429961     -0.498491   -0.00538382      0.999984   -0.00170712     -0.893608  -0.000439146    0.00170478      0.999998      -0.07187
     0.999992    0.00398944   0.000601558     -0.489054    -0.0039878      0.999988   -0.00270189     -0.735711   -0.00061233    0.00269947      0.999996     -0.126178
     0.999996    0.00266484   9.40057e-05     -0.550779   -0.00266464      0.999994   -0.00209951     -0.968564     -9.96e-05    0.00209925      0.999998     -0.105711
     0.999977     0.0067764   -0.00048371     -0.497299   -0.00677706      0.999976   -0.00136255     -0.847063   0.000474466    0.00136579      0.999999     -0.139863
     0.999969    0.00782589  -7.65859e-05     -0.451637   -0.00782601      0.999968   -0.00183693     -0.723377   6.22078e-05    0.00183747      0.999998     -0.138037
     0.999969     0.0078153     -0.000371      -0.43788   -0.00781588      0.999968   -0.00156504      -0.86261   0.000358757     0.0015679      0.999999     -0.167954
     0.999967    0.00813242  -0.000398862     -0.447121   -0.00813326      0.999965   -0.00214037     -0.761953   0.000381441    0.00214355      0.999998     -0.162564
     0.999966    0.00822538  -0.000336003     -0.423139   -0.00822595      0.999965   -0.00172689     -0.864866   0.000321787     0.0017296      0.999998     -0.189499
     0.999964    0.00843742   3.99002e-05     -0.414593   -0.00843728      0.999961    -0.0026251     -0.752131  -6.20478e-05    0.00262467      0.999997     -0.146335
     0.999964    0.00844086   0.000151201     -0.391295   -0.00844053      0.999962   -0.00200803     -0.874893  -0.000168144    0.00200668      0.999998     -0.167478
     0.999964    0.00853369   0.000399328     -0.397889   -0.00853274      0.999961   -0.00232865     -0.792953  -0.000419184    0.00232516      0.999997     -0.133054
     0.999965    0.00835863   0.000296261     -0.392418   -0.00835806      0.999963    -0.0018785     -0.856823  -0.000311952    0.00187596      0.999998     -0.189297
     0.999964    0.00850734   0.000260793     -0.406557   -0.00850679      0.999962   -0.00205362     -0.782363  -0.000278254    0.00205133      0.999998     -0.192467
     0.999965    0.00832246   0.000129451     -0.397635    -0.0083222      0.999964   -0.00185574     -0.834727   -0.00014489     0.0018546      0.999998      -0.21611
     0.999963    0.00862035   0.000444982     -0.395059    -0.0086195      0.999961   -0.00186513     -0.809986  -0.000461043    0.00186122      0.999998     -0.152553
     0.999963    0.00862079   0.000395018      -0.38189   -0.00862004      0.999961   -0.00185298     -0.795998  -0.000410977    0.00184951      0.999998     -0.170033
     0.999964    0.00849682   3.73148e-05     -0.402026   -0.00849675      0.999963   -0.00153845     -0.857423  -5.03853e-05    0.00153807      0.999999       -0.1309
     0.999962    0.00865954  -0.000164346     -0.388482   -0.00865982      0.999961   -0.00180295     -0.767385   0.000148727    0.00180431      0.999998      -0.17938
     0.999962    0.00874864  -0.000175334     -0.401794   -0.00874881      0.999961   -0.00102716     -0.854156   0.000166341    0.00102865      0.999999      -0.17987
     0.999964    0.00852813  -0.000257403     -0.392224   -0.00852857      0.999962   -0.00173871     -0.752941   0.000242566    0.00174084      0.999998       -0.1615
     0.999965     0.0083547  -0.000533026     -0.410755    -0.0083553      0.999964   -0.00114435     -0.854241   0.000523446    0.00114877      0.999999     -0.150177
     0.999963    0.00857685  -0.000317272     -0.423738   -0.00857737      0.999962   -0.00165083     -0.726726   0.000303101    0.00165349      0.999999     -0.149342
     0.999963    0.00860138  -0.000492505     -0.411301   -0.00860182      0.999963  -0.000888975     -0.881701    0.00048484   0.000893178      0.999999     -0.173771
     0.999966    0.00822596  -0.000490915     -0.377316   -0.00822648      0.999966   -0.00107251     -0.691951   0.000482076    0.00107651      0.999999     -0.196793
     0.999967    0.00808006  -0.000117018     -0.445291   -0.00808005      0.999967   4.83955e-05     -0.937867   0.000117405  -4.74484e-05             1     -0.185889
     0.999964    0.00847502  -0.000136667     -0.420349    -0.0084751      0.999964  -0.000660761     -0.712151   0.000131062   0.000661896             1      -0.18961
     0.999963    0.00858783   -3.9939e-06     -0.401806   -0.00858783      0.999963  -0.000100222     -0.844199   3.13307e-06   0.000100253             1     -0.179229
     0.999963    0.00860083   0.000152564     -0.415357   -0.00860074      0.999963  -0.000613202     -0.715962  -0.000157833   0.000611867             1     -0.182926
     0.999962    0.00866592   7.05236e-05     -0.393169   -0.00866592      0.999962   5.54196e-07     -0.841944  -7.05162e-05  -1.16533e-06             1     -0.205198
     0.999963    0.00861487   0.000136192     -0.393398   -0.00861482      0.999963  -0.000401861     -0.750629  -0.000139649   0.000400673             1     -0.214273
     0.999966    0.00825587  -5.22141e-05     -0.386545   -0.00825586      0.999966   0.000184068     -0.813679   5.37319e-05  -0.000183631             1      -0.21753
     0.999966    0.00830109   0.000278447     -0.424117   -0.00830106      0.999966  -0.000112973     -0.765456  -0.000279375   0.000110658             1     -0.179071
     0.999969    0.00790218  -0.000241926     -0.396188   -0.00790223      0.999969  -0.000173883     -0.798323   0.000240544    0.00017579             1     -0.238428
     0.999967    0.00806609   0.000120801     -0.449557   -0.00806607      0.999967  -0.000105779     -0.776098   -0.00012165   0.000104801             1     -0.197465
     0.999968    0.00802976  -0.000322351      -0.41577   -0.00802988      0.999968  -0.000360263     -0.771767   0.000319448    0.00036284             1     -0.216298
     0.999969    0.00789684  -5.36018e-05     -0.432066   -0.00789685      0.999969  -0.000166319     -0.840857   5.22868e-05   0.000166737             1     -0.160922
     0.999968    0.00805439   0.000239914     -0.412994   -0.00805428      0.999967  -0.000489528     -0.734078  -0.000243849    0.00048758             1     -0.185407
     0.999969    0.00789283   0.000210798     -0.405818   -0.00789276      0.999969  -0.000344138     -0.876203  -0.000213507   0.000342464             1     -0.183592
     0.999969    0.00789577   0.000351902     -0.416918   -0.00789547      0.999968  -0.000859985     -0.725776  -0.000358681    0.00085718             1      -0.18228
     0.999967    0.00812726   0.000545609     -0.402323   -0.00812688      0.999967  -0.000691895     -0.851353  -0.000551214   0.000687438             1     -0.196662
     0.999967    0.00808538   0.000626645     -0.408125   -0.00808487      0.999967  -0.000814693     -0.768951  -0.000633211     0.0008096      0.999999     -0.181827
     0.999966    0.00825485   0.000829932     -0.397978    -0.0082544      0.999966  -0.000546824      -0.80142  -0.000834417   0.000539954             1     -0.270935
      0.99997    0.00772799   0.000192414      -0.39354   -0.00772796       0.99997  -0.000191812     -0.843862  -0.000193891   0.000190319             1      -0.20967
     0.999975    0.00702675   0.000243227     -0.356109   -0.00702662      0.999975  -0.000557939     -0.699558  -0.000247142   0.000556216             1     -0.288725
     0.999974    0.00709987    0.00109322     -0.449072   -0.00709893      0.999974  -0.000863414     -0.943781   -0.00109932   0.000855631      0.999999     -0.292311
     0.999973    0.00733859   0.000720227     -0.437058    -0.0073382      0.999973  -0.000539549     -0.754016  -0.000724167   0.000534249             1      -0.31142
     0.999973    0.00738952   0.000447297     -0.433332    -0.0073893      0.999973  -0.000480082     -0.760305  -0.000450832   0.000476764             1     -0.295435
     0.999973    0.00729688   9.65485e-05       -0.4485   -0.00729691      0.999973   0.000414814     -0.847408  -9.35191e-05  -0.000415507             1     -0.307583
