# 3dvolreg matrices (DICOM-to-DICOM, row-by-row):
     0.999954    -0.0071963    0.00639078       0.20514     0.0072322      0.999958   -0.00561168      0.458123   -0.00635013    0.00565764      0.999964      0.202333
     0.999956   -0.00763244    0.00546699      0.158189    0.00766657      0.999951   -0.00625109      0.390956   -0.00541901    0.00629273      0.999966      0.270724
     0.999956   -0.00745174    0.00562374      0.147496    0.00748855       0.99995   -0.00655352      0.358423   -0.00557463    0.00659535      0.999963      0.305223
     0.999954   -0.00741464    0.00612997      0.188065    0.00745576       0.99995   -0.00671358      0.378474   -0.00607988    0.00675897      0.999959      0.307175
     0.999952   -0.00730329    0.00645445      0.191402    0.00734861      0.999948   -0.00702631      0.336463    -0.0064028    0.00707341      0.999954      0.360226
     0.999953   -0.00742931    0.00627326      0.208725    0.00747439      0.999946   -0.00719423      0.370715   -0.00621948    0.00724078      0.999954      0.332921
     0.999957   -0.00698965    0.00612561      0.201966    0.00703318       0.99995   -0.00711354      0.316642   -0.00607559    0.00715632      0.999956      0.416771
     0.999954   -0.00734035    0.00618968      0.210939    0.00738521      0.999946   -0.00725696      0.341238   -0.00613607    0.00730233      0.999955      0.379407
     0.999951   -0.00763244    0.00631169      0.229327    0.00767738      0.999945   -0.00712634      0.301599   -0.00625695    0.00717445      0.999955      0.478482
     0.999951    -0.0077529    0.00622415      0.243612    0.00779942      0.999942   -0.00748501       0.33209   -0.00616576    0.00753318      0.999953      0.433351
     0.999953   -0.00726727    0.00635861      0.228231    0.00731326      0.999947   -0.00724018      0.326434   -0.00630566    0.00728635      0.999954      0.456594
     0.999943   -0.00842662     0.0064881      0.265021    0.00847559      0.999936   -0.00755665      0.346179   -0.00642401    0.00761122       0.99995      0.381996
     0.999936   -0.00907608    0.00670593      0.284386    0.00912944      0.999927   -0.00796904      0.289225   -0.00663311    0.00802976      0.999946      0.382642
      0.99996   -0.00696191    0.00555309      0.211313    0.00700531      0.999945   -0.00783541      0.339505   -0.00549824      0.007874      0.999954      0.337128
     0.999965   -0.00630029    0.00548417      0.156944    0.00634541      0.999946   -0.00824899      0.312453    -0.0054319     0.0082835      0.999951      0.327851
     0.999954   -0.00724442    0.00623293      0.195498    0.00729903      0.999935   -0.00878364      0.338306    -0.0061689    0.00882873      0.999942       0.23214
     0.999949   -0.00765682    0.00652663      0.214103    0.00771282      0.999933   -0.00859776      0.311954   -0.00646037    0.00864767      0.999942      0.274965
     0.999953   -0.00755353    0.00608381      0.203863    0.00760843       0.99993   -0.00905089      0.339126   -0.00601502    0.00909676      0.999941      0.194566
     0.999951   -0.00752852    0.00637947      0.197279    0.00758401      0.999933   -0.00871843      0.330551    -0.0063134    0.00876638      0.999942       0.25964
     0.999948   -0.00771716    0.00662455      0.198674    0.00778032      0.999924   -0.00956113       0.32673   -0.00655026    0.00961218      0.999932      0.200629
     0.999954   -0.00739076    0.00609965      0.173901    0.00744474      0.999933     -0.008875      0.328035   -0.00603364       0.00892      0.999942      0.238848
      0.99995    -0.0079354    0.00607771      0.196495    0.00799034      0.999927    -0.0090694        0.3186   -0.00600529    0.00911751       0.99994      0.248253
     0.999939   -0.00876695    0.00667593      0.237434    0.00882866      0.999918   -0.00927181      0.328932    -0.0065941    0.00933019      0.999935      0.276145
     0.999939   -0.00884423    0.00665878      0.229667     0.0089049      0.999919   -0.00913735      0.349037   -0.00657743    0.00919609      0.999936      0.206198
     0.999935   -0.00924714    0.00659456      0.247994    0.00930147      0.999923   -0.00825611      0.260999    -0.0065177    0.00831692      0.999944      0.306918
     0.999931   -0.00969746    0.00668109      0.238347    0.00974503      0.999927    -0.0071252      0.217098    -0.0066115    0.00718982      0.999952      0.447731
      0.99994   -0.00916997    0.00599249      0.212219    0.00921069      0.999934   -0.00680375      0.273147   -0.00592971    0.00685854      0.999959      0.369904
     0.999943   -0.00849146    0.00646145      0.213909    0.00853751      0.999938   -0.00713173      0.285302   -0.00640049    0.00718649      0.999954      0.268326
     0.999939   -0.00877041    0.00670158      0.236313    0.00882595      0.999927   -0.00830419      0.317146   -0.00662826    0.00836283      0.999943      0.293418
     0.999939   -0.00869417    0.00682123      0.245565     0.0087477      0.999931   -0.00785733      0.260692   -0.00675245    0.00791652      0.999946      0.396962
     0.999944    -0.0082529    0.00668482      0.229782    0.00830654      0.999933   -0.00803597      0.317196   -0.00661805    0.00809105      0.999945      0.362772
      0.99994   -0.00840657    0.00704918      0.254357    0.00846661      0.999928   -0.00853205      0.298896   -0.00697694    0.00859121      0.999939      0.343505
     0.999947   -0.00812249    0.00636627      0.224503    0.00817805      0.999928    -0.0087516      0.330943   -0.00629473     0.0088032      0.999941      0.292585
     0.999965   -0.00629371    0.00558094      0.155266     0.0063349      0.999953   -0.00739485      0.346208   -0.00553414    0.00742994      0.999957      0.313269
     0.999967    -0.0059694    0.00555759      0.155014    0.00601274      0.999951   -0.00781626      0.308119   -0.00551066    0.00784942      0.999954      0.349138
     0.999965   -0.00645112    0.00523545      0.143625    0.00649007      0.999951   -0.00745648      0.307758   -0.00518709     0.0074902      0.999958      0.324766
     0.999968   -0.00643371    0.00470914      0.134046    0.00646735      0.999953   -0.00716337      0.403842   -0.00466283     0.0071936      0.999963      0.202024
     0.999964   -0.00687987    0.00498259      0.166944    0.00691576       0.99995   -0.00722359        0.3699   -0.00493264    0.00725779      0.999961      0.178098
     0.999962    -0.0070964    0.00505958       0.16959    0.00713457      0.999946   -0.00756568      0.374007   -0.00500561    0.00760149      0.999959      0.203563
      0.99996   -0.00729481    0.00513039      0.153939    0.00733213      0.999947   -0.00729364      0.366457   -0.00507691    0.00733097       0.99996      0.230192
     0.999958   -0.00747458    0.00535096      0.149769    0.00751492      0.999943   -0.00755837       0.36596   -0.00529416    0.00759826      0.999957      0.199319
     0.999954   -0.00782481    0.00554568      0.161849    0.00786589      0.999941   -0.00742477      0.361128   -0.00548726    0.00746805      0.999957      0.229811
     0.999953   -0.00793141    0.00565819      0.172851    0.00797443      0.999939   -0.00762046      0.364111    -0.0055974    0.00766522      0.999955      0.224685
     0.999953   -0.00783298    0.00568057      0.192429    0.00787341      0.999944   -0.00713004      0.349337    -0.0056244    0.00717443      0.999958      0.311849
     0.999956   -0.00757483    0.00556184      0.183856    0.00761563      0.999944    -0.0073511      0.340341   -0.00550584    0.00739313      0.999958      0.314985
     0.999956   -0.00739169    0.00585051      0.188938      0.007433      0.999947   -0.00707145      0.359478   -0.00579793    0.00711463      0.999958      0.352828
     0.999956   -0.00743611    0.00578686      0.184064    0.00747697      0.999947   -0.00707183      0.395863   -0.00573397    0.00711478      0.999958        0.2701
     0.999952   -0.00768207    0.00601923      0.199623    0.00772327      0.999947   -0.00685312      0.404007   -0.00596626    0.00689928      0.999958      0.277836
     0.999947   -0.00849187    0.00586257      0.172192    0.00853773      0.999933   -0.00784256      0.408244   -0.00579558    0.00789219      0.999952     0.0756323
     0.999946   -0.00947258    0.00425193      0.198348    0.00950918      0.999917   -0.00867181      0.503192   -0.00416943    0.00871178      0.999953     -0.649623
     0.999936    -0.0100808    0.00508461      0.247717     0.0101091      0.999933   -0.00556808      0.322053   -0.00502814    0.00561913      0.999972     -0.284151
     0.999939   -0.00891896    0.00645824      0.232466    0.00894797       0.99995   -0.00447667      0.275519   -0.00641799    0.00453419      0.999969    -0.0177379
     0.999956   -0.00784247    0.00512829       0.25522    0.00786154      0.999962    -0.0037078       0.27864   -0.00509901    0.00374795       0.99998      0.107851
     0.999977   -0.00651344    0.00203848      0.157794     0.0065172      0.999977   -0.00184589      0.367757   -0.00202641    0.00185913      0.999996        0.4333
     0.999967   -0.00720516    0.00382357      0.218185    0.00721958      0.999967   -0.00376962       0.38695   -0.00379628    0.00379709      0.999986      0.316505
      0.99996   -0.00816292    0.00362282      0.259205    0.00816967      0.999965   -0.00185137      0.263726   -0.00360758    0.00188089      0.999992      0.611997
      0.99998   -0.00412922    0.00474552      0.252366    0.00412718      0.999991    0.00043941      0.250784   -0.00474729  -0.000419816      0.999989      0.843338
     0.999965    0.00166577    0.00825968      0.247121    -0.0016528      0.999997   -0.00157629       0.25423   -0.00826228    0.00156258      0.999965      0.730825
     0.999971    -0.0050664    0.00563315      0.156538     0.0050935      0.999975   -0.00480776      0.486298   -0.00560866    0.00483631      0.999973    -0.0533848
     0.999962   -0.00657558     0.0056399      0.190605    0.00661497      0.999954   -0.00699459      0.482865   -0.00559365    0.00703164       0.99996     -0.395653
     0.999957   -0.00660238    0.00657433      0.209724    0.00664913      0.999953   -0.00711501      0.401303   -0.00652705    0.00715842      0.999953     -0.208572
     0.999959   -0.00648688     0.0062413      0.185817    0.00652618      0.999959    -0.0062967       0.46528    -0.0062002    0.00633717      0.999961     -0.234097
     0.999959   -0.00645182    0.00632326      0.187221     0.0064925      0.999958   -0.00643478      0.430172   -0.00628148    0.00647557      0.999959     -0.231228
     0.999963    -0.0065627    0.00563304      0.141473    0.00659754      0.999959   -0.00618869      0.465942    -0.0055922    0.00622563      0.999965     -0.301991
      0.99996   -0.00679057    0.00580934        0.1637    0.00682705      0.999957    -0.0062816      0.435761   -0.00576643    0.00632101      0.999963     -0.239637
     0.999961   -0.00675738    0.00575574      0.167409    0.00679597      0.999954   -0.00671232      0.440438   -0.00571012    0.00675117      0.999961     -0.216905
     0.999959   -0.00685836    0.00585172      0.169793    0.00689768      0.999954   -0.00672694      0.427534   -0.00580532    0.00676703       0.99996      -0.18833
     0.999964    -0.0063966    0.00562992       0.14487    0.00643381      0.999957   -0.00661536      0.445641   -0.00558736    0.00665134      0.999962     -0.228588
     0.999955   -0.00765226    0.00554149      0.130311    0.00768724       0.99995   -0.00632016      0.431281   -0.00549285    0.00636248      0.999965      -0.19606
     0.999943   -0.00892792    0.00582572      0.192291     0.0089702      0.999933   -0.00727219      0.414319   -0.00576041    0.00732403      0.999957     -0.183307
     0.999948   -0.00829478    0.00589676      0.212129    0.00833978      0.999936     -0.007647        0.3918   -0.00583295    0.00769578      0.999953      -0.11105
     0.999946   -0.00862701    0.00572496      0.216874    0.00867324       0.99993   -0.00810044      0.351242   -0.00565467    0.00814966      0.999951    -0.0570495
     0.999952   -0.00782167    0.00590403      0.225321    0.00787364       0.99993   -0.00883179      0.343372   -0.00583454    0.00887785      0.999944      -0.16996
     0.999957   -0.00749974    0.00549482      0.196974    0.00755498       0.99992    -0.0101026      0.290103   -0.00541862     0.0101437      0.999934   -0.00364616
     0.999945   -0.00817474    0.00658094      0.179111    0.00823686      0.999921   -0.00946878      0.420945   -0.00650302    0.00952246      0.999934     -0.464471
     0.999949   -0.00821993    0.00586972      0.156511    0.00825793      0.999945   -0.00647968       0.32816   -0.00581614    0.00652783      0.999962     -0.152707
      0.99996   -0.00585288    0.00670916      0.189106    0.00590406      0.999953   -0.00763309      0.269425   -0.00666417     0.0076724      0.999948    -0.0417823
     0.999961   -0.00211823    0.00853065      0.204664    0.00219868      0.999953   -0.00943229      0.157348   -0.00851027    0.00945069      0.999919     0.0982908
     0.999961   -0.00578855    0.00669273       0.19902      0.005854      0.999935    -0.0098004      0.333599   -0.00663556     0.0098392       0.99993     -0.336623
     0.999963   -0.00578587    0.00638841      0.204299    0.00587372      0.999887    -0.0138185       0.28112   -0.00630774     0.0138555      0.999884     -0.511823
     0.999963   -0.00589606    0.00631255      0.226993    0.00598613      0.999879     -0.014346      0.295129    -0.0062272     0.0143832      0.999877     -0.535473
     0.999955   -0.00627026    0.00705685      0.241432    0.00636215      0.999894     -0.013075      0.297496   -0.00697412     0.0131194       0.99989     -0.525346
     0.999954     -0.006317     0.0071919      0.246679    0.00641493      0.999886    -0.0136753      0.280656   -0.00710469     0.0137208      0.999881     -0.550887
     0.999954   -0.00621179    0.00728988      0.234081    0.00631009      0.999888    -0.0135385      0.290112   -0.00720497     0.0135839      0.999882     -0.570159
     0.999951   -0.00652702    0.00740423      0.258851    0.00663423      0.999872     -0.014549      0.283539   -0.00730832     0.0145974      0.999867     -0.582331
     0.999959    -0.0062411    0.00658157      0.242722    0.00633492      0.999877     -0.014332      0.316447   -0.00649131     0.0143731      0.999876     -0.690839
     0.999954   -0.00625659    0.00731405      0.252345    0.00635481      0.999889    -0.0134844      0.250423   -0.00722887     0.0135302      0.999882      -0.46397
     0.999961   -0.00526863     0.0070992      0.254175    0.00537665      0.999869     -0.015283      0.452515   -0.00701775     0.0153206      0.999858      -1.31734
     0.999963    -0.0056083    0.00647276      0.274118    0.00569533      0.999893    -0.0135063      0.401932   -0.00639632     0.0135427      0.999888      -1.62948
     0.999955   -0.00583869    0.00742491      0.319895    0.00592999      0.999906    -0.0123343      0.186088    -0.0073522     0.0123778      0.999896    0.00506668
     0.999973   -0.00500974    0.00532269      0.462025    0.00504541      0.999965   -0.00671007      0.245329   -0.00528888    0.00673674      0.999963      0.629536
     0.999982   -0.00586423    0.00121426      0.288797    0.00587026       0.99997   -0.00502362      0.473934   -0.00118476    0.00503066      0.999987      0.158848
     0.999981   -0.00508493    0.00355725      0.291625    0.00510047      0.999977   -0.00437326      0.496524   -0.00353493    0.00439132      0.999984      0.140479
     0.999975   -0.00566182    0.00427371      0.339869    0.00569398      0.999955   -0.00755202      0.491599   -0.00423076    0.00757617      0.999962     -0.306982
     0.999968   -0.00708138    0.00366959      0.282482    0.00712061      0.999916    -0.0107914      0.537093   -0.00359286     0.0108172      0.999935      -1.21021
     0.999963   -0.00736288    0.00452673      0.332009    0.00741681        0.9999     -0.012016      0.415932   -0.00443781     0.0120491      0.999918      -1.17674
      0.99996   -0.00747465    0.00495896      0.371562    0.00753678      0.999892    -0.0126305      0.394316   -0.00486402     0.0126674      0.999908      -1.16676
     0.999961   -0.00735534    0.00479834      0.394049    0.00741766      0.999887    -0.0131023      0.389407   -0.00470143     0.0131374      0.999903      -1.19759
     0.999962   -0.00723399    0.00481923      0.393662    0.00729812      0.999883    -0.0134244       0.36055   -0.00472155      0.013459      0.999898      -1.17438
     0.999964   -0.00712465    0.00467663      0.388644    0.00718689      0.999884    -0.0134309      0.347492   -0.00458039      0.013464      0.999899      -1.18562
     0.999956   -0.00812794    0.00469633      0.395589    0.00818914       0.99988    -0.0131617      0.357259   -0.00458878     0.0131995      0.999902      -1.14806
     0.999948   -0.00894807     0.0049669      0.426151    0.00901659      0.999862     -0.013948      0.352862   -0.00484141      0.013992       0.99989      -1.09949
      0.99995   -0.00855074    0.00526329      0.427198    0.00862382      0.999864    -0.0140222      0.344697   -0.00514268     0.0140669      0.999888      -1.10436
     0.999947   -0.00881659    0.00528986      0.429538    0.00889008      0.999862    -0.0140343      0.324683   -0.00516539     0.0140806      0.999888      -1.09483
     0.999947     -0.008844    0.00533016      0.418766    0.00892106      0.999853    -0.0146099      0.300158   -0.00520017     0.0146567      0.999879      -1.05559
     0.999946   -0.00875972    0.00555785      0.446611    0.00884012      0.999854      -0.01461      0.305314   -0.00542906     0.0146584      0.999878       -1.0295
     0.999946   -0.00880906    0.00547495      0.425994    0.00888803      0.999854     -0.014571      0.297231    -0.0053458     0.0146189      0.999879      -1.02835
     0.999945   -0.00895926    0.00537089      0.476247    0.00903764       0.99985    -0.0147514       0.29632   -0.00523793     0.0147991      0.999877      -1.09936
     0.999949   -0.00910947    0.00439577      0.429784    0.00917496      0.999844    -0.0151139        0.3034    -0.0042574     0.0151535      0.999876      -1.10167
     0.999953   -0.00857493    0.00454416      0.426827    0.00864154      0.999852    -0.0148475      0.315434   -0.00441618     0.0148861      0.999879      -1.07637
     0.999954   -0.00862753    0.00419063      0.431261     0.0086915      0.999842     -0.015496      0.266713   -0.00405628     0.0155317      0.999871      -1.11819
      0.99996   -0.00845004    0.00296734      0.417865    0.00849924       0.99982    -0.0169794      0.254654   -0.00282333     0.0170039      0.999851      -1.02087
     0.999972   -0.00683869    0.00300242      0.405546     0.0068879      0.999837    -0.0166978      0.321882   -0.00288774      0.016718      0.999856     -0.995907
     0.999973   -0.00661812    0.00325673      0.397243    0.00666804      0.999857    -0.0155614      0.364553   -0.00315327     0.0155827      0.999874      -1.11034
     0.999968   -0.00702727    0.00389288      0.551307    0.00708441      0.999864    -0.0148625      0.376226   -0.00378791     0.0148896      0.999882      -1.47978
     0.999976   -0.00447854    0.00520656      0.631151    0.00456257      0.999858    -0.0162417    -0.0546475   -0.00513308      0.016265      0.999855      -0.91009
     0.999983   -0.00445131    0.00373764      0.522789    0.00450126      0.999899    -0.0134639      0.176378   -0.00367733     0.0134805      0.999902     -0.556655
     0.999984   -0.00522019    0.00199966       0.43665    0.00524225      0.999924    -0.0111882      0.298344    -0.0019411     0.0111985      0.999935      -0.32316
     0.999981   -0.00564621    0.00259724      0.408874    0.00566539      0.999956   -0.00743876      0.523754   -0.00255513    0.00745333      0.999969     -0.255297
     0.999974   -0.00633343     0.0033636      0.496574    0.00635881      0.999951   -0.00758816      0.547329   -0.00331538    0.00760935      0.999966     -0.368977
     0.999971   -0.00674758    0.00346809      0.511204    0.00677192      0.999952   -0.00705441      0.481283   -0.00342032    0.00707769      0.999969     -0.251481
     0.999975   -0.00665328     0.0025665      0.530733    0.00666697      0.999963   -0.00536127      0.336403   -0.00253074    0.00537825      0.999982      0.144663
     0.999976   -0.00648118    0.00248727      0.542658    0.00649833      0.999955   -0.00695306      0.409719   -0.00244209    0.00696906      0.999973     -0.184066
      0.99998   -0.00579409    0.00238321      0.545648    0.00581148      0.999956   -0.00735456      0.370837    -0.0023405    0.00736827       0.99997     -0.226785
      0.99998   -0.00579802    0.00240824      0.553211    0.00581617      0.999954   -0.00759864      0.381495   -0.00236407     0.0076125      0.999968     -0.232018
     0.999982   -0.00577755    0.00183877      0.485409    0.00579441       0.99994   -0.00930049      0.393845   -0.00178493    0.00931098      0.999955     -0.361867
     0.999985   -0.00537911   0.000283169       0.35734    0.00538162      0.999937   -0.00980717      0.428852  -0.000230397    0.00980855      0.999952     -0.555286
     0.999982   -0.00583952    0.00102147      0.424649    0.00584914      0.999936   -0.00968587      0.407869  -0.000964845    0.00969167      0.999953     -0.530153
     0.999982   -0.00590724   0.000928739      0.434685    0.00591628      0.999932    -0.0100498      0.404448  -0.000869309     0.0100551      0.999949      -0.55242
      0.99998   -0.00630109    0.00105656      0.407132    0.00631131       0.99993   -0.00996542      0.400535   -0.00099369    0.00997189       0.99995     -0.599546
     0.999977   -0.00672981    0.00109793      0.399955    0.00674095      0.999922    -0.0104778      0.383451   -0.00102734      0.010485      0.999945     -0.577624
     0.999978   -0.00664785   0.000802781      0.394295    0.00665573      0.999925    -0.0102461      0.398994  -0.000734607     0.0102512      0.999947     -0.579845
     0.999978   -0.00657705   0.000975648      0.418827    0.00658658      0.999927    -0.0101093      0.384716  -0.000909088     0.0101155      0.999948     -0.539986
     0.999977    -0.0067362    0.00110661      0.417444    0.00674788      0.999918    -0.0109182      0.412265   -0.00103297     0.0109254       0.99994     -0.616693
     0.999975   -0.00701796   0.000810644      0.426267    0.00702378      0.999948   -0.00741281      0.310694  -0.000758579    0.00741832      0.999972     -0.144384
      0.99997   -0.00726704    0.00270222      0.369921    0.00732599       0.99972    -0.0224837     -0.295715   -0.00253807     0.0225028      0.999744     0.0917945
     0.999957   -0.00711388    0.00594714      0.237104    0.00730443       0.99944    -0.0326567     -0.687602   -0.00571149     0.0326988      0.999449     -0.215779
     0.999952   -0.00566734    0.00801956      0.157651    0.00588592      0.999604    -0.0274999     -0.480131   -0.00786054     0.0275458       0.99959     -0.488718
      0.99995    -0.0063211    0.00778061      0.172471    0.00648699      0.999748    -0.0214831     -0.227847   -0.00764285     0.0215325      0.999739     -0.532165
      0.99996   -0.00837463    0.00311221      0.211118    0.00842883      0.999805    -0.0178329     -0.168103   -0.00296227     0.0178585      0.999836     -0.517811
     0.999968   -0.00749091    0.00270081      0.304913     0.0075331      0.999844    -0.0159662     -0.282871   -0.00258079      0.015986      0.999869      0.105828
     0.999977   -0.00673177   0.000537814      0.275537    0.00673984      0.999837    -0.0167503     -0.315078  -0.000424967     0.0167535       0.99986      0.367323
     0.999976   -0.00687496  -0.000367857      0.195776    0.00686693      0.999803    -0.0186062     -0.296221   0.000495702     0.0186033      0.999827      0.150149
     0.999973   -0.00731066   0.000419329      0.212477    0.00731735       0.99979    -0.0191166     -0.338416  -0.000279487     0.0191191      0.999817      0.101925
     0.999972   -0.00754032   0.000354456      0.208217    0.00754572      0.999789    -0.0191217     -0.396569  -0.000210198     0.0191238      0.999817       0.11596
     0.999975    -0.0070598    0.00026868      0.209164    0.00706361      0.999797    -0.0188831     -0.396628  -0.000135315     0.0188845      0.999822      0.135586
      0.99998   -0.00633187   0.000689488      0.223381      0.006344      0.999794    -0.0192868     -0.383915  -0.000567224     0.0192907      0.999814       0.12563
      0.99997   -0.00774817   0.000323985      0.231624    0.00775306      0.999774    -0.0197778     -0.187997  -0.000170671     0.0197797      0.999804     -0.405229
      0.99997   -0.00771149   0.000519659      0.204267    0.00771992      0.999792     -0.018857     -0.162884  -0.000374135     0.0188605      0.999822     -0.458877
     0.999972   -0.00739173    0.00095893      0.211558    0.00740881      0.999787    -0.0192433     -0.224338  -0.000816486     0.0192498      0.999814     -0.320238
     0.999967   -0.00809922   0.000490236       0.20923    0.00810712      0.999784    -0.0191375      -0.20564  -0.000335131     0.0191409      0.999817     -0.350889
     0.999959   -0.00908951   0.000562864      0.218007    0.00909815      0.999798    -0.0179423     -0.186509  -0.000399664     0.0179467      0.999839     -0.366183
      0.99996   -0.00893329   0.000481794      0.221952    0.00894062      0.999792    -0.0183193     -0.161716  -0.000318043     0.0183229      0.999832     -0.396655
     0.999961   -0.00884949   0.000366986      0.195681    0.00885472      0.999794    -0.0182859     -0.202252  -0.000205089     0.0182884      0.999833     -0.352395
     0.999959   -0.00898963    0.00071208      0.214932    0.00900115      0.999792    -0.0182863     -0.186961  -0.000547546     0.0182919      0.999833     -0.341551
     0.999963   -0.00865415   0.000160443      0.203537    0.00865563      0.999812    -0.0173374     -0.166706  -1.03721e-05     0.0173382       0.99985     -0.311892
     0.999963   -0.00854997   9.78111e-05      0.206618    0.00855038      0.999815    -0.0172515     -0.153937   4.97066e-05     0.0172517      0.999851     -0.337209
      0.99996   -0.00889893   0.000215893      0.213788    0.00890133       0.99981    -0.0173157     -0.146167  -6.17603e-05      0.017317       0.99985     -0.419798
     0.999957   -0.00922232   0.000261892      0.202379    0.00922543      0.999814    -0.0169659     -0.188933  -0.000105378     0.0169676      0.999856      -0.38083
      0.99996   -0.00893314   0.000314109      0.206892    0.00893724       0.99981    -0.0173149     -0.162854  -0.000159373      0.017317       0.99985     -0.418061
     0.999962   -0.00868994   0.000627228      0.204087    0.00869942      0.999815    -0.0171539     -0.180772  -0.000478046     0.0171587      0.999853     -0.386157
      0.99996   -0.00888381   0.000449891        0.2155    0.00889037      0.999804    -0.0176849      -0.17989  -0.000292693     0.0176882      0.999844     -0.396189
     0.999959   -0.00906343   0.000432811      0.223248    0.00906952      0.999812    -0.0171401     -0.134311  -0.000277382     0.0171433      0.999853     -0.364878
     0.999955   -0.00946991   0.000595706      0.222724    0.00947837      0.999822     -0.016325     -0.139013  -0.000441004     0.0163299      0.999867      -0.36623
     0.999952   -0.00982457   0.000535403      0.220698    0.00983195       0.99982    -0.0162028     -0.144321  -0.000376122     0.0162073      0.999869     -0.390042
     0.999956   -0.00933275   0.000800632      0.184777    0.00934464      0.999822    -0.0164078     -0.127813  -0.000647359     0.0164146      0.999865     -0.417827
     0.999959   -0.00895846   0.000924298      0.168999    0.00897227      0.999828    -0.0162093     -0.135126  -0.000778929     0.0162169      0.999868     -0.413843
     0.999958   -0.00913888   0.000920633      0.177033    0.00915264      0.999826     -0.016253     -0.156269  -0.000771939     0.0162607      0.999867     -0.397792
     0.999956   -0.00933482    0.00063743      0.182838    0.00934402      0.999822    -0.0164008     -0.123775  -0.000484218      0.016406      0.999865     -0.489449
     0.999955   -0.00946514   0.000917796      0.197471    0.00947885      0.999822    -0.0162931     -0.169191  -0.000763417     0.0163011      0.999867     -0.403104
     0.999953   -0.00966564   0.000863526       0.19378    0.00967861      0.999816    -0.0165465     -0.116633  -0.000703435     0.0165541      0.999863      -0.53086
     0.999951   -0.00979788    0.00129997      0.204434    0.00981794      0.999816      -0.01645     -0.152066   -0.00113856     0.0164619      0.999864     -0.509495
     0.999953   -0.00957281     0.0012539      0.215444     0.0095926      0.999812    -0.0168652     -0.150282   -0.00109222     0.0168764      0.999857     -0.528439
     0.999951   -0.00981777     0.0011554      0.218614    0.00983597      0.999808    -0.0169676     -0.164012   -0.00098859     0.0169781      0.999855     -0.560805
     0.999951   -0.00981669    0.00106536      0.223085    0.00983256      0.999822    -0.0160781     -0.189269  -0.000907339     0.0160878       0.99987     -0.501842
     0.999954   -0.00955764   0.000913736      0.240908    0.00957102      0.999827    -0.0159681     -0.147685   -0.00076096     0.0159761      0.999872     -0.545965
     0.999953   -0.00964141   0.000864281      0.220022      0.009654      0.999826    -0.0159912     -0.200721  -0.000709953     0.0159988      0.999872     -0.477519
     0.999954   -0.00952749   0.000725132      0.214971    0.00953731      0.999842    -0.0150141     -0.133322  -0.000581971     0.0150204      0.999887     -0.544123
     0.999949    -0.0100391   0.000962703       0.21419     0.0100521      0.999842    -0.0146296     -0.147246  -0.000815684     0.0146385      0.999893     -0.505656
     0.999945     -0.010445    0.00112506      0.241997     0.0104606      0.999834    -0.0148928     -0.108396  -0.000969317     0.0149038      0.999888     -0.544865
     0.999949   -0.00999301    0.00113638      0.229873     0.0100086      0.999843    -0.0146255     -0.124576  -0.000990048     0.0146361      0.999892      -0.56212
     0.999949    -0.0100642    0.00107941      0.217629     0.0100793      0.999837    -0.0149846     -0.123502  -0.000928422     0.0149947      0.999887     -0.552876
     0.999956   -0.00941355   0.000282488      0.207166    0.00941692      0.999821    -0.0164235     -0.167028  -0.000127833     0.0164255      0.999865     -0.555843
     0.999961   -0.00888028  -0.000220951      0.175127    0.00887595      0.999848    -0.0150245     -0.167537   0.000354339      0.015022      0.999887     -0.410782
     0.999958   -0.00921645   7.87371e-06      0.165036    0.00921542      0.999832    -0.0158453      -0.15159   0.000138165     0.0158447      0.999874     -0.525515
     0.999951   -0.00985309    0.00085848      0.215317    0.00986574      0.999819    -0.0162463     -0.190422  -0.000698248      0.016254      0.999868     -0.464815
     0.999949    -0.0100076   0.000952212      0.254257     0.0100224      0.999805    -0.0170247      -0.18251  -0.000781649     0.0170334      0.999855     -0.558044
      0.99995   -0.00995055    0.00116084      0.261064    0.00996875      0.999808    -0.0168934     -0.201965  -0.000992523     0.0169041      0.999857     -0.478809
     0.999954   -0.00956439   0.000660934       0.20133    0.00957414      0.999813     -0.016799     -0.173091  -0.000500138     0.0168045      0.999859     -0.545856
     0.999948    -0.0101431   0.000757502      0.197153     0.0101542      0.999813    -0.0164372      -0.20221  -0.000590636      0.016444      0.999865     -0.501892
     0.999945    -0.0104483    0.00101341      0.240394      0.010464      0.999802    -0.0169306       -0.2071  -0.000836315     0.0169403      0.999856     -0.506496
      0.99995   -0.00989254    0.00132948      0.264044    0.00991393      0.999803     -0.017186     -0.212148   -0.00115921     0.0171983      0.999851     -0.422677
     0.999948    -0.0100304    0.00161579      0.274514     0.0100568      0.999801    -0.0172296     -0.199742   -0.00144265      0.017245       0.99985     -0.462465
     0.999947    -0.0101978    0.00164343      0.258986     0.0102251      0.999794    -0.0175585     -0.208574   -0.00146403     0.0175744      0.999844     -0.520007
     0.999948    -0.0100432    0.00183324      0.237864      0.010074      0.999793     -0.017659     -0.252741   -0.00165551     0.0176766      0.999842     -0.469624
      0.99995   -0.00992054    0.00140436      0.248238    0.00994399      0.999792    -0.0178084     -0.206896    -0.0012274     0.0178214       0.99984     -0.590399
     0.999947    -0.0100724    0.00188915      0.237472     0.0101038      0.999798    -0.0173691     -0.250536   -0.00171382     0.0173873      0.999847     -0.526222
     0.999955   -0.00935506    0.00165597      0.233574    0.00938305      0.999798    -0.0177906     -0.226057   -0.00148921     0.0178054       0.99984     -0.588415
     0.999961   -0.00876934    0.00116747      0.222237     0.0087884      0.999809    -0.0174659     -0.331236   -0.00101409     0.0174755      0.999847     -0.375882
     0.999963   -0.00851683   0.000937442      0.206565    0.00853123      0.999826    -0.0166023     -0.222978   -0.00079588     0.0166097      0.999862     -0.150686
     0.999964   -0.00847247   0.000884033      0.156834    0.00848571      0.999832    -0.0162249     -0.125208   -0.00074642     0.0162319      0.999868      -0.32592
     0.999963   -0.00855578      0.001028      0.148288    0.00857114      0.999835    -0.0160013     -0.212947  -0.000890923     0.0160095      0.999871     -0.276067
     0.999964    -0.0084611    0.00109735      0.162093    0.00847834      0.999823    -0.0167949     -0.174493  -0.000955052     0.0168036      0.999858      -0.35247
      0.99996   -0.00888003    0.00113296      0.152278    0.00889761      0.999823    -0.0165858     -0.178334   -0.00098548     0.0165952      0.999862     -0.359325
     0.999966   -0.00819829   0.000768008      0.120821    0.00820998      0.999827     -0.016701     -0.228991  -0.000630955     0.0167068       0.99986     -0.345624
     0.999969   -0.00779964    0.00063715      0.124574    0.00780932      0.999826    -0.0169471     -0.210916  -0.000504858     0.0169516      0.999856     -0.327738
     0.999964   -0.00840812    0.00115482      0.142602    0.00842653       0.99982     -0.016984     -0.181456   -0.00101181     0.0169931      0.999855     -0.299845
     0.999962   -0.00862525    0.00146653      0.151078     0.0086495      0.999811    -0.0174219     -0.161468   -0.00131598     0.0174339      0.999847     -0.344503
     0.999953   -0.00943469     0.0023025      0.230279    0.00947476      0.999792    -0.0180614     -0.220872   -0.00213161     0.0180824      0.999834     -0.301177
     0.999953   -0.00945824    0.00198505       0.23266    0.00949349      0.999782    -0.0185696     -0.192607   -0.00180898     0.0185876      0.999826     -0.418473
     0.999954   -0.00935067    0.00192257      0.203083    0.00938406      0.999791    -0.0181625     -0.235355   -0.00175234     0.0181797      0.999833     -0.382222
     0.999954   -0.00942001     0.0020479      0.214615    0.00945662      0.999781    -0.0186717     -0.228657   -0.00187157     0.0186902      0.999824     -0.441962
