# 3dvolreg matrices (DICOM-to-DICOM, row-by-row):
     0.999999    0.00108576    0.00107213       0.10536     -0.001085      0.999999  -0.000706899    -0.0427494   -0.00107289   0.000705735      0.999999    -0.0319695
            1   0.000250104  -0.000369772    -0.0360067  -0.000250011             1   0.000250972  -0.000165817   0.000369835   -0.00025088             1    -0.0289693
            1  -6.89306e-11  -1.82294e-10  -2.26072e-09   6.89306e-11             1  -3.26955e-11  -5.74511e-09   1.82294e-10   3.26955e-11             1  -1.95075e-09
     0.999994     0.0034058   0.000286956   -0.00680712   -0.00340583      0.999994   0.000121945   -0.00206574  -0.000286539  -0.000122922             1     -0.026392
     0.999989    0.00468192   0.000738061    -0.0354486   -0.00468168      0.999989  -0.000328809    -0.0351955  -0.000739593    0.00032535             1    -0.0530789
     0.999998    0.00184361   0.000488558    -0.0316464   -0.00184351      0.999998  -0.000196044    -0.0123718  -0.000488919   0.000195143             1   -0.00302757
     0.999996    0.00289428   0.000301174    -0.0439031    -0.0028941      0.999996  -0.000568951   -0.00540985   -0.00030282   0.000568077             1    -0.0290471
     0.999995    0.00296922   0.000692723    -0.0578494   -0.00296908      0.999996  -0.000207935  -0.000159677  -0.000693337   0.000205877             1    -0.0366776
     0.999995    0.00311086   0.000779355    -0.0795749   -0.00311074      0.999995  -0.000158379    -0.0351032  -0.000779844   0.000155954             1     -0.050596
     0.999996     0.0027048   0.000713544     -0.055296   -0.00270464      0.999996  -0.000215756   -0.00589724  -0.000714125   0.000213825             1     -0.119405
     0.999996    0.00251069    0.00132982    -0.0291924   -0.00251074      0.999997    3.5026e-05    -0.0467159   -0.00132973  -3.83647e-05      0.999999    -0.0680529
     0.999996    0.00239125    0.00118438    -0.0115989   -0.00239072      0.999997  -0.000441509   -0.00317627   -0.00118543   0.000438676      0.999999     -0.106003
     0.999996    0.00214045    0.00183031     0.0135522   -0.00213953      0.999998   -0.00050039    -0.0595043   -0.00183138   0.000496472      0.999998    -0.0153163
     0.999996    0.00222297    0.00166587      0.037637    -0.0022222      0.999997  -0.000464987    -0.0112811    -0.0016669   0.000461284      0.999999    -0.0683642
     0.999998   0.000702865    0.00205572     0.0655663  -0.000701654             1  -0.000589469    -0.0582563   -0.00205614   0.000588026      0.999998    -0.0470689
     0.999992    0.00132332    0.00370935     0.0898463   -0.00131881      0.999998    -0.0012164    -0.0339817   -0.00371095     0.0012115      0.999992     0.0137461
     0.999987    0.00408201    0.00300435     0.0810886   -0.00408069      0.999992  -0.000444879    -0.0683342   -0.00300615   0.000432614      0.999995      0.137785
     0.999991    0.00369297    0.00187188     0.0784905   -0.00369226      0.999993  -0.000384166    0.00757891   -0.00187328   0.000377251      0.999998       0.11587
     0.999995    0.00269867    0.00166137     0.0814895   -0.00269803      0.999996   -0.00038369   0.000270934    -0.0016624   0.000379205      0.999999      0.149871
     0.999995    0.00243613     0.0019136      0.115398   -0.00243429      0.999997  -0.000963131    -0.0262657   -0.00191594   0.000958468      0.999998      0.108199
     0.999996    0.00200908    0.00214044      0.139909   -0.00200765      0.999998  -0.000672604    -0.0136891   -0.00214178   0.000668304      0.999997      0.113115
     0.999995    0.00207384    0.00244062      0.175944   -0.00207075      0.999997   -0.00126724    -0.0489234   -0.00244324    0.00126217      0.999996     0.0823876
     0.999996    0.00202921    0.00216386      0.200786   -0.00202693      0.999997   -0.00105414    -0.0145837   -0.00216599    0.00104975      0.999997     0.0613081
     0.999995    0.00180263    0.00264479       0.20389   -0.00179943      0.999998   -0.00121171    -0.0641204   -0.00264697    0.00120695      0.999996     0.0720653
     0.999996    0.00135799    0.00267007       0.23406   -0.00135453      0.999998   -0.00129871    -0.0249206   -0.00267183    0.00129509      0.999996     0.0485378
     0.999992    0.00286293    0.00292376      0.226084   -0.00286084      0.999996  -0.000718725    -0.0784742    -0.0029258   0.000710354      0.999995      0.070482
     0.999986    0.00355581    0.00391804      0.283827   -0.00354996      0.999993   -0.00149849    -0.0931652   -0.00392334    0.00148456      0.999991     0.0366627
      0.99999    0.00190979    0.00400054      0.270212   -0.00190715      0.999998  -0.000662413    -0.0951727    -0.0040018   0.000654777      0.999992     0.0941622
     0.999992    0.00110069    0.00383571      0.322021   -0.00109534      0.999998   -0.00139617       -0.1161   -0.00383724    0.00139196      0.999992        0.0405
     0.999992    0.00138566    0.00380619      0.315709   -0.00138229      0.999999  -0.000887389     -0.121862   -0.00380741   0.000882121      0.999992     0.0665251
     0.999992    0.00146492    0.00376703      0.313824   -0.00146024      0.999998   -0.00124327     -0.139286   -0.00376884    0.00123776      0.999992     0.0544613
     0.999992    0.00137898    0.00372102      0.317573   -0.00137527      0.999999  -0.000998627     -0.118905   -0.00372239   0.000993501      0.999993     0.0640643
     0.999993   0.000185827    0.00376971      0.315922  -0.000182286             1  -0.000939562      -0.13578   -0.00376989   0.000938868      0.999992      0.045445
     0.999992  -8.82056e-05    0.00388704      0.369186   9.32087e-05      0.999999   -0.00128697     -0.122496   -0.00388692    0.00128732      0.999992     0.0683132
     0.999992   0.000261798    0.00386497       0.35487  -0.000257704      0.999999   -0.00105976      -0.14131   -0.00386525    0.00105875      0.999992     0.0989866
     0.999994   0.000413001    0.00332725      0.336452  -0.000410474             1  -0.000760164    -0.0736189   -0.00332756   0.000758794      0.999994     0.0839237
     0.999995    0.00113828    0.00288425      0.273503    -0.0011404      0.999999   0.000736016      -0.04957   -0.00288341  -0.000739301      0.999996     0.0991932
     0.999994    0.00123464    0.00318361      0.304563   -0.00123445      0.999999   -6.3344e-05    -0.0358633   -0.00318369   5.94136e-05      0.999995     0.0339037
     0.999993    0.00103073    0.00349734      0.305404   -0.00103179      0.999999   0.000302052    -0.0647391   -0.00349703  -0.000305659      0.999994     0.0509136
     0.999993    0.00119342    0.00347708      0.307296   -0.00119305      0.999999   -0.00010601    -0.0831863   -0.00347721   0.000101861      0.999994     0.0456066
     0.999994    0.00115071    0.00333127      0.319898   -0.00115041      0.999999  -9.25871e-05     -0.064825   -0.00333137   8.87542e-05      0.999994     0.0455436
     0.999993    0.00111525    0.00350892      0.319705   -0.00111463      0.999999  -0.000179235    -0.0984746   -0.00350912   0.000175323      0.999994     0.0414163
     0.999993   0.000974475    0.00352522      0.334447  -0.000973324      0.999999  -0.000328202    -0.0779881   -0.00352554   0.000324769      0.999994     0.0454724
     0.999994    0.00133133    0.00333342      0.308012   -0.00133048      0.999999  -0.000256665    -0.0892077   -0.00333376   0.000252228      0.999994     0.0799232
     0.999994   0.000333959      0.003329      0.326203  -0.000332234             1  -0.000518459    -0.0761386   -0.00332917    0.00051735      0.999994     0.0444634
     0.999991  -0.000689196    0.00414618      0.373033   0.000691512             1  -0.000557105    -0.0869374   -0.00414579   0.000559967      0.999991     0.0531435
     0.999989   -0.00113791    0.00448998      0.393739    0.00114085      0.999999  -0.000652586    -0.0686865   -0.00448924   0.000657701       0.99999     0.0525702
     0.999991  -0.000672271    0.00426314      0.369068   0.000675147             1  -0.000673386     -0.113015   -0.00426269   0.000676258      0.999991     0.0723916
     0.999993  -0.000475408    0.00382979      0.364849   0.000478134             1  -0.000710775     -0.101815   -0.00382945   0.000712601      0.999992     0.0581106
     0.999993  -0.000150394    0.00383658      0.355303   0.000153597             1  -0.000834719     -0.136747   -0.00383645   0.000835302      0.999992     0.0571761
     0.999992  -0.000453586    0.00385085      0.373631   0.000456243             1  -0.000689292     -0.103653   -0.00385053   0.000691044      0.999992    0.00315355
     0.999992  -0.000264355    0.00406902      0.374952   0.000265665             1   -0.00032124     -0.125293   -0.00406894   0.000322319      0.999992      0.022387
     0.999991  -0.000591487    0.00420785      0.401338   0.000595386      0.999999  -0.000925418     -0.110452    -0.0042073   0.000927915      0.999991     0.0155771
     0.999992     -0.000421     0.0040959      0.378203   0.000422925             1   -0.00046899     -0.135608   -0.00409571   0.000470718      0.999992      0.036302
     0.999992    -0.0010505    0.00377486      0.382983     0.0010532      0.999999  -0.000711163     -0.100566   -0.00377411   0.000715133      0.999993    -0.0159879
     0.999989   -0.00180468    0.00439081       0.40472    0.00180564      0.999998  -0.000214837     -0.110355   -0.00439041   0.000222762       0.99999     0.0519298
     0.999988   -0.00153176    0.00458713      0.424018    0.00153416      0.999999  -0.000519682    -0.0801353   -0.00458633   0.000526714      0.999989     0.0334522
      0.99999   -0.00130183    0.00435837      0.387619    0.00130321      0.999999  -0.000312674     -0.111868   -0.00435796    0.00031835       0.99999      0.074117
      0.99999   -0.00155319    0.00430374       0.37856    0.00155437      0.999999  -0.000272865    -0.0719373   -0.00430331   0.000279552      0.999991     0.0583996
     0.999991   -0.00132452    0.00412189      0.356241     0.0013219      0.999999   0.000637656     -0.018891   -0.00412273  -0.000632202      0.999991     0.0709062
      0.99999   -0.00138221    0.00429037      0.375065    0.00138428      0.999999   -0.00047982    -0.0653927   -0.00428971   0.000485754      0.999991      0.048101
      0.99999   -0.00167685    0.00415947      0.379174    0.00167907      0.999998  -0.000530121    -0.0785627   -0.00415857     0.0005371      0.999991     0.0825581
     0.999991  -0.000376858     0.0041076      0.365097   0.000379566             1  -0.000658454     -0.119941   -0.00410735   0.000660007      0.999991     0.0696221
     0.999992   0.000158743    0.00387351      0.353877  -0.000156886             1  -0.000479701    -0.0941673   -0.00387358    0.00047909      0.999992     0.0811498
     0.999992  -0.000699726    0.00383179      0.335813   0.000702029             1   -0.00059973    -0.0981715   -0.00383137   0.000602415      0.999992     0.0887324
     0.999996  -8.46191e-05    0.00298732      0.331919   8.64329e-05             1   -0.00060706     -0.161616   -0.00298726   0.000607315      0.999995     0.0963445
     0.999997   0.000187327    0.00257802      0.345654  -0.000184834             1  -0.000966932     -0.217053    -0.0025782   0.000966452      0.999996      0.104728
     0.999996   -0.00011536    0.00281891      0.355389   0.000117307             1  -0.000690591     -0.180578   -0.00281882   0.000690919      0.999996      0.107233
     0.999995   7.81409e-05    0.00321829      0.364739  -7.45241e-05      0.999999   -0.00112393     -0.211523   -0.00321838    0.00112368      0.999994     0.0967008
     0.999995   0.000369952    0.00310482      0.362049  -0.000365601      0.999999   -0.00140181     -0.205806   -0.00310534    0.00140067      0.999994      0.095133
     0.999996   0.000425808    0.00282766      0.328892  -0.000423366             1  -0.000864141     -0.189274   -0.00282803   0.000862941      0.999996      0.117653
     0.999992   0.000373314    0.00394691      0.352385  -0.000384871      0.999996    0.00292781    -0.0604585    -0.0039458   -0.00292931      0.999988      0.163762
     0.999992     0.0015788    0.00363215      0.345685    -0.0015895      0.999994    0.00294595    -0.0502239   -0.00362748    -0.0029517      0.999989      0.190054
     0.999993     0.0014036    0.00349272      0.361438   -0.00141174      0.999996    0.00233031    -0.0810102   -0.00348944   -0.00233522      0.999991      0.157344
     0.999991   0.000857181    0.00422569      0.401713  -0.000863326      0.999999     0.0014525     -0.129151   -0.00422444   -0.00145614       0.99999      0.138509
     0.999992   0.000816185    0.00397752      0.387111  -0.000821738      0.999999    0.00139466     -0.129691   -0.00397638   -0.00139791      0.999991      0.167261
     0.999992    0.00134324    0.00387073      0.380338   -0.00134769      0.999998    0.00114902      -0.13067   -0.00386918   -0.00115422      0.999992      0.120299
     0.999991    0.00162856    0.00398142      0.379532   -0.00163327      0.999998    0.00117887     -0.141951   -0.00397949   -0.00118536      0.999991      0.144354
     0.999992     0.0013202    0.00378362      0.349111   -0.00132531      0.999998    0.00134779    -0.0975103   -0.00378184   -0.00135279      0.999992      0.132591
     0.999993    0.00120834    0.00351885      0.326845   -0.00121591      0.999997    0.00214954    -0.0429105   -0.00351624    -0.0021538      0.999991      0.127107
     0.999992   0.000684649    0.00398602      0.354386  -0.000690106      0.999999    0.00136775    -0.0572451   -0.00398508   -0.00137049      0.999991      0.111475
     0.999991    0.00029747    0.00431241      0.380586  -0.000300982             1    0.00081395    -0.0952666   -0.00431216  -0.000815241       0.99999      0.117618
     0.999989   6.07558e-05    0.00463959      0.388523  -6.26562e-05             1   0.000409454      -0.14948   -0.00463957  -0.000409741      0.999989      0.109067
     0.999989   6.68867e-05    0.00459244      0.400206  -6.79613e-05             1   0.000233851     -0.117728   -0.00459243   -0.00023416      0.999989      0.115841
     0.999991   0.000266501    0.00426247      0.374249  -0.000268067             1   0.000366938     -0.141403   -0.00426237  -0.000368077      0.999991      0.161278
     0.999994  -0.000256401    0.00358703      0.347691   0.000251682      0.999999    0.00131581    -0.0335894   -0.00358736    -0.0013149      0.999993      0.153692
     0.999991  -0.000531843    0.00430321      0.375353   0.000516811      0.999994    0.00349347    -0.0264643   -0.00430504   -0.00349122      0.999985      0.114783
     0.999988  -0.000511206    0.00494705      0.427585   0.000501608      0.999998    0.00194121    -0.0402482   -0.00494803   -0.00193871      0.999986      0.151776
     0.999991   -0.00023217    0.00427304      0.409541   0.000225403      0.999999    0.00158404    -0.0511993   -0.00427341   -0.00158306       0.99999      0.147205
     0.999991  -0.000114627    0.00427738      0.410564   0.000108247      0.999999    0.00149192     -0.082887   -0.00427754   -0.00149144       0.99999     0.0847796
     0.999991  -0.000361502    0.00413962      0.405642   0.000354167      0.999998    0.00177255    -0.0590371   -0.00414026   -0.00177107       0.99999       0.10541
      0.99999  -0.000359653    0.00436444      0.411525   0.000352397      0.999999    0.00166317    -0.0825916   -0.00436504   -0.00166162      0.999989     0.0835715
     0.999989  -0.000211652    0.00458248      0.435362   0.000207218             1   0.000967986     -0.105878   -0.00458268  -0.000967027      0.999989      0.127814
      0.99999   6.45595e-05    0.00449656      0.429525  -6.63292e-05             1    0.00039341     -0.125351   -0.00449654  -0.000393704       0.99999      0.145894
     0.999994   0.000884766    0.00333561      0.361124  -0.000887302      0.999999   0.000758887     -0.130744   -0.00333493  -0.000761842      0.999994      0.147589
     0.999995   0.000786318    0.00314089      0.349206  -0.000788146             1   0.000580786     -0.133445   -0.00314043  -0.000583258      0.999995      0.157373
     0.999994   0.000214783    0.00340738      0.353135  -0.000217593             1   0.000824212     -0.104919    -0.0034072  -0.000824949      0.999994      0.207732
     0.999993   0.000166356    0.00382647      0.420356  -0.000165087             1  -0.000331868      -0.17185   -0.00382653   0.000331234      0.999993      0.162054
     0.999992   0.000260883    0.00390605      0.486862  -0.000261348             1   0.000118641     -0.154565   -0.00390602  -0.000119661      0.999992      0.143818
     0.999992   0.000289238    0.00395315      0.448596  -0.000288364             1  -0.000221717     -0.197499   -0.00395322   0.000220575      0.999992      0.129554
     0.999992   0.000270105     0.0039922       0.45468  -0.000268669             1  -0.000360159     -0.184367   -0.00399229   0.000359083      0.999992      0.155656
     0.999992   0.000475012    0.00389083      0.424694  -0.000474502             1  -0.000132015     -0.184832   -0.00389089   0.000130167      0.999992      0.143914
     0.999992  -5.53351e-05    0.00395171      0.430155   5.64288e-05             1  -0.000276661     -0.160046   -0.00395169   0.000276882      0.999992      0.111551
      0.99999  -0.000940062     0.0042868      0.452981   0.000942488      0.999999  -0.000563974     -0.195441   -0.00428627   0.000568008      0.999991      0.156078
     0.999993  -0.000149936    0.00364172      0.404197   0.000148443             1   0.000410238     -0.129816   -0.00364178  -0.000409695      0.999993      0.224395
     0.999994   0.000476909    0.00352337      0.365752  -0.000479134             1   0.000630822      -0.14102   -0.00352306  -0.000632507      0.999994      0.221818
     0.999994   0.000564656    0.00353051      0.364039  -0.000566543             1   0.000533499     -0.101986    -0.0035302  -0.000535496      0.999994      0.185042
     0.999992    0.00066905     0.0038995      0.374425  -0.000671457             1   0.000615868     -0.145383   -0.00389908  -0.000618482      0.999992      0.186863
     0.999993   0.000462687    0.00382708      0.394996  -0.000463258             1   0.000148512     -0.134902   -0.00382701  -0.000150284      0.999993      0.117549
     0.999993   0.000436502    0.00383127      0.392106  -0.000438815             1   0.000603069     -0.142997     -0.003831  -0.000604746      0.999992      0.162245
     0.999994   0.000419141    0.00351327      0.362294  -0.000419582             1   0.000124814     -0.147268   -0.00351322  -0.000126287      0.999994      0.126861
     0.999993   0.000418759    0.00365632      0.373315  -0.000419718             1   0.000261636     -0.153527   -0.00365621  -0.000263169      0.999993      0.170779
     0.999993  -0.000126587    0.00386253      0.387215   0.000129014             1  -0.000628261     -0.151818   -0.00386245   0.000628755      0.999992      0.200567
     0.999995   0.000708077    0.00323469      0.355809   -0.00070891             1   0.000256488     -0.128259   -0.00323451   -0.00025878      0.999995      0.218122
     0.999997    0.00239799   0.000657145      0.205778   -0.00239916      0.999996    0.00179517     -0.101479  -0.000652838   -0.00179674      0.999998      0.214062
     0.999996    0.00219529    0.00148397      0.236181   -0.00219754      0.999996    0.00152001    -0.0568712   -0.00148063   -0.00152326      0.999998      0.291159
     0.999997    0.00162323    0.00191879      0.248639   -0.00162534      0.999998    0.00110167    -0.0631651   -0.00191699   -0.00110479      0.999998      0.229094
     0.999996   0.000646955    0.00258354      0.289882  -0.000649398      0.999999   0.000945083    -0.0922529   -0.00258293  -0.000946757      0.999996      0.203155
     0.999995   0.000203825    0.00299925      0.314321  -0.000205036             1   0.000403728     -0.117255   -0.00299917  -0.000404341      0.999995      0.202591
     0.999995  -5.81101e-05    0.00308676      0.309268   5.52535e-05             1   0.000925534    -0.0594878   -0.00308682  -0.000925359      0.999995      0.209558
     0.999994   -0.00038811    0.00332486       0.31823   0.000386012             1   0.000631689    -0.0745065   -0.00332511  -0.000630402      0.999994      0.174034
     0.999992   -0.00106411    0.00373194      0.345603    0.00106299      0.999999   0.000302789    -0.0719988   -0.00373226   -0.00029882      0.999993      0.167575
     0.999992  -0.000882992     0.0038641      0.362019   0.000882029             1   0.000250836     -0.124961   -0.00386432  -0.000247426      0.999993      0.178467
     0.999994  -0.000881942    0.00330855      0.322767   0.000879239      0.999999   0.000818391    -0.0286563   -0.00330927  -0.000815478      0.999994      0.147248
     0.999995   0.000192999    0.00318428      0.295388   -0.00019805      0.999999    0.00158596    -0.0363748   -0.00318397   -0.00158658      0.999994      0.155817
     0.999994    0.00226854    0.00276993      0.265515   -0.00227021      0.999997   0.000602134    -0.0525374   -0.00276856  -0.000608418      0.999996      0.150171
     0.999994    0.00225219    0.00245838      0.242143   -0.00225785      0.999995    0.00230075     0.0943719   -0.00245319   -0.00230629      0.999994      0.200327
     0.999994    0.00191828    0.00275939      0.244734   -0.00192072      0.999998   0.000880845         0.025    -0.0027577   -0.00088614      0.999996      0.202593
     0.999993    0.00145967    0.00337724      0.305889   -0.00146141      0.999999   0.000513507    -0.0692984   -0.00337649  -0.000518439      0.999994      0.267925
     0.999994    0.00132152    0.00323612       0.29897   -0.00132162      0.999999   2.75541e-05    -0.0759517   -0.00323608  -3.18308e-05      0.999995      0.230348
     0.999994    0.00106969    0.00338597      0.299622   -0.00106849      0.999999  -0.000355024     -0.113657   -0.00338634   0.000351404      0.999994      0.240571
     0.999994    0.00094436    0.00339869      0.288319  -0.000941967      0.999999   -0.00070567     -0.132924   -0.00339935   0.000702464      0.999994       0.18746
     0.999994   0.000946474    0.00339852      0.282737  -0.000945799             1  -0.000200285     -0.123958   -0.00339871   0.000197069      0.999994      0.179595
     0.999994   0.000961403    0.00346038       0.28988  -0.000959894      0.999999  -0.000437871     -0.149561    -0.0034608   0.000434546      0.999994      0.173032
     0.999993   0.000784018    0.00359252      0.307491  -0.000781878             1  -0.000596944     -0.126306   -0.00359299   0.000594131      0.999993      0.204053
     0.999994    0.00100374    0.00343165      0.307765   -0.00100423      0.999999   0.000141365     -0.135661   -0.00343151   -0.00014481      0.999994      0.202227
     0.999994   0.000622084    0.00334415      0.315803  -0.000621623             1  -0.000138827     -0.115942   -0.00334424   0.000136747      0.999994      0.182575
     0.999993  -0.000413241    0.00383198      0.352787   0.000414636             1   -0.00036315      -0.14534   -0.00383183   0.000364736      0.999993       0.22515
     0.999993   0.000106304    0.00375472      0.344331  -0.000107727             1   0.000378689     -0.071385   -0.00375468  -0.000379091      0.999993      0.218419
     0.999992   0.000332566     0.0040346      0.342786  -0.000333148             1   0.000143565      -0.11454   -0.00403455  -0.000144908      0.999992      0.219806
     0.999993     0.0001049    0.00380879      0.341567  -0.000104096             1  -0.000211232    -0.0989736   -0.00380881   0.000210834      0.999993      0.204811
     0.999993   0.000288538    0.00382276       0.34584  -0.000289477             1   0.000244989    -0.0950845   -0.00382269  -0.000246093      0.999993      0.241193
     0.999992  -0.000497085    0.00404298      0.365938   0.000496857             1    5.7335e-05    -0.0730445   -0.00404301  -5.53257e-05      0.999992      0.162523
     0.999991  -0.000338911     0.0042733       0.36636    0.00033807             1   0.000197556     -0.109273   -0.00427336   -0.00019611      0.999991      0.199524
     0.999992   -0.00031904    0.00410192      0.366476   0.000321217             1  -0.000530044      -0.11689   -0.00410175   0.000531357      0.999991      0.199145
     0.999991  -0.000535863    0.00414385      0.376902   0.000535629             1   5.74665e-05     -0.104477   -0.00414388  -5.52464e-05      0.999991      0.231151
     0.999992   0.000680472    0.00393101      0.370574  -0.000679779             1  -0.000177621     -0.128325   -0.00393113   0.000174947      0.999992      0.187138
     0.999993   0.000767633    0.00369628      0.358609   -0.00076748             1  -4.26839e-05     -0.135212   -0.00369631   3.98468e-05      0.999993      0.236432
     0.999989   -0.00145118    0.00440429      0.389362     0.0014517      0.999999  -0.000113749    -0.0844881   -0.00440412   0.000120141       0.99999      0.210914
     0.999993   -0.00100624     0.0035266      0.355528    0.00100927      0.999999  -0.000858304     -0.123873   -0.00352573   0.000861858      0.999993      0.221467
     0.999994  -0.000710447    0.00325834      0.344347   0.000715164      0.999999   -0.00144671       -0.1919   -0.00325731    0.00144904      0.999994      0.211197
     0.999993   -0.00142958    0.00348698      0.366627    0.00143383      0.999998   -0.00121741     -0.143021   -0.00348523     0.0012224      0.999993      0.233033
     0.999993   -0.00199457     0.0031256      0.351126    0.00199691      0.999998  -0.000745237      -0.11579   -0.00312411   0.000751473      0.999995       0.20511
     0.999993   -0.00159251    0.00331322      0.366299    0.00159503      0.999998  -0.000757107      -0.10701   -0.00331201   0.000762387      0.999994      0.154309
     0.999995  -0.000606993    0.00308749      0.330224   0.000608093             1   -0.00035533     -0.119904   -0.00308727   0.000357206      0.999995      0.159903
     0.999993   -0.00153998    0.00327506      0.341607    0.00153938      0.999999   0.000185132    -0.0495624   -0.00327534  -0.000180089      0.999995      0.162439
     0.999991   -0.00161922    0.00394873      0.370783    0.00161701      0.999999   0.000563395     -0.065165   -0.00394963  -0.000557005      0.999992      0.165508
     0.999991    -0.0016658    0.00397557      0.393575     0.0016654      0.999999   0.000105412    -0.0767645   -0.00397574  -9.87896e-05      0.999992       0.13675
     0.999991    -0.0012743    0.00403183      0.389806    0.00127408      0.999999   5.80138e-05     -0.107392    -0.0040319  -5.28764e-05      0.999992      0.143285
     0.999992   -0.00153668     0.0037369      0.374111    0.00153671      0.999999  -3.40857e-06     -0.069311   -0.00373689   9.15106e-06      0.999993      0.156045
     0.999995  -0.000520305    0.00314942      0.333005   0.000519192             1   0.000354277    -0.0915425    -0.0031496   -0.00035264      0.999995      0.191738
     0.999993   -0.00100604    0.00366269      0.383471    0.00100193      0.999999    0.00112322     -0.054222   -0.00366381   -0.00111955      0.999993      0.181335
     0.999991  -0.000817215    0.00405321      0.378389   0.000807875      0.999997    0.00230558    -0.0280957   -0.00405508   -0.00230228      0.999989      0.262298
     0.999992  -0.000591267    0.00397338      0.393356   0.000587036      0.999999    0.00106592    -0.0584536   -0.00397401   -0.00106358      0.999992      0.218262
     0.999993   0.000237968    0.00375529      0.379128  -0.000242162      0.999999    0.00111664    -0.0709332   -0.00375502   -0.00111754      0.999992      0.225328
     0.999991  -0.000287274    0.00412485      0.386436   0.000282026      0.999999     0.0012727    -0.0767769   -0.00412521   -0.00127153      0.999991       0.19995
     0.999991  -0.000901256     0.0042571      0.406052   0.000896049      0.999999    0.00122501    -0.0543978    -0.0042582   -0.00122119       0.99999      0.209382
      0.99999   -0.00103989    0.00444555      0.400356    0.00103535      0.999999    0.00102369    -0.0861722   -0.00444661   -0.00101907       0.99999      0.193822
      0.99999   -0.00131181     0.0043737      0.398242    0.00130948      0.999999   0.000534483    -0.0641813    -0.0043744   -0.00052875       0.99999      0.153804
      0.99999  -0.000961655    0.00433133      0.401528   0.000958576      0.999999   0.000712753     -0.116669   -0.00433201  -0.000708594       0.99999      0.181343
     0.999991   -0.00105132    0.00415403      0.396949    0.00105024      0.999999   0.000261684    -0.0913691    -0.0041543  -0.000257319      0.999991        0.1406
      0.99999  -0.000954117    0.00428246      0.398438   0.000949524      0.999999    0.00107439     -0.111441   -0.00428348   -0.00107031       0.99999      0.194031
     0.999992  -0.000237722    0.00402979      0.386213   0.000235895             1   0.000453917     -0.117958    -0.0040299  -0.000452963      0.999992      0.160507
     0.999992   0.000409384    0.00390208      0.368298  -0.000411783             1   0.000614092      -0.10532   -0.00390183  -0.000615694      0.999992      0.183287
     0.999992  -0.000447777    0.00389225      0.347379   0.000446885             1   0.000230048    -0.0896198   -0.00389235  -0.000228307      0.999992      0.141377
     0.999991   -0.00035359    0.00414605      0.348952   0.000351864             1   0.000417079    -0.0882307   -0.00414619  -0.000415617      0.999991      0.164886
     0.999991  -0.000444699    0.00416628      0.328482   0.000443916             1    0.00018868    -0.0810543   -0.00416636  -0.000186829      0.999991      0.122329
     0.999992  -0.000383004    0.00403527      0.324471    0.00038213             1   0.000217473    -0.0710205   -0.00403536  -0.000215929      0.999992      0.142009
     0.999992  -0.000154977    0.00410834      0.323024   0.000152723             1   0.000548847     -0.101519   -0.00410843  -0.000548215      0.999991      0.144845
     0.999993  -0.000408223    0.00373665      0.309057   0.000406094             1   0.000570756    -0.0591476   -0.00373689  -0.000569235      0.999993      0.100261
     0.999995  -3.68562e-05    0.00315555       0.27624   3.32787e-05      0.999999    0.00113378    -0.0833581   -0.00315559   -0.00113367      0.999994      0.147166
     0.999996     0.0011845    0.00260112      0.251797   -0.00118817      0.999998    0.00140898    -0.0272307   -0.00259945   -0.00141207      0.999996      0.111556
     0.999995  -5.47875e-05    0.00308115      0.285582   4.90483e-05      0.999998    0.00186272    -0.0788168   -0.00308124   -0.00186256      0.999994      0.142693
     0.999994  -0.000208738    0.00352553      0.309991    0.00020551             1   0.000915961     -0.070945   -0.00352572  -0.000915231      0.999993      0.173154
     0.999994   0.000945222    0.00347178      0.288096  -0.000952931      0.999997    0.00221937   -0.00646866   -0.00346967   -0.00222267      0.999992      0.216582
     0.999996  -0.000300611    0.00290015      0.292241   0.000296127      0.999999    0.00154666    -0.0274805   -0.00290061   -0.00154579      0.999995      0.143676
     0.999995  -0.000353044    0.00316807       0.30538    0.00034663      0.999998    0.00202507    -0.0421449   -0.00316878   -0.00202396      0.999993      0.182086
     0.999994  -0.000499302     0.0034429      0.308659   0.000494436      0.999999    0.00141399    -0.0334385   -0.00344361   -0.00141228      0.999993      0.128048
     0.999995   0.000526016    0.00296898      0.275625  -0.000534179      0.999996    0.00274925     0.0345673   -0.00296752   -0.00275082      0.999992      0.151355
     0.999993    0.00227859    0.00297723      0.276232   -0.00228635      0.999994    0.00260564    -0.0145948   -0.00297128   -0.00261243      0.999992      0.132911
     0.999994   0.000443436    0.00332664       0.29544  -0.000451078      0.999997    0.00229676   -0.00446212   -0.00332562   -0.00229825      0.999992      0.120256
     0.999993     0.0007285    0.00369304      0.313905  -0.000736297      0.999998    0.00211032    -0.0470786   -0.00369149   -0.00211303      0.999991      0.159853
     0.999994   0.000454927    0.00332202      0.307737  -0.000461162      0.999998    0.00187624   -0.00697024   -0.00332116   -0.00187776      0.999993      0.152701
     0.999994   0.000342317    0.00346078      0.307949  -0.000350902      0.999997    0.00248033    -0.0472199   -0.00345992   -0.00248153      0.999991      0.181593
     0.999992   0.000253804    0.00392158      0.323898  -0.000261182      0.999998    0.00188106     -0.029163    -0.0039211   -0.00188207      0.999991      0.105959
     0.999992   0.000137163    0.00399889      0.320954  -0.000145486      0.999998    0.00208095    -0.0368775    -0.0039986   -0.00208151       0.99999      0.132314
     0.999992   0.000607024    0.00407281      0.329953  -0.000613943      0.999998     0.0016978    -0.0638653   -0.00407177   -0.00170029       0.99999      0.127607
     0.999992  -0.000881167    0.00377862      0.332565   0.000874306      0.999998    0.00181708    0.00103891   -0.00378022   -0.00181377      0.999991      0.107968
     0.999984   -0.00422161    0.00363529      0.334222    0.00421155      0.999987    0.00277034     0.0383876   -0.00364694   -0.00275499       0.99999      0.169755
     0.999988   -0.00110317    0.00477505      0.388615    0.00108932      0.999995    0.00290051      0.114183   -0.00477823   -0.00289528      0.999984      0.101486
     0.999986   -0.00164223    0.00509303      0.369268    0.00162823      0.999995    0.00275232     0.0453393   -0.00509752   -0.00274399      0.999983      0.168302
     0.999987    -0.0014875    0.00477905       0.36641    0.00147707      0.999997    0.00218491     0.0412975   -0.00478228   -0.00217782      0.999986      0.129348
      0.99999   -0.00166221    0.00415969      0.330857    0.00165075      0.999995    0.00275749     0.0581803   -0.00416425    -0.0027506      0.999988       0.18386
     0.999988    -0.0018342    0.00448623      0.341358    0.00182366      0.999996     0.0023511     0.0436628   -0.00449053   -0.00234289      0.999987      0.130945
     0.999987   -0.00225466     0.0044814      0.354606     0.0022439      0.999995    0.00240367     0.0499472    -0.0044868   -0.00239358      0.999987      0.144613
     0.999988   -0.00132747    0.00465497      0.347564    0.00131564      0.999996    0.00254477     0.0511937   -0.00465833   -0.00253861      0.999986      0.145583
     0.999986   -0.00140062    0.00504731      0.373743    0.00138974      0.999997    0.00215841     0.0536034   -0.00505031   -0.00215137      0.999985      0.153972
     0.999987   -0.00146871    0.00498385      0.358897     0.0014604      0.999998    0.00167106     0.0275373    -0.0049863   -0.00166376      0.999986      0.167451
     0.999987   -0.00133767     0.0049366       0.36812    0.00132765      0.999997    0.00203377     0.0664876    -0.0049393   -0.00202719      0.999986      0.134199
     0.999986   -0.00122587    0.00519997      0.365311    0.00121363      0.999996    0.00235598     0.0350942   -0.00520284   -0.00234964      0.999984      0.127835
     0.999987    -0.0014811    0.00494163      0.369935    0.00147263      0.999997    0.00171715     0.0490238   -0.00494416   -0.00170985      0.999986     0.0761951
     0.999986   -0.00143576    0.00518421      0.368504    0.00142304      0.999996    0.00245755     0.0233914   -0.00518772   -0.00245014      0.999984      0.124537
