# 3dvolreg matrices (DICOM-to-DICOM, row-by-row):
      0.99998   -0.00138281     0.0062438      0.210668    0.00137171      0.999997    0.00178269      0.247452   -0.00624624   -0.00177409      0.999979     -0.184511
     0.999981   -0.00164055    0.00589877      0.173008    0.00163063      0.999997     0.0016861      0.219742   -0.00590152   -0.00167645      0.999981      -0.22261
     0.999983   -0.00167851    0.00559495      0.182701    0.00166937      0.999997    0.00163808       0.18867   -0.00559768   -0.00162871      0.999983     -0.169329
     0.999986   -0.00152684    0.00507353      0.173786    0.00151602      0.999997    0.00213627      0.222513   -0.00507678   -0.00212855      0.999985     -0.205479
     0.999986   -0.00153456    0.00496869      0.172611    0.00152132      0.999995    0.00266866      0.209466   -0.00497276   -0.00266106      0.999984     -0.129959
     0.999985   -0.00179761    0.00519833      0.182999     0.0017882      0.999997    0.00181345      0.227682   -0.00520158   -0.00180413      0.999985     -0.210045
     0.999981    -0.0018676    0.00581511       0.19594      0.001856      0.999996    0.00200063      0.207461   -0.00581882    -0.0019898      0.999981     -0.174395
     0.999982   -0.00177437    0.00570151      0.183683    0.00176471      0.999997    0.00169908      0.237053   -0.00570451   -0.00168898      0.999982     -0.253064
     0.999981   -0.00188399    0.00591135      0.191892    0.00187175      0.999996    0.00207582      0.207158   -0.00591524   -0.00206471       0.99998     -0.189925
     0.999984   -0.00190425    0.00535324      0.165684    0.00189955      0.999998   0.000883074      0.211105   -0.00535491  -0.000872891      0.999985     -0.257557
     0.999981   -0.00213799    0.00570496      0.184549    0.00213261      0.999997    0.00095022      0.184284   -0.00570698  -0.000938036      0.999983     -0.188644
     0.999983   -0.00198372    0.00556153      0.185821    0.00198192      0.999998   0.000329935      0.189192   -0.00556218  -0.000318907      0.999984     -0.252731
     0.999982   -0.00205158    0.00563289      0.193831     0.0020482      0.999998   0.000606412      0.199043   -0.00563413  -0.000594863      0.999984     -0.237004
     0.999981   -0.00201979    0.00582971      0.202751     0.0020162      0.999998    0.00062144       0.17235   -0.00583095  -0.000609674      0.999983     -0.240283
      0.99998   -0.00212816    0.00588876      0.210879    0.00212508      0.999998   0.000528478      0.211643   -0.00588987  -0.000515953      0.999983     -0.312066
     0.999978   -0.00228013    0.00628433      0.229233    0.00227458      0.999997   0.000891408      0.171527   -0.00628635  -0.000877094       0.99998     -0.246772
     0.999982  -0.000704115     0.0059365       0.17605    0.00069905      0.999999   0.000855295      0.224059    -0.0059371   -0.00085113      0.999982     -0.359267
     0.999983  -0.000296422    0.00585313        0.1824   0.000292124             1   0.000735082      0.173973   -0.00585335  -0.000733359      0.999983     -0.207809
     0.999985   -0.00131527    0.00534777      0.198835    0.00130424      0.999997    0.00206578      0.280251   -0.00535047   -0.00205878      0.999984     -0.221708
     0.999979   -0.00153078    0.00622933      0.206417    0.00151386      0.999995    0.00272087      0.307144   -0.00623347   -0.00271138      0.999977     -0.185838
     0.999978   -0.00150992    0.00640202         0.199    0.00150258      0.999998     0.0011508      0.248619   -0.00640375   -0.00114115      0.999979     -0.214676
     0.999976   -0.00169183    0.00671961      0.227887     0.0016808      0.999997    0.00164684      0.265871   -0.00672238   -0.00163551      0.999976     -0.216382
     0.999972   -0.00240187    0.00708218      0.260707    0.00238937      0.999996    0.00177245      0.255412    -0.0070864   -0.00175548      0.999973     -0.228589
      0.99997    -0.0031075     0.0071419      0.285111    0.00309762      0.999994    0.00139417      0.271716   -0.00714619   -0.00137201      0.999974     -0.211857
      0.99997   -0.00211296    0.00746388      0.297654     0.0021031      0.999997     0.0013292      0.258991   -0.00746667   -0.00131347      0.999971     -0.119877
     0.999972   -0.00198345    0.00726055      0.278777    0.00197768      0.999998   0.000801494      0.275574   -0.00726213  -0.000787112      0.999973     -0.170552
      0.99997   -0.00225679    0.00736752      0.316597    0.00224944      0.999997    0.00100626      0.243599   -0.00736977  -0.000989662      0.999972    -0.0865017
     0.999969   -0.00236787    0.00748265      0.331487    0.00236385      0.999997   0.000545965      0.269308   -0.00748393   -0.00052826      0.999972     -0.141387
     0.999966   -0.00274605    0.00782184      0.355815    0.00273968      0.999996    0.00082503      0.250406   -0.00782407  -0.000803572      0.999969     -0.093041
     0.999964   -0.00281876     0.0079811      0.372579    0.00281465      0.999996   0.000526532      0.264211   -0.00798255  -0.000504049      0.999968     -0.115768
     0.999972   -0.00260231    0.00699711      0.337655    0.00258917      0.999995    0.00188692      0.292491   -0.00700198   -0.00186875      0.999974    -0.0735831
     0.999978   -0.00226638    0.00618314      0.297287    0.00225505      0.999996    0.00183844      0.340382   -0.00618728   -0.00182446      0.999979     -0.123256
     0.999972   -0.00277684     0.0068795       0.33157     0.0027656      0.999995    0.00164381        0.2927   -0.00688403   -0.00162474      0.999975     -0.134508
     0.999971   -0.00265444    0.00718593      0.350092    0.00264492      0.999996    0.00133508      0.280071   -0.00718944   -0.00131603      0.999973     -0.124143
     0.999973   -0.00254644    0.00688394       0.34627    0.00253821      0.999996    0.00120437      0.307848   -0.00688698   -0.00118686      0.999976     -0.144438
      0.99997   -0.00282214    0.00720944      0.355711    0.00281133      0.999995    0.00150998      0.268128   -0.00721367   -0.00148967      0.999973     -0.102211
     0.999972   -0.00256585    0.00703202      0.343185    0.00256172      0.999997   0.000596236      0.281713   -0.00703353  -0.000578205      0.999975     -0.130314
     0.999974   -0.00258254    0.00675033      0.334765    0.00257442      0.999996    0.00121097      0.287544   -0.00675343   -0.00119356      0.999976    -0.0753566
     0.999971   -0.00265586    0.00714744        0.3536    0.00264707      0.999996     0.0012385      0.291736    -0.0071507   -0.00121954      0.999974     -0.120418
     0.999969   -0.00256849    0.00742143      0.363858    0.00256007      0.999996    0.00114336      0.297579   -0.00742434   -0.00112433      0.999972     -0.103892
     0.999967   -0.00266965    0.00771231      0.367235     0.0026606      0.999996    0.00118437      0.273159   -0.00771544   -0.00116381       0.99997    -0.0961875
      0.99997   -0.00278862    0.00723917       0.35612    0.00278309      0.999996   0.000773894      0.308215    -0.0072413  -0.000753724      0.999973     -0.147776
     0.999967   -0.00298693    0.00752774      0.368442     0.0029779      0.999995    0.00120984      0.272127   -0.00753131   -0.00118738      0.999971    -0.0976823
     0.999968   -0.00297389    0.00743985      0.369829     0.0029693      0.999995   0.000627738      0.292869   -0.00744168  -0.000605627      0.999972     -0.181285
     0.999968   -0.00302919    0.00739734       0.36974    0.00301955      0.999995    0.00131402      0.281429   -0.00740128   -0.00129164      0.999972     -0.109212
     0.999969    -0.0029177    0.00725135      0.355198    0.00290944      0.999995    0.00114951      0.305972   -0.00725467   -0.00112838      0.999973     -0.171877
     0.999968   -0.00303515    0.00741055      0.361839    0.00302665      0.999995    0.00115776      0.294406   -0.00741402    -0.0011353      0.999972     -0.106091
     0.999968   -0.00295636     0.0074782      0.351596    0.00295025      0.999995   0.000828729      0.288039   -0.00748062   -0.00080664      0.999972     -0.144598
     0.999968   -0.00299792     0.0074588      0.353007    0.00299041      0.999995    0.00101764      0.292643   -0.00746181  -0.000995306      0.999972      -0.11172
     0.999968   -0.00283196    0.00753142       0.35212    0.00282516      0.999996    0.00091267      0.286899   -0.00753397  -0.000891363      0.999971     -0.112403
     0.999969    -0.0026884    0.00740059      0.353585    0.00268087      0.999996    0.00102616      0.310175   -0.00740332   -0.00100629      0.999972     -0.128705
      0.99997   -0.00226926    0.00741345      0.349752    0.00225966      0.999997    0.00130263      0.312678   -0.00741638   -0.00128584      0.999972      -0.10204
     0.999967   -0.00267027     0.0077251      0.360326     0.0026625      0.999996    0.00101485      0.325221   -0.00772778  -0.000994243       0.99997     -0.140856
     0.999965   -0.00277338    0.00787671      0.375305    0.00276517      0.999996    0.00105288      0.294877    -0.0078796   -0.00103106      0.999968      -0.11109
     0.999967   -0.00282965    0.00758869      0.358884     0.0028216      0.999995     0.0010718      0.311158   -0.00759168   -0.00105035      0.999971     -0.160681
     0.999966   -0.00288487    0.00770818       0.37201    0.00287694      0.999995    0.00103999      0.278438   -0.00771115   -0.00101778       0.99997      -0.11232
     0.999967   -0.00284113    0.00758235      0.358225    0.00283731      0.999996   0.000514547      0.298537   -0.00758378  -0.000493016      0.999971     -0.173198
     0.999973   -0.00248732    0.00694019      0.330891    0.00247556      0.999995    0.00170188      0.300097   -0.00694439   -0.00168465      0.999974     -0.098431
     0.999971   -0.00274309    0.00703709      0.338557     0.0027312      0.999995    0.00169836      0.323427   -0.00704171   -0.00167909      0.999974     -0.148859
     0.999965   -0.00301385    0.00775895      0.368096    0.00300387      0.999995    0.00129796      0.294705   -0.00776282   -0.00127461      0.999969    -0.0870931
     0.999977   -0.00296918    0.00602578      0.279718    0.00296127      0.999995    0.00132018         0.295   -0.00602967   -0.00130231      0.999981     -0.185268
      0.99999   -0.00356907    0.00271817      0.158098    0.00355987      0.999988    0.00338242       0.30938   -0.00273021   -0.00337271      0.999991     -0.107409
     0.999985   -0.00340813    0.00421941      0.207849    0.00339567       0.99999    0.00295677      0.375417   -0.00422945    -0.0029424      0.999987     -0.130652
      0.99998   -0.00347466    0.00523938      0.267487    0.00346202      0.999991    0.00241862      0.326529   -0.00524774   -0.00240044      0.999983     -0.129665
      0.99998   -0.00347605    0.00531043      0.260954    0.00346535      0.999992    0.00202305      0.324999   -0.00531742   -0.00200461      0.999984      -0.17785
     0.999977   -0.00366687    0.00569225      0.296082    0.00365472      0.999991    0.00214227      0.307866   -0.00570005   -0.00212142      0.999982     -0.136721
     0.999977   -0.00363913    0.00575462      0.301784    0.00362918      0.999992    0.00173773       0.30454    -0.0057609   -0.00171681      0.999982     -0.183389
     0.999978   -0.00359026    0.00564041      0.305139    0.00357943      0.999992    0.00192864      0.313652   -0.00564729   -0.00190841      0.999982     -0.164536
     0.999977   -0.00337884    0.00581591      0.302658    0.00336855      0.999993    0.00177879      0.301244   -0.00582188   -0.00175915      0.999982     -0.128132
     0.999978   -0.00349648    0.00558087      0.301577    0.00348702      0.999992    0.00170357      0.333763   -0.00558678   -0.00168407      0.999983      -0.15263
      0.99998   -0.00258206    0.00569939      0.300005    0.00257088      0.999995    0.00196904      0.299935   -0.00570445   -0.00195435      0.999982     -0.112519
     0.999983   -0.00182425    0.00559798      0.262941    0.00181472      0.999997     0.0017077      0.332465   -0.00560107   -0.00169752      0.999983     -0.152582
     0.999981   -0.00294427    0.00536681      0.266541     0.0029372      0.999995    0.00132535      0.290063   -0.00537069   -0.00130956      0.999985    -0.0568816
     0.999984   -0.00240501    0.00511945      0.273923    0.00240678      0.999997   -0.00033891      0.250124   -0.00511862   0.000351225      0.999987     -0.172277
     0.999985   -0.00215349    0.00501409       0.25099    0.00214442      0.999996    0.00181322      0.365568   -0.00501797   -0.00180244      0.999986     -0.162118
     0.999983    -0.0022021     0.0054572      0.260267    0.00218892      0.999995    0.00242018      0.336572    -0.0054625   -0.00240819      0.999982    -0.0791558
     0.999982   -0.00256211    0.00534869      0.252836    0.00254412      0.999991    0.00336677      0.383882   -0.00535727    -0.0033531       0.99998     -0.120577
     0.999986   -0.00116246    0.00514641       0.24006    0.00114552      0.999994    0.00329438      0.367984   -0.00515021   -0.00328844      0.999981     -0.100394
     0.999988  -0.000982248    0.00476411      0.215715   0.000968113      0.999995    0.00296853      0.388543     -0.004767   -0.00296389      0.999984    -0.0969631
      0.99999   -0.00243683    0.00383109      0.191261    0.00242367      0.999991    0.00343378      0.347588   -0.00383943   -0.00342446      0.999987    -0.0873333
     0.999988    -0.0013435     0.0046585      0.209517    0.00133258      0.999996    0.00234621      0.379079   -0.00466163   -0.00233997      0.999986     -0.120522
     0.999991    -0.0016644    0.00397557      0.182426    0.00165308      0.999995    0.00284877      0.394888   -0.00398029   -0.00284217      0.999988    -0.0319109
     0.999989   -0.00183507    0.00432881      0.192773    0.00182346      0.999995    0.00268523      0.398346   -0.00433371   -0.00267731      0.999987    -0.0693267
     0.999983   -0.00201737    0.00544762      0.245736    0.00200405      0.999995    0.00244897      0.362464   -0.00545254   -0.00243801      0.999982    -0.0531858
     0.999976   -0.00191987    0.00672169      0.317094    0.00190652      0.999996    0.00199064      0.361292   -0.00672548   -0.00197778      0.999975     -0.129658
     0.999973   -0.00245575    0.00696007      0.327496    0.00243948      0.999994    0.00234512      0.361809   -0.00696579   -0.00232807      0.999973     -0.114353
     0.999973   -0.00257374    0.00690432      0.315527     0.0025612      0.999995    0.00182352      0.349697   -0.00690898   -0.00180579      0.999975     -0.123471
     0.999976   -0.00233138    0.00647179      0.300929    0.00232037      0.999996    0.00170811      0.346771   -0.00647574   -0.00169305      0.999978    -0.0913443
     0.999977   -0.00226231    0.00635573      0.286116    0.00225002      0.999996    0.00194035      0.346544   -0.00636009     -0.001926      0.999978    -0.0851813
      0.99998   -0.00210459    0.00596837      0.271576    0.00209822      0.999997    0.00107318      0.329506   -0.00597062   -0.00106063      0.999982    -0.0820275
     0.999988   -0.00169797     0.0045126      0.230269    0.00168356      0.999993     0.0031947      0.291593   -0.00451799   -0.00318707      0.999985     0.0272568
     0.999992   -0.00167023    0.00362383       0.17569    0.00165581      0.999991    0.00397889      0.393857   -0.00363044   -0.00397286      0.999986     0.0494733
      0.99999   -0.00116848    0.00439227      0.213496    0.00115065      0.999991    0.00405782      0.399182   -0.00439698   -0.00405272      0.999982  -0.000329599
     0.999988  -0.000378375    0.00480116      0.217962   0.000359236      0.999992    0.00398666      0.457594   -0.00480263   -0.00398489      0.999981     -0.062045
      0.99999   -0.00173649    0.00407473      0.190275    0.00172165      0.999992    0.00364291      0.409928   -0.00408103   -0.00363586      0.999985    -0.0183922
     0.999988   -0.00160379    0.00466454      0.209617    0.00159024      0.999995    0.00290736       0.39676   -0.00466918   -0.00289991      0.999985    -0.0718385
     0.999986   -0.00153921    0.00515993      0.240383      0.001529      0.999997    0.00198086      0.361182   -0.00516297   -0.00197294      0.999985    -0.0183883
     0.999987   -0.00116446    0.00493916      0.235749    0.00115899      0.999999    0.00110981      0.351149   -0.00494044   -0.00110407      0.999987    -0.0356617
     0.999988   -0.00100095    0.00480012      0.219115    0.00099521      0.999999    0.00119735      0.370807   -0.00480131   -0.00119256      0.999988    -0.0578901
     0.999986   -0.00100427    0.00524599      0.244387   0.000999854      0.999999   0.000845263      0.321554   -0.00524683  -0.000840005      0.999986    -0.0119143
     0.999988   -0.00105977    0.00482544      0.225179     0.0010584      0.999999   0.000286608      0.350918   -0.00482574  -0.000281497      0.999988    -0.0663297
     0.999987   -0.00107612    0.00497923      0.232393    0.00107198      0.999999   0.000832849      0.334135   -0.00498012    -0.0008275      0.999987   -0.00834616
     0.999989  -0.000983894    0.00469283      0.218119   0.000982834      0.999999   0.000228267       0.34331   -0.00469305  -0.000223652      0.999989      -0.01875
      0.99999  -0.000963961    0.00434513      0.182817   0.000960173      0.999999   0.000873797      0.388208   -0.00434597  -0.000869616       0.99999    -0.0184565
      0.99999   -0.00113227    0.00425566      0.187318    0.00112759      0.999999    0.00110289      0.358552    -0.0042569   -0.00109808       0.99999    -0.0100095
      0.99999   -0.00122596    0.00436541      0.184426    0.00122205      0.999999   0.000898543       0.38777    -0.0043665  -0.000893199       0.99999      -0.14561
     0.999988   -0.00110987    0.00474756      0.189854    0.00110505      0.999999    0.00101829      0.318196   -0.00474868   -0.00101304      0.999988    -0.0524507
     0.999988   -0.00109617     0.0047039      0.185778    0.00109375      0.999999   0.000517057      0.349591   -0.00470447  -0.000511906      0.999989     -0.120193
     0.999988   -0.00108391    0.00482196        0.1981    0.00107895      0.999999    0.00102998      0.325381   -0.00482307   -0.00102476      0.999988     -0.045053
     0.999987   -0.00133873    0.00485321      0.192271    0.00133522      0.999999   0.000724695      0.345034   -0.00485417  -0.000718206      0.999988     -0.170665
     0.999986    -0.0014247    0.00504097       0.19669    0.00141989      0.999999   0.000957614      0.332221   -0.00504233  -0.000950443      0.999987     -0.141304
     0.999986   -0.00134396    0.00515703      0.204619     0.0013404      0.999999   0.000692501      0.323649   -0.00515795  -0.000685579      0.999986     -0.148612
     0.999986   -0.00128702    0.00521674      0.208798     0.0012815      0.999999    0.00106247      0.337333    -0.0052181   -0.00105577      0.999986     -0.141913
     0.999985  -0.000904601    0.00542964      0.202759   0.000900781      0.999999   0.000705996      0.336422   -0.00543027  -0.000701095      0.999985     -0.187135
     0.999985   -0.00112035    0.00533119      0.198503    0.00111365      0.999999    0.00125936      0.341882    -0.0053326    -0.0012534      0.999985     -0.184928
     0.999985   -0.00112905    0.00536934      0.209506    0.00112359      0.999999    0.00102016      0.311341   -0.00537049   -0.00101411      0.999985     -0.127288
     0.999985   -0.00109066    0.00534816      0.208178    0.00108691      0.999999   0.000704506       0.31735   -0.00534892  -0.000698682      0.999985     -0.149485
     0.999985   -0.00104585    0.00542012      0.210109    0.00104181      0.999999   0.000747936      0.301883    -0.0054209  -0.000742278      0.999985    -0.0907475
     0.999987  -0.000880556    0.00496483      0.178696   0.000878886             1   0.000338534      0.334053   -0.00496513  -0.000334167      0.999988     -0.109797
     0.999986   8.15822e-05    0.00533143      0.200103  -8.62365e-05             1   0.000872772      0.324405   -0.00533135   -0.00087322      0.999985    -0.0799251
     0.999984   0.000777718    0.00561438       0.19469  -0.000780153             1   0.000431515      0.336929   -0.00561404  -0.000435888      0.999984      -0.16165
     0.999986  -0.000691478     0.0051612      0.209964   0.000687387      0.999999   0.000794376      0.284438   -0.00516174  -0.000790818      0.999986   -0.00148524
     0.999995  -0.000769492    0.00322019      0.133525   0.000763572      0.999998    0.00183943      0.325233    -0.0032216   -0.00183696      0.999993      0.129317
     0.999995   -0.00118128    0.00290609     0.0957052    0.00117849      0.999999   0.000960435      0.381428   -0.00290722  -0.000957005      0.999995     -0.123933
     0.999993   -0.00135317    0.00344248      0.117674    0.00134939      0.999998    0.00110138      0.315996   -0.00344397   -0.00109673      0.999993    -0.0358395
     0.999991   -0.00151866    0.00389746      0.131536    0.00151733      0.999999   0.000344544      0.331975   -0.00389798  -0.000338628      0.999992    -0.0412992
     0.999993  -0.000486211    0.00384176      0.144375   0.000482672      0.999999   0.000921997       0.33764    -0.0038422  -0.000920135      0.999992    -0.0125858
     0.999991  -0.000483697    0.00420478      0.152699   0.000480937             1   0.000657512      0.341605    -0.0042051  -0.000655484      0.999991    -0.0419524
      0.99999   -0.00153954    0.00429148      0.159087    0.00153578      0.999998   0.000879261      0.341551   -0.00429283  -0.000872661       0.99999    -0.0581266
     0.999987   -0.00189619    0.00477951      0.167937    0.00189233      0.999998   0.000811982      0.321471   -0.00478104  -0.000802927      0.999988  -8.37534e-05
     0.999984   -0.00164102     0.0054645      0.136123    0.00163502      0.999998    0.00110205      0.499004    -0.0054663    -0.0010931      0.999984     -0.560099
     0.999987   -0.00179007    0.00480379      0.137673    0.00177417      0.999993    0.00331245      0.509799   -0.00480968   -0.00330389      0.999983     -0.810907
     0.999984   -0.00207667    0.00519171      0.215621    0.00206085      0.999993     0.0030516      0.292588   -0.00519801   -0.00304085      0.999982     -0.338052
     0.999981   -0.00180996    0.00596081      0.263131    0.00180051      0.999997    0.00158938       0.36916   -0.00596367   -0.00157861      0.999981     -0.381576
      0.99998   -0.00325338    0.00540974      0.238185     0.0032427      0.999993    0.00198167      0.420421   -0.00541615   -0.00196409      0.999983     -0.326616
     0.999977   -0.00438472    0.00511524      0.267437    0.00437387      0.999988    0.00213021      0.384294   -0.00512452   -0.00210779      0.999985     -0.150636
      0.99998   -0.00349834    0.00531149      0.269434    0.00348695      0.999992    0.00215194      0.404447   -0.00531897   -0.00213337      0.999984     -0.220692
     0.999977   -0.00366809    0.00573599      0.272431    0.00365698      0.999991    0.00194626      0.376033   -0.00574308   -0.00192524      0.999982     -0.193752
     0.999977   -0.00332136    0.00586141      0.335681    0.00330746      0.999992    0.00237921      0.419577   -0.00586926   -0.00235977       0.99998     -0.332495
     0.999977   -0.00290977      0.006199      0.338392    0.00289318      0.999992     0.0026825      0.387101   -0.00620676    -0.0026645      0.999977     -0.288794
     0.999979   -0.00285724    0.00581186      0.331857    0.00284423      0.999993    0.00224598      0.380687   -0.00581824   -0.00222941      0.999981     -0.291523
     0.999978   -0.00331207    0.00567018      0.328626    0.00329633      0.999991    0.00278329      0.388339   -0.00567935   -0.00276454       0.99998     -0.254647
     0.999977   -0.00347107     0.0058118      0.334814    0.00345812      0.999992    0.00223658      0.385986   -0.00581951   -0.00221644      0.999981     -0.204643
     0.999977   -0.00341995    0.00583972      0.311168    0.00340732      0.999992    0.00217088      0.367922    -0.0058471   -0.00215093      0.999981     -0.136589
     0.999979   -0.00344929    0.00544674      0.295306    0.00343807      0.999992    0.00206668      0.375797   -0.00545383   -0.00204791      0.999983     -0.114257
      0.99998   -0.00293486    0.00559688      0.330747    0.00292216      0.999993    0.00227716      0.399213   -0.00560353   -0.00226076      0.999982     -0.120781
     0.999981   -0.00272288    0.00551976      0.311603    0.00271085      0.999994    0.00218663      0.393127   -0.00552568   -0.00217162      0.999982    -0.0958176
     0.999981   -0.00329361    0.00517801      0.319334    0.00328112      0.999992    0.00241864      0.365846   -0.00518594    -0.0024016      0.999984   -0.00512612
     0.999979   -0.00347014    0.00543131       0.31846    0.00345723      0.999991    0.00238484      0.343812   -0.00543953   -0.00236601      0.999982     0.0359701
     0.999981   -0.00360111    0.00499345      0.272118    0.00358816       0.99999    0.00260084       0.39094   -0.00500276   -0.00258288      0.999984    -0.0198003
      0.99998    -0.0035157    0.00517142      0.294801    0.00350435      0.999991    0.00220304      0.370156   -0.00517912   -0.00218488      0.999984    -0.0219297
     0.999979   -0.00361648    0.00542575      0.327115    0.00360798      0.999992    0.00157591      0.402766   -0.00543141    -0.0015563      0.999984       -0.1231
     0.999976    -0.0036257    0.00596831      0.345876     0.0036125      0.999991    0.00222133      0.392093   -0.00597631   -0.00219972       0.99998    -0.0828704
     0.999978   -0.00366302    0.00560485       0.31412    0.00365207      0.999991    0.00196201      0.399106   -0.00561199    -0.0019415      0.999982     -0.110117
     0.999976   -0.00380799    0.00578376      0.324273    0.00379675      0.999991    0.00195327      0.397237   -0.00579114   -0.00193127      0.999981    -0.0852713
     0.999976   -0.00383466    0.00574475      0.338278    0.00382392      0.999991    0.00187995      0.387885   -0.00575191   -0.00185794      0.999982    -0.0753666
     0.999976   -0.00408427    0.00565125      0.343452    0.00407255       0.99999    0.00208396      0.399447    -0.0056597   -0.00206089      0.999982    -0.0457616
      0.99997   -0.00502193     0.0058474      0.354415    0.00501066      0.999986    0.00193939      0.404203   -0.00585705   -0.00191003      0.999981     -0.021368
      0.99997   -0.00437695    0.00640939      0.364458      0.004353      0.999984    0.00374536      0.485304   -0.00642568   -0.00371735      0.999972     -0.471673
     0.999971   -0.00472028    0.00597748        0.3486    0.00469568       0.99998    0.00412188       0.47534   -0.00599682   -0.00409369      0.999974      -0.68585
     0.999969   -0.00499881    0.00602302      0.327912    0.00497292      0.999978    0.00430608      0.411523   -0.00604442   -0.00427599      0.999973     -0.465275
      0.99997   -0.00467733    0.00616443      0.353237    0.00465353      0.999982    0.00386861      0.400826   -0.00618241   -0.00383981      0.999974      -0.42354
     0.999966   -0.00561312    0.00612185      0.383004    0.00558833      0.999976    0.00405995      0.417948    -0.0061445    -0.0040256      0.999973     -0.390964
     0.999954   -0.00743802    0.00600254      0.385493    0.00741316      0.999964    0.00415342      0.398824   -0.00603322   -0.00410874      0.999973     -0.344266
     0.999967   -0.00599834    0.00551218      0.358498    0.00597443      0.999973    0.00434303      0.352824   -0.00553808   -0.00430995      0.999975     -0.246679
     0.999975   -0.00543701    0.00448384      0.243083    0.00541579      0.999974    0.00473121       0.34949   -0.00450945   -0.00470681      0.999979     -0.140761
     0.999975   -0.00535463    0.00467945      0.267747    0.00532947      0.999971    0.00537249      0.456229   -0.00470809   -0.00534741      0.999975     -0.159067
     0.999968   -0.00589492    0.00546961      0.309162    0.00586225      0.999965    0.00597079       0.41358   -0.00550461   -0.00593854      0.999967     -0.127252
     0.999965   -0.00593481    0.00582043      0.338161    0.00590597       0.99997    0.00495906      0.434104   -0.00584969   -0.00492451      0.999971     -0.169615
     0.999967   -0.00599548    0.00540416      0.320049    0.00597061      0.999972    0.00460755      0.396859   -0.00543163   -0.00457514      0.999975     -0.151961
     0.999965   -0.00613408    0.00560358       0.34231    0.00610833      0.999971    0.00460052      0.406837   -0.00563164   -0.00456613      0.999974     -0.228811
     0.999977   -0.00513099    0.00433421      0.308197    0.00511127      0.999977     0.0045493      0.417732   -0.00435746   -0.00452704       0.99998     -0.246017
     0.999979   -0.00457992    0.00460108      0.302301    0.00455542      0.999975    0.00532116      0.405764   -0.00462534   -0.00530009      0.999975     -0.218355
     0.999975   -0.00529575    0.00467101      0.339389    0.00527547      0.999977    0.00434399      0.413354   -0.00469391   -0.00431924       0.99998     -0.241415
     0.999974   -0.00531595    0.00485482       0.32052    0.00528906      0.999971    0.00553468      0.373014    -0.0048841   -0.00550886      0.999973     -0.136348
     0.999975    -0.0052012    0.00468888      0.348205    0.00517482      0.999971    0.00562186      0.438424   -0.00471799   -0.00559746      0.999973     -0.206822
     0.999982   -0.00383735     0.0045669      0.329371    0.00381107      0.999976    0.00574886      0.394876   -0.00458885   -0.00573136      0.999973      -0.14651
     0.999988   -0.00238581    0.00417031      0.253664    0.00236439      0.999984    0.00513338      0.403245   -0.00418249   -0.00512346      0.999978     -0.126901
     0.999984   -0.00380444    0.00426635      0.207109    0.00378049      0.999977    0.00560846      0.462814   -0.00428758   -0.00559224      0.999975     -0.173744
     0.999982   -0.00411056    0.00446601        0.2145    0.00408776      0.999979    0.00510207      0.473632   -0.00448689   -0.00508372      0.999977     -0.173345
      0.99998    -0.0043039    0.00453072      0.213941    0.00427832      0.999975     0.0056397      0.463818   -0.00455488   -0.00562021      0.999974   -0.00948886
     0.999981   -0.00414881    0.00461642      0.219616    0.00412117      0.999974    0.00598276      0.482447   -0.00464112   -0.00596362      0.999971    -0.0399763
     0.999983   -0.00439374    0.00387287      0.215676    0.00438068      0.999985     0.0033759      0.413305   -0.00388765   -0.00335887      0.999987     0.0200725
     0.999981   -0.00496061    0.00357235      0.242314    0.00495313      0.999986    0.00209768      0.398783    -0.0035827   -0.00207995      0.999991     0.0173107
     0.999982   -0.00505129    0.00320934      0.189518    0.00504762      0.999987    0.00115346      0.354611   -0.00321513   -0.00113724      0.999994      0.107481
     0.999986   -0.00399818    0.00338298      0.132015    0.00399237      0.999991    0.00172202      0.335373   -0.00338983   -0.00170849      0.999993      0.181644
     0.999984   -0.00420229    0.00389889      0.182966    0.00419272      0.999988    0.00246156      0.357048   -0.00390919   -0.00244517      0.999989      0.211358
      0.99998   -0.00465014    0.00435587      0.229195    0.00464268      0.999988    0.00172239      0.329215   -0.00436382   -0.00170213      0.999989      0.168284
     0.999982   -0.00444005     0.0039357      0.233661    0.00443416      0.999989    0.00150254      0.332491   -0.00394232   -0.00148506      0.999991      0.232043
     0.999981   -0.00467988    0.00405193      0.240696    0.00467571      0.999989    0.00103905      0.321574   -0.00405675   -0.00102008      0.999991      0.199373
     0.999979   -0.00492225    0.00430665      0.262605     0.0049204      0.999988   0.000439822      0.317602   -0.00430876  -0.000418622      0.999991       0.18059
     0.999977   -0.00484634    0.00468181      0.278705     0.0048436      0.999988   0.000595993      0.309319   -0.00468464  -0.000573302      0.999989      0.206175
      0.99998   -0.00470365    0.00434287      0.274977    0.00470111      0.999989   0.000594542      0.321886   -0.00434562  -0.000574114       0.99999      0.194257
     0.999979   -0.00493572    0.00413386      0.261037    0.00492817      0.999986    0.00183357      0.358198   -0.00414285   -0.00181316       0.99999      0.172601
     0.999987   -0.00416604    0.00282861      0.194232    0.00415752      0.999987    0.00301164      0.318624   -0.00284112   -0.00299985      0.999991     0.0428679
     0.999992    -0.0038125   0.000863518     0.0972903    0.00380934      0.999986     0.0036361      0.295041  -0.000877368   -0.00363278      0.999993      0.210293
     0.999987   -0.00487243    0.00177313      0.167497     0.0048673      0.999984    0.00288399      0.402412   -0.00178715   -0.00287532      0.999994     0.0579937
     0.999983   -0.00528475    0.00249598      0.226653    0.00527792      0.999982    0.00273284      0.331572   -0.00251038   -0.00271961      0.999993      0.118545
     0.999969   -0.00746516    0.00261821       0.24516    0.00745975       0.99997    0.00207042      0.354125   -0.00263359   -0.00205082      0.999994     0.0677517
     0.999946    -0.0100402    0.00271316      0.338288     0.0100359      0.999948     0.0015816      0.281885    -0.0027289   -0.00155428      0.999995      0.171832
     0.999957   -0.00745193    0.00548769       0.56584    0.00744674      0.999972   0.000965331      0.422386   -0.00549473  -0.000924425      0.999984     -0.436025
     0.999938   -0.00753554    0.00819546        0.7412    0.00755782      0.999968    -0.0026912      0.427207   -0.00817492    0.00275297      0.999963     -0.414485
     0.999937   -0.00719193    0.00863071      0.713267    0.00721161      0.999971   -0.00225073      0.271781   -0.00861428    0.00231283       0.99996    -0.0202493
     0.999937   -0.00742317    0.00836057      0.644159    0.00742498      0.999972  -0.000185488      0.263964   -0.00835896   0.000247553      0.999965    -0.0531142
     0.999948   -0.00780648    0.00654887      0.532377     0.0078302      0.999963   -0.00360345      0.173792    -0.0065205    0.00365455      0.999972     -0.202217
     0.999951   -0.00797586    0.00591955      0.523572    0.00800959      0.999952    -0.0056972       0.11411   -0.00587382    0.00574433      0.999966     -0.147276
     0.999945   -0.00827792     0.0064493      0.537098     0.0083215      0.999943   -0.00675928      0.100689   -0.00639297    0.00681257      0.999956     -0.099149
     0.999935   -0.00970087    0.00597802      0.548444    0.00974515      0.999925   -0.00742329     0.0715765   -0.00590555    0.00748106      0.999955   -0.00284443
     0.999921    -0.0111472    0.00586089      0.553561     0.0111889      0.999912   -0.00713334     0.0599579   -0.00578086    0.00719835      0.999957    0.00719104
      0.99992    -0.0112345    0.00581592      0.543541     0.0112815      0.999903   -0.00811794     0.0549424   -0.00572416    0.00818291       0.99995     -0.155519
     0.999947    -0.0093037    0.00448947      0.516864    0.00934033      0.999923   -0.00820881     0.0409827   -0.00441275    0.00825031      0.999956     -0.248546
      0.99995   -0.00897461    0.00448748      0.570487    0.00901772      0.999912   -0.00968121    -0.0851519   -0.00440021    0.00972119      0.999943     0.0641058
