# 3dvolreg matrices (DICOM-to-DICOM, row-by-row):
     0.999996   0.000849449   -0.00271752      0.463785  -0.000788937      0.999753     0.0221913        4.3978     0.0027357    -0.0221891       0.99975       0.79414
     0.999998   0.000477834   -0.00198953      0.498339  -0.000434349      0.999762     0.0218002       4.52549    0.00199947    -0.0217993       0.99976      0.581634
     0.999985   -0.00477841    0.00280575      0.547779    0.00473621      0.999878     0.0148596        4.5677   -0.00287641    -0.0148461      0.999886      0.228479
      0.99995   -0.00870259       0.00495      0.551097    0.00870306      0.999962  -7.42851e-05       3.22496   -0.00494917   0.000117362      0.999988       1.38723
     0.999978   -0.00561101    0.00341519      0.573688    0.00559668      0.999976     0.0041919       3.49619   -0.00343863    -0.0041727      0.999985       1.23237
     0.999983   -0.00476675    0.00332774      0.597784    0.00474575      0.999969    0.00629025       3.46867   -0.00335762   -0.00627435      0.999975       1.31547
     0.999985   -0.00458667    0.00309715      0.604118    0.00456511      0.999966    0.00693441       3.54002   -0.00312885   -0.00692016      0.999971       1.37413
     0.999986   -0.00436907    0.00288186      0.593527    0.00434815      0.999964    0.00722677       3.57242   -0.00291333   -0.00721414       0.99997       1.38473
     0.999987   -0.00439956    0.00260834      0.585356    0.00437956      0.999961    0.00762473       3.59027   -0.00264178   -0.00761321      0.999968       1.33622
     0.999987   -0.00436493    0.00260982      0.589646    0.00434557      0.999963     0.0073788       3.59009   -0.00264193   -0.00736736      0.999969       1.36094
     0.999987   -0.00447972    0.00243118      0.587144    0.00446238      0.999965    0.00708976       3.55095   -0.00246285   -0.00707882      0.999972       1.38181
      0.99999   -0.00392253     0.0021367       0.58603    0.00390958      0.999974    0.00603014       3.48639    -0.0021603   -0.00602173       0.99998        1.4872
     0.999989   -0.00412731    0.00210156      0.593685    0.00411296      0.999969    0.00678752       3.51292   -0.00212951   -0.00677881      0.999975       1.52595
      0.99999   -0.00407097    0.00196231      0.600292    0.00405723      0.999968    0.00695374       3.48514   -0.00199056    -0.0069457      0.999974       1.54081
      0.99999   -0.00399393    0.00175795      0.596807    0.00398146      0.999967    0.00704378       3.47211   -0.00178603   -0.00703671      0.999974       1.58049
     0.999991   -0.00391021    0.00160726      0.578418    0.00389919      0.999969    0.00680537       3.46945   -0.00163382   -0.00679904      0.999976       1.61334
     0.999991   -0.00388152    0.00187704      0.594703    0.00386947      0.999972    0.00638053       3.44191   -0.00190175   -0.00637321      0.999978        1.6916
     0.999989   -0.00428403     0.0019109      0.589975    0.00427097      0.999968    0.00679192        3.5354   -0.00193993   -0.00678369      0.999975       1.55275
     0.999989   -0.00452838    0.00147569      0.567879    0.00452178       0.99998    0.00444461       3.56207   -0.00149578   -0.00443788      0.999989       1.41515
     0.999989   -0.00468877   0.000764863      0.526781    0.00468159      0.999947    0.00913622       3.28747  -0.000807661   -0.00913254      0.999958       1.85955
     0.999987   -0.00485915    0.00134467      0.536395    0.00484467      0.999932     0.0105709       3.47267   -0.00139595    -0.0105643      0.999943       1.84897
     0.999987   -0.00501197    0.00126053      0.531699    0.00500254       0.99996    0.00737637       3.48235   -0.00129745   -0.00736996      0.999972       1.79414
     0.999992     -0.004066   0.000234963       0.52084    0.00406414      0.999964    0.00743683       3.24446  -0.000265193   -0.00743582      0.999972       2.08168
     0.999994   -0.00329675  -0.000796003      0.465952    0.00330256      0.999967    0.00740509       3.50816   0.000771564   -0.00740768      0.999972       1.59569
     0.999996   -0.00274706   -0.00104911      0.441232     0.0027536      0.999976    0.00628466        3.4852    0.00103182   -0.00628752       0.99998       1.53667
     0.999997   -0.00254947  -0.000199574      0.465698    0.00255082      0.999971    0.00710863       3.42361   0.000181445   -0.00710912      0.999975       1.61065
     0.999997   -0.00252125   8.56458e-05      0.479336    0.00252056      0.999971     0.0072556       3.42611  -0.000103936   -0.00725536      0.999974       1.62482
     0.999996   -0.00291638   0.000352499      0.496206    0.00291421      0.999978    0.00602179       3.51966  -0.000370053   -0.00602073      0.999982       1.45013
     0.999997   -0.00254125    0.00014268      0.505157    0.00254037       0.99998    0.00584434       3.40481  -0.000157529   -0.00584396      0.999983       1.57922
     0.999997   -0.00212743  -0.000909119      0.434511    0.00213568      0.999956    0.00916886       3.58503   0.000889573   -0.00917078      0.999958       1.47858
      0.99998    0.00150933   -0.00609752      0.220407   -0.00145451      0.999959    0.00898409       3.79639    0.00611082   -0.00897504      0.999941       1.15818
     0.999962    0.00309475   -0.00814464      0.204303   -0.00306004      0.999986    0.00427016       3.55618    0.00815775   -0.00424508      0.999958       1.32941
     0.999982    0.00155149   -0.00586541      0.304353   -0.00150707       0.99997    0.00757083       3.44955    0.00587698   -0.00756186      0.999954        1.4867
     0.999987    0.00124955   -0.00489612      0.329993   -0.00120664      0.999961    0.00875697       3.47103    0.00490687   -0.00875095       0.99995       1.63515
     0.999989   0.000958586   -0.00460387      0.330081  -0.000915398      0.999956     0.0093738       3.51446    0.00461265   -0.00936948      0.999945       1.66255
     0.999991    0.00079713   -0.00412322      0.347732  -0.000757646      0.999954    0.00956863       3.51093    0.00413065   -0.00956542      0.999946        1.6722
     0.999993   0.000517541   -0.00368272      0.348264   -0.00048017      0.999948     0.0101413       3.61173    0.00368778    -0.0101395      0.999942       1.52656
     0.999999    0.00154734  -0.000250535      0.512411   -0.00154555      0.999974    0.00697786       3.79557   0.000261325   -0.00697746      0.999976        1.1748
     0.999999    0.00029072    0.00168439      0.517806  -0.000309808      0.999936     0.0113431       4.36726   -0.00168098    -0.0113436      0.999934      0.398395
     0.999994     0.0013651   -0.00308301      0.333627   -0.00129873       0.99977     0.0214285       5.05045    0.00311155    -0.0214244      0.999766     -0.364004
     0.999999    0.00048693    0.00144215      0.439501  -0.000506513      0.999907     0.0136104        3.9522   -0.00143539    -0.0136112      0.999906       0.73693
     0.999999    0.00154786   0.000301365      0.488347   -0.00155157      0.999918     0.0127267       3.97697  -0.000281642    -0.0127271      0.999919      0.959753
     0.999999    0.00134934   0.000238186       0.48812   -0.00135206      0.999929      0.011833       3.91878  -0.000222203    -0.0118334       0.99993        1.1249
     0.999999    0.00121539   9.41379e-05      0.482794   -0.00121646      0.999923     0.0123776       3.94082  -7.90869e-05    -0.0123777      0.999923       1.14708
     0.999999    0.00111655  -0.000271226       0.46182   -0.00111317      0.999925     0.0121604       3.95049   0.000284784    -0.0121601      0.999926       1.11944
     0.999999    0.00140486  -0.000947126      0.478976   -0.00139353      0.999929     0.0118546       3.89657   0.000963712    -0.0118532      0.999929       1.16568
     0.999998   0.000880007   -0.00190176      0.449061  -0.000859129       0.99994     0.0109515       3.84086    0.00191129    -0.0109498      0.999938       1.22658
     0.999998    0.00154423   -0.00158345      0.451151   -0.00152686      0.999939     0.0109072        3.8403     0.0016002    -0.0109048      0.999939       1.27187
     0.999999    0.00102435  -0.000967247      0.459766   -0.00101446      0.999948       0.01017       3.90863   0.000977614     -0.010169      0.999948        1.1777
     0.999999   0.000812887  -0.000784403      0.459348  -0.000804911      0.999949      0.010115       3.77774   0.000792585    -0.0101144      0.999949       1.33038
            1   0.000537131  -0.000759867      0.450854  -0.000529365      0.999948      0.010184       3.78361   0.000765297    -0.0101836      0.999948       1.34164
     0.999999   0.000565003  -0.000914962      0.445841  -0.000555551      0.999947      0.010299       3.81446   0.000920732    -0.0102985      0.999947       1.36215
     0.999999   0.000517978  -0.000883022      0.450396  -0.000508819      0.999946     0.0103401       3.78901   0.000888331    -0.0103397      0.999946       1.38873
     0.999999   0.000510262   -0.00104748      0.446123  -0.000499623      0.999949     0.0101321       3.76173     0.0010526    -0.0101315      0.999948       1.42849
            1  -0.000143997  -0.000413252      0.412784   0.000147842      0.999957    0.00932026       3.77669   0.000411892   -0.00932032      0.999956       1.40383
            1  -0.000469262  -6.41769e-05      0.430606   0.000469754      0.999969    0.00789445       3.81617   6.04703e-05   -0.00789448      0.999969       1.30862
            1   0.000409507  -0.000115565      0.448302  -0.000408387      0.999954    0.00953808       3.66021   0.000119465   -0.00953803      0.999955       1.40838
            1   0.000350073   0.000154634      0.478212  -0.000351465      0.999959    0.00909711       3.75427  -0.000151443   -0.00909716      0.999959       1.36539
            1  -0.000106831   0.000238854      0.478085   0.000105084      0.999973    0.00730205        3.7765  -0.000239628   -0.00730202      0.999973       1.33374
            1   0.000249366     7.622e-05      0.458742  -0.000250044      0.999959    0.00901995       3.64652  -7.39676e-05   -0.00901997      0.999959       1.44578
            1   0.000146127  -4.28349e-05       0.44893  -0.000145723      0.999957    0.00928006        3.7085   4.41891e-05   -0.00928005      0.999957       1.46161
            1  -1.96548e-05  -0.000230456      0.443513   2.18505e-05      0.999955    0.00953131       3.72925   0.000230259   -0.00953132      0.999955       1.44622
            1  -6.61366e-05   0.000241321      0.468967   6.40381e-05      0.999962    0.00868529       3.77313  -0.000241886   -0.00868528      0.999962        1.3904
            1  -5.68964e-05   0.000302381      0.463354   5.45087e-05      0.999969     0.0078905       3.74746   -0.00030282   -0.00789049      0.999969       1.35888
            1   7.36048e-05   0.000138937      0.452595  -7.48247e-05      0.999961    0.00880073       3.67281  -0.000138283   -0.00880074      0.999961       1.44327
            1   0.000130134   1.24678e-05       0.44703  -0.000130239      0.999961    0.00879028       3.71941  -1.13234e-05   -0.00879028      0.999961       1.44375
            1   6.57103e-05   0.000205827      0.456011  -6.74824e-05      0.999963    0.00862166       3.71083  -0.000205252   -0.00862168      0.999963       1.47261
            1  -7.26606e-06    3.4286e-05      0.449101   6.94641e-06      0.999957    0.00931401       3.74471  -3.43522e-05     -0.009314      0.999957       1.44814
            1   -0.00052179   0.000399712      0.449842   0.000518665       0.99997    0.00777924       3.85336  -0.000403759   -0.00777903       0.99997       1.28282
     0.999999  -0.000573974   0.000916404      0.469486   0.000567135      0.999972    0.00744533       3.69456  -0.000920651   -0.00744481      0.999972       1.40482
     0.999999  -0.000688721   0.000930905      0.455269   0.000680563      0.999962    0.00873585       3.65675  -0.000936886   -0.00873521      0.999961       1.48166
            1  -0.000730672   0.000674505      0.446374   0.000724598       0.99996    0.00896154       3.71148  -0.000681025   -0.00896105       0.99996        1.4896
            1   -0.00066544   0.000743372      0.453282   0.000658658      0.999959    0.00908585       3.73336  -0.000749387   -0.00908536      0.999958       1.48693
            1  -0.000508618   0.000633239      0.448988   0.000502884      0.999959    0.00902263       3.71559  -0.000637803   -0.00902231      0.999959       1.49857
            1  -0.000380017   0.000757762      0.438745   0.000373158      0.999959    0.00903144       3.74041  -0.000761163   -0.00903115      0.999959        1.4925
     0.999998   -0.00142459   0.000988447      0.419799    0.00141785      0.999976      0.006784       3.80603  -0.000998088   -0.00678259      0.999976       1.36608
     0.999999  -0.000782883    0.00095194      0.448781   0.000775341      0.999969     0.0078973        3.6691  -0.000958093   -0.00789655      0.999968       1.48933
     0.999999  -0.000911718    0.00102928      0.437023   0.000903347      0.999967    0.00810433       3.73987   -0.00103663   -0.00810339      0.999967       1.43506
     0.999999   -0.00106684    0.00111396      0.414888    0.00105955      0.999978    0.00652254       3.79741   -0.00112089   -0.00652135      0.999978       1.25495
     0.999997   -0.00252476   0.000543027      0.358957    0.00252199      0.999984    0.00504876       3.83257  -0.000555765   -0.00504738      0.999987       1.18725
     0.999997   -0.00212438    0.00121507      0.397641     0.0021131      0.999955    0.00921452       3.75308   -0.00123459   -0.00921193      0.999957       1.32537
     0.999996   -0.00203475      0.001786      0.424617    0.00201787      0.999954    0.00939933       3.74495   -0.00180504   -0.00939569      0.999954       1.42274
     0.999998   -0.00140072    0.00111185      0.420225    0.00139041      0.999957    0.00922196       3.73386   -0.00112472    -0.0092204      0.999957       1.42561
     0.999999  -0.000953957   0.000667336      0.427881   0.000947651      0.999955    0.00938781       3.77419  -0.000676262   -0.00938717      0.999956       1.42101
            1  -0.000366751  -6.59687e-05      0.408678   0.000367423      0.999945     0.0104792       3.62617   6.21218e-05    -0.0104793      0.999945       1.73937
            1  -0.000313278   0.000730127      0.449649   0.000305831      0.999948     0.0101765       3.72015  -0.000733277    -0.0101763      0.999948       1.51294
     0.999999  -0.000401904    0.00111405      0.496159   0.000394599      0.999978    0.00654926       3.95122   -0.00111666   -0.00654882      0.999978       1.07539
     0.999999  -0.000651584    0.00109191      0.496448   0.000642879      0.999968    0.00795393       3.73374   -0.00109706   -0.00795322      0.999968       1.18079
     0.999999  -0.000393408    0.00112469      0.478712   0.000382782      0.999955    0.00943255       3.67128   -0.00112835   -0.00943211      0.999955       1.37471
     0.999999  -0.000311793     0.0011018      0.461332   0.000301756      0.999959     0.0090983       3.72182   -0.00110459   -0.00909796      0.999958       1.43873
     0.999999  -0.000329953   0.000966022      0.459962   0.000320412      0.999951    0.00986047       3.71791  -0.000969229   -0.00986016      0.999951       1.49249
     0.999999  -0.000751413    0.00120728      0.463788   0.000738944      0.999947     0.0102955       3.85871   -0.00121495    -0.0102946      0.999946        1.2923
     0.999999   -0.00112425     0.0012495       0.45114    0.00111186      0.999951    0.00987351       3.85842   -0.00126054   -0.00987211       0.99995       1.22713
     0.999995   -0.00204641    0.00219641      0.456494    0.00201896      0.999921     0.0124266       4.41778   -0.00222166    -0.0124221       0.99992      0.523618
     0.999993   -0.00257195    0.00283256      0.607666    0.00252815      0.999879     0.0153615       4.40902   -0.00287173    -0.0153542      0.999878      0.177184
     0.999986   -0.00516217     0.0014896      0.387691    0.00515246      0.999966    0.00644661       3.47209   -0.00152283   -0.00643884      0.999978       1.27214
     0.999991   -0.00359598    0.00233105      0.452666    0.00357772      0.999963    0.00779042       3.48991   -0.00235897   -0.00778201      0.999967        1.4849
     0.999988   -0.00347752    0.00349882      0.549993    0.00344491      0.999951    0.00928211       3.65583   -0.00353093   -0.00926994      0.999951        1.4308
     0.999991   -0.00417522    0.00101074      0.437916    0.00416898      0.999973    0.00610045       3.70643   -0.00103618   -0.00609618      0.999981       1.22498
     0.999991   -0.00387782    0.00163104      0.435662    0.00386448       0.99996    0.00809844       3.59206   -0.00166238   -0.00809206      0.999966        1.2422
     0.999937    -0.0111312    0.00162201      0.402792     0.0111343      0.999936   -0.00191921       3.79354   -0.00160055    0.00193715      0.999997       1.09564
     0.999896    -0.0144421   5.90991e-06      0.292403     0.0144417      0.999864    -0.0079098        3.3253   0.000108325    0.00790907      0.999969       1.20866
      0.99989     -0.014829  -0.000955066      0.159341     0.0148308      0.999888    0.00185263       2.89013   0.000927487   -0.00186659      0.999998       1.90894
     0.999891    -0.0147091    0.00105229      0.230345     0.0147028      0.999875    0.00582394       3.16555   -0.00113783   -0.00580784      0.999982       1.64297
     0.999818    -0.0190777   0.000249779      0.169301     0.0190724      0.999721     0.0139483       3.85758   -0.00051581     -0.013941      0.999903       1.32749
     0.999861    -0.0157639    -0.0053901     0.0385356     0.0158329       0.99979     0.0130029       4.94187    0.00518399    -0.0130864      0.999901      0.788085
     0.999966   -0.00243975   -0.00787953      0.136031    0.00284225       0.99867      0.051481       6.78155    0.00774345    -0.0515017      0.998643     -0.712999
     0.999994    0.00144289   -0.00327564      0.441804   -0.00135226      0.999621     0.0275049       4.97237    0.00331409    -0.0275003      0.999616      0.173972
     0.999997   0.000698981   -0.00244217      0.459038   -0.00063165      0.999623      0.027463       4.53714    0.00246044    -0.0274613       0.99962       0.60906
     0.999994   0.000765559   -0.00341269      0.431155  -0.000684633       0.99972     0.0236518       4.32939    0.00342984    -0.0236493      0.999714      0.989839
     0.999998    0.00125698   -0.00157512      0.462216   -0.00123423      0.999896     0.0143663       4.60392    0.00159301    -0.0143643      0.999896      0.859478
     0.999993    0.00264987   -0.00264589      0.440758    -0.0026256      0.999955    0.00913556       4.05744    0.00266998   -0.00912854      0.999955      0.653508
     0.999998    0.00213183  -0.000192525      0.496807   -0.00212959      0.999937     0.0109975       4.14501   0.000215958     -0.010997       0.99994      0.883158
     0.999997       0.00164   -0.00155097       0.47751   -0.00162477      0.999951    0.00977328       4.10967    0.00156692   -0.00977073      0.999951      0.876323
     0.999997    0.00128085   -0.00183354       0.43655   -0.00126013      0.999936     0.0112589       3.89394    0.00184784    -0.0112566      0.999935       1.15978
     0.999998    0.00133332   -0.00120458      0.443159   -0.00131966      0.999936     0.0112685       4.04099    0.00121953    -0.0112669      0.999936       1.06701
     0.999993    0.00139938   -0.00335857      0.325161    -0.0013662       0.99995    0.00986017       3.75659     0.0033722   -0.00985551      0.999946       1.36326
     0.999982   0.000690212     -0.005977      0.162755  -0.000649144      0.999976    0.00687023        3.6998     0.0059816   -0.00686622      0.999959       1.82125
      0.99997   -0.00244393   -0.00730279      0.130803    0.00245384      0.999996    0.00134894       3.70038    0.00729946   -0.00136682      0.999972       1.30676
     0.999981   -0.00309083    -0.0052635      0.231662    0.00306552      0.999984   -0.00481049       3.85697    0.00527829    0.00479427      0.999975      0.844499
     0.999981   -0.00415384   -0.00446633      0.194633    0.00412057      0.999964   -0.00743299       3.83676    0.00449705    0.00741445      0.999962      0.891396
     0.999954  -7.98862e-05   -0.00962274       -0.0135   0.000136653      0.999983    0.00589867       3.56166     0.0096221   -0.00589971      0.999936       1.30055
      0.99996   0.000496408   -0.00893137     0.0363799  -0.000409271      0.999952    0.00975555       3.84802    0.00893579    -0.0097515      0.999913       1.33914
     0.999955    -0.0012435   -0.00935669     0.0380413    0.00130709      0.999976    0.00679222       4.33041    0.00934802   -0.00680415      0.999933      0.983601
     0.999942   -0.00429542   -0.00991729     0.0251552    0.00422941      0.999969    -0.0066677       3.89826    0.00994563    0.00662537      0.999929       1.21091
     0.999917   -0.00832151   -0.00987758    -0.0586349     0.0082512       0.99994   -0.00713774       4.19579    0.00993639    0.00705564      0.999926        1.1817
     0.999919   -0.00598317    -0.0112619    -0.0841329    0.00592559      0.999969   -0.00513966       4.14336     0.0112923    0.00507251      0.999923       1.52643
     0.999938   -0.00160565    -0.0109995      0.024571    0.00166516      0.999984    0.00540333       4.96984     0.0109906   -0.00542131      0.999925       1.17193
     0.999955    0.00514006   -0.00798602      0.236262   -0.00519679      0.999961   -0.00709935       2.98395    0.00794922    0.00714053      0.999943       2.23668
     0.999973    0.00394913   -0.00617816      0.353471   -0.00399901      0.999959   -0.00808254       3.15213    0.00614599    0.00810703      0.999948       2.06067
     0.999954    0.00476279   -0.00830173      0.299714   -0.00484286      0.999942   -0.00965225       2.78329    0.00825527    0.00969201      0.999919       2.16511
     0.999986     0.0036138   -0.00375821      0.383618   -0.00363245      0.999981   -0.00496579       3.00696    0.00374019    0.00497937      0.999981       2.20136
     0.999989    0.00277486   -0.00384837      0.363825   -0.00279341      0.999984   -0.00482331       2.95021    0.00383493    0.00483401      0.999981       2.31649
      0.99999     0.0028529   -0.00355756      0.374083   -0.00287134      0.999982   -0.00518994       2.92177    0.00354269     0.0052001       0.99998       2.36153
     0.999986    0.00212397   -0.00482692      0.279925   -0.00215676      0.999975   -0.00679815       2.73863    0.00481236    0.00680846      0.999965        2.5842
     0.999984    0.00266946   -0.00502045      0.323676   -0.00270548      0.999971   -0.00718168       2.83155    0.00500113    0.00719514      0.999962       2.60925
     0.999976    0.00369916   -0.00582419      0.335457   -0.00372783      0.999981   -0.00492041       2.78505    0.00580587      0.004942      0.999971       2.53563
     0.999979    0.00366106   -0.00537927      0.334331   -0.00368415      0.999984   -0.00428818       2.81689    0.00536349     0.0043079      0.999976       2.52952
     0.999978    0.00360268    -0.0055289      0.332207    -0.0036309       0.99998   -0.00510254       2.78735     0.0055104    0.00512251      0.999972       2.61975
     0.999978    0.00368445   -0.00558374      0.332743   -0.00371094      0.999982   -0.00474223       2.77155    0.00556617    0.00476284      0.999973        2.6671
     0.999977    0.00359338   -0.00582509      0.321015   -0.00362011      0.999983   -0.00458484       2.79814    0.00580851    0.00460582      0.999973       2.69021
     0.999976    0.00376777   -0.00577584      0.331334   -0.00379441      0.999982   -0.00460755       2.79684    0.00575838    0.00462936      0.999973       2.69418
     0.999975    0.00379798   -0.00592156      0.329235    -0.0038236      0.999983   -0.00432122       2.77884    0.00590505    0.00434375      0.999973       2.67592
     0.999977     0.0036069   -0.00575999      0.335015   -0.00363065      0.999985   -0.00411779       2.84385    0.00574505    0.00413861      0.999975       2.64297
     0.999977    0.00363244   -0.00580009       0.36009   -0.00367239       0.99997   -0.00689219        2.8596    0.00577487    0.00691332      0.999959         2.563
     0.999971    0.00384619    -0.0066218      0.342963   -0.00388738      0.999973   -0.00621764       2.72733    0.00659771     0.0062432      0.999959        2.6106
     0.999976     0.0035458   -0.00599796      0.337305   -0.00357165      0.999984   -0.00430384       2.74906     0.0059826    0.00432516      0.999973       2.63007
     0.999977    0.00350465    -0.0058018       0.34794   -0.00353068      0.999984   -0.00448337       2.78087      0.005786    0.00450375      0.999973       2.66576
     0.999975    0.00371595   -0.00608082      0.347397   -0.00374071      0.999985   -0.00406678       2.79497    0.00606561    0.00408942      0.999973       2.67524
     0.999974    0.00363004   -0.00627468       0.33345   -0.00365367      0.999986   -0.00375741       2.82928    0.00626096    0.00378024      0.999973       2.68794
     0.999976    0.00358032   -0.00599901      0.334319   -0.00360295      0.999986   -0.00376653       2.82396    0.00598545    0.00378805      0.999975       2.68948
     0.999975    0.00363799   -0.00606542      0.333362   -0.00366099      0.999986   -0.00378534       2.81644    0.00605157    0.00380745      0.999974        2.6752
     0.999976    0.00369724   -0.00580819      0.342356   -0.00372384      0.999983   -0.00457567       2.78268    0.00579117    0.00459719      0.999973       2.70015
     0.999977    0.00331636   -0.00590667      0.329494   -0.00334287      0.999984    -0.0044836       2.81711    0.00589171    0.00450324      0.999973       2.66856
     0.999978    0.00320852   -0.00576693      0.322204   -0.00323995       0.99998   -0.00544854       2.83581    0.00574933     0.0054671      0.999969        2.6551
     0.999977    0.00345017   -0.00582712      0.344715   -0.00347457      0.999985   -0.00418181       2.74677    0.00581261    0.00420196      0.999974        2.6797
     0.999976    0.00353832   -0.00599104      0.337964   -0.00356227      0.999986   -0.00399198       2.79429    0.00597683    0.00401322      0.999974       2.68989
     0.999977    0.00340733   -0.00589789      0.340448   -0.00343239      0.999985   -0.00424486       2.80281    0.00588333    0.00426501      0.999974       2.73238
     0.999977    0.00337554   -0.00587314      0.357728   -0.00340028      0.999985   -0.00420776       2.78117    0.00585885    0.00422764      0.999974       2.75193
     0.999977    0.00319686   -0.00603841      0.348056    -0.0032236      0.999985   -0.00442381       2.76118    0.00602418    0.00444317      0.999972       2.77893
     0.999975    0.00329458    -0.0062103      0.342824   -0.00332149      0.999985   -0.00432709       2.77615    0.00619595    0.00434761      0.999971        2.7854
     0.999979    0.00328698   -0.00560935      0.361507   -0.00331556      0.999982   -0.00509327       2.89958     0.0055925    0.00511176      0.999971       2.60755
     0.999977    0.00361713   -0.00581386      0.376269   -0.00365428      0.999973   -0.00639331       2.84549    0.00579058    0.00641441      0.999963       2.57058
     0.999976    0.00318664     -0.006213       0.36774   -0.00321606      0.999984    -0.0047306        2.7219    0.00619783    0.00475046       0.99997       2.63346
     0.999976    0.00265893    -0.0064108      0.368227   -0.00269051      0.999984   -0.00492191       2.76858    0.00639761    0.00493904      0.999967       2.67563
     0.999975    0.00249659   -0.00659508      0.360772   -0.00253119      0.999983   -0.00524284       2.76455    0.00658188    0.00525941      0.999965       2.72099
     0.999978    0.00260697   -0.00613825       0.37421   -0.00263596      0.999985   -0.00471919        2.8754    0.00612586    0.00473527       0.99997       2.57834
     0.999982    0.00199937   -0.00561208      0.367796   -0.00203346      0.999979   -0.00607535       2.85327    0.00559982    0.00608665      0.999966       2.55306
     0.999982    0.00200008   -0.00572579      0.375258   -0.00202581      0.999988   -0.00449057       2.76926    0.00571674    0.00450208      0.999974       2.54519
     0.999983    0.00172619   -0.00563318      0.346291   -0.00174817      0.999991   -0.00389814       2.86223     0.0056264    0.00390792      0.999977       2.47229
     0.999986    0.00138984    -0.0051685      0.344008   -0.00141786      0.999984   -0.00542301       2.77884    0.00516088    0.00543026      0.999972       2.52472
     0.999987    0.00128074   -0.00494387      0.345379    -0.0013071      0.999985   -0.00533149       2.79038    0.00493697    0.00533789      0.999974        2.5166
     0.999987    0.00131596   -0.00501313      0.346561   -0.00134123      0.999986   -0.00504036       2.79445    0.00500643    0.00504701      0.999975       2.53078
     0.999986    0.00127382    -0.0051119      0.337727   -0.00130248      0.999983    -0.0056061        2.7682    0.00510468    0.00561268      0.999971        2.5469
     0.999988   0.000866202   -0.00474787      0.320545  -0.000892311      0.999984   -0.00549972       2.82628    0.00474303    0.00550389      0.999974       2.47632
     0.999989   0.000665558   -0.00470514      0.330227  -0.000694935       0.99998    -0.0062448       2.80781    0.00470089    0.00624799      0.999969       2.51499
     0.999991   0.000201161   -0.00420884      0.315103  -0.000226135      0.999982   -0.00593413       2.76852    0.00420757    0.00593502      0.999974       2.54273
     0.999995  -9.91657e-05   -0.00318578      0.321854   7.90788e-05       0.99998    -0.0063047        2.7842    0.00318635    0.00630441      0.999975       2.50063
     0.999993   7.30995e-05   -0.00366772      0.305446  -9.34879e-05      0.999985   -0.00555902       2.75962    0.00366725    0.00555933      0.999978       2.49906
     0.999993   0.000125655   -0.00373715       0.31685  -0.000148323      0.999982   -0.00606578       2.80817    0.00373632    0.00606629      0.999975       2.47979
     0.999993   0.000274683   -0.00382056      0.325917  -0.000296776      0.999983   -0.00578334       2.71211    0.00381891    0.00578443      0.999976       2.58549
     0.999994   0.000422138   -0.00343529      0.333303  -0.000441126      0.999985   -0.00552861        2.7845     0.0034329    0.00553009      0.999979       2.61207
     0.999995   0.000365663   -0.00312406       0.33755  -0.000382997      0.999985    -0.0055497       2.85739    0.00312198    0.00555087       0.99998       2.52149
     0.999994   0.000104468   -0.00343365        0.3299  -0.000124693      0.999983    -0.0058907       2.78469    0.00343298    0.00589109      0.999977       2.52466
     0.999993   0.000378949   -0.00363856      0.327572  -0.000398435      0.999986   -0.00535627       2.74551    0.00363648    0.00535769      0.999979       2.54449
     0.999994   0.000146384   -0.00344549      0.304936  -0.000167069      0.999982   -0.00600405       2.92673    0.00344455    0.00600459      0.999976       2.32146
     0.999993    0.00329924   -0.00190848       0.30714   -0.00331745      0.999948   -0.00961978       2.70646    0.00187664    0.00962604      0.999952        2.3169
     0.999998    0.00179482  -7.40722e-05      0.336739   -0.00179523       0.99998   -0.00607916       2.72967   6.31597e-05    0.00607928      0.999982       2.51174
     0.999994    0.00337736   0.000286706      0.432705   -0.00337526      0.999969   -0.00704951       3.06882  -0.000310506    0.00704851      0.999975       1.89806
     0.999994    0.00272929    0.00211955        0.7131   -0.00271679      0.999979   -0.00587783       3.58418   -0.00213555    0.00587204       0.99998      0.868387
     0.999999  -0.000328522    0.00106641      0.587195   0.000350703      0.999782    -0.0208666       1.83898   -0.00105932     0.0208669      0.999782       1.88033
     0.999993    0.00305233   -0.00193365      0.393416   -0.00307688      0.999913    -0.0128218       1.91882    0.00189435     0.0128276      0.999916       2.79207
     0.999996     0.0022232   -0.00148174      0.408027   -0.00223647      0.999957   -0.00901612       2.66435    0.00146163    0.00901941      0.999958       2.53371
     0.999999    0.00121419  -0.000104011      0.430815   -0.00121491      0.999973   -0.00718215        2.5288    9.5288e-05    0.00718228      0.999974       2.56449
     0.999999    0.00145437  -0.000243759      0.426761   -0.00145615      0.999971   -0.00745687       2.54311   0.000232907    0.00745722      0.999972       2.59342
     0.999999    0.00162532   0.000267304      0.459929   -0.00162309      0.999966   -0.00813877       2.51593  -0.000280523    0.00813832      0.999967       2.61983
     0.999999    0.00151675   0.000247531      0.451181   -0.00151454      0.999961   -0.00867897       2.49847  -0.000260686    0.00867859      0.999962       2.62955
     0.999999    0.00128578   0.000408999      0.453613   -0.00128197      0.999957   -0.00918231         2.531  -0.000420788    0.00918178      0.999958       2.60953
     0.999999    0.00141773   0.000582937      0.473288   -0.00141198      0.999951    -0.0097475       2.44673  -0.000596728    0.00974667      0.999952       2.69543
     0.999999    0.00121733     -0.000592      0.395564   -0.00122533      0.999905    -0.0137097       2.34067   0.000575255     0.0137104      0.999906       2.75371
     0.999997    0.00130928   -0.00193247      0.381497   -0.00134382      0.999837    -0.0179864       2.25851    0.00190861      0.017989      0.999836       2.78199
            1   0.000926314  -4.49707e-05      0.440698  -0.000926796      0.999924    -0.0122585       2.34064   3.36121e-05     0.0122586      0.999925       2.66839
            1   0.000174443   0.000918081      0.467026  -0.000165586      0.999954   -0.00963879       2.51279   -0.00091972    0.00963864      0.999953       2.61381
            1  -7.31467e-06   0.000434231      0.408532   1.27981e-05       0.99992    -0.0126292       2.53125  -0.000434104     0.0126292       0.99992       2.60594
            1   0.000247043   0.000555267      0.416626  -0.000238634      0.999886    -0.0150924       2.44993  -0.000558932     0.0150923      0.999886       2.60311
            1  -7.94099e-05   0.000433683      0.413029   8.48982e-05       0.99992    -0.0126697       2.34634  -0.000432642     0.0126698       0.99992       2.66777
            1   0.000164219   0.000303529      0.425036  -0.000160215      0.999914    -0.0131472       2.47323  -0.000305662     0.0131472      0.999914       2.66046
            1  -0.000105572   8.26506e-05      0.416236   0.000106687      0.999907    -0.0136106       2.42088   -8.1206e-05     0.0136106      0.999907       2.65097
            1  -0.000198932   4.85268e-06      0.410744   0.000198978      0.999916    -0.0129399       2.41899  -2.27811e-06     0.0129399      0.999916         2.672
            1  -0.000197607   1.77269e-05      0.415232   0.000197843      0.999895    -0.0144901       2.46559  -1.48617e-05     0.0144901      0.999895       2.68567
     0.999996  -0.000592284    0.00287669      0.632805   0.000631638      0.999906    -0.0136987        2.7239   -0.00286831     0.0137005      0.999902       2.31356
     0.999998   -0.00119663    0.00163334      0.607085    0.00122055      0.999891    -0.0147193       2.77185   -0.00161554     0.0147212       0.99989       2.07244
            1   0.000302497  -0.000294181      0.374562  -0.000306286      0.999916    -0.0129667       2.24941   0.000290234     0.0129668      0.999916       2.56613
     0.999994   -0.00272291   -0.00227528      0.360485    0.00267303      0.999762    -0.0216448        2.5004    0.00233367     0.0216386      0.999763       2.26744
     0.999975   0.000228389   -0.00708436      0.234101  -0.000390377      0.999738    -0.0228727       2.74285    0.00707728     0.0228749      0.999713       2.07728
     0.999952    0.00828638   -0.00526997      0.400479   -0.00835011      0.999891     -0.012189       2.76826    0.00516839     0.0122325      0.999912       2.13594
     0.999959    0.00772828   -0.00467542      0.464805   -0.00777192      0.999926   -0.00939086       2.81024     0.0046025    0.00942681      0.999945       2.20173
     0.999973    0.00602688   -0.00415837      0.468729   -0.00605896      0.999952    -0.0077444       2.96044     0.0041115    0.00776938      0.999961       2.07294
     0.999964    0.00655042   -0.00545056      0.359706   -0.00658676      0.999956   -0.00667649       2.91216    0.00540659    0.00671215      0.999963       2.16202
     0.999955    0.00827629   -0.00473079      0.483021   -0.00830057      0.999952   -0.00513552       2.89318    0.00468807    0.00517455      0.999976       2.25457
      0.99996    0.00773979   -0.00451978      0.427899     -0.007782      0.999926   -0.00939739       2.88602    0.00444671    0.00943218      0.999946       2.19139
     0.999968    0.00664569   -0.00448187      0.410757   -0.00669982      0.999903    -0.0121732       2.79924    0.00440054     0.0122028      0.999916       2.16947
     0.999966     0.0066441   -0.00478878      0.407616    -0.0066874      0.999936   -0.00908245       2.70564    0.00472813    0.00911417      0.999947       2.26954
     0.999943    0.00559284   -0.00907668      0.203082   -0.00570442      0.999908    -0.0123139       2.86995    0.00900697     0.0123649      0.999883       2.20815
     0.999929    0.00576358    -0.0104647     0.0835445   -0.00591017      0.999884     -0.014032       2.63332     0.0103826     0.0140929      0.999847       2.39686
     0.999931    0.00532728    -0.0104934      0.118014   -0.00547574      0.999885    -0.0141702       2.91903     0.0104167     0.0142267      0.999845       2.29972
     0.999942  -0.000641831    -0.0107899       0.18771   0.000233419      0.999285    -0.0378101       3.07522     0.0108064     0.0378054      0.999227       2.27943
     0.999966   0.000643689   -0.00818764      0.297633  -0.000932595      0.999375    -0.0353309       2.71456    0.00815978     0.0353374      0.999342       2.58975
     0.999949    0.00481159   -0.00885357      0.220604   -0.00507553      0.999536    -0.0300351       2.61437    0.00870495     0.0300785       0.99951       2.64896
     0.999929    0.00543817    -0.0106138     0.0640474   -0.00566654      0.999751     -0.021606       2.21912     0.0104936     0.0216646       0.99971       2.88948
     0.999863    0.00763519    -0.0147044    -0.0407811    -0.0079883      0.999677    -0.0241072        2.5364     0.0145156     0.0242214      0.999601       3.23133
     0.999915    0.00667455    -0.0111747      0.156763   -0.00701433      0.999506    -0.0306482       3.03885     0.0109646      0.030724      0.999468       3.06225
     0.999956    0.00721951   -0.00597083      0.340639   -0.00737252      0.999634    -0.0260129       2.56218    0.00578084     0.0260558      0.999644       2.74934
     0.999922     0.0102816   -0.00711488      0.320764    -0.0103512      0.999898   -0.00982041       2.53514    0.00701318    0.00989329      0.999926       2.73896
     0.999928     0.0106579    -0.0055194      0.380141    -0.0107026       0.99991   -0.00814325       2.79093    0.00543211    0.00820174      0.999952        2.7213
     0.999937     0.0101109   -0.00483331      0.371405    -0.0101479      0.999919    -0.0076978        2.6849    0.00475508    0.00774637      0.999959       2.86294
     0.999939    0.00988133   -0.00493198      0.358755   -0.00992136      0.999917   -0.00815928       2.69104    0.00485095    0.00820771      0.999955       2.90863
