# 3dvolreg matrices (DICOM-to-DICOM, row-by-row):
            1   0.000550449  -0.000409245    -0.0303749  -0.000549453      0.999997    0.00243153     -0.056476   0.000410583   -0.00243131      0.999997      0.162686
            1  -0.000238073   0.000405941   0.000290868   0.000237908             1   0.000407461      0.111636  -0.000406038  -0.000407364             1    -0.0256606
            1  -8.30906e-11   1.13247e-10   3.11481e-09   8.30906e-11             1  -2.60448e-10  -8.29822e-09  -1.13247e-10   2.60448e-10             1  -5.95929e-09
            1   0.000440058  -0.000539152    -0.0239953  -0.000439164      0.999999    0.00165748     -0.120297   0.000539881   -0.00165725      0.999998      0.142757
            1   0.000343733  -0.000510808     -0.034956  -0.000342532      0.999997    0.00234906    -0.0531059   0.000511615   -0.00234888      0.999997      0.148363
            1   0.000389857  -0.000581474    -0.0385748   -0.00038845      0.999997    0.00241728    -0.0473085   0.000582415   -0.00241706      0.999997      0.151631
            1   0.000151036  -0.000208194    -0.0274341  -0.000150559      0.999997    0.00229155     0.0239166   0.000208539   -0.00229152      0.999997     0.0677226
            1  -0.000442363    0.00036337    -0.0220236   0.000442247             1   0.000317587      0.135764   -0.00036351  -0.000317426             1    -0.0798036
            1   0.000128613   -0.00036669        -0.023  -0.000127645      0.999997    0.00263916    -0.0288134   0.000367028   -0.00263911      0.999996      0.120262
            1   0.000514766  -0.000309396    -0.0236879  -0.000513704      0.999994    0.00342492    0.00174294   0.000311157   -0.00342476      0.999994      0.123631
            1   0.000340765    -0.0004047    -0.0326142  -0.000339281      0.999993    0.00366089     0.0271345   0.000405945   -0.00366075      0.999993      0.118136
            1   0.000237197  -0.000435984    -0.0372127  -0.000235581      0.999993    0.00370298     0.0296639   0.000436859   -0.00370288      0.999993       0.14409
            1   0.000301106  -0.000351989    -0.0374172  -0.000299751      0.999993    0.00384398     0.0445906   0.000353144   -0.00384388      0.999993      0.150674
            1   0.000470307   -0.00044979    -0.0387238  -0.000468534      0.999992    0.00393269     0.0292532   0.000451636   -0.00393248      0.999992      0.144998
            1  -0.000286544   0.000227107    -0.0469044   0.000285964      0.999997    0.00254803     0.0985576  -0.000227836   -0.00254796      0.999997  -4.11277e-05
            1  -0.000271982   0.000157308    -0.0732013   0.000271711      0.999998    0.00172217     0.0124226  -0.000157776   -0.00172213      0.999999     0.0900228
            1  -0.000529308   0.000697617    -0.0706619   0.000527365      0.999996    0.00278358   -0.00706714  -0.000699087   -0.00278321      0.999996      0.149787
            1  -0.000224843   0.000661703    -0.0583832   0.000222964      0.999996    0.00283848   -0.00530838  -0.000662338   -0.00283833      0.999996      0.173092
            1  -0.000532035   0.000550086    -0.0662217   0.000530181      0.999994     0.0033648     0.0274705  -0.000551873   -0.00336451      0.999994      0.195702
     0.999999  -0.000776381   0.000797858    -0.0580491   0.000773896      0.999995    0.00310982     0.0158563  -0.000800268    -0.0031092      0.999995      0.215257
     0.999999  -0.000705315   0.000881579    -0.0391466   0.000702313      0.999994     0.0034014     0.0800048  -0.000883972   -0.00340078      0.999994       0.11485
     0.999998  -0.000701561    0.00162319     0.0335418   0.000699856      0.999999    0.00105086      0.393433   -0.00162393   -0.00104972      0.999998     -0.278612
     0.999999  -0.000353988     0.0014096     0.0602176   0.000351953      0.999999    0.00144328      0.216801   -0.00141011   -0.00144278      0.999998     -0.203682
            1  -0.000346934   0.000688107    0.00375163   0.000343846       0.99999    0.00448354     0.0172702  -0.000689655    -0.0044833       0.99999    -0.0175304
            1  -0.000385018   0.000788186  -0.000349021   0.000381145      0.999988    0.00490789     0.0769001  -0.000790066   -0.00490758      0.999988     0.0495993
            1  -0.000181882   0.000429072  -0.000661691   0.000179697      0.999987    0.00508731      0.102517  -0.000429991   -0.00508723      0.999987     0.0634506
            1  -0.000274762   0.000177705    -0.0201876    0.00027384      0.999987    0.00517267     0.0963907  -0.000179123   -0.00517262      0.999987     0.0755372
            1  -0.000208662   0.000111356    -0.0266693   0.000208084      0.999987    0.00516553      0.108582  -0.000112433   -0.00516551      0.999987     0.0877262
            1  -0.000203886   0.000388347   -0.00830509   0.000202307      0.999992     0.0040603     0.0460221  -0.000389172   -0.00406022      0.999992     0.0923043
     0.999999  -0.000628024    0.00127043     0.0105347   0.000628032             1    -6.534e-06      0.297276   -0.00127043   7.33186e-06      0.999999     -0.260108
            1  -0.000402691   0.000451953    0.00119708   0.000402592             1   0.000218274     0.0552282  -0.000452041  -0.000218092             1     -0.140798
            1  -0.000440844   0.000148224    -0.0039474   0.000440523      0.999998    0.00216084  -0.000295019  -0.000149176   -0.00216077      0.999998    0.00751995
            1  -0.000797468   0.000119448    -0.0179586   0.000797185      0.999997    0.00234903     0.0204966  -0.000121321   -0.00234894      0.999997      0.106274
            1  -0.000649864  -0.000135615    -0.0416088    0.00065025      0.999996    0.00286572   1.31786e-05   0.000133752    -0.0028658      0.999996      0.190185
            1  -0.000603698   8.93821e-06    -0.0489615   0.000603667      0.999995     0.0031259     0.0176328  -1.08253e-05   -0.00312589      0.999995       0.23088
            1  -0.000668895  -9.95683e-05     -0.050904   0.000669214      0.999995    0.00323347     0.0227644   9.74049e-05   -0.00323353      0.999995      0.243618
            1   -0.00090587   0.000336263    -0.0459709   0.000904698      0.999994     0.0034676     0.0672228  -0.000339402    -0.0034673      0.999994      0.113223
            1  -0.000838786    0.00034949    -0.0514258    0.00083793      0.999997    0.00244432     0.0911693  -0.000351539   -0.00244402      0.999997     0.0584726
            1  -0.000678239   0.000395368    -0.0380995   0.000676929      0.999994    0.00330417   -0.00705699  -0.000397607    -0.0033039      0.999994      0.203343
     0.999999   -0.00102877   0.000431717    -0.0466774    0.00102732      0.999994    0.00335058     0.0285486  -0.000435161   -0.00335013      0.999994      0.220748
     0.999999  -0.000983827   0.000684308    -0.0453063   0.000981501      0.999994    0.00339185       0.10088  -0.000687641   -0.00339118      0.999994      0.173791
     0.999999  -0.000976959   0.000526427     -0.050876   0.000975182      0.999994     0.0033665     0.0361885  -0.000529712   -0.00336599      0.999994      0.191938
     0.999999   -0.00115715    0.00096452    -0.0338996    0.00115396      0.999994    0.00329938      0.143682  -0.000968332   -0.00329826      0.999994     0.0467458
     0.999991   -0.00032736    0.00415671     0.0575189   0.000310046      0.999991    0.00416536      0.801308   -0.00415804   -0.00416403      0.999983     -0.856174
     0.999989    0.00304574    0.00349685      0.257466   -0.00311242       0.99981     0.0192246       2.02681   -0.00343763    -0.0192353      0.999809      -2.20033
     0.999998    0.00206409   0.000683269   -0.00829613   -0.00207111      0.999943     0.0104305      0.291696  -0.000661701    -0.0104318      0.999945      -0.51784
     0.999996    0.00157462     0.0022688   -0.00945815   -0.00159712      0.999949    0.00994683      0.342873   -0.00225302   -0.00995041      0.999948     -0.110745
     0.999997    0.00155303     0.0019525    0.00119269   -0.00157241      0.999949    0.00996325      0.367807   -0.00193693   -0.00996629      0.999948    0.00912949
     0.999998     0.0015574    0.00160288     -0.004654    -0.0015736      0.999947     0.0101576      0.380041   -0.00158698    -0.0101601      0.999947     0.0085973
     0.999998    0.00147258    0.00108548    -0.0315678   -0.00148399      0.999943     0.0105808      0.392936   -0.00106984    -0.0105824      0.999943    -0.0295514
     0.999998     0.0017772    0.00103098    -0.0310568   -0.00178825       0.99994     0.0108171      0.418652   -0.00101169    -0.0108189      0.999941    -0.0428388
     0.999998    0.00143417    0.00132452    -0.0280117   -0.00144724       0.99995    0.00992222      0.417573   -0.00131022   -0.00992412       0.99995    -0.0504686
     0.999999  -3.59715e-05    0.00160836    -0.0241159   2.47112e-05      0.999975    0.00700058      0.542717   -0.00160857   -0.00700053      0.999974     -0.278933
     0.999999   0.000228043    0.00134641    -0.0396366  -0.000236309      0.999981    0.00614176      0.357299   -0.00134498   -0.00614207       0.99998     -0.169793
     0.999999   0.000738059    0.00144948    -0.0460365  -0.000750204      0.999964    0.00839626      0.209211   -0.00144323   -0.00839734      0.999964    -0.0696432
     0.999998   0.000957653    0.00161878    -0.0444312  -0.000971343      0.999964     0.0084777      0.329913    -0.0016106   -0.00847925      0.999963     0.0386095
     0.999998   4.03119e-05    0.00195237    -0.0411927  -5.49376e-05      0.999972    0.00749179      0.388465   -0.00195201   -0.00749188       0.99997     -0.108506
     0.999999   4.73629e-05    0.00165178    -0.0649292  -6.02354e-05       0.99997    0.00779391      0.319097   -0.00165137     -0.007794      0.999968    -0.0319737
     0.999999   0.000119288    0.00153652    -0.0683579  -0.000130688      0.999972    0.00742151      0.322927   -0.00153559    -0.0074217      0.999971    -0.0520781
     0.999999    3.7569e-05    0.00142451     -0.077099  -4.88237e-05      0.999969    0.00790153      0.322493   -0.00142417   -0.00790159      0.999968    -0.0282114
     0.999998  -0.000107243    0.00178586    -0.0629868   9.47665e-05      0.999976    0.00698466      0.375622   -0.00178656   -0.00698448      0.999974    -0.0148043
     0.999999  -7.82562e-06    0.00144271    -0.0653343   -3.8663e-06      0.999967    0.00810398      0.268948   -0.00144272   -0.00810398      0.999966     0.0236308
     0.999999  -0.000102656    0.00131549    -0.0772819   9.24097e-05       0.99997    0.00778688       0.30691   -0.00131625   -0.00778675      0.999969     0.0193829
     0.999999   0.000277487    0.00112218    -0.0699476  -0.000286565      0.999967    0.00809803      0.290065    -0.0011199   -0.00809835      0.999967     0.0632969
     0.999998  -0.000347873    0.00184979    -0.0564185   0.000333269      0.999969    0.00788949      0.459249   -0.00185248   -0.00788886      0.999967     -0.119965
     0.999997  -0.000533147    0.00227961    -0.0493413   0.000519457      0.999982    0.00600164      0.590544   -0.00228277   -0.00600044      0.999979     -0.302863
     0.999997  -0.000493097    0.00245512    -0.0391142   0.000478136      0.999981    0.00609061      0.331932   -0.00245808   -0.00608941      0.999978     -0.154824
     0.999998  -0.000342824    0.00173747    -0.0657329   0.000328261      0.999965    0.00837545      0.325852   -0.00174028   -0.00837487      0.999963    -0.0647672
     0.999999  -0.000123919    0.00149964    -0.0623225    0.00011018      0.999958    0.00915793      0.346083   -0.00150071   -0.00915776      0.999957     0.0606943
     0.999999  -0.000224237    0.00142764    -0.0754793   0.000210756      0.999955    0.00943602      0.380101   -0.00142969   -0.00943571      0.999954     0.0697036
     0.999999  -6.77867e-05    0.00166574    -0.0628277   5.25912e-05      0.999958    0.00912074      0.397973   -0.00166629   -0.00912064      0.999957      0.076023
     0.999999  -0.000146343    0.00167923    -0.0599278   0.000132488      0.999966    0.00824762      0.384624   -0.00168038   -0.00824739      0.999965     0.0178591
     0.999999  -5.99127e-05    0.00143749    -0.0601238   4.68696e-05      0.999959    0.00907186      0.350429   -0.00143797   -0.00907179      0.999958     0.0514748
     0.999999    0.00015821    0.00144899    -0.0412958  -0.000172337      0.999952    0.00975447      0.363566   -0.00144738   -0.00975471      0.999951      0.117389
     0.999999   9.95183e-06    0.00147605    -0.0390614   -2.4632e-05      0.999951    0.00994588      0.382567   -0.00147588   -0.00994591      0.999949      0.125117
     0.999999   0.000130445    0.00151231    -0.0379436  -0.000144804      0.999955    0.00949809      0.378221     -0.001511    -0.0094983      0.999954      0.117644
     0.999997  -0.000639738    0.00232728    -0.0194239   0.000618261      0.999957    0.00921728      0.577165   -0.00233308   -0.00921581      0.999955     -0.128125
     0.999997  -0.000223133    0.00226306     0.0192242   0.000210963      0.999986     0.0053765       0.81152   -0.00226422     -0.005376      0.999983      -0.61887
     0.999998  -0.000102447     0.0018424     0.0160169   9.10593e-05      0.999981     0.0061802      0.613425     -0.001843   -0.00618002      0.999979     -0.496048
     0.999999   0.000146646    0.00102322    0.00583655  -0.000154816      0.999968    0.00798932      0.443183   -0.00102201   -0.00798947      0.999968     -0.317127
     0.999999   0.000753764   0.000892883     0.0235316  -0.000762328      0.999953    0.00963033      0.400629  -0.000885582     -0.009631      0.999953      -0.15073
     0.999999   0.000507049   0.000888914     0.0246217  -0.000516297      0.999945     0.0104346      0.432687  -0.000883575    -0.0104351      0.999945    -0.0532438
            1    0.00037648   0.000761788    0.00345807  -0.000384352      0.999946     0.0103599       0.48101  -0.000757847    -0.0103602      0.999946    -0.0848465
     0.999999   0.000786745   0.000784114     0.0178813  -0.000794953      0.999944      0.010523      0.471699  -0.000775792    -0.0105237      0.999944     -0.101091
     0.999999   0.000833456   0.000570451     0.0195547   -0.00083932      0.999946     0.0103569      0.467297  -0.000561788    -0.0103574      0.999946     -0.110777
     0.999999   0.000854813   0.000552438   -0.00120578  -0.000861573      0.999923     0.0123536      0.536983  -0.000541836    -0.0123541      0.999924     -0.129588
            1   0.000841326   0.000431252   -0.00109048  -0.000846085      0.999937     0.0111577      0.481434  -0.000421838     -0.011158      0.999938    -0.0281668
     0.999999   0.000542414     0.0010215     0.0218188  -0.000553487      0.999941     0.0108716      0.457309   -0.00101554    -0.0108722       0.99994     0.0130296
            1   0.000323321   0.000672392   -0.00156113  -0.000330563      0.999942     0.0107997      0.455492  -0.000668861    -0.0107999      0.999941     0.0324028
     0.999995   0.000845613   -0.00304984     -0.182814  -0.000810489      0.999934     0.0114996      0.385487    0.00305936     -0.011497      0.999929     0.0801276
     0.999994     0.0002333   -0.00339168     -0.205136  -0.000187989      0.999911     0.0133537      0.529418    0.00339449     -0.013353      0.999905     0.0924848
     0.999997  -0.000363385   -0.00231011     -0.186447   0.000390776       0.99993     0.0118676      0.477296    0.00230563    -0.0118685      0.999927     0.0984951
     0.999999  -0.000825976    -0.0014652     -0.166354   0.000842787      0.999933     0.0115105      0.505915     0.0014556    -0.0115118      0.999933      0.026378
     0.999998   -0.00148904    -0.0012442     -0.161195    0.00150161      0.999947     0.0101709      0.331102    0.00122899    -0.0101727      0.999948      0.225773
     0.999998   -0.00189922  -0.000370959      -0.15386    0.00190286      0.999947     0.0100711      0.431056   0.000351812    -0.0100718      0.999949      0.122538
     0.999999    -0.0015242  -0.000786434     -0.149402    0.00153227      0.999945     0.0103697      0.351902   0.000770585    -0.0103709      0.999946      0.179003
     0.999998   -0.00193516  -0.000829742       -0.1679    0.00194311      0.999951    0.00968381      0.434361   0.000810962    -0.0096854      0.999953     0.0649104
     0.999998   -0.00174808   -0.00117368     -0.183215    0.00176044      0.999942     0.0106132      0.353855    0.00115506    -0.0106153      0.999943       0.16888
     0.999998   -0.00177266   -0.00107575     -0.175063    0.00178306      0.999951    0.00974755      0.423845    0.00105842   -0.00974945      0.999952      0.104518
     0.999998   -0.00153292  -0.000870045     -0.163246    0.00154166      0.999947     0.0101405      0.375694   0.000854455    -0.0101418      0.999948      0.139257
     0.999998   -0.00187553  -0.000170447     -0.281194    0.00187756      0.999916     0.0127918       1.11663   0.000146442    -0.0127921      0.999918     -0.730251
     0.999988  -3.45461e-05   -0.00481879     -0.276863    7.1093e-05      0.999971    0.00758427       1.28178    0.00481839   -0.00758453       0.99996      -1.27238
     0.999994   -0.00344639  -0.000134291     -0.223585    0.00344742      0.999957    0.00857124      0.713293   0.000104746   -0.00857166      0.999963     -0.421956
     0.999992   -0.00361083    0.00142124     -0.187787    0.00359593       0.99994     0.0103468      0.478344   -0.00145851    -0.0103416      0.999945     -0.147686
     0.999993   -0.00345858    0.00147997     -0.184199    0.00344361      0.999944    0.00999937      0.564896   -0.00151447   -0.00999421      0.999949      -0.18665
     0.999994   -0.00334359    0.00111373     -0.190865    0.00333203      0.999942     0.0102225      0.575449   -0.00114785    -0.0102188      0.999947     -0.184476
     0.999995   -0.00300587   0.000917465     -0.189257    0.00299673      0.999947    0.00980749      0.589887  -0.000946897    -0.0098047      0.999951     -0.235753
     0.999996   -0.00271451   0.000278932     -0.204472    0.00271171       0.99995     0.0095942      0.586532  -0.000304962    -0.0095934      0.999954     -0.259589
     0.999997   -0.00242089   0.000421733     -0.196883    0.00241658      0.999948    0.00995714      0.576975  -0.000445816   -0.00995609       0.99995     -0.270024
     0.999997    -0.0024454   0.000262813     -0.200676    0.00244276      0.999951    0.00960665      0.575802  -0.000286292   -0.00960598      0.999954     -0.257451
     0.999997   -0.00238001   0.000617894      -0.19129    0.00237424      0.999955    0.00918782      0.605983  -0.000639733   -0.00918633      0.999958     -0.274245
     0.999997      -0.00165   -0.00195436     -0.340647    0.00167652      0.999905     0.0136465       1.33934    0.00193166    -0.0136497      0.999905        -1.175
     0.999969    0.00623849   -0.00485722     -0.417758   -0.00608898      0.999525     0.0302107       2.19462    0.00504339    -0.0301802      0.999532      -2.22009
            1   0.000556994     0.0001521     -0.283105  -0.000559813      0.999815     0.0192137       1.12281   -0.00014137    -0.0192138      0.999815     -0.892302
     0.999998    0.00167325   -0.00116156     -0.354266   -0.00165031      0.999809     0.0194834       1.07525    0.00119393    -0.0194814       0.99981     -0.783516
     0.999999    0.00153774  -0.000511057      -0.31216   -0.00152851      0.999844     0.0175792       1.04627   0.000538009    -0.0175784      0.999845     -0.597538
            1   0.000890858    9.1732e-05     -0.294031  -0.000892325      0.999847     0.0174732       1.04787  -7.61518e-05    -0.0174733      0.999847     -0.576084
            1   0.000783902   0.000267423     -0.267941  -0.000788592      0.999837     0.0180138       1.03373  -0.000253259     -0.018014      0.999838     -0.602229
            1   0.000953357  -0.000226114     -0.275805  -0.000949153      0.999839      0.017916       1.03574   0.000243158    -0.0179158      0.999839     -0.609607
            1   0.000566716  -0.000577014     -0.285157  -0.000556326      0.999841     0.0178503       1.01886   0.000587038      -0.01785      0.999841     -0.586663
            1   0.000714647  -0.000241802     -0.261038  -0.000710408      0.999854     0.0170999       1.00837   0.000253987    -0.0170997      0.999854     -0.506323
            1   0.000634218  -0.000397964     -0.263773  -0.000627286      0.999852     0.0171844      0.980602   0.000408804    -0.0171841      0.999852     -0.490968
            1   0.000369311  -4.01947e-05     -0.250644  -0.000368598      0.999864     0.0165007       1.02309   4.62831e-05    -0.0165007      0.999864     -0.538935
            1    0.00026486   6.73903e-05     -0.246733  -0.000265937      0.999864     0.0165191      0.935902  -6.30059e-05    -0.0165191      0.999864      -0.42768
            1  -0.000305737   0.000513632     -0.236609   0.000298253      0.999895     0.0145095       1.08149  -0.000518014    -0.0145094      0.999895     -0.673095
            1  -0.000627772   1.98614e-05     -0.267958   0.000627472       0.99992     0.0125983       1.00971  -2.77687e-05    -0.0125983      0.999921     -0.687006
     0.999999  -0.000623418   0.000801089      -0.24472   0.000611368      0.999888     0.0149555      0.988041  -0.000810322     -0.014955      0.999888     -0.649894
     0.999999  -0.000392502    0.00142828     -0.228543   0.000370379       0.99988     0.0154565       0.90665   -0.00143418    -0.0154559       0.99988     -0.456937
     0.999999  -0.000328368    0.00135554     -0.218159   0.000306903      0.999875     0.0158052       0.93961   -0.00136056    -0.0158048      0.999874     -0.448961
     0.999999  -5.61153e-05    0.00113195     -0.199245   3.84274e-05      0.999878     0.0156201      0.866226   -0.00113269      -0.01562      0.999877     -0.401017
            1  -0.000159371   0.000880088     -0.194085   0.000145686      0.999879      0.015528      0.919212  -0.000882457    -0.0155279      0.999879     -0.367993
            1   -8.3966e-05   0.000199874     -0.213346   8.10477e-05      0.999894     0.0145563      0.982511  -0.000201075    -0.0145563      0.999894     -0.502307
            1    0.00018682  -0.000150315     -0.214451  -0.000184625      0.999895     0.0144713      0.833211   0.000153003    -0.0144713      0.999895     -0.437055
            1   0.000394411   -0.00023939     -0.229966   -0.00039077      0.999887     0.0150222      0.812224   0.000245288    -0.0150221      0.999887     -0.363309
            1   0.000625522  -0.000305455      -0.22983   -0.00062092       0.99989     0.0148421      0.858827   0.000314705    -0.0148419       0.99989     -0.337048
            1   0.000470605   -0.00014949     -0.228671   -0.00046835      0.999891     0.0147445      0.820674   0.000156412    -0.0147444      0.999891      -0.27311
            1   0.000299715  -0.000338477     -0.247898  -0.000294698      0.999891     0.0147286      0.847243   0.000342854    -0.0147285      0.999891     -0.331064
     0.999999    0.00119593   -0.00104878     -0.226999   -0.00118123      0.999903     0.0139057      0.784861     0.0010653    -0.0139044      0.999903     -0.226698
     0.999999    0.00130071  -0.000602118     -0.206271   -0.00129213      0.999901     0.0140363        0.8945   0.000620315    -0.0140355      0.999901     -0.322344
     0.999993   -0.00186038    0.00314751     -0.194835    0.00182538      0.999937     0.0110866      0.995687   -0.00316793    -0.0110808      0.999934     -0.615425
     0.999992   -0.00264624    0.00314922     -0.211402    0.00260782      0.999923     0.0121427      0.909355   -0.00318111    -0.0121344      0.999921     -0.511782
     0.999993   -0.00205626    0.00299719     -0.225366    0.00201134      0.999887     0.0149156      0.786795   -0.00302752    -0.0149095      0.999884     -0.378245
     0.999994   -0.00156414    0.00295066     -0.217606    0.00151885      0.999882      0.015287      0.827322   -0.00297422    -0.0152824      0.999879         -0.31
     0.999995    -0.0014768        0.0028     -0.214626    0.00143419      0.999884     0.0151606      0.835329   -0.00282207    -0.0151565      0.999881       -0.2662
     0.999995   -0.00141149    0.00283363        -0.216    0.00136704      0.999877      0.015628      0.864913   -0.00285534     -0.015624      0.999874       -0.2824
     0.999994   -0.00209175     0.0028411     -0.229992    0.00205146      0.999898     0.0141117       1.09815   -0.00287033    -0.0141058      0.999896     -0.679665
     0.999995   -0.00190149    0.00263389     -0.215314    0.00187415      0.999945     0.0103464       1.02487   -0.00265342    -0.0103414      0.999943     -0.688989
     0.999997   -0.00152584    0.00216133     -0.196451    0.00149762      0.999914     0.0130001      0.838368   -0.00218099    -0.0129968      0.999913     -0.530541
     0.999997   -0.00120454    0.00231117     -0.202057    0.00117127      0.999896     0.0143447      0.848905    -0.0023282     -0.014342      0.999894     -0.435394
     0.999996   -0.00106252    0.00247685     -0.214562    0.00102433      0.999881     0.0153688      0.822191   -0.00249288    -0.0153662      0.999879     -0.280859
     0.999994   -0.00165213    0.00315326      -0.21113    0.00160614      0.999893     0.0145305       0.81319   -0.00317693    -0.0145254      0.999889      -0.17498
     0.999995   -0.00163974    0.00257344      -0.22963    0.00160171      0.999891     0.0147092      0.794848   -0.00259728    -0.0147051      0.999889     -0.168188
     0.999995   -0.00159156    0.00268865      -0.23628    0.00155177       0.99989     0.0147382      0.789081   -0.00271181     -0.014734      0.999888     -0.166195
     0.999995   -0.00158315    0.00279759     -0.205928    0.00154741      0.999918     0.0127315      0.913003   -0.00281751    -0.0127271      0.999915     -0.374087
     0.999996   -0.00133032    0.00253519      -0.18095    0.00129456        0.9999     0.0140564      0.736939   -0.00255364     -0.014053      0.999898     -0.147431
     0.999997   -0.00135521    0.00207882     -0.225584    0.00132342      0.999883     0.0152159      0.845155    -0.0020992    -0.0152131      0.999882       -0.1657
     0.999999   0.000337666     0.0014116     -0.212754  -0.000368943      0.999753     0.0222159       1.50786   -0.00140375    -0.0222164      0.999752     -0.907348
     0.999997    0.00224587  -0.000492362     -0.121026   -0.00222112       0.99896     0.0455501       3.17964   0.000594149    -0.0455489      0.998962      -2.72799
     0.999995    0.00306655   6.37503e-07     -0.105952   -0.00306537      0.999606     0.0278832       1.58448   8.48679e-05    -0.0278831      0.999611      -1.01852
     0.999995    0.00320869   0.000427672     -0.105615   -0.00321777      0.999725      0.023249       1.23577  -0.000352955    -0.0232503       0.99973     -0.707619
     0.999997    0.00223336   0.000330547     -0.122794   -0.00223989      0.999771     0.0213019       1.21837  -0.000282897    -0.0213026      0.999773      -0.54782
     0.999998    0.00172076    0.00042403     -0.144022   -0.00172862      0.999812     0.0192995       1.09417   -0.00039074    -0.0193002      0.999814     -0.470557
     0.999998    0.00175958    7.5843e-07     -0.160876   -0.00175928      0.999822     0.0187585        1.0676   3.22488e-05    -0.0187585      0.999824     -0.460636
     0.999998    0.00184693  -5.96007e-05     -0.167186   -0.00184557      0.999838     0.0178989       1.03912    9.2649e-05    -0.0178987       0.99984     -0.405996
     0.999998    0.00185816  -0.000288468     -0.176734   -0.00185259      0.999832     0.0182166       1.03429   0.000322269    -0.0182161      0.999834     -0.411097
     0.999999    0.00141437   1.77597e-05      -0.18132   -0.00141447      0.999842     0.0177327        1.0234   7.32383e-06    -0.0177327      0.999843     -0.359153
     0.999998    0.00128118    0.00148976     -0.161852   -0.00130997      0.999809     0.0194837       1.48216   -0.00146451    -0.0194857      0.999809      -1.00506
     0.999991   -0.00140112    0.00409472     -0.131719    0.00132006      0.999804     0.0197321       1.64348   -0.00412157    -0.0197265      0.999797      -1.34046
     0.999997   -0.00109935    0.00220783     -0.189206    0.00105879      0.999832     0.0182871       0.75948   -0.00222756    -0.0182847       0.99983     -0.322019
     0.999998  -0.000621518    0.00201223     -0.182573   0.000584349       0.99983     0.0184196      0.982697   -0.00202333    -0.0184184      0.999828     -0.316473
     0.999999  -0.000369484    0.00126173      -0.20177   0.000346572      0.999836     0.0181116      0.957394   -0.00126821    -0.0181112      0.999835      -0.26221
            1  -0.000863507  -9.84555e-05     -0.253983   0.000865059      0.999854     0.0170415      0.875373   8.37257e-05    -0.0170416      0.999855    -0.0702405
     0.999999  -0.000785778   0.000710668     -0.237352   0.000774033      0.999866     0.0163781       0.85943  -0.000723442    -0.0163775      0.999866    -0.0842675
     0.999999  -0.000815668    0.00078108     -0.244718   0.000802824      0.999867     0.0163047      0.882236  -0.000794276    -0.0163041      0.999867     -0.142195
            1  -0.000595027   0.000737301     -0.224682   0.000583496      0.999879     0.0155416      0.838423   -0.00074646    -0.0155412      0.999879    -0.0871862
            1  -0.000709444   0.000400554     -0.230444   0.000703111      0.999878     0.0155962       0.80844  -0.000411569    -0.0155959      0.999878    -0.0710169
     0.999999   -0.00117803   0.000811763     -0.211519    0.00116524      0.999878     0.0155775      0.830408  -0.000830015    -0.0155765      0.999878     -0.108953
     0.999999   -0.00126578    0.00067315     -0.232084    0.00125608      0.999898     0.0142246       0.84155  -0.000691086    -0.0142237      0.999899     -0.138785
     0.999999  -0.000980477   0.000835739     -0.236052   0.000967767      0.999886      0.015075      0.765439  -0.000850425    -0.0150742      0.999886   -0.00360086
     0.999998   -0.00106378    0.00150889     -0.223217    0.00104148      0.999891     0.0146987       0.86118   -0.00152437    -0.0146971      0.999891     -0.138263
     0.999997  -0.000869053     0.0021948     -0.197012   0.000841357       0.99992     0.0125883       1.09447   -0.00220556    -0.0125864      0.999918      -0.57749
     0.999999   -0.00108865   0.000822393       -0.2184    0.00107811      0.999919     0.0127071      0.988356   -0.00083616    -0.0127062      0.999919     -0.517503
     0.999999   -0.00152563   0.000621078      -0.23104    0.00151671      0.999899     0.0141181      0.829326  -0.000642554    -0.0141171        0.9999     -0.349496
     0.999999   -0.00122073   0.000744971      -0.19686    0.00120991      0.999896     0.0143605      0.829826  -0.000762424    -0.0143596      0.999897     -0.214554
            1  -0.000837996   0.000525522     -0.199085   0.000830195      0.999892     0.0146737      0.824043  -0.000537762    -0.0146732      0.999892     -0.156546
            1  -0.000512103   0.000408677     -0.197412   0.000505885      0.999886     0.0150722      0.830626  -0.000416349     -0.015072      0.999886     -0.104899
            1  -0.000435067   0.000386755     -0.192429   0.000429111      0.999883     0.0152691      0.897797  -0.000393353     -0.015269      0.999883     -0.147691
            1  -0.000634465   0.000323589      -0.19893   0.000630216      0.999916     0.0129638       1.01962  -0.000331787    -0.0129636      0.999916     -0.383906
            1   -0.00046307  -9.95113e-06     -0.201128   0.000463163      0.999906       0.01371      0.826079   3.60149e-06      -0.01371      0.999906     -0.270117
            1  -0.000370038   0.000177091     -0.192953   0.000367444      0.999896     0.0144309      0.796925  -0.000182412    -0.0144308      0.999896     -0.140094
            1  -0.000119047    0.00015495     -0.186358   0.000116804      0.999896     0.0143938       0.80123  -0.000156648    -0.0143938      0.999896     -0.103785
            1  -8.91426e-05   1.17507e-05     -0.190403   8.89614e-05      0.999893      0.014612      0.808356   -1.3052e-05     -0.014612      0.999893    -0.0619131
            1  -0.000325202   0.000289382      -0.18926    0.00032096      0.999894     0.0145389      0.885941   -0.00029408    -0.0145388      0.999894     -0.149386
            1  -0.000219142  -0.000233308     -0.224399   0.000221703      0.999939     0.0110339       1.09034   0.000230876    -0.0110339      0.999939     -0.523966
     0.999994    0.00318858    0.00133455     0.0530849   -0.00322926      0.999493     0.0316788       2.58128   -0.00123287    -0.0316829      0.999497      -2.11728
     0.999998    0.00174385   0.000370262      -0.12833   -0.00174816      0.999927     0.0119838      0.783198  -0.000349337    -0.0119844      0.999928     -0.622513
     0.999998    0.00160586    0.00142403     -0.103438   -0.00162694      0.999887     0.0149254      0.918058    -0.0013999    -0.0149277      0.999888     -0.215576
     0.999995    0.00287392   -0.00144293      -0.11162   -0.00285488      0.999911     0.0130285      0.855409    0.00148025    -0.0130243      0.999914     -0.101476
      0.99999    0.00351694   -0.00260032     -0.111897   -0.00348269      0.999909     0.0130609       0.81187    0.00264602    -0.0130517      0.999911    -0.0194236
     0.999986    0.00384324   -0.00351882     -0.145492   -0.00379669      0.999906     0.0131409      0.784685    0.00356899    -0.0131274      0.999907     0.0184027
     0.999987    0.00371367   -0.00339764     -0.164491   -0.00366884      0.999907     0.0131073      0.893327      0.003446    -0.0130946      0.999908     -0.157804
     0.999985    0.00404834   -0.00376491     -0.169958   -0.00399783      0.999903     0.0133284      0.869088     0.0038185    -0.0133132      0.999904     -0.140269
     0.999985     0.0040021   -0.00364417      -0.15996   -0.00395288      0.999902     0.0134159       0.85767    0.00369751    -0.0134013      0.999903     -0.122989
     0.999983    0.00390417   -0.00429763     -0.157399   -0.00384587      0.999902     0.0134911      0.835707    0.00434987    -0.0134744        0.9999     -0.112773
     0.999978     0.0039754   -0.00527628     -0.211072   -0.00387179      0.999802     0.0195035       1.15693    0.00535277    -0.0194827      0.999796     -0.240612
     0.999983     0.0036569   -0.00452351     -0.191753   -0.00356506      0.999791     0.0201465       1.12366    0.00459623      -0.02013      0.999787     -0.115707
     0.999984    0.00386436   -0.00421958     -0.168403   -0.00377824      0.999788     0.0202295      0.998635    0.00429686    -0.0202132      0.999786    -0.0628119
     0.999986    0.00380552   -0.00368365      -0.17339    -0.0037321      0.999798     0.0197346      0.963378    0.00375801    -0.0197205      0.999798     0.0102247
     0.999987    0.00368534   -0.00361716     -0.182277    -0.0036129      0.999797     0.0198331      0.968385    0.00368952    -0.0198198      0.999797     0.0539706
     0.999989    0.00346883    -0.0032815     -0.177648   -0.00340382      0.999802     0.0196137       1.12052    0.00334888    -0.0196023      0.999802     -0.143849
     0.999987    0.00346287   -0.00364187     -0.182527   -0.00340058       0.99985      0.016973       1.17739     0.0037001    -0.0169604      0.999849     -0.278785
     0.999987    0.00343779   -0.00369238     -0.173683   -0.00337581      0.999855     0.0166641       0.92679    0.00374913    -0.0166514      0.999854    -0.0955699
     0.999989    0.00350341   -0.00297072      -0.16363    -0.0034501      0.999836     0.0177656      0.908647    0.00303248    -0.0177551      0.999838     -0.038394
     0.999989    0.00362296   -0.00313725     -0.153511   -0.00356583      0.999831     0.0180282      0.925308    0.00320204    -0.0180168      0.999833     0.0489055
     0.999989    0.00349255   -0.00325545     -0.152428   -0.00343444      0.999838     0.0176868      0.895352    0.00331669    -0.0176754      0.999838     0.0720156
     0.999988    0.00346918   -0.00353016     -0.159032   -0.00340735      0.999843     0.0173705      0.894986    0.00358987    -0.0173582      0.999843      0.112566
     0.999988    0.00346563   -0.00358671     -0.166438   -0.00340245      0.999842     0.0174735      0.907339     0.0036467    -0.0174611      0.999841      0.126911
     0.999988    0.00343844   -0.00342555     -0.160102   -0.00337984       0.99985     0.0169682      0.881258    0.00348338    -0.0169564       0.99985      0.133463
      0.99999    0.00319558   -0.00312387      -0.16701   -0.00315043      0.999892     0.0143535      0.991993     0.0031694    -0.0143435      0.999892     -0.121719
      0.99999    0.00276072   -0.00351967      -0.16429   -0.00271491      0.999912     0.0129522      0.949819    0.00355512    -0.0129425       0.99991       -0.1296
     0.999988    0.00282725   -0.00408088       -0.2028   -0.00276267      0.999872     0.0157444      0.848523    0.00412487     -0.015733      0.999868    -0.0390006
     0.999989    0.00286632   -0.00358287     -0.202905   -0.00280648      0.999858     0.0165958      0.887754    0.00362993    -0.0165856      0.999856     -0.037309
     0.999991    0.00307742   -0.00297519     -0.190507   -0.00303024      0.999872     0.0157352      0.897096    0.00302323     -0.015726      0.999872    -0.0204845
     0.999991    0.00309904   -0.00302156     -0.183563   -0.00305033      0.999867      0.015994      0.866956    0.00307073    -0.0159846      0.999868     0.0377476
     0.999989    0.00339508   -0.00310793     -0.188681   -0.00334421      0.999863     0.0162281       0.84331     0.0031626    -0.0162175      0.999863     0.0413783
     0.999993    0.00279623   -0.00232908     -0.160016   -0.00276558      0.999911     0.0130589       1.03638    0.00236539    -0.0130523      0.999912     -0.167108
     0.999991    0.00312043   -0.00274862      -0.15608   -0.00308334      0.999906     0.0133966      0.831398    0.00279016    -0.0133881      0.999906      -0.08823
     0.999989    0.00326586   -0.00327407     -0.170383   -0.00321638      0.999882     0.0150071      0.798861     0.0033227    -0.0149965      0.999882   -9.3692e-05
     0.999989    0.00320252   -0.00335454     -0.182947   -0.00315163      0.999881     0.0150684      0.857327     0.0034024    -0.0150576      0.999881     0.0152567
      0.99999    0.00324784   -0.00318958     -0.172151   -0.00320006      0.999884     0.0148733      0.843228    0.00323752     -0.014863      0.999884      0.065037
      0.99999    0.00333942   -0.00291337     -0.159298   -0.00329501       0.99988     0.0151177      0.849022    0.00296351    -0.0151079      0.999881     0.0729849
      0.99999    0.00313396   -0.00330613      -0.18288   -0.00308821      0.999901     0.0137515      0.705261    0.00334889    -0.0137412        0.9999      0.245172
      0.99999    0.00275477   -0.00359328     -0.212085   -0.00269062      0.999839     0.0177374       0.64604    0.00364156    -0.0177276      0.999836      0.613297
      0.99999    0.00278883    -0.0034223     -0.207032   -0.00274312      0.999908      0.013291      0.667649    0.00345905    -0.0132814      0.999906      0.273416
     0.999993    0.00259695   -0.00270277      -0.18415   -0.00256433      0.999925     0.0120025      0.634256    0.00273374    -0.0119955      0.999924      0.244011
     0.999994    0.00241497   -0.00260492     -0.186088   -0.00238151      0.999916     0.0127728      0.542127    0.00263554    -0.0127666      0.999915      0.375795
     0.999993    0.00247582   -0.00278556     -0.173618    -0.0024399      0.999915     0.0128272      0.578129    0.00281708    -0.0128204      0.999914      0.375352
