# 3dvolreg matrices (DICOM-to-DICOM, row-by-row):
     0.999934      0.010546    -0.0045256     -0.717394    -0.0105792      0.999917    -0.0073598       1.91405     0.0044476    0.00740719      0.999963     -0.174521
     0.999933     0.0106958   -0.00453004     -0.709456    -0.0107281      0.999917   -0.00717045       1.97023    0.00445297    0.00721856      0.999964     -0.169305
     0.999933     0.0108184    -0.0040892     -0.680153    -0.0108472      0.999916   -0.00707811       1.97786    0.00401228    0.00712199      0.999967     -0.165258
     0.999937     0.0105638   -0.00388527     -0.674374    -0.0105919      0.999917   -0.00726959       1.99967    0.00380815    0.00731028      0.999966     -0.185485
     0.999939     0.0101486   -0.00430235     -0.702451    -0.0101816      0.999918   -0.00771756       2.02667    0.00422368    0.00776089      0.999961     -0.247856
     0.999937     0.0104153   -0.00415103     -0.679981    -0.0104454      0.999919   -0.00728637       1.95066    0.00407481    0.00732927      0.999965     -0.168457
     0.999941    0.00996646   -0.00421303     -0.710488   -0.00999823      0.999921   -0.00758863       2.06395    0.00413706    0.00763031      0.999962     -0.291989
     0.999939     0.0102633    -0.0041949     -0.708408    -0.0102959      0.999916   -0.00782263        1.9599    0.00411426    0.00786534      0.999961     -0.199785
     0.999939     0.0102233   -0.00429264     -0.707825    -0.0102553      0.999919   -0.00747997       1.97821    0.00421582    0.00752354      0.999963     -0.218041
     0.999938     0.0102101   -0.00438778     -0.710969    -0.0102418      0.999921     -0.007269       2.00028    0.00431322    0.00731349      0.999964     -0.222777
     0.999936     0.0103329   -0.00464285     -0.709222     -0.010368      0.999917   -0.00759758       2.01205    0.00456397    0.00764523       0.99996     -0.209369
     0.999941    0.00998911   -0.00433139      -0.70763    -0.0100208      0.999923   -0.00736389       1.97766    0.00425749    0.00740686      0.999964     -0.198412
      0.99994     0.0099574   -0.00462477     -0.698535    -0.0099907      0.999924   -0.00723309       1.99744    0.00455239    0.00727886      0.999963     -0.199514
     0.999943    0.00991553   -0.00408011     -0.668618    -0.0099428      0.999928    -0.0067188       1.94941    0.00401319    0.00675898      0.999969    -0.0947494
     0.999944    0.00978874   -0.00413886     -0.682364   -0.00982069      0.999922   -0.00777022        1.9966    0.00406248    0.00781042      0.999961     -0.105172
     0.999939     0.0101078   -0.00441111      -0.68452    -0.0101423      0.999918   -0.00786381       1.92871    0.00433126    0.00790807      0.999959    -0.0779824
     0.999941     0.0101173   -0.00392219     -0.679234    -0.0101509      0.999911   -0.00865041       1.96395    0.00383432    0.00868971      0.999955      -0.10126
     0.999947    0.00962137   -0.00353167     -0.643604   -0.00965203      0.999915    -0.0087704        2.0753    0.00344698    0.00880403      0.999955     -0.329627
     0.999947    0.00945307   -0.00402942     -0.646261   -0.00950106      0.999882     -0.012062       2.05031    0.00391492     0.0120996      0.999919      -0.43021
     0.999953    0.00913518     -0.003162     -0.656029   -0.00916347      0.999917   -0.00905137       1.80829    0.00307905    0.00907992      0.999954     -0.162501
     0.999951    0.00942012   -0.00302977     -0.639056   -0.00944631      0.999917   -0.00874852       1.90269    0.00294711    0.00877671      0.999957     -0.113059
     0.999948    0.00969378   -0.00302598     -0.623364   -0.00971967      0.999915   -0.00866237       1.90862    0.00294176    0.00869133      0.999958     -0.108162
     0.999951    0.00944271   -0.00304017     -0.639294   -0.00946859      0.999918   -0.00861416       1.93366    0.00295858    0.00864252      0.999958     -0.117052
     0.999951    0.00932676   -0.00339811     -0.665374   -0.00935307      0.999926   -0.00780941       1.95574    0.00332502    0.00784081      0.999964     -0.126037
     0.999952     0.0092395   -0.00326567     -0.660439    -0.0092666      0.999922   -0.00838211       1.93766    0.00318796    0.00841197       0.99996     -0.118146
      0.99995    0.00946654   -0.00337083     -0.654187   -0.00949417      0.999921   -0.00827713       1.93437     0.0032922    0.00830872       0.99996     -0.127306
     0.999947    0.00983002   -0.00311985     -0.637704   -0.00985768      0.999911   -0.00897826       1.89376    0.00303132    0.00900854      0.999955    -0.0693172
     0.999954    0.00926625   -0.00251997     -0.618058   -0.00928742      0.999921   -0.00852289       1.98554    0.00244079     0.0085459      0.999961     -0.116369
     0.999935     0.0105254   -0.00430115     -0.678889    -0.0105353      0.999942   -0.00227565       2.79647    0.00427695    0.00232081      0.999988      -1.05551
     0.999944    0.00931989   -0.00502476     -0.743099   -0.00931777      0.999956   0.000445173       3.31628    0.00502869  -0.000398328      0.999987      -1.48373
     0.999933    0.00919217     -0.007102     -0.809573   -0.00917633      0.999955    0.00225939       2.59109    0.00712245   -0.00219407      0.999972     -0.999215
     0.999947    0.00888266   -0.00525098     -0.742796    -0.0088754       0.99996    0.00140472       2.57672    0.00526324   -0.00135804      0.999985     -0.597091
     0.999951    0.00889589   -0.00437094     -0.733773   -0.00889226       0.99996   0.000849068       2.56669    0.00437832  -0.000810159       0.99999     -0.597168
     0.999957    0.00849044   -0.00361213     -0.713799   -0.00848768      0.999964   0.000777919       2.58255     0.0036186  -0.000747228      0.999993     -0.551565
     0.999958    0.00850929   -0.00335239     -0.706249   -0.00850858      0.999964   0.000224859       2.50769    0.00335418  -0.000196325      0.999994     -0.553946
     0.999957    0.00858815   -0.00351268     -0.699846   -0.00859404      0.999962   -0.00166516        2.6157    0.00349824    0.00169528      0.999992     -0.734746
     0.999952    0.00861936   -0.00462321     -0.760438   -0.00862758      0.999961   -0.00175994       2.47638    0.00460786    0.00179974      0.999988     -0.662281
     0.999948    0.00921386   -0.00439824     -0.752236   -0.00921843      0.999957    -0.0010204       2.44605    0.00438865    0.00106089       0.99999     -0.548168
     0.999949    0.00918177   -0.00416979     -0.740537    -0.0091873      0.999957   -0.00130949       2.45685    0.00415759    0.00134773       0.99999     -0.512105
      0.99995    0.00911567   -0.00400526     -0.730922   -0.00912147      0.999957   -0.00143261       2.43046    0.00399203    0.00146908      0.999991     -0.487953
     0.999952    0.00898641   -0.00395536     -0.728614    -0.0089912      0.999959   -0.00119505       2.43846    0.00394446    0.00123055      0.999991     -0.462686
     0.999955    0.00906312   -0.00297085     -0.702768   -0.00906681      0.999958   -0.00122944       2.54075    0.00295958    0.00125632      0.999995     -0.594986
     0.999962    0.00804424   -0.00334225     -0.659325   -0.00801942      0.999941    0.00737331       3.70151    0.00340136   -0.00734623      0.999967      -1.73155
     0.999976    0.00571768   -0.00396742     -0.713443   -0.00567903      0.999937    0.00968662       3.38504    0.00402255   -0.00966385      0.999945      -1.44938
     0.999985    0.00488199   -0.00250889     -0.699524   -0.00485809      0.999944    0.00944632       3.02918    0.00255487   -0.00943399      0.999952     -0.981371
     0.999982    0.00536255   -0.00261181     -0.704627   -0.00533847      0.999944    0.00914026        2.9927    0.00266068   -0.00912615      0.999955      -0.82641
     0.999983     0.0052604   -0.00242218      -0.69233   -0.00523912      0.999948    0.00870925       2.99787    0.00246787   -0.00869641      0.999959     -0.765335
     0.999981    0.00536285   -0.00299942     -0.710147   -0.00533594      0.999946    0.00890918       2.98893    0.00304703     -0.008893      0.999956     -0.739678
     0.999979    0.00553688   -0.00328147     -0.731364   -0.00550618      0.999942     0.0092921       3.01202    0.00333273   -0.00927384      0.999951     -0.785217
     0.999977    0.00577769   -0.00349137     -0.732095   -0.00574648      0.999944    0.00888412       3.00178    0.00354251   -0.00886385      0.999954     -0.784272
     0.999977    0.00586032   -0.00348395     -0.723146   -0.00582794       0.99994    0.00923325       3.01971    0.00353785   -0.00921273      0.999951     -0.764608
     0.999977    0.00587003   -0.00353736     -0.716459   -0.00583902      0.999945    0.00871379       3.01783    0.00358832   -0.00869293      0.999956      -0.72484
     0.999976     0.0057517   -0.00379871     -0.721498   -0.00571835      0.999946    0.00873156       2.98348    0.00384872   -0.00870963      0.999955     -0.709831
     0.999976    0.00572399   -0.00391142     -0.726225   -0.00568972      0.999946    0.00871823       3.00447    0.00396111   -0.00869577      0.999954     -0.715603
     0.999974    0.00553062   -0.00453865     -0.743099   -0.00549695      0.999958    0.00739585       2.92132    0.00457936   -0.00737071      0.999962     -0.615334
     0.999973    0.00583171   -0.00448749     -0.749227   -0.00579664      0.999953    0.00778885       2.88251     0.0045327   -0.00776262       0.99996     -0.558287
     0.999977    0.00546277   -0.00409208     -0.769185   -0.00543508      0.999962     0.0067475       2.90655    0.00412878    -0.0067251      0.999969     -0.523751
     0.999975    0.00554758   -0.00428228     -0.761573   -0.00551443      0.999955    0.00771532        2.8427    0.00432489   -0.00769152      0.999961     -0.485056
     0.999973    0.00568284   -0.00457992     -0.761415   -0.00564795      0.999955    0.00759636       2.87658    0.00462288   -0.00757029      0.999961     -0.472323
     0.999973    0.00592762   -0.00439878     -0.746492   -0.00589495      0.999955     0.0074041       2.89239    0.00444247   -0.00737797      0.999963     -0.457566
     0.999973    0.00578915   -0.00454804     -0.757321   -0.00575408      0.999954    0.00768748       2.88695    0.00459233    -0.0076611       0.99996     -0.465291
     0.999971    0.00587459   -0.00478618     -0.763074   -0.00583813      0.999954    0.00759653       2.88078    0.00483058   -0.00756837       0.99996     -0.447981
     0.999971    0.00602821   -0.00460715     -0.751107   -0.00599411      0.999955    0.00737903       2.85337    0.00465143    -0.0073512      0.999962     -0.435775
     0.999974    0.00574175   -0.00434891      -0.77195   -0.00571092      0.999959    0.00706988       2.88354    0.00438932   -0.00704486      0.999966     -0.510605
     0.999967    0.00672838   -0.00447196     -0.740597   -0.00670678      0.999966     0.0048277       3.09764    0.00450429   -0.00479755      0.999978     -0.910987
     0.999962     0.0082687   -0.00276678     -0.485041   -0.00822676      0.999856     0.0148384       3.93185    0.00288907    -0.0148151      0.999886      -2.74178
     0.999961    0.00796992    -0.0037351     -0.652912   -0.00793464      0.999925    0.00936904       2.92121    0.00380949   -0.00933904      0.999949       -1.0375
     0.999938    0.00977848   -0.00540765     -0.666398   -0.00973115      0.999915     0.0087103       2.88965    0.00549236   -0.00865714      0.999947     -0.598967
     0.999926    0.00983934   -0.00714317      -0.70122   -0.00976218      0.999894     0.0107581       2.86673    0.00724826    -0.0106875      0.999917     -0.549712
     0.999926     0.0096313   -0.00749205     -0.725439   -0.00956049       0.99991    0.00943077       2.85134    0.00758221   -0.00935844      0.999927      -0.45712
      0.99993     0.0094421   -0.00719181     -0.735236   -0.00937218      0.999909    0.00969483        2.8962     0.0072827   -0.00962674      0.999927     -0.539941
     0.999937    0.00871648     -0.007045      -0.75603   -0.00865618      0.999926    0.00854565       2.92854    0.00711896   -0.00848413      0.999939     -0.643384
     0.999932    0.00908913   -0.00728917     -0.741744   -0.00902622      0.999922    0.00861691        2.8099    0.00736692   -0.00855053      0.999936     -0.596327
     0.999928    0.00929918    -0.0076362     -0.750666   -0.00923341       0.99992    0.00860354       2.83756     0.0077156    -0.0085324      0.999934     -0.571215
     0.999925    0.00952357   -0.00764326     -0.747167   -0.00945826      0.999919    0.00853628       2.83362    0.00772393   -0.00846335      0.999934     -0.545616
      0.99993    0.00926114   -0.00735493      -0.74174   -0.00920228      0.999926    0.00799767        2.8247    0.00742845   -0.00792943      0.999941     -0.499473
      0.99994    0.00874359   -0.00661698     -0.708064   -0.00869454      0.999935    0.00740493       2.92104     0.0066813   -0.00734696      0.999951     -0.667332
     0.999943    0.00839227   -0.00666643     -0.737759   -0.00835504      0.999949    0.00559324       2.87663    0.00671303   -0.00553722      0.999962     -0.700236
     0.999947    0.00801712    -0.0064312     -0.772183   -0.00797025      0.999942     0.0072812        2.7607     0.0064892   -0.00722956      0.999953     -0.571533
     0.999955    0.00763385   -0.00567401     -0.739157    -0.0075845      0.999934    0.00866925       2.85708    0.00573981   -0.00862582      0.999946     -0.547698
     0.999944    0.00832549   -0.00659099     -0.734849   -0.00827101      0.999932    0.00825054       2.84051    0.00665923   -0.00819556      0.999944     -0.504047
     0.999945    0.00809979   -0.00672779     -0.755478   -0.00804471      0.999934    0.00817418        2.8342    0.00679355    -0.0081196      0.999944     -0.494922
     0.999949    0.00783914   -0.00636153     -0.751145   -0.00778678      0.999936    0.00821465       2.85096    0.00642552   -0.00816469      0.999946     -0.470696
     0.999957    0.00727058   -0.00572013     -0.739954   -0.00722721      0.999945     0.0075664       2.88725    0.00577483   -0.00752474      0.999955     -0.517778
     0.999959    0.00680627   -0.00594794     -0.751059   -0.00676794      0.999956    0.00644074       2.84913    0.00599151   -0.00640022      0.999962     -0.547795
     0.999956    0.00716932   -0.00603883     -0.737998   -0.00712119      0.999943    0.00795454       2.80791    0.00609552   -0.00791119       0.99995     -0.515153
     0.999959    0.00719554   -0.00541488     -0.733714   -0.00714918      0.999938    0.00853393       2.89778    0.00547595   -0.00849487      0.999949     -0.587165
     0.999958    0.00701808   -0.00583714      -0.79166   -0.00696913      0.999941     0.0083651       2.88687     0.0058955   -0.00832407      0.999948     -0.581033
     0.999959    0.00694345   -0.00583584     -0.769036   -0.00689683      0.999944    0.00797049       2.96936    0.00589086   -0.00792992      0.999951     -0.678692
      0.99996    0.00642261   -0.00617431     -0.794787   -0.00638513      0.999961      0.006072       2.86514    0.00621307   -0.00603234      0.999963     -0.663658
     0.999956     0.0064254   -0.00690736     -0.814629   -0.00636999      0.999948    0.00801351       2.89502    0.00695849   -0.00796916      0.999944     -0.627721
     0.999957    0.00658076   -0.00659647     -0.802255   -0.00653473      0.999954    0.00697546         2.931    0.00664208   -0.00693205      0.999954     -0.646452
     0.999963    0.00641523   -0.00579795      -0.73984   -0.00637398      0.999954    0.00710512       2.80391    0.00584327    -0.0070679      0.999958     -0.561092
     0.999965    0.00631354   -0.00550484     -0.752636   -0.00627847       0.99996    0.00636342       2.88242    0.00554479   -0.00632863      0.999965      -0.61364
     0.999961    0.00679515   -0.00568003     -0.746067   -0.00675387      0.999951    0.00725624       2.83954    0.00572905   -0.00721759      0.999958     -0.595676
     0.999963    0.00650379   -0.00566098     -0.765541   -0.00646418      0.999955    0.00698645       2.86181    0.00570617   -0.00694959       0.99996     -0.635232
     0.999961    0.00673242   -0.00567996     -0.760558   -0.00669276      0.999953    0.00697216       2.83749    0.00572664   -0.00693388       0.99996     -0.588105
     0.999962    0.00683829   -0.00535717     -0.740462   -0.00680226      0.999954     0.0067142        2.8366    0.00540284   -0.00667751      0.999963     -0.575286
     0.999962    0.00675509   -0.00546251     -0.747868   -0.00671694      0.999953    0.00697154        2.8747    0.00550935   -0.00693458      0.999961     -0.638867
     0.999967    0.00664321   -0.00475502      -0.73334   -0.00662365       0.99997    0.00411634       2.99308    0.00478222   -0.00408471       0.99998     -0.844297
     0.999971    0.00697227   -0.00296028     -0.671146   -0.00694426      0.999932    0.00936918       3.24593     0.0030254   -0.00934835      0.999952      -1.21224
     0.999976    0.00605073   -0.00326722     -0.694482   -0.00601645      0.999928     0.0104027       3.05164    0.00332993    -0.0103828      0.999941      -1.02535
     0.999972    0.00647256   -0.00385677     -0.703313   -0.00643185      0.999924     0.0104743       3.01871    0.00392427    -0.0104492      0.999938     -0.881532
     0.999966    0.00714721    -0.0040033     -0.679634   -0.00710915       0.99993    0.00944101       3.01243    0.00407049   -0.00941224      0.999947     -0.822525
     0.999956    0.00809435   -0.00480763     -0.747444    -0.0080501      0.999926    0.00915414       2.94067    0.00488137   -0.00911503      0.999947     -0.732247
     0.999958    0.00764941   -0.00512746     -0.757653   -0.00760794      0.999939    0.00805953       2.93712     0.0051888   -0.00802018      0.999954     -0.668512
     0.999951    0.00794418   -0.00584861     -0.784886   -0.00789864      0.999939    0.00776891       2.94358    0.00590997   -0.00772234      0.999953     -0.733267
     0.999953    0.00776689   -0.00585482     -0.774298   -0.00772364      0.999943    0.00737313       2.86627    0.00591175   -0.00732756      0.999956     -0.696635
     0.999955    0.00782189    -0.0053237     -0.764396   -0.00778094       0.99994     0.0076696       2.89866    0.00538337   -0.00762784      0.999956     -0.639098
     0.999957    0.00773094   -0.00512986     -0.742893   -0.00769469      0.999946    0.00704873       2.83961    0.00518407   -0.00700895      0.999962     -0.545434
     0.999966    0.00675569   -0.00468859     -0.756268   -0.00672182      0.999951    0.00720269       2.95153    0.00473703   -0.00717093      0.999963     -0.719862
     0.999968    0.00639343    -0.0047651      -0.75793    -0.0063634       0.99996    0.00628971       2.85564    0.00480512   -0.00625919      0.999969     -0.651522
     0.999966    0.00666055   -0.00489848     -0.750802   -0.00662567      0.999953    0.00710213       2.81057    0.00494555   -0.00706943      0.999963     -0.559686
     0.999965    0.00666802   -0.00500275     -0.746446   -0.00663028       0.99995    0.00752162       2.87954    0.00505265   -0.00748819      0.999959     -0.582594
     0.999973    0.00591485   -0.00432046     -0.741113   -0.00589036      0.999967     0.0056579       2.95922    0.00435378    -0.0056323      0.999975     -0.639262
     0.999976    0.00570401   -0.00396186     -0.727626   -0.00568228      0.999969    0.00547522       3.08003    0.00399296   -0.00545257      0.999977     -0.893026
     0.999962    0.00736223   -0.00456848     -0.649883   -0.00734732      0.999968    0.00327298       3.23872    0.00459243   -0.00323929      0.999984      -1.29208
     0.999969    0.00594747   -0.00511218     -0.696146   -0.00592111      0.999969    0.00515754       3.03061     0.0051427   -0.00512711      0.999974      -1.04616
     0.999971    0.00585938   -0.00478253     -0.703685   -0.00582161      0.999952    0.00787393       2.99815    0.00482844   -0.00784586      0.999958     -0.966371
      0.99997    0.00602548   -0.00482868     -0.705134   -0.00598735      0.999951    0.00787253       2.98168    0.00487588   -0.00784338      0.999957     -0.808462
     0.999968    0.00652795   -0.00463026     -0.692186   -0.00649285       0.99995    0.00755627       2.92381    0.00467936   -0.00752596      0.999961      -0.66586
     0.999965     0.0060923   -0.00576435     -0.747201   -0.00603454      0.999932    0.00998585       2.72904    0.00582479   -0.00995071      0.999934     -0.188529
     0.999927    0.00822349   -0.00882434     -0.909832   -0.00808455      0.999845     0.0156665       2.54557    0.00895181     -0.015594      0.999838      0.396475
     0.999881     0.0113424    -0.0104375     -0.777915    -0.0112143      0.999862     0.0122558       2.82627     0.0105751    -0.0121373       0.99987     -0.293152
     0.999912     0.0105321   -0.00806814     -0.757337    -0.0104625      0.999908    0.00862274       2.99205    0.00815822   -0.00853757       0.99993     -0.829271
     0.999953    0.00863455    -0.0043579     -0.563676   -0.00856932      0.999854     0.0147692       4.04087    0.00448479    -0.0147312      0.999881      -2.21057
     0.999952    0.00765328   -0.00616695     -0.568583   -0.00753336      0.999787     0.0192406        3.7343    0.00631289    -0.0191932      0.999796      -2.09872
     0.999957    0.00852254    -0.0037131     -0.575636   -0.00844104      0.999735     0.0214359       3.48908     0.0038948    -0.0214037      0.999763      -1.52997
      0.99995    0.00905274   -0.00417354     -0.588284   -0.00895589      0.999703      0.022668       3.51986    0.00437751    -0.0226295      0.999734      -1.21387
     0.999949     0.0089761    -0.0045361     -0.587322   -0.00887278      0.999712     0.0223065       3.51455    0.00473502    -0.0222651      0.999741      -1.15851
     0.999945    0.00909811    -0.0052306     -0.630059   -0.00898208      0.999722     0.0217937        3.5016    0.00542743    -0.0217455      0.999749      -1.14709
     0.999944    0.00931614   -0.00506147     -0.639136   -0.00920683      0.999733     0.0212059       3.49961    0.00525767    -0.0211582      0.999762      -1.14724
     0.999945    0.00951893    -0.0043436     -0.594249   -0.00943047      0.999756     0.0199507       3.43544    0.00453245    -0.0199086      0.999792      -1.08412
     0.999948    0.00895575    -0.0049189     -0.628511   -0.00887747      0.999837     0.0157123       3.27562    0.00505882    -0.0156678      0.999864      -1.05716
     0.999922    0.00876118   -0.00891223     -0.861489   -0.00865378       0.99989     0.0120188       3.13063    0.00901655    -0.0119408      0.999888     -0.807952
     0.999881     0.0108682    -0.0109637     -0.878812     -0.010704      0.999831     0.0149301       3.07988     0.0111242    -0.0148109      0.999828      -1.17232
     0.999924     0.0056519     -0.010942     -0.917985   -0.00561332      0.999978     0.0035535       3.08041     0.0109618   -0.00349181      0.999934     -0.900799
     0.999941    0.00428706    -0.0100143     -0.933018   -0.00423016      0.999975     0.0056958       3.05402     0.0100385    -0.0056531      0.999934      -1.10173
     0.999963    0.00245214   -0.00823216     -0.750621   -0.00239636      0.999974    0.00677899       3.49159    0.00824857   -0.00675902      0.999943      -1.30114
     0.999968    0.00258797   -0.00756444     -0.737891   -0.00253363      0.999971    0.00718403       3.29958    0.00758281   -0.00716463      0.999946      -1.30725
     0.999974    0.00538219   -0.00471621     -0.651196    -0.0053171      0.999892      0.013708       3.29119    0.00478948    -0.0136826      0.999895      -1.11858
     0.999955     0.0073573   -0.00598738     -0.690899   -0.00728001      0.999891     0.0128297       3.03636    0.00608112    -0.0127855        0.9999     -0.826415
     0.999943    0.00761721   -0.00748107     -0.694113   -0.00751882      0.999886     0.0130926       3.07806    0.00757995    -0.0130356      0.999886     -0.654382
     0.999949    0.00740556   -0.00690765     -0.688521   -0.00731932      0.999896     0.0124272       3.07052    0.00699897     -0.012376      0.999899     -0.670013
     0.999949     0.0076895   -0.00655569     -0.686636   -0.00760756      0.999894     0.0124328       3.04234     0.0066506    -0.0123823      0.999901      -0.67949
     0.999948    0.00781787   -0.00651622     -0.677457   -0.00773763      0.999895     0.0122487        3.0199     0.0066113    -0.0121977      0.999904     -0.649474
     0.999948    0.00779954   -0.00653711     -0.665027   -0.00772247      0.999901      0.011733       3.01966    0.00662798    -0.0116819       0.99991     -0.611979
     0.999948    0.00781601   -0.00656513     -0.659284   -0.00773994      0.999904     0.0115331       2.98821    0.00665464    -0.0114817      0.999912     -0.600176
     0.999946    0.00789663   -0.00668588     -0.654269   -0.00782109      0.999906     0.0112501       2.96809    0.00677409    -0.0111972      0.999914     -0.577732
     0.999945    0.00806396   -0.00671236     -0.653573   -0.00798974      0.999907     0.0110122       2.94901    0.00680054     -0.010958      0.999917     -0.531526
     0.999945    0.00807705   -0.00664446     -0.648929   -0.00800247      0.999906     0.0111752       2.95784    0.00673409    -0.0111214      0.999915     -0.494827
     0.999947    0.00797627   -0.00644389     -0.640062   -0.00790463      0.999908     0.0110666       2.96076    0.00653156     -0.011015      0.999918     -0.494459
     0.999951    0.00767704   -0.00623739     -0.652631   -0.00761272      0.999918      0.010272       2.98944    0.00631574     -0.010224      0.999928     -0.531546
     0.999946     0.0079796   -0.00658618     -0.648351   -0.00790743      0.999909     0.0109118       2.91099    0.00667265    -0.0108592      0.999919     -0.452828
     0.999947    0.00802393   -0.00644987     -0.653322   -0.00795221      0.999907     0.0110701       2.92001     0.0065381    -0.0110182      0.999918     -0.445904
     0.999947    0.00815079   -0.00625415     -0.631159   -0.00808481      0.999912      0.010503       2.92693    0.00633921    -0.0104519      0.999925     -0.372593
     0.999949    0.00807727   -0.00614347     -0.622367   -0.00801033      0.999909     0.0108438        2.9088     0.0062305     -0.010794      0.999922     -0.372554
     0.999946    0.00827326    -0.0063628     -0.631583    -0.0081989      0.999899     0.0116242       2.92815    0.00645833    -0.0115714      0.999912     -0.382681
     0.999961    0.00693131   -0.00540735     -0.646688   -0.00687223      0.999917      0.010868       3.14876    0.00548223    -0.0108304      0.999926     -0.687951
     0.999962    0.00667347   -0.00556343     -0.661698   -0.00662302      0.999937     0.0090379       3.07195     0.0056234   -0.00900072      0.999944     -0.688282
     0.999962    0.00684088   -0.00542429     -0.675582   -0.00678647      0.999927    0.00998559       2.91249    0.00549221    -0.0099484      0.999935     -0.567579
     0.999963    0.00696725   -0.00506156     -0.664524   -0.00691875      0.999931    0.00953753       2.91761    0.00512766   -0.00950216      0.999942     -0.484994
     0.999961     0.0070892   -0.00529793     -0.664599   -0.00703572      0.999925      0.010045       2.95276    0.00536874    -0.0100073      0.999936     -0.457545
     0.999959    0.00711809   -0.00562197     -0.679921   -0.00706186      0.999925    0.00995825       2.93057    0.00569243   -0.00991814      0.999935     -0.462073
     0.999958    0.00710127   -0.00575855     -0.688008   -0.00704649       0.99993    0.00947855       2.93909    0.00582546   -0.00943757      0.999938     -0.457623
     0.999958    0.00725824   -0.00567748     -0.672672   -0.00720335      0.999928    0.00962896       2.89972    0.00574696   -0.00958765      0.999938     -0.427338
     0.999958    0.00716668   -0.00573585     -0.673136   -0.00710845      0.999924     0.0101075       2.93426    0.00580785    -0.0100663      0.999932      -0.46673
     0.999964      0.006732   -0.00511954     -0.664311   -0.00668604      0.999938    0.00894258       3.09291    0.00517942   -0.00890803      0.999947     -0.646345
     0.999963    0.00680098   -0.00522196     -0.662096   -0.00676166      0.999949    0.00751191       2.94852    0.00527278   -0.00747632      0.999958     -0.580247
     0.999959    0.00698704   -0.00580035     -0.687488   -0.00693191      0.999931    0.00947073       2.84512    0.00586612   -0.00943013      0.999938     -0.481601
     0.999962    0.00683693   -0.00546657     -0.679496   -0.00678654      0.999935    0.00918328       2.94953      0.005529   -0.00914583      0.999943     -0.468986
     0.999961    0.00679772   -0.00568812       -0.6872   -0.00674091      0.999928     0.0099488       2.92556    0.00575534   -0.00991006      0.999934     -0.458189
     0.999963     0.0065336   -0.00562219     -0.701692   -0.00647815      0.999931    0.00982636       3.00762      0.005686   -0.00978957      0.999936     -0.539665
      0.99996    0.00655608   -0.00602627     -0.725003   -0.00649617       0.99993    0.00990701        2.9317     0.0060908   -0.00986747      0.999933     -0.472937
      0.99996    0.00711902   -0.00535039     -0.689571   -0.00706532      0.999925    0.00998982       2.97875    0.00542111   -0.00995162      0.999936      -0.52582
     0.999959    0.00730557   -0.00537883     -0.684525   -0.00725125      0.999923       0.01005       2.92045    0.00545183    -0.0100105      0.999935     -0.467909
     0.999962    0.00693186   -0.00534659     -0.702732   -0.00687803      0.999926     0.0100218       2.97061    0.00541567   -0.00998465      0.999935     -0.513705
      0.99996    0.00728267   -0.00528672     -0.676546    -0.0072303      0.999925    0.00985837       2.91831    0.00535812   -0.00981975      0.999937     -0.467064
     0.999957    0.00730857   -0.00565148     -0.686694   -0.00724999       0.99992     0.0103175       2.93458    0.00572644    -0.0102761      0.999931     -0.476059
     0.999963    0.00701596   -0.00493206     -0.670711   -0.00696557      0.999924     0.0101604       3.03103    0.00500297    -0.0101257      0.999936     -0.567115
     0.999965    0.00663859   -0.00505653     -0.662845   -0.00660269      0.999953    0.00708252       3.08132    0.00510331   -0.00704889      0.999962      -0.71997
     0.999954     0.0091799   -0.00284515     -0.399626    -0.0091348      0.999838      0.015477       3.85724    0.00298677    -0.0154503      0.999876      -1.44318
      0.99995    0.00899574   -0.00426457      -0.36169   -0.00892539      0.999828     0.0162359       4.09637    0.00440989     -0.016197      0.999859      -1.67699
     0.999987    0.00492573   -0.00143934     -0.541713   -0.00490585      0.999897     0.0134988       3.33238    0.00150568    -0.0134916      0.999908      -1.05778
      0.99998    0.00583132   -0.00257675     -0.558092   -0.00579248      0.999873      0.014835        3.3669    0.00266293    -0.0148198      0.999887     -0.900779
     0.999973    0.00640676   -0.00348249     -0.584355   -0.00635343      0.999866     0.0151153       3.32116    0.00357886    -0.0150928       0.99988     -0.788255
     0.999962    0.00714465   -0.00495031     -0.607208   -0.00707614      0.999881     0.0137218       3.14144    0.00504775    -0.0136863      0.999894     -0.616548
     0.999946    0.00737274   -0.00734624     -0.661634   -0.00729678       0.99992     0.0103145       3.05234     0.0074217    -0.0102604       0.99992     -0.490054
      0.99995    0.00714874   -0.00692525      -0.65637    -0.0070806      0.999927     0.0098151        3.0323    0.00699491   -0.00976558      0.999928     -0.530935
     0.999947    0.00753433   -0.00696259     -0.632325   -0.00746087      0.999917     0.0105168       2.97694    0.00704125    -0.0104643       0.99992     -0.412122
     0.999949    0.00743142   -0.00679093     -0.643757   -0.00736233      0.999921     0.0101424       3.05315    0.00686577    -0.0100919      0.999926      -0.49817
     0.999944    0.00795393   -0.00691403     -0.604529   -0.00787815      0.999909     0.0109194        2.9561    0.00700025    -0.0108643      0.999916     -0.554489
     0.999939    0.00842986   -0.00713882     -0.640849   -0.00835644      0.999913     0.0102535       2.88805    0.00722463    -0.0101933      0.999922     -0.377186
     0.999938    0.00813562   -0.00760689     -0.638398   -0.00805983      0.999918     0.0099416        2.9703    0.00768714   -0.00987967      0.999922     -0.364464
     0.999935    0.00819495    -0.0079491     -0.649819   -0.00811271      0.999914     0.0103229       2.96966    0.00803301    -0.0102577      0.999915     -0.390907
     0.999939    0.00782351   -0.00779964     -0.662114   -0.00775465      0.999931    0.00881984       3.00856    0.00786811   -0.00875882      0.999931     -0.487181
     0.999943    0.00819265    -0.0068806     -0.651947   -0.00812168      0.999914     0.0102803       3.00953    0.00696424    -0.0102239      0.999923     -0.587921
     0.999938     0.0081933   -0.00755954     -0.674827   -0.00812066      0.999921    0.00958979       2.92631    0.00763751   -0.00952781      0.999925     -0.382805
     0.999949    0.00731223   -0.00693187     -0.662151   -0.00725088      0.999935    0.00883465       3.16212    0.00699602   -0.00878393      0.999937     -0.698388
     0.999934    0.00836874   -0.00788326     -0.713446   -0.00833439      0.999956    0.00438061       2.83212    0.00791957   -0.00431462      0.999959     -0.545253
     0.999935    0.00880752   -0.00727051     -0.660503   -0.00873464      0.999912    0.00999563       2.97021     0.0073579   -0.00993147      0.999924      -0.42303
     0.999936    0.00856124   -0.00734433     -0.661107   -0.00847594      0.999897     0.0115683        2.9388    0.00744261    -0.0115053      0.999906     -0.333476
     0.999941    0.00801545   -0.00729465     -0.705364   -0.00792459      0.999892     0.0124011       2.91095    0.00739326    -0.0123425      0.999896     -0.167557
     0.999935    0.00816858   -0.00789443     -0.705776    -0.0080785      0.999903     0.0113747       2.89695    0.00798657    -0.0113102      0.999904     -0.146727
     0.999935    0.00809861   -0.00802713     -0.713213   -0.00801181       0.99991      0.010787       2.85822    0.00811377     -0.010722       0.99991      -0.13147
     0.999934    0.00811848   -0.00812048     -0.731551   -0.00803084       0.99991     0.0107675       2.85389    0.00820716    -0.0107016      0.999909     -0.137557
     0.999936    0.00841931   -0.00760957     -0.727687   -0.00835248      0.999927    0.00877291       2.85703    0.00768287   -0.00870879      0.999933     -0.208468
     0.999924    0.00882473   -0.00860534     -0.696307   -0.00872672      0.999897     0.0113617       2.77991    0.00870472    -0.0112857      0.999898     -0.130281
      0.99992    0.00896154   -0.00892327     -0.714945   -0.00886054      0.999897     0.0112948       2.82449    0.00902357    -0.0112148      0.999896     -0.115559
     0.999923    0.00885892    -0.0086365     -0.714951   -0.00876452      0.999902      0.010907        2.8384    0.00873228    -0.0108304      0.999903      -0.16507
     0.999929    0.00882338   -0.00799252     -0.711269   -0.00874744      0.999917    0.00948803       2.95765    0.00807557   -0.00941744      0.999923     -0.350013
     0.999937    0.00895815   -0.00682292     -0.645578   -0.00892202      0.999946    0.00530887       2.99555    0.00687011   -0.00524766      0.999963     -0.580316
     0.999926    0.00882941   -0.00838811     -0.697747   -0.00877156      0.999938    0.00690899       2.82119    0.00844859    -0.0068349      0.999941     -0.476177
     0.999923    0.00919586   -0.00836031     -0.695079   -0.00912647      0.999924    0.00830067       2.72655      0.008436   -0.00822372      0.999931      -0.27982
     0.999924    0.00929116   -0.00807281     -0.674342   -0.00922305      0.999922    0.00843295        2.7395    0.00815053   -0.00835785      0.999932     -0.213047
     0.999923    0.00957395   -0.00786163     -0.659568   -0.00951213      0.999924    0.00786366       2.78341    0.00793632   -0.00778828      0.999938      -0.15114
     0.999919    0.00944467   -0.00850726     -0.688385   -0.00936792      0.999915    0.00901721       2.79857    0.00859171   -0.00893678      0.999923       -0.2087
     0.999913    0.00942482   -0.00924704     -0.725561   -0.00934318      0.999917    0.00883302       2.92149    0.00932952   -0.00874585      0.999918     -0.430636
     0.999907    0.00989127   -0.00937576     -0.708107   -0.00981035      0.999915    0.00863805        2.8192     0.0094604   -0.00854526      0.999919     -0.421375
     0.999911    0.00968797   -0.00922275     -0.704297   -0.00960842      0.999917    0.00863122       2.79699     0.0093056   -0.00854183       0.99992     -0.344399
     0.999922    0.00971659   -0.00788123     -0.673225   -0.00965025      0.999918    0.00841254       2.92484    0.00796232   -0.00833582      0.999934     -0.510404
     0.999924    0.00886589   -0.00861521      -0.69733   -0.00880674      0.999938    0.00687869       2.83083    0.00867566    -0.0068023      0.999939     -0.466301
     0.999937    0.00740137   -0.00845631     -0.737023   -0.00732795      0.999935    0.00867985       2.81643    0.00852001   -0.00861733      0.999927     -0.401783
      0.99994    0.00735744   -0.00811814     -0.725838   -0.00729568      0.999944    0.00761086       2.88687    0.00817368   -0.00755117      0.999938     -0.424828
     0.999918    0.00879828   -0.00934659     -0.692501      -0.00872      0.999927    0.00838269       2.88255    0.00941966    -0.0083005      0.999921      -0.39111
     0.999854     0.0119077    -0.0122605     -0.742795    -0.0118741      0.999926     0.0028087       2.49994      0.012293    -0.0026627      0.999921     -0.247789
     0.999859     0.0126946    -0.0110017      -0.71076     -0.012647       0.99991    0.00438496       2.78866     0.0110564    -0.0042452       0.99993     -0.336735
     0.999848     0.0128857    -0.0117796       -0.7299    -0.0128546      0.999914    0.00271099        2.7339     0.0118136   -0.00255915      0.999927     -0.231399
     0.999837     0.0135573    -0.0119513     -0.718999    -0.0135282      0.999905    0.00251179        2.6633     0.0119842    -0.0023497      0.999925     -0.169056
     0.999837     0.0134371    -0.0120978     -0.720814    -0.0134048      0.999906    0.00275138       2.69447     0.0121337   -0.00258876      0.999923       -0.2042
     0.999836     0.0135905    -0.0119564     -0.722466    -0.0135676      0.999906    0.00199735       2.72306     0.0119824    -0.0018348      0.999927     -0.280533
     0.999831     0.0139675    -0.0119325      -0.70956     -0.013938        0.9999     0.0025547       2.67301      0.011967   -0.00238796      0.999926     -0.237635
     0.999831     0.0138227    -0.0121419     -0.726776    -0.0138023      0.999903    0.00175488       2.70436     0.0121649     -0.001587      0.999925     -0.232401
     0.999831     0.0138497    -0.0121088     -0.702336     -0.013826      0.999902    0.00204592        2.6799     0.0121359   -0.00187816      0.999925     -0.193149
     0.999836     0.0134107    -0.0121395     -0.723721    -0.0134068       0.99991   0.000405029       2.71194     0.0121439  -0.000242211      0.999926     -0.260183
     0.999825     0.0142001    -0.0122129     -0.712173    -0.0141806      0.999898     0.0016783       2.56845     0.0122355   -0.00150482      0.999924     -0.148092
     0.999838      0.013672    -0.0117404     -0.699126    -0.0136727      0.999907   1.55795e-05       2.74997     0.0117395   0.000144946      0.999931     -0.304949
