# 3dvolreg matrices (DICOM-to-DICOM, row-by-row):
            1  -0.000254313   0.000125297     -0.016787   0.000254275             1   0.000300676     0.0244374  -0.000125373  -0.000300644             1     0.0441613
            1  -0.000371204   0.000131774    -0.0343781   0.000371252             1  -0.000363169     0.0814334  -0.000131639   0.000363217             1     0.0981869
            1   8.00073e-11  -1.01866e-10   -2.9279e-09  -8.00073e-11             1  -7.18717e-11   -2.1906e-09   1.01866e-10   7.18717e-11             1  -1.10188e-09
            1  -0.000238977   0.000200787    -0.0233612   0.000239067             1  -0.000445131     0.0552269   -0.00020068   0.000445179             1    0.00678759
            1   -0.00041073  -0.000149766    -0.0111067    0.00041073             1  -3.16818e-06      -0.01268   0.000149767   3.10666e-06             1    -0.0799546
            1  -0.000663841  -0.000311459    -0.0620869   0.000663676             1  -0.000528677     0.0482863   0.000311809    0.00052847             1    -0.0747972
            1  -0.000393794  -0.000330098    -0.0197695   0.000393671             1  -0.000372217    -0.0337609   0.000330244   0.000372087             1     -0.127064
            1  -0.000607348   0.000185377    -0.0423282   0.000607565      0.999999   -0.00117255     0.0605938  -0.000184665    0.00117266      0.999999     -0.100776
            1  -0.000376185  -0.000138388   -0.00921654   0.000376095             1  -0.000648538  -9.43506e-05   0.000138632   0.000648486             1     -0.206689
            1  -0.000399233   0.000214834    -0.0153027   0.000399264             1  -0.000144021     0.0727123  -0.000214776   0.000144107             1      0.128594
            1  -0.000604735  -6.37805e-05      -0.02236   0.000604779             1   0.000691895     0.0463169   6.33621e-05  -0.000691934             1     0.0509991
            1  -0.000946683   8.58782e-05    -0.0722316   0.000946664             1   0.000223121     0.0736059  -8.60894e-05   -0.00022304             1     0.0183196
     0.999999   -0.00105403   0.000228405    -0.0614246    0.00105388      0.999999   0.000662848        0.0447  -0.000229103  -0.000662607             1   -0.00731216
     0.999999  -0.000957709   0.000301332    -0.0486489   0.000957427      0.999999   0.000933995     0.0369215  -0.000302226  -0.000933706             1    -0.0232994
     0.999999    -0.0011548   0.000378687    -0.0836418     0.0011544      0.999999    0.00106969      0.106794  -0.000379921   -0.00106926      0.999999     -0.067087
            1  -0.000915137   5.98068e-05    -0.0369935   0.000915057      0.999999    0.00132272     0.0196325  -6.10172e-05   -0.00132266      0.999999     -0.101777
     0.999999   -0.00108771   0.000264771    -0.0760796    0.00108743      0.999999    0.00106597       0.11326  -0.000265931   -0.00106568      0.999999     -0.172484
            1  -0.000867273  -6.40676e-05    -0.0326935   0.000867409      0.999997    0.00214941     0.0165491   6.22033e-05   -0.00214947      0.999998     -0.232459
     0.999999   -0.00155513   0.000405087     -0.111497    0.00155446      0.999997    0.00163649      0.084318  -0.000407631   -0.00163586      0.999999        -0.282
     0.999999   -0.00163039  -0.000134069    -0.0723587    0.00163064      0.999997     0.0018225    0.00752839   0.000131098   -0.00182272      0.999998     -0.293975
     0.999998   -0.00186488   0.000247226       -0.1233    0.00186455      0.999997    0.00132726     0.0694855    -0.0002497    -0.0013268      0.999999     -0.345075
            1   0.000138965  -0.000305442     0.0204928  -0.000138959             1   2.07044e-05    -0.0142067   0.000305445   -2.0662e-05             1      0.126798
            1   0.000508056  -3.89401e-05      -0.00628  -0.000508068             1  -0.000296691     0.0935265   3.87893e-05   0.000296711             1      0.174092
            1   0.000549798   -0.00032688     0.0467532  -0.000549678             1   0.000367516     0.0315834   0.000327082  -0.000367336             1      0.111024
            1   0.000505583  -0.000302077     0.0154154  -0.000505525             1   0.000191545     0.0898759   0.000302174  -0.000191392             1      0.112714
            1   0.000541066  -0.000679979     0.0276757  -0.000540211      0.999999    0.00125689     0.0293397   0.000680658   -0.00125653      0.999999    -0.0111733
            1   0.000398729  -0.000582726    0.00776888  -0.000398223             1   0.000868699     0.0681328   0.000583072  -0.000868466      0.999999    -0.0468731
     0.999999   0.000732341  -0.000791563     0.0384471  -0.000731683      0.999999   0.000831234     0.0116581   0.000792171  -0.000830655      0.999999    -0.0954045
            1   0.000834682  -0.000414706     0.0251993  -0.000834477             1   0.000493802     0.0479549   0.000415118  -0.000493456             1    -0.0841297
            1   0.000742045  -0.000568982     0.0289881  -0.000741422      0.999999    0.00109415     0.0206108   0.000569793   -0.00109373      0.999999     -0.140172
            1   0.000544752  -0.000430262    0.00477129  -0.000544405             1   0.000805987     0.0904875   0.000430701  -0.000805753             1     -0.134465
            1   0.000485524  -0.000267315     0.0240331  -0.000485049      0.999998    0.00177546    0.00820255   0.000268177   -0.00177533      0.999998     -0.190541
            1   0.000364968  -0.000572841    0.00227423  -0.000363915      0.999998    0.00183708     0.0950072   0.000573511   -0.00183687      0.999998     -0.236465
            1   0.000333795   -0.00077839    0.00859579  -0.000332421      0.999998    0.00176461     0.0299804   0.000778977   -0.00176435      0.999998      -0.34305
     0.999999   -0.00102972  -0.000206375    -0.0691933     0.0010295      0.999999   -0.00107103     0.0538335   0.000207477    0.00107082      0.999999       0.18023
            1  -0.000886808  -0.000157022    -0.0322869    0.00088684             1    0.00020198     0.0397594   0.000156843  -0.000202119             1     0.0954135
     0.999999   -0.00104633  -0.000120702    -0.0649798    0.00104631      0.999999  -0.000204894     0.0620631   0.000120916   0.000204768             1      0.061905
     0.999999   -0.00106178  -0.000150754    -0.0451996    0.00106177      0.999999  -5.75364e-05      0.016065   0.000150815   5.73763e-05             1     0.0767844
     0.999999   -0.00143178   8.91106e-05    -0.0789883    0.00143179      0.999999   -3.2977e-05     0.0913592  -8.90633e-05   3.31046e-05             1     0.0457248
     0.999999   -0.00133024   5.61211e-05    -0.0574748    0.00133015      0.999998    0.00147641     0.0839934  -5.80849e-05   -0.00147634      0.999999    -0.0741258
     0.999998   -0.00205887   2.57844e-05     -0.117454    0.00205887      0.999998  -0.000102951      0.102675  -2.55724e-05   0.000103003             1    -0.0880548
     0.999999    -0.0017063   0.000108955    -0.0988212    0.00170629      0.999999   9.06212e-05  -4.64824e-05  -0.000109109  -9.04351e-05             1    -0.0772698
     0.999999   -0.00151945   0.000201706    -0.0991353    0.00151935      0.999999   0.000491397     0.0589179  -0.000202453   -0.00049109             1    -0.0572294
     0.999999   -0.00147246   7.59066e-05    -0.0725219    0.00147235      0.999998    0.00139124      0.027052   -7.7955e-05   -0.00139112      0.999999    -0.0920829
     0.999998   -0.00184782   0.000437338     -0.108989    0.00184733      0.999998     0.0010974     0.0908745  -0.000439365   -0.00109659      0.999999     -0.108195
     0.999999   -0.00158684   0.000323751    -0.0886675    0.00158633      0.999998    0.00157437     0.0450135  -0.000326249   -0.00157386      0.999999     -0.157167
     0.999998   -0.00175593   0.000570227    -0.0862515    0.00175521      0.999998    0.00126126     0.0833276   -0.00057244   -0.00126026      0.999999     -0.186225
     0.999998   -0.00175659   0.000291425    -0.0957676    0.00175605      0.999997    0.00183457     0.0466019  -0.000294646   -0.00183406      0.999998     -0.271031
     0.999998   -0.00180301   -3.4847e-05     -0.114985    0.00180305      0.999998    0.00104744     0.0794082   3.29584e-05    -0.0010475      0.999999     -0.259178
     0.999999    -0.0016655   0.000122789    -0.0955978     0.0016654      0.999998   0.000804193  -0.000337446  -0.000124128  -0.000803988             1     -0.231616
     0.999998   -0.00187511   0.000267974     -0.107837    0.00187493      0.999998   0.000644886     0.0612212  -0.000269183  -0.000644383             1     -0.238438
     0.999998   -0.00177996    0.00011261    -0.0963622    0.00177986      0.999998   0.000860455     0.0327587  -0.000114141  -0.000860254             1     -0.263471
     0.999998   -0.00218591   7.70391e-06     -0.125855    0.00218591      0.999998   0.000267624     0.0886707   -8.2889e-06  -0.000267607             1     -0.309541
            1   0.000226608   -0.00052563     0.0145116  -0.000225949      0.999999    0.00125284     0.0307255   0.000525913   -0.00125272      0.999999    -0.0350078
            1   0.000459144  -0.000390416      0.015833    -0.0004589             1   0.000622607      0.104809   0.000390701  -0.000622428             1    -0.0227868
            1   0.000693016  -0.000498316     0.0198572  -0.000692507      0.999999    0.00102125    0.00480005   0.000499023    -0.0010209      0.999999     -0.025499
            1   0.000464878  -0.000456091    0.00316236  -0.000464461      0.999999   0.000913141     0.0869709   0.000456515  -0.000912929      0.999999   -0.00751748
            1   0.000665911  -0.000335132     0.0269297  -0.000665435      0.999999    0.00141775     0.0237148   0.000336075   -0.00141753      0.999999    0.00065784
            1  -2.74259e-05  -9.46475e-05    -0.0207097   2.75494e-05      0.999999    0.00130589     0.0996752   9.46116e-05   -0.00130589      0.999999    -0.0297977
            1  -6.64893e-05  -0.000499607    0.00671131   6.70316e-05      0.999999    0.00108558      0.054351   0.000499535   -0.00108561      0.999999     -0.114014
            1   0.000311329  -0.000525934   -0.00287477  -0.000310987             1   0.000650745     0.0637132   0.000526136  -0.000650582             1    -0.0624306
            1   0.000414149  -0.000530297    0.00852719  -0.000413957             1   0.000363327     0.0406628   0.000530448  -0.000363108             1    -0.0232435
            1   0.000399695  -0.000422874    0.00871495  -0.000399363             1   0.000785135     0.0602209   0.000423187  -0.000784966             1    -0.0877403
            1   0.000370631  -0.000409103     0.0153851  -0.000370302             1   0.000802809     0.0299271     0.0004094  -0.000802657             1      -0.07858
            1   4.20207e-05  -0.000562157    0.00183731  -4.14316e-05      0.999999    0.00104801     0.0713463   0.000562201   -0.00104798      0.999999     -0.163742
            1    1.7698e-05  -0.000487691   -0.00732213  -1.70805e-05      0.999999    0.00126615     0.0514954   0.000487713   -0.00126614      0.999999        -0.162
            1  -0.000196235   -0.00030627    -0.0111406   0.000196875      0.999998    0.00209072     0.0904326   0.000305859   -0.00209078      0.999998     -0.281531
            1  -0.000336633  -9.11513e-05    -0.0389287   0.000336772      0.999999    0.00153068     0.0749557   9.06359e-05   -0.00153071      0.999999     -0.228188
            1  -0.000196679  -0.000507106   -0.00717641   0.000197667      0.999998    0.00194735     0.0440198   0.000506722   -0.00194745      0.999998     -0.251684
            1  -0.000145326  -0.000393244    -0.0304874   0.000146073      0.999998    0.00190091     0.0710018   0.000392967   -0.00190097      0.999998     -0.165834
            1   0.000261032  -0.000621163    0.00612137  -0.000259377      0.999996    0.00266376    0.00617952   0.000621856    -0.0026636      0.999996      -0.15301
            1   0.000361234  -0.000205065     0.0173317  -0.000360673      0.999996     0.0027305     0.0933303    0.00020605   -0.00273043      0.999996     -0.145814
            1   0.000531575   -0.00034054     0.0203354  -0.000530121      0.999991    0.00425615     0.0353887   0.000342799   -0.00425597      0.999991     -0.258366
            1  -0.000447968  -0.000254995    -0.0331226   0.000447894             1  -0.000288563     0.0700059   0.000255124   0.000288449             1      0.118119
            1   -0.00063276  -0.000391882    -0.0394649   0.000632818             1   0.000147298     0.0438234   0.000391788  -0.000147546             1     0.0638301
     0.999999   -0.00121167  -0.000367057    -0.0459308    0.00121181      0.999999   0.000382492     0.0628791   0.000366593  -0.000382936             1     0.0382864
     0.999999    -0.0010871  -0.000743201    -0.0782599     0.0010874      0.999999   0.000400093     0.0571909   0.000742765  -0.000400901             1   -0.00943293
     0.999999   -0.00114301  -0.000974043    -0.0712299    0.00114339      0.999999   0.000383318     0.0387246   0.000973604  -0.000384431      0.999999    -0.0479449
     0.999999   -0.00148401  -0.000778711    -0.0894816    0.00148397      0.999999  -5.02721e-05     0.0924362   0.000778785   4.91164e-05             1     -0.122547
     0.999999    -0.0011087  -0.000827322     -0.068152    0.00110846      0.999999  -0.000280592    0.00753095   0.000827633   0.000279674             1    -0.0569804
     0.999999   -0.00122428  -0.000852032    -0.0861959    0.00122365      0.999999  -0.000739022     0.0651861   0.000852936   0.000737979      0.999999    -0.0215649
     0.999999   -0.00106944  -0.000864195    -0.0601474    0.00106934      0.999999  -0.000119934     0.0355279   0.000864323    0.00011901             1    -0.0480415
     0.999999   -0.00102143  -0.000646763    -0.0701885    0.00102112      0.999999  -0.000490031     0.0899359   0.000647263    0.00048937             1     -0.021428
     0.999999  -0.000815833  -0.000952701    -0.0585089   0.000815967             1    0.00014072     0.0273054   0.000952586  -0.000141497             1     -0.055076
     0.999999  -0.000873753  -0.000690446    -0.0718234   0.000873532             1  -0.000320305     0.0929062   0.000690725   0.000319702             1    -0.0254275
     0.999999  -0.000682632  -0.000958771    -0.0434805   0.000683319             1   0.000715479     0.0282431   0.000958282  -0.000716134      0.999999    -0.0720432
     0.999999  -0.000875359  -0.000784498    -0.0631646   0.000875556             1   0.000250694      0.116231   0.000784278   -0.00025138             1    -0.0290505
     0.999999  -0.000667288  -0.000867379    -0.0452766   0.000668333      0.999999    0.00120409     0.0238518   0.000866575   -0.00120467      0.999999    -0.0866708
            1  -0.000728703  -0.000638725    -0.0434936    0.00072926      0.999999   0.000872204     0.0836466   0.000638089  -0.000872669      0.999999    -0.0313179
     0.999999  -0.000846337  -0.000948487    -0.0556268    0.00084786      0.999998    0.00160592     0.0451435   0.000947126   -0.00160672      0.999998    -0.0968155
     0.999999  -0.000900948  -0.000788504     -0.062611   0.000901989      0.999999    0.00132045     0.0593826   0.000787313   -0.00132116      0.999999    -0.0692664
     0.999999   -0.00108503   -0.00108992    -0.0767883    0.00108697      0.999998    0.00177686     0.0542477    0.00108799   -0.00177804      0.999998     -0.172027
     0.999999    -0.0010712   -0.00109417    -0.0659407    0.00107299      0.999998    0.00163145     0.0442275    0.00109242   -0.00163262      0.999998     -0.171292
     0.999999   -0.00114508  -0.000973538    -0.0757687    0.00114622      0.999999    0.00117468     0.0593496   0.000972192   -0.00117579      0.999999     -0.188779
     0.999999   -0.00104933   -0.00107598    -0.0676223    0.00105103      0.999998    0.00157817     0.0232313    0.00107433    -0.0015793      0.999998     -0.184105
     0.999999    -0.0010971  -0.000783495    -0.0795689    0.00109813      0.999999    0.00131222     0.0938254   0.000782054   -0.00131308      0.999999      -0.17506
     0.999999  -0.000911196   -0.00106969    -0.0422163   0.000913303      0.999998    0.00197075     0.0342346     0.0010679   -0.00197172      0.999997     -0.239275
     0.999999   -0.00112464   -0.00061163    -0.0705749    0.00112559      0.999998    0.00154675     0.0999803   0.000609889   -0.00154744      0.999999     -0.245135
     0.999999   -0.00104937  -0.000920033    -0.0676386    0.00105147      0.999997     0.0022859     0.0347523   0.000917632   -0.00228686      0.999997     -0.264538
     0.999998    -0.0011986   -0.00128415     -0.063894     0.0012016      0.999997    0.00233644      0.130382    0.00128135   -0.00233798      0.999996     -0.370265
     0.999999   9.41775e-05    -0.0013629     0.0083074  -9.30976e-05             1   0.000792442     0.0387785    0.00136298  -0.000792314      0.999999     0.0135448
            1  -7.17783e-05  -0.000160847    -0.0145628   7.18597e-05             1   0.000505714     0.0941067    0.00016081  -0.000505725             1     0.0564913
            1   0.000298621  -0.000315729   0.000225202  -0.000298213      0.999999    0.00128911     0.0302165   0.000316113   -0.00128901      0.999999    -0.0310305
            1   0.000175093  -0.000162061    0.00104163  -0.000174918      0.999999    0.00107963      0.118696    0.00016225    -0.0010796      0.999999     -0.019789
            1   0.000198807  -0.000361428   -0.00380415  -0.000198177      0.999998    0.00174225     0.0346183   0.000361774   -0.00174218      0.999998    -0.0690102
            1   -0.00034756  -0.000631274    -0.0228188   0.000348191      0.999999   0.000998713     0.0758683   0.000630926  -0.000998933      0.999999   -0.00565293
            1  -0.000230574  -0.000774726    -0.0148342   0.000231847      0.999999    0.00164376     0.0221567   0.000774346   -0.00164394      0.999998    -0.0951419
            1  -0.000447215  -0.000356353    -0.0295056   0.000447542      0.999999    0.00091841     0.0818739   0.000355942  -0.000918569             1    -0.0872006
            1  -0.000375661  -0.000632995    -0.0103212   0.000376764      0.999998    0.00174304     0.0307122   0.000632339   -0.00174328      0.999998     -0.120125
            1  -0.000680913  -0.000397594    -0.0488389   0.000681303      0.999999   0.000980575      0.107528   0.000396926  -0.000980846      0.999999      -0.11215
            1  -0.000524179  -0.000649844    -0.0203055   0.000525088      0.999999    0.00140054     0.0253466    0.00064911   -0.00140088      0.999999     -0.189118
            1  -0.000693186  -0.000480345    -0.0555396    0.00069368      0.999999    0.00102812     0.0821677   0.000479632   -0.00102846      0.999999     -0.212939
     0.999999  -0.000559569  -0.000860683    -0.0213231   0.000560447      0.999999    0.00101995     0.0202898   0.000860112   -0.00102044      0.999999      -0.25652
     0.999999  -0.000685107  -0.000776044    -0.0503511   0.000685576             1    0.00060487     0.0752006    0.00077563  -0.000605402             1     -0.223449
     0.999999  -0.000405437  -0.000936143     -0.035105   0.000406842      0.999999     0.0015019   -0.00443502   0.000935533   -0.00150228      0.999998      -0.25115
     0.999999  -0.000790712  -0.000947743    -0.0525283   0.000791702      0.999999    0.00104559     0.0775951   0.000946916   -0.00104634      0.999999     -0.235425
     0.999999  -0.000688387   -0.00137096    -0.0364465   0.000690861      0.999998    0.00180482      0.044603    0.00136972   -0.00180576      0.999997     -0.379053
            1  -0.000565363  -0.000319239     -0.063403   0.000565205             1  -0.000494061      0.053344   0.000319518    0.00049388             1      0.150008
            1  -0.000236378   4.53026e-06  -0.000809688   0.000236377             1   5.85999e-05     0.0374883  -4.54411e-06  -5.85988e-05             1       0.13637
            1  -0.000165928    0.00030597    -0.0122714    0.00016595             1  -7.20263e-05     0.0846914  -0.000305958   7.20771e-05             1     0.0543742
            1   0.000116685   0.000244484    -0.0024128   -0.00011683             1    0.00059327    0.00289769  -0.000244415  -0.000593299             1     0.0275369
            1  -0.000222895   0.000671627    -0.0153704   0.000222657             1   0.000354391     0.0637772  -0.000671706  -0.000354241             1    0.00551004
            1  -6.20142e-05   0.000686452     0.0147861   6.08682e-05      0.999999    0.00166938     0.0172708  -0.000686555   -0.00166934      0.999998     -0.101756
            1  -0.000305242   0.000784612     -0.016434   0.000304084      0.999999    0.00147586     0.0870372  -0.000785061   -0.00147562      0.999999     -0.133163
            1  -3.05438e-05   0.000698203   0.000115706   2.90187e-05      0.999998    0.00218413     0.0225702  -0.000698268   -0.00218411      0.999997     -0.156225
            1   9.03575e-05   0.000988058   -0.00372689  -9.26158e-05      0.999997    0.00228579       0.10269  -0.000987849   -0.00228588      0.999997     -0.117323
     0.999999   0.000231902    0.00107598     0.0282982   -0.00023653      0.999991    0.00430346      0.053903   -0.00107498   -0.00430371       0.99999     -0.243647
            1  -0.000283173   2.09015e-05    -0.0156185   0.000283169             1   0.000187051     0.0991571  -2.09544e-05  -0.000187045             1      0.142064
            1   -0.00026904   6.29161e-05   -0.00141149   0.000268966      0.999999     0.0011737     0.0450117  -6.32319e-05   -0.00117369      0.999999     0.0604633
            1  -0.000476463   0.000337698    -0.0148603   0.000476002      0.999999    0.00136367     0.0859435  -0.000338348   -0.00136351      0.999999     0.0585042
            1  -0.000445774   0.000131614    -0.0207347   0.000445451      0.999997    0.00244799     0.0735079  -0.000132705   -0.00244793      0.999997    -0.0357977
            1  -0.000377807   0.000593675    -0.0091782   0.000376443      0.999997    0.00229478     0.0663575   -0.00059454   -0.00229456      0.999997    -0.0217115
            1   -0.00051117   0.000588519    -0.0260036   0.000509526      0.999996    0.00279008     0.0591697  -0.000589943   -0.00278978      0.999996    -0.0766499
            1   -0.00044151   0.000499862     -0.023479   0.000440013      0.999995    0.00299083     0.0568317  -0.000501181   -0.00299061      0.999995    -0.0793518
            1  -0.000635705   0.000691489    -0.0351654   0.000633793      0.999996    0.00276094     0.0862878  -0.000693242    -0.0027605      0.999996     -0.070536
            1  -0.000755488   0.000623099    -0.0302477   0.000753395      0.999994    0.00335308     0.0357055  -0.000625628   -0.00335261      0.999994     -0.109548
     0.999999   -0.00106744   0.000725802    -0.0570997    0.00106558      0.999996    0.00256004     0.0893114  -0.000728532   -0.00255926      0.999996    -0.0709776
     0.999999   -0.00101968   0.000625361    -0.0596783    0.00101783      0.999995    0.00295275     0.0535414  -0.000628369   -0.00295211      0.999995     -0.138395
     0.999999  -0.000976743   0.000792829    -0.0596877   0.000974703      0.999996    0.00257014     0.0702664  -0.000795336   -0.00256937      0.999996    -0.0909504
     0.999999   -0.00120378   0.000786677    -0.0578335     0.0012019      0.999996    0.00238624      0.061486  -0.000789546    -0.0023853      0.999997      -0.17236
     0.999999   -0.00105889    0.00102793    -0.0463489    0.00105695      0.999998    0.00188644     0.0541527   -0.00102992   -0.00188535      0.999998     -0.157221
     0.999999   -0.00119985    0.00110907    -0.0571787    0.00119432      0.999987    0.00497348     0.0649123   -0.00111503   -0.00497215      0.999987     -0.182332
            1   -0.00019272  -0.000346727    -0.0127693   0.000192423             1   -0.00085866     0.0455114   0.000346892   0.000858593             1      0.153518
            1  -0.000228067   0.000117992   -0.00910705   0.000228092             1  -0.000211214     0.0787137  -0.000117944   0.000211241             1      0.220667
            1  -0.000163522   0.000349854   -0.00690617   0.000163336             1   0.000533661     0.0531574  -0.000349941  -0.000533604             1      0.148159
            1  -0.000185377   0.000598118    -0.0146395   0.000185012             1   0.000609188     0.0813325  -0.000598231  -0.000609078             1      0.160497
            1  -8.35725e-05   0.000332404    0.00657015   8.31232e-05      0.999999    0.00135141      0.036569  -0.000332516   -0.00135139      0.999999       0.11716
            1   0.000125411      0.000554   -0.00817847  -0.000126123      0.999999    0.00128468     0.0643581  -0.000553839   -0.00128475      0.999999      0.123444
            1  -6.74492e-05   0.000224117    0.00447374   6.70997e-05      0.999999    0.00155881      0.038566  -0.000224222    -0.0015588      0.999999     0.0599966
            1    0.00010272   0.000298269   8.65462e-05  -0.000103093      0.999999    0.00125094     0.0517021  -0.000298141   -0.00125098      0.999999       0.06688
            1   7.73629e-05     0.0003555    0.00424355  -7.78636e-05      0.999999    0.00140871     0.0544906  -0.000355391   -0.00140874      0.999999     0.0405554
            1   -1.3486e-05   0.000385053     0.0103843    1.2866e-05      0.999999    0.00161016     0.0160746  -0.000385075   -0.00161016      0.999999      0.031735
            1  -9.23982e-05   0.000493217    0.00739141   9.18057e-05      0.999999    0.00120115     0.0743738  -0.000493328   -0.00120111      0.999999     0.0503476
            1  -3.17184e-05   0.000450848     0.0186077   3.09429e-05      0.999999    0.00171987     0.0202404  -0.000450902   -0.00171985      0.999998    -0.0148662
            1  -0.000385809   0.000480352    -0.0239425   0.000385341      0.999999   0.000973083     0.0713199  -0.000480727  -0.000972898      0.999999     0.0247296
            1   -0.00046837   0.000289394    -0.0126394   0.000468072      0.999999    0.00102919      0.037102  -0.000289876   -0.00102906      0.999999   -0.00339087
            1  -0.000470858   0.000594247    -0.0185259   0.000470021      0.999999    0.00140759     0.0610132   -0.00059491   -0.00140731      0.999999    0.00025036
            1   -0.00071073   0.000581207    -0.0297411   0.000710029      0.999999    0.00120609     0.0582365  -0.000582064   -0.00120567      0.999999    -0.0140412
            1   -0.00077014   0.000283928    -0.0271375   0.000769805      0.999999    0.00117723     0.0210908  -0.000284834   -0.00117701      0.999999    -0.0572848
            1  -0.000910366   0.000384714    -0.0630043   0.000910352             1   3.77967e-05     0.0660478  -0.000384748  -3.74464e-05             1   -0.00673002
            1  -0.000760217   0.000206409    -0.0530047   0.000760064      0.999999   0.000740389      0.011431  -0.000206971  -0.000740232             1    -0.0390034
     0.999999   -0.00088658   0.000543551    -0.0585083   0.000886485             1   0.000175596     0.0717752  -0.000543706  -0.000175114             1    -0.0178695
            1  -0.000662452   0.000197159    -0.0270936   0.000662282      0.999999   0.000863296    0.00277951   -0.00019773  -0.000863165             1    -0.0823817
            1  -0.000886884   0.000422148    -0.0486808   0.000886699             1   0.000439631     0.0736996  -0.000422537  -0.000439257             1    -0.0345046
            1  -0.000851324   0.000286388    -0.0260106   0.000850978      0.999999    0.00120492    -0.0123367  -0.000287414   -0.00120468      0.999999     -0.110612
            1  -0.000862571   0.000464651     -0.046957   0.000862409             1   0.000347931     0.0536648  -0.000464951   -0.00034753             1    -0.0869205
     0.999999  -0.000950834   0.000463538    -0.0484539   0.000950478      0.999999   0.000766546     0.0081719  -0.000464267  -0.000766105             1      -0.14897
     0.999999  -0.000875153   0.000565049    -0.0382775   0.000874454      0.999999    0.00123539     0.0274215   -0.00056613    -0.0012349      0.999999     -0.156403
     0.999999   -0.00092504   0.000612519    -0.0453709   0.000924551      0.999999   0.000798246     0.0702015  -0.000613257  -0.000797679      0.999999     -0.172181
     0.999999   -0.00110183   0.000565447    -0.0447648    0.00110129      0.999999   0.000943661     0.0268783  -0.000566486  -0.000943038      0.999999     -0.186055
     0.999999   -0.00114537    0.00058539    -0.0640313    0.00114495      0.999999   0.000714195     0.0800913  -0.000586208  -0.000713524             1     -0.185081
     0.999999  -0.000884938   0.000660698    -0.0445155   0.000884236      0.999999     0.0010622   -0.00837342  -0.000661638   -0.00106162      0.999999     -0.172222
     0.999999  -0.000881415   0.000846905    -0.0612389   0.000880534      0.999999     0.0010405     0.0496629  -0.000847821   -0.00103975      0.999999     -0.174396
     0.999999  -0.000753564   0.000843598    -0.0318627   0.000752247      0.999998    0.00156099    0.00440725  -0.000844773   -0.00156036      0.999998     -0.206591
     0.999999  -0.000820025    0.00108909    -0.0553586   0.000819051      0.999999    0.00089513     0.0821363   -0.00108982  -0.000894237      0.999999     -0.160811
     0.999999  -0.000853905   0.000537433    -0.0158181   0.000852715      0.999997    0.00221055      0.026031   -0.00053932   -0.00221009      0.999997     -0.295574
            1  -0.000542181   0.000792822    -0.0339575   0.000541124      0.999999    0.00133269     0.0690699  -0.000793544   -0.00133226      0.999999     -0.233116
     0.999999  -0.000802683   0.000659379    -0.0364313   0.000801243      0.999997     0.0021813    0.00345305  -0.000661129   -0.00218077      0.999997     -0.306747
     0.999999  -0.000904462   0.000994492    -0.0696738   0.000902943      0.999998    0.00152657     0.0534768  -0.000995871   -0.00152567      0.999998      -0.25121
