# 3dvolreg matrices (DICOM-to-DICOM, row-by-row):
     0.999958   -0.00843342    0.00350655      0.685188    0.00857399      0.999072    -0.0422175      -3.23959   -0.00314726     0.0422458      0.999102      -2.01032
     0.999958    -0.0083679    0.00360517      0.687063    0.00851615      0.999027    -0.0432813      -3.23555   -0.00323948     0.0433102      0.999056      -1.94238
     0.999958   -0.00842801    0.00366364      0.673438    0.00857769       0.99904    -0.0429641       -3.2536   -0.00329802     0.0429937       0.99907       -2.0339
     0.999955   -0.00862116    0.00402841      0.678487    0.00878955         0.999     -0.043844      -3.23053   -0.00364639     0.0438774       0.99903      -2.02967
     0.999957   -0.00845793    0.00367343      0.689145    0.00861031      0.999009    -0.0436644      -3.26329   -0.00330048     0.0436941       0.99904      -2.09455
     0.999953   -0.00869782    0.00416914      0.668518    0.00887252      0.998997    -0.0438985      -3.22626   -0.00378314     0.0439335      0.999027      -2.12205
     0.999957    -0.0084132     0.0040169      0.688608    0.00858029      0.999014    -0.0435706      -3.28311   -0.00364637     0.0436032      0.999042      -2.15112
     0.999956   -0.00835125    0.00416252      0.706536    0.00852621      0.998997    -0.0439559      -3.23114   -0.00379126     0.0439894      0.999025      -2.15694
     0.999958   -0.00850298    0.00352703      0.696553    0.00864708      0.999034    -0.0430796      -3.26261   -0.00315732     0.0431083      0.999065      -2.29637
     0.999955   -0.00876327     0.0035202       0.66713     0.0089072      0.999027    -0.0431974      -3.22238   -0.00313822     0.0432268       0.99906      -1.91445
     0.999957   -0.00876124    0.00313596      0.666944    0.00888743      0.999045    -0.0427871      -3.25724    -0.0027581     0.0428131      0.999079      -1.89717
     0.999955   -0.00882466    0.00351698      0.652139     0.0089691      0.999017    -0.0434232      -3.20978   -0.00313032     0.0434528      0.999051      -1.91322
     0.999956    -0.0087122    0.00354509      0.673337    0.00885731      0.999027     -0.043215       -3.2708   -0.00316514     0.0432445       0.99906      -1.91112
     0.999954   -0.00880816    0.00367275      0.657039    0.00895899      0.999022    -0.0433008      -3.20055   -0.00328775     0.0433317      0.999055      -1.90096
     0.999957   -0.00868605    0.00330965      0.681892    0.00881932      0.999051    -0.0426427      -3.22236   -0.00293611       0.04267      0.999085        -1.992
     0.999955   -0.00876249    0.00359637      0.663196    0.00891094       0.99901    -0.0435775      -3.20174   -0.00321097     0.0436076      0.999044      -1.98942
     0.999957   -0.00865188    0.00346564      0.671534    0.00879278      0.999039    -0.0429451      -3.21929   -0.00309075     0.0429737      0.999071      -2.08544
     0.999954   -0.00880849    0.00369324      0.665399    0.00896353      0.998978    -0.0443063      -3.23385    -0.0032992     0.0443374      0.999011      -2.07521
     0.999954    -0.0089314    0.00346073      0.640577    0.00907557      0.998983    -0.0441655      -3.28717   -0.00306275     0.0441949      0.999018      -2.09496
     0.999956   -0.00889933     0.0030286      0.647976    0.00902499      0.998974    -0.0443739      -3.27155   -0.00263059     0.0443993       0.99901      -2.04431
     0.999956   -0.00886274    0.00311001      0.657137    0.00899063      0.998998    -0.0438513      -3.22503   -0.00271825     0.0438773      0.999033      -2.11052
     0.999956   -0.00890246    0.00303226       0.66451    0.00902512      0.999027    -0.0431756      -3.24248   -0.00264494     0.0432011      0.999063      -2.16228
     0.999955   -0.00904287    0.00293833      0.661149    0.00916198      0.999014    -0.0434293      -3.19227   -0.00254271     0.0434543      0.999052      -2.17493
     0.999954   -0.00913156    0.00280831      0.661105    0.00924436      0.999024    -0.0431906      -3.25356   -0.00241117     0.0432145      0.999063      -2.12753
     0.999954   -0.00911369    0.00285474      0.636422    0.00922793      0.999035     -0.042951      -3.17758   -0.00246055     0.0429754      0.999073      -2.13986
     0.999956   -0.00893389    0.00279873      0.666454    0.00904616      0.999031    -0.0430658      -3.23672   -0.00241128     0.0430892      0.999068      -2.14021
     0.999955   -0.00911001    0.00270555       0.63296    0.00921731      0.999044    -0.0427232      -3.17853   -0.00231375     0.0427462      0.999083      -2.19948
     0.999958   -0.00884334    0.00247544       0.65985    0.00894036      0.999061    -0.0423964      -3.24724   -0.00209819     0.0424167      0.999098      -2.23312
     0.999955    -0.0090302    0.00283956      0.634657    0.00914299      0.999051    -0.0425947      -3.19666   -0.00245223     0.0426188      0.999088      -2.26402
     0.999956   -0.00893622    0.00275283      0.655905    0.00904436       0.99907    -0.0421558      -3.25931   -0.00237356     0.0421789      0.999107      -2.22589
     0.999955   -0.00910318    0.00280241      0.634723     0.0092138      0.999059    -0.0423792      -3.19684   -0.00241399     0.0424031      0.999098      -2.24615
     0.999957   -0.00894868    0.00249903      0.680886    0.00904517      0.999088    -0.0417199      -3.25439   -0.00212342     0.0417407      0.999126      -2.24477
     0.999957   -0.00898486    0.00227743      0.630935    0.00907027      0.999127    -0.0407757      -3.14735   -0.00190908     0.0407946      0.999166      -2.38167
     0.999957   -0.00898334    0.00221577       0.65349     0.0090656      0.999141    -0.0404359      -3.23112   -0.00185062     0.0404542       0.99918      -2.02576
     0.999955   -0.00902078    0.00276529      0.648262    0.00912895      0.999077    -0.0419849      -3.18593     -0.002384     0.0420083      0.999114      -1.89877
     0.999957   -0.00890717    0.00261593      0.665063     0.0090093      0.999075    -0.0420426      -3.23611   -0.00223903     0.0420644      0.999112      -1.91814
     0.999955   -0.00904847    0.00294839      0.641839    0.00916517      0.999062    -0.0423176      -3.19466   -0.00256271     0.0423427        0.9991      -1.94174
     0.999954   -0.00921081    0.00251948      0.661837     0.0093082      0.999081    -0.0418483      -3.22555   -0.00213171     0.0418699      0.999121      -1.97637
     0.999951   -0.00954762    0.00274069       0.62118    0.00965339      0.999088    -0.0415977      -3.15873   -0.00234103     0.0416221      0.999131      -2.04542
     0.999955   -0.00914936    0.00241388      0.661913    0.00924014      0.999127    -0.0407444      -3.23474   -0.00203899     0.0407649      0.999167      -2.10321
     0.999955   -0.00915597    0.00264411      0.631278    0.00925596       0.99913    -0.0406697      -3.14804   -0.00226944     0.0406924      0.999169       -2.1672
     0.999956   -0.00914472    0.00227374      0.655089    0.00923022      0.999118    -0.0409697      -3.22915   -0.00189707     0.0409889      0.999158      -2.14658
     0.999948   -0.00962298     0.0034039      0.613462    0.00974096      0.999285    -0.0365322        -3.168   -0.00304992     0.0365634      0.999327      -2.18019
     0.999958   -0.00854642    0.00324268       0.67884    0.00867714       0.99905    -0.0427029      -3.26609   -0.00287464     0.0427292      0.999083      -1.94089
     0.999959   -0.00852757    0.00310609      0.674588    0.00865982      0.998932     -0.045393      -3.19044   -0.00271568     0.0454181      0.998964      -1.87703
     0.999961   -0.00842009     0.0028054      0.691173    0.00853663      0.998973    -0.0445038      -3.23515   -0.00242779      0.044526      0.999005      -1.94921
     0.999963   -0.00818289     0.0027838      0.695746    0.00830121      0.998928    -0.0455432      -3.21728   -0.00240814     0.0455646      0.998958      -1.94876
     0.999958   -0.00846934    0.00358741      0.694452    0.00861005      0.999113    -0.0412134      -3.23494   -0.00323517     0.0412425      0.999144      -2.11696
     0.999954   -0.00880812    0.00375724      0.666459     0.0089556       0.99911     -0.041231       -3.1908   -0.00339073     0.0412628      0.999143      -2.12095
     0.999958   -0.00852317    0.00323809      0.677643    0.00864893       0.99912    -0.0410417      -3.22056   -0.00288543      0.041068      0.999152       -2.2137
     0.999956   -0.00875242    0.00345249      0.655855    0.00889081      0.999063     -0.042346      -3.21374   -0.00307863     0.0423748      0.999097      -2.12916
     0.999957    -0.0086663    0.00338121      0.669823    0.00880175      0.999064     -0.042344      -3.24777   -0.00301108     0.0423719      0.999097      -2.11351
     0.999954   -0.00891161    0.00344104      0.656917    0.00905028      0.999049    -0.0426405      -3.22174   -0.00305778     0.0426697      0.999085      -2.06703
     0.999954   -0.00897589    0.00326051      0.658213    0.00910376      0.999093    -0.0415864      -3.23253   -0.00288428     0.0416142       0.99913      -2.18184
     0.999952    -0.0092102    0.00343179      0.635286    0.00934635      0.999073    -0.0420322      -3.19605   -0.00304148     0.0420623       0.99911      -2.18616
     0.999952   -0.00922266    0.00332978      0.641051    0.00935368      0.999084    -0.0417489      -3.23776    -0.0029417     0.0417781      0.999123      -2.19124
     0.999951   -0.00927538     0.0033914      0.624226    0.00940999      0.999069    -0.0420999      -3.19355   -0.00299775     0.0421297      0.999108      -2.18721
     0.999952   -0.00926751     0.0032236      0.622692    0.00939405      0.999084    -0.0417476      -3.24336   -0.00283375     0.0417759      0.999123       -2.1724
     0.999953   -0.00917037     0.0032988      0.647205    0.00930054      0.999079    -0.0418873      -3.20543   -0.00291164      0.041916      0.999117      -2.15403
     0.999953   -0.00913246    0.00314822      0.652821    0.00925359      0.999121    -0.0408885      -3.19963   -0.00277204     0.0409158      0.999159      -2.24942
     0.999951   -0.00934977    0.00340201      0.628853    0.00948204      0.999106    -0.0411988      -3.19999   -0.00301377      0.041229      0.999145      -2.26589
      0.99995   -0.00971601    0.00242097      0.617807    0.00980427      0.999168     -0.039594      -3.16112   -0.00203426     0.0396157      0.999213      -2.51038
     0.999958   -0.00845169    0.00366671      0.670262    0.00860622      0.998977    -0.0444031      -3.21062   -0.00328768     0.0444328      0.999007      -1.85049
     0.999957   -0.00854161    0.00371204      0.683272    0.00868378      0.999156    -0.0401399      -3.21013   -0.00336605     0.0401703      0.999187       -2.1755
     0.999959   -0.00846747    0.00335014      0.685264    0.00860176      0.999066    -0.0423386      -3.22018   -0.00298851     0.0423656      0.999098      -1.97099
     0.999959   -0.00848196    0.00329105      0.684739    0.00861366      0.999067    -0.0423108      -3.20273   -0.00292911     0.0423374      0.999099      -1.95737
     0.999958   -0.00849743     0.0032953      0.678927    0.00862788      0.999087    -0.0418336      -3.21755   -0.00293682     0.0418603      0.999119       -1.9879
     0.999956   -0.00872453    0.00348884      0.655268    0.00886118      0.999108    -0.0412844      -3.19412   -0.00312554     0.0413135      0.999141      -2.06034
     0.999961   -0.00829388    0.00313065       0.70834    0.00841349       0.99915    -0.0403516      -3.20006   -0.00279331     0.0403764      0.999181      -2.17127
      0.99996   -0.00845795    0.00303667      0.675403    0.00857316      0.999156    -0.0401751      -3.14683    -0.0026943     0.0401995      0.999188      -2.22476
     0.999961   -0.00836078    0.00292962      0.687139     0.0084709       0.99917    -0.0398431      -3.21329   -0.00259407     0.0398664      0.999202      -2.23482
     0.999959   -0.00852201    0.00301366      0.664873    0.00863469      0.999178    -0.0395954      -3.15928   -0.00267375     0.0396198      0.999211      -2.28125
     0.999959   -0.00852071    0.00291935      0.676094    0.00863013      0.999171    -0.0397799      -3.22671   -0.00257798     0.0398034      0.999204      -2.25624
     0.999959     -0.008563    0.00286339      0.656103    0.00867119      0.999154    -0.0401894      -3.18494   -0.00251683     0.0402126      0.999188      -2.20187
     0.999961   -0.00837961    0.00274989      0.687227    0.00847924      0.999223    -0.0384784      -3.19742   -0.00242532     0.0385002      0.999256      -2.33396
     0.999956   -0.00873647    0.00355502      0.668943    0.00887994      0.999054    -0.0425705      -3.15446   -0.00317974     0.0426002      0.999087      -1.97103
     0.999958   -0.00850044    0.00332432      0.689909    0.00863256      0.999081    -0.0419856      -3.20172   -0.00296437     0.0420126      0.999113      -2.04359
     0.999957   -0.00859658     0.0035628      0.669343    0.00874058      0.999054    -0.0425949      -3.20723   -0.00319326     0.0426242      0.999086      -2.02717
     0.999958   -0.00852845     0.0034536      0.676552    0.00866599      0.999081    -0.0419887      -3.25954   -0.00309232     0.0420169      0.999112      -2.03218
     0.999956   -0.00858811    0.00365909      0.658615     0.0087356      0.999062    -0.0424045      -3.19722   -0.00329148     0.0424347      0.999094      -1.99051
     0.999958   -0.00847891    0.00359589       0.68625    0.00862019       0.99911     -0.041287      -3.23036   -0.00324262     0.0413162      0.999141      -2.07263
     0.999956   -0.00850185    0.00384217      0.683848    0.00865456      0.999095    -0.0416511       -3.2074   -0.00348458     0.0416825      0.999125      -2.07925
     0.999958   -0.00851126     0.0035431      0.677818     0.0086497      0.999118    -0.0410884      -3.19615   -0.00319027     0.0411173      0.999149      -2.16311
     0.999955   -0.00887902    0.00348016      0.664153    0.00901509      0.999108    -0.0412569      -3.21383   -0.00311073     0.0412864      0.999143      -2.13082
     0.999956   -0.00892134    0.00301444      0.666096    0.00903456      0.999163    -0.0399057      -3.15706    -0.0026559     0.0399311      0.999199      -2.30561
     0.999958   -0.00872984      0.002959      0.667386    0.00884165      0.999154    -0.0401559      -3.21886   -0.00260594     0.0401804      0.999189       -2.2948
     0.999956   -0.00878358    0.00331489      0.644222    0.00891125      0.999132    -0.0406953      -3.18724   -0.00295457     0.0407231      0.999166      -2.25151
     0.999957   -0.00864861    0.00331922       0.66189    0.00877468      0.999159     -0.040058      -3.23588   -0.00296998     0.0400854      0.999192       -2.2761
     0.999954   -0.00897101    0.00344519      0.634828    0.00910289      0.999142    -0.0403921        -3.184   -0.00307988     0.0404216      0.999178       -2.2518
     0.999956   -0.00877911    0.00322004      0.670397    0.00889763      0.999205    -0.0388509      -3.21718    -0.0028764     0.0388779       0.99924      -2.39689
     0.999955   -0.00861294    0.00388351         0.661    0.00877289      0.999026    -0.0432459       -3.2043   -0.00350725     0.0432781      0.999057      -1.92818
     0.999959   -0.00830837    0.00372034      0.697959     0.0084611      0.999034    -0.0431169       -3.2058   -0.00335852     0.0431466      0.999063      -1.94561
     0.999959   -0.00811275    0.00390643      0.688143    0.00827572      0.999011    -0.0436879      -3.19438   -0.00354813     0.0437185      0.999038      -2.02799
     0.999961   -0.00804173    0.00372595       0.72234    0.00819427      0.999045    -0.0429127      -3.26791    -0.0033773     0.0429415      0.999072      -2.06832
     0.999956   -0.00848311     0.0040806      0.652967    0.00864991      0.999048    -0.0427618      -3.16803   -0.00371397     0.0427952      0.999077      -2.12065
     0.999956   -0.00856266    0.00375918      0.679389    0.00871464       0.99906    -0.0424688      -3.27165     -0.003392     0.0424997      0.999091      -2.11887
     0.999955   -0.00847235    0.00435958       0.67471    0.00865147      0.999044    -0.0428545      -3.20887   -0.00399233     0.0428903      0.999072      -2.11053
     0.999959   -0.00816011    0.00397391       0.71568    0.00831835      0.999101    -0.0415808      -3.23638   -0.00363103     0.0416121      0.999127      -2.20214
     0.999955    -0.0084285    0.00432841      0.684554    0.00860102      0.999101    -0.0415204      -3.19149   -0.00397456     0.0415558      0.999128      -2.22494
     0.999958   -0.00821987    0.00401365      0.708153    0.00837771      0.999123    -0.0410344      -3.24254   -0.00367283     0.0410663       0.99915      -2.24567
     0.999955   -0.00823261    0.00462464      0.698329    0.00841353      0.999141    -0.0405697      -3.14636   -0.00428667     0.0406068      0.999166       -2.2051
     0.999948   -0.00886161    0.00496097      0.691083    0.00900174       0.99954    -0.0289751      -3.11624   -0.00470192     0.0290183      0.999568      -2.48369
     0.999952   -0.00931288    0.00302007      0.645271    0.00943417      0.999031    -0.0429996      -3.19141   -0.00261669      0.043026      0.999071      -1.91744
      0.99996   -0.00809531    0.00375852      0.704867    0.00824035      0.999153    -0.0403279      -3.19334   -0.00342886     0.0403573      0.999179      -2.15268
     0.999962   -0.00819296    0.00289711      0.697265    0.00830862      0.999064    -0.0424604      -3.23649   -0.00254652     0.0424828      0.999094      -1.96274
      0.99996   -0.00854236    0.00262011      0.670014    0.00864941      0.998994    -0.0440049       -3.1912   -0.00224157     0.0440258      0.999028      -1.91281
     0.999963   -0.00823677     0.0023589      0.697985    0.00833004      0.999052    -0.0427197      -3.25492    -0.0020048     0.0427378      0.999084      -2.03742
     0.999964   -0.00824288    0.00179151      0.686978     0.0083122      0.999044    -0.0429256      -3.19734   -0.00143597     0.0429389      0.999077      -2.15571
     0.999964   -0.00832319    0.00185061      0.671882    0.00839575       0.99902    -0.0434491      -3.26852   -0.00148716      0.043463      0.999054      -2.12297
     0.999963   -0.00844103     0.0015869      0.663939    0.00850117      0.999049    -0.0427581      -3.22133   -0.00122447       0.04277      0.999084      -2.25019
     0.999963   -0.00843117    0.00170736      0.668555    0.00849811      0.998996    -0.0439774      -3.23629   -0.00133487     0.0439903      0.999031      -2.19384
     0.999962   -0.00855786     0.0014956      0.669221    0.00861439      0.999033    -0.0431159      -3.22336   -0.00112517     0.0431272      0.999069      -2.35238
     0.999956   -0.00869736     0.0033942      0.660166    0.00883664      0.999017    -0.0434425      -3.25881   -0.00301303     0.0434706       0.99905      -1.86253
     0.999957   -0.00855385    0.00359425      0.680804     0.0086991      0.999056    -0.0425528      -3.22886   -0.00322687     0.0425822      0.999088      -1.80829
     0.999956   -0.00862509    0.00368905      0.678653    0.00877194      0.999086    -0.0418414      -3.22239    -0.0033248     0.0418719      0.999117      -1.81337
     0.999951   -0.00922023    0.00360068        0.6496     0.0093351      0.999402    -0.0333076       -3.1735   -0.00329142     0.0333395      0.999439      -1.97784
     0.999959   -0.00852507    0.00317809      0.694501    0.00865108       0.99908    -0.0420053      -3.25287   -0.00281707      0.042031      0.999112      -1.98836
     0.999959   -0.00865136     0.0027797      0.658816    0.00876709       0.99896    -0.0447391      -3.19469   -0.00238975     0.0447617      0.998995       -2.0064
     0.999958   -0.00877604    0.00246861      0.664154    0.00887515      0.999014    -0.0435047       -3.2624   -0.00208438     0.0435248       0.99905      -2.05744
     0.999957   -0.00882665    0.00283572       0.64369    0.00894289      0.998992     -0.043996      -3.22476   -0.00244452     0.0440194      0.999028      -2.04561
     0.999959   -0.00878218    0.00232582      0.664169    0.00887551      0.999004    -0.0437352      -3.25889   -0.00193942     0.0437541       0.99904      -2.09145
     0.999957    -0.0089594    0.00223616      0.632079    0.00905065      0.998954    -0.0448234      -3.24021   -0.00183223     0.0448417      0.998992      -2.05438
     0.999957   -0.00904459    0.00195017      0.636959    0.00912266      0.998961    -0.0446489      -3.29169   -0.00154431     0.0446647      0.999001      -2.08413
     0.999959   -0.00881788    0.00215999      0.637936    0.00890727      0.998919    -0.0456281      -3.24878   -0.00175531     0.0456454      0.998956      -2.08198
     0.999956   -0.00883949    0.00319106       0.66917    0.00896354       0.99911    -0.0412163      -3.25666   -0.00282389     0.0412431      0.999145      -2.09125
     0.999953   -0.00887622    0.00386285      0.653682    0.00902958       0.99909    -0.0416822      -3.20196   -0.00348936     0.0417151      0.999123      -2.07198
     0.999952   -0.00907006    0.00373751      0.664597    0.00921759      0.999094    -0.0415537      -3.20923   -0.00335723     0.0415862      0.999129      -2.25396
     0.999951   -0.00899735    0.00408983      0.634761    0.00916411      0.999043    -0.0427701      -3.24846    -0.0037011     0.0428055      0.999077       -2.1666
     0.999952   -0.00887042    0.00404509       0.66501     0.0090313      0.999091    -0.0416581      -3.25697   -0.00367189     0.0416926      0.999124      -2.19035
     0.999954   -0.00861411    0.00413022      0.678265    0.00878051      0.999074    -0.0421244      -3.22214   -0.00376353     0.0421587      0.999104      -2.12733
     0.999955   -0.00867121    0.00391126      0.675622    0.00882519       0.99911    -0.0412379      -3.22745    -0.0035502     0.0412705      0.999142      -2.17709
     0.999956   -0.00856547    0.00390678      0.680875    0.00871509       0.99916    -0.0400399      -3.24547   -0.00356054     0.0400721       0.99919      -2.21286
     0.999953   -0.00876899    0.00401379      0.668372    0.00892238      0.999162    -0.0399415      -3.18875   -0.00366018     0.0399754      0.999194      -2.25076
     0.999955   -0.00864857     0.0039492      0.681516    0.00879481      0.999214    -0.0386519      -3.20123   -0.00361181     0.0386849      0.999245      -2.38535
     0.999961   -0.00811754    0.00358835      0.671951    0.00826489      0.999034    -0.0431579      -3.21368   -0.00323455     0.0431858      0.999062      -1.91327
     0.999961   -0.00810092    0.00354669      0.715544    0.00824541      0.999049    -0.0428215       -3.2247   -0.00319643     0.0428491      0.999076      -1.94475
      0.99996   -0.00814186    0.00357826      0.700185    0.00828687      0.999059    -0.0425749      -3.22694   -0.00322826     0.0426028      0.999087      -2.00071
     0.999961   -0.00809177    0.00356206      0.688727    0.00823717      0.999046    -0.0428949       -3.2055   -0.00321156     0.0429226      0.999073      -2.05297
     0.999961   -0.00817335    0.00331905      0.714382    0.00830619      0.999074    -0.0422055      -3.26317   -0.00297102     0.0422314      0.999103      -2.13413
      0.99996   -0.00811844    0.00379908      0.674254    0.00827418      0.999043    -0.0429507      -3.20415   -0.00344675     0.0429804       0.99907      -2.13231
     0.999961   -0.00812075    0.00346723      0.709233    0.00826019      0.999071    -0.0423011      -3.27379   -0.00312049     0.0423281      0.999099      -2.16699
     0.999959   -0.00813162    0.00404675      0.677847     0.0082971      0.999053    -0.0427113      -3.20995   -0.00369561     0.0427432      0.999079      -2.20727
      0.99996   -0.00811712    0.00377914      0.720713    0.00826688      0.999106    -0.0414604      -3.26533   -0.00343922       0.04149      0.999133      -2.28091
     0.999959    -0.0081598    0.00397228      0.676177     0.0083212      0.999063    -0.0424693      -3.22677   -0.00362202     0.0425006       0.99909      -2.19405
     0.999958   -0.00839833    0.00356658      0.687936    0.00853972      0.999095    -0.0416752       -3.2585   -0.00321335      0.041704      0.999125      -2.24969
     0.999957   -0.00837652    0.00406718       0.67211    0.00854199      0.999059    -0.0425338      -3.22008   -0.00370707     0.0425667      0.999087       -2.2079
     0.999956   -0.00847387    0.00402682      0.683359    0.00863516      0.999085    -0.0418851      -3.25443   -0.00366821      0.041918      0.999114      -2.25653
     0.999956   -0.00837434     0.0042631      0.680427    0.00854546      0.999088    -0.0418438      -3.23842    -0.0039088     0.0418784      0.999115      -2.24852
     0.999956   -0.00825899    0.00434192      0.684643    0.00843202      0.999104    -0.0414711      -3.20613   -0.00399552     0.0415059       0.99913      -2.32158
     0.999957   -0.00825351    0.00422358      0.701751    0.00841981      0.999124    -0.0409994      -3.22086   -0.00388149     0.0410332       0.99915      -2.39587
     0.999958    -0.0085797    0.00334222      0.665138    0.00871436      0.999054     -0.042609      -3.20931   -0.00297348     0.0426363      0.999086      -2.02536
     0.999957   -0.00862348    0.00345618      0.672413      0.008764      0.999039    -0.0429462      -3.25608   -0.00308251     0.0429746      0.999071      -1.95399
     0.999954   -0.00893894    0.00338574      0.655247    0.00907279      0.999084    -0.0418308      -3.19712   -0.00300871     0.0418597      0.999119      -2.13978
     0.999958   -0.00836551    0.00370992      0.652934    0.00851742      0.999038    -0.0430219      -3.24122   -0.00334645     0.0430517      0.999067      -2.13273
      0.99996   -0.00803046    0.00396187      0.702512    0.00818844        0.9991     -0.041618      -3.27385   -0.00362409     0.0416488      0.999126      -2.14068
     0.999962     -0.007541     0.0043331      0.743903     0.0077125      0.999128      -0.04103      -3.23887   -0.00401992     0.0410619      0.999149      -2.12696
     0.999965   -0.00711415    0.00447241      0.757984    0.00729114      0.999137    -0.0408881      -3.20068   -0.00417767     0.0409193      0.999154      -2.15542
     0.999967   -0.00707129    0.00388346      0.767528    0.00722138       0.99917    -0.0401002      -3.22342   -0.00359668     0.0401269      0.999188      -2.25953
     0.999968   -0.00710863    0.00361021      0.738692      0.007248      0.999166    -0.0401817      -3.19531   -0.00332156     0.0402066      0.999186      -2.27416
     0.999969   -0.00716009    0.00340422      0.766028    0.00728681       0.99922    -0.0387986      -3.20746   -0.00312377     0.0388222      0.999241      -2.38868
     0.999957   -0.00866859    0.00315561      0.672265    0.00879547      0.999049    -0.0427007       -3.2304   -0.00278246     0.0427266      0.999083      -1.91102
     0.999955   -0.00894728    0.00311184      0.652729    0.00907296      0.999032    -0.0430396      -3.20238   -0.00272374     0.0430659      0.999069      -1.88732
     0.999957   -0.00884606    0.00291165      0.670531    0.00896136      0.999065    -0.0423054      -3.22469   -0.00253469     0.0423296        0.9991      -1.91788
     0.999955   -0.00904147    0.00304054      0.644059    0.00916364      0.999037    -0.0429051      -3.20216   -0.00264969     0.0429311      0.999075      -1.89659
     0.999956   -0.00896208    0.00284696       0.66773    0.00907411      0.999071     -0.042136      -3.22587   -0.00246669     0.0421599      0.999108      -1.96307
     0.999954   -0.00912096    0.00298788      0.621042    0.00924039      0.999043    -0.0427501      -3.20665    -0.0025951     0.0427757      0.999081      -1.94468
     0.999955   -0.00903211    0.00282416       0.65411    0.00914325      0.999068    -0.0421913       -3.2586   -0.00244045     0.0422152      0.999106      -1.99259
     0.999955   -0.00906915    0.00286736      0.638089    0.00918468      0.999023    -0.0432359      -3.21048   -0.00247245     0.0432602      0.999061      -1.93428
     0.999954   -0.00916353    0.00271873       0.66186    0.00927089      0.999052    -0.0425279      -3.22864   -0.00232645     0.0425511      0.999092      -2.02725
     0.999955   -0.00899698    0.00293615      0.628109    0.00911559      0.999023    -0.0432504      -3.23251   -0.00254416     0.0432753       0.99906      -1.96595
     0.999956    -0.0089111    0.00296244      0.660982    0.00902911      0.999054    -0.0425494      -3.23087   -0.00258048     0.0425743       0.99909      -2.03991
     0.999957   -0.00882863    0.00296182      0.657624    0.00894671      0.999054    -0.0425562      -3.23114    -0.0025833     0.0425808       0.99909      -2.01207
     0.999956   -0.00891648    0.00296309      0.652805      0.009034      0.999062    -0.0423495      -3.21085    -0.0025827     0.0423744      0.999098      -2.02745
     0.999956   -0.00886127    0.00310093       0.66849    0.00898322      0.999085    -0.0418133      -3.23964   -0.00272758     0.0418393      0.999121      -2.03193
     0.999956   -0.00884828    0.00317311      0.655065    0.00897501      0.999059    -0.0424402      -3.19346    -0.0027946     0.0424668      0.999094      -2.00241
     0.999955   -0.00904827    0.00286897      0.656961    0.00916029      0.999085    -0.0417867      -3.23605   -0.00248824     0.0418111      0.999122      -2.06981
     0.999954   -0.00910515    0.00285595      0.628056    0.00921904      0.999042    -0.0427837       -3.1977   -0.00246367      0.042808       0.99908        -2.098
     0.999955   -0.00912405    0.00265625      0.648729    0.00922805      0.999066    -0.0422027      -3.27057   -0.00226871     0.0422253      0.999106       -2.1497
     0.999955   -0.00903314    0.00288346      0.619569    0.00914829      0.999042    -0.0427944      -3.22308   -0.00249413     0.0428188       0.99908       -2.1493
