# 3dvolreg matrices (DICOM-to-DICOM, row-by-row):
            1   0.000394457   0.000213671    -0.0262019  -0.000394415             1  -0.000197066     0.0103833  -0.000213749   0.000196982             1      -0.10223
            1  -6.60657e-05   0.000167377    -0.0148433   6.60931e-05             1   -0.00016331    0.00340711  -0.000167367   0.000163321             1    -0.0632501
            1   -7.7424e-11  -6.17998e-11  -7.41403e-09    7.7424e-11             1  -1.05896e-10    1.4361e-09   6.17998e-11   1.05896e-10             1  -3.16174e-09
            1   0.000190251   5.41759e-06    -0.0147784  -0.000190248             1  -0.000550702     0.0327965  -5.52236e-06   0.000550701             1     -0.101539
            1  -6.70788e-05   7.23657e-05  -5.62915e-05   6.70691e-05             1   0.000135273     0.0758559  -7.23748e-05  -0.000135268             1    -0.0472532
            1  -0.000150802  -0.000157531    0.00722267   0.000150878             1   0.000481051     0.0327996   0.000157458  -0.000481074             1     0.0386866
            1   0.000229948  -0.000133583    -0.0194458  -0.000230011             1  -0.000475987      0.104751   0.000133473   0.000476018             1    -0.0985748
            1   1.67579e-05  -8.07148e-05    0.00201958   -1.6713e-05             1   0.000555821     0.0570336   8.07241e-05  -0.000555819             1    -0.0157029
            1   5.74352e-05   8.89976e-05    0.00700455  -5.74837e-05             1   0.000544294     0.0322928  -8.89664e-05    -0.0005443             1     0.0227824
            1   0.000490384  -0.000115312    -0.0192687  -0.000490359             1   0.000216822     0.0342106   0.000115419  -0.000216765             1     -0.090544
            1   0.000307587  -7.69247e-05   -0.00699457  -0.000307511      0.999999   0.000977234    -0.0158778   7.72253e-05   -0.00097721             1   -0.00520606
            1   0.000481468  -0.000173098    -0.0210823  -0.000481387             1   0.000464928     0.0618299   0.000173322  -0.000464845             1    -0.0340269
            1   0.000487111   1.27262e-06    -0.0276538  -0.000487111             1  -0.000151798     0.0451176  -1.34657e-06   0.000151798             1    -0.0574151
            1   0.000435501   0.000133799    -0.0268684  -0.000435556             1   0.000404156     0.0225174  -0.000133623  -0.000404214             1    -0.0249842
            1   0.000411051  -0.000213894    -0.0121293  -0.000410776      0.999999    0.00128227     0.0184868   0.000214421   -0.00128218      0.999999      0.057816
            1   0.000794633  -0.000401182    -0.0330654  -0.000794704             1  -0.000176073     0.0734914   0.000401042   0.000176392             1    -0.0697014
            1   0.000944799  -0.000278386    -0.0435609  -0.000944718             1   0.000290665     0.0917355   0.000278661  -0.000290402             1    -0.0778046
            1   0.000742577  -0.000323368    -0.0494087   -0.00074234      0.999999   0.000734521     0.0426209   0.000323913  -0.000734281             1    -0.0076067
            1   0.000772223  -0.000328339    -0.0389403  -0.000771938      0.999999   0.000866901     0.0517477   0.000329008  -0.000866647             1   -0.00336787
     0.999999    0.00108393  -0.000380936    -0.0405474   -0.00108382      0.999999   0.000302761     0.0767806   0.000381264  -0.000302348             1    -0.0785515
     0.999999   0.000984204  -0.000412909    -0.0469028  -0.000983954      0.999999   0.000605029     0.0872815   0.000413505  -0.000604622             1    -0.0542724
     0.999999   0.000954146  -0.000576436    -0.0491728  -0.000953732      0.999999   0.000718349     0.0999418   0.000577121  -0.000717799             1    -0.0351393
     0.999999   0.000985058  -0.000569706     -0.053933  -0.000984808      0.999999   0.000439521      0.113949   0.000570139  -0.000438959             1    -0.0136789
     0.999999    0.00129077  -0.000652817    -0.0639122   -0.00129035      0.999999   0.000651582     0.0873607   0.000653657  -0.000650739             1    -0.0391864
     0.999999    0.00130583  -0.000716135    -0.0821598   -0.00130467      0.999998    0.00160619     0.0392669   0.000718231   -0.00160526      0.999998     0.0766856
     0.999999    0.00144004  -0.000913557    -0.0938088   -0.00143807      0.999997    0.00215413     0.0706998   0.000916656   -0.00215281      0.999997      0.176218
     0.999999    0.00116782  -0.000874213    -0.0869431   -0.00116598      0.999997    0.00210711     0.0910029   0.000876671   -0.00210609      0.999997       0.16918
     0.999999   0.000984919  -0.000577685    -0.0825056  -0.000983981      0.999998    0.00162068     0.0474994    0.00057928   -0.00162011      0.999999      0.103177
     0.999999     0.0011256   -0.00041436     -0.100148   -0.00112477      0.999997    0.00201702     0.0438908    0.00041663   -0.00201655      0.999998      0.117213
     0.999999    0.00133058  -0.000614356     -0.103903   -0.00132917      0.999997    0.00228165     0.0186775    0.00061739   -0.00228083      0.999997      0.150091
     0.999998    0.00152822  -0.000962494     -0.110667   -0.00152595      0.999996    0.00235075     0.0795821   0.000966082   -0.00234927      0.999997      0.155839
     0.999998    0.00191504  -0.000977892     -0.129647   -0.00191357      0.999997    0.00150279     0.0523179   0.000980767   -0.00150092      0.999998     0.0971218
     0.999997    0.00209732    -0.0008894     -0.134645   -0.00209535      0.999995    0.00221582     0.0575537   0.000894043   -0.00221395      0.999997     0.0909195
     0.999997    0.00197805   -0.00111121     -0.127022   -0.00197504      0.999994     0.0027008     0.0776011    0.00111654   -0.00269859      0.999996      0.124923
     0.999998     0.0019404  -0.000701879     -0.124918   -0.00193906      0.999996     0.0018958     0.0839846   0.000705555   -0.00189444      0.999998     0.0679497
     0.999998    0.00177194  -0.000352193     -0.123492   -0.00177127      0.999997    0.00189367     0.0823732   0.000355547   -0.00189304      0.999998     0.0436903
     0.999999    0.00140435  -0.000373472    -0.0990379    -0.0014031      0.999993    0.00333284    -0.0187279    0.00037815   -0.00333232      0.999994       0.18262
     0.999999    0.00121037  -0.000466866     -0.103984   -0.00120831       0.99999    0.00438385     0.0395257   0.000472167   -0.00438328       0.99999      0.202976
     0.999999    0.00132021   0.000394636     -0.130357   -0.00132269      0.999979     0.0063637      0.124388  -0.000386227   -0.00636422       0.99998      0.484063
     0.999999   0.000974948     0.0012514     -0.134562  -0.000981528      0.999986    0.00526819     0.0779723   -0.00124624   -0.00526941      0.999985      0.403218
     0.999999    0.00102117    0.00106086     -0.131473   -0.00102596      0.999989    0.00452414      0.122229   -0.00105623   -0.00452522      0.999989      0.385405
     0.999998    0.00143846     0.0010027     -0.166602   -0.00144419      0.999982    0.00573855     0.0498289   -0.00099443   -0.00573999      0.999983      0.464205
     0.999999     0.0015979   0.000339382     -0.153747   -0.00159991      0.999981    0.00600163     0.0458925  -0.000329785   -0.00600217      0.999982      0.496201
     0.999999     0.0016212   0.000298706     -0.154495   -0.00162303      0.999979    0.00622597     0.0791564  -0.000288606   -0.00622644      0.999981      0.510409
     0.999998    0.00182552   0.000480939     -0.157153   -0.00182841       0.99998    0.00608016     0.0551769   -0.00046983   -0.00608103      0.999981      0.464512
     0.999998    0.00194404    0.00061056     -0.174388   -0.00194772       0.99998    0.00609811     0.0642461  -0.000598693   -0.00609928      0.999981      0.443746
     0.999998    0.00210513   0.000459172     -0.176921   -0.00210794      0.999979    0.00619457     0.0689875  -0.000446122   -0.00619552      0.999981      0.459143
     0.999997     0.0022041   0.000556184      -0.20107   -0.00220727      0.999981    0.00576467     0.0647673  -0.000543468   -0.00576588      0.999983      0.483122
     0.999997    0.00235696   0.000550395     -0.223054   -0.00236111      0.999968    0.00767515      0.044534  -0.000532287   -0.00767642       0.99997      0.633682
     0.999998    0.00201383   0.000799014      -0.19375   -0.00202029      0.999965     0.0081718    -0.0114829  -0.000782529   -0.00817339      0.999966      0.701538
     0.999998    0.00197965   0.000729637     -0.190526   -0.00198566      0.999963    0.00833133     0.0441675  -0.000713117   -0.00833276      0.999965      0.668915
     0.999998    0.00207409   0.000754219     -0.203203   -0.00207939      0.999973    0.00709103     0.0630814  -0.000739491   -0.00709258      0.999975      0.540126
     0.999998    0.00185307   0.000364728      -0.17029   -0.00185613      0.999962    0.00855254     0.0444432  -0.000348866   -0.00855321      0.999963      0.690327
     0.999999    0.00148025   0.000352406     -0.135327   -0.00148314      0.999964    0.00834765     0.0481309  -0.000340037   -0.00834816      0.999965      0.731291
     0.999999    0.00129477   0.000962877     -0.153626   -0.00130102      0.999978    0.00652173      0.122288  -0.000954412   -0.00652297      0.999978      0.587776
     0.999999    0.00125958    0.00072548     -0.149599   -0.00126409       0.99998    0.00625674     0.0967386  -0.000717584   -0.00625765       0.99998      0.661407
     0.999999    0.00158696   0.000620255     -0.163941   -0.00159094      0.999978    0.00646622     0.0165302  -0.000609979    -0.0064672      0.999979      0.749087
     0.999999    0.00157553    0.00034813     -0.125861   -0.00157839      0.999964    0.00835981      0.011186  -0.000334947   -0.00836034      0.999965      0.851437
     0.999999    0.00165511   0.000411762      -0.15614   -0.00165783      0.999976    0.00668729     0.0736066  -0.000400684   -0.00668797      0.999978      0.678797
     0.999998    0.00199804   0.000647608     -0.181963   -0.00200216      0.999977    0.00642761     0.0656891  -0.000634751    -0.0064289      0.999979       0.62817
     0.999998    0.00201685   0.000421977     -0.172793   -0.00201952      0.999977    0.00643677    0.00858816  -0.000408985   -0.00643761      0.999979      0.683166
     0.999997    0.00231367   0.000246987     -0.177122   -0.00231519      0.999977    0.00633005     0.0592984  -0.000232336   -0.00633061       0.99998      0.635039
     0.999998    0.00216363   0.000127556     -0.165941   -0.00216437      0.999979    0.00611618     0.0460975  -0.000114321   -0.00611644      0.999981      0.636609
     0.999997    0.00237627   0.000128535     -0.188418   -0.00237692      0.999983    0.00529007     0.0389808  -0.000115962   -0.00529036      0.999986      0.536608
     0.999997    0.00247969   0.000142783     -0.176812    -0.0024805      0.999979     0.0059887     0.0535047   -0.00012793   -0.00598904      0.999982      0.589832
     0.999997    0.00235228   5.12077e-05     -0.181919   -0.00235254      0.999981    0.00578349     0.0752715  -3.76024e-05   -0.00578359      0.999983      0.575858
     0.999997    0.00262605   5.56591e-05     -0.185375   -0.00262634      0.999979    0.00589651     0.0746278  -4.01734e-05   -0.00589664      0.999983      0.554168
     0.999996    0.00267702   0.000608627     -0.172216   -0.00268006      0.999984    0.00504039     0.0553516  -0.000595123   -0.00504201      0.999987      0.568958
     0.999998      0.001715    0.00056406     -0.143325   -0.00171912      0.999971     0.0073952   -0.00952451  -0.000551361   -0.00739615      0.999972      0.790478
     0.999999    0.00152284   0.000492889     -0.145916   -0.00152656       0.99997    0.00762315      0.077629  -0.000481265   -0.00762389      0.999971      0.748005
     0.999998    0.00187421   0.000355184     -0.185893   -0.00187639      0.999979    0.00622898     0.0860325  -0.000343502   -0.00622963      0.999981      0.598142
     0.999997    0.00213161   0.000703507     -0.186967    -0.0021365      0.999973    0.00702776     0.0759938  -0.000688508   -0.00702925      0.999975      0.638401
     0.999998    0.00195053   0.000655393     -0.209015   -0.00195533      0.999971    0.00740994     0.0178254  -0.000640921    -0.0074112      0.999972      0.649945
     0.999997    0.00213906   0.000681792     -0.193924   -0.00214342      0.999977    0.00646221     0.0474808  -0.000667953   -0.00646365      0.999979      0.616154
     0.999999     0.0015167   0.000379538     -0.159695   -0.00151934      0.999974    0.00705026    0.00897141  -0.000368835   -0.00705082      0.999975      0.647972
     0.999999    0.00150006   0.000141652     -0.153908   -0.00150109       0.99997    0.00760423     0.0276979  -0.000130241   -0.00760443      0.999971      0.644362
     0.999999     0.0015265   0.000372248     -0.174281   -0.00152858      0.999983    0.00566881      0.112096  -0.000363588   -0.00566938      0.999984       0.49816
     0.999999    0.00123341   0.000307405     -0.138102   -0.00123546      0.999976     0.0067534     0.0894787  -0.000299068   -0.00675377      0.999977      0.612435
     0.999999     0.0013979   6.48883e-05     -0.158959   -0.00139834      0.999973    0.00725363    -0.0142903  -5.47467e-05   -0.00725371      0.999974      0.664617
     0.999999    0.00145853    7.0179e-05     -0.185646   -0.00145901      0.999971    0.00741181      0.070179  -5.93667e-05   -0.00741191      0.999973      0.667432
     0.999999    0.00138626   0.000775595      -0.16884   -0.00139121      0.999978    0.00641887     0.0881381   -0.00076668   -0.00641994      0.999979      0.505243
     0.999999    0.00155278   0.000132831     -0.180511   -0.00155369      0.999973    0.00715824     0.0342599  -0.000121712   -0.00715843      0.999974      0.555513
     0.999999    0.00167123   0.000148899     -0.204913   -0.00167226      0.999973    0.00720998     0.0743644  -0.000136845   -0.00721022      0.999974      0.554693
     0.999999     0.0016911  -0.000122409     -0.195312   -0.00169019      0.999974    0.00707757      0.131315   0.000134375   -0.00707735      0.999975      0.569364
     0.999998    0.00174307   0.000204553     -0.187434   -0.00174463      0.999968    0.00786349     0.0970346   -0.00019084   -0.00786383      0.999969      0.613186
     0.999998    0.00184603   0.000145514     -0.188612   -0.00184706       0.99997    0.00745987      0.109555  -0.000131739   -0.00746013      0.999972      0.568146
     0.999998    0.00182557    0.00017394     -0.184817   -0.00182684      0.999969    0.00759701      0.119196  -0.000160066   -0.00759731      0.999971      0.502122
     0.999998    0.00192845   0.000310825     -0.194607   -0.00193094      0.999964    0.00820832     0.0767017  -0.000294985   -0.00820891      0.999966      0.638756
     0.999998     0.0019231   0.000557659     -0.194883    -0.0019272       0.99997     0.0074416      0.106343  -0.000543332   -0.00744266      0.999972      0.595045
     0.999998    0.00170799    0.00042582      -0.19501   -0.00171101      0.999973    0.00720765      0.111152  -0.000413498   -0.00720837      0.999974      0.499239
     0.999998    0.00211863   0.000170161     -0.252807   -0.00212027      0.999945     0.0102812     0.0720418  -0.000148369    -0.0102816      0.999947      0.799221
            1   0.000980378   -0.00018245      -0.21231  -0.000978435      0.999946     0.0103598      0.104156   0.000192597    -0.0103596      0.999946      0.814421
     0.999999   0.000632059    0.00117421     -0.160581  -0.000640567      0.999973    0.00725953      0.277765   -0.00116959   -0.00726028      0.999973      0.593336
     0.999999     0.0014673   0.000838134     -0.194104   -0.00147486      0.999958    0.00909207     0.0965916  -0.000824758   -0.00909329      0.999958      0.655747
     0.999998    0.00178318   0.000376581     -0.204651   -0.00178647      0.999959    0.00891214       0.19163  -0.000360673   -0.00891279       0.99996      0.650916
     0.999998    0.00189255   0.000230543     -0.202148    -0.0018944      0.999964    0.00831624      0.152323  -0.000214796   -0.00831666      0.999965      0.545492
     0.999998    0.00205933   0.000112971     -0.220698    -0.0020603      0.999953    0.00943518      0.102302  -9.35357e-05   -0.00943539      0.999955      0.640219
     0.999998    0.00193182   0.000364673     -0.207272   -0.00193492       0.99996     0.0087105      0.137877  -0.000347832   -0.00871119      0.999962      0.680921
     0.999998    0.00207607   0.000217194     -0.210513   -0.00207793      0.999958    0.00895005     0.0660906  -0.000198604   -0.00895048       0.99996      0.671087
     0.999998    0.00211005   0.000376318     -0.217741   -0.00211367      0.999949    0.00988286     0.0832978  -0.000355445   -0.00988364      0.999951      0.753248
     0.999998    0.00206477   0.000300219      -0.22986   -0.00206745      0.999955     0.0092468     0.0980533  -0.000281114    -0.0092474      0.999957      0.723717
     0.999998    0.00213192   0.000110322     -0.230173   -0.00213282      0.999957    0.00900144      0.116328  -9.11268e-05   -0.00900166      0.999959      0.662883
     0.999998     0.0021566   0.000148593      -0.23062   -0.00215793      0.999952    0.00958201      0.127475  -0.000127921   -0.00958231      0.999954       0.73231
     0.999998    0.00216385  -8.00178e-05      -0.23301     -0.002163      0.999953     0.0094549      0.140716   0.000100473   -0.00945471      0.999955      0.744621
     0.999999    0.00157452   0.000244159     -0.258323    -0.0015765      0.999964    0.00837011      0.190778  -0.000230971   -0.00837049      0.999965       0.77912
     0.999999    0.00123409   0.000274995     -0.228638   -0.00123663      0.999955    0.00945693      0.212332  -0.000263312   -0.00945726      0.999955      0.763501
     0.999999    0.00168845   0.000227242     -0.256765   -0.00169052      0.999954    0.00943926      0.156306  -0.000211294   -0.00943963      0.999955      0.768198
     0.999999    0.00162772   0.000285791     -0.255339   -0.00163012      0.999962    0.00859148      0.164821  -0.000271795   -0.00859194      0.999963      0.727836
     0.999999    0.00152771  -3.70497e-05     -0.273173   -0.00152739       0.99997    0.00758518      0.140537   4.86366e-05   -0.00758512      0.999971       0.73927
            1   0.000550693   0.000215723       -0.2531  -0.000551872      0.999985    0.00550263       0.20796  -0.000212689   -0.00550275      0.999985      0.727084
            1   0.000877091   0.000280507     -0.248233  -0.000878856      0.999979     0.0063567      0.197029  -0.000274925   -0.00635695       0.99998      0.716041
     0.999999    0.00101842   0.000442483     -0.254307   -0.00102129      0.999978    0.00653872      0.205226  -0.000435814   -0.00653917      0.999979      0.742739
     0.999999    0.00117436   0.000472889     -0.256114   -0.00117772      0.999974    0.00717765       0.14706  -0.000464447    -0.0071782      0.999974      0.783511
     0.999999    0.00105956  -2.93304e-05     -0.201015   -0.00105931      0.999971    0.00749535      0.227222   3.72713e-05   -0.00749531      0.999972      0.706228
            1   0.000198378   0.000779467     -0.221287  -0.000203969      0.999974    0.00717903      0.192817  -0.000778023   -0.00717919      0.999974      0.631555
            1    8.2287e-05   0.000821783     -0.258722  -8.77225e-05      0.999978    0.00661642      0.310062   -0.00082122   -0.00661648      0.999978      0.511722
            1   0.000326537   0.000630369     -0.251032  -0.000329991      0.999985    0.00548747      0.329859  -0.000628567   -0.00548768      0.999985      0.376241
     0.999999   0.000316562    0.00109655     -0.241494  -0.000323531       0.99998    0.00636053       0.29992   -0.00109452   -0.00636088      0.999979      0.416051
     0.999999  -0.000169882    0.00138784     -0.238228   0.000160944      0.999979    0.00643757      0.264744    -0.0013889   -0.00643734      0.999978      0.480541
     0.999999  -4.78853e-05    0.00124645     -0.250666   3.99842e-05       0.99998    0.00633813      0.260644   -0.00124673   -0.00633807      0.999979      0.531585
     0.999999   2.67329e-05    0.00112262       -0.2394  -3.34501e-05      0.999982    0.00598396      0.215935   -0.00112244   -0.00598399      0.999981      0.507426
     0.999999   0.000277582    0.00142894     -0.248915  -0.000286851      0.999979    0.00649061       0.26234   -0.00142711   -0.00649102      0.999978      0.559573
     0.999999    0.00021419    0.00111127      -0.26984  -0.000220737      0.999983    0.00589457      0.223712   -0.00110999   -0.00589481      0.999982      0.582283
     0.999999   0.000436017    0.00107808     -0.303042  -0.000443598      0.999975    0.00704159       0.21536   -0.00107498   -0.00704206      0.999975      0.674285
     0.999999   0.000579966    0.00116619      -0.28162  -0.000588173      0.999975    0.00704986      0.284055   -0.00116207   -0.00705054      0.999974      0.590767
     0.999999   4.41487e-05    0.00148185      -0.26803  -5.59874e-05      0.999968    0.00798998      0.196949   -0.00148145   -0.00799005      0.999967      0.658705
     0.999999   9.51747e-05    0.00149524      -0.28145  -0.000108411      0.999961    0.00885465      0.137164   -0.00149433    -0.0088548       0.99996      0.764173
     0.999998   -0.00029444    0.00186833     -0.260462   0.000281295      0.999975    0.00703248      0.279036   -0.00187035   -0.00703195      0.999974      0.644384
     0.999998    -0.0002546     0.0018106     -0.279965   0.000240351      0.999969    0.00786577      0.198867   -0.00181255   -0.00786532      0.999967      0.671288
     0.999998   -0.00047793    0.00175603      -0.27023   0.000467048      0.999981    0.00619195      0.294964   -0.00175896   -0.00619112      0.999979      0.581487
     0.999998  -0.000702564     0.0018961      -0.26233   0.000690648       0.99998    0.00627764      0.226902   -0.00190047   -0.00627632      0.999978      0.545773
     0.999998  -0.000806554    0.00198006     -0.260703   0.000792383      0.999974    0.00714734      0.185812   -0.00198577   -0.00714575      0.999972      0.636698
     0.999998  -0.000739219    0.00189699     -0.232708   0.000731976      0.999992     0.0038158      0.284784   -0.00189979    -0.0038144      0.999991      0.524775
     0.999998  -0.000832751    0.00158516     -0.233484   0.000822971      0.999981    0.00616007       0.20336   -0.00159026   -0.00615875       0.99998      0.597983
     0.999999  -0.000798152    0.00150194     -0.226095   0.000788754       0.99998    0.00624735      0.300223   -0.00150689   -0.00624615      0.999979      0.573691
     0.999999  -0.000508223    0.00147555      -0.22145    0.00049635      0.999968    0.00803577      0.214065   -0.00147959   -0.00803503      0.999967      0.764597
     0.999999   -0.00048258    0.00162048     -0.244454   0.000469112      0.999965    0.00830132      0.228049   -0.00162443   -0.00830055      0.999964      0.629383
     0.999998  -0.000569808    0.00175433     -0.255274   0.000555253      0.999966    0.00828577       0.28304   -0.00175899   -0.00828478      0.999964      0.625149
     0.999999  -0.000420715    0.00166481     -0.240106   0.000408489      0.999973    0.00733755      0.272983   -0.00166785   -0.00733686      0.999972      0.542852
     0.999999  -0.000142754    0.00130612      -0.26176   0.000138367      0.999994    0.00335805      0.299783   -0.00130659   -0.00335787      0.999994      0.225286
     0.999998  -0.000324894    0.00181217     -0.244606   0.000315805      0.999987    0.00501332      0.357322   -0.00181378   -0.00501274      0.999986      0.235684
     0.999998  -0.000497179    0.00196702     -0.248765   0.000483032      0.999974    0.00718565      0.241735   -0.00197054   -0.00718469      0.999972      0.299819
     0.999998  -0.000532402    0.00203927     -0.226478   0.000519122      0.999979    0.00650749      0.304729   -0.00204269   -0.00650641      0.999977      0.352167
     0.999997  -0.000581879    0.00249342      -0.24524   0.000563477      0.999973    0.00737482      0.265104   -0.00249765   -0.00737339       0.99997      0.359461
     0.999997  -0.000608156    0.00241837      -0.25141   0.000589984      0.999972    0.00750776      0.232366   -0.00242287   -0.00750631      0.999969      0.406415
     0.999997  -0.000212895     0.0024188      -0.25925   0.000195076      0.999973    0.00736475      0.203146    -0.0024203   -0.00736426       0.99997      0.380835
     0.999997  -0.000142323    0.00226807     -0.278084   0.000123283      0.999965    0.00839278      0.174762   -0.00226919   -0.00839248      0.999962      0.444772
     0.999998  -0.000139007    0.00217486      -0.28173   0.000122794      0.999972    0.00745322      0.263363   -0.00217584   -0.00745294       0.99997       0.46604
     0.999998  -6.20053e-05    0.00210356     -0.268062   4.60407e-05      0.999971    0.00758851      0.210829   -0.00210397    -0.0075884      0.999969      0.425303
     0.999998  -0.000220961    0.00204985     -0.270091   0.000202789      0.999961    0.00886111      0.154796   -0.00205173   -0.00886067      0.999959      0.483633
     0.999998  -3.57923e-05    0.00185411     -0.273424   2.24536e-05      0.999974    0.00719362      0.328093   -0.00185432   -0.00719356      0.999972      0.419732
     0.999998   8.20235e-05    0.00189307     -0.278579  -9.69558e-05      0.999969    0.00788917      0.259511   -0.00189236   -0.00788934      0.999967      0.461684
     0.999998   0.000115738    0.00190097     -0.271589   -0.00013089      0.999968    0.00797252      0.243423   -0.00189999   -0.00797275      0.999966      0.527521
     0.999998   0.000208391    0.00210552     -0.275003  -0.000224434      0.999971    0.00762255      0.228371   -0.00210387   -0.00762301      0.999969      0.443605
     0.999998   8.78127e-05    0.00214525     -0.292449  -0.000105458      0.999966    0.00822633      0.240731   -0.00214446   -0.00822654      0.999964      0.477095
     0.999998   0.000411388    0.00189117     -0.306969  -0.000426208      0.999969     0.0078431      0.308082   -0.00188788   -0.00784389      0.999967      0.496664
     0.999999   0.000247073    0.00150149      -0.29948  -0.000258452      0.999971    0.00758257      0.245261   -0.00149957   -0.00758295       0.99997      0.475423
     0.999998   0.000420386      0.001688     -0.307198  -0.000434294      0.999966    0.00824789      0.273501   -0.00168448   -0.00824861      0.999965      0.526801
     0.999999   0.000551106    0.00163009     -0.311328  -0.000563991      0.999969    0.00791447      0.294656   -0.00162568   -0.00791538      0.999967      0.543019
     0.999998   0.000636237    0.00167906     -0.307893  -0.000649773      0.999967    0.00807355      0.257822   -0.00167387   -0.00807463      0.999966      0.525011
     0.999998   0.000651918     0.0018227     -0.309218  -0.000667132      0.999965    0.00835854      0.264161   -0.00181719   -0.00835974      0.999963      0.595524
     0.999999   0.000614594    0.00154231     -0.312817  -0.000628284       0.99996    0.00889183      0.256267   -0.00153678   -0.00889279      0.999959      0.647103
     0.999999    0.00060711    0.00108479     -0.310329  -0.000618073      0.999948     0.0101347      0.178402   -0.00107858    -0.0101354      0.999948      0.765582
     0.999999   0.000774199    0.00147722     -0.304574  -0.000787699      0.999958    0.00916004       0.32438   -0.00147007   -0.00916119      0.999957      0.671463
     0.999998   0.000693174    0.00163306     -0.293864  -0.000708602      0.999955    0.00946518      0.292824   -0.00162643   -0.00946632      0.999954      0.659131
     0.999998   0.000756347    0.00181924     -0.296653  -0.000774995      0.999947     0.0102716      0.227192   -0.00181137     -0.010273      0.999946      0.705898
     0.999997   0.000636668    0.00218052     -0.303311  -0.000657066      0.999956    0.00936696      0.282217   -0.00217446   -0.00936837      0.999954      0.660144
     0.999997   0.000603104     0.0023012     -0.287994  -0.000623616       0.99996    0.00892349      0.297455   -0.00229573    -0.0089249      0.999958       0.62131
     0.999998   0.000603679    0.00193964     -0.280568  -0.000622453      0.999953    0.00969319      0.232571    -0.0019337   -0.00969438      0.999951      0.654063
     0.999998   0.000633296    0.00211015     -0.275754  -0.000653558      0.999954    0.00961519      0.287418   -0.00210397   -0.00961655      0.999952      0.651978
     0.999997   0.000599689    0.00217048     -0.275081  -0.000620303      0.999955    0.00950916      0.248736   -0.00216468   -0.00951049      0.999952       0.60724
     0.999997   0.000632183     0.0022678     -0.292869  -0.000655188      0.999948     0.0101575      0.204324   -0.00226126     -0.010159      0.999946      0.663913
     0.999997   0.000584018    0.00222454     -0.284254  -0.000606341      0.999949     0.0100477      0.252122   -0.00221856    -0.0100491      0.999947      0.712287
     0.999997    0.00075963    0.00215596     -0.288024  -0.000779899      0.999955    0.00941617      0.255593   -0.00214871   -0.00941783      0.999953      0.665809
     0.999997   0.000860869    0.00239222       -0.2911  -0.000884974      0.999949     0.0100935      0.268093   -0.00238341    -0.0100956      0.999946      0.659527
     0.999997   0.000997399    0.00225775     -0.299471   -0.00102079      0.999946     0.0103845        0.2805   -0.00224727    -0.0103868      0.999944      0.698082
     0.999997    0.00095475     0.0020895     -0.298545  -0.000974273      0.999956    0.00936264      0.256945   -0.00208046   -0.00936465      0.999954      0.603855
     0.999997    0.00118799    0.00230331     -0.298884   -0.00121122      0.999948     0.0101116      0.247108   -0.00229118    -0.0101143      0.999946      0.660328
     0.999998   0.000499172    0.00171341     -0.272783  -0.000516185       0.99995    0.00994313      0.262023   -0.00170836     -0.009944      0.999949      0.737856
     0.999998   0.000169188    0.00211259     -0.253916  -0.000189587      0.999953    0.00965945      0.262157   -0.00211086   -0.00965983      0.999951      0.751851
     0.999998  -0.000204429    0.00212811     -0.238658   0.000185377       0.99996     0.0089489      0.285536   -0.00212985   -0.00894849      0.999958      0.643827
     0.999998  -0.000168274     0.0020329     -0.239434   0.000148915      0.999955    0.00951915      0.270128   -0.00203441   -0.00951882      0.999953      0.688287
     0.999994   -0.00133178    0.00313637     -0.185639    0.00132626      0.999998     0.0017614      0.541194   -0.00313871   -0.00175723      0.999994      0.514656
     0.999993   -0.00141559    0.00343127     -0.208703    0.00139478      0.999981    0.00605811       0.43981   -0.00343978   -0.00605329      0.999976      0.449088
     0.999993    -0.0015672    0.00329525     -0.188073    0.00154942      0.999984     0.0053895      0.471594   -0.00330364   -0.00538436       0.99998      0.465951
     0.999994   -0.00152283    0.00295198     -0.211734      0.001498      0.999964    0.00839349      0.242731   -0.00296465   -0.00838902       0.99996      0.678051
     0.999994   -0.00111241    0.00335134     -0.215933    0.00108797      0.999973    0.00728426      0.348595   -0.00335935   -0.00728057      0.999968      0.623927
     0.999997  -0.000508676    0.00255813     -0.238456   0.000486296      0.999962    0.00874176      0.300849   -0.00256248   -0.00874049      0.999959      0.680221
     0.999997  -0.000123472    0.00236078     -0.278484   0.000109632      0.999983     0.0058616      0.267172   -0.00236146   -0.00586132       0.99998        0.5788
     0.999996  -0.000317337    0.00270798     -0.259843   0.000297779      0.999974    0.00721968      0.371426   -0.00271021   -0.00721884       0.99997      0.537507
     0.999996  -0.000502949    0.00260856     -0.263929   0.000481342      0.999966    0.00827719      0.323955   -0.00261263   -0.00827591      0.999962      0.592928
     0.999998  -7.44351e-05     0.0022306     -0.220401   5.73066e-05      0.999971    0.00767796      0.297518    -0.0022311   -0.00767781      0.999968      0.639459
     0.999998    0.00011525    0.00206766     -0.249675  -0.000132261      0.999966    0.00822872      0.237654   -0.00206664   -0.00822897      0.999964       0.61914
     0.999997  -0.000223079    0.00235204     -0.242132   0.000200944      0.999956     0.0094072      0.275131   -0.00235403    -0.0094067      0.999953       0.65687
     0.999997   -8.1841e-05    0.00250397      -0.22938   5.88522e-05      0.999958    0.00917964      0.343357   -0.00250461   -0.00917946      0.999955      0.551995
     0.999997   -0.00013225    0.00234554     -0.239284   0.000111117      0.999959    0.00900768      0.293758   -0.00234664    -0.0090074      0.999957       0.60681
     0.999998   0.000168183    0.00184978     -0.239749   -0.00018408      0.999963    0.00859737      0.298346   -0.00184827    -0.0085977      0.999961      0.546526
     0.999999   0.000453412    0.00153127     -0.264506  -0.000467024       0.99996     0.0089006      0.189887   -0.00152718    -0.0089013      0.999959      0.581183
     0.999999   0.000338012    0.00137514     -0.247176    -0.0003482      0.999972    0.00741569      0.313982   -0.00137259   -0.00741616      0.999972      0.465039
     0.999999   0.000715976     0.0011787       -0.2512  -0.000726086      0.999963    0.00859914      0.219256    -0.0011725   -0.00859999      0.999962      0.569517
     0.999999   0.000651572    0.00120691     -0.239733  -0.000661736      0.999964     0.0084398      0.275957   -0.00120137   -0.00844059      0.999964      0.558805
     0.999998   0.000312948    0.00189119     -0.227599  -0.000328276      0.999967    0.00811042      0.268846   -0.00188859   -0.00811102      0.999965      0.531544
     0.999998   0.000542371    0.00181969     -0.242949  -0.000559208      0.999957    0.00926485      0.199233   -0.00181459   -0.00926586      0.999955       0.59599
     0.999998   0.000681495    0.00169403     -0.248744  -0.000696004      0.999963    0.00857916        0.2518   -0.00168812   -0.00858033      0.999962      0.537018
     0.999998   0.000475342    0.00192641     -0.246891  -0.000491932      0.999963    0.00862087      0.320897   -0.00192224    -0.0086218      0.999961      0.547898
     0.999999   0.000475315    0.00165303     -0.235751  -0.000491921      0.999949     0.0100595      0.269896   -0.00164817    -0.0100603      0.999948      0.611467
     0.999998   0.000254303    0.00213116     -0.224408  -0.000274538      0.999955    0.00949979      0.305604   -0.00212865   -0.00950035      0.999953      0.540863
     0.999999   0.000517109     0.0014424     -0.240057  -0.000532761      0.999941     0.0108726      0.252514    -0.0014367    -0.0108734       0.99994      0.649862
     0.999998    0.00035977    0.00176471     -0.222434  -0.000376025      0.999957     0.0092196       0.35913   -0.00176132   -0.00922025      0.999956      0.484758
     0.999997   0.000211027    0.00227752     -0.230488  -0.000236302      0.999938      0.011103      0.238647   -0.00227504    -0.0111035      0.999936      0.576829
     0.999997  -0.000115495    0.00258435     -0.221973   8.94665e-05      0.999949     0.0100694      0.303681   -0.00258538    -0.0100691      0.999946      0.467867
     0.999996  -0.000488818     0.0028517     -0.213654   0.000457985      0.999942     0.0108029      0.278735   -0.00285682    -0.0108015      0.999938      0.515741
     0.999998  -6.64805e-05    0.00222749     -0.227257    4.3202e-05      0.999945      0.010449      0.294489   -0.00222806    -0.0104488      0.999943      0.563746
     0.999997   -0.00121693    0.00201469     -0.197451    0.00119262      0.999927     0.0120258      0.151163   -0.00202918    -0.0120233      0.999926      0.764344
     0.999997  -0.000984862    0.00204662     -0.205014   0.000971453      0.999978    0.00654257      0.403656   -0.00205302   -0.00654056      0.999977      0.545493
     0.999997  -0.000779158    0.00242894     -0.202325   0.000756608      0.999957    0.00927085      0.271691   -0.00243606   -0.00926899      0.999954      0.696023
     0.999997   -0.00126148     0.0022005     -0.182267    0.00124393      0.999968    0.00795837      0.372167   -0.00221047   -0.00795561      0.999966      0.477217
     0.999998  -0.000395845     0.0019709      -0.23212    0.00037611       0.99995     0.0100034      0.249362   -0.00197476    -0.0100026      0.999948      0.550703
     0.999998  -3.17203e-05     0.0019403     -0.239145   1.40081e-05      0.999958    0.00912788      0.356003   -0.00194051   -0.00912783      0.999956      0.389746
     0.999998  -6.02716e-05    0.00201917     -0.249009   4.04146e-05      0.999952    0.00983282      0.322046   -0.00201966   -0.00983272       0.99995      0.420208
     0.999998  -0.000142394    0.00199957     -0.232721   0.000125547      0.999965     0.0084229      0.329446    -0.0020007   -0.00842263      0.999963      0.361072
     0.999997   9.43219e-05    0.00227545     -0.244803  -0.000116899      0.999951    0.00992374       0.23857    -0.0022744   -0.00992399      0.999948      0.387925
     0.999997   0.000439184    0.00229653     -0.251745  -0.000460185      0.999958    0.00915198       0.29336   -0.00229242   -0.00915301      0.999955      0.355158
     0.999997  -9.51337e-05    0.00236388     -0.241535    7.4251e-05      0.999961    0.00883261      0.329685   -0.00236463   -0.00883241      0.999958      0.287522
     0.999998  -4.90743e-05    0.00201427     -0.255497    3.0363e-05      0.999957    0.00928833      0.327638   -0.00201464   -0.00928825      0.999955      0.375663
     0.999999   4.90615e-06    0.00172875      -0.24774   -1.9149e-05      0.999966     0.0082389      0.323466   -0.00172865   -0.00823892      0.999965        0.2822
     0.999998  -0.000122098    0.00197611     -0.232303   0.000103169      0.999954    0.00957584      0.260346   -0.00197719   -0.00957562      0.999952      0.387263
     0.999998  -5.66449e-05    0.00221547     -0.240156   3.78432e-05      0.999964    0.00848566      0.343517   -0.00221587   -0.00848556      0.999962      0.228624
     0.999997  -0.000153692    0.00223858     -0.248616   0.000134412      0.999963    0.00861009      0.331132   -0.00223982   -0.00860976       0.99996      0.284009
     0.999998   9.10963e-05    0.00175798     -0.277755  -0.000101569      0.999982    0.00595799      0.373194    -0.0017574   -0.00595816      0.999981      0.277326
     0.999997  -1.45682e-05    0.00233753      -0.26404  -2.46896e-06      0.999973    0.00728837      0.406406   -0.00233757   -0.00728836      0.999971       0.17014
     0.999997  -7.03341e-06    0.00257074     -0.271976  -1.52897e-05      0.999962    0.00868338      0.332044   -0.00257071   -0.00868339      0.999959      0.268341
     0.999997   5.98765e-05    0.00242255     -0.254794  -7.99533e-05      0.999966    0.00828822      0.374489   -0.00242197   -0.00828839      0.999963      0.229866
     0.999997   0.000166318    0.00257712     -0.271757  -0.000188758      0.999962     0.0087098      0.325073   -0.00257557   -0.00871025      0.999959      0.292195
     0.999997   0.000181539    0.00225803      -0.25933  -0.000201945      0.999959    0.00904027      0.305794   -0.00225629    -0.0090407      0.999957      0.382349
     0.999997   6.60112e-05    0.00243803     -0.230202  -8.70963e-05      0.999963    0.00864932      0.335752   -0.00243737    -0.0086495       0.99996      0.318848
     0.999996  -0.000178416     0.0028865     -0.249536   0.000153297      0.999962    0.00870008      0.340004   -0.00288794    -0.0086996      0.999958      0.363261
