# 3dvolreg matrices (DICOM-to-DICOM, row-by-row):
     0.999989   -0.00227834    0.00399527     -0.542601    0.00225449       0.99998    0.00596362     -0.710918   -0.00400878   -0.00595455      0.999974     -0.468598
     0.999992   -0.00188549    0.00361544     -0.557833    0.00186809      0.999987    0.00480896     -0.579183   -0.00362446   -0.00480217      0.999982     -0.600424
     0.999988   -0.00227391    0.00440816     -0.569916    0.00224223      0.999972    0.00717725      -0.75362   -0.00442436   -0.00716727      0.999965     -0.476584
     0.999988   -0.00254754    0.00429181     -0.566331    0.00251575      0.999969    0.00739633     -0.689328   -0.00431052   -0.00738544      0.999963     -0.445365
     0.999988   -0.00236397    0.00429296     -0.556475    0.00232833      0.999963    0.00828773     -0.729885   -0.00431239   -0.00827764      0.999956     -0.395967
     0.999989   -0.00239989    0.00398448     -0.551199    0.00237663       0.99998    0.00583051     -0.663625    -0.0039984   -0.00582098      0.999975      -0.60186
     0.999989   -0.00239206    0.00414284     -0.547715    0.00236748       0.99998    0.00592864     -0.596949   -0.00415694   -0.00591876      0.999974     -0.646652
     0.999986   -0.00275175     0.0044617     -0.561874    0.00272582      0.999979    0.00580855     -0.662564   -0.00447759   -0.00579631      0.999973     -0.684572
     0.999987   -0.00262737    0.00437436     -0.561742    0.00260102      0.999979    0.00601895     -0.627392   -0.00439008    -0.0060075      0.999972     -0.604618
     0.999988   -0.00256587    0.00423144     -0.566794    0.00253869      0.999976    0.00641691     -0.747839    -0.0042478   -0.00640609       0.99997     -0.651654
     0.999987   -0.00247389    0.00436975     -0.577743     0.0024516      0.999984    0.00509891     -0.599913   -0.00438229   -0.00508813      0.999977     -0.724049
     0.999985   -0.00272778     0.0046991     -0.563507    0.00269809      0.999976    0.00631232     -0.728482   -0.00471621   -0.00629955      0.999969     -0.736053
     0.999986   -0.00297863    0.00447624     -0.541008    0.00295217      0.999978    0.00590692     -0.582296   -0.00449374   -0.00589362      0.999973      -0.75944
     0.999986    -0.0030892    0.00432861      -0.52199    0.00306483      0.999979    0.00562433      -0.63592   -0.00434589   -0.00561098      0.999975      -0.79705
     0.999987   -0.00303405    0.00402936     -0.527131    0.00301039      0.999978    0.00586354     -0.645827   -0.00404706   -0.00585134      0.999975     -0.713141
     0.999988    -0.0027026    0.00406034     -0.549476    0.00267939       0.99998    0.00570947     -0.655023   -0.00407569   -0.00569852      0.999975     -0.715358
     0.999986   -0.00288625    0.00439175     -0.543866     0.0028582      0.999976     0.0063799     -0.666434   -0.00441005   -0.00636726       0.99997     -0.719817
     0.999985   -0.00309628    0.00451875     -0.538837    0.00306826      0.999976    0.00619567     -0.621518   -0.00453783   -0.00618171      0.999971     -0.756954
     0.999988   -0.00191496    0.00460388     -0.575055    0.00189035      0.999984    0.00534282      -0.57467   -0.00461404   -0.00533405      0.999975     -0.878229
     0.999987   -0.00275749    0.00431596     -0.548124    0.00272889      0.999974    0.00661984     -0.707529    -0.0043341   -0.00660798      0.999969     -0.741069
     0.999988   -0.00172661    0.00467082     -0.593202     0.0017027      0.999985    0.00511815     -0.491064   -0.00467959   -0.00511013      0.999976     -0.955274
     0.999988   -0.00242629    0.00421025     -0.567769    0.00240172       0.99998    0.00583125     -0.592433   -0.00422431   -0.00582107      0.999974     -0.953925
     0.999987   -0.00258702    0.00440345     -0.568827    0.00256177       0.99998    0.00572987     -0.603372   -0.00441818   -0.00571851      0.999974     -0.901051
     0.999985   -0.00204215    0.00505937     -0.587131    0.00201382      0.999982    0.00559802     -0.569995   -0.00507071   -0.00558774      0.999972     -0.971095
     0.999985   -0.00286501    0.00475361      -0.55693    0.00283461      0.999976    0.00639029     -0.676591    -0.0047718   -0.00637672      0.999968     -0.854846
     0.999987   -0.00184158    0.00468747     -0.593764    0.00181359      0.999981    0.00596798     -0.567683   -0.00469837    -0.0059594      0.999971     -0.875822
     0.999988   -0.00226761    0.00432575     -0.564715    0.00224105      0.999979    0.00613581     -0.588987   -0.00433957   -0.00612604      0.999972     -0.823525
     0.999987   -0.00246851    0.00436276      -0.56087    0.00243615       0.99997    0.00740692      -0.65555   -0.00438092   -0.00739619      0.999963     -0.771115
     0.999989   -0.00141277    0.00439601     -0.590682    0.00138645      0.999981    0.00598492     -0.542356   -0.00440438   -0.00597876      0.999972     -0.881489
     0.999989   -0.00150725    0.00455244     -0.579013    0.00147658      0.999976    0.00673366     -0.636604   -0.00456248   -0.00672686      0.999967     -0.829219
     0.999988   -0.00144236    0.00462214     -0.582756    0.00141068      0.999976     0.0068517     -0.660306   -0.00463191    -0.0068451      0.999966     -0.822572
     0.999989   -0.00144539    0.00443635      -0.56312    0.00141363      0.999973    0.00715239     -0.631709   -0.00444657   -0.00714605      0.999965     -0.751838
     0.999988   -0.00213912    0.00448559     -0.565063    0.00210392      0.999967    0.00783755      -0.64324   -0.00450221   -0.00782802      0.999959     -0.700698
     0.999989   -0.00145441    0.00450788     -0.592713    0.00142103      0.999972    0.00739938     -0.606329   -0.00451852   -0.00739289      0.999962     -0.726522
     0.999987   -0.00144201    0.00492987      -0.59615    0.00140716      0.999974    0.00706534     -0.571113   -0.00493993   -0.00705831      0.999963     -0.862404
     0.999986   -0.00169683    0.00493083     -0.587623     0.0016605      0.999972    0.00736437      -0.56451   -0.00494319   -0.00735608      0.999961      -0.78679
     0.999988   -0.00143171    0.00477977     -0.605014    0.00140288      0.999981    0.00602873     -0.598403   -0.00478831   -0.00602195       0.99997     -0.830363
     0.999983   -0.00205401     0.0055273     -0.564498    0.00202452      0.999984    0.00533407      -0.48685   -0.00553817   -0.00532279       0.99997     -0.905914
     0.999984   -0.00240137    0.00515062     -0.542754    0.00237574      0.999985    0.00497726     -0.567672    -0.0051625   -0.00496494      0.999974     -0.757389
     0.999983   -0.00228008    0.00542646     -0.534948    0.00225167      0.999984    0.00523633     -0.541183   -0.00543831   -0.00522402      0.999972     -0.791442
     0.999981   -0.00300595    0.00537945     -0.519253    0.00296857      0.999971    0.00694228     -0.620749   -0.00540017   -0.00692618      0.999961     -0.594355
     0.999984   -0.00205425    0.00521597     -0.528183    0.00202359      0.999981    0.00587603     -0.464336   -0.00522794   -0.00586538      0.999969     -0.804894
      0.99998   -0.00321037    0.00553563     -0.499964    0.00317402      0.999973    0.00656247     -0.568742   -0.00555655   -0.00654477      0.999963      -0.71633
     0.999983   -0.00305011    0.00506523     -0.495448    0.00302061      0.999978    0.00582102     -0.564813   -0.00508288   -0.00580562       0.99997     -0.740293
     0.999983   -0.00307861    0.00504683      -0.49561    0.00304686      0.999976    0.00628652     -0.559935   -0.00506606   -0.00627103      0.999968     -0.770687
     0.999983   -0.00294958     0.0049709     -0.492082    0.00291822      0.999976    0.00630406     -0.510791   -0.00498937   -0.00628945      0.999968     -0.695702
     0.999983    -0.0027625    0.00516417     -0.485012    0.00273117      0.999978    0.00606443      -0.57654   -0.00518081   -0.00605022      0.999968     -0.827565
     0.999981   -0.00321975    0.00521897     -0.473415    0.00318491      0.999973    0.00667124     -0.605673   -0.00524031    -0.0066545      0.999964     -0.785434
     0.999983   -0.00256208    0.00515623      -0.48889    0.00253252       0.99998    0.00573106     -0.530899   -0.00517081    -0.0057179       0.99997     -0.833567
     0.999983   -0.00291255    0.00507048     -0.484712    0.00288386       0.99998    0.00565553     -0.575589   -0.00508685   -0.00564081      0.999971     -0.831971
     0.999984   -0.00303399    0.00479514     -0.478252    0.00300356      0.999975    0.00634125     -0.571324   -0.00481426   -0.00632675      0.999968     -0.718255
     0.999983   -0.00295527    0.00495573     -0.483308    0.00292659      0.999979    0.00578404     -0.518096   -0.00497272   -0.00576944      0.999971     -0.767041
     0.999981   -0.00292447    0.00542573     -0.485054    0.00288681      0.999972    0.00693611      -0.57536   -0.00544586   -0.00692032      0.999961     -0.671491
     0.999983   -0.00307768    0.00498162     -0.476087    0.00303324      0.999956    0.00890414     -0.674763    -0.0050088   -0.00888888      0.999948     -0.459166
     0.999981    -0.0031324    0.00538347     -0.518355     0.0030754      0.999939     0.0105626      -0.68844   -0.00541623    -0.0105458       0.99993     -0.295558
      0.99998   -0.00312872    0.00553791     -0.487324    0.00308693      0.999967    0.00753957     -0.488494   -0.00556132   -0.00752232      0.999956     -0.562357
     0.999978    -0.0032495    0.00580006     -0.478135    0.00320368      0.999964    0.00789123     -0.585495    -0.0058255   -0.00787248      0.999952     -0.620776
     0.999972   -0.00404098     0.0062306     -0.445032    0.00398804      0.999956    0.00848633     -0.560168   -0.00626461   -0.00846125      0.999945     -0.553428
     0.999969    -0.0040442    0.00671544     -0.439285    0.00399028       0.99996    0.00802401     -0.600099   -0.00674762   -0.00799697      0.999945     -0.658145
     0.999965   -0.00501619    0.00673954     -0.387818     0.0049959      0.999983    0.00302377     -0.475608   -0.00675459   -0.00298999      0.999973     -0.867863
     0.999969    -0.0041572    0.00662585      -0.42048    0.00412893      0.999982    0.00427443     -0.487766    -0.0066435   -0.00424694      0.999969     -0.999964
     0.999973   -0.00407656    0.00619413     -0.426135    0.00404645       0.99998    0.00486734     -0.504466   -0.00621385   -0.00484214      0.999969     -0.944073
     0.999971   -0.00382563    0.00656641     -0.438624    0.00379251       0.99998    0.00504901     -0.526326    -0.0065856   -0.00502396      0.999966      -1.00569
     0.999971    -0.0041467    0.00645158     -0.442335    0.00411378      0.999978    0.00510758     -0.542375   -0.00647262   -0.00508089      0.999966     -0.885445
     0.999971   -0.00391007    0.00645882     -0.441049    0.00388018      0.999982    0.00463298     -0.509074   -0.00647681   -0.00460779      0.999968      -1.04193
      0.99997   -0.00428153    0.00647893     -0.454867    0.00424269      0.999973    0.00599561     -0.562542   -0.00650442   -0.00596794      0.999961      -0.92295
     0.999969   -0.00387112    0.00680404     -0.448885    0.00383823      0.999981    0.00484026     -0.468838   -0.00682265     -0.004814      0.999965      -1.01936
      0.99997   -0.00404471    0.00653164     -0.448392    0.00400579      0.999974    0.00596051     -0.622821   -0.00655558   -0.00593417      0.999961     -0.953751
     0.999971   -0.00392385    0.00646427     -0.437366    0.00389122       0.99998    0.00505285     -0.512116   -0.00648397   -0.00502755      0.999966     -0.995563
     0.999969   -0.00425367    0.00664905     -0.431256    0.00421698      0.999976     0.0055231     -0.606331   -0.00667238   -0.00549489      0.999963     -0.992552
     0.999967   -0.00446534    0.00682645     -0.417774    0.00442861      0.999976    0.00538637     -0.557119   -0.00685034   -0.00535596      0.999962     -0.977972
     0.999968   -0.00427477     0.0067282      -0.41216    0.00423943      0.999977    0.00525799     -0.572187   -0.00675053    -0.0052293      0.999964      -1.06419
     0.999967   -0.00450099    0.00682861     -0.407187      0.004459      0.999971    0.00615199     -0.570086    -0.0068561   -0.00612133      0.999958     -0.960806
     0.999967   -0.00432466    0.00681879     -0.390893    0.00429333       0.99998    0.00460369     -0.481423   -0.00683857   -0.00457426      0.999966     -0.990419
     0.999967    -0.0043789    0.00688936      -0.40353    0.00434081      0.999975    0.00553385     -0.576621   -0.00691342   -0.00550376      0.999961     -0.966502
     0.999965   -0.00466503    0.00698242      -0.39628    0.00462011      0.999969    0.00643472     -0.564264   -0.00701222   -0.00640224      0.999955     -0.891351
     0.999966   -0.00439736    0.00702978     -0.416024    0.00436118      0.999977    0.00515372     -0.474436   -0.00705228   -0.00512289      0.999962     -0.974995
     0.999967   -0.00442141    0.00684478     -0.406375    0.00438228      0.999974    0.00572061     -0.532561   -0.00686989   -0.00569043       0.99996      -1.00992
     0.999966   -0.00448193    0.00694438     -0.409051      0.004441      0.999973     0.0058983     -0.498335   -0.00697062   -0.00586725      0.999958     -0.947552
     0.999967   -0.00432619    0.00690905      -0.40407    0.00428754      0.999975    0.00559783     -0.495522    -0.0069331   -0.00556802       0.99996     -0.965565
     0.999965   -0.00440722    0.00709835     -0.402088    0.00436514      0.999973    0.00593325     -0.549383    -0.0071243   -0.00590206      0.999957     -0.971695
     0.999966   -0.00436096    0.00695988     -0.397801     0.0043164       0.99997    0.00640471     -0.520651    -0.0069876   -0.00637446      0.999955     -0.897965
     0.999967   -0.00435862    0.00683179     -0.404455    0.00432023      0.999975    0.00562413     -0.486903   -0.00685614   -0.00559443      0.999961     -0.978807
     0.999964   -0.00433961    0.00727816     -0.417741    0.00429489      0.999972    0.00614936     -0.525269   -0.00730464   -0.00611788      0.999955     -0.943075
     0.999967   -0.00432028    0.00681409     -0.436222    0.00427766      0.999971    0.00625603     -0.504122   -0.00684093   -0.00622667      0.999957     -0.884424
     0.999967   -0.00415182    0.00697184     -0.449002    0.00410909      0.999973    0.00613252     -0.549824   -0.00699711   -0.00610368      0.999957     -0.875392
     0.999964   -0.00428286    0.00729808     -0.454486     0.0042352       0.99997    0.00653397      -0.55722   -0.00732584   -0.00650283      0.999952     -0.863806
     0.999964   -0.00431513    0.00732554     -0.438219    0.00426462      0.999967    0.00689654     -0.575646   -0.00735506   -0.00686505      0.999949     -0.860109
     0.999966   -0.00410242    0.00716555     -0.445332     0.0040579      0.999972    0.00621641     -0.551754   -0.00719086   -0.00618712      0.999955      -0.99636
     0.999967   -0.00415607     0.0070236     -0.439401     0.0041133      0.999973    0.00609299     -0.551915   -0.00704874   -0.00606389      0.999957     -0.926236
     0.999969    -0.0039236    0.00687044     -0.452014    0.00387617      0.999969    0.00690262     -0.595898    -0.0068973   -0.00687577      0.999953     -0.855536
      0.99997   -0.00378657    0.00682728     -0.428569    0.00374404      0.999974    0.00623101     -0.531722   -0.00685069   -0.00620526      0.999957     -0.858451
     0.999971   -0.00468275    0.00601494      -0.40806    0.00461715       0.99993     0.0108746     -0.847359   -0.00606544    -0.0108465      0.999923     -0.251167
     0.999963    -0.0049146    0.00709541     -0.381343    0.00485359      0.999951    0.00858948     -0.507223   -0.00713728   -0.00855472      0.999938     -0.526758
     0.999963   -0.00498148    0.00695681     -0.389877    0.00491705      0.999945    0.00924856     -0.600614    -0.0070025   -0.00921401      0.999933     -0.516839
     0.999962   -0.00503213    0.00712647     -0.401625    0.00497543      0.999956    0.00795255     -0.566694   -0.00716618   -0.00791679      0.999943     -0.590649
      0.99996   -0.00503758    0.00735543     -0.403079    0.00497564      0.999952    0.00841534     -0.588001   -0.00739747   -0.00837841      0.999938     -0.667496
      0.99996   -0.00523792    0.00721572     -0.407173    0.00517543      0.999949     0.0086526     -0.614115   -0.00726068   -0.00861491      0.999937     -0.593173
     0.999961   -0.00505607    0.00721736     -0.407574    0.00500041      0.999958     0.0077096     -0.531685   -0.00725603   -0.00767321      0.999944     -0.628738
     0.999958   -0.00510092    0.00758832     -0.415085    0.00503918      0.999954    0.00813263     -0.554571   -0.00762946   -0.00809405      0.999938     -0.691875
     0.999956   -0.00547129    0.00768442     -0.388482    0.00540454      0.999948    0.00868017     -0.554689   -0.00773151   -0.00863826      0.999933     -0.650343
     0.999959   -0.00455226    0.00782373     -0.406742      0.004489      0.999957    0.00808412     -0.548331   -0.00786019   -0.00804867      0.999937     -0.740925
     0.999956   -0.00539162    0.00764211     -0.385768    0.00532589      0.999949     0.0085962     -0.572033   -0.00768806   -0.00855512      0.999934     -0.700847
      0.99996   -0.00521088    0.00732548     -0.389248    0.00515181      0.999954    0.00805987     -0.542473   -0.00736714    -0.0080218      0.999941      -0.65494
     0.999962   -0.00496508    0.00713831     -0.411875    0.00490443      0.999952    0.00849008     -0.598485   -0.00718012   -0.00845475      0.999938     -0.556702
      0.99996   -0.00511979    0.00737955     -0.414426    0.00504683      0.999939    0.00987143     -0.609644   -0.00742963   -0.00983379      0.999924      -0.54458
     0.999962   -0.00479808    0.00729266     -0.425002    0.00473834      0.999955    0.00818753     -0.484214   -0.00733162   -0.00815267       0.99994     -0.675303
     0.999957   -0.00518394    0.00763645     -0.416064    0.00511754      0.999949    0.00868906      -0.54601   -0.00768111   -0.00864961      0.999933     -0.721474
     0.999957   -0.00533744    0.00753544     -0.396399    0.00527547      0.999952    0.00821981     -0.548003   -0.00757895    -0.0081797      0.999938     -0.650315
     0.999962   -0.00466286    0.00742474     -0.400133    0.00460085      0.999955    0.00834703     -0.579702   -0.00746333   -0.00831255      0.999938      -0.69798
     0.999959   -0.00521311    0.00740314     -0.389882     0.0051466      0.999946    0.00897487     -0.629181   -0.00744953    -0.0089364      0.999932     -0.648853
     0.999959   -0.00511324    0.00742408     -0.397993     0.0050546      0.999956    0.00789498     -0.494379   -0.00746412   -0.00785714      0.999941     -0.668304
     0.999963   -0.00493617    0.00704876     -0.408283    0.00487971      0.999956    0.00800528     -0.569641   -0.00708796   -0.00797059      0.999943     -0.685279
     0.999961   -0.00497572    0.00735432     -0.428559    0.00491449      0.999953    0.00831933     -0.610111   -0.00739538   -0.00828286      0.999938     -0.672687
      0.99996   -0.00512743    0.00733758     -0.417197    0.00506807      0.999954    0.00808506     -0.556457    -0.0073787   -0.00804755       0.99994     -0.651674
     0.999963   -0.00440992    0.00737597     -0.431406    0.00435267       0.99996    0.00776019     -0.580076    -0.0074099   -0.00772779      0.999943     -0.728159
     0.999961   -0.00440228    0.00763261     -0.426866    0.00434216       0.99996     0.0078755     -0.539754   -0.00766697   -0.00784206       0.99994     -0.722155
     0.999962   -0.00505212    0.00706523     -0.410001    0.00499358      0.999953    0.00827904     -0.598536   -0.00710673   -0.00824345      0.999941     -0.686518
     0.999962   -0.00445732    0.00749157     -0.429141    0.00440849      0.999969    0.00652205     -0.465047    -0.0075204   -0.00648878      0.999951     -0.752596
     0.999963   -0.00442323    0.00743331     -0.491561    0.00436079      0.999955    0.00839539     -0.637189   -0.00747011   -0.00836266      0.999937     -0.519003
     0.999963   -0.00338423    0.00785212     -0.496209    0.00331884       0.99996    0.00832625     -0.647364   -0.00787998   -0.00829989      0.999935    -0.0975324
     0.999958   -0.00413483    0.00823796      -0.47142    0.00406394      0.999955    0.00860321     -0.546081   -0.00827316   -0.00856937      0.999929     -0.350105
     0.999957    -0.0049398    0.00782326     -0.424252    0.00487117       0.99995    0.00876638     -0.517005   -0.00786617    -0.0087279      0.999931     -0.385835
      0.99996   -0.00420795    0.00789006     -0.457578    0.00414489      0.999959    0.00799181     -0.529215   -0.00792337   -0.00795879      0.999937      -0.49864
      0.99996   -0.00412749     0.0078937      -0.45151    0.00406416       0.99996    0.00802333     -0.550934    -0.0079265   -0.00799093      0.999937     -0.460216
     0.999957   -0.00512541     0.0077509     -0.433111    0.00506097      0.999953    0.00831003     -0.592503   -0.00779312   -0.00827045      0.999935     -0.436259
      0.99996   -0.00441866    0.00780115     -0.446868    0.00436041      0.999963    0.00746844     -0.536358   -0.00783386   -0.00743412      0.999942     -0.513502
     0.999961   -0.00424108    0.00780113     -0.454414    0.00417538      0.999956    0.00841998     -0.551799    -0.0078365   -0.00838708      0.999934     -0.463533
     0.999958   -0.00486411    0.00781232     -0.454343    0.00479783      0.999953    0.00847996     -0.579896    -0.0078532   -0.00844212      0.999934     -0.361238
     0.999959   -0.00412927    0.00799969     -0.458398    0.00406467      0.999959    0.00807473     -0.513319   -0.00803271   -0.00804188      0.999935     -0.494951
     0.999955   -0.00438175    0.00844594     -0.449428    0.00431012      0.999955    0.00847974     -0.546174   -0.00848272   -0.00844295      0.999928     -0.517437
     0.999956   -0.00482551    0.00809725     -0.420613    0.00475485      0.999951    0.00872304     -0.557702   -0.00813895   -0.00868415      0.999929     -0.457784
     0.999956    -0.0047703    0.00804689     -0.416152    0.00470905       0.99996    0.00761254     -0.555276   -0.00808288   -0.00757432      0.999939     -0.577331
     0.999954   -0.00488859    0.00826647      -0.41685    0.00482657       0.99996    0.00750576     -0.554608   -0.00830283   -0.00746552      0.999938     -0.532284
     0.999958    -0.0044915    0.00797229     -0.412369    0.00442684      0.999957     0.0081103      -0.57216   -0.00800837   -0.00807466      0.999935     -0.488227
     0.999955   -0.00461198    0.00831838     -0.422296    0.00455328      0.999965    0.00706254     -0.525695   -0.00835066   -0.00702435       0.99994     -0.571372
     0.999954   -0.00447584    0.00852519     -0.437718    0.00440758      0.999958    0.00800838     -0.544003   -0.00856067   -0.00797044      0.999932     -0.479868
     0.999949   -0.00524862    0.00859139     -0.410723    0.00516513       0.99994    0.00971142     -0.618641   -0.00864184   -0.00966655      0.999916     -0.311916
     0.999953   -0.00490002    0.00835008      -0.40423    0.00482535      0.999948    0.00893949     -0.559726   -0.00839345   -0.00889878      0.999925     -0.416318
     0.999947    -0.0052655     0.0088131     -0.412515     0.0051747      0.999934     0.0102936     -0.663225   -0.00886672    -0.0102475      0.999908     -0.296251
     0.999954   -0.00447694    0.00851643     -0.386343    0.00440735      0.999957     0.0081718     -0.449698   -0.00855264   -0.00813389       0.99993     -0.467075
     0.999952   -0.00462154    0.00859486     -0.382752    0.00454095      0.999946    0.00937169     -0.577927    -0.0086377   -0.00933222      0.999919     -0.418527
     0.999955   -0.00469243    0.00830128     -0.387643      0.004617      0.999948    0.00908172     -0.582887   -0.00834347   -0.00904298      0.999924     -0.415294
     0.999953   -0.00451062    0.00859165     -0.377604    0.00443636      0.999953    0.00864225     -0.550573   -0.00863023   -0.00860373      0.999926     -0.491222
     0.999948   -0.00525516    0.00875656     -0.369536    0.00518143      0.999951    0.00842162     -0.536869   -0.00880039   -0.00837581      0.999926     -0.461053
      0.99995   -0.00499611    0.00862682     -0.339619    0.00493223       0.99996    0.00741097     -0.436837    -0.0086635   -0.00736805      0.999935     -0.623318
     0.999962   -0.00498846    0.00715919     -0.338528    0.00494028      0.999965    0.00673131     -0.449608   -0.00719252   -0.00669569      0.999952     -0.533694
      0.99995   -0.00534213    0.00842237     -0.339177    0.00528608      0.999964    0.00666361     -0.550524   -0.00845767   -0.00661876      0.999942     -0.560188
     0.999949    -0.0050329    0.00878058     -0.337256     0.0049753      0.999966    0.00656878     -0.504191   -0.00881334   -0.00652475       0.99994     -0.640761
     0.999941    -0.0054798    0.00941305     -0.325652    0.00540772      0.999956    0.00766627     -0.594095   -0.00945464   -0.00761491      0.999926      -0.63553
     0.999936   -0.00545186    0.00988142     -0.315883    0.00538766      0.999964    0.00651231     -0.487354   -0.00991657   -0.00645866       0.99993     -0.787927
     0.999934   -0.00568386    0.00996221     -0.316956    0.00560971      0.999956    0.00745541     -0.590425    -0.0100042   -0.00739903      0.999923     -0.771313
     0.999938     -0.005513    0.00966269     -0.313637    0.00545825      0.999969    0.00568341     -0.518256   -0.00969372   -0.00563032      0.999937     -0.859335
     0.999938   -0.00552806    0.00966881     -0.325304    0.00547117      0.999968    0.00590073     -0.537819   -0.00970112   -0.00584746      0.999936     -0.899506
     0.999935   -0.00574861    0.00986045     -0.313914    0.00568356      0.999962    0.00661257       -0.5364   -0.00989809    -0.0065561       0.99993     -0.844559
      0.99993   -0.00565934     0.0103575     -0.306877    0.00559912      0.999967    0.00583407      -0.51389    -0.0103902   -0.00577567      0.999929     -0.958071
     0.999933   -0.00580902    0.00997948     -0.319112     0.0057502      0.999966    0.00591259     -0.502133    -0.0100135   -0.00585481      0.999933     -0.895517
     0.999949   -0.00491025    0.00884156     -0.335668    0.00486361      0.999974    0.00528924     -0.473709   -0.00886731   -0.00524597      0.999947     -0.816735
     0.999945   -0.00534297    0.00904805     -0.321045     0.0052813      0.999963     0.0068261     -0.554192   -0.00908419   -0.00677794      0.999936     -0.800472
     0.999946   -0.00528479    0.00893609     -0.324727    0.00523926      0.999973     0.0051107     -0.373213   -0.00896286   -0.00506361      0.999947     -0.942838
      0.99994   -0.00531545    0.00956479     -0.334014      0.005262       0.99997    0.00560424     -0.467071    -0.0095943   -0.00555358      0.999939     -0.933555
     0.999943   -0.00505272     0.0094041     -0.352299     0.0049984      0.999971    0.00579016     -0.487351   -0.00943309   -0.00574282      0.999939     -0.901614
     0.999945   -0.00490189    0.00925648     -0.337665     0.0048488      0.999972    0.00574966     -0.477868    -0.0092844   -0.00570446      0.999941     -0.899457
     0.999941   -0.00515451    0.00952692     -0.334009    0.00509035      0.999964    0.00674607     -0.586612   -0.00956136   -0.00669718      0.999932     -0.894752
     0.999941   -0.00494919    0.00962989     -0.348038    0.00488549      0.999966    0.00662638     -0.466002   -0.00966236   -0.00657895      0.999932     -0.896756
     0.999944   -0.00471504    0.00945533     -0.349202    0.00465703       0.99997    0.00614743     -0.490945   -0.00948404   -0.00610305      0.999936      -1.05425
     0.999941   -0.00492905    0.00971615     -0.374936    0.00485747      0.999961     0.0073774     -0.514418   -0.00975214   -0.00732977      0.999926      -1.01769
     0.999941   -0.00457225     0.0098106      -0.37563    0.00451241      0.999971    0.00611249     -0.423912   -0.00983826   -0.00606786      0.999933      -1.13571
     0.999941   -0.00457596    0.00986249     -0.385893     0.0045143       0.99997    0.00626501     -0.488699   -0.00989086   -0.00622012      0.999932      -1.13256
     0.999938    -0.0048166     0.0099904     -0.366206    0.00476223      0.999974    0.00545885     -0.453489    -0.0100164   -0.00541094      0.999935      -1.14135
     0.999934   -0.00498042     0.0103383     -0.360672     0.0049152      0.999968    0.00632467     -0.484621    -0.0103695   -0.00627343      0.999927      -1.12625
     0.999937   -0.00493916     0.0100503     -0.358584    0.00487858       0.99997    0.00604314      -0.45717    -0.0100798   -0.00599373      0.999931      -1.09832
      0.99994   -0.00465513    0.00987585      -0.36243     0.0045999      0.999974    0.00560736     -0.464616   -0.00990169   -0.00556159      0.999936      -1.18757
     0.999934   -0.00484852     0.0104406     -0.363618    0.00478136      0.999968    0.00644722     -0.518967    -0.0104715   -0.00639688      0.999925      -1.14158
     0.999935   -0.00454004     0.0104676      -0.36024    0.00448826      0.999978    0.00496435     -0.390244    -0.0104899   -0.00491704      0.999933      -1.19334
     0.999935   -0.00466314     0.0103694     -0.342889    0.00460173      0.999972    0.00593847     -0.461446    -0.0103968   -0.00589037      0.999929      -1.17508
     0.999934   -0.00560003     0.0100293     -0.343391     0.0055183      0.999951    0.00815863     -0.544611    -0.0100745   -0.00810274      0.999916     -0.637562
     0.999927   -0.00571224     0.0106117     -0.315116    0.00563831       0.99996    0.00698347      -0.41715    -0.0106512   -0.00692313      0.999919      -0.85411
     0.999933   -0.00523437     0.0103725     -0.331789    0.00516173      0.999962    0.00701725     -0.411023    -0.0104089   -0.00696324      0.999922     -0.878635
     0.999934    -0.0050821     0.0103257     -0.321664    0.00501254      0.999965    0.00675105     -0.460289    -0.0103596   -0.00669885      0.999924      -1.03342
     0.999933   -0.00535705     0.0102723     -0.323537    0.00528465      0.999961    0.00706308     -0.477017    -0.0103097   -0.00700832      0.999922     -0.977809
     0.999934    -0.0051533     0.0102346     -0.321948    0.00509066      0.999968     0.0061376     -0.389723    -0.0102659    -0.0060851      0.999929      -1.09178
     0.999937   -0.00525118    0.00987996     -0.313749    0.00519175      0.999968    0.00603098     -0.450488   -0.00991131    -0.0059793      0.999933       -1.0665
     0.999944   -0.00456445    0.00955908      -0.32275    0.00452465      0.999981    0.00418094     -0.369338   -0.00957798   -0.00413746      0.999946      -1.19342
     0.999944   -0.00463303    0.00953122     -0.328623    0.00458578      0.999977    0.00497329     -0.411815   -0.00955405   -0.00492931      0.999942      -1.21723
     0.999937   -0.00479287     0.0101546     -0.318685    0.00474454      0.999977    0.00477778     -0.382045    -0.0101773    -0.0047293      0.999937       -1.1628
     0.999939   -0.00465555    0.00998671      -0.32816    0.00460991      0.999979    0.00458729     -0.428814    -0.0100079   -0.00454097       0.99994      -1.19913
     0.999938   -0.00452515     0.0101953      -0.31808    0.00447898       0.99998    0.00454742     -0.382145    -0.0102156   -0.00450147      0.999938      -1.21763
     0.999939   -0.00470956     0.0100125     -0.311239    0.00465802      0.999976    0.00516538     -0.457159    -0.0100366   -0.00511843      0.999937       -1.2152
     0.999941   -0.00445054    0.00989719     -0.310399    0.00441403      0.999983    0.00370747     -0.292482   -0.00991352   -0.00366356      0.999944      -1.26907
      0.99994   -0.00465199    0.00992724     -0.309616    0.00460965       0.99998    0.00428357     -0.400174   -0.00994697   -0.00423755      0.999942      -1.27625
     0.999941     -0.004417    0.00995159     -0.323961      0.004379      0.999983    0.00383673      -0.35629   -0.00996836   -0.00379293      0.999943      -1.30966
     0.999941   -0.00452451    0.00991108     -0.319849    0.00448606      0.999982    0.00389918     -0.383761   -0.00992855   -0.00385449      0.999943       -1.3301
     0.999939   -0.00458404     0.0100306     -0.316333    0.00454552      0.999982    0.00385985     -0.356481    -0.0100481   -0.00381402      0.999942      -1.27229
     0.999941   -0.00427364     0.0100113     -0.316894    0.00423913      0.999985    0.00346564     -0.339043     -0.010026     -0.003423      0.999944      -1.34992
     0.999938   -0.00459668     0.0101454     -0.312524    0.00454936      0.999979    0.00468272     -0.411182    -0.0101667   -0.00463627      0.999938      -1.31416
     0.999941   -0.00437026    0.00996918     -0.334558    0.00433384      0.999984    0.00367166     -0.316017   -0.00998507   -0.00362824      0.999944      -1.32677
      0.99994    -0.0041246     0.0101615      -0.33518    0.00409005      0.999986     0.0034187     -0.342022    -0.0101755   -0.00337694      0.999943      -1.42192
     0.999938   -0.00421611     0.0102643     -0.343082    0.00417216      0.999982    0.00429974     -0.421759    -0.0102822   -0.00425665      0.999938      -1.36882
     0.999941   -0.00387395     0.0101862     -0.352757    0.00383913      0.999987    0.00343571     -0.341782    -0.0101994    -0.0033964      0.999942      -1.42506
      0.99994   -0.00386017     0.0102532     -0.363888    0.00382435      0.999987     0.0035109     -0.340017    -0.0102667   -0.00347148      0.999941      -1.41008
     0.999941   -0.00393624     0.0101297     -0.359583    0.00389252      0.999983    0.00433131     -0.391416    -0.0101466   -0.00429162      0.999939      -1.33869
     0.999941   -0.00359955     0.0102454     -0.370169    0.00356513      0.999988    0.00337587     -0.303061    -0.0102574   -0.00333914      0.999942      -1.42561
     0.999941   -0.00366313     0.0102115     -0.368248    0.00362072      0.999985    0.00416925     -0.354447    -0.0102266   -0.00413203      0.999939        -1.409
      0.99994   -0.00383228     0.0102443     -0.372119    0.00378713      0.999983    0.00442301      -0.36096     -0.010261   -0.00438395      0.999938      -1.34476
     0.999939   -0.00373157     0.0103885     -0.394772    0.00369019      0.999985    0.00399903     -0.340295    -0.0104033   -0.00396045      0.999938       -1.3876
     0.999938   -0.00357214     0.0105627     -0.388119      0.003531      0.999986     0.0039103     -0.340205    -0.0105765   -0.00387276      0.999937      -1.34837
     0.999937   -0.00366906     0.0106003     -0.408084    0.00361537      0.999981    0.00507969     -0.420277    -0.0106187   -0.00504105      0.999931      -1.31792
     0.999939   -0.00333559     0.0105311      -0.40879    0.00329458      0.999987    0.00390893     -0.293272     -0.010544     -0.003874      0.999937      -1.42664
      0.99994     -0.003448     0.0104297     -0.407994    0.00340673      0.999986    0.00397251     -0.321431    -0.0104432   -0.00393674      0.999938       -1.4574
     0.999937    -0.0037034     0.0106326     -0.398883    0.00365869      0.999984    0.00422218     -0.349675    -0.0106481   -0.00418301      0.999935      -1.40549
     0.999939   -0.00332874     0.0105077     -0.408346    0.00329145      0.999988    0.00356417     -0.303029    -0.0105195   -0.00352937      0.999938      -1.45039
     0.999938   -0.00321262     0.0106294      -0.40869    0.00317144      0.999987    0.00388904     -0.350862    -0.0106417   -0.00385509      0.999936      -1.48726
     0.999936   -0.00344418     0.0107312      -0.40557    0.00340334      0.999987    0.00382133     -0.306131    -0.0107442   -0.00378456      0.999935      -1.46204
     0.999932   -0.00347933     0.0111403     -0.388068     0.0034422      0.999988     0.0033502     -0.309876    -0.0111519   -0.00331162      0.999932      -1.49958
     0.999932   -0.00342176      0.011118     -0.386221     0.0033872      0.999989    0.00312596     -0.314708    -0.0111286   -0.00308809      0.999933       -1.5045
     0.999933   -0.00357486     0.0110133     -0.414384    0.00353481      0.999987    0.00365311     -0.362576    -0.0110263   -0.00361393      0.999933      -1.41669
     0.999934   -0.00318224     0.0110499      -0.42054    0.00315063      0.999991    0.00287656     -0.329248     -0.011059   -0.00284156      0.999935       -1.4677
     0.999931   -0.00347811     0.0112439     -0.413859    0.00343738      0.999987     0.0036396     -0.386577    -0.0112564   -0.00360069       0.99993      -1.45156
     0.999933   -0.00344492     0.0110673     -0.409069    0.00341309       0.99999    0.00289308     -0.325425    -0.0110772   -0.00285511      0.999935      -1.45126
     0.999934   -0.00325446      0.011025     -0.410232    0.00321858      0.999989    0.00327135     -0.387611    -0.0110355   -0.00323564      0.999934      -1.53902
     0.999935   -0.00350649       0.01089     -0.418262    0.00346865      0.999988    0.00349209      -0.33135    -0.0109022   -0.00345409      0.999935      -1.44347
     0.999938    -0.0029587     0.0107113     -0.401411    0.00293642      0.999993    0.00209519     -0.298472    -0.0107174   -0.00206361       0.99994      -1.55658
     0.999941   -0.00365145     0.0102259     -0.431988    0.00357779      0.999968    0.00721154      -0.45581    -0.0102519   -0.00717453      0.999922      -1.12233
     0.999936     -0.003263     0.0108316     -0.403547    0.00321075      0.999983    0.00483749     -0.300132    -0.0108472   -0.00480241       0.99993      -1.35603
     0.999935   -0.00326819     0.0108855     -0.381336     0.0032204      0.999985    0.00440512     -0.312537    -0.0108998   -0.00436978      0.999931      -1.39767
     0.999938   -0.00299195     0.0106954     -0.382205    0.00295058      0.999988    0.00388169      -0.26595    -0.0107068   -0.00384989      0.999935      -1.50953
     0.999937   -0.00334726     0.0107163     -0.368856    0.00329584      0.999983    0.00481194     -0.364962    -0.0107322   -0.00477632      0.999931      -1.43066
     0.999941   -0.00312854     0.0104156     -0.400793    0.00308753      0.999987    0.00395156     -0.275988    -0.0104279   -0.00391917      0.999938      -1.45195
     0.999935   -0.00319378     0.0109407     -0.376082    0.00315649      0.999989    0.00342365      -0.26612    -0.0109515   -0.00338889      0.999934      -1.56027
     0.999929   -0.00368075     0.0113144     -0.362553    0.00363228      0.999984    0.00430139     -0.336271      -0.01133   -0.00425998      0.999927      -1.41848
      0.99993   -0.00327967     0.0113868     -0.358166    0.00323855      0.999988    0.00362721      -0.26893    -0.0113985   -0.00359008      0.999929      -1.47029
     0.999928   -0.00355358     0.0114251      -0.37126    0.00350626      0.999985    0.00415869     -0.339686    -0.0114397   -0.00411833      0.999926      -1.41186
     0.999932   -0.00338188      0.011171     -0.370817    0.00334182      0.999988    0.00360276     -0.287193     -0.011183   -0.00356519      0.999931      -1.42104
     0.999929   -0.00326127     0.0114327     -0.369705    0.00322251      0.999989    0.00340768     -0.282375    -0.0114437    -0.0033706      0.999929       -1.4755
     0.999929   -0.00354872      0.011378      -0.34668    0.00349852      0.999984    0.00442861     -0.358214    -0.0113935   -0.00438849      0.999925       -1.3311
     0.999942   -0.00363977     0.0101825     -0.365468    0.00357759      0.999975    0.00611863     -0.328943    -0.0102045   -0.00608184      0.999929     -0.690229
