# 3dvolreg matrices (DICOM-to-DICOM, row-by-row):
     0.999942   -0.00439221    0.00983322      0.670599    0.00429273       0.99994     0.0101147       1.16437   -0.00987706    -0.0100719        0.9999      0.953527
     0.999945   -0.00475122    0.00939811      0.674433    0.00466928      0.999951    0.00872255       1.25078    -0.0094391   -0.00867819      0.999918      0.892238
     0.999945    -0.0048521    0.00931442      0.707287    0.00476997       0.99995    0.00882028       1.20473   -0.00935675   -0.00877536      0.999918      0.819455
     0.999948   -0.00510186    0.00886191      0.655031     0.0050101      0.999934     0.0103454       1.17872   -0.00891411    -0.0103004      0.999907       1.03757
     0.999948   -0.00456176    0.00915261      0.647053    0.00448215      0.999952    0.00870036       1.34011   -0.00919186   -0.00865888       0.99992      0.744083
     0.999948   -0.00413226    0.00935015      0.635181    0.00403916      0.999942    0.00995348       1.27319   -0.00939074    -0.0099152      0.999907      0.747455
     0.999948   -0.00447588    0.00912556      0.634773     0.0044042      0.999959    0.00785978       1.35326   -0.00916037   -0.00781918      0.999927      0.684165
     0.999947   -0.00468022    0.00915079      0.660526    0.00460584      0.999956    0.00813239       1.27299   -0.00918845   -0.00808981      0.999925      0.603304
     0.999947   -0.00470564    0.00914715      0.672899    0.00462681      0.999952    0.00861978       1.30563   -0.00918727     -0.008577      0.999921      0.704348
     0.999951   -0.00458738    0.00880678       0.66104    0.00451793      0.999959    0.00788884       1.28663    -0.0088426   -0.00784866       0.99993       0.55319
     0.999947   -0.00432229    0.00930611       0.67489    0.00423219      0.999944    0.00967989       1.25869   -0.00934743   -0.00963999       0.99991      0.714157
     0.999947    -0.0049234    0.00908984      0.672908     0.0048457      0.999952    0.00855107       1.29159    -0.0091315   -0.00850657      0.999922      0.686049
     0.999942   -0.00505053    0.00953193      0.679756    0.00496439      0.999947    0.00903895       1.22381   -0.00957708    -0.0089911      0.999914      0.723657
     0.999947   -0.00479397    0.00911529      0.666357    0.00470625      0.999943    0.00962075        1.2331   -0.00916088   -0.00957734      0.999912        0.8099
      0.99995   -0.00457892    0.00886215      0.647701     0.0044973      0.999947    0.00920899       1.26423   -0.00890385   -0.00916868      0.999918      0.708251
     0.999952   -0.00567248    0.00800726      0.652622    0.00556659      0.999898     0.0131849       1.11156   -0.00808123    -0.0131397      0.999881         1.058
     0.999949   -0.00557983    0.00840487      0.666522    0.00548321      0.999919     0.0114759       1.25557   -0.00846822    -0.0114292      0.999899      0.959114
     0.999953   -0.00523799    0.00816341      0.660833    0.00515928       0.99994    0.00963364       1.29574   -0.00821338   -0.00959107       0.99992      0.883987
     0.999953   -0.00508814    0.00825226      0.660733    0.00501525      0.999948    0.00882882       1.26279   -0.00829676   -0.00878701      0.999927      0.728156
     0.999948   -0.00561315    0.00851892       0.66717    0.00552458      0.999931     0.0103844       1.17391   -0.00857662    -0.0103368       0.99991      0.911871
      0.99995   -0.00486667    0.00876386      0.671227    0.00479471      0.999955    0.00821348       1.37634   -0.00880343   -0.00817105      0.999928      0.712094
     0.999943   -0.00580714    0.00900394      0.689325     0.0057179      0.999935    0.00990559       1.22408   -0.00906087   -0.00985354       0.99991      0.890851
     0.999948   -0.00493271    0.00887577      0.676101    0.00484679      0.999941    0.00967594       1.31502   -0.00892298   -0.00963242      0.999914      0.875008
     0.999945   -0.00569124    0.00877284      0.684423    0.00560921      0.999941    0.00934694       1.26738   -0.00882552   -0.00929722      0.999918       0.75443
     0.999951   -0.00463615    0.00874721      0.659138    0.00455605      0.999948    0.00915476       1.35429   -0.00878919   -0.00911446       0.99992       0.74749
     0.999949   -0.00467141     0.0089381      0.652117    0.00459789      0.999956    0.00822787       1.29731   -0.00897614   -0.00818635      0.999926      0.554952
     0.999949   -0.00462865    0.00898164      0.663477    0.00454559      0.999947    0.00924664       1.27333   -0.00902396   -0.00920534      0.999917       0.72918
     0.999948   -0.00475769    0.00896487       0.66102    0.00468808      0.999959    0.00776929       1.35429   -0.00900146   -0.00772687       0.99993      0.512365
      0.99995   -0.00464941     0.0088674      0.661481     0.0045653      0.999945    0.00948223       1.24286     -0.008911   -0.00944127      0.999916       0.69544
     0.999947   -0.00495764    0.00899123      0.661178    0.00488734      0.999957    0.00782401        1.3636   -0.00902964   -0.00777965      0.999929      0.554816
      0.99995    -0.0043954    0.00903068      0.653923    0.00430715      0.999943    0.00976792       1.28268    -0.0090731   -0.00972853      0.999912      0.695312
      0.99995    -0.0046817    0.00888509      0.649323    0.00461737      0.999963    0.00724769       1.40495   -0.00891869    -0.0072063      0.999934      0.505398
      0.99995   -0.00447009     0.0089501      0.651587    0.00438811      0.999948    0.00915849       1.24582   -0.00899058   -0.00911876      0.999918      0.648155
     0.999947   -0.00496511    0.00902505      0.644713    0.00488986      0.999953    0.00834134       1.37742   -0.00906605   -0.00829677      0.999924      0.774813
     0.999945    -0.0051009    0.00920164      0.663304    0.00502582      0.999954    0.00816361        1.3295   -0.00924286   -0.00811691      0.999924      0.621153
     0.999942   -0.00530921    0.00934687      0.663639    0.00522753      0.999948    0.00874135       1.29952   -0.00939279   -0.00869198      0.999918      0.704366
     0.999944   -0.00483539    0.00940787      0.653815    0.00477019      0.999965    0.00694046       1.42618   -0.00944109   -0.00689519      0.999932      0.522982
     0.999943   -0.00522101    0.00934846      0.655209    0.00513958      0.999949      0.008713       1.28993   -0.00939347   -0.00866446      0.999918      0.661017
     0.999945   -0.00488792    0.00926648      0.638693    0.00482448      0.999965    0.00685626       1.42617   -0.00929967   -0.00681118      0.999934      0.585848
     0.999945   -0.00476085    0.00939058      0.633472    0.00469201      0.999962    0.00733982       1.31619   -0.00942516   -0.00729535      0.999929       0.60849
     0.999946   -0.00507023    0.00910842      0.643765     0.0049994      0.999957    0.00778246       1.36477   -0.00914749    -0.0077365      0.999928       0.66883
      0.99994   -0.00518475    0.00966203      0.644551    0.00511115      0.999958    0.00762735       1.41656   -0.00970117   -0.00757751      0.999924      0.567707
     0.999937   -0.00554273    0.00977821      0.666738    0.00545551      0.999945    0.00892397       1.27155   -0.00982714   -0.00887007      0.999912       0.72408
     0.999935   -0.00539504     0.0100444      0.642163    0.00531821      0.999957    0.00766033       1.36558    -0.0100852   -0.00760641       0.99992      0.591062
     0.999938   -0.00529724    0.00977158      0.617361    0.00520871      0.999945    0.00906346       1.29843   -0.00981905   -0.00901201      0.999911      0.781858
     0.999942   -0.00492317    0.00958497       0.62347    0.00485144       0.99996    0.00749264       1.34099   -0.00962147    -0.0074457      0.999926      0.717034
     0.999937   -0.00511628     0.0100055       0.62489    0.00503473      0.999954    0.00815822       1.30144    -0.0100468   -0.00810733      0.999917      0.662228
     0.999934   -0.00532686     0.0102027      0.628877     0.0052407      0.999951    0.00845266       1.32052    -0.0102472   -0.00839864      0.999912      0.744163
     0.999933   -0.00590881    0.00993147      0.695402    0.00582969      0.999951    0.00797591       1.34209   -0.00997811   -0.00791748      0.999919      0.712282
      0.99994   -0.00526327    0.00964808      0.599498     0.0051805       0.99995    0.00858404       1.26989   -0.00969277   -0.00853354      0.999917      0.855018
     0.999941   -0.00483637    0.00972615      0.606263    0.00476527      0.999962    0.00731994       1.39056   -0.00976118   -0.00727316      0.999926      0.616543
     0.999936   -0.00493865     0.0102146      0.596649    0.00485283      0.999953    0.00840956       1.36008    -0.0102557   -0.00835945      0.999912      0.680348
     0.999934   -0.00513605     0.0102346       0.60812    0.00505355      0.999955    0.00807023       1.29817    -0.0102756   -0.00801797      0.999915      0.695151
     0.999932   -0.00522749     0.0104202      0.607861    0.00513939      0.999951    0.00846334        1.2865     -0.010464   -0.00840921       0.99991      0.604421
     0.999929   -0.00555073     0.0105371      0.616195    0.00546048      0.999948    0.00857441       1.32416    -0.0105841   -0.00851626      0.999908      0.698501
     0.999932    -0.0051871     0.0104096      0.617632    0.00510251      0.999954    0.00813597       1.34007    -0.0104514    -0.0080823      0.999913      0.607493
     0.999927   -0.00549092     0.0107244      0.617956    0.00539371      0.999944     0.0090722       1.26005    -0.0107736   -0.00901369      0.999901      0.771146
     0.999933   -0.00542142     0.0102715      0.624977    0.00533226      0.999948    0.00868791        1.3033    -0.0103181   -0.00863255       0.99991       0.78662
     0.999925    -0.0061825     0.0105569      0.612542    0.00605648      0.999911     0.0119271        1.1437    -0.0106297    -0.0118622      0.999873       1.02022
     0.999928   -0.00546387     0.0106778       0.58561    0.00536187       0.99994    0.00955809       1.33345    -0.0107294   -0.00950015      0.999897      0.839458
     0.999924   -0.00553001     0.0110193      0.574292    0.00541904      0.999935     0.0100747       1.28578    -0.0110743    -0.0100142      0.999889      0.862713
     0.999926   -0.00549271       0.01081      0.576896    0.00538805      0.999939     0.0096872       1.28751    -0.0108625   -0.00962825      0.999895      0.853165
     0.999926   -0.00522787     0.0110068      0.566728    0.00512175       0.99994    0.00964746       1.27877    -0.0110566   -0.00959037      0.999893      0.822384
     0.999927   -0.00530104     0.0108422       0.56742    0.00519087      0.999935     0.0101642       1.22649    -0.0108954    -0.0101072       0.99989      0.938355
     0.999926   -0.00524199     0.0109834      0.576219    0.00513857      0.999942    0.00942389       1.29928    -0.0110322   -0.00936676      0.999895      0.793552
     0.999924   -0.00513684     0.0112139      0.557753    0.00502273      0.999936     0.0101802       1.25548    -0.0112655    -0.0101231      0.999885      0.891113
     0.999933   -0.00448382      0.010664      0.531251    0.00436939      0.999933     0.0107301       1.29354    -0.0107114    -0.0106828      0.999886      0.932275
     0.999925   -0.00587792     0.0107094      0.544528    0.00573071      0.999889     0.0137257       1.11294    -0.0107888    -0.0136633      0.999848        1.1863
     0.999923   -0.00478209     0.0114463      0.526205    0.00467185      0.999943    0.00963863       1.36227    -0.0114917   -0.00958441      0.999888      0.802708
      0.99993   -0.00441307     0.0109904      0.524057    0.00428825      0.999926     0.0113548       1.23553    -0.0110397    -0.0113069      0.999875      0.916158
     0.999926   -0.00479447     0.0111828      0.530677    0.00470166      0.999954    0.00831132       1.40633    -0.0112222   -0.00825813      0.999903      0.733441
     0.999932   -0.00488952     0.0105746      0.540281    0.00481579      0.999964    0.00698666       1.28549    -0.0106084   -0.00693526       0.99992      0.650831
     0.999927    -0.0047793     0.0110745      0.567763    0.00471097       0.99997    0.00618833       1.51671    -0.0111038    -0.0061357       0.99992      0.474648
      0.99992   -0.00568037     0.0112873      0.568704    0.00559006      0.999952    0.00801676       1.22734    -0.0113323   -0.00795302      0.999904      0.761342
     0.999918   -0.00579132     0.0114332      0.567991    0.00569461      0.999948    0.00847296       1.28691    -0.0114817   -0.00840716      0.999899      0.968471
     0.999917   -0.00571326     0.0115148      0.561523    0.00560992      0.999944    0.00898684       1.28101    -0.0115655    -0.0089215      0.999893      0.810482
     0.999917   -0.00576364     0.0115149      0.573708    0.00567437      0.999954    0.00776986       1.39258    -0.0115592   -0.00770388      0.999904      0.686188
     0.999916   -0.00564325     0.0116377      0.566339    0.00554346      0.999948    0.00858901       1.29998    -0.0116856   -0.00852378      0.999895      0.659386
      0.99992   -0.00552543     0.0114123      0.566262    0.00543073      0.999951    0.00831213       1.35806    -0.0114577   -0.00824948        0.9999      0.727125
      0.99992   -0.00516071     0.0115497      0.553463    0.00507026      0.999956    0.00784702        1.3351    -0.0115897   -0.00778783      0.999903        0.5861
     0.999922   -0.00530505     0.0113325      0.556499    0.00520077      0.999944    0.00921132        1.2693    -0.0113807   -0.00915166      0.999893      0.710899
     0.999921   -0.00522762     0.0114576      0.549755    0.00513861      0.999957    0.00778391       1.42175    -0.0114978   -0.00772441      0.999904      0.642821
     0.999919      -0.00539     0.0115673      0.557709    0.00528743      0.999947    0.00887885        1.3131    -0.0116146   -0.00881697      0.999894      0.671487
     0.999917   -0.00545212     0.0117079      0.555512     0.0053569      0.999952    0.00814939       1.33912    -0.0117518     -0.008086      0.999898      0.694346
     0.999919   -0.00525992     0.0115759      0.544896    0.00516812      0.999955    0.00794573        1.3372    -0.0116172   -0.00788526      0.999901      0.610675
     0.999918   -0.00549452     0.0115754       0.54381    0.00538796      0.999943    0.00921703       1.27091    -0.0116253   -0.00915391      0.999891      0.728132
     0.999926   -0.00498857     0.0110749      0.551569    0.00490332      0.999958    0.00771068       1.44282    -0.0111129    -0.0076558      0.999909      0.552465
     0.999921   -0.00512072     0.0114915      0.556097    0.00502551      0.999953    0.00829861       1.38153    -0.0115335   -0.00824021        0.9999      0.538576
     0.999919   -0.00538303     0.0115212      0.563078    0.00529674      0.999958     0.0075072       1.37932    -0.0115612   -0.00744557      0.999905      0.595964
     0.999918   -0.00555561     0.0115802      0.565991    0.00546172      0.999952    0.00812387       1.35862    -0.0116248   -0.00805995        0.9999      0.552132
     0.999916   -0.00561943     0.0116787      0.559755    0.00552195       0.99995    0.00836211       1.36476    -0.0117251   -0.00829692      0.999897      0.662609
     0.999917   -0.00576585     0.0115443      0.570634    0.00567289      0.999951    0.00806931       1.34881    -0.0115903   -0.00800315      0.999901      0.608365
     0.999922   -0.00501613     0.0114522      0.541269    0.00492988      0.999959    0.00754663       1.34989    -0.0114896   -0.00748958      0.999906       1.05506
      0.99993   -0.00408992     0.0111421      0.597032    0.00396179      0.999926     0.0114967       1.46163    -0.0111883    -0.0114518      0.999872       1.29547
     0.999912    -0.0054233     0.0121447      0.615775    0.00531115      0.999943     0.0092476       1.43124    -0.0121942   -0.00918228      0.999883       1.12802
     0.999903   -0.00570148     0.0126812      0.626769     0.0055807      0.999939    0.00953964       1.41409    -0.0127349   -0.00946795      0.999874       1.05873
       0.9999   -0.00547621     0.0130587      0.593155    0.00536045      0.999946    0.00888366       1.53405    -0.0131066   -0.00881277      0.999875      0.882869
     0.999899   -0.00568792     0.0130066      0.600315    0.00555606      0.999933     0.0101522       1.37658    -0.0130635    -0.0100789      0.999864      0.974002
     0.999899   -0.00595573     0.0129317      0.615452    0.00585501      0.999952    0.00781269       1.48368    -0.0129777   -0.00773619      0.999886      0.811463
       0.9999   -0.00612312     0.0127859      0.619272    0.00601227      0.999944    0.00869065        1.4351    -0.0128384   -0.00861291       0.99988      0.930762
       0.9999   -0.00616858     0.0127037      0.636256    0.00605686      0.999943    0.00881414       1.46275    -0.0127574   -0.00873632       0.99988      0.992747
     0.999895   -0.00641851     0.0129917      0.631739    0.00627952      0.999923     0.0107109       1.31954    -0.0130594    -0.0106282      0.999858       1.06507
     0.999892   -0.00664031     0.0131312      0.615434    0.00651395      0.999932    0.00964228       1.39172    -0.0131943    -0.0095557      0.999867       1.02989
     0.999891   -0.00637213     0.0133212      0.609236    0.00624084      0.999932    0.00987407       1.36007    -0.0133832   -0.00978985      0.999863      0.932081
     0.999898   -0.00630241     0.0127879      0.612001    0.00617545      0.999931    0.00994351       1.40055    -0.0128497   -0.00986352      0.999869      0.961361
     0.999898   -0.00617328     0.0129017      0.608378    0.00605167      0.999937    0.00944362       1.40579    -0.0129592   -0.00936458      0.999872      0.906821
     0.999902   -0.00626489     0.0125404      0.615544    0.00615481      0.999942    0.00879746       1.42446    -0.0125948   -0.00871941      0.999883      0.935289
     0.999907   -0.00626123     0.0121005       0.62651      0.006135      0.999927     0.0104411       1.34532     -0.012165    -0.0103659      0.999872       1.11878
     0.999902   -0.00624245     0.0125512      0.631695    0.00611503       0.99993     0.0101646       1.36706    -0.0126138    -0.0100868       0.99987       1.00148
     0.999904   -0.00615281     0.0123985       0.63642    0.00599401        0.9999     0.0128052       1.30634     -0.012476    -0.0127297      0.999841       1.14234
     0.999899    -0.0065271     0.0125863      0.634034    0.00638612      0.999917     0.0112093       1.39698    -0.0126584    -0.0111278      0.999858       1.03707
     0.999906   -0.00588863     0.0123868      0.601378    0.00573115      0.999903     0.0127113       1.30319    -0.0124604    -0.0126391      0.999842       1.08671
     0.999906   -0.00600164     0.0123068      0.603298    0.00584415      0.999901      0.012794       1.30896    -0.0123824    -0.0127208      0.999842       1.08859
     0.999905   -0.00621342     0.0123109      0.599062    0.00607164      0.999915     0.0115206       1.31264    -0.0123815    -0.0114448      0.999858      0.987719
     0.999914   -0.00571624     0.0118422      0.591824    0.00556387      0.999902     0.0128599       1.25119    -0.0119145    -0.0127929      0.999847       1.07486
     0.999915     -0.005834     0.0116956      0.581197    0.00570217       0.99992      0.011274       1.35212    -0.0117604    -0.0112063      0.999868      0.972622
     0.999913   -0.00574803     0.0118759      0.583611    0.00561347       0.99992     0.0113325       1.35012    -0.0119401    -0.0112649      0.999865       1.02394
     0.999921    -0.0052281      0.011472      0.565804    0.00508427      0.999909     0.0125308       1.28015    -0.0115364    -0.0124715      0.999856       1.07415
     0.999922   -0.00492881     0.0114488      0.568698    0.00479644      0.999922      0.011561       1.31186    -0.0115049    -0.0115052      0.999868      0.980874
     0.999914   -0.00623352     0.0115177      0.603525    0.00607851      0.999891     0.0134451       1.25664    -0.0116003    -0.0133739      0.999843       1.16935
     0.999916   -0.00573341     0.0116067      0.571225    0.00560396      0.999922     0.0111544       1.35714    -0.0116697    -0.0110884       0.99987       1.00666
     0.999917   -0.00512624     0.0118173      0.566448    0.00498377      0.999915     0.0120537       1.30793    -0.0118781    -0.0119938      0.999858       1.00161
     0.999916   -0.00513649     0.0119267      0.555152    0.00498381      0.999906     0.0127962       1.31716    -0.0119913    -0.0127357      0.999847       1.07169
     0.999917   -0.00503027     0.0118679      0.556794    0.00488544      0.999914     0.0122015       1.36918    -0.0119282    -0.0121425      0.999855      0.991483
     0.999916    -0.0049095     0.0119734      0.551929    0.00475743      0.999908     0.0126963       1.28376    -0.0120347    -0.0126383      0.999848       1.06114
     0.999914   -0.00532423     0.0120155       0.55216    0.00518867      0.999923      0.011285       1.34661    -0.0120747    -0.0112217      0.999864        0.9854
     0.999911   -0.00529724     0.0122714      0.558639    0.00516087      0.999925     0.0111182       1.36087    -0.0123293    -0.0110538      0.999863      0.981212
     0.999919   -0.00479612     0.0117649      0.544264    0.00464556      0.999907     0.0127918       1.28985    -0.0118251    -0.0127361      0.999849       1.11581
     0.999917   -0.00504316     0.0118203       0.56193    0.00489662      0.999911     0.0123934       1.41353    -0.0118817    -0.0123345      0.999853       1.01747
     0.999916   -0.00496241     0.0119581      0.564742    0.00480706      0.999904     0.0129849       1.32902    -0.0120213    -0.0129264      0.999844       1.05668
     0.999916   -0.00474206     0.0120824       0.53809     0.0045874      0.999908     0.0127964       1.34435     -0.012142    -0.0127399      0.999845       1.01513
     0.999913   -0.00478959     0.0122884      0.541191    0.00463559      0.999911     0.0125298       1.34985    -0.0123473    -0.0124717      0.999846      0.963179
     0.999915   -0.00495329     0.0120754      0.548314    0.00478839      0.999895     0.0136464       1.29362    -0.0121418    -0.0135874      0.999834       1.05136
     0.999917   -0.00539001     0.0117209      0.555565    0.00525758      0.999922     0.0113001       1.35712    -0.0117809    -0.0112375      0.999867      0.936173
     0.999921   -0.00472896     0.0116313      0.555817    0.00458563      0.999914     0.0123189        1.3197    -0.0116885    -0.0122646      0.999856      0.977446
      0.99992   -0.00478086     0.0117056      0.566055    0.00463178      0.999908     0.0127305       1.32756    -0.0117654    -0.0126753       0.99985       1.05071
     0.999922   -0.00494778     0.0115084      0.613547    0.00480576      0.999912     0.0123364       1.32166    -0.0115685    -0.0122801      0.999858       1.09363
     0.999918   -0.00645216     0.0110386      0.606059    0.00625802      0.999827     0.0175319       1.10596    -0.0111498    -0.0174614      0.999785       1.66616
     0.999914   -0.00672773     0.0112547      0.591198    0.00654864      0.999853      0.015874       1.31205    -0.0113599     -0.015799      0.999811       1.46392
     0.999914   -0.00663961     0.0112878       0.60496    0.00647518      0.999873     0.0145423        1.3262    -0.0113829     -0.014468      0.999831       1.34197
     0.999912   -0.00660919     0.0114899      0.598861    0.00645349      0.999888      0.013535       1.32518    -0.0115781    -0.0134597      0.999842       1.17388
     0.999923   -0.00611189     0.0108431      0.566166     0.0059988      0.999928     0.0104313       1.33755     -0.010906    -0.0103654      0.999887       1.19285
     0.999925   -0.00530656     0.0110512      0.555436    0.00517182      0.999912     0.0121855       1.39979    -0.0111149    -0.0121275      0.999865       1.12395
     0.999916   -0.00556609     0.0116822      0.566595     0.0054089      0.999895     0.0134436       1.34491    -0.0117558    -0.0133792      0.999841       1.12278
     0.999914   -0.00548091     0.0119321       0.56323     0.0053276      0.999903     0.0128423       1.34366    -0.0120013    -0.0127777      0.999846       1.14163
     0.999912   -0.00536141     0.0120971      0.568438    0.00520799      0.999906     0.0126786       1.31963    -0.0121639    -0.0126145      0.999846       1.05123
     0.999908   -0.00631619     0.0120221      0.551338    0.00614935      0.999885     0.0138649        1.2854    -0.0121083    -0.0137897      0.999832        1.2852
      0.99991   -0.00518987     0.0123436      0.553497    0.00501823      0.999891     0.0138957       1.34323    -0.0124143    -0.0138325      0.999827       1.38494
       0.9999   -0.00660615     0.0124876      0.594081    0.00641443      0.999862     0.0153311       1.21385    -0.0125871    -0.0152494      0.999804       1.39848
     0.999894   -0.00685819     0.0128228       0.59549    0.00666434      0.999864     0.0150995       1.30428    -0.0129246    -0.0150125      0.999804       1.42563
       0.9999    -0.0058037     0.0129331        0.5796    0.00561072      0.999873     0.0149078       1.29304     -0.013018    -0.0148337      0.999805       1.28156
     0.999894   -0.00706492     0.0127375      0.599747     0.0068677      0.999857     0.0154615       1.22372     -0.012845    -0.0153724      0.999799        1.3869
     0.999898   -0.00688877     0.0125282      0.605904      0.006709      0.999875     0.0143348       1.27491    -0.0126254    -0.0142493      0.999819       1.34178
     0.999895   -0.00683625     0.0127814      0.602353    0.00664453      0.999866      0.014983       1.25641    -0.0128821    -0.0148965      0.999806       1.32695
     0.999896   -0.00691058     0.0126278      0.602875    0.00671842      0.999862     0.0151965       1.29113    -0.0127311    -0.0151101      0.999805       1.40124
     0.999892    -0.0073533     0.0127445      0.615208    0.00716707      0.999868     0.0145972       1.23844    -0.0128502    -0.0145043      0.999812       1.36393
     0.999894    -0.0068961     0.0127875      0.588614     0.0066984      0.999858     0.0154389       1.23572    -0.0128922    -0.0153516      0.999799       1.36105
     0.999895   -0.00720465     0.0125898      0.602949     0.0070126      0.999859     0.0152329       1.25907    -0.0126978     -0.015143      0.999805        1.3859
     0.999902   -0.00582969     0.0127518      0.570874    0.00564499      0.999879     0.0144728        1.3112    -0.0128346    -0.0143994      0.999814       1.24129
     0.999895   -0.00723567     0.0125447      0.605152    0.00704976      0.999866     0.0148012       1.26887    -0.0126501    -0.0147113      0.999812       1.33284
     0.999899   -0.00712073     0.0123359      0.603761    0.00694654      0.999876     0.0141064       1.35088    -0.0124348    -0.0140192      0.999824       1.26674
     0.999905   -0.00602066     0.0124306      0.603205    0.00584518      0.999883      0.014105       1.32587    -0.0125141     -0.014031      0.999823       1.28976
     0.999901   -0.00705755     0.0121998      0.597823    0.00687528      0.999865     0.0149186       1.27634    -0.0123034    -0.0148333      0.999814       1.39925
     0.999901   -0.00691203     0.0122382      0.605768    0.00673897      0.999878     0.0141265       1.35624    -0.0123343    -0.0140426      0.999825       1.31583
     0.999898   -0.00685365     0.0125688      0.591987    0.00666795      0.999869     0.0147579        1.3101    -0.0126683    -0.0146725      0.999812       1.29794
     0.999901   -0.00694273     0.0122374      0.590542    0.00676394      0.999871      0.014591       1.35353    -0.0123371    -0.0145068      0.999819       1.29448
     0.999907   -0.00573577      0.012392       0.56972    0.00556291      0.999887     0.0139393       1.35068    -0.0124706    -0.0138691      0.999826       1.18545
     0.999902   -0.00704432     0.0121351      0.592741     0.0068685      0.999872     0.0144698       1.28252    -0.0122355     -0.014385      0.999822       1.27413
      0.99991   -0.00577919     0.0121124      0.568105    0.00561517      0.999893     0.0135319       1.40042    -0.0121893    -0.0134627      0.999835       1.19203
     0.999904   -0.00703312     0.0119775      0.585582    0.00686654       0.99988     0.0138926       1.34061    -0.0120738     -0.013809      0.999832       1.25372
     0.999897   -0.00664355     0.0126853      0.557849    0.00644605      0.999858     0.0155473       1.31851    -0.0127868    -0.0154639      0.999799       1.47246
     0.999898    -0.0068771     0.0125447      0.596393    0.00669709      0.999875     0.0143359       1.34004    -0.0126417    -0.0142504      0.999819       1.36227
     0.999896   -0.00727345     0.0124444      0.583477    0.00708961      0.999866     0.0147539       1.32387      -0.01255    -0.0146641      0.999814       1.31967
     0.999897   -0.00618072     0.0129646      0.551311    0.00599648      0.999881      0.014202       1.36699    -0.0130509    -0.0141228      0.999815       1.28538
     0.999885   -0.00754861     0.0131246      0.562456    0.00735155       0.99986     0.0149987       1.27228     -0.013236    -0.0149005      0.999801       1.34767
     0.999895   -0.00656565     0.0129078      0.561818    0.00637695      0.999873     0.0146066       1.39576     -0.013002    -0.0145228       0.99981       1.29096
      0.99989   -0.00647527     0.0133377       0.55665    0.00627054      0.999863     0.0153343       1.29008    -0.0134351     -0.015249      0.999793       1.33091
     0.999884   -0.00767314     0.0131281       0.58128    0.00747228      0.999855     0.0152813       1.31803    -0.0132434    -0.0151814      0.999797       1.37124
     0.999884   -0.00772764     0.0131349      0.576361    0.00753008      0.999859     0.0150242        1.2982    -0.0132491    -0.0149236      0.999801        1.2639
     0.999883   -0.00788172     0.0130788      0.583716    0.00768163      0.999854     0.0152787       1.30997    -0.0131973    -0.0151765      0.999798       1.31657
      0.99989   -0.00689749     0.0131621       0.56904    0.00670894      0.999875     0.0143161       1.35749    -0.0132592    -0.0142262      0.999811       1.24549
     0.999885   -0.00781592      0.013017      0.591379    0.00762196       0.99986     0.0148842       1.29682    -0.0131315    -0.0147833      0.999804       1.32827
     0.999886   -0.00790651     0.0128743      0.604335    0.00770852      0.999852     0.0153564       1.28977    -0.0129938    -0.0152555      0.999799       1.38236
     0.999893   -0.00679575     0.0129164      0.577028    0.00660372      0.999868     0.0148525       1.33082    -0.0130156    -0.0147657      0.999806       1.25402
     0.999891    -0.0076608     0.0125976      0.577311    0.00747548      0.999864     0.0146928       1.30535    -0.0127084    -0.0145971      0.999813       1.28784
     0.999903   -0.00655714     0.0123157      0.565891    0.00639348      0.999891     0.0132806       1.41534    -0.0124015    -0.0132006      0.999836       1.23239
     0.999895   -0.00740661     0.0124677       0.55809    0.00723259      0.999877     0.0139455       1.33935    -0.0125694    -0.0138539      0.999825       1.25306
     0.999896   -0.00666135     0.0128116      0.549292    0.00647625      0.999875     0.0144357       1.33556    -0.0129062    -0.0143512      0.999814       1.30119
     0.999895   -0.00637979     0.0129784       0.54111     0.0061948      0.999879     0.0142445       1.35757    -0.0130677    -0.0141626      0.999814       1.19647
     0.999884   -0.00795626     0.0130016        0.5834    0.00776387      0.999861     0.0147812       1.31878    -0.0131174    -0.0146786      0.999806        1.2568
     0.999891   -0.00689046     0.0130929        0.5622    0.00670649      0.999879     0.0140437        1.3821    -0.0131881    -0.0139543      0.999816       1.17679
     0.999887   -0.00693549     0.0133679      0.565841    0.00673634      0.999867     0.0148857       1.32152    -0.0134694    -0.0147939        0.9998       1.20589
     0.999891   -0.00713221     0.0129044      0.568702    0.00693875      0.999864     0.0149752       1.35609    -0.0130094     -0.014884      0.999805       1.29611
     0.999894   -0.00687092     0.0128222      0.561867    0.00668702      0.999875     0.0143306       1.32676    -0.0129191    -0.0142433      0.999815        1.2207
     0.999881   -0.00817752     0.0131013      0.589841    0.00797777      0.999852     0.0152272       1.25477    -0.0132239    -0.0151209      0.999798       1.26399
     0.999891   -0.00686306     0.0130487      0.555981    0.00667562      0.999875     0.0143545       1.38318    -0.0131456    -0.0142658      0.999812       1.21327
      0.99989   -0.00682033     0.0132084      0.543245    0.00662352      0.999867     0.0148877       1.28679    -0.0133082    -0.0147985      0.999802       1.19202
     0.999887   -0.00759754      0.012978      0.558966    0.00740697      0.999865     0.0146698       1.31515    -0.0130877     -0.014572      0.999808       1.26114
     0.999892   -0.00664002     0.0131363      0.533917    0.00644544       0.99987     0.0147991       1.30858    -0.0132328    -0.0147128      0.999804       1.22282
     0.999883   -0.00657155     0.0138484      0.536914    0.00635452      0.999857     0.0156584        1.3037    -0.0139493    -0.0155685      0.999781        1.2553
     0.999885   -0.00669186      0.013604      0.543221    0.00648575      0.999864     0.0151384       1.31799    -0.0137035    -0.0150484      0.999793       1.27673
     0.999882   -0.00663662     0.0138886      0.534617    0.00643811      0.999877      0.014289       1.32216    -0.0139817    -0.0141979      0.999801       1.14132
     0.999884   -0.00666789     0.0136847      0.528403    0.00645863      0.999862      0.015279       1.31616    -0.0137847    -0.0151889       0.99979        1.2065
     0.999882   -0.00710508     0.0136279      0.537476    0.00692161      0.999885     0.0134631       1.31231     -0.013722    -0.0133672      0.999816       1.15747
     0.999882   -0.00653339     0.0139061      0.520663    0.00632803      0.999871     0.0147612       1.30975    -0.0140007    -0.0146714      0.999794       1.18613
     0.999882   -0.00665982     0.0138147      0.533199    0.00644834      0.999862      0.015297       1.30096    -0.0139147    -0.0152062      0.999788       1.27532
     0.999888   -0.00668623     0.0134241      0.532661    0.00649032      0.999873     0.0145847       1.29229    -0.0135199     -0.014496      0.999804       1.16033
     0.999882   -0.00688459     0.0136999      0.544168    0.00667491      0.999861     0.0152926       1.30498    -0.0138033    -0.0151993      0.999789       1.19113
     0.999884   -0.00689669     0.0135819      0.543932    0.00669771       0.99987     0.0146416       1.36463    -0.0136811     -0.014549      0.999801       1.14332
     0.999882   -0.00748706     0.0134357      0.573913     0.0073094      0.999886     0.0132237       1.36598    -0.0135332    -0.0131239      0.999822       1.17662
     0.999887    -0.0070805     0.0132559      0.574346    0.00689701       0.99988     0.0138366       1.37405    -0.0133523    -0.0137436      0.999816       1.15495
     0.999873   -0.00762631      0.014025      0.588379    0.00743826      0.999882     0.0134119       1.36789    -0.0141256    -0.0133058      0.999812       1.07818
     0.999874   -0.00783523     0.0138221      0.605331    0.00764524      0.999876     0.0137451       1.34634    -0.0139281    -0.0136377       0.99981       1.12718
      0.99987   -0.00794056     0.0140367      0.616298    0.00776256      0.999889     0.0126904       1.35573     -0.014136    -0.0125798      0.999821      0.975611
     0.999866   -0.00845738     0.0140246      0.626714     0.0082738       0.99988     0.0130968       1.33045    -0.0141337     -0.012979      0.999816       1.00868
     0.999875   -0.00799514     0.0136708      0.595313    0.00783693      0.999902     0.0115879       1.43937    -0.0137622    -0.0114793      0.999839      0.927203
     0.999884   -0.00739289     0.0133421      0.587253    0.00720913      0.999879      0.013769        1.3011    -0.0134423    -0.0136713      0.999816       1.02686
     0.999879   -0.00781946      0.013445      0.596573    0.00766824      0.999907     0.0112623       1.45946    -0.0135319    -0.0111578      0.999846      0.856367
     0.999888    -0.0077223     0.0128548       0.60539    0.00753618      0.999867     0.0144645       1.37607    -0.0129647     -0.014366      0.999813       1.10345
     0.999886   -0.00776613      0.012952      0.607033    0.00758264      0.999871     0.0141567       1.33458    -0.0130603    -0.0140569      0.999816         1.164
     0.999882   -0.00791166     0.0131939      0.617978    0.00775879      0.999903     0.0115977       1.47233    -0.0132844    -0.0114939      0.999846      0.954164
     0.999876   -0.00794209     0.0135624      0.622253    0.00775365      0.999873     0.0138911       1.36107     -0.013671    -0.0137842      0.999812       0.89916
     0.999874   -0.00809366     0.0136323      0.627654    0.00795017      0.999913     0.0105473        1.5239    -0.0137165    -0.0104376      0.999851      0.788384
     0.999878   -0.00835224     0.0132155      0.638598    0.00819967        0.9999     0.0115566       1.39354    -0.0133107    -0.0114468      0.999846      0.816123
     0.999882   -0.00789316     0.0131988      0.616986    0.00776731      0.999924    0.00955985       1.52466    -0.0132733    -0.0094562      0.999867      0.697778
     0.999885   -0.00806325     0.0128723      0.631068    0.00792033      0.999907      0.011116       1.40865    -0.0129607    -0.0110128      0.999855      0.737165
     0.999877   -0.00789371      0.013527      0.607276    0.00775393      0.999916     0.0103546       1.45768    -0.0136076    -0.0102485      0.999855      0.731168
     0.999872   -0.00793204     0.0138594      0.607193    0.00777716      0.999907     0.0111936       1.40209    -0.0139469    -0.0110844      0.999841      0.707791
     0.999882   -0.00776795      0.013254      0.592798    0.00762377      0.999912     0.0108943       1.44117    -0.0133375     -0.010792      0.999853      0.720355
     0.999881   -0.00773735     0.0133691      0.587483    0.00759257      0.999912     0.0108465       1.40878    -0.0134519    -0.0107437      0.999852      0.654874
     0.999877   -0.00800563     0.0134776      0.605589    0.00785485      0.999906     0.0112033       1.45482     -0.013566    -0.0110961      0.999846      0.804484
     0.999881   -0.00773275     0.0133645      0.581779    0.00758944      0.999914     0.0107416       1.47121    -0.0134464    -0.0106389      0.999853      0.792872
     0.999879   -0.00806154     0.0133273      0.627108    0.00789552      0.999891     0.0124631       1.43732    -0.0134263    -0.0123564      0.999834      0.926229
     0.999879   -0.00811517     0.0132524      0.630712    0.00795152      0.999892     0.0123548       1.41952    -0.0133512    -0.0122479      0.999836      0.905148
     0.999885   -0.00749104     0.0132205       0.62137    0.00729417      0.999863     0.0148768       1.34798    -0.0133301    -0.0147787      0.999802       1.08936
     0.999879   -0.00824282     0.0131898      0.663532    0.00810165       0.99991     0.0107205       1.52983    -0.0132769    -0.0106123      0.999856      0.874065
      0.99987   -0.00860823     0.0136633      0.662862    0.00844649      0.999894     0.0118514        1.4578    -0.0137638    -0.0117345      0.999836      0.900049
