# 3dvolreg matrices (DICOM-to-DICOM, row-by-row):
     0.999992   -0.00317524   -0.00252725      0.159072    0.00310948      0.999667    -0.0256096     -0.541732    0.00260772     0.0256016      0.999669      -1.10763
     0.999992   -0.00329323   -0.00211571      0.149432    0.00323817      0.999669    -0.0255222     -0.586082    0.00219906     0.0255151      0.999672      -1.10725
     0.999991   -0.00348048    -0.0022509      0.139594    0.00342192      0.999669    -0.0255162     -0.543162    0.00233896     0.0255082      0.999672      -1.10754
     0.999991   -0.00359268   -0.00232604      0.130543    0.00353138       0.99966     -0.025846     -0.527558    0.00241811     0.0258376      0.999663      -1.09384
     0.999991    -0.0034924   -0.00251995      0.132365    0.00342458      0.999645    -0.0264351     -0.514442    0.00261138     0.0264263      0.999647      -1.10355
      0.99999   -0.00348941   -0.00288014      0.157643    0.00341262       0.99965    -0.0262499     -0.594872    0.00297073     0.0262398      0.999651      -1.08795
      0.99999   -0.00348939   -0.00263039      0.148222    0.00341888      0.999647    -0.0263522     -0.438605    0.00272141      0.026343      0.999649       -1.0938
     0.999991   -0.00339966   -0.00249256       0.15021    0.00333327      0.999652    -0.0261702     -0.584408    0.00258066     0.0261617      0.999654       -1.1834
     0.999991   -0.00363462   -0.00234694      0.171261    0.00357093       0.99964    -0.0265948      -0.49309    0.00244275     0.0265862      0.999644      -1.11732
     0.999991   -0.00367974   -0.00209637      0.107594    0.00362248      0.999637    -0.0266942     -0.495875    0.00219384     0.0266863      0.999641      -1.12591
      0.99999    -0.0037802   -0.00220521      0.124699    0.00372029       0.99964    -0.0265687     -0.517784    0.00230486     0.0265602      0.999645      -1.12703
      0.99999   -0.00394711   -0.00229696      0.113465    0.00388417      0.999634    -0.0267904     -0.497431    0.00240187     0.0267812      0.999638      -1.12755
      0.99999    -0.0040029    -0.0022023      0.109999    0.00394259      0.999635    -0.0267401     -0.469769    0.00230853     0.0267311       0.99964      -1.09807
      0.99999   -0.00401668    -0.0020515      0.106268    0.00396012      0.999631    -0.0268706     -0.470265    0.00215867     0.0268622      0.999637      -1.10525
      0.99999   -0.00384733   -0.00216512     0.0980929    0.00378848       0.99964    -0.0265612     -0.533042    0.00226653     0.0265527      0.999645      -1.14126
      0.99999   -0.00395771   -0.00214373      0.115324    0.00389959      0.999642    -0.0264703     -0.496704    0.00224773     0.0264617      0.999647      -1.12836
     0.999989   -0.00408759   -0.00219462     0.0971687    0.00402667      0.999625    -0.0270802     -0.467282    0.00230449     0.0270711      0.999631      -1.14813
     0.999989   -0.00408391   -0.00247179      0.107949    0.00401614      0.999632    -0.0268312     -0.542678    0.00258045     0.0268209      0.999637      -1.17402
     0.999989   -0.00400499   -0.00262898      0.105435    0.00393101      0.999612    -0.0275669     -0.415325    0.00273837     0.0275562      0.999617      -1.16664
     0.999988   -0.00405066   -0.00268378      0.142104    0.00397552      0.999616    -0.0274345     -0.507819    0.00279388     0.0274235       0.99962      -1.17996
     0.999988   -0.00392158   -0.00279692      0.125204    0.00384378       0.99962    -0.0272989     -0.490157    0.00290292     0.0272878      0.999623      -1.20365
     0.999988   -0.00392928   -0.00289489      0.130059    0.00384782      0.999611    -0.0276292     -0.457221    0.00300233     0.0276177      0.999614      -1.19429
      0.99999    -0.0038316   -0.00213233      0.124996    0.00377075      0.999605    -0.0278421     -0.465767    0.00223817     0.0278338       0.99961      -1.20879
     0.999994   -0.00351671   -0.00027056     0.0620691    0.00350753      0.999584    -0.0286188     -0.443907   0.000371092     0.0286177       0.99959      -1.28586
     0.999989   -0.00321475   -0.00339979       0.19755     0.0031262      0.999664    -0.0257385     -0.586299    0.00348139     0.0257276      0.999663     -0.964309
     0.999988    -0.0029672    -0.0037858      0.187703    0.00286795      0.999659    -0.0259574     -0.443307    0.00386152     0.0259463      0.999656     -0.957334
     0.999989   -0.00282111   -0.00370906      0.217371    0.00272551       0.99967    -0.0255329      -0.53811    0.00377987     0.0255225      0.999667      -1.03536
     0.999988   -0.00297683   -0.00397817      0.229291    0.00287499      0.999674    -0.0253666     -0.513132    0.00405238     0.0253548       0.99967       -1.0039
     0.999989   -0.00278582   -0.00382261      0.215621      0.002688      0.999675    -0.0253615     -0.513972    0.00389202     0.0253509      0.999671      -1.02333
     0.999989   -0.00276917   -0.00383657       0.22087    0.00267183       0.99968    -0.0251475     -0.574642    0.00390498      0.025137      0.999676      -1.02485
     0.999989   -0.00289331   -0.00381645      0.221056    0.00279331      0.999659    -0.0259528     -0.476731    0.00389023     0.0259419      0.999656     -0.992011
     0.999989   -0.00275268   -0.00381908      0.217356    0.00265398      0.999668    -0.0256134      -0.55674    0.00388832      0.025603      0.999665       -1.0332
     0.999988   -0.00289327   -0.00386017      0.222318    0.00279262      0.999662    -0.0258298     -0.502902     0.0039336     0.0258187      0.999659      -1.02252
     0.999988   -0.00296378   -0.00392412      0.222959    0.00286103       0.99966    -0.0259356     -0.511631    0.00399965      0.025924      0.999656      -1.02871
     0.999988   -0.00289305   -0.00392094      0.214129     0.0027911      0.999664    -0.0257613     -0.578317    0.00399415       0.02575       0.99966      -1.05507
     0.999987   -0.00280913   -0.00415349      0.217178    0.00269724       0.99964    -0.0267032     -0.446635    0.00422701     0.0266917      0.999635     -0.929892
     0.999987   -0.00273762   -0.00421147      0.240787    0.00262315      0.999633    -0.0269496     -0.496171     0.0042837     0.0269382      0.999628     -0.906109
     0.999989   -0.00260141   -0.00394889      0.229828    0.00249538      0.999642     -0.026623     -0.476424    0.00401674     0.0266129      0.999638     -0.951684
     0.999989    -0.0026354   -0.00395244      0.242873    0.00252861      0.999638    -0.0267848     -0.474802     0.0040216     0.0267745      0.999633     -0.939381
      0.99999   -0.00264288   -0.00371756      0.226116    0.00254132       0.99963    -0.0270636     -0.475555    0.00378771     0.0270539      0.999627     -0.979658
      0.99999   -0.00266492   -0.00367006      0.232834    0.00256487      0.999632    -0.0270018      -0.48916    0.00374067     0.0269921      0.999629      -1.01944
      0.99999   -0.00268513     -0.003707      0.229125    0.00258435      0.999634    -0.0269294     -0.483578    0.00377795     0.0269195       0.99963      -1.02792
     0.999988   -0.00280471   -0.00406762      0.233024    0.00269347      0.999629    -0.0271014     -0.463718    0.00414213     0.0270901      0.999624     -0.954614
     0.999988    -0.0028017   -0.00404775      0.222222    0.00269197      0.999635    -0.0268644      -0.47111    0.00412154     0.0268531      0.999631     -0.982926
     0.999988   -0.00266975   -0.00402114       0.22588    0.00256098      0.999637     -0.026818     -0.481253    0.00409127     0.0268074      0.999632      -1.01639
     0.999987   -0.00284097    -0.0042084      0.239276    0.00272757      0.999639    -0.0267115     -0.480033    0.00428277     0.0266997      0.999634      -1.03736
     0.999988   -0.00286991   -0.00404524      0.211856    0.00275888      0.999627    -0.0271887     -0.458677    0.00412176     0.0271772      0.999622      -1.04575
     0.999987   -0.00294056   -0.00418979      0.224297    0.00282574      0.999627    -0.0271532     -0.519022    0.00426808      0.027141      0.999623      -1.05495
     0.999985   -0.00318804   -0.00440479      0.232366    0.00306864      0.999635    -0.0268543      -0.49094     0.0044888     0.0268404       0.99963      -1.03517
     0.999986   -0.00309053   -0.00420245      0.212875    0.00297482      0.999624    -0.0272666     -0.441088    0.00428514     0.0272538      0.999619      -1.01039
     0.999987   -0.00302309   -0.00419472       0.22836    0.00290943      0.999635    -0.0268435     -0.533294    0.00427434      0.026831      0.999631      -1.05823
     0.999986   -0.00309905   -0.00428297      0.221629    0.00298303      0.999635    -0.0268342     -0.470475    0.00436457     0.0268211      0.999631      -1.05181
     0.999987   -0.00313631   -0.00407639      0.213843    0.00302466      0.999628    -0.0271142     -0.463451    0.00415991     0.0271015      0.999624      -1.08154
     0.999987   -0.00315895   -0.00391928      0.203242    0.00305202      0.999631    -0.0269956     -0.530921    0.00400311     0.0269833      0.999628      -1.10035
     0.999986    -0.0032325   -0.00407773      0.201118    0.00312363      0.999646    -0.0264277     -0.495688    0.00416171     0.0264146      0.999642        -1.116
     0.999987   -0.00311585   -0.00401641      0.201756     0.0030077       0.99964    -0.0266574     -0.459225    0.00409802      0.026645      0.999637      -1.16074
     0.999988   -0.00310117   -0.00390817      0.220704    0.00299622      0.999642    -0.0265797     -0.525117     0.0039892     0.0265676      0.999639      -1.18187
     0.999986   -0.00316515   -0.00422326      0.226234    0.00305166      0.999641     -0.026614     -0.488462    0.00430598     0.0266008      0.999637      -1.13161
     0.999987   -0.00301194   -0.00416228       0.21143    0.00289836       0.99963    -0.0270293     -0.467325    0.00424215     0.0270168      0.999626      -1.09905
     0.999987   -0.00305406   -0.00402657       0.22303    0.00294539      0.999639    -0.0267225     -0.496138    0.00410673     0.0267103      0.999635      -1.12444
     0.999987   -0.00306549   -0.00405825      0.205304     0.0029567      0.999643    -0.0265488     -0.516101    0.00413818     0.0265364      0.999639      -1.16199
     0.999988   -0.00303924    -0.0038142      0.234559    0.00292882      0.999586    -0.0286278      -0.39536    0.00389963     0.0286163      0.999583     -0.907346
     0.999992   -0.00323391   -0.00229767       0.16903     0.0031745      0.999672    -0.0254049     -0.517044    0.00237908     0.0253974      0.999675      -1.10591
     0.999992   -0.00357778   -0.00184017      0.132163    0.00352847      0.999652    -0.0261346     -0.510271    0.00193304     0.0261279      0.999657      -1.03979
     0.999991   -0.00377646   -0.00213328      0.124539    0.00371738      0.999627    -0.0270493     -0.447816    0.00223463     0.0270411      0.999632     -0.970659
     0.999991   -0.00374633   -0.00220223      0.110282    0.00368542      0.999628    -0.0270395     -0.482181    0.00230271     0.0270312      0.999632      -1.03464
     0.999991   -0.00380799   -0.00194587      0.106038    0.00375382      0.999625    -0.0271225     -0.490002    0.00204842     0.0271149       0.99963      -1.03851
     0.999989   -0.00398955   -0.00231649      0.115608    0.00392533      0.999625    -0.0270963     -0.467416    0.00242373     0.0270869       0.99963      -1.01751
      0.99999   -0.00382701   -0.00233419      0.103662    0.00376208      0.999622     -0.027216     -0.434467    0.00243746     0.0272069      0.999627      -1.06543
      0.99999    -0.0038578   -0.00203635      0.115436    0.00380114      0.999625    -0.0271305     -0.495362    0.00214025     0.0271225       0.99963      -1.08492
     0.999989   -0.00416762   -0.00213859      0.104343    0.00410753      0.999617    -0.0273727     -0.462536    0.00225185     0.0273636      0.999623      -1.04778
      0.99999   -0.00400186   -0.00209968     0.0995889    0.00394226       0.99961    -0.0276636     -0.415284    0.00220957      0.027655      0.999615      -1.05353
      0.99999   -0.00389982   -0.00225647      0.110311    0.00383639      0.999615    -0.0274635     -0.472701    0.00236271     0.0274546       0.99962      -1.03474
     0.999989   -0.00397826   -0.00240925      0.120604    0.00391129      0.999623    -0.0271891     -0.452801    0.00251651     0.0271794      0.999627      -1.05321
      0.99999   -0.00387512   -0.00229045      0.101538    0.00381146      0.999623    -0.0271732     -0.450252    0.00239489     0.0271642      0.999628      -1.08815
     0.999989   -0.00402978   -0.00227514      0.109569     0.0039663      0.999621    -0.0272514     -0.497713     0.0023841     0.0272421      0.999626      -1.11688
     0.999989   -0.00409799    -0.0022793      0.113324    0.00403402      0.999617    -0.0273955     -0.471379    0.00239069     0.0273861      0.999622      -1.09318
     0.999989   -0.00407955   -0.00217097     0.0904867    0.00401754      0.999604      -0.02784     -0.407993    0.00228368     0.0278309       0.99961      -1.08461
      0.99999   -0.00399537   -0.00220641      0.110325    0.00393228      0.999603    -0.0278946     -0.472174    0.00231699     0.0278856      0.999608      -1.07048
     0.999989   -0.00413291   -0.00231664      0.104726    0.00406741      0.999611    -0.0275969     -0.470635    0.00242979     0.0275871      0.999616      -1.09468
     0.999989   -0.00409499   -0.00230348      0.103371    0.00402938      0.999605    -0.0277987       -0.4223    0.00241641     0.0277891      0.999611      -1.09606
     0.999989   -0.00404052   -0.00237365      0.112955    0.00397317      0.999608    -0.0277213     -0.490673    0.00248473     0.0277116      0.999613      -1.11901
     0.999989    -0.0039965   -0.00241028      0.119432    0.00392725      0.999598     -0.028081     -0.430621    0.00252153     0.0280712      0.999603      -1.12746
     0.999988   -0.00408685   -0.00259604      0.127141    0.00401189      0.999593    -0.0282508     -0.421798    0.00271044       0.02824      0.999597      -1.09411
     0.999989   -0.00405659   -0.00236742     0.0959868    0.00398747      0.999586    -0.0285054     -0.411731    0.00248208     0.0284956      0.999591      -1.11044
     0.999989   -0.00413955   -0.00226587      0.110259    0.00407394      0.999593    -0.0282321     -0.449192    0.00238182     0.0282225      0.999599       -1.1379
     0.999988   -0.00436642   -0.00215113     0.0938975    0.00430493      0.999604    -0.0278032     -0.480239    0.00227168     0.0277936      0.999611      -1.18833
     0.999988   -0.00430834   -0.00241289      0.096876    0.00423879      0.999596     -0.028122     -0.399101    0.00253307     0.0281115      0.999602      -1.15568
     0.999988   -0.00426106   -0.00248437      0.102796    0.00418914      0.999592    -0.0282697     -0.441133    0.00260382      0.028259      0.999597       -1.1492
     0.999988   -0.00426943   -0.00241798       0.10471     0.0042007      0.999606    -0.0277489     -0.479173     0.0025355     0.0277384      0.999612      -1.18908
     0.999988    -0.0042602   -0.00244734     0.0946641    0.00418945      0.999593    -0.0282219     -0.384574    0.00256657     0.0282113      0.999599      -1.21004
     0.999989   -0.00416563   -0.00230728      0.112006    0.00409849      0.999589    -0.0283804     -0.474434    0.00242456     0.0283706      0.999595      -1.20041
     0.999988   -0.00437308   -0.00227724     0.0945919    0.00430767      0.999599    -0.0279763     -0.479414    0.00239867     0.0279662      0.999606      -1.23713
     0.999988   -0.00436022   -0.00232669     0.0911632    0.00429169      0.999579     -0.028688     -0.368524     0.0024508     0.0286777      0.999586      -1.20847
     0.999988   -0.00429693     -0.002388      0.111494    0.00422757       0.99959    -0.0283289     -0.466874    0.00250874     0.0283185      0.999596      -1.21837
     0.999988   -0.00438011   -0.00239737     0.0966378    0.00431083      0.999594    -0.0281783     -0.442014    0.00251982     0.0281676        0.9996      -1.22316
     0.999987   -0.00448065   -0.00242711     0.0845088    0.00440981      0.999586    -0.0284449     -0.426588    0.00255356     0.0284338      0.999592      -1.24679
     0.999986   -0.00450545   -0.00268879      0.106837    0.00442801      0.999594    -0.0281431     -0.477478     0.0028145     0.0281308        0.9996      -1.29705
     0.999993   -0.00310258   -0.00197266      0.140623    0.00304948      0.999648    -0.0263729     -0.493132    0.00205379     0.0263667       0.99965     -0.980936
     0.999994    -0.0028577    -0.0017321      0.151448    0.00281113       0.99965    -0.0263139     -0.470258    0.00180669     0.0263089      0.999652     -0.976449
     0.999994   -0.00291592   -0.00186702      0.149396     0.0028658       0.99965    -0.0263052     -0.514526    0.00194307     0.0262997      0.999652      -1.04081
     0.999993   -0.00308181   -0.00224231      0.160855     0.0030218       0.99965      -0.02629     -0.477716    0.00232255      0.026283      0.999652      -1.02384
     0.999993   -0.00294413    -0.0021864       0.15243    0.00288466      0.999639    -0.0267217     -0.467748    0.00226428     0.0267152      0.999641      -1.02707
     0.999994   -0.00291132    -0.0020796      0.160069    0.00285451      0.999636     -0.026819     -0.459531    0.00215693     0.0268129      0.999638      -1.04401
     0.999993   -0.00299148   -0.00214143      0.136609    0.00293272      0.999633     -0.026936     -0.486299    0.00222123     0.0269295      0.999635      -1.00043
     0.999993   -0.00299803   -0.00222292      0.163303    0.00293624      0.999623    -0.0272977     -0.453823    0.00230392      0.027291      0.999625      -0.98755
     0.999993   -0.00303697   -0.00209038       0.15433    0.00297892      0.999625    -0.0272336      -0.45807     0.0021723     0.0272272      0.999627      -1.02775
     0.999993   -0.00315088   -0.00225015      0.161259    0.00308927      0.999634    -0.0268801     -0.507131    0.00233403      0.026873      0.999636      -1.02629
     0.999994   -0.00299126   -0.00201003      0.140185    0.00293528      0.999623    -0.0272958     -0.390522    0.00209092     0.0272898      0.999625      -1.05194
     0.999993   -0.00304943   -0.00219265        0.1582    0.00298924      0.999632    -0.0269498     -0.563123    0.00227403      0.026943      0.999634      -1.07188
     0.999993   -0.00304356   -0.00212385      0.152377    0.00298422       0.99962    -0.0274049     -0.416121    0.00220646     0.0273984      0.999622      -1.05643
     0.999993   -0.00285168   -0.00222162      0.159096    0.00279025      0.999627     -0.027179     -0.476567     0.0022983     0.0271726      0.999628       -1.0732
     0.999992    -0.0032021   -0.00221862      0.163864    0.00314117      0.999632    -0.0269461     -0.505318    0.00230408      0.026939      0.999634       -1.0865
     0.999993   -0.00326134   -0.00205119      0.130681    0.00320392      0.999619    -0.0273985     -0.426038    0.00213976     0.0273917      0.999622      -1.08733
     0.999993   -0.00329435   -0.00194774      0.131573    0.00323959      0.999617    -0.0274784     -0.477381    0.00203752     0.0274719      0.999621      -1.11315
     0.999992   -0.00341597   -0.00202978       0.13664    0.00335819      0.999607    -0.0278179     -0.450579    0.00212401     0.0278109      0.999611       -1.0771
     0.999992   -0.00352995   -0.00201065      0.125041    0.00347308      0.999613    -0.0276152      -0.42977    0.00210735      0.027608      0.999617      -1.05429
     0.999992   -0.00338594   -0.00199812       0.11701    0.00332895      0.999606    -0.0278666     -0.438453    0.00209168     0.0278598       0.99961      -1.06514
     0.999992   -0.00350752   -0.00204784      0.134539     0.0034494       0.99961    -0.0277263     -0.465474    0.00214429      0.027719      0.999613      -1.06935
     0.999991   -0.00352997   -0.00217737      0.126283    0.00346842      0.999612    -0.0276508     -0.451984    0.00227413      0.027643      0.999615      -1.06956
     0.999992       -0.0034   -0.00229029      0.125852    0.00333506      0.999608    -0.0277878     -0.429186    0.00238387     0.0277799      0.999611      -1.09542
     0.999991   -0.00356738   -0.00239535      0.143197    0.00349947      0.999608    -0.0277788     -0.487272    0.00249351     0.0277701      0.999611       -1.0973
     0.999991   -0.00348892   -0.00240872       0.14316    0.00342138      0.999616    -0.0274983     -0.464705    0.00250373     0.0274898      0.999619      -1.09646
     0.999991   -0.00352379   -0.00236782       0.13661    0.00345702      0.999612    -0.0276371     -0.457248    0.00246429     0.0276287      0.999615      -1.09658
     0.999991   -0.00351804   -0.00234442      0.140741    0.00345064      0.999597    -0.0281597     -0.442053    0.00244255     0.0281513      0.999601      -1.09327
     0.999991   -0.00355738   -0.00231416       0.13505    0.00349128      0.999603    -0.0279663     -0.471933    0.00241273      0.027958      0.999606      -1.08532
     0.999991   -0.00358077   -0.00218774      0.130261    0.00351831      0.999604    -0.0279183     -0.414357    0.00228685     0.0279104      0.999608      -1.07326
     0.999991    -0.0035581   -0.00224114      0.126528    0.00349381        0.9996    -0.0280646     -0.435814     0.0023401     0.0280565      0.999604      -1.09421
     0.999991   -0.00357568    -0.0023703      0.136685    0.00350761      0.999598    -0.0281241     -0.445049    0.00246991     0.0281155      0.999602      -1.11389
     0.999991   -0.00365065   -0.00215527      0.119173    0.00358862      0.999598    -0.0281125      -0.43495    0.00225704     0.0281045      0.999602      -1.08567
     0.999991   -0.00353811   -0.00214498      0.131642    0.00347555      0.999588    -0.0285028     -0.396284    0.00224494     0.0284951      0.999591      -1.09027
     0.999991   -0.00365497   -0.00229591      0.139144    0.00358833       0.99959    -0.0283922     -0.457227    0.00239874     0.0283837      0.999594      -1.08211
      0.99999   -0.00390526   -0.00202686     0.0969609    0.00384642      0.999593    -0.0282639     -0.431396    0.00213641     0.0282559      0.999598      -1.12835
     0.999991   -0.00388982   -0.00195817      0.118389    0.00383062      0.999561    -0.0293781      -0.34891    0.00207158     0.0293703      0.999566      -1.06774
     0.999992   -0.00315982   -0.00240298       0.15987    0.00309898      0.999685    -0.0249173     -0.571747    0.00248096     0.0249097      0.999687      -1.09705
     0.999992   -0.00317952   -0.00261462      0.155305    0.00311515      0.999701    -0.0242672     -0.585597    0.00269099     0.0242588      0.999702      -1.13708
     0.999992   -0.00317027   -0.00228281      0.143144    0.00311177      0.999678    -0.0251897     -0.471455    0.00236193     0.0251824       0.99968      -1.15001
     0.999992   -0.00323781   -0.00224364      0.150532    0.00318121      0.999688    -0.0247884     -0.599805     0.0023232     0.0247811       0.99969      -1.17363
     0.999992   -0.00331453   -0.00222409      0.141488    0.00325826      0.999686    -0.0248433     -0.511573    0.00230574     0.0248359      0.999689      -1.18164
     0.999992   -0.00327685   -0.00217084      0.143562    0.00322171      0.999684    -0.0249355     -0.566852    0.00225187     0.0249283      0.999687      -1.21608
     0.999992   -0.00339724   -0.00203855      0.132181    0.00334495      0.999679    -0.0251283     -0.552309    0.00212326     0.0251213      0.999682      -1.22497
     0.999992   -0.00345876   -0.00213315      0.137387    0.00340378      0.999675    -0.0252606     -0.527901    0.00221983     0.0252532      0.999679      -1.19144
     0.999992   -0.00342496   -0.00200808      0.121356     0.0033735      0.999679    -0.0250954     -0.501078    0.00209339     0.0250885      0.999683        -1.194
     0.999993   -0.00336794   -0.00185484      0.127893    0.00332103      0.999688    -0.0247364     -0.538514    0.00193757       0.02473      0.999692      -1.24512
     0.999992    -0.0035078   -0.00196139      0.127318    0.00345811      0.999687      -0.02479     -0.561781    0.00204773     0.0247831      0.999691      -1.27217
     0.999991   -0.00368772   -0.00210661      0.118212    0.00363389      0.999681     -0.025008     -0.551801    0.00219816     0.0250001      0.999685      -1.26882
     0.999991   -0.00367812    -0.0022632      0.127811    0.00361897      0.999666    -0.0256053     -0.475231    0.00235662     0.0255969       0.99967      -1.22062
     0.999991   -0.00364887   -0.00207802      0.125892     0.0035945      0.999666    -0.0255916      -0.52448    0.00217071     0.0255839       0.99967      -1.20234
     0.999991   -0.00375369   -0.00202106      0.111464    0.00370216      0.999682     -0.024926     -0.552105    0.00211398     0.0249183      0.999687      -1.25601
     0.999991   -0.00377936   -0.00207565      0.118872    0.00372582      0.999675    -0.0252204     -0.501148    0.00217029     0.0252125       0.99968      -1.25398
     0.999991   -0.00370273   -0.00224887      0.122244    0.00364364      0.999662    -0.0257334     -0.523333    0.00234339      0.025725      0.999666       -1.3011
     0.999991   -0.00366567   -0.00222487       0.12616    0.00360742      0.999665     -0.025643     -0.536281    0.00231812     0.0256348      0.999669       -1.3142
      0.99999   -0.00388357   -0.00227369      0.123278    0.00382451      0.999669    -0.0254272     -0.530386    0.00237169     0.0254183      0.999674      -1.30868
      0.99999   -0.00382512   -0.00220945      0.112381    0.00376718      0.999664    -0.0256585     -0.496693    0.00230685     0.0256499      0.999668      -1.31939
     0.999991   -0.00376065   -0.00203937      0.127541    0.00370705      0.999663    -0.0256825     -0.529377    0.00213527     0.0256747      0.999668      -1.36928
      0.99999   -0.00396645   -0.00198568     0.0956846    0.00391411      0.999662    -0.0256987     -0.531663    0.00208694     0.0256907      0.999668      -1.47392
     0.999993   -0.00319396   -0.00197756      0.150401    0.00313884      0.999623    -0.0272742      -0.46152    0.00206393     0.0272678      0.999626     -0.952921
     0.999994   -0.00301873   -0.00178814       0.13502    0.00296895      0.999625    -0.0272167     -0.443949    0.00186963     0.0272113      0.999628     -0.944606
     0.999993   -0.00331628   -0.00192708      0.127807    0.00326377       0.99964    -0.0266404     -0.486239    0.00201473      0.026634      0.999643      -1.03064
     0.999992   -0.00335909   -0.00204288      0.128293    0.00330254      0.999628    -0.0270835     -0.420666     0.0021331     0.0270765      0.999631       -1.0145
     0.999993   -0.00313769   -0.00207056      0.140268    0.00308057       0.99963    -0.0270349     -0.490109    0.00215462     0.0270283      0.999632      -1.04334
     0.999994   -0.00286119   -0.00208983      0.146402    0.00280316      0.999624    -0.0272645     -0.464315    0.00216705     0.0272584      0.999626      -1.06088
     0.999993   -0.00280426   -0.00263189      0.188206    0.00273221      0.999632    -0.0269929     -0.454404    0.00270661     0.0269855      0.999632      -1.00535
      0.99999   -0.00330397   -0.00313906      0.177148      0.003218       0.99963    -0.0270093     -0.445033    0.00322713     0.0269989       0.99963     -0.898332
     0.999989    -0.0034117   -0.00333148      0.175368    0.00332111      0.999635    -0.0268291     -0.482162    0.00342179     0.0268178      0.999634     -0.897913
     0.999988   -0.00347802   -0.00337891      0.172108     0.0033871      0.999642    -0.0265503     -0.431913    0.00347004     0.0265385      0.999642     -0.913119
     0.999989   -0.00341202   -0.00327591      0.162458    0.00332323      0.999637    -0.0267357     -0.447777    0.00336594     0.0267245      0.999637     -0.909484
     0.999989   -0.00355797   -0.00318447      0.164111    0.00347173      0.999638    -0.0266885     -0.524395    0.00327827     0.0266772      0.999639     -0.967041
     0.999989   -0.00357878   -0.00300319      0.158914     0.0034976       0.99964     -0.026614     -0.461753    0.00309735     0.0266032      0.999641     -0.969834
     0.999989   -0.00355138   -0.00292648      0.146929    0.00347218      0.999639    -0.0266389      -0.44158    0.00302003     0.0266284      0.999641     -0.961851
      0.99999    -0.0035647   -0.00273737      0.147539    0.00349091      0.999643    -0.0265028     -0.496562    0.00283086      0.026493      0.999645     -0.991427
     0.999989   -0.00381908   -0.00288483      0.136198    0.00374301      0.999657    -0.0259293      -0.51463    0.00298287     0.0259182       0.99966      -1.01665
     0.999989   -0.00374647    -0.0028774      0.143564    0.00366903      0.999643     -0.026464     -0.433741    0.00297552     0.0264532      0.999646       -1.0215
     0.999989   -0.00385727   -0.00277569      0.143546    0.00378233      0.999641     -0.026513     -0.526003    0.00287696     0.0265022      0.999645      -1.02306
     0.999988   -0.00405156   -0.00272837      0.127735    0.00397939      0.999655    -0.0259575      -0.46376     0.0028326     0.0259463      0.999659      -1.00832
     0.999987   -0.00393321   -0.00313593      0.130739    0.00384795      0.999635    -0.0267458     -0.438817    0.00323998     0.0267334      0.999637     -0.971224
     0.999987   -0.00390027   -0.00318042      0.150397    0.00381402      0.999636    -0.0266899     -0.492307    0.00328336     0.0266774      0.999639     -0.999611
     0.999987   -0.00408514     -0.003067      0.134883    0.00400249      0.999641    -0.0264886     -0.494055    0.00317411     0.0264759      0.999644     -0.995935
     0.999987    -0.0040962   -0.00300299      0.120383    0.00401555      0.999644    -0.0263898     -0.456699    0.00311002     0.0263774      0.999647      -1.03411
