# 3dvolreg matrices (DICOM-to-DICOM, row-by-row):
            1   0.000273177    0.00011308     0.0167478   -0.00027322             1   0.000378997    -0.0749492  -0.000112977  -0.000379028             1    0.00820859
            1   4.87709e-05   1.51908e-05     0.0174856  -4.87809e-05             1     0.0006577     -0.104553  -1.51587e-05  -0.000657701             1    -0.0039114
            1   1.11144e-10  -6.03581e-11   5.67455e-10  -1.11144e-10             1    7.0809e-11   6.12548e-09   6.03581e-11   -7.0809e-11             1  -5.95922e-10
            1  -1.93948e-05   5.02973e-05    -0.0020889   1.93858e-05             1   0.000178005     -0.118747  -5.03008e-05  -0.000178004             1    -0.0335126
            1  -7.37424e-05   4.95496e-05  -0.000332003   7.37281e-05             1   0.000288417    -0.0679887  -4.95709e-05  -0.000288413             1    -0.0214104
            1  -7.89133e-06    0.00012137   -0.00975227   7.84702e-06             1   0.000365105     -0.047153  -0.000121373  -0.000365104             1    -0.0542711
            1  -3.49073e-07  -9.92676e-06     0.0100806   3.54694e-07             1   0.000566303     -0.134536   9.92656e-06  -0.000566303             1    -0.0944851
            1  -0.000107081    0.00013907   -0.00356101   0.000107088             1  -5.24504e-05    -0.0159555  -0.000139064   5.24653e-05             1    -0.0506487
            1  -6.65085e-05  -4.91189e-05    0.00593885   6.65022e-05             1  -0.000129684    -0.0972174   4.91275e-05   0.000129681             1    -0.0559124
            1  -0.000166756   0.000178589   -0.00605563    0.00016679             1  -0.000187058     0.0118349  -0.000178558   0.000187088             1    -0.0912004
            1  -0.000394985   0.000218936    -0.0248143   0.000395059             1  -0.000339484    -0.0879143  -0.000218802   0.000339571             1     -0.122463
            1  -0.000382156   0.000233253    -0.0261082   0.000382368             1  -0.000909538    -0.0362084  -0.000232905   0.000909627             1     -0.077832
            1  -0.000458972   0.000143818    -0.0098482   0.000459155      0.999999   -0.00127219     0.0288613  -0.000143234    0.00127226      0.999999    0.00683748
            1  -0.000448071    0.00029286    -0.0307824   0.000448366      0.999999   -0.00100929    -0.0203383  -0.000292407    0.00100943      0.999999    -0.0206638
            1  -0.000250617   0.000338358    -0.0241123   0.000250767             1  -0.000442096    -0.0898248  -0.000338247   0.000442181             1    -0.0609956
            1  -0.000379824  -0.000569425     -0.016001    0.00037971             1  -0.000199752      0.017266   0.000569501   0.000199536             1     -0.103572
            1  -0.000257872  -0.000100041    -0.0171332   0.000257664      0.999998   -0.00207385    0.00649492   0.000100575    0.00207382      0.999998     -0.226971
            1   0.000135161   0.000640071    0.00247211  -0.000134663             1  -0.000778844    -0.0889479  -0.000640176   0.000778757      0.999999      0.143665
            1   0.000283688    0.00050657   -0.00829281  -0.000283384             1  -0.000598934      0.058957   -0.00050674    0.00059879             1      0.148136
            1   0.000438222   8.28262e-06     0.0280482  -0.000438217             1  -0.000567978    -0.0667191  -8.53152e-06   0.000567974             1     0.0694516
            1   0.000213355   0.000164928     0.0215154  -0.000213253             1  -0.000619327    -0.0481036   -0.00016506   0.000619291             1     0.0999219
            1   4.76699e-05   0.000391637   -0.00377638  -4.71679e-05      0.999999   -0.00128184     0.0257619  -0.000391698    0.00128183      0.999999      0.118771
            1   0.000212591   0.000211379    0.00246785  -0.000212399             1  -0.000906029    -0.0486925  -0.000211572   0.000905984             1      0.115391
            1   3.20899e-05   0.000692663    -0.0133816  -3.15684e-05             1  -0.000752855       0.01502  -0.000692687   0.000752833      0.999999     0.0486954
            1  -6.63347e-05   0.000234985   -0.00841518    6.7306e-05      0.999991   -0.00413603     0.0488695  -0.000234709    0.00413604      0.999991      0.112903
            1  -9.24803e-05    0.00057368     0.0162463   9.10119e-05      0.999997     0.0025592     -0.218033  -0.000573915   -0.00255915      0.999997    -0.0224682
     0.999999    0.00108577   0.000233966     0.0248726   -0.00108589      0.999999    0.00053763     0.0204773  -0.000233382  -0.000537884             1    -0.0497724
     0.999999     0.0011648   0.000319042     0.0599247   -0.00116459      0.999999  -0.000674965    -0.0117794  -0.000319828   0.000674593             1    -0.0244877
     0.999999     0.0011461   0.000553482     0.0394995   -0.00114571      0.999999  -0.000700842    -0.0838039  -0.000554285   0.000700207             1    -0.0204823
     0.999999   0.000895495   0.000491006     0.0312426  -0.000895099      0.999999   -0.00080634    -0.0444708  -0.000491728     0.0008059             1    -0.0489216
     0.999999   0.000806997   0.000597834     0.0264365  -0.000806177      0.999999   -0.00137031     0.0442962  -0.000598939    0.00136982      0.999999    -0.0289611
            1   0.000537527   0.000490349     0.0212583  -0.000536688      0.999998   -0.00171075    -0.0454591  -0.000491268    0.00171049      0.999998    0.00755349
            1   0.000712089   0.000508624     0.0191315  -0.000710899      0.999997   -0.00233547     0.0770675  -0.000510286    0.00233511      0.999997     0.0420156
            1   0.000802781   0.000474618     0.0220066  -0.000802035      0.999998   -0.00157106    -0.0804658  -0.000475878    0.00157068      0.999999   -0.00817385
            1   0.000415006   0.000607092     0.0115441  -0.000413939      0.999998   -0.00175655     0.0353479   -0.00060782     0.0017563      0.999998   -0.00709742
            1   0.000616144    0.00077643     0.0028713   -0.00061481      0.999998   -0.00171676   -0.00452025  -0.000777486    0.00171628      0.999998    -0.0473692
            1   0.000521971   0.000659123    0.00869634  -0.000521061      0.999999   -0.00138086    -0.0250335  -0.000659843    0.00138051      0.999999    -0.0926602
            1   0.000439936   0.000727198    0.00399458  -0.000438382      0.999998    -0.0021366     0.0391763  -0.000728136    0.00213628      0.999997    -0.0972822
            1   0.000157695   0.000796359    0.00362258  -0.000155559      0.999996    -0.0026821    -0.0120206  -0.000796779    0.00268198      0.999996     -0.113246
            1    0.00019177   0.000124542    0.00918995   -0.00019172             1  -0.000400388     0.0115315  -0.000124619   0.000400364             1      0.090978
            1   0.000379405  -1.90048e-05     0.0214601  -0.000379397             1   0.000373988     -0.104966   1.91467e-05  -0.000373981             1     0.0657997
            1   0.000360486   -8.2884e-05      0.029363   -0.00036047             1    0.00019739    -0.0241942   8.29552e-05   -0.00019736             1     0.0734979
            1   0.000382565  -5.41445e-05     0.0259012  -0.000382557             1   0.000147829    -0.0326245    5.4201e-05  -0.000147809             1     0.0730382
            1   0.000349969  -5.66375e-05     0.0309181  -0.000349953             1   0.000297066    -0.0914591   5.67415e-05  -0.000297047             1     0.0725559
            1   0.000216085   0.000144961    0.00946166  -0.000216073             1  -8.23941e-05    -0.0134535  -0.000144979   8.23628e-05             1     0.0998997
            1   0.000156695   8.27046e-06    0.00897678  -0.000156692             1  -0.000399883    -0.0459853  -8.33312e-06   0.000399882             1      0.105314
            1  -3.09479e-05   -5.0764e-05     0.0135095   3.09314e-05             1  -0.000325534    -0.0507439    5.0774e-05   0.000325532             1      0.110771
            1   7.64253e-05   0.000121775    0.00208834   -7.6359e-05             1  -0.000543939     0.0116666  -0.000121817   0.000543929             1     0.0855749
            1   9.85022e-05   3.52997e-05    0.00452441  -9.84858e-05             1   -0.00046545    -0.0605396  -3.53455e-05   0.000465446             1      0.062609
            1  -0.000120306  -8.99099e-05     0.0104557    0.00012026             1  -0.000507271    -0.0516918   8.99709e-05   0.000507261             1     0.0682101
            1   7.31246e-05   6.73401e-05     0.0135687  -7.30497e-05      0.999999   -0.00111041     0.0284947  -6.74212e-05     0.0011104      0.999999     0.0966633
            1  -5.38167e-05   2.34166e-05   -0.00144829   5.38438e-05      0.999999    -0.0011582    -0.0263018  -2.33543e-05     0.0011582      0.999999     0.0913085
            1   -0.00014858   0.000106029   -0.00827292   0.000148657             1   -0.00072223     0.0221389  -0.000105922   0.000722246             1     0.0894442
            1   -5.2556e-05   0.000219594   -0.00846676   5.27259e-05             1  -0.000773819    -0.0320869  -0.000219553   0.000773831             1      0.034093
            1  -6.76347e-05   0.000163813     -0.011182     6.788e-05      0.999999   -0.00149771    -0.0118201  -0.000163712    0.00149772      0.999999     0.0600485
            1  -0.000309503   0.000115398   -0.00540036   0.000309648      0.999999   -0.00125829   -0.00422312  -0.000115009    0.00125832      0.999999      0.118439
            1  -0.000153148  -0.000160169    -0.0109995   0.000152947      0.999999   -0.00125284     0.0712488   0.000160361    0.00125281      0.999999      0.125335
            1  -9.97173e-05  -0.000219884    0.00981599   9.96463e-05             1   -0.00032288    -0.0830003   0.000219917   0.000322858             1     0.0865173
            1  -0.000167839   0.000166748    -0.0170436   0.000167988             1  -0.000892943     0.0552624  -0.000166598   0.000892971             1    -0.0537865
            1  -0.000329796   0.000167092    -0.0231929   0.000329963      0.999999   -0.00100133    -0.0317515  -0.000166761    0.00100138      0.999999     -0.148638
            1  -0.000358996   0.000112934    -0.0117253   0.000359198      0.999998   -0.00179048     0.0256563  -0.000112291    0.00179052      0.999998    -0.0401098
            1  -0.000324408   0.000239146    -0.0332861   0.000324897      0.999998   -0.00204744     0.0353406  -0.000238481    0.00204752      0.999998    -0.0475512
            1  -0.000543673   0.000187392    -0.0229631   0.000544017      0.999998   -0.00184548    -0.0103656  -0.000186388    0.00184558      0.999998    -0.0672719
            1  -0.000489453    0.00040424    -0.0439217   0.000490316      0.999998   -0.00213653     0.0577915  -0.000403194    0.00213673      0.999998    -0.0841945
            1  -0.000531779   0.000577134    -0.0351874   0.000532926      0.999998   -0.00198826    -0.0139863  -0.000576076    0.00198857      0.999998     -0.105607
     0.999999  -0.000971764    0.00068245    -0.0513575   0.000973893      0.999995   -0.00312665     0.0801717  -0.000679408    0.00312731      0.999995   -0.00253206
     0.999999   0.000983777  -0.000184177     0.0519243   -0.00098375             1   0.000142438    -0.0272085   0.000184317  -0.000142256             1      0.110498
     0.999999    0.00147646  -4.28671e-06     0.0706578   -0.00147646      0.999998    0.00112231    -0.0917413   5.94376e-06    -0.0011223      0.999999     0.0410716
     0.999999    0.00124472  -6.54953e-05     0.0749774    -0.0012447      0.999999   0.000358409    -0.0519435   6.59414e-05  -0.000358327             1     0.0173306
     0.999999    0.00142742  -9.08549e-05     0.0756661   -0.00142743      0.999999  -0.000129834    -0.0136656   9.06695e-05   0.000129963             1     0.0536758
     0.999999    0.00144444  -9.81787e-06     0.0754451   -0.00144444      0.999999  -0.000132783    -0.0143803   9.62607e-06   0.000132797             1     0.0548171
     0.999999    0.00143011  -0.000340559     0.0895184    -0.0014301      0.999999   2.36491e-05    -0.0740052   0.000340592  -2.31621e-05             1      0.047699
     0.999999    0.00135799  -0.000159739     0.0742663   -0.00135798      0.999999   1.82003e-05    -0.0304325   0.000159763  -1.79834e-05             1     0.0392552
     0.999999    0.00129491     -9.08e-05     0.0701109   -0.00129492      0.999999  -0.000138899    -0.0391341     9.062e-05   0.000139016             1     0.0721015
     0.999999    0.00144535  -0.000618249     0.0859978   -0.00144416      0.999997    0.00191429     -0.152455   0.000621014    -0.0019134      0.999998     -0.189013
     0.999999    0.00135077   0.000212438     0.0432421   -0.00135138      0.999995    0.00288117    -0.0837453  -0.000208546   -0.00288145      0.999996     -0.385903
     0.999999    0.00111576    0.00016932     0.0656253   -0.00111621      0.999996      0.002652     -0.293126   -0.00016636   -0.00265218      0.999996      -0.42469
            1  -0.000462516   9.82583e-06   -0.00643789   0.000462527      0.999999    -0.0012064     0.0768582  -9.26784e-06     0.0012064      0.999999      0.171741
            1  -2.32113e-05   0.000434828    -0.0136003   2.38988e-05      0.999999    -0.0015812     0.0520137  -0.000434791    0.00158121      0.999999      0.216577
            1   0.000221543   0.000386676     -0.013633  -0.000221039      0.999999   -0.00130233    -0.0134471  -0.000386964    0.00130224      0.999999      0.182007
     0.999999    0.00066482   0.000779492   -0.00437385  -0.000663429      0.999998   -0.00178284     0.0406291  -0.000780676    0.00178232      0.999998      0.204129
     0.999999   0.000613113    0.00115879    0.00999483  -0.000610752      0.999998   -0.00203603      0.013183   -0.00116003    0.00203532      0.999997      0.208815
     0.999999   0.000633763    0.00128425     0.0177777  -0.000630661      0.999997   -0.00241467      0.146053   -0.00128577    0.00241386      0.999996      0.422322
     0.999999   0.000606935    0.00120091   -0.00563729  -0.000605247      0.999999   -0.00140588      -0.11915   -0.00120176    0.00140515      0.999998      0.306874
     0.999999    0.00070793   0.000817766     0.0129154  -0.000704717      0.999992   -0.00392216      0.210551  -0.000820536    0.00392158      0.999992      0.303329
            1   0.000624387   6.82902e-07     0.0382365  -0.000624387      0.999997    0.00218895      -0.13945   6.83854e-07   -0.00218895      0.999998    -0.0521871
            1   0.000597504    0.00024473     0.0149772    -0.0005974             1  -0.000425548   -0.00408779  -0.000244984   0.000425402             1     0.0489312
            1   0.000698418   9.95532e-05     0.0353095  -0.000698218      0.999998   -0.00199956     0.0517368  -0.000100949    0.00199949      0.999998     0.0930327
            1   0.000676684   -0.00011037     0.0330294  -0.000676847      0.999999   -0.00148171    -0.0254305   0.000109367    0.00148178      0.999999     0.0306622
            1   0.000699961  -0.000203271     0.0366871  -0.000700261      0.999999   -0.00148344     0.0451592   0.000202232    0.00148358      0.999999    0.00193977
            1   0.000562697  -0.000164305     0.0473533  -0.000562929      0.999999    -0.0014154    -0.0623168   0.000163508    0.00141549      0.999999    -0.0157209
            1   0.000511497    -5.745e-05     0.0270803  -0.000511638      0.999997   -0.00247605       0.10129   5.61833e-05    0.00247608      0.999997     0.0417283
            1   0.000433268  -8.00025e-05     0.0403833  -0.000433507      0.999995   -0.00300421   -0.00405458   7.87005e-05    0.00300424      0.999995       0.10701
            1   0.000522149   5.77287e-05     0.0196275  -0.000522216      0.999999     0.0011643    -0.0689579  -5.71207e-05   -0.00116433      0.999999     0.0112816
            1   0.000405728   0.000309687     0.0252929  -0.000406021      0.999999    0.00094543    -0.0587539  -0.000309304  -0.000945555             1     0.0193734
            1   0.000626787   0.000245395     0.0162319  -0.000626812             1    0.00010306    -0.0582884  -0.000245331  -0.000103214             1     0.0222604
            1   0.000616364   0.000381586     0.0330188  -0.000616438             1   0.000193827    -0.0730617  -0.000381466  -0.000194062             1   -0.00121579
            1     0.0004555   0.000406068     0.0212966  -0.000455469             1  -7.63507e-05    0.00480674  -0.000406102   7.61657e-05             1     0.0143415
            1   0.000433607   0.000283893    0.00987002   -0.00043356             1  -0.000164599    -0.0492108  -0.000283964   0.000164475             1     0.0250525
            1   0.000452705   0.000141672     0.0215497  -0.000452667             1  -0.000268239    -0.0318786  -0.000141793   0.000268175             1     0.0144504
            1   0.000577052   0.000194575     0.0260461  -0.000577078             1   0.000130819    -0.0259986    -0.0001945  -0.000130931             1   -0.00657879
            1   0.000490607   0.000213465     0.0165642  -0.000490584             1  -0.000108669    -0.0254076  -0.000213518   0.000108565             1    -0.0228563
            1   0.000285363   1.37382e-06     0.0221869  -0.000285363             1  -0.000348163    -0.0787608  -1.47317e-06   0.000348162             1    0.00310136
            1   0.000493194   0.000148947     0.0188608   -0.00049312             1  -0.000498966   -0.00610471  -0.000149193   0.000498892             1     0.0444382
            1   0.000503109   0.000291825     0.0136779  -0.000502947             1  -0.000555271     0.0164038  -0.000292105   0.000555124             1    0.00563134
            1   0.000308519   0.000286114     0.0170978  -0.000308373             1  -0.000510075    -0.0674138  -0.000286271   0.000509987             1    -0.0366983
            1   0.000162075   0.000471177    0.00103088  -0.000161903             1  -0.000365441    -0.0414434  -0.000471236   0.000365365             1    -0.0469643
            1   6.57535e-05   0.000579346    -0.0157173  -6.53097e-05             1   -0.00076612     0.0237628  -0.000579397   0.000766082             1    -0.0436435
            1   0.000206733   0.000519635   0.000651423  -0.000206388             1  -0.000663878    -0.0555142  -0.000519772   0.000663771             1    -0.0774487
            1   0.000232136   0.000379956    0.00210401  -0.000231849             1  -0.000754101     0.0117904  -0.000380131   0.000754013             1    -0.0862719
            1   0.000281901   0.000345012   -0.00213032  -0.000281552      0.999999   -0.00101005     0.0288008  -0.000345296    0.00100995      0.999999    -0.0701611
            1   0.000256819   0.000239187     0.0142066  -0.000256661             1  -0.000659404    -0.0804042  -0.000239356   0.000659342             1     -0.114394
            1   0.000381002   0.000412067    0.00601797  -0.000380558      0.999999   -0.00107576     0.0577526  -0.000412477     0.0010756      0.999999    -0.0596617
            1   0.000457381   0.000286438     0.0150861  -0.000457069      0.999999    -0.0010896   -0.00862598  -0.000286937    0.00108947      0.999999    -0.0392532
            1   0.000567566   0.000415542     0.0235999   -0.00056729             1  -0.000664019    -0.0454337  -0.000415918   0.000663783             1    -0.0899124
            1   0.000438328   0.000479556     0.0118378  -0.000437761      0.999999   -0.00118258     0.0523381  -0.000480074    0.00118237      0.999999    -0.0710389
            1   0.000255894   0.000585141    0.00257188  -0.000255211      0.999999   -0.00116741     -0.044284  -0.000585439    0.00116726      0.999999     -0.103996
            1   0.000268117     0.0004647   -0.00955062  -0.000267625      0.999999   -0.00105943     0.0143328  -0.000464984    0.00105931      0.999999      -0.10317
            1   0.000197871   0.000561564    -0.0029584  -0.000197188      0.999999   -0.00121542     0.0193474  -0.000561804    0.00121531      0.999999     -0.111241
            1   0.000231252   0.000592547  -0.000617443   -0.00023056      0.999999   -0.00116737    -0.0406795  -0.000592817    0.00116723      0.999999     -0.150157
            1   0.000130426   0.000739209    -0.0158917  -0.000129525      0.999999   -0.00121883    0.00252473  -0.000739368    0.00121873      0.999999     -0.101041
            1   0.000132581   0.000829416    -0.0184533  -0.000131044      0.999998   -0.00185286     0.0441208   -0.00082966    0.00185275      0.999998    -0.0885847
            1   0.000192738   0.000825454    -0.0178118  -0.000191195      0.999998    -0.0018695    0.00461903  -0.000825813    0.00186934      0.999998     -0.124595
            1   3.74825e-06   0.000955945    -0.0177447    -1.977e-06      0.999998   -0.00185288     0.0204654  -0.000955951    0.00185287      0.999998     -0.135313
     0.999999  -0.000337434     0.0012118    -0.0521108   0.000340751      0.999996   -0.00273817     0.0984717   -0.00121088    0.00273858      0.999996     -0.203477
            1   0.000463132  -6.37542e-05     0.0334757   -0.00046312             1   0.000184386      -0.12035   6.38396e-05  -0.000184357             1     0.0935829
            1   0.000553481  -5.52162e-05      0.041349  -0.000553456             1   0.000449926   -0.00682024   5.54653e-05  -0.000449895             1      0.126244
            1   0.000587843   0.000269767     0.0240187  -0.000587891             1   0.000180024    0.00939377  -0.000269661  -0.000180183             1     0.0600319
            1   0.000639488    6.1715e-05     0.0327841  -0.000639509             1   0.000338428    -0.0855005  -6.14986e-05  -0.000338467             1     0.0700236
            1   0.000557503  -8.46297e-06     0.0326166  -0.000557499             1   0.000448795    -0.0516995   8.71317e-06   -0.00044879             1      0.052815
            1   0.000585862     2.114e-05     0.0297076  -0.000585863             1   4.94303e-05     0.0104928  -2.11111e-05  -4.94427e-05             1     0.0699571
            1    0.00061572  -0.000229592     0.0371918   -0.00061575             1  -0.000130983    -0.0496949   0.000229512   0.000131124             1     0.0907306
     0.999999   0.000951444  -0.000312403     0.0480515  -0.000951393             1   0.000161199     -0.036934   0.000312557  -0.000160902             1      0.101186
     0.999999    0.00109951   -0.00019722     0.0613345   -0.00109933      0.999999   0.000891315    -0.0802559     0.0001982  -0.000891098             1     0.0390078
     0.999999    0.00135327  -0.000451933     0.0747629   -0.00135313      0.999999   0.000317624      -0.01729   0.000452362  -0.000317012             1      0.051415
     0.999999    0.00158136  -0.000569625     0.0943925   -0.00158087      0.999998   0.000866825     -0.136747   0.000570995  -0.000865923      0.999999     0.0116825
     0.999998    0.00167984  -0.000536479       0.10451   -0.00167962      0.999999   0.000413358   -0.00515946   0.000537172  -0.000412456             1    0.00976206
     0.999999      0.001522  -0.000533461      0.104756   -0.00152194      0.999999   0.000116334      -0.06791   0.000533638  -0.000115522             1      0.017871
     0.999999    0.00144779  -0.000548732       0.10522   -0.00144766      0.999999   0.000246597    -0.0587218   0.000549088  -0.000245802             1     0.0341933
     0.999999    0.00159468   -0.00033468     0.0968907   -0.00159471      0.999999  -0.000101731    0.00111228   0.000334517   0.000102264             1     0.0359522
     0.999999    0.00132668  -0.000330225     0.0929506   -0.00132672      0.999999  -0.000133493    -0.0797158   0.000330047   0.000133931             1     0.0348744
     0.999999     0.0011202  -0.000401373     0.0820227   -0.00112011      0.999999   0.000228201    -0.0459846   0.000401629  -0.000227752             1     0.0424117
     0.999999    0.00124647  -0.000193621     0.0694126   -0.00124649      0.999999  -0.000100782     0.0238358   0.000193496   0.000101023             1     0.0440975
     0.999999    0.00122447  -0.000226695     0.0799169   -0.00122444      0.999999   0.000142199    -0.0607859   0.000226869  -0.000141921             1     0.0312042
     0.999999    0.00111727  -0.000438618     0.0766044   -0.00111713      0.999999   0.000319142    -0.0400349   0.000438974  -0.000318652             1     0.0371733
     0.999999    0.00134803  -0.000523638     0.0860214   -0.00134794      0.999999    0.00016956    -0.0316517   0.000523866  -0.000168854             1     0.0403944
     0.999999     0.0014177  -0.000554338     0.0853484   -0.00141765      0.999999     8.549e-05    -0.0246718   0.000554458   -8.4704e-05             1     0.0275761
     0.999999    0.00132122  -0.000592703     0.0999249   -0.00132091      0.999999   0.000533077     -0.106549   0.000593407  -0.000532293             1   -0.00764479
     0.999999     0.0012267  -0.000758463     0.0922746   -0.00122714      0.999999  -0.000589968      0.032768   0.000757738   0.000590898             1     0.0135762
     0.999999    0.00123023  -0.000845109     0.0981524   -0.00123051      0.999999  -0.000337267     -0.101435   0.000844693   0.000338306             1   -0.00316265
     0.999999     0.0013445  -0.000882741     0.0919192   -0.00134504      0.999999  -0.000602922     0.0250505    0.00088193   0.000604108      0.999999  -0.000308643
     0.999999     0.0014744  -0.000857299      0.109057   -0.00147491      0.999999  -0.000597195    -0.0489228   0.000856418   0.000598458      0.999999    -0.0185455
     0.999999    0.00124376  -0.000891622      0.100297     -0.001244      0.999999  -0.000270983    -0.0372134   0.000891284   0.000272091             1    -0.0551532
     0.999999    0.00129342  -0.000905247      0.104337   -0.00129439      0.999999   -0.00107287     0.0190496   0.000903858    0.00107405      0.999999    -0.0376233
     0.999999    0.00139874  -0.000779736      0.107095       -0.0014      0.999998   -0.00161848    0.00478386    0.00077747    0.00161957      0.999998   -0.00111936
     0.999999    0.00142041  -0.000897745      0.100445   -0.00142158      0.999998   -0.00130961   -0.00405582   0.000895883    0.00131088      0.999999    -0.0150165
     0.999999    0.00133676  -0.000750711     0.0987288   -0.00133736      0.999999  -0.000802148     0.0168303   0.000749637   0.000803151      0.999999    -0.0269333
     0.999998    0.00135561   -0.00159377      0.100348   -0.00135912      0.999997   -0.00220295     0.0476218    0.00159078    0.00220511      0.999996   -0.00254623
     0.999995    0.00160811   -0.00273194      0.165119    -0.0016116      0.999998    -0.0012791    -0.0292871    0.00272988     0.0012835      0.999995    -0.0602502
     0.999995    0.00144295   -0.00263834      0.152417   -0.00144434      0.999999   -0.00052588    0.00968469    0.00263758   0.000529689      0.999996     -0.226165
     0.999995   0.000840967   -0.00319242      0.164897  -0.000843736      0.999999  -0.000866077    0.00163555    0.00319169   0.000868766      0.999995     -0.265171
            1   0.000564858   6.43222e-05    0.00173265  -0.000564831             1  -0.000415879    -0.0394749  -6.45571e-05   0.000415842             1     0.0154761
            1   0.000674389   0.000471404     0.0401681  -0.000674934      0.999999    0.00115798    -0.0459093  -0.000470622    -0.0011583      0.999999     -0.150049
            1   0.000560078  -0.000335908     0.0443239  -0.000559907             1   0.000510302    -0.0459171   0.000336194  -0.000510114             1     -0.110126
            1   0.000248357  -0.000419689     0.0352729  -0.000248415             1  -0.000139091    -0.0490705   0.000419655   0.000139196             1    -0.0755598
            1    0.00022586  -9.22468e-05     0.0259073  -0.000225881             1  -0.000234168    -0.0536897   9.21939e-05   0.000234189             1    -0.0847777
            1   0.000107557  -0.000667534     0.0101397  -0.000108001             1  -0.000664985     0.0497631   0.000667462   0.000665056             1      -0.22554
            1  -0.000209054   -0.00026415     0.0552556   0.000207913      0.999991   -0.00431182     0.0586194   0.000265049    0.00431176      0.999991      0.109073
            1   0.000419152  -0.000135141     0.0352434  -0.000418911      0.999998    0.00177292     -0.095446   0.000135884   -0.00177286      0.999998    -0.0939623
            1   0.000547641   0.000144299     0.0265664  -0.000547514      0.999999  -0.000882032     0.0640105  -0.000144782   0.000881953             1    -0.0136162
            1   0.000501472   0.000397226     0.0232574  -0.000500675      0.999998   -0.00200438     0.0409929  -0.000398231    0.00200418      0.999998      0.023746
            1   0.000362705   0.000497774     0.0202799  -0.000361872      0.999999   -0.00167183    -0.0056542   -0.00049838    0.00167165      0.999998     0.0174906
            1    0.00022345   0.000608007    0.00196147  -0.000222166      0.999998   -0.00211158     0.0776282  -0.000608478    0.00211144      0.999998     0.0590126
            1   0.000388997   0.000588257    0.00450196  -0.000387751      0.999998   -0.00211665     0.0356356  -0.000589079    0.00211642      0.999998     0.0164193
            1    0.00041359    0.00046225      0.012293  -0.000412539      0.999997   -0.00227057     0.0271263  -0.000463188    0.00227038      0.999997    0.00728197
            1   0.000424501   0.000414355     0.0106993  -0.000423718      0.999998   -0.00188786     0.0726448  -0.000415156    0.00188769      0.999998     0.0126511
            1   0.000663788   0.000491907     0.0193383   -0.00066253      0.999997   -0.00255285     0.0376403    -0.0004936    0.00255252      0.999997     0.0249804
            1   0.000621851   0.000438388     0.0362467  -0.000620678      0.999996   -0.00267044     0.0308337  -0.000440047    0.00267017      0.999996     0.0669082
            1   0.000765032   0.000543018     0.0107508  -0.000763275      0.999994   -0.00322942      0.146818  -0.000545485      0.003229      0.999995     0.0890163
