# 3dvolreg matrices (DICOM-to-DICOM, row-by-row):
     0.999981   -0.00510617    0.00353399       0.17604    0.00513696      0.999948   -0.00875874      0.375611   -0.00348908    0.00877672      0.999955      -1.05318
     0.999986   -0.00422682    0.00319411      0.113395    0.00425414      0.999954   -0.00859685      0.404285   -0.00315762    0.00861031      0.999958      -1.05467
     0.999983   -0.00481389    0.00331544      0.112005    0.00484298      0.999949   -0.00882234      0.399853    -0.0032728    0.00883824      0.999956       -1.0619
     0.999982   -0.00505228    0.00329835      0.112765    0.00508224      0.999945   -0.00913997      0.394457     -0.003252    0.00915657      0.999953      -1.10122
     0.999981   -0.00500838    0.00353613      0.125882    0.00504121      0.999944   -0.00933935      0.423857   -0.00348915      0.009357       0.99995      -1.04291
     0.999981   -0.00528384     0.0031842      0.117209    0.00531346      0.999942   -0.00936743      0.355757   -0.00313452    0.00938417      0.999951      -1.07501
     0.999981   -0.00535013    0.00309129      0.119084    0.00537928       0.99994   -0.00950031      0.415552   -0.00304028    0.00951676       0.99995      -1.11198
     0.999981   -0.00528324    0.00316202      0.126857    0.00531221      0.999943   -0.00922431      0.424085   -0.00311311    0.00924093      0.999952      -1.07731
     0.999981   -0.00531929    0.00295716      0.108122    0.00534745       0.99994   -0.00959749       0.36034   -0.00290593    0.00961313       0.99995       -1.1287
     0.999981   -0.00522721    0.00312774       0.11805    0.00525828      0.999936    -0.0100073      0.393566   -0.00307523     0.0100236      0.999945      -1.14023
      0.99998   -0.00538443    0.00327343      0.128034    0.00541678      0.999936   -0.00995759      0.426191    -0.0032196    0.00997512      0.999945      -1.11192
     0.999981   -0.00522736    0.00314342      0.118133    0.00525794      0.999938   -0.00980182      0.365589   -0.00309198    0.00981817      0.999947      -1.15286
     0.999982   -0.00493185    0.00333016      0.134428    0.00496547      0.999936     -0.010163      0.403721   -0.00327983     0.0101793      0.999943      -1.10768
     0.999982   -0.00504793    0.00320387      0.140065    0.00507724      0.999945   -0.00920742      0.405334   -0.00315722    0.00922353      0.999952      -1.05287
     0.999982   -0.00495039    0.00324319      0.139803    0.00498087      0.999943   -0.00945687      0.360314   -0.00319619    0.00947286       0.99995      -1.12126
     0.999983   -0.00475498    0.00338286      0.169548    0.00478826       0.99994   -0.00989931      0.411749   -0.00333559    0.00991533      0.999945      -1.05949
     0.999985   -0.00441444    0.00325731      0.153509    0.00444731      0.999939    -0.0101548      0.357953   -0.00321228     0.0101691      0.999943      -1.05192
     0.999983   -0.00465317    0.00339014      0.149867    0.00468767      0.999937    -0.0102419      0.380983   -0.00334227     0.0102576      0.999942      -1.07734
      0.99998    -0.0053037    0.00349185      0.168838    0.00533855      0.999935    -0.0100472      0.400259   -0.00343834     0.0100656      0.999943      -1.00881
     0.999981   -0.00506958    0.00347968      0.153432      0.005105      0.999934    -0.0102454      0.325383   -0.00342751      0.010263      0.999941       -1.0582
      0.99998   -0.00518779    0.00358697      0.160546    0.00522599      0.999929    -0.0107256      0.397499   -0.00353107     0.0107442      0.999936      -1.03485
     0.999981   -0.00506975    0.00358897      0.158444    0.00510763       0.99993    -0.0106275      0.352965   -0.00353484     0.0106456      0.999937      -1.04891
      0.99998   -0.00508529     0.0036275       0.18073     0.0051272      0.999919    -0.0116392      0.345852   -0.00356802     0.0116576      0.999926       -1.0626
     0.999978   -0.00556385    0.00360697      0.234102    0.00560412      0.999921    -0.0112524      0.369355   -0.00354408     0.0112724       0.99993      -1.01728
     0.999983   -0.00443418    0.00375736      0.205271    0.00447785      0.999922    -0.0116965       0.31133   -0.00370521     0.0117131      0.999925      -1.02293
     0.999983    -0.0045472    0.00372938      0.200163    0.00459236      0.999915    -0.0121922       0.32389   -0.00367362     0.0122091      0.999919     -0.981198
     0.999982   -0.00475255     0.0036684      0.190132    0.00479681      0.999915    -0.0121512      0.332813   -0.00361034     0.0121686      0.999919      -1.04554
      0.99998   -0.00509275    0.00382439      0.200433    0.00513752      0.999917    -0.0117898      0.354598   -0.00376403     0.0118092      0.999923      -1.06073
      0.99998   -0.00511241    0.00360641      0.181362    0.00515348      0.999921    -0.0114734      0.310899   -0.00354747     0.0114918      0.999928      -1.09119
     0.999981   -0.00499928    0.00364997      0.186008    0.00504162      0.999919    -0.0116836      0.374766   -0.00359127     0.0117018      0.999925      -1.07666
     0.999981   -0.00481081    0.00376848      0.184517    0.00485477      0.999919    -0.0117452      0.343426   -0.00371167     0.0117633      0.999924      -1.05316
     0.999983    -0.0044191    0.00387354      0.181799     0.0044684      0.999908    -0.0128144      0.292662   -0.00381656     0.0128315       0.99991      -1.09813
     0.999981   -0.00476791    0.00381791       0.19555    0.00481639      0.999907    -0.0127906      0.338407   -0.00375657     0.0128087      0.999911      -1.05029
      0.99998   -0.00499893    0.00385418      0.180963    0.00504516      0.999914    -0.0120798      0.329768   -0.00379347      0.012099       0.99992       -1.0928
      0.99998   -0.00496218    0.00383884      0.182219    0.00501037      0.999907    -0.0126459      0.334276   -0.00377574     0.0126648      0.999913      -1.11802
     0.999978   -0.00531387    0.00392507      0.211804    0.00536512      0.999899    -0.0131634      0.347259   -0.00385473     0.0131841      0.999906      -1.06317
     0.999979   -0.00506468    0.00398718      0.193397     0.0051148      0.999907    -0.0126615      0.304843   -0.00392269     0.0126816      0.999912      -1.09879
     0.999979    -0.0051452    0.00396098      0.203134    0.00519822      0.999895    -0.0134933       0.33864   -0.00389114     0.0135136      0.999901      -1.05652
      0.99998   -0.00518278    0.00370229      0.188988    0.00523074      0.999901    -0.0130652      0.326751   -0.00363421     0.0130843      0.999908      -1.04076
     0.999981   -0.00514505    0.00351113      0.173072    0.00519013      0.999903    -0.0129525      0.309453   -0.00344414     0.0129704       0.99991       -1.0757
     0.999979   -0.00533854    0.00358615      0.204945    0.00538536      0.999899    -0.0131747      0.356887   -0.00351545     0.0131937      0.999907      -1.00761
      0.99998   -0.00536387    0.00343852      0.191842    0.00540682      0.999906     -0.012605      0.304178   -0.00337058     0.0126234      0.999915      -1.04512
      0.99998    -0.0053222    0.00350787      0.185126    0.00536834      0.999897    -0.0132757      0.330224   -0.00343685     0.0132943      0.999906      -1.04233
     0.999979   -0.00547524    0.00340128       0.18416    0.00551794      0.999904    -0.0126744      0.347807   -0.00333156     0.0126929      0.999914      -1.04264
      0.99998   -0.00536342    0.00340059      0.182905    0.00540488       0.99991    -0.0123014      0.333223    -0.0033343     0.0123195      0.999919      -1.10514
     0.999979   -0.00543462    0.00349656      0.213065    0.00547968        0.9999     -0.013011      0.375317    -0.0034255     0.0130299      0.999909      -1.06373
      0.99998   -0.00524757    0.00340942       0.19915    0.00529027      0.999906    -0.0126375      0.309937   -0.00334278     0.0126553      0.999914      -1.05725
     0.999982     -0.004953    0.00344175      0.201595     0.0049969      0.999905    -0.0128683      0.321618   -0.00337768     0.0128852      0.999911      -1.05582
     0.999981   -0.00513874    0.00352411      0.201441     0.0051813      0.999912    -0.0121766      0.330433   -0.00346123     0.0121946       0.99992      -1.03911
      0.99998   -0.00518832    0.00357495      0.208706    0.00523444      0.999902    -0.0130142      0.338731   -0.00350707     0.0130327      0.999909      -1.00168
      0.99998   -0.00526297    0.00338282      0.206214      0.005305      0.999907    -0.0125379      0.355089   -0.00331652     0.0125556      0.999916       -1.0085
     0.999981   -0.00515248    0.00324835      0.187782     0.0051913      0.999914    -0.0120576      0.350384   -0.00318595     0.0120742      0.999922      -1.03785
      0.99998   -0.00538379    0.00327207      0.208003    0.00542487      0.999905    -0.0126796      0.370489    -0.0032035     0.0126971      0.999914     -0.998165
     0.999982    -0.0049853    0.00336246      0.196494    0.00502715      0.999909    -0.0125537      0.305608   -0.00329957     0.0125704      0.999916      -1.00582
     0.999982   -0.00493534    0.00326758      0.199677    0.00497652      0.999907    -0.0127194      0.334527    -0.0032045     0.0127354      0.999914     -0.975424
     0.999982   -0.00511785    0.00326162      0.203429     0.0051582      0.999909    -0.0124863      0.306572   -0.00319742     0.0125029      0.999917     -0.988235
     0.999983   -0.00489827    0.00327772      0.204202    0.00494042      0.999904    -0.0129781      0.314247   -0.00321384     0.0129941       0.99991      -1.00372
     0.999986   -0.00455106    0.00273562      0.196205    0.00458589      0.999907    -0.0128634       0.31632   -0.00267682     0.0128757      0.999914     -0.970128
     0.999986   -0.00460332    0.00276408       0.18235    0.00463893      0.999905    -0.0130158      0.273212    -0.0027039     0.0130285      0.999911      -1.01972
     0.999986   -0.00465719    0.00266221       0.17515    0.00469144      0.999904     -0.013004      0.339183   -0.00260139     0.0130163      0.999912     -0.991717
     0.999985   -0.00458318    0.00310525      0.181356    0.00462485      0.999898    -0.0135481      0.254108   -0.00304283     0.0135622      0.999903       -0.8676
     0.999979   -0.00484334    0.00419153      0.211815    0.00490803      0.999867     -0.015563      0.038047    -0.0041156     0.0155832       0.99987     -0.793743
     0.999982   -0.00523825     0.0029991      0.208746    0.00528402      0.999866    -0.0154622     0.0216176   -0.00291771     0.0154778      0.999876     -0.774494
     0.999981   -0.00550562    0.00271205      0.203713    0.00554701      0.999865    -0.0154962     0.0468581   -0.00262637     0.0155109      0.999876      -0.69214
     0.999981   -0.00570571    0.00222624      0.218323    0.00573698      0.999881    -0.0143053     0.0808724   -0.00214436     0.0143178      0.999895     -0.745366
     0.999982   -0.00544419    0.00262657      0.220332    0.00548249      0.999875    -0.0148021      0.104497   -0.00254566     0.0148162      0.999887     -0.748928
     0.999981   -0.00561658    0.00260835      0.215946    0.00565229      0.999888    -0.0138892      0.120259   -0.00253004     0.0139037        0.9999     -0.767449
     0.999981   -0.00561158    0.00245146      0.196343    0.00564396      0.999894    -0.0134072      0.121886   -0.00237596     0.0134208      0.999907     -0.806033
      0.99998    -0.0057128    0.00257173      0.209511    0.00574744       0.99989    -0.0136685      0.180593   -0.00249336      0.013683      0.999903      -0.75853
     0.999979   -0.00604715     0.0022502      0.223236     0.0060752      0.999901    -0.0126758       0.15241   -0.00217332     0.0126892      0.999917     -0.806689
     0.999981   -0.00578739    0.00206418      0.203391    0.00581387      0.999898      -0.01306      0.154973   -0.00198839     0.0130718      0.999913     -0.814154
     0.999982   -0.00565788    0.00204443      0.210905    0.00568343      0.999903    -0.0127121       0.17032   -0.00197231     0.0127235      0.999917     -0.743657
     0.999982   -0.00566602    0.00193119      0.210628    0.00569011      0.999903    -0.0127036      0.163044   -0.00185902     0.0127144      0.999917     -0.759202
     0.999985   -0.00512416    0.00204565      0.200874    0.00515058      0.999901    -0.0131278      0.146683   -0.00197817     0.0131382      0.999912     -0.727831
     0.999987   -0.00475692    0.00186622      0.191393    0.00478118      0.999901    -0.0132179      0.106874   -0.00180316     0.0132267      0.999911     -0.758011
     0.999986   -0.00494435    0.00205455      0.206907    0.00497131      0.999899    -0.0133305      0.120108   -0.00198844     0.0133405      0.999909     -0.743207
     0.999986   -0.00493993    0.00198751      0.207292    0.00496607      0.999898    -0.0133724       0.10696   -0.00192125     0.0133821      0.999909     -0.747071
     0.999986   -0.00493404     0.0018604      0.196732     0.0049571      0.999908    -0.0126007      0.107487   -0.00179806     0.0126097      0.999919     -0.767742
     0.999986   -0.00497179    0.00192692       0.18257    0.00499654      0.999902    -0.0130613      0.121421    -0.0018618     0.0130708      0.999913     -0.782245
     0.999988   -0.00465759     0.0017985      0.186511    0.00468088      0.999902    -0.0131695      0.157508   -0.00173698     0.0131778      0.999912     -0.735285
     0.999991   -0.00400303    0.00124631      0.144079    0.00401876      0.999909    -0.0128792     0.0933874   -0.00119464     0.0128841      0.999916     -0.732869
      0.99999   -0.00422709    0.00131688      0.157829    0.00424417      0.999903    -0.0132498      0.127509   -0.00126075     0.0132553      0.999911     -0.722318
      0.99999   -0.00410202     0.0014871      0.162162    0.00412045      0.999912    -0.0126137      0.122174   -0.00143523     0.0126197      0.999919     -0.730358
     0.999992   -0.00376486    0.00145361      0.161465     0.0037833       0.99991    -0.0128962      0.110517   -0.00140492     0.0129016      0.999916     -0.720902
     0.999993   -0.00354114    0.00110689        0.1508    0.00355484      0.999914    -0.0126282      0.111699   -0.00106207     0.0126321       0.99992     -0.715329
     0.999992   -0.00377036    0.00127032       0.16701    0.00378667      0.999907     -0.013085       0.13228   -0.00122087     0.0130897      0.999914     -0.744517
     0.999992   -0.00382696       0.00127      0.173079    0.00384303      0.999909    -0.0129032      0.127829    -0.0012205      0.012908      0.999916     -0.693454
     0.999995   -0.00309174   0.000986517      0.134682    0.00310448      0.999908     -0.013191     0.0970052  -0.000945643      0.013194      0.999913      -0.71843
     0.999995   -0.00307316    0.00119086      0.138344    0.00308823      0.999912    -0.0128646      0.145982   -0.00115122     0.0128682      0.999917     -0.677463
     0.999994   -0.00331642    0.00116603      0.136179    0.00332986      0.999926    -0.0117191      0.129868   -0.00112708     0.0117229      0.999931       -0.7371
     0.999994   -0.00315206    0.00126883      0.118917    0.00316742      0.999919    -0.0122912      0.150115   -0.00122999     0.0122952      0.999924     -0.774443
     0.999995    -0.0029677    0.00144913      0.134577    0.00298665      0.999908    -0.0132538      0.145899   -0.00140967      0.013258      0.999911     -0.729909
     0.999995   -0.00285563    0.00104806      0.123778    0.00286863      0.999916    -0.0126192     0.0855244   -0.00101194     0.0126221       0.99992      -0.74321
     0.999996   -0.00268496    0.00100413      0.108066    0.00269794       0.99991    -0.0131546      0.122592  -0.000968715     0.0131573      0.999913     -0.775635
     0.999998    -0.0018645    0.00109305      0.111138    0.00187989      0.999897    -0.0142483      0.181556   -0.00106637     0.0142503      0.999898     -0.820289
     0.999998   -0.00206551    0.00080739     0.0994233    0.00207681      0.999896    -0.0142652     0.0853387  -0.000777841     0.0142668      0.999898     -0.866765
     0.999998   -0.00170119    0.00116874      0.121493    0.00171719      0.999903     -0.013828     0.0339302    -0.0011451     0.0138299      0.999904      -0.81295
     0.999998  -0.000655044    0.00200053      0.117923   0.000685428      0.999884     -0.015225    -0.0140263   -0.00199032     0.0152264      0.999882     -0.768686
     0.999998  -0.000840733    0.00202291      0.112442   0.000870989      0.999887    -0.0150023    -0.0286461   -0.00201007      0.015004      0.999885     -0.828776
     0.999998    -0.0005499    0.00207463     0.0920692   0.000582175      0.999878    -0.0155884    -0.0118254    -0.0020658     0.0155895      0.999876     -0.821989
     0.999998   -0.00049086     0.0019169     0.0697994    0.00051888      0.999893     -0.014644    -0.0252395   -0.00190951      0.014645      0.999891      -0.82895
     0.999998  -0.000589134    0.00210073     0.0744969   0.000619868      0.999892    -0.0146597    -0.0184386   -0.00209187      0.014661       0.99989     -0.829134
     0.999997  -0.000463591    0.00237223     0.0969782   0.000498779       0.99989    -0.0148544    0.00687576   -0.00236508     0.0148556      0.999887     -0.779953
     0.999997   -0.00066948    0.00250064     0.0873236   0.000706833      0.999888    -0.0149666   -0.00884343   -0.00249034     0.0149683      0.999885     -0.788699
     0.999997  -0.000388652    0.00250321     0.0733045   0.000426905      0.999883    -0.0152993  -0.000469748   -0.00249697     0.0153003       0.99988     -0.835609
     0.999997  -0.000532338    0.00218178      0.064373   0.000565634      0.999883    -0.0152884    -0.0277679   -0.00217339     0.0152896      0.999881     -0.862097
     0.999998  -0.000252435    0.00217917     0.0716952   0.000288008      0.999866    -0.0163395    -0.0266081   -0.00217476     0.0163401      0.999864     -0.871405
     0.999997  -0.000253956    0.00248492     0.0735095   0.000295607      0.999859    -0.0167753    -0.0221895   -0.00248031      0.016776      0.999856     -0.862217
     0.999997  -0.000555872     0.0025112     0.0725313   0.000596953      0.999866    -0.0163882    -0.0385088   -0.00250176     0.0163896      0.999863     -0.912594
     0.999997  -0.000308085    0.00260955     0.0737737   0.000351703       0.99986    -0.0167306   -0.00172739   -0.00260403     0.0167315      0.999857     -0.908653
     0.999996  -0.000474626    0.00272601     0.0799516   0.000519699      0.999863    -0.0165576     -0.011863   -0.00271778      0.016559      0.999859     -0.868394
     0.999997  -0.000558115    0.00256462     0.0626299   0.000600114      0.999865    -0.0164046    -0.0283206   -0.00255512     0.0164061      0.999862     -0.916338
     0.999996  -0.000653957    0.00264728     0.0704493   0.000699299      0.999852    -0.0171634    0.00892482   -0.00263566     0.0171652      0.999849     -0.879222
     0.999997  -0.000667593    0.00242617     0.0588531   0.000707974      0.999861    -0.0166813    -0.0434655   -0.00241469      0.016683      0.999858     -0.887029
     0.999997  -0.000427883    0.00237698     0.0720843    0.00046758       0.99986    -0.0167252    -0.0351926   -0.00236949     0.0167262      0.999857     -0.870025
     0.999996  -0.000264096    0.00264874      0.077025   0.000310329      0.999847    -0.0174694   -0.00646201   -0.00264372     0.0174702      0.999844     -0.811765
     0.999997  -0.000387721    0.00245811     0.0375708   0.000428888      0.999859     -0.016769    -0.0379077   -0.00245126       0.01677      0.999856     -0.820048
     0.999997  -3.64703e-05    0.00240933     0.0549852    7.9282e-05      0.999842    -0.0177714    -0.0150484    -0.0024083     0.0177716      0.999839     -0.789211
     0.999996  -9.23421e-05    0.00270653     0.0816542   0.000142115      0.999831    -0.0183957    -0.0694475   -0.00270437      0.018396      0.999827     -0.767082
     0.999997  -0.000272724    0.00261051     0.0800472   0.000319707      0.999838    -0.0180143     -0.124173   -0.00260517     0.0180151      0.999834     -0.844875
     0.999997  -0.000247578    0.00224021     0.0701221   0.000288085      0.999836    -0.0180993    -0.0639487   -0.00223536     0.0180999      0.999834     -0.834387
     0.999998  -0.000680783    0.00162473     0.0627702   0.000708912      0.999849    -0.0173757     -0.066516   -0.00161265     0.0173769      0.999848     -0.798562
     0.999999  -0.000281316    0.00155777     0.0455472   0.000307286      0.999861     -0.016696    -0.0858782   -0.00155286     0.0166965      0.999859     -0.814303
     0.999998  -4.40029e-05    0.00177577     0.0481585   7.39904e-05      0.999857    -0.0168905    -0.0473833   -0.00177478     0.0168906      0.999856     -0.808916
     0.999998  -0.000561702     0.0017331      0.045568   0.000590264      0.999863    -0.0165243    -0.0481679   -0.00172358     0.0165253      0.999862     -0.820053
     0.999998  -0.000484261    0.00174517     0.0413615   0.000513744      0.999856    -0.0169331    -0.0233851   -0.00173672      0.016934      0.999855     -0.838007
     0.999998  -0.000677183    0.00162541     0.0306477    0.00070444      0.999858    -0.0168276    -0.0387038   -0.00161379     0.0168288      0.999857      -0.85328
     0.999998  -0.000688262    0.00165443     0.0233278    0.00071657      0.999852     -0.017171     -0.057162   -0.00164237     0.0171722      0.999851     -0.853221
     0.999998   -0.00101479    0.00164213     0.0401615    0.00104317      0.999849    -0.0173723    -0.0365696   -0.00162425      0.017374      0.999848     -0.823181
     0.999998    -0.0013114    0.00140277     0.0356962    0.00133554      0.999849    -0.0173484    -0.0824104   -0.00137981     0.0173503      0.999849     -0.810575
     0.999998   -0.00120355     0.0016925     0.0468527      0.001234      0.999835    -0.0181073    -0.0714188   -0.00167043     0.0181094      0.999835     -0.785802
     0.999998   -0.00119259    0.00166031     0.0362407    0.00122101      0.999851    -0.0172202    -0.0838143   -0.00163952     0.0172222       0.99985     -0.834857
     0.999997   -0.00127083     0.0018621     0.0523311    0.00130371      0.999841    -0.0177665    -0.0420263   -0.00183922     0.0177689       0.99984      -0.84067
     0.999997   -0.00157904    0.00193766     0.0579555    0.00161303      0.999843    -0.0176677    -0.0576295   -0.00190946     0.0176707      0.999842       -0.8167
     0.999997   -0.00174644    0.00178963     0.0528161    0.00177725      0.999848     -0.017365    -0.0975918   -0.00175903     0.0173681      0.999848     -0.840844
     0.999997   -0.00154838    0.00192321     0.0709697    0.00158181      0.999846    -0.0175061    -0.0523201   -0.00189581     0.0175091      0.999845     -0.829827
     0.999997   -0.00129269    0.00205702     0.0875613    0.00132807       0.99985    -0.0172902    -0.0133628   -0.00203436     0.0172929      0.999848     -0.746909
     0.999997    -0.0014714    0.00183736     0.0640818     0.0015018       0.99986    -0.0166577    -0.0942763   -0.00181259     0.0166604       0.99986     -0.796941
     0.999997   -0.00130824    0.00182778      0.044904    0.00133954      0.999851    -0.0172267    -0.0648002   -0.00180497     0.0172291       0.99985     -0.854395
     0.999997   -0.00144037    0.00210035     0.0535495    0.00147624      0.999851    -0.0171763    -0.0625065    -0.0020753     0.0171793       0.99985     -0.835198
     0.999997   -0.00134457    0.00199638     0.0539105    0.00137814      0.999856    -0.0169059     -0.061978   -0.00197336     0.0169086      0.999855     -0.878143
     0.999997   -0.00115554     0.0020742     0.0640022    0.00119107      0.999851    -0.0172142    -0.0445917     -0.002054     0.0172166       0.99985     -0.850157
     0.999998   -0.00107482    0.00192559     0.0538066    0.00110715      0.999857    -0.0168693    -0.0650289   -0.00190719     0.0168714      0.999856     -0.890555
     0.999998   -0.00135747    0.00169002      0.115388    0.00138575      0.999857    -0.0168451     0.0177707   -0.00166691     0.0168474      0.999857      -0.84353
     0.999997   -0.00156435    0.00178727      0.111937    0.00159297      0.999869     -0.016128    -0.0522308    -0.0017618     0.0161308      0.999868     -0.811772
     0.999998   -0.00127223    0.00166223     0.0923296    0.00129954      0.999862    -0.0165339       -0.1049   -0.00164097      0.016536      0.999862     -0.826565
     0.999998    -0.0011492    0.00169175      0.088265    0.00117778      0.999855    -0.0169912    -0.0619525   -0.00167198     0.0169932      0.999854     -0.797144
     0.999998   -0.00123141    0.00173391     0.0994117    0.00126005      0.999861    -0.0166159    -0.0401261    -0.0017132     0.0166181       0.99986     -0.757039
     0.999999   -0.00101899    0.00137736     0.0737571    0.00104192      0.999859    -0.0167519    -0.0958643    -0.0013601     0.0167533      0.999859     -0.798941
     0.999998  -0.000964314    0.00155512     0.0887466   0.000990597      0.999855    -0.0169896    -0.0614855   -0.00153851     0.0169911      0.999854     -0.764464
     0.999998   -0.00139383    0.00162455      0.104106     0.0014202      0.999865    -0.0163457    -0.0866364   -0.00160155      0.016348      0.999865     -0.764037
     0.999998   -0.00139407    0.00170238      0.110419    0.00142232      0.999859    -0.0167074    -0.0729475   -0.00167885     0.0167098      0.999859     -0.797194
     0.999998   -0.00140233    0.00168046     0.0970732    0.00142939      0.999868     -0.016213    -0.0635651    -0.0016575     0.0162154      0.999867     -0.791896
     0.999998   -0.00141974    0.00164999     0.0937083    0.00144615      0.999869     -0.016113    -0.0469379    -0.0016269     0.0161153      0.999869     -0.819533
     0.999996    -0.0020561    0.00167719      0.112283      0.002083      0.999867    -0.0161978    -0.0504886   -0.00164366     0.0162013      0.999867     -0.766133
     0.999997   -0.00149806    0.00175252      0.107511    0.00152741      0.999857    -0.0168692    -0.0519963     -0.001727     0.0168719      0.999856      -0.79174
     0.999997   -0.00188607    0.00175511     0.0961155    0.00191494       0.99986    -0.0165959    -0.0590921   -0.00172356     0.0165992      0.999861     -0.830911
     0.999997   -0.00195974    0.00158984      0.113379    0.00198626      0.999856    -0.0168555    -0.0512233   -0.00155658     0.0168587      0.999857      -0.83353
     0.999997   -0.00137959    0.00179895      0.106025    0.00141002      0.999854    -0.0170258    -0.0220652    -0.0017752     0.0170283      0.999853     -0.784238
     0.999998   -0.00147074    0.00145866     0.0692654      0.001495      0.999858    -0.0167723     -0.071513   -0.00143378     0.0167744      0.999858     -0.854648
     0.999998   -0.00149053    0.00139461     0.0796766    0.00151437       0.99985    -0.0172524    -0.0338373   -0.00136869     0.0172545       0.99985     -0.804363
     0.999998   -0.00142464    0.00112905     0.0562578    0.00144366      0.999854    -0.0170258    -0.0591635   -0.00110463     0.0170274      0.999854     -0.801115
     0.999999   -0.00127311    0.00112161     0.0739863    0.00129224      0.999851    -0.0172203    -0.0663594   -0.00109952     0.0172217      0.999851     -0.819192
     0.999998   -0.00168613    0.00122853     0.0907504    0.00170676      0.999854    -0.0169918    -0.0858417    -0.0011997     0.0169939      0.999855     -0.802276
     0.999999   -0.00121096    0.00113302     0.0734744    0.00123069      0.999845    -0.0175813    -0.0652447   -0.00111155     0.0175827      0.999845      -0.78439
     0.999999  -0.000935599    0.00135602     0.0532593   0.000958852      0.999851    -0.0172503    -0.0629847   -0.00133968     0.0172516       0.99985     -0.740999
     0.999999    -0.0010959     0.0010029     0.0256651    0.00111299      0.999852    -0.0171952     -0.108697  -0.000983906     0.0171963      0.999852     -0.761162
     0.999999  -0.000832574    0.00109049     0.0407912   0.000851517      0.999847    -0.0174877    -0.0499066   -0.00107576     0.0174886      0.999846     -0.771081
            1    -0.0003761   0.000905319    0.00332202   0.000391769      0.999849    -0.0173703    -0.0748616   -0.00089865     0.0173707      0.999849     -0.737595
            1   1.29083e-05   0.000721584    -0.0228496  -5.13859e-07      0.999853     -0.017174    -0.0652543  -0.000721699      0.017174      0.999852     -0.781641
     0.999999   0.000185316    0.00101653   -0.00586745  -0.000167281      0.999843    -0.0177131   -0.00763552   -0.00101965      0.017713      0.999843     -0.765489
     0.999999    5.0221e-05     0.0011036    -0.0169171  -3.12869e-05      0.999853      -0.01715    -0.0755575    -0.0011043       0.01715      0.999852     -0.819404
            1   2.34858e-05   0.000807535    -0.0425259  -9.79091e-06      0.999856    -0.0169547    -0.0788997  -0.000807817     0.0169547      0.999856     -0.853398
            1   0.000105195   0.000907314    -0.0430549  -8.94318e-05      0.999849    -0.0173556    -0.0634672  -0.000909003     0.0173556      0.999849     -0.841206
     0.999999   0.000373856    0.00120583     -0.021081  -0.000352545      0.999845    -0.0176253    -0.0271536   -0.00121223     0.0176249      0.999844     -0.803625
     0.999999   0.000654802    0.00102907    -0.0314125  -0.000636659      0.999846    -0.0175329    -0.0875668   -0.00104039     0.0175322      0.999846     -0.786708
     0.999999    0.00116348   0.000634179    -0.0524932   -0.00115217      0.999845    -0.0175431     -0.128439  -0.000654492     0.0175424      0.999846     -0.811361
     0.999999    0.00148218   0.000494504    -0.0764051   -0.00147306      0.999838     -0.017953    -0.0637419  -0.000521034     0.0179523      0.999839     -0.798241
     0.999999    0.00102514   0.000537034    -0.0631063   -0.00101553      0.999844    -0.0176143     -0.073242  -0.000555007     0.0176138      0.999845     -0.773867
     0.999999    0.00122364   0.000327237    -0.0862241   -0.00121762      0.999841    -0.0177978     -0.114519  -0.000348963     0.0177974      0.999842     -0.799793
     0.999998    0.00185166   0.000404635    -0.0960048   -0.00184381      0.999825    -0.0185981    -0.0708401  -0.000439002     0.0185973      0.999827     -0.798727
     0.999999    0.00166538   0.000210437    -0.0984708   -0.00166136       0.99984     -0.017834     -0.132855  -0.000240104     0.0178336      0.999841     -0.796794
     0.999999    0.00158534   0.000406331    -0.0976782   -0.00157756      0.999828    -0.0184826     -0.124816  -0.000435562     0.0184819      0.999829     -0.812524
     0.999999    0.00145279   0.000505901    -0.0901271   -0.00144315      0.999827    -0.0185649     -0.103971  -0.000532784     0.0185641      0.999828     -0.808089
     0.999999    0.00106734   0.000342927    -0.0823493   -0.00106098      0.999837    -0.0180436      -0.13402  -0.000362129     0.0180432      0.999837     -0.832011
            1   0.000829567   0.000307391    -0.0744625  -0.000823578      0.999819    -0.0189961    -0.0973912  -0.000323093     0.0189958       0.99982     -0.830243
            1   0.000629196   0.000381653    -0.0620826  -0.000621718      0.999814    -0.0192857     -0.137891  -0.000393716     0.0192854      0.999814     -0.864014
            1   0.000581201   0.000460723    -0.0423021  -0.000572118       0.99981    -0.0194753      -0.13226  -0.000471954      0.019475       0.99981     -0.869686
            1   0.000450441    0.00060512     -0.036349  -0.000438504      0.999808    -0.0195852     -0.109831  -0.000613826     0.0195849      0.999808     -0.795089
            1   0.000315546   0.000529818      -0.04306  -0.000305204      0.999812    -0.0194075      -0.15061  -0.000535843     0.0194073      0.999812     -0.826441
            1   0.000668845   0.000162846    -0.0447024  -0.000665451      0.999799     -0.020021     -0.131155  -0.000176204     0.0200209        0.9998     -0.822695
            1   0.000565231   0.000290694    -0.0505846  -0.000559434      0.999808    -0.0195682      -0.15908  -0.000301699      0.019568      0.999808     -0.859909
     0.999999   0.000947533   0.000400984    -0.0543592  -0.000939155      0.999791    -0.0204011     -0.142909  -0.000420232     0.0204008      0.999792     -0.848119
            1   0.000764858   0.000618084    -0.0500015  -0.000752298      0.999798    -0.0200725     -0.159584  -0.000633312     0.0200721      0.999798     -0.848465
            1   0.000734923   0.000447117    -0.0500718  -0.000725875      0.999802    -0.0199086     -0.173908   -0.00046166     0.0199083      0.999802     -0.890579
            1   0.000777087   0.000436229     -0.045427  -0.000767981       0.99979    -0.0204989     -0.124521  -0.000452066     0.0204986       0.99979     -0.859966
            1   0.000784605   0.000420695    -0.0601367  -0.000775795      0.999789    -0.0205494     -0.183122  -0.000436729     0.0205491      0.999789     -0.869564
     0.999999    0.00103408   0.000368797    -0.0423241   -0.00102602      0.999774    -0.0212332     -0.156051   -0.00039067     0.0212328      0.999774      -0.84368
            1    0.00074388   0.000402689    -0.0358302  -0.000735265      0.999779    -0.0209866       -0.1771  -0.000418212     0.0209863       0.99978     -0.847728
            1   0.000817817   0.000465092    -0.0328176  -0.000807709      0.999772    -0.0213333     -0.189688  -0.000482432     0.0213329      0.999772      -0.83723
     0.999999     0.0011337    0.00028285    -0.0443104   -0.00112751      0.999778    -0.0210194     -0.164815  -0.000306617     0.0210191      0.999779      -0.76873
     0.999999    0.00126697   0.000242718    -0.0579577   -0.00126148       0.99977    -0.0214167     -0.204443  -0.000269797     0.0214163      0.999771     -0.802975
     0.999999    0.00141916   0.000408789    -0.0627056   -0.00140976      0.999754    -0.0221353     -0.186621  -0.000440102     0.0221347      0.999755     -0.796782
     0.999999    0.00121957   0.000224484    -0.0720088   -0.00121458      0.999778    -0.0210302     -0.229882  -0.000250082     0.0210299      0.999779     -0.796078
     0.999999    0.00137915   0.000187174    -0.0596311   -0.00137484      0.999771    -0.0213325     -0.187571  -0.000216552     0.0213323      0.999772     -0.793041
     0.999999    0.00111965    0.00014013    -0.0652118   -0.00111643      0.999774    -0.0212123     -0.192845  -0.000163848     0.0212121      0.999775     -0.768231
     0.999999    0.00122352    0.00027687    -0.0558801   -0.00121723      0.999764    -0.0216727     -0.207608  -0.000303322     0.0216723      0.999765     -0.777581
            1   0.000836495   0.000486557    -0.0308813  -0.000825796      0.999767    -0.0215901     -0.198361  -0.000504504     0.0215897      0.999767     -0.791822
            1   0.000629303   0.000518607    -0.0189516   -0.00061814      0.999774    -0.0212504     -0.215339  -0.000531862     0.0212501      0.999774     -0.809071
     0.999999    0.00111589   0.000617347   -0.00583379   -0.00110227      0.999765    -0.0216308       -0.1689   -0.00064134     0.0216301      0.999766     -0.748143
     0.999999   0.000993399   0.000324584    -0.0331353   -0.00098626      0.999773    -0.0213009     -0.216626  -0.000345671     0.0213006      0.999773     -0.729301
     0.999999    0.00108844   0.000555055    -0.0238721   -0.00107581      0.999751    -0.0222813     -0.200247  -0.000579169     0.0222807      0.999752     -0.744242
