# 3dvolreg matrices (DICOM-to-DICOM, row-by-row):
     0.999999  -0.000764997    0.00100206     0.0897303   0.000767667      0.999996   -0.00266608    -0.0191671   -0.00100001    0.00266685      0.999996   -0.00247293
            1   0.000454288  -0.000134997    -0.0136506  -0.000454211             1   0.000565247    -0.0268224   0.000135254  -0.000565185             1     0.0413891
            1  -4.45802e-11   6.16391e-11  -1.84228e-09   4.45802e-11             1  -5.60698e-11  -2.84072e-09  -6.16391e-11   5.60698e-11             1  -4.31012e-09
            1   0.000299587  -0.000260223    -0.0034837  -0.000299706             1  -0.000456113     0.0443397   0.000260087   0.000456191             1     0.0259576
            1   0.000305486  -0.000332318    -0.0143842  -0.000305887      0.999999   -0.00120637     0.0239747   0.000331949    0.00120647      0.999999    0.00710127
            1   0.000500218  -0.000119354     0.0022196  -0.000500378      0.999999   -0.00133904     0.0287717   0.000118684     0.0013391      0.999999     0.0317587
            1   0.000763699  -0.000214825    -0.0155294  -0.000763982      0.999999   -0.00132051    -0.0160303   0.000213816    0.00132068      0.999999    -0.0213362
            1    0.00067276     1.202e-05   -0.00544355  -0.000672739      0.999998   -0.00166591     0.0251688  -1.31407e-05     0.0016659      0.999999    -0.0172433
            1   0.000371489   0.000285947     0.0117939  -0.000371137      0.999999   -0.00122961     0.0224215  -0.000286404     0.0012295      0.999999    -0.0200115
            1   0.000441956   9.97451e-05   -0.00369375  -0.000441821      0.999999   -0.00135017   -0.00225269  -0.000100342    0.00135012      0.999999     -0.081604
            1   0.000339743    0.00032982    0.00677066  -0.000339012      0.999997    -0.0022128     0.0442194  -0.000330571    0.00221269      0.999997     -0.076816
            1   0.000213655   0.000405308     0.0297221   -0.00021268      0.999997   -0.00240418     0.0352707   -0.00040582    0.00240409      0.999997     -0.067715
            1   0.000225563   0.000206259     0.0171969  -0.000225111      0.999998   -0.00218579   -0.00548328  -0.000206752    0.00218575      0.999998     -0.102382
            1  -0.000178063    0.00021324     0.0597759   0.000178815      0.999994    -0.0035314     0.0299179   -0.00021261    0.00353144      0.999994    -0.0990884
            1  -0.000826694   0.000472645      0.122556    0.00082851      0.999992   -0.00385408    -0.0332875  -0.000469455    0.00385447      0.999992    -0.0946181
            1  -0.000600761   0.000552914       0.11345   0.000602978      0.999992   -0.00401784    -0.0366297  -0.000550495    0.00401817      0.999992     -0.114934
            1  -0.000396114   0.000439743       0.10789    0.00039822      0.999988   -0.00480047   -0.00535962  -0.000437836    0.00480064      0.999988     -0.077546
            1  -0.000531191   0.000453963     0.0968835   0.000533136      0.999991    -0.0042947    -0.0310875  -0.000451677    0.00429494      0.999991     -0.157936
     0.999999  -0.000989716   0.000608844     0.0933384   0.000992458      0.999989   -0.00451905    0.00609747  -0.000604365    0.00451965       0.99999     -0.160013
     0.999999   -0.00135361   0.000461921     0.0911826    0.00135505      0.999994   -0.00313496    0.00436793  -0.000457675    0.00313559      0.999995     -0.206627
     0.999998   -0.00192679    0.00085224      0.106488    0.00192997      0.999991    -0.0037468     0.0189225  -0.000845013    0.00374844      0.999993     -0.254394
     0.999996   -0.00238403    0.00154122      0.167802    0.00239032      0.999989   -0.00409722     0.0563453   -0.00153144    0.00410089       0.99999     -0.241434
     0.999996   -0.00230274     0.0014268      0.150784    0.00230776      0.999991   -0.00352581      0.015046   -0.00141867    0.00352909      0.999993     -0.281509
     0.999995   -0.00264391    0.00167832      0.157287    0.00265104      0.999987    -0.0042602     0.0237297   -0.00166703    0.00426463       0.99999     -0.292887
     0.999992   -0.00352521    0.00211868      0.223224    0.00353554      0.999982   -0.00489178    0.00482583   -0.00210139    0.00489923      0.999986     -0.245197
     0.999991   -0.00342343    0.00234878      0.248636    0.00343742      0.999976   -0.00597649    -0.0487152   -0.00232826    0.00598452      0.999979     -0.265737
     0.999993   -0.00307998    0.00218291       0.22976    0.00309379      0.999975    -0.0063511    -0.0306655    -0.0021633     0.0063578      0.999977     -0.266259
     0.999991   -0.00346805    0.00227555      0.234124    0.00348298      0.999972   -0.00659105     0.0087227   -0.00225263    0.00659892      0.999976     -0.220085
      0.99999   -0.00377958    0.00248913      0.227345    0.00379485      0.999974   -0.00615919     -0.045466   -0.00246579    0.00616858      0.999978     -0.240625
     0.999991   -0.00363139    0.00234604      0.200453    0.00364585      0.999974   -0.00618979    -0.0218372    -0.0023235    0.00619829      0.999978     -0.287116
      0.99999   -0.00375857    0.00236446      0.226191    0.00377429      0.999971   -0.00667951   -0.00473701   -0.00233929    0.00668837      0.999975     -0.252455
     0.999989   -0.00402221    0.00244825      0.246333    0.00403825       0.99997   -0.00658273    -0.0596701    -0.0024217    0.00659255      0.999975     -0.277099
     0.999988   -0.00424384    0.00236591      0.248821    0.00426015      0.999967   -0.00693322    -0.0433838   -0.00233641    0.00694322      0.999973     -0.324756
     0.999989   -0.00418023    0.00230959      0.260763    0.00419721      0.999964   -0.00739273    -0.0260197    -0.0022786    0.00740234       0.99997     -0.300498
     0.999988   -0.00421928    0.00251619      0.275113    0.00423899       0.99996   -0.00787788    -0.0207564   -0.00248285    0.00788845      0.999966     -0.241671
     0.999987   -0.00449095     0.0025224      0.237826    0.00450961      0.999962   -0.00744073    -0.0761219   -0.00248889    0.00745201      0.999969     -0.290309
     0.999986   -0.00455431    0.00268118      0.227986    0.00457521      0.999959   -0.00784057    -0.0279771   -0.00264536    0.00785273      0.999966     -0.287255
     0.999985   -0.00486299    0.00267572      0.230252    0.00488266      0.999961   -0.00739341    -0.0340385   -0.00263966    0.00740636      0.999969     -0.306967
     0.999986   -0.00447375    0.00274117      0.218643    0.00449622      0.999956   -0.00824751    -0.0405153   -0.00270415    0.00825973      0.999962     -0.332166
     0.999986   -0.00457791    0.00275878      0.234559     0.0046004      0.999956   -0.00820091    -0.0259861   -0.00272111    0.00821348      0.999963     -0.286587
     0.999985   -0.00483742    0.00260164      0.224497    0.00485673       0.99996   -0.00746638     -0.069064   -0.00256541     0.0074789      0.999969     -0.352874
     0.999985    -0.0047405    0.00268503      0.207741    0.00476338      0.999952   -0.00858158   -0.00433162   -0.00264422    0.00859424       0.99996     -0.353725
     0.999985   -0.00498687    0.00245717      0.210935    0.00500575      0.999958   -0.00773956    -0.0430964   -0.00241846    0.00775174      0.999967     -0.346676
     0.999984   -0.00511164    0.00248097       0.20664    0.00513159      0.999954   -0.00810268    -0.0357539   -0.00243944    0.00811528      0.999964     -0.355969
     0.999984   -0.00513639    0.00245439      0.213883      0.005156      0.999954   -0.00804937     -0.030526   -0.00241293     0.0080619      0.999965     -0.327111
     0.999985    -0.0050521    0.00233146      0.225881    0.00507177      0.999951   -0.00851147    -0.0641926   -0.00228834    0.00852316      0.999961     -0.331457
     0.999985   -0.00488382    0.00259423      0.229776    0.00490603      0.999951   -0.00862468    -0.0216828   -0.00255198    0.00863728      0.999959     -0.310503
     0.999985   -0.00502605    0.00206258      0.201853    0.00504289      0.999953   -0.00824431    -0.0679722   -0.00202105    0.00825459      0.999964     -0.355528
     0.999986   -0.00486166    0.00225404      0.196856    0.00488276      0.999943   -0.00945364    -0.0413968   -0.00220795    0.00946451      0.999953     -0.344606
     0.999984   -0.00509401    0.00243662      0.196606    0.00511527      0.999948   -0.00880087    -0.0474433   -0.00239166    0.00881319      0.999958      -0.35924
     0.999986   -0.00476333    0.00222201      0.170284     0.0047833      0.999947    -0.0090696    -0.0623884   -0.00217869    0.00908011      0.999956     -0.423054
     0.999987   -0.00457369    0.00239691      0.171079    0.00459578      0.999946   -0.00929136    -0.0173098   -0.00235429    0.00930226      0.999954     -0.394058
     0.999986    -0.0048831    0.00224922      0.172955    0.00490227      0.999951   -0.00859764     -0.079073   -0.00220713    0.00860855      0.999961     -0.402606
     0.999986    -0.0046641    0.00230293      0.170151    0.00468475      0.999948   -0.00904494    -0.0553536   -0.00226062    0.00905561      0.999956     -0.404611
     0.999987   -0.00452567    0.00235112       0.17497    0.00454739      0.999946   -0.00931542    -0.0630419   -0.00230884    0.00932599      0.999954     -0.377005
     0.999988   -0.00436341     0.0023184      0.190808    0.00438601      0.999942   -0.00983502    -0.0740333   -0.00227535    0.00984507      0.999949     -0.375071
     0.999986   -0.00448625    0.00272519      0.186566    0.00451282      0.999942   -0.00982558    -0.0686095   -0.00268095    0.00983774      0.999948     -0.378584
     0.999985   -0.00371047    0.00395853      0.208806    0.00375742      0.999922    -0.0119216     -0.175131   -0.00391399     0.0119363      0.999921     -0.314716
     0.999985   -0.00391528    0.00394928      0.227556    0.00395989      0.999928    -0.0113515     -0.180423   -0.00390455     0.0113669      0.999928     -0.267162
     0.999985   -0.00402082    0.00383118      0.212297    0.00406111      0.999936    -0.0105676     -0.115666   -0.00378844      0.010583      0.999937     -0.312499
     0.999984   -0.00446878    0.00356134      0.202998    0.00450284      0.999944   -0.00961389     -0.113985   -0.00351817    0.00962977      0.999947     -0.316596
     0.999984   -0.00433218    0.00361148       0.21436    0.00436543      0.999948   -0.00925002     -0.100955   -0.00357122    0.00926564      0.999951     -0.300804
     0.999984   -0.00444722     0.0036167      0.229135    0.00448147      0.999945   -0.00951721    -0.0949198   -0.00357417    0.00953326      0.999948      -0.28513
     0.999984   -0.00457447    0.00325357      0.211637    0.00460533      0.999944   -0.00954134     -0.112443   -0.00320974    0.00955617      0.999949     -0.326082
     0.999984   -0.00454143    0.00347759      0.218494    0.00457369      0.999946   -0.00932735    -0.0325267   -0.00343504     0.0093431       0.99995     -0.290534
     0.999984   -0.00460089    0.00334484      0.203144    0.00462817      0.999956   -0.00819511    -0.0457711   -0.00330698    0.00821046      0.999961     -0.306226
     0.999983   -0.00483658    0.00333279       0.19715    0.00486406      0.999954   -0.00828655   -0.00992588   -0.00329256    0.00830261       0.99996     -0.363809
     0.999983   -0.00484244    0.00329489      0.208723    0.00487087       0.99995   -0.00867654     0.0165536   -0.00325271    0.00869244      0.999957     -0.326783
     0.999983   -0.00487794    0.00314718      0.201045    0.00490542      0.999949   -0.00878405    -0.0465652   -0.00310417    0.00879934      0.999956     -0.357245
     0.999983   -0.00504435    0.00304686      0.210147    0.00507287      0.999943   -0.00942774     -0.022142   -0.00299913    0.00944303      0.999951     -0.331887
     0.999982   -0.00518104    0.00289331      0.204507    0.00520696      0.999946   -0.00902528    -0.0273022   -0.00284639    0.00904019      0.999955     -0.351504
     0.999982   -0.00520897    0.00290114      0.214578    0.00523589      0.999943   -0.00934957    0.00281595   -0.00285227    0.00936459      0.999952     -0.349673
     0.999983   -0.00507587    0.00284444      0.192905    0.00510091      0.999948   -0.00886923    -0.0333481   -0.00279928    0.00888359      0.999957     -0.370736
     0.999982   -0.00511687    0.00302619      0.192448    0.00514531      0.999942   -0.00946493   -0.00796407   -0.00297758    0.00948033      0.999951     -0.389624
     0.999981   -0.00535811      0.002974      0.203686    0.00538571      0.999942   -0.00935216    -0.0141006   -0.00292372      0.009368      0.999952     -0.382107
     0.999981   -0.00548153    0.00279472      0.190881    0.00550891      0.999936   -0.00988855    -0.0128884   -0.00274033    0.00990376      0.999947     -0.428626
     0.999981   -0.00539532    0.00289709      0.196854    0.00542544       0.99993    -0.0104913   -0.00575786   -0.00284029     0.0105068      0.999941     -0.389345
     0.999981   -0.00544668    0.00283072       0.19188    0.00547651      0.999928    -0.0106364    -0.0369596   -0.00277258     0.0106517      0.999939     -0.412795
     0.999979    -0.0058282     0.0026575      0.196595    0.00585606      0.999927    -0.0106002     0.0127993   -0.00259552     0.0106156       0.99994     -0.416032
      0.99998   -0.00580636    0.00250766      0.166071    0.00583178       0.99993    -0.0102513   -0.00568687   -0.00244796     0.0102657      0.999944     -0.460944
     0.999978   -0.00606388    0.00273621       0.17305    0.00609334      0.999922    -0.0108906     0.0326528   -0.00266995     0.0109071      0.999937      -0.46905
     0.999976   -0.00629318     0.0028339      0.191433    0.00632104      0.999931   -0.00993144     0.0113519   -0.00277121    0.00994911      0.999947     -0.502277
     0.999977   -0.00620589    0.00281464      0.174192    0.00623411      0.999929    -0.0101315   0.000143251   -0.00275156     0.0101488      0.999945     -0.532633
     0.999977    -0.0060815    0.00294683      0.179614    0.00611275      0.999924    -0.0107127     0.0331526   -0.00288145     0.0107305      0.999938     -0.511053
     0.999976   -0.00625734    0.00303152      0.202536    0.00628847      0.999926    -0.0103712     0.0320804   -0.00296641       0.01039      0.999942     -0.491118
     0.999975   -0.00628992    0.00315755      0.195561    0.00632107       0.99993   -0.00995328    0.00933358   -0.00309472      0.009973      0.999945     -0.545643
     0.999974   -0.00641477    0.00343883      0.203706    0.00645091      0.999923    -0.0106031     0.0441621   -0.00337055      0.010625      0.999938     -0.532046
     0.999974   -0.00639145     0.0032929      0.198953    0.00642469      0.999927    -0.0101845    0.00360822   -0.00322756     0.0102054      0.999943     -0.596953
     0.999975   -0.00625885    0.00343827      0.207405    0.00629481      0.999925     -0.010548     0.0391211   -0.00337199     0.0105694      0.999938      -0.60457
     0.999975   -0.00615085    0.00361971      0.212464    0.00618838      0.999926    -0.0104511     0.0213975   -0.00355516     0.0104732      0.999939      -0.56951
     0.999974   -0.00631012    0.00358549      0.193719    0.00634725      0.999925    -0.0104383   -0.00660667   -0.00351936     0.0104608      0.999939     -0.651271
     0.999972   -0.00652712    0.00375062      0.203705    0.00656728       0.99992    -0.0107959     0.0629821   -0.00367986     0.0108202      0.999935     -0.606702
     0.999972    -0.0064848    0.00366128      0.201482    0.00652094      0.999929   -0.00994792     0.0172083   -0.00359651    0.00997152      0.999944     -0.617284
     0.999972   -0.00643584    0.00368554      0.208789    0.00647388      0.999925    -0.0104052     0.0183466    -0.0036183     0.0104288      0.999939     -0.625242
      0.99997   -0.00666377    0.00396713      0.229325    0.00670607       0.99992    -0.0107483     0.0226331   -0.00389518     0.0107746      0.999934     -0.562911
      0.99997   -0.00664528    0.00391935       0.21216     0.0066867      0.999921    -0.0106517    0.00108182   -0.00384826     0.0106776      0.999936     -0.598169
     0.999968   -0.00703481    0.00375234      0.212158    0.00707513      0.999916    -0.0108418      0.045336   -0.00367576      0.010868      0.999934     -0.559075
     0.999969   -0.00713297    0.00343913      0.214585    0.00716703      0.999924   -0.00999653     0.0143806   -0.00336756     0.0100209      0.999944     -0.593954
     0.999968   -0.00708236    0.00372796      0.225084    0.00712063      0.999921    -0.0103543        0.0355   -0.00365433     0.0103805      0.999939      -0.61145
     0.999966   -0.00739178    0.00370802      0.234905    0.00742746      0.999925    -0.0097027     0.0374125   -0.00363603    0.00972991      0.999946       -0.6033
     0.999966   -0.00725016    0.00384906      0.230109    0.00728908      0.999921    -0.0101965     0.0435738   -0.00377483     0.0102242      0.999941     -0.626997
     0.999965    -0.0074089    0.00386389      0.240607    0.00744691      0.999923   -0.00991926      0.036657    -0.0037901    0.00994769      0.999943      -0.58622
     0.999964   -0.00757502    0.00373945      0.239673     0.0076118      0.999922   -0.00992128     0.0104529   -0.00366401    0.00994939      0.999944     -0.631826
     0.999965   -0.00747744    0.00365272       0.24169    0.00751381      0.999921    -0.0100471     0.0423935   -0.00357731     0.0100742      0.999943     -0.632926
     0.999964   -0.00753818    0.00391179      0.257621    0.00757758       0.99992    -0.0101588     0.0521909    -0.0038349      0.010188      0.999941     -0.587486
     0.999964    -0.0074817    0.00387623      0.247494    0.00752075       0.99992    -0.0101589     0.0220763   -0.00379992     0.0101877      0.999941      -0.61853
     0.999961   -0.00775354    0.00413645      0.283464    0.00779761      0.999912    -0.0107475     0.0465839   -0.00405275     0.0107793      0.999934     -0.580032
     0.999958   -0.00824056    0.00411019      0.288687    0.00828129      0.999916   -0.00999315     0.0297262   -0.00402749     0.0100268      0.999942     -0.619546
     0.999958   -0.00817631    0.00417664      0.296476    0.00822042      0.999909     -0.010657     0.0631515   -0.00408912     0.0106909      0.999934     -0.632183
     0.999957    -0.0082473    0.00416271      0.296167    0.00828897      0.999915    -0.0100929     0.0332438   -0.00407912      0.010127       0.99994     -0.619382
     0.999955   -0.00853197    0.00414435      0.270599    0.00857426       0.99991    -0.0102968     0.0306223   -0.00405613     0.0103319      0.999938     -0.692717
     0.999952   -0.00878425    0.00434282      0.295254    0.00883016      0.999904    -0.0106678     0.0846255    -0.0042487     0.0107057      0.999934     -0.626711
     0.999955   -0.00851137    0.00419739      0.278423    0.00855273      0.999914   -0.00993643     0.0269012   -0.00411246    0.00997188      0.999942     -0.661236
     0.999955   -0.00840719    0.00431276       0.27706    0.00845171       0.99991    -0.0104099     0.0664902   -0.00422485     0.0104459      0.999937     -0.666026
     0.999954   -0.00852516    0.00442936      0.296278    0.00857109      0.999909    -0.0104556      0.055484   -0.00433982     0.0104931      0.999936     -0.613046
     0.999954   -0.00858996    0.00433506      0.286769    0.00863464      0.999909    -0.0103948     0.0303295   -0.00424538     0.0104318      0.999937     -0.662642
      0.99995   -0.00890528    0.00447926      0.314781    0.00895274      0.999903    -0.0106901     0.0796295   -0.00438363     0.0107297      0.999933     -0.634977
     0.999949   -0.00903771    0.00439727      0.316813    0.00908501        0.9999    -0.0108587     0.0240605    -0.0042987     0.0108981      0.999931     -0.633569
     0.999951   -0.00888398    0.00439632      0.324818    0.00893227      0.999899    -0.0110889     0.0387056   -0.00429737     0.0111276      0.999929     -0.637668
     0.999952   -0.00866435    0.00452064      0.315935    0.00871297      0.999903     -0.010849     0.0545679   -0.00442621     0.0108878      0.999931     -0.587616
     0.999953   -0.00854838    0.00451563      0.291104    0.00859533      0.999908    -0.0104814      0.037753   -0.00442561     0.0105197      0.999935      -0.62234
     0.999948   -0.00908443    0.00458445      0.319841    0.00913482      0.999897    -0.0110932     0.0682462    -0.0044832     0.0111345      0.999928     -0.612596
     0.999949   -0.00912347    0.00443397      0.308286    0.00917026      0.999901    -0.0106473     0.0437503   -0.00433639     0.0106874      0.999933     -0.647546
     0.999948   -0.00918077    0.00453915      0.326534    0.00923091      0.999895     -0.011153     0.0785875   -0.00443628     0.0111943      0.999928     -0.643739
     0.999947   -0.00932075    0.00440777      0.337191    0.00936852      0.999896    -0.0109437     0.0637941   -0.00430531     0.0109844       0.99993     -0.630752
     0.999947   -0.00932661    0.00426193      0.318854    0.00937334      0.999895    -0.0110797     0.0396154   -0.00415815     0.0111191       0.99993     -0.648134
     0.999949   -0.00925176    0.00416745      0.339338    0.00930043      0.999887    -0.0118158     0.0923562   -0.00405766      0.011854      0.999922     -0.664782
     0.999946   -0.00947265     0.0041665      0.344625    0.00951772      0.999895    -0.0109349     0.0334885   -0.00406248     0.0109739      0.999932      -0.65825
     0.999946   -0.00948511    0.00418716      0.340623    0.00953163      0.999891    -0.0112341     0.0253329   -0.00408014     0.0112734      0.999928     -0.672718
     0.999941   -0.00990928    0.00444178      0.364991    0.00995931      0.999886    -0.0113863     0.0751335   -0.00432844     0.0114298      0.999925     -0.630047
     0.999942    -0.0098162    0.00445934      0.356576    0.00986363      0.999894    -0.0107433     0.0269623   -0.00435341     0.0107866      0.999932     -0.668787
     0.999943   -0.00969154    0.00446869      0.356564    0.00974016      0.999892    -0.0109888     0.0352743   -0.00436171     0.0110317       0.99993     -0.690223
     0.999942    -0.0097203    0.00454674      0.371115    0.00977058       0.99989    -0.0111709     0.0863165   -0.00443766     0.0112146      0.999927     -0.706087
      0.99994   -0.00987562    0.00465861      0.385068    0.00992705      0.999889     -0.011148     0.0478145     -0.004548     0.0111935      0.999927     -0.695058
     0.999941   -0.00983194    0.00468394      0.377905    0.00988251      0.999892    -0.0108974     0.0200572   -0.00457629      0.010943       0.99993     -0.742305
     0.999938    -0.0100571     0.0047598       0.40469     0.0101112      0.999883    -0.0114978     0.0714852   -0.00464361     0.0115452      0.999923     -0.717478
     0.999936    -0.0102856    0.00477439      0.424217     0.0103413      0.999877    -0.0118066      0.028942   -0.00465237     0.0118552      0.999919     -0.684723
     0.999935    -0.0103365    0.00483471      0.443937     0.0103941      0.999874    -0.0120371    -0.0101942   -0.00470968     0.0120866      0.999916     -0.695303
     0.999937    -0.0102165    0.00462413      0.438919     0.0102706      0.999877    -0.0118229     0.0487775   -0.00450277     0.0118697      0.999919     -0.669048
     0.999937    -0.0101362    0.00475008      0.408825     0.0101904      0.999882    -0.0115173   -0.00284832   -0.00463278      0.011565      0.999922      -0.66186
     0.999939   -0.00989589    0.00499526       0.40039    0.00995703      0.999874    -0.0123672    0.00433034   -0.00487224     0.0124161      0.999911     -0.670733
     0.999934    -0.0102917    0.00506415      0.414378      0.010351      0.999877    -0.0118119    -0.0117596   -0.00494196     0.0118636      0.999917     -0.643871
     0.999935    -0.0102389    0.00497298      0.399646     0.0102969      0.999878    -0.0117842    -0.0376224   -0.00485171     0.0118346      0.999918     -0.715158
     0.999932    -0.0105031    0.00502504      0.401637     0.0105629      0.999872    -0.0120393     0.0259321   -0.00489794     0.0120915      0.999915     -0.699214
     0.999934     -0.010418    0.00475433      0.384653     0.0104737      0.999875    -0.0118439    -0.0242228   -0.00463035     0.0118929      0.999919     -0.747473
     0.999932    -0.0105474    0.00506038      0.413028      0.010609      0.999868    -0.0122967    0.00782505   -0.00493001     0.0123495      0.999912     -0.731522
     0.999933    -0.0105052    0.00480683      0.410924     0.0105643      0.999867    -0.0124574    -0.0157893   -0.00467533     0.0125074      0.999911     -0.724316
     0.999936    -0.0102205    0.00481668      0.397903     0.0102812      0.999866    -0.0127613   -0.00307161    -0.0046856       0.01281      0.999907     -0.731468
     0.999933     -0.010622    0.00467809      0.404971     0.0106782      0.999869    -0.0121532     0.0307013   -0.00454838     0.0122023      0.999915     -0.712356
     0.999935    -0.0104767    0.00451501       0.33853     0.0105307      0.999871    -0.0121106   -0.00430945   -0.00438755     0.0121574      0.999916     -0.776767
     0.999933     -0.010563    0.00470063      0.355289     0.0106222      0.999862    -0.0127354      0.049198   -0.00456546     0.0127844      0.999908     -0.801058
     0.999935    -0.0103819    0.00465511       0.33974     0.0104369      0.999874    -0.0119463    -0.0129675    -0.0045305     0.0119941      0.999918     -0.813752
     0.999935    -0.0103539    0.00482483       0.34894     0.0104143      0.999865    -0.0126844   -0.00107624   -0.00469285     0.0127338      0.999908     -0.810654
     0.999936     -0.010279    0.00472245      0.345594     0.0103386      0.999865    -0.0127802   -0.00429437   -0.00459044     0.0128282      0.999907     -0.795872
     0.999936    -0.0104442    0.00441414      0.320239     0.0105027      0.999854    -0.0134416   -0.00686663   -0.00427311      0.013487        0.9999     -0.822506
     0.999931    -0.0109876    0.00420188      0.343531      0.011043      0.999849    -0.0134063     0.0188908   -0.00405394     0.0134517      0.999901      -0.79639
     0.999934    -0.0106925    0.00425707      0.321612     0.0107466      0.999859    -0.0128931     -0.010211   -0.00411861      0.012938      0.999908     -0.850958
     0.999937    -0.0103587    0.00437923      0.330285     0.0104182      0.999851    -0.0137893     0.0239354   -0.00423574     0.0138341      0.999895     -0.825581
      0.99994     -0.010149    0.00416964      0.303835     0.0102038      0.999859    -0.0133277    -0.0146297   -0.00403379     0.0133694      0.999902     -0.829028
      0.99994    -0.0101696    0.00403404      0.298991     0.0102235      0.999856    -0.0135598     0.0256931   -0.00389556     0.0136002        0.9999      -0.87291
      0.99994     -0.010182    0.00412399      0.307501     0.0102342      0.999865    -0.0128536     0.0436034   -0.00399256      0.012895      0.999909     -0.855097
      0.99994    -0.0100432    0.00443888      0.318354      0.010101      0.999862    -0.0131812     0.0515151   -0.00430589     0.0132252      0.999903     -0.865133
     0.999937    -0.0103159    0.00447336       0.32653     0.0103733      0.999862    -0.0130079     0.0489081   -0.00433855     0.0130535      0.999905     -0.854135
     0.999939    -0.0102241    0.00426468      0.291163     0.0102793      0.999861     -0.013126    0.00562883   -0.00412989     0.0131691      0.999905     -0.882424
     0.999944   -0.00983807    0.00401223      0.288959    0.00989169      0.999859    -0.0135705     0.0490636   -0.00387816     0.0136094        0.9999     -0.839518
      0.99994    -0.0102088    0.00399025      0.301268     0.0102622      0.999855    -0.0135809     0.0227306   -0.00385103     0.0136211        0.9999     -0.805999
     0.999944   -0.00978396    0.00392431      0.214679     0.0098382      0.999853    -0.0140491    -0.0178091   -0.00378628      0.014087      0.999894     -0.897357
     0.999948   -0.00909503    0.00468396      0.181586    0.00915163      0.999884    -0.0122083      0.127831   -0.00457238     0.0122506      0.999915      -1.04375
     0.999948   -0.00879061    0.00519275      0.204848    0.00883691      0.999921   -0.00896081       0.22544   -0.00511357    0.00900623      0.999946      -1.02585
     0.999941    -0.0096935    0.00494981      0.208387    0.00974114      0.999906   -0.00969374      0.145532   -0.00485537    0.00974138      0.999941      -1.00912
     0.999944   -0.00914082    0.00534147       0.20342    0.00920091      0.999893    -0.0113348      0.153887   -0.00523729     0.0113833      0.999921     -0.978593
     0.999943   -0.00913989    0.00545206      0.221724    0.00919543      0.999905    -0.0102503      0.129843   -0.00535785     0.0102999      0.999933      -1.00337
      0.99994   -0.00934144    0.00573959      0.239151    0.00940534      0.999893    -0.0112092      0.132858   -0.00563426     0.0112625      0.999921     -0.971295
     0.999943   -0.00913131    0.00552927      0.234679    0.00919166      0.999897    -0.0109884      0.116703   -0.00542837     0.0110386      0.999924      -0.97718
     0.999948    -0.0086546    0.00533433       0.21386    0.00871688      0.999893    -0.0117639      0.130255   -0.00523195     0.0118098      0.999917     -0.977237
     0.999946   -0.00878727    0.00551546      0.226935    0.00884785        0.9999    -0.0110565      0.173463   -0.00541775     0.0111047      0.999924     -0.919498
      0.99995   -0.00877409    0.00483488      0.213296    0.00882166      0.999912   -0.00990637      0.121373   -0.00474754    0.00994853      0.999939     -0.984091
     0.999956    -0.0081848    0.00459198      0.185698    0.00823021      0.999917   -0.00995945      0.196315   -0.00451008     0.0099968       0.99994     -0.985955
     0.999957   -0.00805984    0.00454393      0.175922    0.00810215      0.999923   -0.00937165      0.229089   -0.00446805    0.00940807      0.999946     -0.966204
     0.999957   -0.00814658    0.00454213      0.181997    0.00819087      0.999918   -0.00981871      0.201378   -0.00446177    0.00985548      0.999941      -1.03423
     0.999956   -0.00808194    0.00484992      0.166161    0.00813407      0.999908    -0.0108277      0.253869   -0.00476197     0.0108667       0.99993     -0.955438
     0.999958   -0.00781814    0.00473326      0.160723    0.00786367      0.999922   -0.00967916      0.221968   -0.00465722    0.00971598      0.999942     -0.927943
     0.999958   -0.00782638    0.00467211      0.165678    0.00787167      0.999921   -0.00975443      0.182629    -0.0045954     0.0097908      0.999942      -1.01985
      0.99996   -0.00769683    0.00453764      0.160813    0.00774258      0.999919    -0.0101511      0.224982   -0.00445913     0.0101859      0.999938     -0.994368
     0.999962   -0.00741481    0.00463591      0.156936    0.00746195       0.99992    -0.0102336       0.20154   -0.00455966     0.0102678      0.999937     -0.947494
     0.999963   -0.00726938    0.00456354       0.15122    0.00731721      0.999918     -0.010552      0.150383   -0.00448646      0.010585      0.999934     -0.991949
     0.999964   -0.00713978    0.00462072      0.159551    0.00718987      0.999915    -0.0109148      0.204951   -0.00454239     0.0109476       0.99993     -0.957318
     0.999964    -0.0071502    0.00454643      0.166112    0.00719629      0.999922    -0.0102018      0.161458   -0.00447313     0.0102341      0.999938     -0.981507
     0.999964   -0.00708252    0.00457666      0.158225    0.00713155      0.999916    -0.0107872      0.150955   -0.00449987     0.0108195      0.999931      -1.02128
     0.999963   -0.00722084    0.00461138      0.151986    0.00727092      0.999914    -0.0109369      0.185104     -0.004532       0.01097       0.99993      -1.03351
     0.999961   -0.00765031     0.0044878      0.163442    0.00769955      0.999909    -0.0110587      0.223961   -0.00440279     0.0110929      0.999929      -1.00626
     0.999961   -0.00765363    0.00433764      0.155471    0.00770042      0.999911    -0.0108743      0.166649   -0.00425403     0.0109073      0.999931      -1.01696
     0.999959   -0.00782789    0.00453775      0.157673    0.00787716      0.999909    -0.0109441      0.141697   -0.00445167     0.0109794       0.99993      -1.05775
     0.999958   -0.00783734     0.0047177      0.165846    0.00789152      0.999902    -0.0115765      0.215049   -0.00462651     0.0116132      0.999922      -1.02781
      0.99996   -0.00769334    0.00462928      0.162889    0.00774605      0.999904     -0.011479      0.180015   -0.00454053     0.0115144      0.999923     -0.977029
     0.999959   -0.00774902    0.00459547      0.156192    0.00780184      0.999902      -0.01159      0.138956   -0.00450521     0.0116254      0.999922      -1.01483
      0.99996   -0.00781043     0.0044221      0.164103    0.00786426      0.999894    -0.0122904      0.143304   -0.00432564     0.0123246      0.999915     -0.948025
     0.999956   -0.00831812    0.00434675      0.160903    0.00836875      0.999896    -0.0117625      0.142452   -0.00424846     0.0117983      0.999921      -1.01333
     0.999956   -0.00825937    0.00449597      0.166309    0.00831347      0.999892     -0.012149      0.134534   -0.00439514     0.0121858      0.999916      -1.00605
     0.999956   -0.00808426    0.00466686      0.162035     0.0081414      0.999891    -0.0123562      0.165235   -0.00456646     0.0123937      0.999913      -0.96452
     0.999969   -0.00708995    0.00345702      0.149923    0.00713899      0.999871    -0.0143857      0.179333   -0.00335458     0.0144099      0.999891      -1.17851
     0.999973   -0.00675503    0.00299633      0.186707     0.0067987      0.999867    -0.0148124    -0.0475745   -0.00289587     0.0148324      0.999886      -1.18995
     0.999962   -0.00742352    0.00467806      0.227631    0.00748716      0.999878    -0.0137375   -0.00164218    -0.0045755      0.013772      0.999895      -1.03703
     0.999959   -0.00757015    0.00498539      0.241372    0.00765681      0.999816       -0.0176    -0.0148126   -0.00485124     0.0176374      0.999833      -1.02231
     0.999962    -0.0073563    0.00469827      0.275439    0.00742909       0.99985    -0.0156687     -0.102467    -0.0045823      0.015703      0.999866      -1.19599
      0.99997   -0.00663571    0.00390083      0.217373    0.00669617      0.999854    -0.0156954      -0.10328   -0.00379611     0.0157211      0.999869      -1.02028
      0.99997   -0.00622359    0.00465225      0.194484    0.00626421      0.999942    -0.0087688     0.0849231   -0.00459741    0.00879767      0.999951      -1.10542
     0.999966   -0.00637899    0.00524952      0.188146    0.00642502      0.999941   -0.00879939      0.102941   -0.00519308    0.00883281      0.999948      -1.14546
     0.999967     -0.006234    0.00514937      0.207651    0.00628611      0.999929    -0.0101662     0.0964941   -0.00508563     0.0101982      0.999935      -1.09878
      0.99997    -0.0060251    0.00495159      0.218984    0.00607768      0.999925    -0.0106727     0.0177922   -0.00488691     0.0107024      0.999931      -1.19125
     0.999972   -0.00544559    0.00511409      0.214841    0.00550691      0.999912    -0.0120525     0.0284244   -0.00504801     0.0120803      0.999914      -1.17099
     0.999971   -0.00549136    0.00527258        0.2214    0.00555232      0.999917    -0.0116169     0.0069467   -0.00520835     0.0116458      0.999919      -1.13758
