# 3dvolreg matrices (DICOM-to-DICOM, row-by-row):
     0.999998   0.000754839    0.00180562       0.21414  -0.000723119      0.999847    -0.0175039      0.110009   -0.00181856     0.0175026      0.999845     -0.570054
     0.999997    0.00234272   0.000752009     0.0404116   -0.00232915      0.999843    -0.0175702     0.0407554  -0.000793053     0.0175684      0.999845     -0.582217
     0.999998    0.00199678   0.000811589     0.0602086   -0.00198189      0.999837    -0.0179561     0.0624986  -0.000847311     0.0179545      0.999838      -0.61792
     0.999997    0.00192622    0.00113833     0.0728081   -0.00190508      0.999831    -0.0182888      0.101531   -0.00117336     0.0182866      0.999832     -0.577445
     0.999997    0.00179905    0.00162173     0.0950273   -0.00176958      0.999836    -0.0179963     0.0954566   -0.00165384     0.0179934      0.999837     -0.610374
     0.999997    0.00158385    0.00190663      0.149846   -0.00154976      0.999841    -0.0177507      0.085373   -0.00193444     0.0177477      0.999841     -0.631838
     0.999998    0.00145253    0.00150346      0.132293   -0.00142484      0.999832    -0.0182589     0.0778812   -0.00152973     0.0182568      0.999832     -0.646656
     0.999998    0.00105662    0.00167944       0.16457   -0.00102518      0.999826    -0.0186117      0.135433   -0.00169881     0.0186099      0.999825     -0.584361
     0.999998    0.00106847     0.0016131      0.156151   -0.00103911      0.999836    -0.0180936     0.0835049   -0.00163217     0.0180919      0.999835      -0.60307
     0.999998    0.00102918     0.0018379      0.175174  -0.000994372      0.999822    -0.0188391     0.0932631   -0.00185696     0.0188372      0.999821      -0.59112
     0.999998   0.000634196    0.00194616      0.217468  -0.000597708      0.999825    -0.0186923     0.0946567   -0.00195768     0.0186911      0.999823     -0.577999
     0.999998   0.000261454    0.00189995      0.221338  -0.000225814      0.999824    -0.0187345     0.0585982   -0.00190451     0.0187341      0.999823     -0.635699
     0.999998   0.000509282    0.00189586       0.21617  -0.000472774      0.999815    -0.0192078     0.0942746   -0.00190529     0.0192069      0.999814     -0.625246
     0.999997   0.000661147    0.00217954      0.233978  -0.000619202      0.999816    -0.0191897      0.170204   -0.00219182     0.0191883      0.999813     -0.628307
     0.999996  -0.000251921    0.00276356       0.27141   0.000304259       0.99982    -0.0189546     0.0394601   -0.00275829     0.0189553      0.999817      -0.63542
     0.999995   -0.00101069     0.0031073      0.282794    0.00106994      0.999817    -0.0191256      0.030758    -0.0030874     0.0191288      0.999812     -0.687506
     0.999994   -0.00103814    0.00330968      0.308599    0.00110113      0.999817     -0.019088       0.10138   -0.00328926     0.0190915      0.999812     -0.640313
     0.999992     -0.001426     0.0036751       0.33072    0.00148759      0.999858    -0.0168129      0.122477    -0.0036506     0.0168182      0.999852     -0.662544
     0.999992   -0.00170975    0.00370885      0.340183    0.00177059      0.999863    -0.0164622      0.165347   -0.00368019     0.0164686      0.999858     -0.708051
     0.999991   -0.00180293    0.00386792      0.361548    0.00186611      0.999864    -0.0163932      0.195437   -0.00383784     0.0164002      0.999858     -0.672293
     0.999992   -0.00177335    0.00365445       0.33899    0.00183189      0.999869    -0.0160778      0.182069   -0.00362546     0.0160843      0.999864     -0.706505
     0.999992   -0.00172008    0.00360093      0.353303    0.00177932      0.999862    -0.0165129      0.188521   -0.00357203     0.0165192      0.999857     -0.686875
     0.999992   -0.00177576    0.00352365      0.360294    0.00183353      0.999863    -0.0164611      0.153884   -0.00349394     0.0164674      0.999858     -0.667315
     0.999988   -0.00327876    0.00365393      0.329318    0.00332692      0.999907    -0.0132507      0.260024   -0.00361015     0.0132627      0.999906     -0.670076
     0.999985   -0.00383296    0.00396664      0.307876    0.00388175      0.999916    -0.0123647      0.289776   -0.00391891     0.0123799      0.999916      -0.65709
     0.999987   -0.00325015    0.00395841       0.36801      0.003305      0.999898    -0.0139294      0.221389   -0.00391273     0.0139423      0.999895     -0.648405
      0.99999   -0.00270373    0.00349992      0.367325    0.00275411      0.999892    -0.0144707      0.241219   -0.00346041     0.0144802      0.999889     -0.607078
     0.999991   -0.00238709    0.00349656      0.349041    0.00243787      0.999891    -0.0145888      0.209517   -0.00346136     0.0145972      0.999887     -0.603859
      0.99999   -0.00227714    0.00390578      0.375097    0.00233583      0.999883    -0.0150861      0.220457   -0.00387097     0.0150951      0.999879      -0.59479
      0.99999   -0.00251629    0.00376145      0.374326       0.00257      0.999894    -0.0143416      0.217881   -0.00372496     0.0143511       0.99989     -0.631835
      0.99999   -0.00259283    0.00364902       0.36884    0.00264717      0.999885    -0.0149648      0.231945    -0.0036098     0.0149743      0.999881     -0.636703
      0.99999   -0.00256525    0.00357869      0.367467    0.00261887      0.999883    -0.0150593      0.220528   -0.00353964     0.0150685       0.99988     -0.630701
      0.99999   -0.00253974     0.0037207      0.385923    0.00259628       0.99988    -0.0152722      0.214009   -0.00368147     0.0152817      0.999876     -0.624551
      0.99999   -0.00260891    0.00352855      0.383183    0.00266391      0.999874    -0.0156731      0.217899   -0.00348721     0.0156824      0.999871     -0.620571
     0.999991   -0.00260387    0.00327954      0.351864    0.00265692      0.999864    -0.0162788      0.202565    -0.0032367     0.0162874      0.999862      -0.63322
      0.99999   -0.00290667    0.00334167      0.375486    0.00296038      0.999865    -0.0161818      0.246931   -0.00329418     0.0161915      0.999863     -0.588128
     0.999991   -0.00280952    0.00314194      0.378783    0.00286232      0.999853    -0.0169288      0.183908   -0.00309391     0.0169376      0.999852     -0.604824
     0.999992   -0.00258996    0.00320418       0.37127    0.00264496      0.999847    -0.0172805      0.187818   -0.00315893     0.0172889      0.999846     -0.573137
     0.999992   -0.00268181    0.00302714      0.361491    0.00273202      0.999857    -0.0167069      0.173044   -0.00298191      0.016715      0.999856     -0.628724
     0.999991   -0.00269024    0.00320845      0.371009    0.00274476       0.99985    -0.0171091       0.19518   -0.00316194     0.0171178      0.999848     -0.663707
     0.999991   -0.00259336    0.00345884       0.41296    0.00265346      0.999844    -0.0174863      0.200121   -0.00341295     0.0174953      0.999841     -0.616784
     0.999991   -0.00253015    0.00326738      0.391928    0.00258608      0.999848    -0.0172287      0.147895    -0.0032233      0.017237      0.999846      -0.67775
     0.999993   -0.00217922     0.0031738      0.368661    0.00223597      0.999836     -0.017987      0.162841   -0.00313408     0.0179939      0.999833     -0.681736
     0.999992   -0.00236507    0.00314077       0.40795    0.00242269      0.999826     -0.018472      0.200362   -0.00309654     0.0184795      0.999824     -0.623197
     0.999992   -0.00253854    0.00320619      0.397368    0.00259608      0.999833    -0.0180699      0.145938   -0.00315979     0.0180781      0.999832     -0.642926
     0.999991   -0.00247679    0.00330431      0.407592     0.0025381      0.999822    -0.0186823      0.150938   -0.00325746     0.0186905       0.99982     -0.621882
     0.999993   -0.00208271    0.00294841      0.404818    0.00213931      0.999811    -0.0193265        0.1165    -0.0029076     0.0193326      0.999809     -0.581964
     0.999995   -0.00163565    0.00281172      0.393307    0.00169011      0.999809    -0.0194767      0.119654   -0.00277932     0.0194813      0.999806     -0.585955
     0.999995   -0.00130825    0.00274244      0.396237    0.00136138       0.99981     -0.019459      0.110549   -0.00271646     0.0194627      0.999807     -0.540865
     0.999996   -0.00121731    0.00261003      0.383042    0.00126997      0.999794    -0.0202705     0.0572224   -0.00258482     0.0202737      0.999791     -0.589492
     0.999996   -0.00115813    0.00247026      0.371565    0.00120882      0.999787    -0.0206163     0.0885206   -0.00244586     0.0206192      0.999784     -0.583097
     0.999997  -0.000693757    0.00251743      0.362782   0.000746745      0.999777     -0.021109      0.102042   -0.00250223     0.0211108      0.999774     -0.562388
     0.999997  -0.000645404     0.0023535      0.343466   0.000693666      0.999788    -0.0205635     0.0446985   -0.00233973     0.0205651      0.999786     -0.561621
     0.999997  -8.19222e-05    0.00238234      0.325468   0.000133716      0.999763    -0.0217488     0.0460213      -0.00238      0.021749      0.999761     -0.576043
     0.999997   -0.00039855    0.00226633      0.326686   0.000445755      0.999782    -0.0208669     0.0516294   -0.00225752     0.0208679       0.99978     -0.564124
     0.999998  -3.70891e-05    0.00216683      0.327446   8.47452e-05      0.999758    -0.0219975     0.0638828   -0.00216549     0.0219977      0.999756     -0.624323
     0.999998    0.00016895    0.00190524      0.329338  -0.000127081      0.999759    -0.0219545      0.050917   -0.00190849     0.0219542      0.999757     -0.682423
     0.999998  -0.000343099    0.00179874      0.323223   0.000383474      0.999747    -0.0224944     0.0482915   -0.00179056      0.022495      0.999745     -0.668823
     0.999998  -0.000294331    0.00178484      0.304638   0.000335017      0.999739     -0.022838     0.0589385   -0.00177765     0.0228386      0.999738     -0.647324
     0.999999  -0.000104097    0.00143201      0.282204   0.000136313      0.999746    -0.0225155     0.0147698    -0.0014293     0.0225157      0.999745     -0.666342
     0.999999  -0.000200556    0.00165835      0.294698   0.000238629      0.999736    -0.0229899     0.0203384    -0.0016533     0.0229903      0.999734     -0.649953
     0.999999  -0.000378373    0.00153679      0.292149   0.000412694      0.999749    -0.0223943    0.00737627   -0.00152794     0.0223949      0.999748     -0.661534
     0.999999  -9.49058e-05    0.00139873      0.280998   0.000126178       0.99975    -0.0223742     -0.014716   -0.00139626     0.0223743      0.999749     -0.695313
     0.999999  -0.000127419    0.00162527       0.29919    0.00016498      0.999732    -0.0231315     0.0204078   -0.00162189     0.0231318      0.999731     -0.695164
     0.999999  -0.000143571    0.00158922      0.290811   0.000179605      0.999742    -0.0226973   -0.00225183   -0.00158555     0.0226975      0.999741     -0.695071
     0.999999  -3.83909e-05    0.00167564      0.286584   7.62623e-05      0.999744    -0.0226069   -0.00112478   -0.00167434      0.022607      0.999743     -0.703167
     0.999998  -0.000442805    0.00180014      0.302158   0.000484563      0.999729    -0.0232629    0.00503891   -0.00178936     0.0232638      0.999728     -0.676618
     0.999999   -0.00034065    0.00161876      0.327631   0.000379033      0.999717    -0.0237706    -0.0256438   -0.00161021     0.0237712      0.999716     -0.651003
     0.999998  -0.000568699    0.00189647      0.363705   0.000613429       0.99972    -0.0236692    -0.0381929   -0.00188248     0.0236703      0.999718     -0.638376
     0.999998  -0.000991713    0.00185944       0.36815    0.00103539       0.99972    -0.0236365     -0.067766   -0.00183547     0.0236384      0.999719      -0.63197
     0.999998  -8.80124e-05    0.00199411      0.360099   0.000137518      0.999691    -0.0248393   -0.00824949   -0.00199131     0.0248395      0.999689     -0.644231
     0.999999    0.00059223    0.00131075      0.332975  -0.000558053      0.999664    -0.0259229    -0.0422398   -0.00132566     0.0259222      0.999663     -0.941936
     0.999998   -0.00158097   0.000919887      0.397045    0.00160624      0.999602    -0.0281501     -0.262085  -0.000875017     0.0281515      0.999603     -0.982804
     0.999995   -0.00298725    0.00126199      0.443397    0.00301956      0.999646    -0.0264209     -0.375705   -0.00118261     0.0264246       0.99965      -0.85073
     0.999992   -0.00356592    0.00154216       0.39427    0.00360296      0.999688    -0.0247229      -0.27086   -0.00145352     0.0247282      0.999693     -0.906532
     0.999991   -0.00374164    0.00193653      0.419976    0.00379423      0.999603    -0.0279085     -0.299096   -0.00183133     0.0279156      0.999609      -1.05235
     0.999992   -0.00372446    0.00153412      0.404687    0.00376779      0.999564    -0.0292877     -0.354554   -0.00142437     0.0292933       0.99957      -1.02774
      0.99999   -0.00420078    0.00150966      0.392968    0.00424403      0.999544    -0.0298865     -0.338871   -0.00138342     0.0298926      0.999552     -0.973965
      0.99999   -0.00422954    0.00159385      0.380501    0.00427527      0.999545    -0.0298722     -0.280838   -0.00146678     0.0298787      0.999552     -0.882289
      0.99999   -0.00435881    0.00139436      0.346458     0.0043986      0.999542      -0.02994     -0.288587   -0.00126322     0.0299458      0.999551     -0.986445
      0.99999   -0.00422689    0.00161196      0.335518    0.00427402      0.999527    -0.0304475     -0.292368    -0.0014825     0.0304541      0.999535     -0.915986
     0.999988   -0.00450074    0.00166011      0.330712    0.00455016      0.999507    -0.0310751     -0.292849   -0.00151943     0.0310823      0.999516      -0.86984
      0.99999   -0.00420677    0.00151155      0.308949    0.00425213      0.999499    -0.0313793     -0.331834   -0.00137879     0.0313854      0.999506     -0.873581
     0.999992   -0.00380049    0.00157578      0.306388    0.00384904      0.999479    -0.0320469     -0.330307   -0.00145317     0.0320527      0.999485     -0.870672
      0.99999   -0.00433774     0.0012795      0.288864     0.0043767      0.999472    -0.0322018     -0.340041   -0.00113914      0.032207      0.999481     -0.872914
     0.999989   -0.00420148    0.00184287      0.289551    0.00425895      0.999467    -0.0323736     -0.300597   -0.00170588     0.0323811      0.999474     -0.884599
     0.999992   -0.00369733     0.0013536      0.229707    0.00373897      0.999475    -0.0321765      -0.29182   -0.00123393     0.0321813      0.999481      -0.86178
     0.999993   -0.00362047   0.000726938      0.159148    0.00364217      0.999466    -0.0324812     -0.308351  -0.000608953     0.0324836      0.999472       -0.8519
     0.999993   -0.00347264    0.00139064      0.162032    0.00351712      0.999437    -0.0333716     -0.303907   -0.00127397     0.0333762      0.999442     -0.841402
     0.999993   -0.00368788    0.00104044      0.150082    0.00372014      0.999451    -0.0329241     -0.318151  -0.000918446     0.0329277      0.999457     -0.857071
     0.999993    -0.0034598    0.00127383      0.156619    0.00350036      0.999438    -0.0333518     -0.296793   -0.00115772     0.0333561      0.999443     -0.830341
     0.999994   -0.00324544    0.00149318      0.163124    0.00329352      0.999436    -0.0334075     -0.332123   -0.00138392     0.0334122      0.999441     -0.825056
     0.999993   -0.00326805    0.00160368      0.180987    0.00332012      0.999429    -0.0336201     -0.350067   -0.00149289     0.0336252      0.999433      -0.83591
     0.999993   -0.00355425    0.00133343      0.172737    0.00359772       0.99941    -0.0341587     -0.363602   -0.00121124     0.0341633      0.999416     -0.809251
     0.999992   -0.00370473    0.00173323      0.178433     0.0037619      0.999407    -0.0342364     -0.356095   -0.00160537     0.0342426      0.999412     -0.779673
     0.999994   -0.00344506   0.000863292      0.143403     0.0034728      0.999399    -0.0345045      -0.39951  -0.000743903     0.0345073      0.999404     -0.790104
     0.999997     -0.002593   0.000285433      0.122347    0.00260131        0.9994    -0.0345377     -0.417258  -0.000195706     0.0345384      0.999403     -0.789093
     0.999996   -0.00277774   0.000972256      0.126425    0.00280914       0.99942      -0.03394     -0.408173  -0.000877415     0.0339425      0.999423     -0.757333
     0.999996   -0.00252709    0.00124993      0.126303    0.00256815      0.999418    -0.0340217     -0.401264   -0.00116322     0.0340248       0.99942      -0.70277
     0.999996   -0.00266052    0.00109299      0.132041    0.00269548      0.999441    -0.0333378     -0.433143   -0.00100368     0.0333406      0.999444     -0.698662
     0.999993   -0.00350257    0.00132673      0.140353     0.0035455       0.99942    -0.0338715     -0.404588   -0.00120732     0.0338759      0.999425     -0.786184
     0.999992   -0.00370453    0.00163163      0.158449    0.00375779      0.999417    -0.0339457     -0.356857   -0.00150493     0.0339516      0.999422     -0.752697
     0.999996   -0.00239635    0.00175778      0.160401    0.00245332      0.999447    -0.0331563     -0.358558   -0.00167735     0.0331604      0.999449     -0.631717
     0.999996   -0.00228662    0.00153291      0.140558    0.00233475       0.99948    -0.0321697     -0.386229   -0.00145856     0.0321731      0.999481     -0.637647
     0.999996   -0.00199013    0.00187836      0.129084    0.00205071      0.999459    -0.0328214     -0.349873   -0.00181202     0.0328251      0.999459     -0.644673
     0.999996   -0.00220357    0.00185468       0.12159    0.00226231      0.999476    -0.0322934     -0.354347   -0.00178255     0.0322974      0.999477     -0.601541
     0.999998   -0.00138378    0.00149512      0.107195    0.00143144      0.999475    -0.0323567     -0.347487   -0.00144956     0.0323587      0.999475     -0.656466
     0.999998   -0.00116032    0.00185648      0.098446    0.00121973      0.999477    -0.0323249     -0.319985     -0.001818     0.0323271      0.999476     -0.685585
     0.999995   -0.00197424    0.00228797      0.118423    0.00204599      0.999492    -0.0317948     -0.337824   -0.00222403     0.0317994      0.999492     -0.685031
     0.999996    -0.0017074    0.00239048      0.134681    0.00178351       0.99948    -0.0322092     -0.316174   -0.00233424     0.0322133      0.999478     -0.674922
     0.999995   -0.00187098    0.00261629      0.132813     0.0019541      0.999481    -0.0321395     -0.330829    -0.0025548     0.0321444       0.99948     -0.695156
     0.999996   -0.00121571     0.0023777      0.143293    0.00129228      0.999472    -0.0324716     -0.322664   -0.00233697     0.0324745       0.99947     -0.643475
     0.999997   -0.00113451    0.00237678      0.144653    0.00120879      0.999503    -0.0314895     -0.320553   -0.00233988     0.0314922      0.999501     -0.609526
     0.999996   -0.00175019    0.00219756      0.143678    0.00181826      0.999506    -0.0313632     -0.346149   -0.00214158     0.0313671      0.999506     -0.639206
     0.999997   -0.00141665    0.00222567      0.146022     0.0014871      0.999488    -0.0319747     -0.302008   -0.00217923     0.0319779      0.999486     -0.568213
     0.999997   -0.00128437    0.00202695      0.117523    0.00134772      0.999501    -0.0315688     -0.305925   -0.00198539     0.0315715        0.9995      -0.59069
     0.999997   -0.00132321    0.00195444      0.108693    0.00138395      0.999506    -0.0314077     -0.307172   -0.00191191     0.0314104      0.999505     -0.622898
     0.999998  -0.000607588    0.00198664     0.0940618   0.000670511      0.999493    -0.0318272     -0.266788   -0.00196629     0.0318284      0.999491      -0.54413
     0.999998  -0.000914365    0.00190278      0.103964   0.000973735      0.999505    -0.0314381     -0.286339    -0.0018731     0.0314399      0.999504     -0.583422
     0.999998   -0.00109083    0.00180963      0.108782    0.00114698      0.999508     -0.031328     -0.279491   -0.00177457       0.03133      0.999508     -0.613042
     0.999998  -0.000871422    0.00186634       0.10522   0.000929005      0.999517    -0.0310778     -0.242387   -0.00183835     0.0310795      0.999515     -0.585946
     0.999998  -0.000507922    0.00178937      0.101356    0.00056366       0.99951    -0.0312883     -0.262588    -0.0017726     0.0312892      0.999509      -0.58839
     0.999998  -0.000224992    0.00196362      0.133005   0.000287295      0.999495    -0.0317861     -0.250072   -0.00195548     0.0317866      0.999493     -0.555233
     0.999998  -0.000662882    0.00183659      0.127494    0.00071979      0.999514    -0.0311607     -0.270032   -0.00181504     0.0311619      0.999513     -0.612159
     0.999998   -0.00104616    0.00166362      0.133913    0.00109768       0.99951    -0.0312754     -0.263138   -0.00163009     0.0312772      0.999509     -0.607237
     0.999998   -0.00101593    0.00194714      0.157395    0.00107705      0.999499    -0.0316465     -0.236097   -0.00191401     0.0316485      0.999497      -0.51397
     0.999997   -0.00133656    0.00205976      0.157961    0.00140024      0.999511    -0.0312301     -0.271853   -0.00201702     0.0312329       0.99951     -0.567614
     0.999997   -0.00116641    0.00216799       0.17533    0.00123464      0.999495    -0.0317428     -0.269918   -0.00212987     0.0317454      0.999494       -0.5454
     0.999996   -0.00149621    0.00229136      0.161946    0.00156657      0.999517    -0.0310213     -0.261364   -0.00224384     0.0310248      0.999516     -0.581564
     0.999997   -0.00129816    0.00208641      0.154923    0.00136386      0.999493    -0.0318015     -0.254942   -0.00204406     0.0318043      0.999492     -0.568948
     0.999996   -0.00132401    0.00238934        0.1712    0.00139855      0.999504    -0.0314718     -0.248522   -0.00234649      0.031475      0.999502     -0.546646
     0.999996   -0.00147362    0.00222221      0.161319     0.0015414      0.999524    -0.0308132     -0.280251   -0.00217575     0.0308165      0.999523     -0.609548
     0.999996   -0.00140824    0.00227362       0.18104    0.00147905      0.999504    -0.0314484     -0.242959    -0.0022282     0.0314517      0.999503      -0.55845
     0.999996   -0.00163533      0.002459      0.187731    0.00171181      0.999505    -0.0314285     -0.262665   -0.00240639     0.0314325      0.999503     -0.599537
     0.999996  -0.000992981    0.00271393      0.183319    0.00107874      0.999494     -0.031782     -0.245763     -0.002681     0.0317848      0.999491     -0.619119
     0.999995   -0.00144313    0.00265768      0.172297    0.00152488      0.999518    -0.0310178     -0.270157   -0.00261163     0.0310217      0.999515      -0.61393
     0.999996    -0.0010701    0.00256715      0.197702    0.00115085      0.999498    -0.0316612     -0.264123   -0.00253198     0.0316641      0.999495     -0.595866
     0.999995   -0.00166354    0.00264705      0.216517    0.00174553      0.999509    -0.0312792     -0.268851   -0.00259371     0.0312837      0.999507     -0.600179
     0.999994   -0.00201879    0.00274912      0.226844    0.00210382      0.999508    -0.0312875      -0.26757    -0.0026846     0.0312931      0.999507      -0.60791
     0.999995   -0.00172122    0.00251776      0.217737    0.00179951      0.999504    -0.0314313     -0.261147   -0.00246241     0.0314357      0.999503     -0.570659
     0.999996   -0.00157978    0.00248876      0.222265    0.00165745      0.999502    -0.0315197      -0.25855   -0.00243773     0.0315237        0.9995     -0.541582
     0.999996    -0.0014593    0.00242137      0.200731    0.00153481      0.999503    -0.0314791     -0.267909   -0.00237423     0.0314827      0.999501     -0.548599
     0.999997   -0.00116239    0.00224181      0.179584    0.00123247      0.999502    -0.0315167     -0.297577   -0.00220406     0.0315194      0.999501     -0.541571
     0.999997   -0.00142698    0.00213815      0.194956    0.00149344      0.999505    -0.0314094      -0.23712   -0.00209228     0.0314125      0.999504      -0.61744
     0.999995   -0.00186003    0.00239284      0.248345    0.00193395      0.999509    -0.0312684     -0.243782    -0.0023335     0.0312729      0.999508     -0.631486
     0.999995   -0.00193325    0.00239261      0.214563    0.00200653      0.999517    -0.0310128     -0.289855   -0.00233149     0.0310174      0.999516     -0.605618
     0.999996   -0.00202124     0.0021196      0.182889    0.00208579       0.99952    -0.0309058     -0.300556   -0.00205612     0.0309101       0.99952     -0.582478
     0.999994   -0.00223361    0.00268554       0.21905    0.00231755      0.999496    -0.0316687     -0.191994   -0.00261345     0.0316748      0.999495      -0.76676
     0.999995   -0.00259432    0.00192975      0.223208    0.00265511      0.999478    -0.0321958     -0.138578   -0.00184522     0.0322008       0.99948      -1.14597
     0.999991   -0.00265634    0.00338229      0.272503    0.00276404      0.999476    -0.0322467     -0.369473   -0.00329486     0.0322558      0.999474      -1.01709
     0.999987   -0.00274052    0.00432816      0.265672    0.00287525      0.999502    -0.0314346      -0.39477   -0.00423985     0.0314466      0.999496     -0.994145
     0.999987   -0.00295395     0.0042308      0.220347    0.00309036      0.999464    -0.0326055     -0.340796   -0.00413222     0.0326181      0.999459     -0.954937
     0.999984   -0.00254807    0.00510775       0.26849    0.00269205      0.999593    -0.0283829     -0.317418   -0.00503335     0.0283962      0.999584     -0.934537
     0.999984    -0.0023697    0.00517398      0.282655    0.00252063      0.999566     -0.029361     -0.302977   -0.00510216     0.0293736      0.999555     -0.969168
     0.999984    -0.0026066    0.00511342      0.281462    0.00275984       0.99954    -0.0301942     -0.276629   -0.00503236     0.0302078      0.999531     -0.902607
     0.999984   -0.00197816    0.00523865      0.253244    0.00213994      0.999515    -0.0310595     -0.321824   -0.00517467     0.0310703      0.999504     -0.851186
     0.999986   -0.00115352    0.00512437      0.233216    0.00131293      0.999512    -0.0312145     -0.327494   -0.00508586     0.0312208        0.9995      -0.82506
     0.999985   -0.00145159    0.00525097      0.233422    0.00161587      0.999505     -0.031417     -0.360769   -0.00520276      0.031425      0.999493      -0.83182
     0.999986   -0.00102753     0.0051096      0.233608    0.00119041      0.999488    -0.0319757     -0.332945   -0.00507413     0.0319813      0.999476     -0.837772
     0.999988  -0.000878124     0.0048726      0.224461    0.00103391      0.999485    -0.0320617     -0.336543   -0.00484193     0.0320663      0.999474     -0.887494
     0.999987  -0.000792212    0.00500504      0.215263   0.000954949      0.999468    -0.0325963     -0.354476   -0.00497656     0.0326006      0.999456     -0.882954
     0.999986   -0.00110396     0.0051126       0.21727    0.00127378      0.999443    -0.0333329     -0.333036   -0.00507295     0.0333389      0.999431     -0.846588
     0.999987   -0.00143159    0.00495695      0.208095    0.00159501       0.99945    -0.0331221     -0.358644   -0.00490681     0.0331296      0.999439     -0.942947
     0.999986    -0.0014879    0.00514053      0.212723    0.00165684      0.999453    -0.0330189     -0.354376   -0.00508859      0.033027      0.999442     -0.851183
     0.999986   -0.00147706    0.00511686      0.215355    0.00164916      0.999427    -0.0337956       -0.3454   -0.00506401     0.0338036      0.999416     -0.868599
     0.999988   -0.00148871    0.00464063      0.193903    0.00164541      0.999422    -0.0339483     -0.370537   -0.00458741     0.0339556      0.999413     -0.869679
     0.999988   -0.00165534    0.00460039      0.182159    0.00181348        0.9994    -0.0345855     -0.359784   -0.00454038     0.0345934      0.999391      -0.85035
     0.999989   -0.00180957    0.00439175      0.160571    0.00196042        0.9994    -0.0345888     -0.356137   -0.00432652      0.034597      0.999392     -0.834691
      0.99999   -0.00176756    0.00404314      0.124174    0.00190622      0.999401     -0.034552     -0.363893   -0.00397965     0.0345594      0.999395     -0.853062
     0.999991   -0.00166631    0.00388834      0.129075     0.0018043      0.999359    -0.0357596     -0.341662   -0.00382626     0.0357663      0.999353     -0.867721
     0.999991   -0.00164262    0.00398739      0.109783    0.00178426      0.999358    -0.0357819      -0.34564   -0.00392606     0.0357887      0.999352     -0.851146
     0.999992   -0.00142957    0.00382524     0.0673556    0.00156528      0.999361    -0.0357117     -0.345303   -0.00377175     0.0357174      0.999355     -0.853702
     0.999991   -0.00101703    0.00420571     0.0648163    0.00117042      0.999328    -0.0366319     -0.316877   -0.00416563     0.0366364       0.99932     -0.868943
     0.999992   -0.00114633    0.00388571     0.0256193    0.00128665       0.99934     -0.036305     -0.349578   -0.00384153     0.0363097      0.999333     -0.880703
     0.999991   -0.00157449    0.00397889     0.0454847    0.00171959      0.999324    -0.0367319     -0.358021   -0.00391837     0.0367384      0.999317     -0.883817
     0.999991   -0.00200575    0.00379342     0.0455519    0.00214256      0.999335     -0.036411     -0.351219   -0.00371787     0.0364188       0.99933     -0.892257
     0.999991   -0.00205834    0.00361857      0.034087    0.00218997      0.999322    -0.0367559     -0.347679   -0.00354046     0.0367635      0.999318     -0.889397
     0.999992   -0.00167056    0.00360642     0.0242199    0.00180324       0.99931    -0.0371065     -0.342814   -0.00354194     0.0371127      0.999305     -0.901341
     0.999994   -0.00120942    0.00318798   -0.00227126    0.00132643      0.999316    -0.0369617     -0.352536   -0.00314109     0.0369657      0.999312     -0.929345
     0.999993   -0.00185897    0.00319658     0.0256712    0.00197728      0.999298    -0.0374169     -0.373303   -0.00312478     0.0374229      0.999295     -0.866323
     0.999995   -0.00142031    0.00283878     0.0428005    0.00152649      0.999286    -0.0377572     -0.348805   -0.00278313     0.0377613      0.999283     -0.814226
     0.999996   -0.00146402    0.00235857     0.0231911    0.00155102      0.999302    -0.0373167      -0.37954    -0.0023023     0.0373202      0.999301     -0.827969
     0.999996   -0.00188875    0.00201357      0.018108    0.00196304      0.999293    -0.0375551     -0.414918   -0.00194121     0.0375589      0.999293     -0.880535
     0.999996   -0.00139121    0.00242935     0.0315674    0.00148226      0.999281    -0.0378887     -0.369342   -0.00237489     0.0378922      0.999279     -0.818998
     0.999996    -0.0015399    0.00235427     0.0213811    0.00162669      0.999302    -0.0373195     -0.407351   -0.00229516     0.0373232      0.999301     -0.861852
     0.999996   -0.00155659    0.00226599     0.0196781    0.00163982      0.999306    -0.0372059     -0.403571    -0.0022065     0.0372095      0.999305     -0.900564
     0.999995   -0.00166938    0.00258292      0.044916    0.00176502      0.999296    -0.0374787     -0.371926   -0.00251854     0.0374831      0.999294     -0.865414
     0.999995   -0.00186226    0.00244111     0.0466038    0.00195169      0.999307     -0.037158     -0.403943   -0.00237022     0.0371626      0.999306       -0.8864
     0.999996   -0.00152922    0.00225273     0.0462767     0.0016137      0.999277    -0.0379911     -0.393803     -0.002193     0.0379946      0.999276     -0.869694
     0.999995   -0.00186296    0.00248515     0.0505285    0.00195485      0.999295    -0.0374985     -0.387745   -0.00241354     0.0375031      0.999294     -0.884074
     0.999995   -0.00193724    0.00250511     0.0659951    0.00202985      0.999294     -0.037512     -0.418675   -0.00243067     0.0375169      0.999293      -0.89225
     0.999995   -0.00161778    0.00262464     0.0848307    0.00171549      0.999289    -0.0376619     -0.386043   -0.00256184     0.0376662      0.999287     -0.836883
     0.999995   -0.00197437    0.00233683     0.0688523     0.0020593      0.999316    -0.0369173     -0.427527   -0.00226235     0.0369219      0.999316     -0.835167
     0.999995   -0.00229118    0.00228908      0.101612    0.00237572      0.999289    -0.0376375     -0.401791   -0.00220122     0.0376427      0.999289     -0.851534
     0.999992   -0.00295743    0.00256442       0.12229    0.00305099        0.9993    -0.0372835     -0.395334   -0.00245236      0.037291      0.999301     -0.852821
     0.999991   -0.00348899    0.00246003      0.110424    0.00357831      0.999298    -0.0372901     -0.442915    -0.0023282     0.0372986      0.999301     -0.896746
     0.999991   -0.00324524    0.00256991      0.109888     0.0033401      0.999279    -0.0378099     -0.418704   -0.00244536     0.0378181      0.999282     -0.878355
     0.999989   -0.00353735    0.00297438      0.147692    0.00364667      0.999287    -0.0375913     -0.398578   -0.00283929     0.0376017      0.999289     -0.793875
     0.999988   -0.00380308    0.00321375      0.176647    0.00391882      0.999315    -0.0368099     -0.413095   -0.00307156      0.036822      0.999317     -0.835497
     0.999991   -0.00279465     0.0033413      0.193757    0.00291395      0.999338    -0.0362502     -0.342068   -0.00323778     0.0362596      0.999337     -0.748467
     0.999988   -0.00355218    0.00344326      0.175931    0.00367405      0.999343    -0.0360581     -0.413946   -0.00331291     0.0360703      0.999344     -0.767652
     0.999986    -0.0041321     0.0033347      0.199124    0.00424974       0.99934    -0.0360751     -0.446994   -0.00318344     0.0360888      0.999344     -0.813986
     0.999984   -0.00410859    0.00378525      0.215089    0.00424392      0.999326    -0.0364653     -0.381801   -0.00363288     0.0364808      0.999328     -0.769398
     0.999983   -0.00429658    0.00387671      0.221606    0.00443376      0.999338    -0.0360995     -0.400905   -0.00371904     0.0361161      0.999341     -0.798926
     0.999985   -0.00430959    0.00335205      0.186105    0.00442851       0.99933    -0.0363174     -0.402948   -0.00319329     0.0363317      0.999335      -0.85046
     0.999984   -0.00442068    0.00342737      0.181624    0.00454171      0.999336    -0.0361485     -0.361642   -0.00326529     0.0361635      0.999341     -0.826575
     0.999983   -0.00446817    0.00380095      0.208306    0.00460315      0.999331    -0.0362772     -0.364024   -0.00363631     0.0362941      0.999335     -0.796569
     0.999984   -0.00433996    0.00353174      0.202871     0.0044667      0.999316    -0.0367056     -0.416174   -0.00337003     0.0367208       0.99932     -0.818983
     0.999986   -0.00395099    0.00348876      0.199896    0.00407628      0.999319    -0.0366671      -0.37766   -0.00334152     0.0366808      0.999321     -0.817897
     0.999986   -0.00393277    0.00366089      0.170115    0.00406252      0.999339    -0.0361364     -0.393496   -0.00351635     0.0361507       0.99934     -0.850161
     0.999984   -0.00409774    0.00384669      0.183401    0.00423431      0.999336    -0.0361949     -0.379486   -0.00369582     0.0362107      0.999337     -0.867574
     0.999984   -0.00407115    0.00381033      0.172123    0.00420475      0.999352    -0.0357369     -0.372761   -0.00366237     0.0357523      0.999354     -0.877888
