# 3dvolreg matrices (DICOM-to-DICOM, row-by-row):
     0.999998  -0.000568703   -0.00164722    -0.0334746   0.000573699      0.999995    0.00303406     0.0205588    0.00164549     -0.003035      0.999994      0.112161
            1   0.000310946   0.000333511     0.0601618  -0.000310995             1   0.000146955   -0.00477502  -0.000333466  -0.000147059             1    -0.0259075
            1   2.02637e-10    2.1689e-10  -3.60032e-09  -2.02637e-10             1   1.73126e-10   1.69791e-08   -2.1689e-10  -1.73126e-10             1  -2.71417e-09
            1   0.000440215   0.000447952   -0.00493874  -0.000440533             1   0.000709636     0.0309149  -0.000447639  -0.000709833             1      0.024188
            1    0.00013938    0.00097226     0.0155594  -0.000140852      0.999999    0.00151474     0.0253005  -0.000972047   -0.00151488      0.999998     0.0621401
            1  -0.000194891   0.000524936      0.013894   0.000193942      0.999998    0.00180767     0.0408212  -0.000525287   -0.00180757      0.999998     0.0590651
            1  -0.000230168   0.000272698   0.000447187   0.000229272      0.999995    0.00327883     0.0394973  -0.000273451   -0.00327877      0.999995      0.108276
            1  -0.000258725  -5.41261e-05    0.00899408    0.00025887      0.999996    0.00270001     0.0658348   5.34273e-05   -0.00270002      0.999996     0.0731608
            1  -0.000250605  -0.000215527    -0.0203909   0.000251503      0.999991    0.00417707    0.00962261   0.000214478   -0.00417713      0.999991      0.107768
            1  -0.000372595  -0.000250153    -0.0218395   0.000373675      0.999991    0.00432985     0.0941385   0.000248537   -0.00432994      0.999991     0.0694853
            1   -0.00021133   -1.5323e-05    -0.0298419   0.000211403      0.999988    0.00497009     0.0913709   1.42725e-05   -0.00497009      0.999988      0.103018
            1  -0.000265941   3.59946e-06    -0.0144071   0.000265923      0.999991    0.00431527     0.0980676  -4.74703e-06   -0.00431526      0.999991     0.0208459
            1  -0.000306555  -0.000163065     -0.016836   0.000307297       0.99999    0.00456721     0.0883603   0.000161663   -0.00456726       0.99999     0.0679267
            1  -0.000226242  -0.000159046     -0.015619   0.000226838      0.999993    0.00375712      0.115492   0.000158194   -0.00375716      0.999993    -0.0399424
            1  -0.000339284    9.6419e-05   -0.00900747   0.000338822      0.999989    0.00475809     0.0962269  -9.80323e-05   -0.00475806      0.999989     0.0806811
            1  -8.05359e-05  -0.000154373     -0.019458   8.12994e-05      0.999988    0.00495225      0.109912   0.000153972   -0.00495226      0.999988     0.0727536
            1  -0.000478172  -5.68633e-05    -0.0140093   0.000478462      0.999986    0.00521314     0.0868888   5.43698e-05   -0.00521317      0.999986     0.0930361
     0.999999  -0.000991633    0.00068169     0.0521704   0.000988387      0.999988    0.00474658      0.107592  -0.000686389    -0.0047459      0.999989     0.0169706
     0.999994  -2.19774e-05   -0.00336042     -0.206826   3.94696e-05      0.999986    0.00520538     0.0496135    0.00336026   -0.00520548      0.999981      0.116749
     0.999993  -0.000584453    -0.0038247     -0.210451   0.000601166       0.99999    0.00436998     0.0660548    0.00382211   -0.00437224      0.999983     0.0460441
     0.999998   -0.00116228   -0.00185273    -0.0988323    0.00117202      0.999985    0.00526608     0.0316079    0.00184659   -0.00526824      0.999984      0.165682
     0.999998   -0.00112078   -0.00160499    -0.0815454     0.0011266      0.999993    0.00363073      0.022866    0.00160091   -0.00363253      0.999992     0.0391409
     0.999998   -0.00120101   -0.00152112    -0.0732153    0.00120762       0.99999    0.00435108     0.0285278    0.00151588   -0.00435291      0.999989      0.144405
     0.999997    -0.0011892   -0.00197423    -0.0781312    0.00119642      0.999993     0.0036615   -0.00105084    0.00196986   -0.00366386      0.999991     0.0133595
     0.999997   -0.00150485   -0.00217079    -0.0714905    0.00151472      0.999988    0.00455373     0.0242871    0.00216391     -0.004557      0.999987      0.139761
     0.999997   -0.00139154   -0.00185902    -0.0488503    0.00140145      0.999985    0.00534132      0.060649    0.00185156   -0.00534391      0.999984      0.152685
     0.999997   -0.00144526   -0.00187466    -0.0328454      0.001457      0.999979    0.00627389     0.0926373    0.00186555    -0.0062766      0.999979      0.243867
     0.999997   -0.00171281   -0.00184086    -0.0342892     0.0017223      0.999985    0.00516294     0.0730278    0.00183199   -0.00516609      0.999985      0.158754
     0.999997   -0.00171354   -0.00185678    -0.0355937    0.00172299      0.999986    0.00509782     0.0441844    0.00184801     -0.005101      0.999985      0.242536
     0.999996   -0.00196675   -0.00206749    -0.0349731    0.00197751      0.999984    0.00521862     0.0999943    0.00205719   -0.00522269      0.999984      0.176804
     0.999995    -0.0023862   -0.00221042    -0.0306156    0.00239784      0.999983    0.00527814      0.103745    0.00219779   -0.00528341      0.999984       0.22526
     0.999993   -0.00248542   -0.00266771    -0.0412467    0.00250355      0.999974    0.00681327     0.0721658    0.00265071   -0.00681991      0.999973      0.172235
     0.999994   -0.00274615   -0.00212037    -0.0171785     0.0027626      0.999966    0.00779265       0.16819     0.0020989   -0.00779846      0.999967      0.210893
     0.999995   -0.00267205   -0.00168943    -0.0237463    0.00268581      0.999963    0.00819547      0.156003    0.00166747   -0.00819996      0.999965      0.265845
     0.999994   -0.00284731   -0.00195801    -0.0268522    0.00286138       0.99997    0.00722289      0.162211    0.00193739   -0.00722845      0.999972      0.149045
     0.999994   -0.00294818   -0.00170274    -0.0205737     0.0029604       0.99997    0.00722196      0.112708     0.0016814   -0.00722696      0.999972       0.16124
     0.999995   -0.00270385   -0.00133975     -0.013484    0.00271404      0.999967    0.00767006       0.16183    0.00131897   -0.00767367       0.99997      0.123805
     0.999996   -0.00263956   -0.00112672    -0.0212523    0.00264873      0.999963    0.00821714      0.132765    0.00110499   -0.00822009      0.999966      0.200904
     0.999997   -0.00231128   -0.00107296    -0.0109361    0.00231983      0.999965    0.00804209      0.169652    0.00105434   -0.00804455      0.999967       0.14703
     0.999996   -0.00240546   -0.00113844    -0.0214598    0.00241436      0.999966      0.007882       0.11679    0.00111944   -0.00788472      0.999968      0.196496
     0.999995   -0.00268286   -0.00171794    -0.0394893    0.00269998      0.999946     0.0100382      0.233917    0.00169092    -0.0100428      0.999948      0.182403
     0.999994   -0.00296133      -0.00179     -0.058955     0.0029799      0.999941     0.0104625      0.204658    0.00175891    -0.0104678      0.999944      0.236992
     0.999994   -0.00293795   -0.00193312    -0.0567758     0.0029572      0.999945       0.01003      0.218749    0.00190355    -0.0100356      0.999948      0.208557
     0.999995   -0.00273788   -0.00182797    -0.0481323    0.00275661      0.999943     0.0103272      0.176596    0.00179959    -0.0103322      0.999945      0.230825
     0.999993   -0.00298719   -0.00202704    -0.0243478    0.00300701      0.999947    0.00984518      0.223678    0.00199752   -0.00985121      0.999949      0.199488
     0.999994   -0.00298191   -0.00196655    -0.0332176    0.00300182      0.999943        0.0102       0.19375    0.00193602    -0.0102058      0.999946      0.240278
     0.999995   -0.00249093   -0.00203276    -0.0408956    0.00251091      0.999948    0.00988862      0.220926    0.00200802   -0.00989368      0.999949      0.233325
     0.999995   -0.00251162   -0.00169084    -0.0345214    0.00252687      0.999956    0.00907556      0.191936    0.00166797   -0.00907979      0.999957      0.219409
     0.999995   -0.00280812   -0.00169187    -0.0277685    0.00282397      0.999951    0.00944389      0.207463    0.00166527   -0.00944862      0.999954      0.254049
     0.999995   -0.00266179   -0.00146256    -0.0219546    0.00267585      0.999949    0.00969694      0.185249    0.00143668   -0.00970081      0.999952      0.244335
     0.999995    -0.0027389   -0.00140002    -0.0160391    0.00275198      0.999952    0.00942901      0.222173    0.00137413   -0.00943282      0.999955      0.269306
     0.999995   -0.00272633   -0.00144246    -0.0271458    0.00274107      0.999943     0.0103238      0.187745    0.00141423    -0.0103277      0.999946       0.28123
     0.999995   -0.00285635   -0.00153369    -0.0205661    0.00287194      0.999943     0.0102609      0.255923    0.00150429    -0.0102652      0.999946      0.245004
     0.999994   -0.00290799   -0.00160935    -0.0420517    0.00292456      0.999942      0.010389      0.183823    0.00157905    -0.0103937      0.999945      0.271784
     0.999994   -0.00304457   -0.00159067    -0.0161608    0.00306053      0.999944     0.0101332      0.225947    0.00155973     -0.010138      0.999947      0.224162
     0.999995   -0.00305697  -0.000860744   -0.00813951    0.00306556      0.999944     0.0101637      0.254183   0.000829625    -0.0101663      0.999948      0.266105
     0.999996   -0.00281377  -0.000814477    -0.0159032    0.00282123      0.999953    0.00931394       0.17553   0.000788231    -0.0093162      0.999956      0.229359
     0.999995   -0.00318646  -0.000894965   -0.00181661    0.00319292      0.999968    0.00731125      0.181088   0.000871639   -0.00731407      0.999973      0.200512
     0.999993   -0.00356047  -0.000995575    -0.0199938    0.00356538      0.999981    0.00497708      0.038203   0.000977836    -0.0049806      0.999987     0.0728266
     0.999994   -0.00327898   -0.00117003    -0.0385437    0.00328559      0.999978    0.00568932      0.118178    0.00115135   -0.00569313      0.999983     0.0813163
     0.999994   -0.00333468   -0.00126709   -0.00800378    0.00334388      0.999968    0.00733011      0.240787    0.00124261    -0.0073343      0.999972     0.0850039
     0.999993   -0.00347204   -0.00132261    -0.0165387    0.00348357      0.999955    0.00881397      0.181995    0.00129195   -0.00881852       0.99996      0.178886
     0.999995   -0.00303397  -0.000459765     0.0090264    0.00303767      0.999961      0.008262      0.213572   0.000434681   -0.00826336      0.999966      0.117076
     0.999996   -0.00287496   0.000479192     0.0211499    0.00287063      0.999957    0.00880475      0.219442  -0.000504485   -0.00880334      0.999961      0.210847
     0.999995   -0.00318713  -7.13368e-05    0.00654946    0.00318762      0.999958    0.00857234      0.229263   4.40126e-05   -0.00857252      0.999963       0.13902
     0.999994   -0.00348434  -0.000841334    -0.0225905    0.00349235      0.999947    0.00972157      0.187404   0.000807416   -0.00972445      0.999952      0.245293
     0.999993   -0.00365046   -0.00118933    -0.0215389    0.00366224      0.999943     0.0100564       0.24657    0.00115255    -0.0100607      0.999949      0.157941
     0.999992   -0.00382505     -0.001004   -0.00912725    0.00383484      0.999943    0.00994186       0.21087   0.000965916   -0.00994563       0.99995      0.211782
     0.999992   -0.00396476   -0.00103934     0.0091284    0.00397412       0.99995    0.00916058       0.18165    0.00100296   -0.00916463      0.999958      0.150055
     0.999993   -0.00377614  -0.000626009    0.00468098    0.00378231      0.999941     0.0101639       0.22901   0.000587592    -0.0101661      0.999948       0.23438
     0.999993   -0.00359683  -0.000664866   -0.00280109    0.00360305      0.999947     0.0096008       0.19503   0.000630299   -0.00960313      0.999954      0.172573
     0.999993   -0.00368997  -0.000302979     0.0110446    0.00369255      0.999953    0.00901656      0.232069   0.000269694   -0.00901761      0.999959      0.181596
     0.999987    -0.0044415   -0.00236668    -0.0448158    0.00446271      0.999949    0.00903324      0.229137    0.00232644   -0.00904369      0.999956      0.412673
      0.99999   -0.00378993   -0.00250991    -0.0326194    0.00381387      0.999947    0.00960347      0.369283    0.00247338   -0.00961294      0.999951       0.51372
      0.99999   -0.00408847   -0.00152581    -0.0346716    0.00410278      0.999946    0.00949695      0.253446     0.0014869   -0.00950312      0.999954      0.277894
      0.99999   -0.00415061   -0.00178767    -0.0254684    0.00416706      0.999948    0.00929982      0.280772    0.00174898   -0.00930717      0.999955       0.20238
      0.99999   -0.00426884   -0.00122102    -0.0128843    0.00428086      0.999941     0.0100191      0.238796    0.00117818    -0.0100242      0.999949      0.307209
      0.99999   -0.00430391   -0.00108794    -0.0179494    0.00431406      0.999946    0.00950318      0.256073    0.00104698   -0.00950778      0.999954      0.220258
      0.99999   -0.00430358   -0.00109121    -0.0216364    0.00431417      0.999942    0.00989107      0.236625    0.00104857   -0.00989568       0.99995      0.281964
     0.999991   -0.00418234   -0.00117161    -0.0231252    0.00419244      0.999953     0.0087568      0.225843    0.00113493   -0.00876163      0.999961      0.188515
      0.99999   -0.00435514   -0.00131322    -0.0261958    0.00436801      0.999941    0.00996468      0.243297    0.00126974   -0.00997032      0.999949      0.278399
     0.999989   -0.00447712    -0.0014262   -0.00878995    0.00449048      0.999945    0.00950874      0.233422    0.00138355   -0.00951504      0.999954      0.153386
     0.999992   -0.00382541   -0.00101833    -0.0106903    0.00383548      0.999942     0.0100848      0.280254   0.000979694    -0.0100887      0.999949       0.25505
     0.999992   -0.00387832  -0.000838886   -0.00741123    0.00388659      0.999942     0.0100916      0.248596   0.000799698    -0.0100948      0.999949      0.261185
      0.99999   -0.00417632   -0.00126993    -0.0217779    0.00418863      0.999943    0.00984998      0.262626    0.00122872   -0.00985521      0.999951      0.235415
      0.99999   -0.00439045  -0.000668304    0.00937311    0.00439667      0.999944    0.00959985      0.212397   0.000626119   -0.00960269      0.999954      0.239292
     0.999991   -0.00425784   0.000108744     0.0272719    0.00425663      0.999946    0.00943472       0.25696   -0.00014891   -0.00943417      0.999955      0.292919
      0.99999    -0.0043648  -0.000466383    0.00428695     0.0043691      0.999944    0.00964794      0.262696   0.000424246   -0.00964988      0.999953      0.225526
     0.999991   -0.00433382  -0.000234007     0.0190861    0.00433602      0.999937       0.01037      0.264624    0.00018905    -0.0103709      0.999946      0.290923
      0.99999   -0.00441186  -5.97055e-05     0.0209506    0.00441224      0.999937      0.010347      0.257668   1.40522e-05    -0.0103471      0.999946      0.229048
      0.99999   -0.00448671  -0.000237062     0.0293028    0.00448903       0.99993     0.0109143       0.28345   0.000188076    -0.0109153       0.99994      0.244757
      0.99999   -0.00448987   -0.00059291     0.0249667    0.00449597      0.999933     0.0107126      0.238307   0.000544771    -0.0107152      0.999942       0.24452
      0.99999   -0.00439066  -0.000446526     0.0378267    0.00439512      0.999935     0.0105527      0.269857   0.000400163    -0.0105546      0.999944      0.255963
      0.99999    -0.0043801  -0.000719118    0.00718388    0.00438761      0.999932     0.0107915      0.226291   0.000671801    -0.0107945      0.999942      0.289291
      0.99999   -0.00443583   -0.00084892   -0.00209076    0.00444469      0.999932     0.0107397      0.242191   0.000801223    -0.0107433      0.999942      0.225941
     0.999989   -0.00473739  -0.000533918     0.0197814    0.00474286      0.999931     0.0107689      0.314479   0.000482865    -0.0107713      0.999942      0.223916
      0.99999    -0.0044272  -0.000366975     0.0183967     0.0044306      0.999942    0.00983251      0.265491   0.000323423   -0.00983404      0.999952      0.220014
      0.99999   -0.00450473  -0.000547714      0.020756     0.0045097      0.999945    0.00943744      0.246138   0.000505171   -0.00943981      0.999955      0.220927
      0.99999   -0.00441611  -0.000168466     0.0177198    0.00441755      0.999942     0.0097909      0.247449   0.000125218   -0.00979155      0.999952      0.191147
     0.999989   -0.00463663  -0.000148083     0.0308883     0.0046379      0.999938      0.010163       0.26544   0.000100952    -0.0101635      0.999948      0.233594
     0.999988   -0.00479604  -0.000634177     0.0257002     0.0048021      0.999939    0.00993045      0.239387   0.000586511   -0.00993338       0.99995      0.178304
     0.999988   -0.00476512  -0.000672526      0.028318    0.00477194      0.999933     0.0105278      0.257395   0.000622315    -0.0105309      0.999944      0.270909
     0.999989   -0.00466195   -3.2242e-05     0.0522839    0.00466203      0.999935     0.0104515      0.256995  -1.64845e-05    -0.0104516      0.999945       0.20573
     0.999989   -0.00464632  -0.000118198     0.0378408    0.00464735      0.999927     0.0111787      0.278652   6.62501e-05    -0.0111791      0.999938      0.257484
     0.999989   -0.00475472   -0.00019758     0.0255576    0.00475655      0.999932     0.0106125      0.259586   0.000147107    -0.0106134      0.999944      0.165772
      0.99999   -0.00450367   0.000179715     0.0260308    0.00450154      0.999935     0.0104981      0.247814  -0.000226983    -0.0104972      0.999945      0.255046
     0.999989   -0.00466247   9.77841e-05     0.0314773    0.00466132      0.999943    0.00957889        0.2455   -0.00014244   -0.00957833      0.999954      0.226622
      0.99999   -0.00447438   9.20898e-05     0.0113617    0.00447311      0.999931     0.0108891      0.255171  -0.000140806    -0.0108886      0.999941      0.272455
     0.999988   -0.00493159  -0.000560753   -0.00441682     0.0049364      0.999948    0.00891741      0.258588   0.000516747   -0.00892007       0.99996      0.295784
     0.999985    -0.0052286    -0.0016426    -0.0241279    0.00522952      0.999986   0.000555758     0.0872135    0.00163967  -0.000564339      0.999998      0.465763
     0.999986   -0.00441684   -0.00302886      -0.10155    0.00442787      0.999984     0.0036417      0.139551    0.00301272   -0.00365506      0.999989      0.173981
     0.999986   -0.00481369   -0.00200272    -0.0587428    0.00482555      0.999971    0.00596195      0.249771    0.00197396   -0.00597153       0.99998      0.128338
     0.999989   -0.00464025   -0.00104837    -0.0285799    0.00464906      0.999952    0.00856905      0.226938    0.00100855   -0.00857383      0.999963      0.262104
     0.999988    -0.0048196  -0.000728324    -0.0234601    0.00482561      0.999952    0.00848976      0.285881   0.000687372   -0.00849317      0.999964       0.14447
     0.999989   -0.00456719  -0.000525202    -0.0233953    0.00457169       0.99995    0.00891513      0.255037   0.000484459   -0.00891744       0.99996      0.279728
     0.999994   -0.00333986  -0.000710941    -0.0158539    0.00334651      0.999949    0.00957487      0.225484   0.000678926   -0.00957719      0.999954      0.271866
     0.999994   -0.00324063   -0.00075291   -0.00547409    0.00324804      0.999944     0.0100555      0.191386   0.000720282    -0.0100579      0.999949      0.277102
     0.999993   -0.00363702  -0.000806367    -0.0253778    0.00364541      0.999937     0.0106524      0.193157   0.000767572    -0.0106553      0.999943      0.267883
     0.999993    -0.0036796   -0.00111503   -0.00833283    0.00369116      0.999937     0.0105544      0.186009    0.00107612    -0.0105584      0.999944       0.35314
     0.999992   -0.00360811   -0.00154944   -0.00470196    0.00362239       0.99995    0.00931146      0.162444    0.00151577     -0.009317      0.999955      0.143632
     0.999991   -0.00400971   -0.00152217    -0.0287045    0.00402256      0.999955    0.00853332      0.158603    0.00148789   -0.00853936      0.999962       0.13783
      0.99999   -0.00418568   -0.00141771    -0.0366463    0.00419811      0.999952    0.00887781      0.183668    0.00138048   -0.00888368       0.99996       0.19212
      0.99999   -0.00435647   -0.00122971     -0.031961    0.00436735       0.99995    0.00899023       0.15161    0.00119049   -0.00899551      0.999959       0.13088
     0.999989   -0.00454029  -0.000990107    -0.0221225     0.0045499       0.99994    0.00993188      0.224281   0.000944954   -0.00993627       0.99995      0.183254
     0.999988   -0.00483987  -0.000551135   -0.00782196    0.00484518      0.999937      0.010095      0.160816   0.000502242    -0.0100975      0.999949       0.20225
     0.999986   -0.00518411  -0.000666815     0.0118559    0.00519057      0.999936      0.010079      0.246611   0.000614522    -0.0100823      0.999949      0.119883
     0.999988   -0.00491291  -0.000403684   -0.00593599    0.00491718      0.999924     0.0113497      0.240878   0.000347893    -0.0113515      0.999936      0.263428
     0.999988   -0.00476382  -0.000553915   -0.00177475    0.00476915      0.999938     0.0100559      0.215466   0.000505976    -0.0100584      0.999949        0.1728
      0.99999   -0.00447296   -0.00054284    -0.0133494    0.00447733      0.999955    0.00834628      0.217206   0.000505483   -0.00834862      0.999965      0.125208
      0.99999   -0.00446157  -0.000367598     -0.011749    0.00446467       0.99995    0.00891583      0.136457   0.000327801   -0.00891739       0.99996      0.108239
     0.999989   -0.00472853  -0.000139081     0.0183109    0.00472961      0.999946     0.0092169      0.235556   9.54909e-05   -0.00921746      0.999958      0.125904
     0.999989   -0.00475887   2.80916e-05   -0.00444939    0.00475836      0.999939    0.00999168      0.197532   -7.5639e-05   -0.00999143       0.99995      0.184209
     0.999989    -0.0046631  -0.000729577     0.0110618     0.0046702      0.999939     0.0100582      0.210275    0.00068263    -0.0100615      0.999949      0.110831
     0.999989   -0.00457702   -0.00116418  -0.000584022    0.00458883      0.999936     0.0103486      0.253556    0.00111674    -0.0103539      0.999946      0.188686
     0.999989   -0.00459213  -0.000821112   -0.00124495    0.00460004       0.99994    0.00990741      0.192129   0.000775567   -0.00991108      0.999951      0.176989
     0.999989   -0.00447463   -0.00137214    -0.0267411    0.00448145      0.999977    0.00500246      0.150559    0.00134973   -0.00500856      0.999987       0.09294
     0.999988   -0.00459246   -0.00187824    -0.0590116    0.00460506      0.999967    0.00675775     0.0975819    0.00184714   -0.00676631      0.999975      0.137395
      0.99999   -0.00447599   -0.00075383    -0.0167196    0.00448169       0.99996    0.00773426      0.192271   0.000719181   -0.00773756       0.99997     0.0883288
     0.999988   -0.00460735   -0.00144751    -0.0339271    0.00461607      0.999971     0.0060781      0.156404    0.00141946   -0.00608471       0.99998     0.0944739
     0.999989   -0.00458351   -0.00104498   -0.00981781    0.00459082      0.999964    0.00710676     0.0917337    0.00101237   -0.00711148      0.999974      0.172932
     0.999989   -0.00461919  -0.000762852    0.00375965    0.00462484      0.999961    0.00758134      0.176319   0.000727802   -0.00758479      0.999971      0.150279
     0.999989   -0.00461323   -0.00050462    0.00538689    0.00461697       0.99996    0.00768212      0.131713   0.000469161   -0.00768436       0.99997      0.147019
     0.999987   -0.00501812  -0.000896223     0.0128878    0.00502506      0.999956    0.00791188      0.211617    0.00085648   -0.00791628      0.999968     0.0967951
     0.999987   -0.00505344  -0.000698649     0.0183655    0.00505922      0.999951    0.00852653      0.208968   0.000655527   -0.00852996      0.999963      0.186419
     0.999987   -0.00512114  -0.000808843    -0.0133335    0.00512772      0.999952    0.00835071      0.150122   0.000766039   -0.00835475      0.999965     0.0751106
     0.999986   -0.00529211  -0.000724875    -0.0291726    0.00529759      0.999956     0.0077723      0.274442   0.000683711   -0.00777603       0.99997    0.00234674
     0.999986   -0.00513576  -0.000852477    -0.0215353    0.00514346      0.999944    0.00929704      0.175936   0.000804682    -0.0093013      0.999956      0.229557
     0.999987   -0.00496888  -0.000722806   -0.00831176    0.00497522      0.999947    0.00905361      0.164676   0.000677781   -0.00905709      0.999959       0.14747
     0.999987   -0.00495623  -0.000673404     0.0109852    0.00496211      0.999947    0.00903086      0.266207   0.000628609   -0.00903409      0.999959      0.159765
     0.999988    -0.0048135  -0.000592875    -0.0136178    0.00481885      0.999944    0.00937935      0.182443   0.000547695   -0.00938209      0.999956       0.18717
     0.999987   -0.00491762   -0.00123678   -0.00817785      0.004929      0.999944    0.00937136      0.241234    0.00119062   -0.00937733      0.999955     0.0619393
     0.999987   -0.00495285   -0.00120522   -0.00240016    0.00496379      0.999945    0.00925523      0.255668    0.00115931   -0.00926109      0.999956     0.0959807
     0.999987   -0.00490426   -0.00123951    -0.0116655    0.00491587      0.999942    0.00954723        0.2024    0.00119262    -0.0095532      0.999954     0.0883366
     0.999988   -0.00475651   -0.00118193    0.00916885    0.00476765      0.999942    0.00960798      0.252981    0.00113616    -0.0096135      0.999953      0.128483
     0.999988   -0.00481173  -0.000984649    -0.0131815      0.004821      0.999942    0.00964683       0.21012   0.000938173   -0.00965146      0.999953      0.136572
     0.999988   -0.00480628  -0.000926112   -0.00421646    0.00481459      0.999946    0.00919721      0.261855   0.000881858   -0.00920156      0.999957      0.077108
     0.999988   -0.00470552   -0.00101856    -0.0277668    0.00471511      0.999943    0.00962883      0.211953   0.000973192   -0.00963352      0.999953      0.149124
     0.999987    -0.0048865    -0.0011533    -0.0280471    0.00489694      0.999945    0.00922918       0.22622    0.00110814   -0.00923471      0.999957     0.0963897
     0.999987   -0.00505228  -0.000862514    -0.0256489       0.00506      0.999945    0.00920682      0.205035   0.000815951   -0.00921107      0.999957      0.152914
     0.999988   -0.00491934  -0.000836206    -0.0247552    0.00492637      0.999951    0.00861772      0.220131   0.000793771   -0.00862173      0.999963     0.0993886
     0.999988   -0.00475297  -0.000831253     -0.030526    0.00475986      0.999953    0.00848919      0.185108   0.000790865   -0.00849305      0.999964       0.18931
     0.999989   -0.00468617  -0.000629796    -0.0368973    0.00469107      0.999957    0.00801168      0.172405   0.000592224   -0.00801454      0.999968     0.0728355
     0.999987   -0.00502127  -0.000913749    -0.0486224     0.0050297      0.999942    0.00947644       0.22855   0.000866113   -0.00948091      0.999955      0.172919
     0.999987   -0.00504697  -0.000992307    -0.0291153     0.0050564       0.99994    0.00974052      0.179554   0.000943087    -0.0097454      0.999952      0.117562
     0.999987   -0.00500108  -0.000786977  -0.000459948    0.00500869      0.999938    0.00998639      0.274544   0.000736985    -0.0099902       0.99995     0.0885208
     0.999989    -0.0047345  -0.000648023    -0.0227156    0.00474055      0.999942    0.00967377      0.205497   0.000602185   -0.00967673      0.999953      0.128361
      0.99999   -0.00452863   -0.00067849    -0.0266333    0.00453456      0.999949    0.00901175      0.246623   0.000637644   -0.00901473      0.999959     0.0448613
      0.99999   -0.00444271  -0.000400618    -0.0318283    0.00444612       0.99995    0.00896656      0.189919   0.000360762   -0.00896825       0.99996      0.122344
      0.99999    -0.0045328  -0.000380352     -0.036946    0.00453593      0.999952    0.00866262       0.23645   0.000341068   -0.00866425      0.999962    -0.0148491
     0.999989   -0.00472408  -0.000726481    -0.0292849    0.00473091      0.999942    0.00971114      0.223819   0.000680563   -0.00971447      0.999953      0.144076
     0.999988   -0.00483563  -0.000984567    -0.0442379    0.00484459      0.999945    0.00930522      0.210511   0.000939516   -0.00930988      0.999956     0.0591119
     0.999986   -0.00508834   -0.00113392    -0.0273795    0.00509972      0.999934     0.0102706      0.254417    0.00108159    -0.0102762      0.999947       0.10458
     0.999987   -0.00502285  -0.000899617   -0.00923825    0.00503206      0.999932     0.0105358      0.189205   0.000846636    -0.0105402      0.999944      0.128591
     0.999989   -0.00464766  -0.000850775    -0.0146097    0.00465524      0.999947    0.00913389      0.269265   0.000808279   -0.00913775      0.999958     0.0254993
      0.99999   -0.00446861  -0.000501393    -0.0268718    0.00447307      0.999947    0.00927931      0.212751     0.0004599   -0.00928146      0.999957       0.10495
      0.99999   -0.00442671  -0.000259422    -0.0163072    0.00442888      0.999949    0.00907438      0.244308   0.000219239   -0.00907544      0.999959     0.0452867
      0.99999   -0.00452188  -0.000515198    -0.0250354    0.00452635      0.999949    0.00905129      0.231558   0.000474243   -0.00905353      0.999959       0.12025
      0.99999   -0.00433429  -0.000945754    -0.0513755    0.00434157       0.99996    0.00783784      0.167684   0.000911744   -0.00784187      0.999969   -0.00191094
     0.999989   -0.00464038  -0.000797875    -0.0307465    0.00464737      0.999949    0.00899506      0.277932   0.000756094   -0.00899867      0.999959     0.0240617
     0.999989   -0.00464618   -0.00107189    -0.0349521    0.00465705      0.999935     0.0103723      0.235333    0.00102363    -0.0103772      0.999946      0.134059
     0.999988   -0.00474939   -0.00118037    -0.0407198    0.00476112      0.999937     0.0101404      0.239054    0.00113213    -0.0101459      0.999948    0.00436159
     0.999987   -0.00496741  -0.000987747    -0.0261677    0.00497744      0.999933     0.0104224      0.275736   0.000935909    -0.0104272      0.999945     0.0215024
     0.999987   -0.00508908   -0.00100703   -0.00898824    0.00509936      0.999932     0.0104903      0.208776   0.000953577    -0.0104953      0.999944     0.0651957
     0.999988   -0.00491105  -0.000891352    -0.0149567    0.00491998      0.999935     0.0103021      0.255151     0.0008407    -0.0103064      0.999947     0.0744816
     0.999989   -0.00467165  -0.000833656    -0.0294788    0.00467965       0.99994    0.00987032      0.215618   0.000787496   -0.00987411      0.999951     0.0224569
     0.999988   -0.00482963   -0.00110197    -0.0263221    0.00484047      0.999938     0.0100558      0.289933    0.00105334     -0.010061      0.999949    0.00704087
     0.999987    -0.0050208   -0.00125356    -0.0162053    0.00503408      0.999929     0.0108243      0.230897    0.00119912    -0.0108304      0.999941      0.154072
     0.999988   -0.00482924   -0.00111872   -0.00476638    0.00484043      0.999936     0.0102261      0.278077    0.00106926    -0.0102314      0.999947     0.0590619
     0.999987   -0.00494294   -0.00102582    -0.0047731    0.00495418      0.999924      0.011262      0.248713    0.00097008    -0.0112669      0.999936      0.166064
     0.999987   -0.00505439   -0.00107602    0.00874029    0.00506601      0.999926     0.0110809      0.262358    0.00101993    -0.0110862      0.999938     0.0625732
     0.999987   -0.00499941   -0.00118194     0.0191337    0.00501212      0.999927     0.0110096      0.292981    0.00112681    -0.0110154      0.999939     0.0952068
     0.999988   -0.00470792   -0.00100155    0.00326943    0.00471839      0.999931     0.0107182      0.251112   0.000951018    -0.0107228      0.999942     0.0802259
     0.999989   -0.00463713  -0.000755951   0.000921788    0.00464471      0.999936      0.010357      0.273307   0.000707875    -0.0103604      0.999946     0.0667347
     0.999988   -0.00477812  -0.000536117    0.00263505    0.00478354      0.999932      0.010616        0.2184   0.000485356    -0.0106185      0.999944      0.112861
     0.999988   -0.00483903  -0.000394769      0.010859      0.004843       0.99993     0.0107609      0.288618   0.000342669    -0.0107627      0.999942      0.143188
     0.999988   -0.00486633  -0.000488705     0.0123597    0.00487164      0.999922     0.0115337      0.236085    0.00043254     -0.011536      0.999933      0.272651
     0.999987   -0.00499819  -0.000720212    0.00713474    0.00500637      0.999917     0.0118344      0.315354   0.000661002    -0.0118378       0.99993      0.238211
     0.999988   -0.00497749   -0.00026609     0.0102785    0.00498033      0.999916      0.012001      0.271001   0.000206333    -0.0120022      0.999928       0.28348
     0.999988   -0.00485893  -0.000557159     0.0115178    0.00486492      0.999924     0.0113031       0.27887   0.000502196    -0.0113056      0.999936      0.150422
     0.999988   -0.00478262  -0.000500668   -0.00677933    0.00478757      0.999934     0.0104156      0.314006   0.000450822    -0.0104178      0.999946      0.158681
     0.999989   -0.00475511  -0.000459689    -0.0151525    0.00476012      0.999922     0.0115849      0.246025   0.000404566     -0.011587      0.999933       0.32349
     0.999989   -0.00472694  -0.000298264   -0.00476425    0.00473004      0.999923      0.011453      0.322829   0.000244103    -0.0114542      0.999934      0.274869
     0.999989   -0.00467985  -0.000300171    -0.0123945    0.00468287      0.999928     0.0110081      0.271107   0.000248634    -0.0110094      0.999939      0.208061
     0.999988   -0.00483889  -0.000363501   -0.00481606    0.00484258      0.999929     0.0109248      0.285712   0.000310611    -0.0109264       0.99994     0.0769281
     0.999988   -0.00490537  -0.000390109   -0.00968321    0.00490946      0.999924     0.0112766      0.265534   0.000334764    -0.0112784      0.999936      0.159189
     0.999986   -0.00526259  -0.000310245     0.0159844    0.00526521      0.999944    0.00916688      0.217726   0.000261986   -0.00916839      0.999958    -0.0197271
     0.999987   -0.00505616  -0.000235103     0.0165828    0.00505839       0.99993     0.0107387      0.234088    0.00018079    -0.0107397      0.999942     0.0954236
     0.999988   -0.00491951  -3.58577e-05    0.00798813    0.00491959      0.999919     0.0117143      0.270394  -2.17738e-05    -0.0117144      0.999931      0.081091
     0.999988   -0.00498466  -1.81413e-05     0.0155533    0.00498449      0.999908     0.0125928      0.265669  -4.46312e-05    -0.0125927      0.999921      0.152894
     0.999987   -0.00500753   -3.2178e-05     0.0324775    0.00500756      0.999918     0.0117876      0.299288  -2.68513e-05    -0.0117876      0.999931     0.0439662
     0.999987   -0.00506475   0.000232027     0.0311556    0.00506147       0.99991     0.0124425      0.284122  -0.000295024    -0.0124412      0.999923      0.161896
     0.999988    -0.0048688   0.000388034     0.0341402    0.00486387      0.999918     0.0118091      0.292237  -0.000445499    -0.0118071       0.99993       0.02426
