# 3dvolreg matrices (DICOM-to-DICOM, row-by-row):
     0.999561    -0.0216682     -0.020204     -0.298464     0.0218307      0.999731    0.00785638       0.42691     0.0200283     -0.008294      0.999765      -2.06056
     0.999539    -0.0218807    -0.0210338      -0.29533     0.0220796      0.999713     0.0092755      0.503585     0.0208248   -0.00973564      0.999736      -1.82482
     0.999547     -0.021718    -0.0208286     -0.307447      0.021907      0.999721     0.0088867      0.479338     0.0206297   -0.00933897      0.999744      -1.84325
     0.999563    -0.0212471    -0.0205607     -0.284974     0.0214544      0.999721    0.00991673      0.565202     0.0203443    -0.0103535      0.999739      -1.82147
     0.999561    -0.0213358    -0.0205808     -0.314186     0.0215788      0.999699      0.011658      0.524887     0.0203259     -0.012097       0.99972      -1.84339
     0.999564    -0.0210508    -0.0206864     -0.322685     0.0212809      0.999713     0.0109659      0.548181     0.0204496    -0.0114013      0.999726      -1.87344
      0.99956    -0.0213978    -0.0205265     -0.306499      0.021635      0.999701     0.0114055      0.503751     0.0202763    -0.0118446      0.999724      -1.76592
     0.999552    -0.0215714     -0.020762     -0.297084     0.0217714      0.999718    0.00945402      0.516146     0.0205522    -0.0099018       0.99974      -1.88863
     0.999536    -0.0218994    -0.0211513     -0.314163     0.0221256        0.9997     0.0105216      0.466347     0.0209145    -0.0109848      0.999721      -1.81667
     0.999555     -0.021492    -0.0207006     -0.352028     0.0217174      0.999707     0.0107274      0.398167      0.020464    -0.0111722      0.999728      -1.83057
     0.999581    -0.0208753    -0.0200514     -0.342523     0.0210809      0.999727     0.0100991       0.51528     0.0198351    -0.0105175      0.999748      -1.82835
     0.999584    -0.0208857    -0.0198671     -0.335582      0.021111      0.999714     0.0112023      0.505884     0.0196275    -0.0116171       0.99974      -1.75913
     0.999584    -0.0209051     -0.019853     -0.325736     0.0211333      0.999712     0.0113546      0.527894     0.0196099    -0.0117694      0.999738      -1.86347
     0.999578    -0.0210257    -0.0200567      -0.31823     0.0212559       0.99971     0.0113357       0.51382     0.0198126    -0.0117573      0.999735      -1.82747
     0.999578    -0.0210873    -0.0199565     -0.325435     0.0213199      0.999706     0.0115141      0.523912     0.0197078    -0.0119347      0.999735      -1.87594
     0.999585    -0.0211656    -0.0195425     -0.298504     0.0214045      0.999698     0.0120968      0.508161     0.0192805    -0.0125101      0.999736      -1.68983
     0.999589    -0.0210203     -0.019496      -0.28192     0.0212419      0.999711     0.0112289       0.54633     0.0192544    -0.0116384      0.999747      -1.77383
     0.999608    -0.0204889    -0.0191004      -0.27654     0.0206875      0.999733     0.0102579      0.703022     0.0188851     -0.010649      0.999765      -1.47764
     0.999612    -0.0204954    -0.0188879     -0.285597     0.0206969       0.99973     0.0105361      0.667613     0.0186669     -0.010923      0.999766      -1.37189
     0.999605    -0.0204797    -0.0192244     -0.281908     0.0207125      0.999714     0.0119911      0.668752     0.0189733    -0.0123845      0.999743       -1.4273
     0.999621    -0.0197911    -0.0191102     -0.333294     0.0199923      0.999746      0.010396      0.705479     0.0188996    -0.0107741      0.999763      -1.58582
     0.999626    -0.0200607    -0.0185887     -0.319528     0.0202593      0.999739      0.010558      0.688268      0.018372    -0.0109306      0.999771      -1.51555
     0.999623    -0.0199537    -0.0188361     -0.330452     0.0201576       0.99974     0.0107015      0.665042     0.0186177    -0.0110771      0.999765       -1.5178
     0.999623    -0.0197689    -0.0190615     -0.352711     0.0199757      0.999743     0.0107215      0.727198     0.0188446    -0.0110982      0.999761      -1.50075
     0.999616    -0.0201386    -0.0190576     -0.338666     0.0203417      0.999738     0.0105248      0.704814     0.0188406    -0.0109084      0.999763      -1.45468
     0.999619    -0.0201659    -0.0188396     -0.344418     0.0203694      0.999736     0.0106714      0.679396     0.0186194    -0.0110511      0.999766      -1.46331
     0.999594    -0.0207546     -0.019518     -0.345357     0.0209303      0.999742    0.00884471      0.563511     0.0193294   -0.00924964       0.99977      -1.73149
     0.999591    -0.0208272    -0.0196165      -0.34872     0.0210012      0.999742      0.008705       0.54594     0.0194301    -0.0091134       0.99977       -1.8623
     0.999588     -0.020888    -0.0196624     -0.360804     0.0210903      0.999726     0.0101359      0.517524     0.0194453    -0.0105464      0.999755       -1.8536
     0.999583    -0.0210107    -0.0198164     -0.338173     0.0212151      0.999723     0.0101622      0.575583     0.0195974    -0.0105784      0.999752      -1.79733
     0.999587    -0.0208866    -0.0197604     -0.348553     0.0210981      0.999722     0.0105559      0.527921     0.0195344    -0.0109684      0.999749      -1.75545
     0.999581    -0.0207938    -0.0201479     -0.361366     0.0209693      0.999744    0.00853953      0.384564     0.0199652   -0.00895844      0.999761      -1.96787
     0.999586    -0.0206715    -0.0199984     -0.375875     0.0208467      0.999746    0.00858928      0.430821     0.0198158   -0.00900262      0.999763      -1.90686
     0.999592    -0.0205132    -0.0198779     -0.379372     0.0207082      0.999739    0.00965399      0.388708     0.0196747    -0.0100617      0.999756      -1.75768
     0.999591    -0.0209361    -0.0194792     -0.345808      0.021106      0.999741    0.00855989      0.397947     0.0192949   -0.00896751      0.999774      -1.85702
     0.999588    -0.0211536    -0.0194221     -0.350373     0.0213179      0.999738    0.00829221      0.435929     0.0192416   -0.00870283      0.999777      -1.93986
     0.999584    -0.0212227    -0.0195098     -0.360336     0.0213793      0.999741    0.00785372      0.357155      0.019338   -0.00826757      0.999779      -2.07601
     0.999588    -0.0211536    -0.0194126     -0.346708     0.0212948      0.999748    0.00709504      0.405486     0.0192576    -0.0075055      0.999786       -1.9751
     0.999587       -0.0213    -0.0192867     -0.347108     0.0214502      0.999741    0.00761332      0.389282     0.0191195   -0.00802388      0.999785      -1.95715
     0.999568     -0.021755    -0.0197709      -0.34466      0.021893      0.999737    0.00679155      0.331933      0.019618   -0.00722146      0.999781      -2.07554
     0.999569    -0.0217745    -0.0196962     -0.347967     0.0219238      0.999732    0.00739603      0.392183     0.0195299   -0.00782466      0.999779      -2.02606
     0.999561    -0.0218923    -0.0199461     -0.358833      0.022074      0.999716    0.00893588      0.356014     0.0197448   -0.00937225      0.999761      -2.02344
     0.999562    -0.0217799    -0.0200127     -0.360386      0.021936       0.99973    0.00761097      0.384641     0.0198415   -0.00804663      0.999771      -2.10639
     0.999566    -0.0216534    -0.0199551     -0.367946     0.0218219      0.999728    0.00826378       0.36623     0.0197707   -0.00869565      0.999767       -2.0519
     0.999589    -0.0211931    -0.0192955     -0.366405     0.0213572      0.999737    0.00833859      0.264818     0.0191137   -0.00874726      0.999779      -2.04089
     0.999606    -0.0210576    -0.0185799     -0.346204     0.0212136      0.999741    0.00824211      0.265923     0.0184015     -0.008633      0.999793       -2.0605
     0.999591    -0.0213383    -0.0190542     -0.362236     0.0214999      0.999734    0.00831428      0.349914     0.0188717   -0.00872054      0.999784      -2.11985
      0.99958    -0.0214671    -0.0194482     -0.365166       0.02164      0.999728    0.00872294      0.303484     0.0192557   -0.00914014      0.999773      -2.05688
      0.99958    -0.0216361     -0.019282     -0.357078     0.0217932      0.999731    0.00797642      0.343953     0.0191042   -0.00839328      0.999782       -2.0907
     0.999572    -0.0218228    -0.0194744     -0.363733      0.021981      0.999727    0.00794608      0.378167     0.0192956   -0.00837074      0.999779      -1.95675
     0.999573    -0.0216535    -0.0196344     -0.356585      0.021776      0.999745    0.00604887      0.233165     0.0194984   -0.00647384      0.999789      -2.04416
      0.99959    -0.0210448    -0.0194009     -0.348649     0.0211138      0.999771    0.00335777      0.129598     0.0193258   -0.00376602      0.999806      -2.22795
     0.999537    -0.0225051     -0.020477     -0.305166      0.022564      0.999742    0.00264705      0.153375     0.0204122   -0.00310787      0.999787      -2.27067
     0.999471    -0.0244802    -0.0214167     -0.246238     0.0245392      0.999696    0.00249558      0.156023     0.0213491    -0.0030198      0.999768      -2.24383
     0.999489    -0.0238821    -0.0212592     -0.268549     0.0239474      0.999709     0.0028205      0.125777     0.0211856   -0.00332816       0.99977      -2.29619
     0.999501    -0.0236495     -0.020943     -0.260302     0.0236919      0.999718    0.00177993      0.197334      0.020895   -0.00227522      0.999779      -2.35698
     0.999501    -0.0236851      -0.02088     -0.270802     0.0237443      0.999715     0.0025913       0.19309     0.0208127   -0.00308579      0.999779      -2.27153
     0.999502    -0.0236464      -0.02091      -0.27095     0.0237085      0.999715     0.0027264       0.14889     0.0208396   -0.00322079      0.999778      -2.32124
     0.999502    -0.0236685    -0.0208711     -0.255286     0.0237082      0.999718    0.00165962      0.196996     0.0208259   -0.00215361      0.999781       -2.3663
     0.999521    -0.0233267    -0.0203273     -0.281324     0.0233605      0.999726    0.00142381      0.156777     0.0202885   -0.00189798      0.999792      -2.30515
     0.999514    -0.0234186    -0.0205869     -0.292787     0.0234671      0.999722    0.00211354      0.158483     0.0205317   -0.00259563      0.999786      -2.31606
     0.999516    -0.0235011    -0.0204012     -0.286071     0.0235434      0.999721    0.00183753      0.203442     0.0203523   -0.00231695       0.99979      -2.30473
     0.999515    -0.0235348    -0.0204106     -0.291603      0.023598      0.999717    0.00285869      0.167036     0.0203375   -0.00333895      0.999788       -2.2838
     0.999517    -0.0234383    -0.0204064     -0.290341     0.0234882      0.999722    0.00221286      0.186147     0.0203488    -0.0026911      0.999789      -2.39223
     0.999508    -0.0237046    -0.0205518      -0.28014     0.0237587      0.999715    0.00239235      0.209879     0.0204892   -0.00287945      0.999786      -2.36423
      0.99952    -0.0234825    -0.0202105     -0.274097     0.0235599      0.999716    0.00359838      0.100723     0.0201203   -0.00407281      0.999789      -2.21075
     0.999549       -0.0231    -0.0191871     -0.321274     0.0231509      0.999729    0.00243161      0.180973     0.0191257   -0.00287471      0.999813      -2.09879
     0.999583    -0.0226289    -0.0179624      -0.33996      0.022652      0.999743     0.0010811      0.160756     0.0179333   -0.00148754      0.999838      -2.06853
     0.999571    -0.0231715    -0.0179027     -0.310795     0.0231881      0.999731   0.000719797      0.164457     0.0178812   -0.00113462      0.999839      -2.18036
     0.999554    -0.0235911    -0.0183277     -0.314345     0.0236098      0.999721   0.000808917      0.200295     0.0183035   -0.00124127      0.999832      -2.08917
     0.999566    -0.0229745    -0.0184117     -0.335654     0.0230036      0.999734    0.00137182      0.166102     0.0183753   -0.00179476       0.99983      -2.12016
     0.999569     -0.023021    -0.0182433     -0.323621     0.0230374      0.999734   0.000688508      0.211062     0.0182227   -0.00110849      0.999833      -2.17035
     0.999566    -0.0231203    -0.0182362     -0.345769     0.0231485      0.999731    0.00133767      0.146856     0.0182004   -0.00175923      0.999833       -2.1477
     0.999564    -0.0223648    -0.0192752     -0.355702     0.0224023      0.999748    0.00173315      0.197058     0.0192316   -0.00216421      0.999813      -2.12261
     0.999561    -0.0221648    -0.0196712     -0.339521     0.0222094      0.999751    0.00205255      0.207987     0.0196208   -0.00248853      0.999804      -2.10709
     0.999563    -0.0220932    -0.0196372     -0.344034     0.0221315      0.999754    0.00173371      0.137548      0.019594   -0.00216755      0.999806      -2.18296
     0.999565    -0.0220042    -0.0196265     -0.343647     0.0220538      0.999754    0.00231689      0.170442     0.0195706   -0.00274872      0.999805      -2.14613
     0.999561    -0.0219252    -0.0199443     -0.339899     0.0219672      0.999757    0.00189036      0.123215      0.019898   -0.00232765      0.999799      -2.19017
     0.999559    -0.0220925    -0.0198402     -0.333838     0.0221334      0.999753    0.00184273      0.173651     0.0197946   -0.00228104      0.999801      -2.18269
     0.999561    -0.0221429    -0.0197027     -0.354521     0.0222113      0.999748    0.00326277      0.123266     0.0196255   -0.00369896      0.999801      -2.06047
     0.999548    -0.0226763    -0.0197363     -0.356473      0.022725      0.999739    0.00224378      0.179396     0.0196802   -0.00269127      0.999803      -2.14584
     0.999503    -0.0237249    -0.0207604     -0.416104     0.0237856      0.999713    0.00268558      0.198709     0.0206908   -0.00317804      0.999781      -2.16538
     0.999519    -0.0238671    -0.0198216     -0.381075     0.0239359      0.999708    0.00323904      0.216834     0.0197385   -0.00371193      0.999798      -2.12047
     0.999516    -0.0240244    -0.0197433      -0.37584     0.0241259      0.999697    0.00491534      0.277522     0.0196192   -0.00538929      0.999793      -2.04659
     0.999519    -0.0238712    -0.0197954     -0.386781     0.0239814      0.999698     0.0053469      0.234389     0.0196618   -0.00581905       0.99979      -2.05631
     0.999521    -0.0239812    -0.0195458     -0.364904     0.0240828      0.999698     0.0049786      0.304469     0.0194205   -0.00544693      0.999797      -2.07698
      0.99951    -0.0242151    -0.0198591     -0.363065     0.0243343      0.999687    0.00578366      0.263513     0.0197128   -0.00626408      0.999786      -1.99148
     0.999517    -0.0241805    -0.0195215     -0.378219     0.0242755      0.999695    0.00464709      0.293641     0.0194031   -0.00511874      0.999799      -2.14223
     0.999522    -0.0241108    -0.0193674     -0.385747      0.024219      0.999692     0.0053725      0.271553     0.0192319   -0.00583899      0.999798      -2.06227
     0.999515    -0.0241259    -0.0197146     -0.382203      0.024232      0.999693    0.00515851      0.242615     0.0195841   -0.00563373      0.999792      -2.07557
     0.999513    -0.0240747    -0.0198297     -0.376619     0.0241715      0.999697    0.00465919      0.294849     0.0197115   -0.00513624      0.999793      -2.08506
     0.999521    -0.0239973    -0.0195588     -0.384275     0.0240921      0.999699     0.0046271       0.23738     0.0194419   -0.00509609      0.999798      -2.04718
      0.99952    -0.0240313    -0.0195744      -0.39093     0.0241303      0.999697    0.00483855      0.284661     0.0194522   -0.00530856      0.999797      -2.09203
     0.999515    -0.0242949    -0.0194587      -0.37659      0.024399      0.999689    0.00513225      0.245157      0.019328   -0.00560454      0.999797      -2.05795
     0.999515    -0.0243888    -0.0193532     -0.323735     0.0245023      0.999684    0.00564946      0.280069     0.0192093   -0.00612092      0.999797      -1.86347
     0.999525    -0.0228659    -0.0206386      -0.37339     0.0229903      0.999719    0.00580984      0.291335        0.0205   -0.00628157       0.99977      -1.82542
     0.999522    -0.0225932    -0.0210982     -0.377002      0.022702       0.99973    0.00492827      0.307013     0.0209812   -0.00540488      0.999765      -2.06308
     0.999536    -0.0223797    -0.0206697     -0.387095     0.0224906      0.999734    0.00514932      0.202256      0.020549    -0.0056118      0.999773      -2.00248
     0.999543    -0.0226355    -0.0200244     -0.399133     0.0227119      0.999736    0.00359491       0.19988     0.0199377   -0.00404806      0.999793      -2.11905
     0.999533    -0.0230324    -0.0200801     -0.406966     0.0231081      0.999727    0.00354428      0.194123      0.019993   -0.00400664      0.999792      -2.16348
     0.999526    -0.0231998    -0.0202338     -0.386206     0.0232851      0.999721    0.00398754      0.213412     0.0201356    -0.0044568      0.999787      -2.22586
     0.999531    -0.0231708    -0.0200285     -0.398957     0.0232506      0.999723    0.00375921      0.212844     0.0199359   -0.00422312      0.999792      -2.18182
     0.999527    -0.0229985    -0.0204313     -0.411339     0.0230725      0.999728    0.00339283      0.203371     0.0203477   -0.00386262      0.999786      -2.22679
     0.999513    -0.0232526    -0.0208287     -0.402319     0.0233429      0.999719    0.00410324      0.231723     0.0207274   -0.00458744      0.999775      -2.14412
     0.999518    -0.0231762    -0.0206601     -0.400785     0.0232686       0.99972    0.00423965      0.208402     0.0205561   -0.00471834      0.999778      -2.16059
     0.999515    -0.0235044    -0.0204049     -0.396009     0.0236285      0.999704    0.00586226      0.303779     0.0202611   -0.00634156      0.999775      -2.08709
     0.999508    -0.0236377    -0.0206206     -0.393107     0.0238108      0.999683    0.00819336      0.287557     0.0204204   -0.00868032      0.999754      -2.01808
     0.999527    -0.0233822    -0.0199631     -0.376603     0.0235718      0.999679    0.00931894      0.393493     0.0197387    -0.0097851      0.999757       -1.9831
     0.999527    -0.0234666    -0.0198704     -0.391261     0.0236741      0.999667     0.0102764      0.357804     0.0196226     -0.010742       0.99975      -1.91143
     0.999527    -0.0233156    -0.0200716     -0.394045      0.023519      0.999674    0.00995959      0.359415     0.0198329    -0.0104269      0.999749      -1.98486
     0.999526    -0.0234555    -0.0199368     -0.390785     0.0236535      0.999673    0.00975111       0.40096     0.0197016    -0.0102181      0.999754      -1.97098
     0.999529    -0.0234077     -0.019829     -0.407385      0.023619      0.999666     0.0104907       0.35295     0.0195768    -0.0109541      0.999748       -1.9847
     0.999526    -0.0234447     -0.019937     -0.403291     0.0236544      0.999667     0.0103448      0.407326     0.0196878    -0.0108115      0.999748      -2.04065
      0.99953    -0.0234026    -0.0198151     -0.403936     0.0236039      0.999671    0.00998891      0.352893     0.0195748    -0.0104519      0.999754      -2.01424
     0.999521    -0.0235248    -0.0201159     -0.400244     0.0237204      0.999673     0.0095372      0.384467      0.019885    -0.0100098      0.999752       -2.0813
     0.999512    -0.0236652    -0.0203649     -0.408568      0.023886      0.999658     0.0106687      0.367449     0.0201054    -0.0111499      0.999736      -2.00612
     0.999514    -0.0235198    -0.0204407     -0.412125     0.0237254       0.99967    0.00987533      0.380145     0.0202017    -0.0103555      0.999742       -2.1362
     0.999515    -0.0235572    -0.0203671     -0.409545     0.0237717      0.999664     0.0103511      0.372164     0.0201164    -0.0108302      0.999739      -2.06363
     0.999519    -0.0236084    -0.0201118     -0.399569     0.0238077      0.999669    0.00973195      0.380024     0.0198754    -0.0102061       0.99975      -2.11074
     0.999513    -0.0237338    -0.0202793     -0.404834     0.0239468       0.99966      0.010328      0.377928     0.0200273    -0.0108086      0.999741      -2.03625
      0.99951    -0.0236516    -0.0205055     -0.398315     0.0238726      0.999659     0.0105976      0.372386     0.0202478     -0.011082      0.999734      -2.12396
     0.999504    -0.0237217    -0.0207274     -0.390254     0.0239507      0.999654     0.0108702      0.403866     0.0204624    -0.0113612      0.999726       -2.0961
     0.999505    -0.0236148    -0.0207766     -0.419474     0.0238433      0.999657      0.010824      0.355115     0.0205139     -0.011314      0.999726      -2.13319
     0.999509    -0.0235209    -0.0206876     -0.414244      0.023728       0.99967     0.0098206       0.39697     0.0204498    -0.0103067      0.999738      -2.22885
     0.999503     -0.023733    -0.0207628     -0.412097     0.0239578      0.999656     0.0106435       0.36138      0.020503    -0.0111357      0.999728      -2.08023
     0.999518    -0.0235263    -0.0202598     -0.408656     0.0237472       0.99966     0.0107307      0.432704     0.0200004    -0.0112066      0.999737      -1.94351
     0.999511    -0.0240472    -0.0199798     -0.421575     0.0242517      0.999655     0.0100571      0.414231     0.0197311    -0.0105367       0.99975      -1.82041
     0.999492    -0.0246245    -0.0202156     -0.411287      0.024765      0.999671    0.00672693      0.302972     0.0200433   -0.00722415      0.999773      -2.04927
     0.999501    -0.0241253    -0.0204064     -0.413801     0.0242831      0.999677    0.00752266      0.348818     0.0202183   -0.00801444      0.999763      -2.03506
     0.999501    -0.0242471    -0.0202421     -0.409873     0.0244337      0.999661    0.00902709      0.352084     0.0200164   -0.00951718      0.999754      -1.98884
       0.9995    -0.0243018    -0.0202524     -0.390209     0.0244849      0.999661    0.00884084       0.39375     0.0200307   -0.00933229      0.999756      -2.09775
     0.999498    -0.0243686    -0.0202276     -0.396252     0.0245601      0.999655    0.00927292      0.346629     0.0199947   -0.00976506      0.999752      -2.06453
     0.999502    -0.0242938    -0.0201302     -0.395908      0.024474      0.999662    0.00875384      0.392114     0.0199107   -0.00924215      0.999759      -2.12075
     0.999502     -0.024302     -0.020131      -0.41957     0.0244906      0.999658    0.00917608      0.320178     0.0199011   -0.00966453      0.999755      -2.03266
     0.999492    -0.0240961    -0.0208454     -0.474493     0.0242575      0.999677    0.00752333      0.292956     0.0206574   -0.00802517      0.999754      -2.14455
     0.999489    -0.0242201    -0.0208462     -0.432376     0.0243929       0.99967    0.00807342      0.392338     0.0206438    -0.0085778       0.99975      -2.12271
     0.999502    -0.0244972     -0.019904     -0.409407     0.0247119      0.999638     0.0106098      0.452759     0.0196369    -0.0110964      0.999746      -2.04846
     0.999518    -0.0242122    -0.0194512     -0.403588     0.0244521      0.999627     0.0121894      0.541381     0.0191488    -0.0126591      0.999737      -1.98981
     0.999506    -0.0245613    -0.0196108     -0.382169     0.0247758      0.999635     0.0107729      0.569904      0.019339    -0.0112535       0.99975      -2.02501
     0.999518    -0.0241427    -0.0195354     -0.390825     0.0243347      0.999657    0.00964735      0.474549     0.0192958    -0.0101181      0.999763      -2.07053
     0.999515    -0.0241028    -0.0197067     -0.405982     0.0242924       0.99966    0.00944134      0.480676     0.0194725   -0.00991548      0.999761      -2.08552
     0.999508    -0.0242502     -0.019896     -0.413943       0.02445      0.999652    0.00986001      0.451544       0.01965    -0.0103416      0.999753      -2.06017
     0.999508    -0.0241705    -0.0199865     -0.420449      0.024373      0.999653    0.00994889      0.473781     0.0197391    -0.0104311      0.999751      -2.07249
     0.999511      -0.02417    -0.0198384     -0.420922     0.0243765       0.99965     0.0102367        0.4543     0.0195841    -0.0107153      0.999751      -2.10166
     0.999504    -0.0243756    -0.0199247     -0.428304     0.0245765      0.999649    0.00990007      0.480431     0.0196764    -0.0103848      0.999752        -2.115
     0.999511    -0.0240139    -0.0200073     -0.431475     0.0242158      0.999658    0.00990681       0.42476     0.0197625    -0.0103865      0.999751      -2.06082
     0.999509    -0.0240677    -0.0200563      -0.42443      0.024256      0.999663    0.00920142      0.463785     0.0198281   -0.00968339      0.999757      -2.12407
     0.999495    -0.0243242    -0.0204371     -0.433491     0.0245349      0.999648     0.0101221      0.446802     0.0201836    -0.0106184       0.99974      -2.08656
     0.999484    -0.0245113    -0.0207792     -0.437145     0.0247232      0.999644      0.010001      0.470503     0.0205267    -0.0105096      0.999734      -2.17183
       0.9995    -0.0247857    -0.0196281     -0.403978     0.0250431      0.999602     0.0129794      0.428311     0.0192986    -0.0134644      0.999723      -1.91374
     0.999518    -0.0235263    -0.0202452     -0.407992     0.0237814       0.99964     0.0124534      0.472501      0.019945    -0.0129288      0.999717      -1.72632
     0.999525    -0.0231605    -0.0203204     -0.418865     0.0234289       0.99964      0.013071      0.478356     0.0200103    -0.0135408      0.999708      -1.63897
     0.999509    -0.0234616    -0.0207892     -0.419641     0.0236901      0.999661     0.0108167      0.432274     0.0205284    -0.0113039      0.999725      -1.88854
     0.999499    -0.0236707    -0.0210025     -0.410413     0.0238998      0.999657     0.0107241      0.435499     0.0207414    -0.0112206      0.999722      -1.86615
     0.999489    -0.0236499    -0.0215048     -0.408625     0.0238985       0.99965     0.0113777      0.428219     0.0212282    -0.0118858      0.999704      -1.92328
     0.999484     -0.023643    -0.0217402     -0.425378     0.0238951      0.999649     0.0114088      0.440957     0.0214629    -0.0119224      0.999699      -1.88799
     0.999491    -0.0234985     -0.021594     -0.421642     0.0237359       0.99966     0.0108073      0.368005     0.0213327    -0.0113143      0.999708      -1.90266
     0.999497    -0.0233763    -0.0214088     -0.421928     0.0236218      0.999657      0.011286       0.41253     0.0211377     -0.011786      0.999707      -1.80515
     0.999497    -0.0234888    -0.0212991     -0.423042     0.0237309      0.999656     0.0111832      0.391406     0.0210291     -0.011683      0.999711      -1.81182
     0.999506    -0.0230726    -0.0213537     -0.444579     0.0233049      0.999671     0.0106981      0.402054     0.0210998    -0.0111905      0.999715      -1.83217
     0.999504    -0.0232293    -0.0212428      -0.42996      0.023458      0.999669     0.0105818       0.37529     0.0209899    -0.0110749      0.999718      -1.84404
     0.999502    -0.0234258    -0.0211448     -0.412803     0.0236496      0.999666     0.0103997      0.417308     0.0208942    -0.0108946      0.999722      -1.89894
     0.999512    -0.0231467    -0.0209773      -0.40873     0.0233551       0.99968    0.00974444      0.339631      0.020745    -0.0102296      0.999732      -1.96219
     0.999492    -0.0233504    -0.0217056     -0.434451     0.0235925      0.999662     0.0109643      0.395007     0.0214422    -0.0114708      0.999704      -1.85212
     0.999476    -0.0234994    -0.0222562     -0.444878     0.0237217      0.999671    0.00977848      0.348152     0.0220191    -0.0103013      0.999704      -1.85934
     0.999475    -0.0236934    -0.0220987     -0.435373     0.0239146      0.999666    0.00980309      0.364683     0.0218591    -0.0103264      0.999708      -1.88789
      0.99947      -0.02386    -0.0221336     -0.440909     0.0240857       0.99966    0.00998459      0.336266     0.0218879    -0.0105124      0.999705      -1.96219
     0.999498    -0.0233592    -0.0213812     -0.406924     0.0235938      0.999663      0.010787      0.462497      0.021122     -0.011286      0.999713      -1.32439
     0.999562    -0.0211604    -0.0206942     -0.347315     0.0213812      0.999716     0.0105073      0.963684      0.020466    -0.0109452      0.999731      0.320666
     0.999542    -0.0214859    -0.0213221     -0.352126     0.0217875      0.999664     0.0140166       1.19835     0.0210138    -0.0144748      0.999674      0.595164
     0.999542    -0.0211609    -0.0216292     -0.369714     0.0214882      0.999656     0.0150169       1.13863      0.021304    -0.0154748      0.999653      0.356682
     0.999536    -0.0211095    -0.0219535     -0.393743      0.021405      0.999682     0.0133125       1.00397     0.0216655    -0.0137763       0.99967      -0.17365
      0.99952      -0.02149    -0.0223368     -0.407511     0.0217563      0.999694     0.0117499       1.01228     0.0220775    -0.0122302      0.999681     -0.582658
     0.999513    -0.0215502     -0.022553     -0.426752     0.0218229      0.999691     0.0119147       0.93038     0.0222893     -0.012401      0.999675     -0.610494
     0.999512    -0.0216038    -0.0225599     -0.438183     0.0218664      0.999695     0.0114602      0.927551     0.0223054    -0.0119479       0.99968     -0.739057
     0.999503    -0.0218976     -0.022683     -0.440266     0.0221725      0.999683     0.0119424      0.958579     0.0224143    -0.0124394      0.999671      -0.73954
     0.999502    -0.0218264    -0.0227827     -0.441299     0.0221008      0.999685     0.0118596      0.863193     0.0225167    -0.0123572       0.99967     -0.770613
     0.999495    -0.0221806    -0.0227365      -0.43847     0.0224049      0.999702    0.00965931      0.855202     0.0225155    -0.0101639      0.999695     -0.886278
     0.999492    -0.0222519    -0.0228125     -0.437729     0.0224542       0.99971     0.0086524      0.773305     0.0226133   -0.00916024      0.999702     -0.872626
     0.999497    -0.0221026    -0.0227582     -0.450397     0.0223351        0.9997      0.010009      0.838338     0.0225301    -0.0105122      0.999691     -0.944597
     0.999485    -0.0222905    -0.0230844      -0.45134     0.0225187        0.9997    0.00967508      0.750842     0.0228618    -0.0101899      0.999687     -0.945798
     0.999458    -0.0222133    -0.0243141     -0.485271     0.0224406      0.999707    0.00911763      0.707148     0.0241045   -0.00965831      0.999663     -0.999562
     0.999446    -0.0227258    -0.0243136     -0.483318     0.0229728      0.999687    0.00992883      0.812351     0.0240803    -0.0104819      0.999655      -1.03057
     0.999456     -0.022894    -0.0237492     -0.454493     0.0231824       0.99966     0.0119415      0.791111     0.0234677    -0.0124856      0.999647     -0.892813
      0.99945    -0.0229712    -0.0239266     -0.475958     0.0232818      0.999647     0.0127832      0.821056     0.0236245    -0.0133332      0.999632     -0.999393
     0.999447    -0.0231502    -0.0238715     -0.495941     0.0234499      0.999649     0.0123531      0.831534     0.0235771    -0.0129061      0.999639       -1.1598
     0.999449    -0.0234997    -0.0234426     -0.472364     0.0238019      0.999636     0.0126971      0.660857     0.0231357    -0.0132481      0.999645      -1.35261
     0.999437    -0.0237672    -0.0236786     -0.459093     0.0240913      0.999619     0.0134975      0.707068     0.0233488    -0.0140604      0.999629      -1.30902
     0.999441    -0.0237931    -0.0234728     -0.457204     0.0241132      0.999619     0.0134518      0.678422     0.0231438    -0.0140102      0.999634      -1.26141
     0.999438    -0.0238303     -0.023556     -0.446021     0.0241371      0.999626      0.012826      0.716693     0.0232415    -0.0133874       0.99964      -1.31406
     0.999448    -0.0235921    -0.0233814     -0.443133     0.0239032      0.999628     0.0131172      0.661337     0.0230632    -0.0136689      0.999641      -1.13182
     0.999441    -0.0238807    -0.0234023     -0.440153     0.0241531      0.999643     0.0114275      0.714544     0.0231211    -0.0119864      0.999661       -1.4165
     0.999448    -0.0238964    -0.0230884     -0.445233     0.0240986      0.999673    0.00852108      0.546502     0.0228772   -0.00907277      0.999697      -1.90621
     0.999431    -0.0242951    -0.0234035      -0.43543     0.0244846      0.999669    0.00784587      0.481754     0.0232051   -0.00841443      0.999695      -1.86442
     0.999427    -0.0244212    -0.0234257     -0.436844     0.0246645      0.999644     0.0101511      0.550466     0.0231695    -0.0107231      0.999674      -1.58892
     0.999416    -0.0240625    -0.0242496     -0.452597     0.0243133      0.999653     0.0101027      0.524243     0.0239981    -0.0106864      0.999655      -1.74235
     0.999416    -0.0241399    -0.0241883      -0.43951     0.0243949      0.999649      0.010304       0.57182     0.0239311    -0.0108881      0.999654      -1.64314
     0.999421    -0.0242162    -0.0239214     -0.440828     0.0244696      0.999647      0.010356      0.528324     0.0236622    -0.0109354       0.99966      -1.62966
     0.999406    -0.0242485    -0.0244984     -0.445882     0.0245092      0.999646     0.0103979      0.572928     0.0242376    -0.0109921      0.999646      -1.70605
     0.999423    -0.0238177    -0.0242338     -0.452027     0.0240694      0.999659     0.0101504      0.519144     0.0239838    -0.0107278      0.999655      -1.62005
     0.999443    -0.0234171    -0.0237871     -0.439329     0.0236346      0.999681    0.00890649      0.536544     0.0235709   -0.00946372      0.999677      -1.65318
      0.99944    -0.0237345    -0.0235958     -0.438389     0.0239747      0.999663    0.00995004      0.512655     0.0233517    -0.0105102      0.999672       -1.5891
     0.999434    -0.0239605    -0.0236125     -0.436866     0.0241902      0.999662    0.00948865      0.542095     0.0233772    -0.0100545      0.999676      -1.61389
     0.999429    -0.0239285    -0.0238539     -0.443639     0.0241699      0.999659    0.00988425      0.570113     0.0236093    -0.0104552      0.999667      -1.56008
      0.99943    -0.0237354    -0.0240062     -0.457087     0.0239894      0.999659     0.0103459      0.535567     0.0237524    -0.0109159      0.999658      -1.59048
     0.999419    -0.0239076    -0.0242817     -0.459573     0.0241464      0.999662    0.00958917      0.574328     0.0240442    -0.0101699      0.999659      -1.70349
     0.999428    -0.0237195    -0.0241156     -0.467682     0.0239465      0.999671    0.00916859      0.500318     0.0238902   -0.00974083      0.999667      -1.69879
     0.999437    -0.0236323    -0.0238067     -0.460884     0.0238386       0.99968    0.00842127      0.514403     0.0236001   -0.00898405      0.999681      -1.69484
     0.999443    -0.0234173     -0.023768     -0.468752     0.0236209      0.999686    0.00832449      0.472611     0.0235656   -0.00888128      0.999683       -1.6534
     0.999451    -0.0231966    -0.0236735     -0.447063     0.0234074      0.999688    0.00866834      0.501166      0.023465   -0.00921771      0.999682       -1.5763
     0.999472    -0.0228553    -0.0230787     -0.448327     0.0230483      0.999701    0.00813138      0.489575      0.022886   -0.00865901      0.999701       -1.4607
     0.999491    -0.0226261    -0.0225016     -0.414579     0.0228133      0.999707    0.00809997      0.538653     0.0223117   -0.00860918      0.999714      -1.27413
