# 3dvolreg matrices (DICOM-to-DICOM, row-by-row):
     0.999987   -0.00504411  -0.000638333    -0.0269169    0.00503073      0.999798    -0.0194702     -0.301387   0.000736414     0.0194667       0.99981      -1.99017
     0.999984   -0.00557415  -0.000204841    -0.0327701    0.00557093      0.999896    -0.0132953     -0.284983    0.00027893      0.013294      0.999912      -1.89508
     0.999985   -0.00543366  -5.38415e-05    -0.0231617    0.00543229      0.999878    -0.0146745     -0.310314   0.000133571      0.014674      0.999892      -1.89355
     0.999985   -0.00549018  -0.000396724    0.00434017    0.00548414      0.999888    -0.0138903     -0.280329    0.00047294     0.0138879      0.999903      -1.96318
     0.999985   -0.00543798  -0.000174928     -0.025868    0.00543522      0.999899    -0.0131054     -0.269301   0.000246177     0.0131042      0.999914      -1.86587
     0.999985   -0.00551792    0.00044343     -0.034007    0.00552367      0.999884     -0.014203     -0.267876  -0.000365007     0.0142052      0.999899      -1.93835
     0.999985   -0.00542417   0.000937047    -0.0143359    0.00543667      0.999889    -0.0138966     -0.291172  -0.000861565     0.0139015      0.999903      -1.87736
     0.999985   -0.00544622   0.000770345    -0.0103572    0.00545586      0.999899    -0.0131245     -0.261802  -0.000698788     0.0131285      0.999914      -1.87376
     0.999982   -0.00600206   0.000973648    -0.0175227    0.00601459      0.999892     -0.013423     -0.293977  -0.000892977     0.0134286      0.999909      -1.91828
     0.999985   -0.00554212   0.000401961   -0.00730761    0.00554707      0.999892    -0.0136061     -0.240506  -0.000326511     0.0136081      0.999907      -2.00517
     0.999986   -0.00534584  -0.000133465    0.00160634     0.0053437      0.999904    -0.0127843     -0.282637   0.000201795     0.0127834      0.999918      -1.90723
     0.999984   -0.00567109    0.00024942   -0.00161509    0.00567407      0.999882    -0.0142597     -0.268254  -0.000168522     0.0142609      0.999898      -2.04535
     0.999982   -0.00604064   0.000335493    0.00427845     0.0060447      0.999886     -0.013809     -0.274233   -0.00025204     0.0138108      0.999905      -1.93867
     0.999982   -0.00597543   0.000116077    -0.0203768    0.00597638      0.999915    -0.0116104     -0.282457    -4.669e-05     0.0116109      0.999933       -1.9769
     0.999991   -0.00208294    0.00379745     0.0142713    0.00228812      0.998492    -0.0548504      -0.36047   -0.00367747     0.0548586      0.998487     -0.878769
     0.999993   -0.00330938    0.00164806     0.0896358    0.00341743      0.997501    -0.0705654    -0.0764019   -0.00141041     0.0705705      0.997506     -0.736326
     0.999995   -0.00196979    -0.0025197    -0.0620361    0.00187263      0.999276     -0.037997   -0.00237838    0.00259272     0.0379921      0.999275      -1.79591
     0.999994   -0.00267192   -0.00201531    -0.0586894    0.00259769      0.999349    -0.0359738     -0.258626    0.00211012     0.0359683      0.999351      -1.77233
     0.999994   -0.00289025   -0.00163736    -0.0329454    0.00283173      0.999394    -0.0346799     -0.247745    0.00173661     0.0346751      0.999397      -1.85925
     0.999995    -0.0028572   -0.00111548    -0.0278546    0.00281735       0.99941    -0.0342218     -0.293224     0.0012126     0.0342185      0.999414      -1.79835
     0.999994   -0.00322371   -0.00124681    -0.0139071    0.00317769      0.999372    -0.0353051     -0.313013    0.00135984     0.0353009      0.999376      -1.87828
     0.999994   -0.00335505   -0.00123303   -0.00462002    0.00330925      0.999366    -0.0354398     -0.301755    0.00135115     0.0354355      0.999371      -1.74812
     0.999993   -0.00349378   -0.00111002    0.00770005    0.00345327      0.999395    -0.0346055     -0.282012    0.00123026     0.0346014        0.9994      -1.76447
     0.999993   -0.00356031   -0.00118879       0.01919    0.00351685       0.99939    -0.0347508     -0.272312    0.00131179     0.0347464      0.999395       -1.8803
     0.999993   -0.00350406   -0.00139567      0.010579    0.00345343       0.99939    -0.0347612     -0.340254    0.00151662     0.0347561      0.999395      -1.87029
     0.999993   -0.00346365   -0.00109304     0.0209155    0.00342435      0.999412    -0.0341119     -0.272282    0.00121055     0.0341079      0.999417      -1.74627
     0.999993   -0.00357786   -0.00113946    0.00940001    0.00353526      0.999367    -0.0354118     -0.347168    0.00126544     0.0354075      0.999372      -1.99391
     0.999995    -0.0028444    -0.0013081    0.00246413    0.00279705      0.999388    -0.0348816     -0.329448    0.00140651     0.0348777      0.999391      -2.04456
     0.999993   -0.00354844   -0.00124826     0.0264287    0.00350854      0.999525    -0.0306294     -0.296637    0.00135635     0.0306248       0.99953      -1.70685
     0.999993   -0.00355095  -0.000984776     0.0223688    0.00351667      0.999454    -0.0328655     -0.305075    0.00110094     0.0328618      0.999459      -2.00497
     0.999995   -0.00292443  -0.000881387    0.00779238    0.00289332      0.999436    -0.0334494      -0.32241   0.000978711     0.0334467       0.99944      -2.29977
     0.999995    -0.0030222   -0.00134629    0.00123986    0.00297664      0.999462    -0.0326475     -0.423953    0.00144423     0.0326433      0.999466      -2.19232
     0.999994    -0.0031395   -0.00130505     0.0251886    0.00309374      0.999427    -0.0337057     -0.337081    0.00141012     0.0337014      0.999431      -2.53122
     0.999994   -0.00342146  -0.000952207     0.0566186    0.00338757      0.999431    -0.0335658     -0.383711    0.00106651     0.0335624      0.999436      -2.71113
     0.999993   -0.00371415  -6.00822e-05      0.023833    0.00371032      0.999479    -0.0320537     -0.504917   0.000179103     0.0320532      0.999486      -2.54189
     0.999993   -0.00366557  -0.000194564    0.00103122    0.00365722      0.999456    -0.0327643     -0.396811   0.000314558     0.0327634      0.999463       -2.7152
     0.999993   -0.00370019   0.000250047    0.00545102    0.00370639      0.999456    -0.0327562      -0.47108  -0.000128707     0.0327569      0.999463      -2.43277
     0.999994   -0.00357191   1.66875e-05     0.0351346    0.00357047      0.999435    -0.0334092     -0.390173   0.000102656      0.033409      0.999442      -2.53626
     0.999994   -0.00346269    0.00038827     0.0384549    0.00347331      0.999486    -0.0318797      -0.44955  -0.000277681     0.0318808      0.999492      -2.43875
     0.999995   -0.00329406   0.000169714     0.0131161    0.00329782      0.999474    -0.0322539     -0.492099  -6.33787e-05     0.0322543       0.99948      -2.42288
     0.999994   -0.00348037   0.000162736     0.0385122    0.00348383      0.999461    -0.0326436     -0.389815  -4.90367e-05      0.032644      0.999467      -2.49139
     0.999994    -0.0035571    0.00029187     0.0414442    0.00356464      0.999477    -0.0321491     -0.426536  -0.000177359     0.0321499      0.999483      -2.39848
     0.999994   -0.00352611   0.000553618     0.0276764    0.00354207      0.999478    -0.0321126     -0.454244  -0.000440096     0.0321144      0.999484      -2.36586
     0.999992   -0.00380732   0.000823837     0.0421014    0.00383294      0.999424    -0.0337261     -0.405494  -0.000694957      0.033729      0.999431      -2.53767
     0.999994   -0.00332722  -0.000434778     0.0238914    0.00331178      0.999492    -0.0316887     -0.256803   0.000539992     0.0316871      0.999498      -2.65334
     0.999994   -0.00310707   -0.00160192     0.0174735     0.0030603      0.999591    -0.0284188     -0.436724    0.00168956     0.0284138      0.999595       -2.2696
     0.999995   -0.00319863  -0.000327473     0.0092747    0.00318777      0.999573    -0.0290481     -0.529325   0.000420247     0.0290469      0.999578      -2.32074
     0.999995   -0.00317714      -0.00014    0.00422871    0.00317171       0.99957    -0.0291384     -0.395836   0.000232517     0.0291378      0.999575      -2.32091
     0.999995   -0.00318226  -0.000164258    -0.0261418    0.00317646      0.999608    -0.0278168     -0.362545   0.000252714     0.0278161      0.999613      -2.27698
     0.999992   -0.00391803  -0.000462012    -0.0323669    0.00390412      0.999627    -0.0270131     -0.354779   0.000567678     0.0270111      0.999635      -2.34434
     0.999991   -0.00411386   -0.00105907    -0.0326281    0.00408484      0.999651    -0.0260839     -0.265829    0.00116601     0.0260794      0.999659      -2.32666
     0.999992   -0.00384192   -0.00122471    -0.0176281    0.00380933      0.999665    -0.0255856     -0.296275     0.0013226     0.0255807      0.999672      -2.18167
     0.999993   -0.00369917  -0.000974566    -0.0124411    0.00367186      0.999637    -0.0266758     -0.240916    0.00107289     0.0266721      0.999644      -2.32945
     0.999993   -0.00366988    -0.0010272    -0.0286306    0.00363792      0.999557    -0.0295512     -0.343033    0.00113519     0.0295472      0.999563      -2.91978
     0.999993   -0.00364035  -0.000802297    -0.0188125    0.00361523      0.999562    -0.0293606     -0.395276   0.000908828     0.0293575      0.999569      -2.83291
     0.999993   -0.00375965  -0.000744006   -0.00910573    0.00373647      0.999572      -0.02903     -0.399703    0.00085283      0.029027      0.999578      -2.57496
     0.999998   -0.00172622  -0.000366881    -0.0107807      0.001715      0.999588    -0.0286413      -0.42639   0.000416171     0.0286406       0.99959       -2.4622
     0.999997   -0.00247101   0.000329642   -0.00194428    0.00247959       0.99957     -0.029231     -0.331678   -0.00025727     0.0292317      0.999573      -2.46483
     0.999995   -0.00309679  -8.02904e-05    -0.0276042    0.00309353      0.999637    -0.0267615     -0.362259   0.000163136     0.0267611      0.999642      -2.35388
     0.999995   -0.00304256  -7.31894e-05    -0.0193513    0.00303938      0.999615    -0.0275871     -0.319935   0.000157097     0.0275867      0.999619      -2.46444
     0.999995   -0.00308513   0.000527728     -0.015968     0.0030987      0.999603      -0.02799      -0.33629  -0.000441165     0.0279915      0.999608      -2.46019
     0.999995   -0.00297121   0.000493543    -0.0236736    0.00298402      0.999593    -0.0283865     -0.422553  -0.000408999     0.0283878      0.999597      -2.49339
     0.999995   -0.00298548   0.000549676   -0.00939172    0.00300025       0.99957    -0.0291733     -0.343041  -0.000462344     0.0291748      0.999574      -2.51638
     0.999996   -0.00298798   0.000139969    -0.0163107    0.00299075      0.999595    -0.0282886     -0.379272  -5.53871e-05     0.0282888        0.9996      -2.39873
     0.999995   -0.00301451   0.000105752    -0.0229716    0.00301631      0.999575    -0.0290043     -0.370659  -1.82735e-05     0.0290045      0.999579      -2.52268
     0.999995   -0.00291706    0.00121667   -0.00202758    0.00295271      0.999533    -0.0304039      -0.37625   -0.00112741     0.0304073      0.999537      -2.53802
     0.999973   -0.00357787   -0.00643802     -0.250104    0.00342745      0.999724    -0.0232261     -0.303394    0.00651934     0.0232034       0.99971        -2.405
      0.99994   -0.00413988    -0.0100954     -0.466033    0.00402938      0.999932    -0.0109414    -0.0922739       0.01014     0.0109001      0.999889      -2.06589
     0.999965   -0.00481681   -0.00677127     -0.326375    0.00475525      0.999947   -0.00907729     -0.118934    0.00681464    0.00904478      0.999936      -1.94255
      0.99997   -0.00543403   -0.00558609     -0.272783    0.00539033      0.999955   -0.00780877     0.0184735    0.00562827    0.00777842      0.999954      -1.90338
     0.999967   -0.00531743   -0.00614062     -0.262115    0.00526569      0.999951   -0.00841049     -0.039136    0.00618504    0.00837787      0.999946      -1.86316
     0.999964   -0.00568822   -0.00626296     -0.213505    0.00562909       0.99994   -0.00941829    -0.0237504    0.00631616    0.00938269      0.999936      -2.01622
     0.999968   -0.00590903   -0.00544943     -0.171469    0.00585254       0.99993    -0.0103244    -0.0217726    0.00551006     0.0102921      0.999932      -1.96523
     0.999974   -0.00557163   -0.00461774     -0.168327    0.00551598      0.999913    -0.0119769    -0.0875957    0.00468407     0.0119511      0.999918      -2.00577
     0.999971   -0.00590554   -0.00479767     -0.172999    0.00585336      0.999924    -0.0108198    -0.0168454    0.00486121     0.0107915       0.99993      -1.93826
     0.999966   -0.00604645   -0.00558262     -0.188031    0.00598684      0.999926     -0.010633    -0.0581025     0.0056465     0.0105992      0.999928      -1.98643
      0.99997   -0.00616077   -0.00468701     -0.174008    0.00610636      0.999915    -0.0115357    -0.0371858    0.00475768     0.0115067      0.999922      -2.04318
     0.999971   -0.00591085   -0.00471026     -0.167262    0.00585927      0.999924    -0.0108918     -0.082793    0.00477428     0.0108639       0.99993       -1.9164
     0.999973   -0.00585216   -0.00445654     -0.166299     0.0057968      0.999907    -0.0123344    -0.0540826    0.00452831     0.0123083      0.999914      -2.06072
     0.999974   -0.00581924   -0.00420758     -0.144423    0.00576757      0.999909    -0.0121896    -0.0879347    0.00427813      0.012165      0.999917       -2.0012
     0.999978   -0.00546942   -0.00366111     -0.137563    0.00542508      0.999913    -0.0120128    -0.0851643    0.00372649     0.0119927      0.999921      -1.89051
     0.999982   -0.00530964   -0.00293501      -0.13719    0.00526837       0.99989    -0.0138945    -0.0495969    0.00300846     0.0138787      0.999899      -2.02002
      0.99998   -0.00546812   -0.00323971     -0.131329    0.00542462      0.999897    -0.0132866     -0.128448    0.00331203     0.0132687      0.999906      -1.96554
     0.999974    -0.0060575   -0.00380359     -0.120137    0.00600166      0.999877    -0.0145233     -0.065518     0.0038911     0.0145001      0.999887      -2.03434
     0.999976   -0.00586662   -0.00359516     -0.115453    0.00581666      0.999889    -0.0137512     -0.104305    0.00367543     0.0137299      0.999899      -1.96271
      0.99998     -0.005117   -0.00378522     -0.124693    0.00506368       0.99989    -0.0139638     -0.107898    0.00385625     0.0139444      0.999895      -2.01476
      0.99998    -0.0054266   -0.00323281     -0.108556    0.00538062      0.999887    -0.0140646    -0.0803028    0.00330876      0.014047      0.999896      -1.98504
     0.999978   -0.00585434   -0.00296871     -0.117537    0.00581282      0.999888    -0.0138082     -0.110643    0.00304922     0.0137907        0.9999      -2.03216
     0.999978   -0.00561801   -0.00352199     -0.129141    0.00556129      0.999858    -0.0159141     -0.121403     0.0036109     0.0158941      0.999867      -2.09542
     0.999978   -0.00558466   -0.00357894     -0.124463    0.00553144      0.999877    -0.0147101     -0.180506    0.00366065       0.01469      0.999885       -2.0198
     0.999981   -0.00518987   -0.00337344      -0.10637    0.00514232      0.999889    -0.0139553    -0.0673793    0.00344549     0.0139377      0.999897      -1.93732
      0.99998   -0.00509793   -0.00375545     -0.118251    0.00504701      0.999897    -0.0134454    -0.0985179    0.00382361     0.0134262      0.999903      -1.80898
     0.999982   -0.00490353   -0.00348613     -0.119606    0.00485373      0.999888    -0.0141529    -0.0771921    0.00355514     0.0141357      0.999894      -1.93456
     0.999982   -0.00517714   -0.00287157    -0.0993105     0.0051321      0.999867    -0.0154768    -0.0997142    0.00295131     0.0154618      0.999876      -1.95981
      0.99998    -0.0054797   -0.00304715    -0.0988301    0.00543301      0.999871    -0.0151276     -0.121741    0.00312965     0.0151108      0.999881      -2.00764
     0.999983   -0.00524399   -0.00270392     -0.109662    0.00520518      0.999886    -0.0141633    -0.0609651    0.00277788     0.0141489      0.999896      -1.83015
     0.999982    -0.0052777   -0.00298615     -0.107106    0.00523362       0.99988    -0.0145826     -0.145123    0.00306275     0.0145667      0.999889      -1.86444
      0.99998   -0.00533851     -0.003254     -0.124717    0.00529233      0.999887    -0.0140401     -0.063587    0.00332858     0.0140226      0.999896      -1.98731
     0.999984   -0.00512256    -0.0021975     -0.122523    0.00509168      0.999891    -0.0138382    -0.0488942    0.00226814     0.0138268      0.999902      -2.01304
     0.999986   -0.00473106   -0.00226803     -0.116689    0.00469827      0.999887    -0.0142521    -0.0975964     0.0023352     0.0142413      0.999896      -1.99314
     0.999984   -0.00490828   -0.00281621     -0.113127    0.00487014      0.999898    -0.0133961    -0.0701492    0.00288167     0.0133821      0.999906       -1.9803
     0.999982   -0.00501526   -0.00313904     -0.126078     0.0049731      0.999899    -0.0132992    -0.0882588    0.00320542     0.0132834      0.999907      -2.05408
     0.999985   -0.00500303   -0.00232027     -0.100047    0.00497094      0.999895     -0.013634    -0.0886952    0.00238823     0.0136222      0.999904      -1.96456
     0.999987   -0.00461706   -0.00219863    -0.0900341    0.00458274      0.999871    -0.0153657      -0.11925    0.00226929     0.0153555       0.99988      -2.11913
     0.999986   -0.00484615   -0.00219482    -0.0971948    0.00481149      0.999868     -0.015534     -0.133276    0.00226981     0.0155232      0.999877      -2.09075
     0.999987   -0.00476535   -0.00206643      -0.11739    0.00473324      0.999872    -0.0152753     -0.185812    0.00213896     0.0152653      0.999881       -2.1377
     0.999986   -0.00448928   -0.00279972      -0.07517     0.0044458      0.999872    -0.0153478     -0.146586    0.00286827     0.0153352      0.999878      -2.10312
     0.999986   -0.00456568   -0.00258309    -0.0752539    0.00452533      0.999871     -0.015419     -0.229342    0.00265316     0.0154071      0.999878      -2.13509
     0.999988   -0.00455628   -0.00202603    -0.0916544    0.00452347      0.999863     -0.015911     -0.197576    0.00209825     0.0159017      0.999871       -2.1809
     0.999987   -0.00471464   -0.00175776    -0.0885852    0.00468478      0.999851    -0.0166264     -0.302861    0.00183588      0.016618       0.99986      -2.14127
     0.999985   -0.00539691  -0.000969412    -0.0333391    0.00537974      0.999842    -0.0169201     -0.107081    0.00106058     0.0169146      0.999856      -1.78054
     0.999987   -0.00471249    0.00191984    -0.0499745    0.00473575      0.999913    -0.0122959     -0.035019   -0.00186173     0.0123048      0.999923      -1.72793
     0.999989   -0.00463815  -0.000485995    -0.0844871    0.00462941       0.99985     -0.016667     -0.497589   0.000563227     0.0166646      0.999861      -1.96714
     0.999984   -0.00558736  -0.000957661    -0.0541382    0.00556886      0.999816    -0.0183384     -0.595216    0.00105995     0.0183328      0.999831       -2.0777
     0.999984    -0.0056453  -0.000280771    -0.0529219    0.00563922      0.999817    -0.0182943     -0.395306   0.000383996     0.0182924      0.999833      -2.16035
     0.999981   -0.00605503   -0.00143994     -0.077231    0.00602668      0.999803    -0.0189363     -0.352089    0.00155431     0.0189273       0.99982      -2.20782
     0.999985   -0.00545997  -0.000889972    -0.0578488    0.00544302      0.999822    -0.0180521     -0.271121   0.000988378      0.018047      0.999837      -2.18507
     0.999986   -0.00534829  -0.000354265    -0.0551884    0.00534109      0.999825    -0.0179199     -0.301005   0.000450044     0.0179178      0.999839      -2.13939
     0.999985   -0.00541524  -6.92319e-05     -0.071605    0.00541299       0.99981    -0.0187273     -0.292161   0.000170631     0.0187266      0.999825      -2.22071
     0.999989   -0.00478381   0.000254161    -0.0536733    0.00478773      0.999814    -0.0186728     -0.289927  -0.000164787     0.0186738      0.999826      -2.12822
     0.999989   -0.00465926   0.000891391    -0.0315212    0.00467615      0.999789    -0.0199878      -0.35088  -0.000798075     0.0199917        0.9998      -2.21429
     0.999986   -0.00525941   0.000688179    -0.0337284    0.00527213      0.999786    -0.0200137     -0.324032  -0.000582772     0.0200171      0.999799      -2.19706
     0.999986   -0.00518373   0.000649285    -0.0662693    0.00519548      0.999794    -0.0196382     -0.331949  -0.000547352     0.0196413      0.999807      -2.18994
     0.999985   -0.00536715   0.000964801    -0.0671758    0.00538591      0.999773    -0.0206349     -0.308985  -0.000853831     0.0206398      0.999787      -2.17182
      0.99999   -0.00439275  -0.000352554    -0.0546711    0.00438425      0.999764      -0.02129      -0.34424   0.000445992     0.0212883      0.999773       -2.2048
      0.99999   -0.00457997   -0.00014811    -0.0494605    0.00457603      0.999784    -0.0202557     -0.314436   0.000240849     0.0202548      0.999795      -2.19156
      0.99999    -0.0043198   0.000604503    -0.0601901    0.00433067      0.999804    -0.0193215     -0.329147  -0.000520919      0.019324      0.999813      -2.17195
     0.999989    -0.0046518   0.000831859    -0.0489162    0.00466747       0.99979    -0.0199464     -0.332784  -0.000738897       0.01995      0.999801      -2.20249
     0.999988   -0.00478934   0.000583501    -0.0795303    0.00480026       0.99978    -0.0204219     -0.358868  -0.000485565     0.0204245      0.999791      -2.29179
     0.999988   -0.00484854   0.000641261    -0.0769691    0.00486063       0.99978    -0.0204253     -0.319317  -0.000542086     0.0204282      0.999791      -2.27434
     0.999988   -0.00493222   0.000553954    -0.0723277    0.00494253      0.999778    -0.0204772     -0.363015  -0.000452833     0.0204797       0.99979      -2.22395
     0.999988   -0.00479367   0.000874559    -0.0881143    0.00481129      0.999759     -0.021398     -0.334746  -0.000771774      0.021402      0.999771      -2.29642
     0.999988   -0.00475276   0.000650272    -0.0867699    0.00476524      0.999773    -0.0207584     -0.379483  -0.000551465     0.0207613      0.999784      -2.22062
     0.999988   -0.00487833   0.000634153    -0.0887384    0.00489036      0.999776    -0.0206073     -0.324195  -0.000533481     0.0206102      0.999787      -2.24778
     0.999987   -0.00516346   0.000519072    -0.0796135    0.00517271      0.999792    -0.0197412      -0.34966  -0.000417031     0.0197436      0.999805      -2.14927
     0.999989   -0.00470144   0.000702653    -0.0812489    0.00471499      0.999774    -0.0207122     -0.320044  -0.000605117     0.0207153      0.999785      -2.30917
     0.999986   -0.00521046  -0.000509676     -0.100628    0.00519695      0.999707    -0.0236543     -0.441022   0.000632776     0.0236513       0.99972      -2.42178
     0.999984   -0.00564208   0.000404481     -0.108793    0.00565021      0.999692    -0.0241643     -0.457194   -0.00026802     0.0241662      0.999708      -2.49109
     0.999984    -0.0057183   0.000525048     -0.101609    0.00572856      0.999736    -0.0222515     -0.323705  -0.000397669     0.0222542      0.999752      -2.41734
     0.999985   -0.00545174  -1.90785e-05     -0.126051    0.00545044      0.999811    -0.0186677     -0.227101   0.000120846     0.0186673      0.999826      -2.37701
     0.999989   -0.00465225  -0.000614094     -0.106207    0.00464031      0.999824    -0.0181856     -0.289271   0.000698589     0.0181826      0.999834       -2.2254
     0.999991   -0.00421334   -0.00109611    -0.0845882    0.00419128      0.999803    -0.0194052     -0.319986    0.00117765     0.0194004      0.999811      -2.38397
     0.999986     -0.005271  -0.000686453    -0.0429574    0.00525768      0.999822     -0.018134     -0.331262   0.000781914     0.0181301      0.999835      -2.25034
     0.999982   -0.00602081   -0.00028714    -0.0166981    0.00601371      0.999775    -0.0203646     -0.406786   0.000409687     0.0203625      0.999793      -2.31329
     0.999987   -0.00512708  -0.000316541   -0.00894834    0.00511989      0.999795    -0.0195971     -0.312539   0.000416952     0.0195952      0.999808      -2.26959
     0.999983   -0.00562559   -0.00121663   -0.00388632    0.00560232      0.999816    -0.0183494     -0.363623    0.00131963     0.0183423      0.999831      -2.21655
     0.999983   -0.00571011   -0.00127048      0.024866    0.00568242      0.999767    -0.0208268     -0.385409    0.00138911     0.0208192      0.999782      -2.30907
     0.999991   -0.00414591  -0.000488057    -0.0395798    0.00413478      0.999772    -0.0209341     -0.411747   0.000574736     0.0209319      0.999781      -2.31046
     0.999991   -0.00406283  -0.000857508    -0.0497048    0.00404464      0.999787    -0.0202511     -0.356609   0.000939602     0.0202475      0.999795      -2.29469
     0.999989   -0.00463417  -0.000680895    -0.0182679    0.00462026      0.999805    -0.0191778     -0.294847   0.000769636     0.0191744      0.999816       -2.0956
     0.999989   -0.00455249   -0.00102317    -0.0278692    0.00453258      0.999815     -0.018693     -0.419872    0.00110808     0.0186882      0.999825      -2.13433
     0.999988   -0.00463975   -0.00174689    -0.0344923    0.00460657      0.999817    -0.0185416     -0.324323    0.00183259     0.0185333      0.999827      -2.06136
     0.999988   -0.00462236   -0.00139009    -0.0272767    0.00459655      0.999827    -0.0180334     -0.334331    0.00147321     0.0180268      0.999836      -2.06337
      0.99999   -0.00442008   -0.00095963    -0.0214884    0.00440099      0.999809     -0.019063     -0.360889    0.00104371     0.0190586      0.999818      -2.14627
     0.999989   -0.00461311  -0.000644678   -0.00585091    0.00460006       0.99981    -0.0189589     -0.300654   0.000732014     0.0189557       0.99982       -2.1358
     0.999984    -0.0054738   -0.00123059     0.0165047     0.0054492      0.999801    -0.0191749     -0.375792     0.0013353     0.0191679      0.999815      -2.23829
      0.99998   -0.00610789   -0.00158862     0.0553398    0.00607421      0.999773    -0.0204072     -0.348959    0.00171291     0.0203971       0.99979      -2.34191
     0.999982   -0.00574541   -0.00151967     0.0196544    0.00571354       0.99978    -0.0202033     -0.408035    0.00163541     0.0201943      0.999795      -2.31414
     0.999992   -0.00394537  -0.000757444    -0.0446007    0.00392902      0.999782    -0.0204989     -0.370434   0.000838155     0.0204958       0.99979       -2.3431
     0.999997   -0.00223904   0.000643014     -0.123428    0.00225164      0.999791    -0.0203283      -0.40158  -0.000597363     0.0203297      0.999793      -2.27608
      0.99999   -0.00438222   0.000113372    -0.0587105    0.00438361      0.999793    -0.0198554     -0.370908  -2.63376e-05     0.0198557      0.999803      -2.33236
     0.999988    -0.0048538  -1.32903e-05    -0.0661663    0.00485256      0.999787    -0.0200779     -0.370249   0.000110741     0.0200775      0.999798       -2.2909
     0.999988   -0.00483197  -5.38209e-06    -0.0636748    0.00483091      0.999791    -0.0198662     -0.393916   0.000101374     0.0198659      0.999803       -2.3327
      0.99999   -0.00454401   0.000301374    -0.0502487     0.0045493      0.999774    -0.0207789     -0.301431  -0.000206886     0.0207801      0.999784      -2.39097
     0.999989   -0.00473859   0.000221746    -0.0736205    0.00474217      0.999773    -0.0207661     -0.372908  -0.000123294     0.0207669      0.999784      -2.33929
     0.999989   -0.00462151   0.000182744    -0.0635162    0.00462432      0.999772    -0.0208439     -0.363698  -8.63716e-05     0.0208445      0.999783       -2.4082
     0.999988    -0.0048064   0.000323983    -0.0571023    0.00481194      0.999786    -0.0201028     -0.361355  -0.000227291     0.0201041      0.999798      -2.32642
     0.999989   -0.00466608   0.000390458    -0.0605042    0.00467338       0.99976    -0.0214221     -0.375168  -0.000290407     0.0214237       0.99977      -2.43736
     0.999988   -0.00499258   7.03931e-05    -0.0656438    0.00499285      0.999711    -0.0235294      -0.47442   4.70996e-05     0.0235294      0.999723      -2.43522
     0.999979   -0.00651369  -0.000551549    -0.0699512    0.00649975      0.999729    -0.0223342     -0.499543   0.000696878     0.0223301       0.99975      -2.46911
     0.999984   -0.00564131   -0.00019464    -0.0665143    0.00563559      0.999737    -0.0222239     -0.346103    0.00031996     0.0222224      0.999753      -2.45328
     0.999992   -0.00399321   0.000487914     -0.116671    0.00400314      0.999741    -0.0224094       -0.3374  -0.000398302     0.0224111      0.999749       -2.4081
     0.999992   -0.00401435   0.000499364     -0.125093    0.00402403      0.999767    -0.0211975     -0.369521  -0.000414153     0.0211993      0.999775      -2.42323
     0.999992   -0.00387156    0.00100997     -0.132093    0.00389178      0.999775    -0.0208589     -0.310823  -0.000928981     0.0208627      0.999782      -2.45799
     0.999995   -0.00330148    0.00019365     -0.116066     0.0033047      0.999793    -0.0200912     -0.347108  -0.000127279     0.0200917      0.999798      -2.31519
     0.999994   -0.00332188  -0.000102039    -0.0711886    0.00331893      0.999765    -0.0214436      -0.37301   0.000173248     0.0214431       0.99977      -2.37658
     0.999993   -0.00383577   0.000331138    -0.0491962    0.00384184      0.999775    -0.0208804     -0.437298  -0.000250971     0.0208815      0.999782      -2.39251
     0.999991   -0.00429825   0.000250328    -0.0362732    0.00430252      0.999774    -0.0208006     -0.360226  -0.000160865     0.0208015      0.999784      -2.47997
     0.999992   -0.00392777   0.000148679    -0.0516548    0.00392998      0.999788    -0.0202307      -0.36406   -6.9186e-05     0.0202311      0.999795      -2.34534
     0.999992   -0.00390079   0.000184875    -0.0429245    0.00390392      0.999749    -0.0220715     -0.371693  -9.87319e-05      0.022072      0.999756      -2.52304
     0.999991   -0.00425044   0.000126565    -0.0303613    0.00425219      0.999755    -0.0217408      -0.42293  -3.41258e-05     0.0217412      0.999764      -2.43543
     0.999992   -0.00407927   9.41891e-05    -0.0353779    0.00408035      0.999761     -0.021485     -0.377952  -6.52354e-06     0.0214852      0.999769      -2.49111
     0.999992   -0.00393368   0.000952946   0.000193703    0.00395276      0.999773     -0.020931     -0.388451  -0.000870394     0.0209346       0.99978      -2.45356
     0.999992   -0.00400561   0.000795556       -0.0199    0.00402106      0.999782    -0.0204726     -0.415186  -0.000713377     0.0204756       0.99979      -2.49767
     0.999992   -0.00394119   0.000755079    -0.0349935    0.00395641      0.999764    -0.0213427      -0.34844  -0.000670785     0.0213455      0.999772      -2.52922
     0.999992   -0.00410724   0.000251623    -0.0383863     0.0041117      0.999761    -0.0214936     -0.444176  -0.000163283     0.0214945      0.999769      -2.44567
     0.999992   -0.00400307   4.61654e-05    -0.0348592    0.00400314       0.99976    -0.0215422     -0.398117   4.00806e-05     0.0215422      0.999768      -2.54102
     0.999992   -0.00392877   0.000257817     -0.029129    0.00393351      0.999747    -0.0221491     -0.355573  -0.000170733     0.0221499      0.999755      -2.52632
     0.999992   -0.00391507   2.63548e-05     -0.050736    0.00391466      0.999734    -0.0227361     -0.427218   6.26655e-05      0.022736      0.999742      -2.54257
     0.999993   -0.00361523  -6.27257e-05    -0.0523868    0.00361297      0.999751    -0.0220191     -0.385331   0.000142314     0.0220187      0.999758      -2.52294
     0.999994   -0.00342377   3.88748e-05    -0.0650823    0.00342382       0.99977    -0.0211477     -0.426938   3.35388e-05     0.0211477      0.999776      -2.44046
     0.999995   -0.00323774  -1.38219e-05    -0.0537929     0.0032368       0.99979    -0.0202324     -0.302287   7.93264e-05     0.0202323      0.999795      -2.47445
     0.999993   -0.00368648   0.000136442    -0.0472821    0.00368821      0.999862    -0.0162221     -0.246962  -7.66209e-05     0.0162225      0.999868      -1.88887
     0.999994   -0.00306151    0.00163232    -0.0182497    0.00306198      0.999995  -0.000289303       0.25763   -0.00163143     0.0002943      0.999999      0.359844
      0.99999     -0.004389   3.62717e-05     0.0492455    0.00438723      0.999763     0.0213242      0.947057  -0.000129855    -0.0213239      0.999773       2.27184
     0.999984   -0.00551659  -0.000846185     0.0168045    0.00553199      0.999796     0.0194204      0.723562   0.000738878    -0.0194248      0.999811       1.27703
     0.999983   -0.00574287  -0.000873332    -0.0533024      0.005751      0.999937    0.00960575      0.347597   0.000818113   -0.00961061      0.999953     -0.744683
     0.999983   -0.00582174  -0.000510381    0.00569854    0.00582693      0.999924     0.0108455      0.336657   0.000447203    -0.0108483      0.999941     -0.989465
     0.999982   -0.00594241   -0.00025356     0.0213928    0.00594481      0.999923     0.0108506      0.364766   0.000189062    -0.0108519      0.999941      -1.03581
     0.999983    -0.0058211   0.000234282     0.0177694    0.00581839       0.99993      0.010268      0.305209  -0.000294036    -0.0102665      0.999947      -1.10352
     0.999985   -0.00550993   0.000405273    0.00751371    0.00550613      0.999946    0.00885219      0.291597  -0.000454026   -0.00884982      0.999961      -1.21915
     0.999985   -0.00536845   0.000642215    0.00707924    0.00536406      0.999964    0.00664853      0.220975  -0.000677883   -0.00664499      0.999978      -1.24872
     0.999985   -0.00545106   0.000700943     0.0107076    0.00544785      0.999975    0.00449991      0.205087  -0.000725454   -0.00449602       0.99999      -1.45254
     0.999984   -0.00559718   0.000369581    0.00501373    0.00559549      0.999975    0.00441553      0.158498  -0.000394286    -0.0044134       0.99999      -1.47666
     0.999984   -0.00564202   0.000504713    0.00394555    0.00563962      0.999973    0.00463717      0.171419  -0.000530863   -0.00463425      0.999989      -1.57271
     0.999984   -0.00563959   0.000136051    0.00948005    0.00563911      0.999979     0.0033029     0.0858081  -0.000154675   -0.00330208      0.999995       -1.5844
     0.999983   -0.00584529   1.09215e-06     0.0142371    0.00584526      0.999978    0.00299447      0.117648  -1.85957e-05   -0.00299441      0.999996      -1.66416
     0.999981   -0.00611839   0.000193571     0.0323937    0.00611755      0.999973    0.00404762     0.0768562  -0.000218331   -0.00404636      0.999992      -1.57544
     0.999983   -0.00588258   0.000544016     0.0390233    0.00588072      0.999977    0.00336492      0.116107  -0.000563798   -0.00336166      0.999994      -1.64244
     0.999983   -0.00573631   0.000435751     0.0331611    0.00573464      0.999977     0.0037379      0.147663  -0.000457183   -0.00373534      0.999993      -1.51354
     0.999983   -0.00591418   7.89268e-05     0.0133348    0.00591401      0.999981    0.00194384      0.067697  -9.04215e-05   -0.00194334      0.999998      -1.76779
      0.99998   -0.00627203  -9.56172e-05     0.0266702     0.0062723      0.999975    0.00322063      0.104076   7.54149e-05   -0.00322117      0.999995      -1.70436
