# 3dvolreg matrices (DICOM-to-DICOM, row-by-row):
            1   9.42394e-05   0.000115877   -0.00375356   -9.4247e-05             1    6.5494e-05    -0.0233752  -0.000115871   -6.5505e-05             1     0.0221521
            1   0.000148426   -9.4565e-05    0.00197917  -0.000148482             1  -0.000596186      0.057037   9.44765e-05     0.0005962             1    -0.0165357
            1  -1.28156e-11   3.52918e-11   3.14535e-09   1.28156e-11             1  -1.95936e-10  -3.89893e-09  -3.52918e-11   1.95936e-10             1   1.82212e-09
            1  -2.75742e-05   -2.1786e-05  -6.67911e-05   2.75659e-05             1  -0.000379804   -0.00214969   2.17965e-05   0.000379803             1     0.0442667
            1  -1.55638e-05   0.000102184   0.000640138   1.56128e-05             1  -0.000479642     0.0158885  -0.000102176   0.000479644             1     0.0135295
            1   4.15835e-05   7.44164e-05   -0.00623446  -4.15539e-05             1  -0.000398035    -0.0285322   -7.4433e-05   0.000398032             1     0.0407752
            1   0.000227638  -0.000251075    -0.0066016  -0.000227935      0.999999    -0.0011822     0.0150896   0.000250805    0.00118225      0.999999     0.0413927
            1   1.32436e-05  -0.000111817   -0.00207348  -1.32974e-05             1  -0.000481251    -0.0176458    0.00011181   0.000481252             1     0.0405984
            1  -5.53012e-05   4.66471e-05   -0.00619329   5.53062e-05             1  -0.000106008     -0.012346  -4.66412e-05   0.000106011             1       0.03708
            1   0.000218548  -0.000427679   -0.00267307  -0.000219117      0.999999   -0.00133021     0.0553581   0.000427387     0.0013303      0.999999   -0.00984049
            1  -7.59022e-05  -7.43582e-05   -0.00277349   7.58759e-05             1  -0.000352701    -0.0448555    7.4385e-05   0.000352695             1     0.0356776
            1   3.08706e-05  -0.000306857   -0.00581419  -3.11105e-05             1  -0.000781663    0.00276366   0.000306833   0.000781673             1     0.0793886
            1  -3.81177e-07  -0.000336809   -0.00577309   1.33386e-07             1  -0.000735703     0.0258626   0.000336809   0.000735703             1     0.0299732
            1   0.000136021   -0.00027922   -0.00172734  -0.000136047             1  -9.45724e-05     0.0231783   0.000279207   9.46104e-05             1     0.0191398
            1   5.86844e-05  -8.85331e-05   -0.00311518   -5.8729e-05             1  -0.000504493     0.0125621   8.85035e-05   0.000504499             1     0.0786443
            1   9.45268e-06   -0.00012071   0.000101365  -9.51687e-06             1   -0.00053173     0.0241416   0.000120705   0.000531731             1     0.0342106
            1   1.61676e-05   1.29316e-06   -0.00861473  -1.61674e-05             1  -0.000177479     0.0318247  -1.29603e-06   0.000177479             1     0.0479814
            1   8.56694e-06   0.000103025   -0.00882513  -8.51252e-06             1   -0.00052827     0.0253034   -0.00010303   0.000528269             1     0.0879863
            1  -1.12215e-05   0.000145761   -0.00553921   1.13161e-05             1   -0.00064844      0.062835  -0.000145753   0.000648442             1     0.0606146
            1  -6.69457e-05   0.000149095    -0.0146545   6.69815e-05             1  -0.000240227    0.00594512  -0.000149079   0.000240237             1     0.0857266
            1   6.29892e-05   8.10288e-05   -0.00928384   -6.2892e-05      0.999999   -0.00119955     0.0122599  -8.11043e-05    0.00119954      0.999999      0.114932
            1   1.76768e-05  -2.71194e-06    -0.0036334  -1.76783e-05             1  -0.000566966     0.0407971   2.70192e-06   0.000566966             1     0.0306895
            1  -1.49461e-05   6.76526e-05   -0.00563419   1.49597e-05             1  -0.000200289   -0.00299109  -6.76496e-05    0.00020029             1      0.101801
            1  -5.08625e-06   7.53035e-05   -0.00268827   5.15395e-06             1   -0.00089906     0.0100982  -7.52989e-05   0.000899061             1      0.104771
            1  -6.75363e-05   -5.0462e-05   -0.00815743   6.74987e-05             1   -0.00074508     0.0222438   5.05123e-05   0.000745077             1     0.0696091
            1  -5.57155e-05    0.00027208   -0.00163254   5.56705e-05             1   0.000165506    -0.0108849  -0.000272089  -0.000165491             1      0.104276
            1    5.0142e-05   0.000143856   -0.00389955  -5.00347e-05             1  -0.000745584     0.0260199  -0.000143893   0.000745577             1      0.101938
            1  -5.60667e-05   0.000225261     -0.011198   5.61166e-05             1  -0.000221511    0.00720818  -0.000225249   0.000221524             1     0.0973918
            1   0.000827995  -0.000270272    -0.0460132  -0.000828171      0.999999  -0.000653394   -0.00355533   0.000269731   0.000653618             1      0.139221
            1   0.000570927  -6.23627e-05    -0.0291308  -0.000571016      0.999999   -0.00143589     0.0294465   6.15428e-05    0.00143592      0.999999     0.0447435
            1   0.000339774   1.87402e-05    -0.0368591  -0.000339752      0.999999   -0.00115591    -0.0133463  -1.91329e-05     0.0011559      0.999999      0.118279
            1   0.000213821   8.27823e-06    -0.0365563  -0.000213814             1  -0.000854089     0.0255664  -8.46085e-06   0.000854087             1     0.0605449
            1   7.46691e-05   0.000268962    -0.0243005  -7.44329e-05             1  -0.000878066    -0.0263552  -0.000269027   0.000878046             1      0.112182
     0.999999   0.000957673  -0.000510838    -0.0339556  -0.000958428      0.999998   -0.00147937     0.0235367    0.00050942    0.00147986      0.999999     0.0936931
            1   0.000511679  -0.000235938    -0.0352571  -0.000512064      0.999999   -0.00163307    -0.0317071   0.000235102    0.00163319      0.999999     0.0919033
            1   0.000544076  -0.000536423    -0.0465599  -0.000545287      0.999997   -0.00225983     0.0139921   0.000535192    0.00226012      0.999997      0.126357
            1   0.000380943  -0.000454818    -0.0536594  -0.000381554      0.999999   -0.00134342    -0.0110766   0.000454306    0.00134359      0.999999     0.0999679
            1   0.000238959   3.16961e-05     -0.042288  -0.000238929             1  -0.000941709    -0.0331749  -3.19212e-05   0.000941701             1      0.136207
            1   0.000382254  -0.000347676    -0.0409687  -0.000382925      0.999998   -0.00193368     0.0463484   0.000346937    0.00193381      0.999998       0.10693
            1   0.000304558  -0.000317274    -0.0475233  -0.000304922      0.999999   -0.00114906    -0.0277471   0.000316924    0.00114916      0.999999      0.102951
            1   0.000344166  -0.000145504    -0.0421921  -0.000344355      0.999999   -0.00130287   -0.00348759   0.000145055    0.00130292      0.999999      0.146776
            1   0.000367803  -0.000223899    -0.0510615   -0.00036818      0.999999   -0.00168568     0.0516916   0.000223278    0.00168576      0.999999     0.0710917
            1   0.000245593    6.3698e-06    -0.0685923  -0.000245584      0.999999   -0.00136787    0.00354308  -6.70573e-06    0.00136787      0.999999     0.0809758
            1   0.000334272  -0.000380282    -0.0670627  -0.000335334      0.999996   -0.00279566     0.0323814   0.000379346    0.00279579      0.999996      0.124665
            1   0.000362544  -0.000227923     -0.057834  -0.000363015      0.999998   -0.00207048     -0.016768   0.000227172    0.00207057      0.999998     0.0693929
            1   0.000320647   -8.7934e-06    -0.0520973  -0.000320662      0.999998   -0.00178839    -0.0164023   8.21994e-06    0.00178839      0.999998      0.089436
            1   0.000242972  -7.32729e-05    -0.0574814  -0.000243117      0.999998   -0.00198828     -0.012194   7.27897e-05     0.0019883      0.999998     0.0984899
            1   0.000274244   -0.00014884    -0.0583475  -0.000274609      0.999997   -0.00245939     0.0241779   0.000148165    0.00245943      0.999997     0.0488084
            1   0.000255687  -4.88733e-05    -0.0613024  -0.000255774      0.999998   -0.00179036    0.00575453   4.84154e-05    0.00179037      0.999998     0.0415587
            1   0.000185578   0.000115147     -0.058405  -0.000185327      0.999998   -0.00217623     0.0055734  -0.000115551    0.00217621      0.999998     0.0846437
            1   0.000207345   1.53459e-05    -0.0575229   -0.00020731      0.999997   -0.00227569     0.0366808  -1.58178e-05    0.00227569      0.999997     0.0337497
            1   0.000189036   0.000194213     -0.047425  -0.000188652      0.999998   -0.00197504   -0.00434461  -0.000194586    0.00197501      0.999998     0.0562563
            1   0.000108328   0.000188529    -0.0479712  -0.000107915      0.999998   -0.00218609    0.00641063  -0.000188766    0.00218607      0.999998     0.0929775
            1   0.000138509   0.000146937    -0.0550792  -0.000138171      0.999997   -0.00230338     0.0282383  -0.000147256    0.00230336      0.999997     0.0772468
            1  -2.21195e-05    0.00019007    -0.0684141   2.24256e-05      0.999999    -0.0016106   0.000813171  -0.000190034     0.0016106      0.999999     0.0786993
            1   0.000522179  -0.000373845    -0.0639941  -0.000523084      0.999997   -0.00242459      0.138816   0.000372577    0.00242478      0.999997     0.0165729
            1   0.000166343   0.000297893    -0.0570722  -0.000165853      0.999999   -0.00164554      -0.07102  -0.000298166     0.0016455      0.999999     0.0935272
            1   1.15905e-05    0.00014931    -0.0686105  -1.12655e-05      0.999998   -0.00217689     0.0508335  -0.000149335    0.00217689      0.999998     0.0809018
            1  -1.57004e-05   0.000249537    -0.0647482   1.61662e-05      0.999998   -0.00186665    -0.0290459  -0.000249507    0.00186666      0.999998     0.0558912
            1  -7.42814e-05   0.000406055    -0.0660421   7.51042e-05      0.999998   -0.00202672   -0.00565648  -0.000405904    0.00202675      0.999998     0.0986946
            1  -0.000211383   0.000231138    -0.0768821   0.000212045      0.999996   -0.00287025     0.0294843   -0.00023053     0.0028703      0.999996      0.098935
            1  -0.000252757   0.000388463    -0.0647973   0.000253697      0.999997   -0.00242138    -0.0244781   -0.00038785    0.00242147      0.999997     0.0647834
            1   -8.8332e-05   0.000301279    -0.0611807   8.91075e-05      0.999997   -0.00257496   -0.00919878  -0.000301051    0.00257498      0.999997     0.0921488
            1  -0.000176885   0.000471423    -0.0585862   0.000178188      0.999996   -0.00276585   -0.00123915  -0.000470932    0.00276593      0.999996     0.0782195
            1  -0.000227356   0.000191346    -0.0777054   0.000227789      0.999997    -0.0022667    -0.0118755   -0.00019083    0.00226674      0.999997     0.0554203
            1   3.16025e-05  -6.11685e-05    -0.0928676  -3.17494e-05      0.999997   -0.00240316     0.0183851   6.10924e-05    0.00240316      0.999997      0.086435
            1  -1.46301e-05  -0.000202741    -0.0935469   1.41239e-05      0.999997   -0.00249682     0.0292674   0.000202777    0.00249681      0.999997     0.0482826
            1  -0.000170919  -0.000124525    -0.0977124   0.000170643      0.999998   -0.00220846     -0.021752   0.000124902    0.00220844      0.999998     0.0501613
            1  -0.000102158    3.2461e-05     -0.086575   0.000102232      0.999997   -0.00228907    0.00187187  -3.22271e-05    0.00228907      0.999997     0.0729803
            1  -0.000204914   -0.00012984    -0.0980682   0.000204587      0.999997   -0.00251426     0.0391023   0.000130354    0.00251423      0.999997     0.0607515
            1  -0.000198436   -1.1676e-05    -0.0968853   0.000198413      0.999998   -0.00195752    -0.0228169   1.20644e-05    0.00195751      0.999998     0.0612826
            1    0.00031817   -0.00044194     -0.124218  -0.000318959      0.999998   -0.00178607     0.0325078   0.000441371    0.00178621      0.999998     0.0649512
            1  -0.000180247   0.000159815     -0.105701   0.000180831      0.999993   -0.00366378    -0.0165002  -0.000159153     0.0036638      0.999993       0.06604
            1   4.33194e-05  -0.000114118     -0.107124  -4.37346e-05      0.999993   -0.00364134     -0.018549    0.00011396    0.00364135      0.999993     0.0926308
            1  -0.000136405  -7.73416e-05     -0.106563   0.000136131      0.999994   -0.00353141    -0.0355821   7.78228e-05     0.0035314      0.999994     0.0380616
            1  -0.000134221   0.000123744    -0.0991783   0.000134595      0.999995   -0.00303478    -0.0339786  -0.000123337    0.00303479      0.999995     0.0393352
            1  -8.74799e-05   -0.00016039    -0.0977296   8.68721e-05      0.999993   -0.00378572     0.0306838   0.000160721    0.00378571      0.999993     0.0408823
            1  -0.000178374  -0.000123039    -0.0953282   0.000177919      0.999993   -0.00369105    -0.0032366   0.000123696    0.00369103      0.999993     0.0364999
            1  -0.000249447  -0.000154095     -0.105099   0.000248853      0.999993   -0.00384869    -0.0453936   0.000155053    0.00384865      0.999993     0.0891124
            1  -0.000181678  -0.000116114     -0.101565   0.000181212      0.999992   -0.00400864    -0.0377589   0.000116841    0.00400862      0.999992      0.106592
            1  -0.000192927  -7.82833e-05    -0.0935822   0.000192616      0.999992   -0.00394783   -0.00799297   7.90443e-05    0.00394781      0.999992     0.0923952
            1  -0.000162336   0.000129701    -0.0967593    0.00016272      0.999996   -0.00296937    -0.0334413  -0.000129218    0.00296939      0.999996     0.0862917
            1  -0.000127593    0.00013084    -0.0912622   0.000128079      0.999993   -0.00372124    -0.0260059  -0.000130364    0.00372126      0.999993      0.115194
            1  -0.000139923   0.000136021    -0.0936367   0.000140414      0.999993   -0.00361553     0.0154314  -0.000135515    0.00361555      0.999993     0.0861272
            1  -0.000363981   0.000185133    -0.0962262   0.000364561      0.999995    -0.0031421    -0.0201041  -0.000183988    0.00314217      0.999995     0.0767281
            1  -0.000194808   3.30845e-05    -0.0972372   0.000194935      0.999993   -0.00385762     0.0375942  -3.23328e-05    0.00385763      0.999993     0.0884639
            1  -0.000264961   2.13587e-05     -0.103178   0.000265036      0.999993   -0.00359721      0.007972  -2.04054e-05    0.00359722      0.999994     0.0536773
            1  -0.000292959    9.8837e-05    -0.0990377   0.000293268      0.999995   -0.00314167    -0.0188161  -9.79161e-05     0.0031417      0.999995     0.0676605
            1  -0.000157521  -0.000100025     -0.101013   0.000157119      0.999992   -0.00401076     0.0366329   0.000100656    0.00401075      0.999992     0.0828797
            1  -0.000153405   -0.00021256     -0.102845   0.000152598      0.999993   -0.00378865     0.0384295   0.000213139    0.00378861      0.999993     0.0471989
            1  -0.000181475  -3.29368e-05      -0.10263   0.000181355      0.999993   -0.00361281     -0.015882   3.35922e-05    0.00361281      0.999993      0.108702
            1  -0.000230003   7.73675e-05    -0.0984871    0.00023032      0.999992   -0.00411507     0.0327307  -7.64204e-05    0.00411509      0.999992     0.0990062
            1  -3.14165e-05   8.40979e-05     -0.104116    3.1662e-05      0.999996   -0.00292143  -3.11133e-06  -8.40058e-05    0.00292143      0.999996     0.0759423
            1   0.000120505  -0.000243618     -0.113758  -0.000121448      0.999992   -0.00387433     0.0465067   0.000243149    0.00387436      0.999992      0.066754
            1   9.75401e-05  -0.000150748     -0.116504  -9.80724e-05      0.999994   -0.00353508     0.0170743   0.000150402    0.00353509      0.999994     0.0563696
            1   3.66336e-05  -7.05031e-05     -0.111103  -3.68559e-05      0.999995   -0.00315609       0.01953   7.03871e-05    0.00315609      0.999995     0.0716732
            1   2.80863e-05    5.6142e-05     -0.104507  -2.78928e-05      0.999994   -0.00344345     0.0124561  -5.62383e-05    0.00344344      0.999994      0.108679
            1  -1.88728e-05   7.92253e-05     -0.105964   1.91251e-05      0.999995   -0.00318579     0.0228992  -7.91648e-05    0.00318579      0.999995     0.0519381
            1  -6.54329e-05   1.98401e-05     -0.115656   6.54906e-05      0.999996   -0.00292618     0.0185889  -1.96486e-05    0.00292618      0.999996      0.090595
            1  -3.90885e-05  -5.33823e-05     -0.110368   3.89025e-05      0.999994   -0.00347987     0.0810203    5.3518e-05    0.00347986      0.999994     0.0485349
            1  -0.000145021   2.99306e-05     -0.115803    0.00014512      0.999994   -0.00333874     0.0223636  -2.94463e-05    0.00333875      0.999994      0.081985
            1  -8.15666e-05     3.587e-05     -0.112013   8.16755e-05      0.999995   -0.00304615    0.00790533  -3.56213e-05    0.00304615      0.999995     0.0995035
            1  -2.45369e-05  -5.27192e-05     -0.112086   2.43361e-05      0.999993   -0.00380641     0.0754637   5.28122e-05    0.00380641      0.999993     0.0840379
            1  -1.44693e-06   -0.00035194     -0.138125   3.15196e-07      0.999995   -0.00321568     0.0160958   0.000351943    0.00321568      0.999995      0.107731
     0.999999   0.000937416  -0.000495246     -0.131519  -0.000938706      0.999996    -0.0026092     0.0265418   0.000492798    0.00260966      0.999996      0.121148
     0.999999   0.000446536  -0.000914553      -0.14185   -0.00044968      0.999994    -0.0034403      0.144677   0.000913011    0.00344071      0.999994    -0.0507252
            1   0.000329707  -0.000700856     -0.137858    -0.0003323      0.999993   -0.00370328    -0.0294366   0.000699631    0.00370351      0.999993     0.0612767
            1   0.000192501   -0.00038871     -0.128859   -0.00019382      0.999994   -0.00339644     0.0144169   0.000388054    0.00339651      0.999994     0.0425612
            1    1.3232e-05  -0.000127444        -0.124  -1.36249e-05      0.999995   -0.00308351    0.00724768   0.000127403    0.00308351      0.999995     0.0703795
            1   1.05562e-05  -0.000137094      -0.12207  -1.10829e-05      0.999993   -0.00384259     0.0536015   0.000137053    0.00384259      0.999993     0.0582765
            1  -7.40749e-05  -0.000182972      -0.12258   7.34605e-05      0.999994   -0.00335565     0.0295029    0.00018322    0.00335564      0.999994     0.0433295
            1   4.76661e-05  -3.29752e-05     -0.121615  -4.77718e-05      0.999995   -0.00321322     0.0325908   3.28219e-05    0.00321322      0.999995      0.071267
            1   0.000104036  -0.000249532      -0.12769  -0.000105095      0.999991   -0.00424721     0.0300577   0.000249088    0.00424724      0.999991      0.109023
            1   0.000120047  -0.000333223     -0.131635  -0.000121327      0.999993   -0.00384329     0.0372144    0.00033276    0.00384333      0.999993     0.0692501
            1   0.000127344  -5.69948e-05     -0.124341  -0.000127566      0.999992   -0.00390478   -0.00332907   5.64971e-05    0.00390479      0.999992      0.126982
            1   0.000175896  -7.39326e-05     -0.115244  -0.000176235      0.999989   -0.00460982     0.0698244    7.3121e-05    0.00460983      0.999989     0.0872389
            1   9.34951e-05  -8.76189e-05     -0.124752  -9.37928e-05      0.999994    -0.0034045   -0.00481569   8.73001e-05    0.00340451      0.999994     0.0922932
            1   0.000186263  -0.000338479     -0.124136  -0.000187725      0.999991   -0.00432317     0.0603365    0.00033767    0.00432324      0.999991     0.0903812
            1   9.46979e-06  -0.000264247     -0.127119  -1.05139e-05      0.999992   -0.00395166     0.0508169   0.000264208    0.00395166      0.999992     0.0908212
     0.999999   0.000840685   -0.00111848     -0.125951  -0.000847306      0.999982   -0.00593235      0.117434    0.00111347    0.00593329      0.999982    0.00191482
            1   0.000553759  -0.000307117     -0.110243  -0.000554912      0.999993   -0.00376668     -0.112125   0.000305029    0.00376685      0.999993      0.117486
            1   0.000448083  -0.000328602     -0.115424  -0.000449571       0.99999    -0.0045413     0.0312448   0.000326563    0.00454145       0.99999      0.102134
            1   0.000455143  -0.000139395       -0.1064  -0.000455703      0.999992   -0.00404447      0.017962   0.000137553    0.00404453      0.999992     0.0909021
            1   0.000447962  -0.000227091     -0.114652  -0.000448778      0.999993   -0.00360803     0.0343809   0.000225474    0.00360814      0.999993     0.0751927
     0.999999    0.00132572  -0.000720073     -0.122216   -0.00132885       0.99999   -0.00436507     0.0439359   0.000714278    0.00436602       0.99999     0.0933654
            1    0.00053293  -0.000225926     -0.118747  -0.000534054      0.999987   -0.00500532     0.0132333   0.000223255    0.00500544      0.999987     0.0614095
     0.999999    0.00071157   -0.00073212     -0.130814  -0.000715157      0.999988   -0.00491138      0.047456   0.000728617     0.0049119      0.999988     0.0766124
     0.999999   0.000632326  -0.000867811     -0.132044  -0.000636044      0.999991   -0.00429008     0.0405507    0.00086509    0.00429062       0.99999    0.00550266
            1   0.000432821  -0.000653967     -0.123599  -0.000435929      0.999989   -0.00476037   -0.00671162   0.000651899    0.00476065      0.999988     0.0864207
            1   0.000328017  -0.000591778     -0.123595   -0.00033083      0.999989   -0.00475917     0.0394908    0.00059021    0.00475936      0.999988     0.0267287
            1   0.000333086  -0.000269487     -0.116459  -0.000334189      0.999992   -0.00410295   -0.00187056   0.000268118    0.00410304      0.999992     0.0639604
            1   0.000333423  -0.000464658     -0.127747  -0.000335781      0.999987   -0.00508319     0.0442603   0.000462957    0.00508335      0.999987     0.0802882
            1    0.00037806  -0.000491459     -0.126644  -0.000380363      0.999989   -0.00469456   0.000109499   0.000489679    0.00469475      0.999989     0.0477429
            1   0.000474561  -0.000383231     -0.120446  -0.000476341      0.999989   -0.00465789     -0.010604   0.000381016    0.00465807      0.999989     0.0837219
            1   0.000376057  -0.000487524     -0.122674  -0.000378448      0.999988   -0.00491313     0.0241196    0.00048567    0.00491332      0.999988     0.0483603
            1   0.000291821  -0.000258534     -0.121503  -0.000292885      0.999991   -0.00412317   -0.00540818   0.000257329    0.00412325      0.999991     0.0616616
            1   0.000312773  -0.000385957     -0.126647  -0.000314667      0.999988   -0.00491807     0.0632635   0.000384414    0.00491819      0.999988     0.0760717
            1   0.000368808  -0.000460211     -0.127879  -0.000370796      0.999991   -0.00432722     0.0390133   0.000458611    0.00432739      0.999991     0.0502625
            1   0.000416859  -0.000406395     -0.124414  -0.000418747      0.999989   -0.00465653     0.0174326   0.000404449     0.0046567      0.999989      0.090593
            1   0.000314391  -0.000453145     -0.127724  -0.000316668      0.999987   -0.00503425      0.077481   0.000451556     0.0050344      0.999987     0.0683735
            1   0.000356907  -0.000452266     -0.126588  -0.000358914       0.99999   -0.00444644    0.00168344   0.000450674     0.0044466       0.99999     0.0614553
            1   0.000542589  -0.000621972     -0.127282  -0.000545769      0.999987   -0.00512472     0.0396505   0.000619183    0.00512506      0.999987     0.0832452
     0.999999   0.000673179  -0.000770954     -0.126286  -0.000677263      0.999986   -0.00530988     0.0548214   0.000767368     0.0053104      0.999986     0.0410967
            1   0.000515198  -0.000435617     -0.119887    -0.0005172      0.999989   -0.00460903    -0.0275318   0.000433238    0.00460925      0.999989     0.0966759
     0.999998    0.00138982    0.00124774     0.0155468   -0.00137975      0.999967   -0.00803391      0.302968   -0.00125886    0.00803217      0.999967     -0.501302
     0.999997   0.000796791    0.00242783     0.0898926  -0.000774765      0.999959   -0.00905981      0.195311   -0.00243495     0.0090579      0.999956     -0.596246
     0.999996    0.00029258    0.00272585      0.110139  -0.000270766      0.999968   -0.00799967      0.140721    -0.0027281     0.0079989      0.999964     -0.359616
     0.999996   7.83859e-06    0.00289381      0.120466   1.41019e-05      0.999971   -0.00758174      0.140912   -0.00289379    0.00758175      0.999967      -0.40211
     0.999994  -0.000125897    0.00340943      0.143944   0.000153701      0.999967   -0.00815601     0.0868228   -0.00340829    0.00815649      0.999961     -0.299359
     0.999996   -3.2612e-05    0.00299096      0.134432   5.73437e-05      0.999966    -0.0082691       0.13741   -0.00299059    0.00826924      0.999961     -0.334093
     0.999995  -0.000111815    0.00314476      0.140377   0.000136209       0.99997   -0.00775787     0.0782208    -0.0031438    0.00775826      0.999965     -0.292786
     0.999996   -7.1902e-05    0.00272893      0.128116   9.48091e-05      0.999965   -0.00839498       0.14465   -0.00272823    0.00839521      0.999961     -0.302949
     0.999995  -0.000587177    0.00324737      0.149938   0.000613127      0.999968   -0.00799574     0.0407969   -0.00324257    0.00799768      0.999963     -0.274984
     0.999994  -0.000645264    0.00339204      0.154721    0.00067461      0.999962   -0.00865752     0.0725528   -0.00338632    0.00865976      0.999957     -0.231418
     0.999995  -0.000582917    0.00311339      0.146826    0.00060932      0.999964   -0.00848642     0.0673825   -0.00310833    0.00848828      0.999959     -0.287408
     0.999994  -0.000377998    0.00350595      0.156716   0.000406042      0.999968   -0.00800159     0.0558545   -0.00350281    0.00800296      0.999962     -0.256037
     0.999998    0.00101888    0.00195335      0.110608   -0.00100065      0.999956   -0.00930881     0.0792893   -0.00196275    0.00930683      0.999955     -0.220682
     0.999998    0.00144842    0.00153163     0.0760622   -0.00143302      0.999949    -0.0100085    -0.0292149   -0.00154604     0.0100063      0.999949     -0.233717
     0.999998    0.00115843    0.00161934     0.0941184   -0.00114334      0.999956   -0.00928385     0.0683285   -0.00163002    0.00928198      0.999956      -0.20314
     0.999998   0.000687886    0.00197854     0.0977804  -0.000670692      0.999962   -0.00867754     0.0473191   -0.00198444     0.0086762       0.99996     -0.220498
     0.999997   0.000215409    0.00226707      0.106347  -0.000194613      0.999958   -0.00916936    0.00370259   -0.00226895     0.0091689      0.999955     -0.154749
     0.999997   5.10276e-05    0.00240872       0.12107  -2.84835e-05      0.999956   -0.00935846     0.0832625    -0.0024091    0.00935837      0.999953     -0.215474
     0.999996    6.4215e-05    0.00277771      0.132924  -3.88906e-05      0.999958   -0.00911608     0.0307442   -0.00277818    0.00911594      0.999955     -0.209373
     0.999996   4.68387e-05    0.00266021      0.129209   -2.0682e-05      0.999952   -0.00983176     0.0298677   -0.00266054    0.00983167      0.999948     -0.164751
     0.999997   3.47385e-05      0.002311      0.110343  -1.13656e-05      0.999949     -0.010113     0.0274501   -0.00231124     0.0101129      0.999946     -0.250847
     0.999996    -0.0001118    0.00274708       0.11628   0.000136932      0.999958   -0.00915036     0.0171015   -0.00274595    0.00915071      0.999954     -0.239731
     0.999997  -9.69516e-05    0.00229847     0.0997008   0.000118806      0.999955    -0.0095101      0.223019   -0.00229744    0.00951035      0.999952     -0.307617
     0.999998   0.000787183     0.0015432     0.0565795  -0.000773696      0.999962    -0.0087207     0.0128228   -0.00155001    0.00871949      0.999961     -0.120191
     0.999999   0.000443822    0.00152408     0.0593939  -0.000429376      0.999955   -0.00946554     0.0374136   -0.00152821    0.00946487      0.999954     -0.212736
     0.999999   0.000439632    0.00164068     0.0734023  -0.000424716      0.999959   -0.00908085     0.0236041   -0.00164461    0.00908014      0.999957     -0.193776
     0.999999   0.000447661    0.00158684      0.075357  -0.000432891      0.999957   -0.00929584     0.0609643   -0.00159093    0.00929514      0.999956      -0.26186
     0.999998   0.000154447     0.0020239     0.0878688  -0.000136533      0.999961   -0.00884871     0.0476505   -0.00202519    0.00884841      0.999959     -0.252079
     0.999998   6.81442e-05    0.00213801     0.0867768  -4.81796e-05      0.999956    -0.0093366      0.047328   -0.00213855    0.00933648      0.999954     -0.218119
     0.999998   0.000130634    0.00183288     0.0779466  -0.000113106      0.999954   -0.00955989     0.0517003   -0.00183405    0.00955967      0.999953     -0.251384
     0.999998   6.73656e-05    0.00211898     0.0936444  -4.80574e-05      0.999958    -0.0091108     0.0161572    -0.0021195    0.00911067      0.999956     -0.234061
     0.999998    1.4631e-05    0.00214634     0.0938779   6.19243e-06      0.999953    -0.0097015     0.0568179   -0.00214638    0.00970149      0.999951     -0.211063
     0.999998  -9.53121e-05    0.00212258     0.0899405   0.000116172      0.999952   -0.00982971      0.031881   -0.00212154    0.00982993      0.999949     -0.214957
     0.999997  -4.46513e-05    0.00227731     0.0958466   6.57168e-05      0.999957   -0.00925093      0.036156    -0.0022768    0.00925105      0.999955     -0.197303
     0.999997   0.000100601    0.00223392     0.0955887  -7.89835e-05      0.999953   -0.00967487     0.0401841   -0.00223479    0.00967466      0.999951     -0.188225
     0.999999   1.84814e-05    0.00156415     0.0709924  -5.03682e-06      0.999963   -0.00859507      0.211463   -0.00156425    0.00859505      0.999962     -0.354146
     0.999999   0.000350074    0.00112394     0.0859643   -0.00033975      0.999958   -0.00917228      0.301105    -0.0011271    0.00917189      0.999957     -0.415727
     0.999998   -0.00018068    0.00182204     0.0925001   0.000195421      0.999967   -0.00809384     -0.057687   -0.00182051    0.00809419      0.999966     -0.222097
     0.999998  -9.97628e-05    0.00213015      0.104441   0.000116801      0.999968   -0.00799993      0.106653   -0.00212928    0.00800016      0.999966     -0.273568
     0.999997  -0.000479705    0.00259735      0.112004   0.000499315      0.999971   -0.00755468      0.107035   -0.00259365    0.00755595      0.999968     -0.252001
     0.999997  -0.000415064    0.00229671     0.0973555   0.000432553      0.999971   -0.00761998      0.187822   -0.00229348    0.00762095      0.999968     -0.298522
     0.999997  -0.000261219    0.00259429     0.0951522   0.000279921      0.999974   -0.00721107      0.177192   -0.00259234    0.00721177      0.999971      -0.31072
     0.999997    -0.0002151    0.00228935     0.0828226   0.000233957      0.999966   -0.00823981      0.214064    -0.0022875    0.00824032      0.999963     -0.322456
     0.999998  -0.000263841    0.00206337      0.074382   0.000281774      0.999962   -0.00869541      0.171524     -0.002061    0.00869598       0.99996     -0.341544
     0.999997  -0.000313201     0.0023174      0.085054   0.000333461      0.999962   -0.00874746      0.120087   -0.00231457    0.00874821      0.999959     -0.280805
     0.999998  -0.000546667    0.00205091     0.0756915   0.000565374      0.999958   -0.00913199      0.165029   -0.00204583    0.00913313      0.999956     -0.303562
     0.999997  -0.000516272    0.00240299     0.0875011    0.00053659      0.999964   -0.00846215     0.0972666   -0.00239854    0.00846342      0.999961     -0.274714
     0.999997  -0.000432668     0.0024506     0.0995046   0.000454072      0.999962   -0.00874071      0.148384   -0.00244673     0.0087418      0.999959     -0.243708
     0.999998  -0.000235178    0.00219568     0.0929454   0.000254706       0.99996   -0.00889789      0.173028    -0.0021935    0.00889843      0.999958     -0.359966
     0.999997  -0.000499895    0.00250437     0.0986657   0.000522542      0.999959   -0.00905065      0.105859   -0.00249975    0.00905193      0.999956     -0.253363
     0.999998  -0.000236873    0.00219054     0.0823732   0.000256536       0.99996   -0.00898036      0.185683   -0.00218832     0.0089809      0.999957     -0.341972
     0.999997  -0.000424791     0.0025586      0.100159   0.000445663      0.999967   -0.00816283     0.0636514   -0.00255505    0.00816394      0.999963     -0.259711
     0.999997  -0.000516895    0.00243769     0.0990778   0.000538773       0.99996   -0.00898308      0.225808   -0.00243295    0.00898437      0.999957      -0.33125
     0.999998   0.000166342    0.00199409     0.0952023  -0.000150746      0.999969   -0.00781881      0.121723   -0.00199533    0.00781849      0.999967     -0.311135
     0.999998  -5.22348e-05    0.00209178     0.0903952   6.88748e-05      0.999968   -0.00795568      0.211184   -0.00209129    0.00795581      0.999966     -0.375179
     0.999998   -0.00016614    0.00207285      0.081244   0.000182959      0.999967   -0.00811604      0.173592   -0.00207143    0.00811641      0.999965     -0.379293
     0.999998  -0.000234561    0.00198517     0.0831934   0.000250559      0.999967   -0.00806276      0.189469   -0.00198321    0.00806324      0.999966     -0.340541
     0.999998   0.000986344    0.00189402     0.0883886  -0.000969113      0.999958   -0.00907708      0.123562    -0.0019029    0.00907522      0.999957     -0.265404
     0.999998   3.91401e-05    0.00206172     0.0893202  -2.11756e-05      0.999962   -0.00871267      0.216739   -0.00206198    0.00871261       0.99996     -0.378348
     0.999997  -2.99858e-05    0.00247391     0.0978573   4.96789e-05      0.999968   -0.00796063      0.151448    -0.0024736    0.00796073      0.999965     -0.298147
     0.999998    0.00014355    0.00214546     0.0952864   -0.00012345      0.999956   -0.00936568      0.252267   -0.00214671    0.00936539      0.999954     -0.331994
     0.999996  -0.000142832    0.00264774       0.10145   0.000164512      0.999966   -0.00818955      0.103684   -0.00264648    0.00818996      0.999963     -0.296202
     0.999998   9.94552e-05    0.00200482     0.0900642  -8.11807e-05      0.999958   -0.00911331      0.251195   -0.00200564    0.00911313      0.999956     -0.368885
     0.999997    6.5924e-06    0.00252906       0.11424   1.53296e-05      0.999962   -0.00866795     0.0938192   -0.00252902    0.00866796      0.999959     -0.330046
     0.999997   4.70475e-05    0.00238549      0.106596  -2.49192e-05      0.999957    -0.0092754      0.141518   -0.00238582    0.00927531      0.999954     -0.300522
     0.999998   1.45633e-05    0.00220684      0.102334   5.79313e-06      0.999957   -0.00922397      0.161016   -0.00220688    0.00922396      0.999955     -0.312817
     0.999997  -0.000103504    0.00256721     0.0987436   0.000125791      0.999962    -0.0086828      0.152052   -0.00256621    0.00868309      0.999959     -0.308134
     0.999996  -8.68035e-05    0.00270187     0.0990543   0.000111346      0.999959   -0.00908481      0.164488   -0.00270097    0.00908508      0.999955     -0.263668
     0.999997   9.32324e-08    0.00233932     0.0834458   2.22124e-05      0.999955   -0.00953504      0.191897   -0.00233922    0.00953507      0.999952     -0.347739
     0.999996  -0.000134611    0.00267694     0.0946024   0.000158284      0.999961   -0.00884519      0.129531   -0.00267564    0.00884558      0.999957     -0.282431
     0.999997  -0.000210061    0.00248851     0.0904569   0.000234375      0.999952   -0.00977431      0.174107   -0.00248634    0.00977486      0.999949     -0.302837
     0.999997  -0.000119414    0.00257478     0.0940515    0.00014334      0.999957    -0.0092942      0.115166   -0.00257356    0.00929454      0.999953     -0.331003
     0.999996    2.8541e-05    0.00267771      0.104382  -2.96655e-06      0.999954   -0.00955037      0.110909   -0.00267786    0.00955032      0.999951     -0.270559
     0.999997  -2.51873e-05    0.00259079     0.0912253    4.9777e-05      0.999955   -0.00949157      0.163527   -0.00259044    0.00949167      0.999952     -0.299263
     0.999997  -3.58599e-05    0.00262682     0.0788359    5.9916e-05      0.999958   -0.00915836      0.123423   -0.00262638    0.00915849      0.999955      -0.28747
     0.999996   7.87417e-05    0.00272824     0.0855231  -5.21322e-05      0.999952   -0.00975203      0.135512   -0.00272888    0.00975186      0.999949     -0.253982
     0.999996  -3.84657e-05    0.00279086     0.0899254   6.52924e-05      0.999954    -0.0096129      0.133691   -0.00279036    0.00961304       0.99995     -0.288431
     0.999996  -7.90845e-05    0.00298494      0.089358   0.000106651      0.999957   -0.00923626      0.113929   -0.00298408    0.00923654      0.999953     -0.237137
     0.999996  -0.000104165    0.00282954     0.0877528    0.00013249       0.99995    -0.0100122      0.161392   -0.00282836     0.0100125      0.999946     -0.245072
     0.999996  -8.25343e-05    0.00298248     0.0934543   0.000110838      0.999955   -0.00949124     0.0840453   -0.00298156    0.00949153      0.999951     -0.266112
     0.999996  -0.000132767    0.00297848     0.0890826   0.000160605      0.999956   -0.00934784      0.122207   -0.00297711    0.00934828      0.999952     -0.229333
     0.999996   -0.00013158     0.0026567     0.0717041   0.000154535      0.999963   -0.00864229       0.21053   -0.00265547    0.00864267      0.999959     -0.267832
     0.999996    0.00159898    0.00222576     0.0738242   -0.00157634      0.999947    -0.0101373     0.0491818   -0.00224185     0.0101338      0.999946     -0.195284
     0.999998    0.00092872    0.00200771     0.0641616  -0.000906482      0.999939    -0.0110489      0.130688   -0.00201785     0.0110471      0.999937     -0.241547
     0.999997   0.000770433      0.002479     0.0770128  -0.000744469      0.999945    -0.0104577     0.0628908   -0.00248692     0.0104558      0.999942     -0.177728
     0.999997   0.000763337     0.0021949     0.0755799    -0.0007394       0.99994    -0.0108859      0.114198   -0.00220308     0.0108842      0.999938     -0.213113
     0.999997   0.000684995    0.00224601     0.0792778  -0.000660946      0.999943     -0.010691     0.0815449   -0.00225321     0.0106894       0.99994      -0.22416
     0.999996   0.000321767     0.0027398     0.0877674  -0.000293029      0.999945    -0.0104829      0.051482   -0.00274302      0.010482      0.999941     -0.184012
     0.999997   0.000143585    0.00244048      0.069166  -0.000117219      0.999942    -0.0108003      0.125736   -0.00244189     0.0107999      0.999939     -0.234283
     0.999996   0.000231164    0.00266006      0.077761  -0.000202888      0.999944    -0.0106254     0.0766031   -0.00266236     0.0106248       0.99994     -0.221938
     0.999996   0.000179416    0.00288738     0.0897605  -0.000148547      0.999943    -0.0106875     0.0570567   -0.00288913     0.0106871      0.999939     -0.198261
     0.999996    0.00021102    0.00264151     0.0793359  -0.000182522      0.999942     -0.010784      0.103977   -0.00264363     0.0107835      0.999938     -0.258716
     0.999995    0.00025631    0.00307762     0.0981402  -0.000224283      0.999946    -0.0104023     0.0441098   -0.00308012     0.0104016      0.999941     -0.236066
