# 3dvolreg matrices (DICOM-to-DICOM, row-by-row):
     0.999992  -0.000971701    0.00397446      0.424127     0.0010399      0.999852    -0.0171942       2.40977   -0.00395716     0.0171982      0.999844       2.03254
     0.999991    -0.0014185    0.00409271      0.418904    0.00148482      0.999867    -0.0162465       2.36139   -0.00406912     0.0162524       0.99986       1.98568
      0.99999   -0.00139441    0.00416301      0.426516    0.00146575      0.999851    -0.0171836       2.44946   -0.00413843     0.0171895      0.999844       1.98696
      0.99999    -0.0015727    0.00412753      0.426308    0.00164288      0.999853     -0.017055        2.4008    -0.0041001     0.0170616      0.999846       1.97048
      0.99999    -0.0013459    0.00420559       0.42988    0.00141789      0.999852    -0.0171638       2.41938   -0.00418186     0.0171696      0.999844       1.99217
     0.999989   -0.00155973    0.00433844      0.431192    0.00163594      0.999843    -0.0176179       2.42128   -0.00431028     0.0176248      0.999835       1.99169
     0.999989    -0.0016201    0.00430741      0.431667    0.00169497      0.999847    -0.0174361       2.35889    -0.0042785     0.0174432      0.999839       1.99927
      0.99999   -0.00158248     0.0041779      0.423695    0.00165537      0.999845    -0.0175009       2.44061   -0.00414956     0.0175077      0.999838        2.0059
     0.999989   -0.00169112    0.00430228      0.427847    0.00176594      0.999846    -0.0174459       2.36627   -0.00427212     0.0174534      0.999839       2.00102
      0.99999   -0.00163514    0.00410864      0.423437    0.00170826      0.999839    -0.0178567       2.45753   -0.00407878     0.0178636      0.999832        1.9774
      0.99999   -0.00116398    0.00442978      0.430395    0.00124741      0.999821    -0.0188773       2.28364   -0.00440702     0.0188826      0.999812       1.99485
      0.99999  -0.000867156    0.00428249      0.450161   0.000949874      0.999812    -0.0193512       2.40571   -0.00426491     0.0193551      0.999804       1.89099
      0.99999   -0.00109067    0.00440762      0.463676    0.00117604      0.999811    -0.0194139       2.31377   -0.00438562     0.0194189      0.999802       2.00578
     0.999989   -0.00137697    0.00453311       0.46626    0.00146449      0.999812    -0.0193599       2.36191   -0.00450559     0.0193664      0.999802       1.97356
     0.999985   -0.00213053    0.00499264      0.463634    0.00222236      0.999827    -0.0184595       2.32189   -0.00495245     0.0184703      0.999817       1.97177
     0.999988   -0.00216551    0.00435199      0.440829    0.00224677      0.999822    -0.0187539       2.44332   -0.00431061     0.0187635      0.999815       1.96654
     0.999987   -0.00216343    0.00452975      0.446612    0.00224566      0.999831    -0.0182289       2.32727   -0.00448955     0.0182388      0.999824       2.03822
     0.999986   -0.00213403    0.00482049      0.459346    0.00222415      0.999821    -0.0187695       2.40192   -0.00477957       0.01878      0.999812       2.04048
     0.999985    -0.0023552    0.00485243      0.459658    0.00244357       0.99983    -0.0182859       2.32567   -0.00480854     0.0182975      0.999821       1.99423
     0.999985   -0.00251097    0.00485772      0.461883    0.00260152      0.999821     -0.018725       2.37201   -0.00480983     0.0187373      0.999813       2.01614
     0.999984   -0.00289722    0.00483872      0.444085    0.00298802      0.999818    -0.0188633       2.37347   -0.00478319     0.0188774       0.99981       1.94505
     0.999985   -0.00275201     0.0047247      0.438916     0.0028384      0.999827    -0.0183766        2.3688   -0.00467331     0.0183897       0.99982       1.99072
     0.999984   -0.00290619    0.00483488      0.443186    0.00299596      0.999821    -0.0186652       2.37392   -0.00477977     0.0186794      0.999814       2.02612
     0.999986    -0.0026035    0.00467249       0.43243    0.00267639      0.999874    -0.0156627       2.46306   -0.00463113      0.015675      0.999866       1.95909
     0.999983   -0.00262694    0.00526151      0.459697    0.00271642      0.999851    -0.0170717       2.37763   -0.00521587     0.0170857       0.99984       1.93728
      0.99998   -0.00317847    0.00541304      0.458229    0.00326759      0.999858    -0.0165358       2.40696   -0.00535971     0.0165531      0.999849       1.94173
     0.999979   -0.00331444    0.00549066      0.460548    0.00340525      0.999856    -0.0166123       2.44009   -0.00543481     0.0166307      0.999847       1.92752
      0.99998   -0.00337927    0.00541574      0.462983    0.00346677      0.999862    -0.0162299       2.39635   -0.00536014     0.0162484      0.999854       1.92861
     0.999979   -0.00351845    0.00547228      0.466826    0.00361072       0.99985    -0.0169443       2.40282   -0.00541184     0.0169637      0.999841        1.9696
     0.999979     -0.003724    0.00524326      0.446369    0.00381133      0.999853    -0.0167453       2.43606   -0.00518012      0.016765      0.999846       1.94157
     0.999979    -0.0034561    0.00539877      0.449042    0.00354604      0.999854    -0.0167401       2.40056   -0.00534012     0.0167589      0.999845       1.98598
     0.999981   -0.00372122    0.00500453      0.431613    0.00379807      0.999874    -0.0154358       2.47204   -0.00494646     0.0154545      0.999868        1.8873
     0.999977   -0.00379587    0.00561356       0.45295    0.00388402      0.999868    -0.0157772       2.41946   -0.00555293     0.0157986       0.99986       1.97922
     0.999977    -0.0038841    0.00557694       0.45571    0.00397447      0.999859    -0.0162856       2.46224    -0.0055129     0.0163074      0.999852       1.95067
     0.999977   -0.00381847    0.00561145      0.453533    0.00390596       0.99987    -0.0156648       2.42604    -0.0055509     0.0156863      0.999862       1.94381
     0.999977   -0.00391969    0.00552094      0.443008    0.00400934      0.999859    -0.0163209        2.4622   -0.00545619     0.0163427      0.999852       1.93774
     0.999977   -0.00390772    0.00556397      0.445015    0.00399686      0.999862    -0.0161007       2.44642   -0.00550029     0.0161226      0.999855       1.91444
     0.999976   -0.00402508     0.0056462      0.442152     0.0041147      0.999864    -0.0159518       2.42528   -0.00558123     0.0159747      0.999857       1.96086
     0.999977   -0.00414424    0.00544909      0.434479    0.00423229      0.999859    -0.0162484       2.49446   -0.00538099     0.0162711      0.999853       1.90957
     0.999971   -0.00451179    0.00608583      0.449471    0.00460922       0.99986    -0.0160922       2.40447   -0.00601238     0.0161198      0.999852       1.90833
     0.999975   -0.00425256    0.00572968      0.445409     0.0043452      0.999858    -0.0162547        2.4391   -0.00565974     0.0162792      0.999851        1.9207
     0.999976   -0.00428721    0.00549036      0.425332     0.0043774      0.999854    -0.0165219       2.50087   -0.00541873     0.0165456      0.999848       1.90057
     0.999981   -0.00404597    0.00460953      0.395666    0.00412556       0.99984    -0.0173897       2.54441   -0.00453844     0.0174084      0.999838       1.94402
     0.999979   -0.00379883    0.00526407      0.424194    0.00388266      0.999864    -0.0160072       2.29416   -0.00520255     0.0160273      0.999858       1.93607
     0.999977   -0.00380036    0.00557355      0.439632    0.00388595      0.999873    -0.0154276       2.46688   -0.00551422     0.0154489      0.999865       1.87051
      0.99998   -0.00305674    0.00545617      0.457641    0.00314574      0.999861    -0.0163799       2.41918   -0.00540534     0.0163967      0.999851       1.85894
     0.999979   -0.00365343    0.00537288      0.445358    0.00373972      0.999863    -0.0161391       2.52788   -0.00531318     0.0161589      0.999855       1.80531
     0.999978   -0.00360568    0.00555806      0.447068    0.00369029      0.999876    -0.0152873       2.50542   -0.00550225     0.0153075      0.999868       1.82787
     0.999978   -0.00370612    0.00544758      0.444932    0.00379424      0.999861    -0.0162565       2.50425   -0.00538658     0.0162768      0.999853       1.83648
     0.999975   -0.00404652    0.00582097      0.458928    0.00414117      0.999858    -0.0163404       2.47237   -0.00575402     0.0163641       0.99985       1.80819
     0.999975   -0.00419429    0.00568478      0.450615    0.00428435      0.999864    -0.0159238       2.48613   -0.00561721     0.0159478      0.999857       1.85913
     0.999976   -0.00437071    0.00546652      0.441766    0.00445934      0.999857    -0.0163073       2.52767   -0.00539447     0.0163313      0.999852       1.86908
     0.999973   -0.00444818    0.00577292      0.445129    0.00454063       0.99986    -0.0161012       2.50317   -0.00570049      0.016127      0.999854       1.86159
     0.999973   -0.00445113    0.00581701       0.45144    0.00454213      0.999866    -0.0157244       2.50784   -0.00574624     0.0157504      0.999859       1.91168
     0.999974   -0.00444097    0.00571739      0.449261    0.00453376      0.999857    -0.0163202       2.50754   -0.00564409     0.0163457       0.99985       1.88998
     0.999972   -0.00462761     0.0058133      0.443133    0.00472179      0.999856     -0.016294       2.50466   -0.00573706      0.016321       0.99985       1.82509
     0.999977   -0.00485491    0.00464918      0.378579    0.00493473      0.999838    -0.0173144       2.70672   -0.00456437      0.017337      0.999839       1.67379
     0.999974   -0.00535837    0.00486238      0.385714    0.00544516      0.999823    -0.0180139       2.44432   -0.00476499     0.0180399      0.999826       1.88129
     0.999972   -0.00566523    0.00498894      0.392501    0.00574899       0.99984     -0.016938       2.38061   -0.00489219     0.0169662      0.999844       1.89527
     0.999971   -0.00528924    0.00545621      0.422191    0.00538012      0.999845    -0.0167784       2.47066   -0.00536661     0.0168073      0.999844       1.89223
      0.99997   -0.00529711    0.00558179      0.432906    0.00538897      0.999848    -0.0165714        2.4824   -0.00549316      0.016601      0.999847       1.87986
     0.999971   -0.00516588    0.00556124      0.433649    0.00525785      0.999848    -0.0166515       2.53399   -0.00547437     0.0166803      0.999846       1.87746
     0.999972   -0.00526479    0.00540702      0.424366    0.00535604      0.999841    -0.0170016       2.55208   -0.00531665     0.0170301      0.999841       1.83168
      0.99997   -0.00533757    0.00555016       0.42571    0.00542967      0.999846    -0.0167135       2.48584   -0.00546009     0.0167431      0.999845       1.88341
     0.999971   -0.00532768    0.00542456      0.422525    0.00541942       0.99984      -0.01704       2.52755   -0.00533291     0.0170689       0.99984       1.86568
     0.999971   -0.00526194    0.00545684      0.428291    0.00535342      0.999843    -0.0168885       2.48508   -0.00536711     0.0169173      0.999842        1.8405
     0.999971   -0.00538461    0.00544535      0.425329    0.00547701      0.999839    -0.0170987        2.4931   -0.00535241      0.017128      0.999839       1.88169
      0.99997   -0.00548579    0.00551122      0.423327    0.00558136      0.999832    -0.0174773       2.50155   -0.00541442     0.0175075      0.999832       1.83152
     0.999969   -0.00539534     0.0056559      0.428726    0.00548806      0.999849    -0.0165089        2.4685   -0.00556597     0.0165394      0.999848       1.86646
     0.999972   -0.00543253    0.00521213      0.406408    0.00552364      0.999829    -0.0176288       2.52963   -0.00511547     0.0176571      0.999831       1.86491
      0.99997   -0.00547115    0.00546729        0.4156    0.00556153      0.999846    -0.0166539       2.44219   -0.00537533     0.0166838      0.999846       1.89947
     0.999971   -0.00545155    0.00528881      0.413294    0.00554181      0.999837    -0.0172048       2.49381   -0.00519415     0.0172336      0.999838       1.86764
      0.99998   -0.00440809    0.00445026      0.382258    0.00448436      0.999841    -0.0172768       2.61659    -0.0043734     0.0172964      0.999841       1.86144
     0.999984   -0.00318203    0.00463074      0.417767    0.00325868      0.999856    -0.0166386       2.37993   -0.00457713     0.0166535      0.999851       2.00337
     0.999984   -0.00406306    0.00389853      0.338283    0.00412042      0.999882    -0.0148198       2.57173   -0.00383785     0.0148357      0.999883       1.88385
     0.999983   -0.00422401    0.00412086      0.349862    0.00428417      0.999883    -0.0147001       2.58835   -0.00405828     0.0147175      0.999883       1.89366
     0.999977   -0.00494126    0.00471564      0.382125    0.00501138      0.999875    -0.0149762       2.57318   -0.00464105     0.0149994      0.999877        1.8722
      0.99997   -0.00532073    0.00560931      0.424579    0.00540842      0.999862    -0.0157357       2.58993   -0.00552481     0.0157655       0.99986       1.87156
     0.999968   -0.00545881    0.00580867      0.410424    0.00554936      0.999862    -0.0156894       2.60003   -0.00572222     0.0157212       0.99986       1.86595
     0.999968   -0.00554909    0.00572844      0.412157    0.00563731      0.999864    -0.0155015       2.54838   -0.00564164     0.0155333      0.999863        1.8844
      0.99997   -0.00569479    0.00519361      0.386416    0.00577641      0.999858     -0.015837       2.62247   -0.00510268     0.0158665      0.999861       1.87578
     0.999977   -0.00481764    0.00468974      0.370027    0.00488027      0.999898    -0.0134353       2.60882   -0.00462453     0.0134579      0.999899       1.81668
     0.999976   -0.00493866    0.00481697      0.387092     0.0050115      0.999871    -0.0152294       2.65205   -0.00474114     0.0152532      0.999872       1.84568
     0.999974   -0.00503845     0.0050769      0.397059    0.00511478      0.999872    -0.0151352       2.58585   -0.00499999     0.0151607      0.999873       1.82165
     0.999975   -0.00503242    0.00496728      0.398664    0.00511062      0.999861    -0.0158573        2.6073   -0.00488679     0.0158823      0.999862       1.87398
     0.999975    -0.0052017    0.00486409      0.387307    0.00527886      0.999858     -0.015987       2.58366   -0.00478024     0.0160122       0.99986        1.8541
     0.999973     -0.005312    0.00509603      0.384878    0.00539027      0.999866    -0.0154708       2.54791   -0.00501316     0.0154979      0.999867       1.91134
     0.999974   -0.00535788    0.00488749       0.37585    0.00543535      0.999858    -0.0159772       2.61141   -0.00480119     0.0160033       0.99986       1.91284
     0.999972   -0.00543465    0.00510769      0.379937    0.00551235      0.999867     -0.015323       2.52897   -0.00502374     0.0153507       0.99987       1.90714
     0.999973    -0.0054092    0.00506506      0.390365     0.0054913      0.999851    -0.0163379       2.61538   -0.00497594     0.0163652      0.999854       1.91009
     0.999973   -0.00534581    0.00509864      0.389564    0.00542473      0.999864    -0.0155941       2.51936   -0.00501459     0.0156214      0.999865       1.90106
     0.999973   -0.00539741    0.00497712      0.379958    0.00547727      0.999854     -0.016175       2.56551   -0.00488909     0.0162018      0.999857       1.94636
     0.999979   -0.00446922    0.00477313       0.38636    0.00454413      0.999865     -0.015801       2.46142   -0.00470187     0.0158223      0.999864       1.90146
     0.999977   -0.00511846      0.004376      0.353899    0.00519119      0.999846    -0.0167746       2.68411   -0.00428946     0.0167969       0.99985       1.82117
     0.999977   -0.00490467    0.00477592      0.374133     0.0049806      0.999859    -0.0160174       2.52021   -0.00469669     0.0160408       0.99986       1.94687
     0.999979   -0.00448511    0.00457628      0.371023    0.00455622      0.999867    -0.0156486       2.59283   -0.00450549     0.0156691      0.999867       1.84655
     0.999977   -0.00463701    0.00497603      0.385617    0.00471111      0.999877    -0.0149842       2.56591   -0.00490593     0.0150073      0.999875        1.8783
     0.999976   -0.00487214    0.00487372      0.381845    0.00494926      0.999861    -0.0159386       2.63683   -0.00479538     0.0159624      0.999861       1.83923
     0.999976   -0.00481055     0.0050475      0.390257    0.00488768       0.99987    -0.0153818       2.56123   -0.00497285     0.0154061      0.999869       1.83071
     0.999975    -0.0050106    0.00493608      0.386038    0.00508848      0.999861    -0.0158941       2.60503   -0.00485575     0.0159189      0.999861       1.85274
     0.999975   -0.00502148     0.0050108      0.390521    0.00510061       0.99986    -0.0159067       2.56381   -0.00493023     0.0159319      0.999861       1.82068
     0.999974   -0.00507352    0.00507496      0.390719    0.00515275      0.999863    -0.0157232       2.55743   -0.00499449      0.015749      0.999864       1.85989
     0.999972   -0.00527056    0.00521957      0.388355    0.00535718      0.999846    -0.0167227       2.64223   -0.00513063     0.0167502      0.999847       1.79718
     0.999975   -0.00470019    0.00529656      0.400573    0.00479034      0.999842    -0.0171373       2.58047   -0.00521517     0.0171622      0.999839       1.63714
     0.999979   -0.00445608     0.0046841      0.384319     0.0045311       0.99986    -0.0161304       2.67075   -0.00461156     0.0161513      0.999859       1.78713
     0.999977   -0.00451261    0.00507708      0.389998    0.00458852      0.999876     -0.015041       2.59691   -0.00500858     0.0150639      0.999874       1.79582
     0.999978   -0.00454477     0.0048395      0.384309    0.00461925      0.999869    -0.0154908       2.67264   -0.00476847     0.0155128      0.999868       1.74514
     0.999976   -0.00471384    0.00508455      0.390726    0.00479171       0.99987    -0.0154137       2.59458   -0.00501123     0.0154377      0.999868       1.75187
     0.999978   -0.00451676    0.00477324      0.380744    0.00459022      0.999869    -0.0154935       2.62189   -0.00470264      0.015515      0.999869       1.78829
     0.999978    -0.0046221    0.00467207      0.382945    0.00469725      0.999858    -0.0162047       2.61268    -0.0045965     0.0162263      0.999858       1.76132
     0.999976   -0.00467231    0.00502886      0.398571    0.00475072      0.999866     -0.015694       2.56954   -0.00495485     0.0157175      0.999864       1.78484
     0.999976   -0.00437867    0.00528601      0.410086    0.00446245      0.999863    -0.0159446       2.58473   -0.00521547     0.0159678      0.999859       1.82272
     0.999976   -0.00465215    0.00508329      0.399448    0.00473516      0.999854    -0.0164415       2.58523   -0.00500605     0.0164651      0.999852       1.79426
     0.999976   -0.00452333    0.00533048      0.415894     0.0046078      0.999862    -0.0159427       2.55832   -0.00525764     0.0159669      0.999859       1.81455
     0.999976   -0.00458036    0.00526808      0.410657    0.00466616      0.999855    -0.0163925       2.59899   -0.00519223     0.0164167      0.999852       1.84169
     0.999975    -0.0046926    0.00527496      0.401773    0.00477681       0.99986     -0.016067        2.5627   -0.00519883     0.0160918      0.999857       1.81524
     0.999975   -0.00458145    0.00530754       0.39929    0.00466563      0.999862    -0.0159592       2.55546   -0.00523369     0.0159836      0.999859       1.82306
     0.999975   -0.00474408     0.0052979      0.395892    0.00483136      0.999851    -0.0165844        2.5955   -0.00521843     0.0166096      0.999848       1.83951
     0.999975   -0.00473482    0.00525219      0.389792    0.00481879      0.999859    -0.0160922       2.54241   -0.00517525     0.0161171      0.999857       1.81484
     0.999975   -0.00454227    0.00533989      0.395243    0.00462739      0.999861     -0.016037       2.56977    -0.0052663     0.0160613      0.999857       1.83918
     0.999975   -0.00469914    0.00536373      0.391786    0.00478707      0.999852    -0.0165005       2.60463    -0.0052854     0.0165257      0.999849       1.81313
     0.999975   -0.00469898    0.00536682      0.393764    0.00478247      0.999866    -0.0156513       2.58813   -0.00529255     0.0156765      0.999863       1.80931
     0.999977   -0.00435839    0.00528469      0.399549    0.00444627       0.99985    -0.0167327       2.61961   -0.00521098     0.0167558      0.999846       1.82131
     0.999977    -0.0033888    0.00589761      0.440895    0.00348765      0.999852    -0.0168308       2.52613    -0.0058397     0.0168509      0.999841       1.79838
     0.999979   -0.00403464    0.00500575       0.38693     0.0041125      0.999869    -0.0156426       2.66944   -0.00494198     0.0156629      0.999865       1.76195
     0.999975   -0.00428064       0.00556      0.406632    0.00436559      0.999873    -0.0153586       2.58389   -0.00549355     0.0153825      0.999867       1.79244
     0.999974   -0.00440583    0.00573049      0.414023    0.00449379      0.999871    -0.0154281       2.60838   -0.00566178     0.0154535      0.999865       1.80614
     0.999974   -0.00442493    0.00571171      0.413747    0.00451552      0.999863    -0.0159464       2.65007   -0.00564036     0.0159718      0.999857       1.75402
     0.999974   -0.00437284    0.00575065        0.4126    0.00446112      0.999871    -0.0154304       2.60832   -0.00568244     0.0154556      0.999864       1.79721
     0.999982   -0.00378385    0.00456252      0.343402    0.00386483      0.999833    -0.0178721       2.78134   -0.00449413     0.0178894       0.99983       1.67928
     0.999979    -0.0040304    0.00504361      0.366373    0.00411436      0.999851    -0.0167481       2.50842   -0.00497536     0.0167685      0.999847       1.73767
     0.999979   -0.00302969    0.00565292      0.394885    0.00313222      0.999829    -0.0182173       2.45895   -0.00559676     0.0182347      0.999818       1.71992
     0.999976   -0.00448384    0.00529154      0.362069    0.00457171       0.99985    -0.0167125       2.64919   -0.00521581     0.0167363      0.999846        1.6701
     0.999975   -0.00447187     0.0055631      0.370903    0.00456366      0.999852    -0.0165983        2.5915   -0.00548805     0.0166232      0.999847       1.71159
     0.999976   -0.00462487    0.00523099      0.352248    0.00470985      0.999855     -0.016352       2.69845   -0.00515461     0.0163762      0.999853       1.62304
     0.999975   -0.00398794    0.00590955      0.389049    0.00409444      0.999827      -0.01812       2.53303   -0.00583627     0.0181438      0.999818       1.66182
     0.999975   -0.00451886    0.00550868       0.36927    0.00461625      0.999831    -0.0177983       2.69829   -0.00542732     0.0178233      0.999826       1.54724
     0.999972   -0.00473315    0.00579396      0.369282     0.0048367      0.999826    -0.0179905       2.54803    -0.0057078     0.0180181      0.999821       1.68767
     0.999976   -0.00446995    0.00536125      0.362748    0.00456381      0.999834    -0.0176233        2.6618   -0.00528159     0.0176473       0.99983       1.71436
     0.999976   -0.00432597     0.0054794      0.372264    0.00441985      0.999842    -0.0172372       2.59574   -0.00540396      0.017261      0.999836       1.65775
     0.999979   -0.00395321    0.00505576       0.37522    0.00404709      0.999817    -0.0186956       2.64676   -0.00498093     0.0187157      0.999812       1.60646
     0.999977   -0.00430178    0.00521096      0.375654    0.00439275      0.999836    -0.0175746       2.53271    -0.0051345     0.0175971      0.999832       1.67958
     0.999978   -0.00417701    0.00519246      0.382814    0.00427025      0.999827    -0.0180766       2.65319   -0.00511606     0.0180984      0.999823        1.6737
     0.999977   -0.00422774    0.00536577      0.388799     0.0043262       0.99982    -0.0184716       2.54182   -0.00528672     0.0184944      0.999815       1.68836
     0.999978   -0.00399528    0.00522271      0.368493    0.00408995      0.999825     -0.018242       2.58099   -0.00514892      0.018263       0.99982       1.73188
     0.999984   -0.00332621    0.00449221      0.349369     0.0034009      0.999854    -0.0167236       2.68867   -0.00443593     0.0167386       0.99985        1.5545
     0.999983   -0.00372812    0.00456743      0.337665    0.00380687      0.999842    -0.0173576       2.61376   -0.00450199     0.0173747      0.999839       1.59635
     0.999982   -0.00360928    0.00471927      0.340739    0.00369408       0.99983    -0.0180849       2.56662   -0.00465319      0.018102      0.999825       1.69342
     0.999985   -0.00310446    0.00452055      0.321511    0.00318395      0.999839    -0.0176835       2.51949   -0.00446492     0.0176977      0.999833       1.69199
     0.999985   -0.00344619    0.00423784        0.3256     0.0035225      0.999829    -0.0181344       2.67105   -0.00417463     0.0181491      0.999827       1.58085
     0.999981   -0.00365361    0.00497294      0.345933    0.00373541      0.999856    -0.0165397       2.56312    -0.0049118     0.0165579      0.999851       1.66963
     0.999982   -0.00353246    0.00487395      0.354588    0.00361658      0.999843    -0.0173602       2.67136   -0.00481186     0.0173775      0.999837       1.62756
      0.99998   -0.00349004    0.00525016      0.359207    0.00357749      0.999853    -0.0167398       2.55002   -0.00519096     0.0167583      0.999846       1.67414
     0.999982   -0.00347801     0.0049845      0.359871    0.00356479       0.99984    -0.0175074        2.6394   -0.00492281     0.0175248      0.999834       1.68523
     0.999982   -0.00338748    0.00504471      0.369554    0.00347318      0.999848    -0.0170781       2.55401    -0.0049861     0.0170953      0.999841       1.73934
     0.999982   -0.00350287     0.0049231      0.354963    0.00359035      0.999834    -0.0178746        2.6216   -0.00485967      0.017892      0.999828        1.7314
     0.999983   -0.00325649    0.00492435      0.363099    0.00334023      0.999848    -0.0170929       2.54908   -0.00486794      0.017109      0.999842       1.73826
     0.999983   -0.00334488    0.00470165      0.353895    0.00342745      0.999838    -0.0176647       2.62175   -0.00464181     0.0176805      0.999833       1.71082
     0.999983   -0.00329738    0.00486066      0.359456    0.00338136      0.999843    -0.0173714       2.56251   -0.00480262     0.0173875      0.999837       1.72491
     0.999982   -0.00334038    0.00492932      0.363109     0.0034268      0.999839    -0.0176289       2.56835   -0.00486964     0.0176455      0.999832       1.75363
     0.999982     -0.003389    0.00488794      0.359175     0.0034752      0.999837    -0.0177348       2.59237   -0.00482704     0.0177514      0.999831       1.73816
     0.999982   -0.00339652    0.00492919      0.358187    0.00348241       0.99984    -0.0175212       2.54676   -0.00486889      0.017538      0.999834       1.76455
     0.999982   -0.00341873    0.00483806      0.360542    0.00350525      0.999832    -0.0179879       2.58857   -0.00477575     0.0180045      0.999826       1.74714
     0.999983   -0.00330836    0.00485048       0.36488    0.00339383      0.999837    -0.0177207       2.54452   -0.00479106     0.0177369      0.999831       1.76088
     0.999982   -0.00333367    0.00503092      0.370994    0.00342306      0.999835    -0.0178656       2.54432   -0.00497053     0.0178825      0.999828       1.77146
     0.999983   -0.00343829    0.00473907      0.357361    0.00352286      0.999833    -0.0179538       2.58985   -0.00467655     0.0179702      0.999828       1.75229
      0.99999   -0.00300772    0.00344643      0.313129    0.00307138      0.999822    -0.0186185       2.80612   -0.00338981     0.0186289      0.999821       1.56925
     0.999992   -0.00251155    0.00314075       0.29866    0.00257694      0.999776    -0.0209926       2.43935   -0.00308733     0.0210005      0.999775       1.72293
     0.999992   -0.00211486    0.00339411      0.318825    0.00218829       0.99976    -0.0217776       2.33046   -0.00334724     0.0217848      0.999757       1.77531
     0.999988    -0.0024333     0.0042045      0.351729    0.00251574      0.999802    -0.0197147       2.36259    -0.0041557      0.019725      0.999797        1.8099
     0.999988   -0.00229704    0.00441376      0.370707    0.00238062      0.999816    -0.0190254       2.48827   -0.00436924     0.0190357      0.999809       1.75841
     0.999988   -0.00232801    0.00423237      0.362614    0.00240842      0.999815    -0.0190947       2.52423   -0.00418714     0.0191047      0.999809       1.68829
     0.999987   -0.00250187    0.00451343        0.3771    0.00258796      0.999813    -0.0191688       2.51317   -0.00446462     0.0191802      0.999806       1.66206
     0.999987   -0.00265218    0.00444666      0.367065    0.00274037      0.999797    -0.0199455       2.53974   -0.00439286     0.0199574      0.999791       1.64804
     0.999987   -0.00259343    0.00442197      0.371294    0.00267961      0.999804     -0.019597       2.49236   -0.00437028     0.0196086      0.999798       1.66293
     0.999988   -0.00264499    0.00414187      0.351499    0.00272719      0.999797    -0.0199677       2.53106   -0.00408821     0.0199788      0.999792       1.65333
     0.999987   -0.00279857    0.00425393       0.35476    0.00288103      0.999806     -0.019504       2.48383   -0.00419852      0.019516      0.999801       1.67569
     0.999987   -0.00283485    0.00417448      0.357795    0.00291955      0.999787    -0.0204246       2.50583   -0.00411569     0.0204365      0.999783        1.6922
     0.999988   -0.00274573    0.00407404       0.35772    0.00282712      0.999794    -0.0201084       2.49355   -0.00401798     0.0201197       0.99979       1.67218
     0.999988   -0.00278077    0.00411825      0.351983    0.00286202      0.999799    -0.0198584       2.45575    -0.0040622     0.0198699      0.999794        1.7138
     0.999988   -0.00269831    0.00397654      0.350549     0.0027787      0.999789    -0.0203493       2.49896    -0.0039208     0.0203601      0.999785       1.70197
     0.999988   -0.00271427    0.00406066      0.353534    0.00279511      0.999795    -0.0200365       2.47871   -0.00400545     0.0200476      0.999791       1.70823
     0.999988   -0.00271273    0.00416311      0.352689    0.00279537      0.999797    -0.0199758       2.48969   -0.00410807     0.0199872      0.999792       1.74395
     0.999988   -0.00284944    0.00406689      0.344661    0.00293073      0.999793    -0.0201253       2.51507    -0.0040087      0.020137      0.999789       1.71881
     0.999988   -0.00270311    0.00417422      0.353144    0.00278605      0.999796     -0.019993        2.4739   -0.00411933     0.0200044      0.999791       1.73779
     0.999987    -0.0028243    0.00419511       0.34753    0.00290931      0.999788    -0.0203982        2.5251   -0.00413661     0.0204102      0.999783       1.72167
     0.999987   -0.00277059    0.00425919      0.348173    0.00285645       0.99979    -0.0202866       2.50375   -0.00420209     0.0202985      0.999785       1.71442
     0.999986    -0.0028955    0.00432786       0.34415    0.00298259       0.99979    -0.0202545       2.51154    -0.0042683     0.0202671      0.999785       1.73543
     0.999987   -0.00286111    0.00432023      0.347268    0.00294771      0.999792    -0.0201735       2.53449   -0.00426162      0.020186      0.999787       1.68163
     0.999983   -0.00309405    0.00492002      0.385049    0.00320109      0.999755    -0.0218984       2.39911   -0.00485106     0.0219138      0.999748       1.78994
     0.999989   -0.00241875    0.00400372      0.356992    0.00250385      0.999768    -0.0213899       2.47697   -0.00395105     0.0213997      0.999763       1.65955
     0.999989   -0.00250985    0.00407576       0.34958    0.00259086      0.999797    -0.0199959       2.47709   -0.00402475     0.0200062      0.999792       1.72372
     0.999987   -0.00266491    0.00429352      0.358698    0.00275281      0.999784    -0.0205988       2.53246    -0.0042377     0.0206104      0.999779       1.64598
     0.999988   -0.00255476    0.00427485      0.367963    0.00264006      0.999795    -0.0200674        2.4893   -0.00422271     0.0200784      0.999789       1.65582
     0.999986   -0.00271723    0.00458405      0.373513    0.00281046      0.999787    -0.0204555       2.49351   -0.00452749     0.0204681       0.99978       1.67916
     0.999985   -0.00283136    0.00461098      0.373778    0.00292596      0.999783    -0.0206401       2.54115   -0.00455153     0.0206533      0.999776       1.60743
     0.999985   -0.00272155    0.00468178      0.374805    0.00281646      0.999788    -0.0203863       2.49009   -0.00462531     0.0203992      0.999781       1.66954
     0.999985   -0.00278863    0.00479501       0.37014    0.00288838      0.999777    -0.0209239       2.49143   -0.00473559     0.0209374       0.99977       1.70846
     0.999985     -0.002782    0.00473871      0.372464     0.0028787      0.999785    -0.0205227       2.51763    -0.0046806      0.020536      0.999778       1.66253
     0.999984   -0.00287735    0.00493871      0.375113    0.00297789      0.999786    -0.0204723       2.49394   -0.00487874     0.0204867      0.999778       1.70276
     0.999985    -0.0028207    0.00471307      0.368161    0.00291884      0.999776     -0.020947       2.56224   -0.00465293     0.0209604      0.999769       1.67793
     0.999988   -0.00257445    0.00428555      0.360388    0.00265843      0.999802     -0.019708       2.50301   -0.00423397     0.0197191      0.999797       1.68081
     0.999987   -0.00249871    0.00444135      0.367198    0.00258852       0.99979    -0.0203301       2.54255   -0.00438962     0.0203413      0.999783       1.70799
     0.999986   -0.00261919    0.00468531      0.378719     0.0027164      0.999779    -0.0208627       2.48686   -0.00462963     0.0208751      0.999771       1.64314
     0.999985   -0.00259131    0.00491932      0.385817    0.00269097      0.999789    -0.0203623       2.47033   -0.00486552     0.0203752      0.999781       1.67442
     0.999985   -0.00272756    0.00475718      0.370291    0.00282772      0.999772    -0.0211759       2.54184   -0.00469833      0.021189      0.999764       1.65265
     0.999985   -0.00264272    0.00479289      0.376736    0.00274159      0.999781    -0.0207412       2.44458   -0.00473703     0.0207541      0.999773       1.63162
     0.999988   -0.00149087    0.00456747      0.379516    0.00158931      0.999765    -0.0216251       2.43714   -0.00453416     0.0216322      0.999756        1.6615
     0.999989   -0.00228656    0.00416865      0.371211    0.00237221      0.999784    -0.0206585       2.56166   -0.00412051     0.0206682      0.999778       1.56648
     0.999986   -0.00243235    0.00467559      0.379213    0.00252249      0.999809    -0.0193715       2.48054   -0.00462758     0.0193831      0.999801       1.67712
     0.999984   -0.00284682    0.00497374       0.39145    0.00294646      0.999793    -0.0201422       2.51924   -0.00491537     0.0201565      0.999785       1.66676
     0.999978   -0.00352483    0.00570195      0.447736    0.00364879      0.999754    -0.0218771       2.53748   -0.00562344     0.0218974      0.999744        1.4564
     0.999976    -0.0039767    0.00561328      0.439312    0.00409823      0.999754    -0.0218071       2.51236   -0.00552518     0.0218295      0.999746       1.52054
     0.999979   -0.00309815    0.00561223      0.448218    0.00321817      0.999764     -0.021505       2.44658   -0.00554428     0.0215227      0.999753       1.64129
      0.99998   -0.00309637    0.00558999      0.450077    0.00321818      0.999755    -0.0219153       2.47388   -0.00552076     0.0219328      0.999744       1.64695
     0.999981   -0.00320493    0.00535232      0.438937    0.00331703      0.999773     -0.021067       2.43507   -0.00528358     0.0210843      0.999764       1.65726
      0.99998   -0.00321673    0.00536729      0.435352    0.00333329      0.999756    -0.0218507       2.46336    -0.0052957     0.0218682      0.999747       1.66164
     0.999982   -0.00323514      0.005081      0.423064    0.00334388      0.999762    -0.0215406       2.45185    -0.0050101     0.0215572      0.999755       1.64613
     0.999982    -0.0034601    0.00485971      0.406724    0.00356248      0.999769    -0.0212186       2.44447   -0.00478517     0.0212356      0.999763       1.68164
     0.999986   -0.00281556    0.00441023      0.374105    0.00290656       0.99978    -0.0207649        2.5321   -0.00435079     0.0207774      0.999775       1.66869
     0.999985    -0.0021065    0.00496444      0.423333    0.00221326      0.999764     -0.021598       2.43303   -0.00491778     0.0216087      0.999754       1.70226
     0.999986   -0.00250794     0.0047297      0.397046    0.00260769      0.999772    -0.0212048       2.52379   -0.00467544     0.0212168      0.999764       1.64156
      0.99999   -0.00183637      0.003968      0.372829    0.00191475      0.999801    -0.0198396       2.42296   -0.00393078      0.019847      0.999795       1.69205
     0.999983  -0.000482708    0.00583104      0.481702   0.000606774      0.999773    -0.0212938       2.37381   -0.00581944     0.0212969      0.999756       1.63154
     0.999992   -0.00053809    0.00400391      0.416446    0.00059914      0.999883     -0.015262       2.70214   -0.00399523     0.0152643      0.999876       1.68227
     0.999979  -0.000299563    0.00640845      0.563212   0.000409265      0.999853    -0.0171238       2.55937   -0.00640238     0.0171261      0.999833       1.71711
     0.999989  -0.000353649    0.00472486      0.470373   0.000431646      0.999863     -0.016517        2.7693   -0.00471837     0.0165189      0.999852       1.69497
     0.999992  -0.000634748    0.00396854      0.435519   0.000697296      0.999875    -0.0157795       2.64974   -0.00395803     0.0157822      0.999868       1.85949
     0.999995   -0.00147679    0.00274511      0.353245     0.0015216      0.999864    -0.0163933       2.63315   -0.00272053     0.0163974      0.999862       1.77111
     0.999995   -0.00122669    0.00284338      0.367364    0.00127262      0.999868    -0.0162082       2.67383   -0.00282312     0.0162118      0.999865        1.7922
     0.999995   -0.00122885    0.00276949      0.370768    0.00127516      0.999858    -0.0167827       2.63927   -0.00274847     0.0167862      0.999855       1.74793
     0.999995   -0.00123707    0.00294151      0.375561    0.00128826      0.999847    -0.0174671       2.64858   -0.00291945     0.0174708      0.999843       1.78492
     0.999994   -0.00147462    0.00303548      0.372663    0.00152715      0.999848    -0.0173754        2.6336   -0.00300939     0.0173799      0.999844       1.76231
     0.999994    -0.0013257    0.00312934      0.366488    0.00138024      0.999846    -0.0174925       2.61266   -0.00310567     0.0174968      0.999842         1.812
     0.999995   -0.00149662    0.00289952      0.351115    0.00154737      0.999844    -0.0175805       2.67079   -0.00287276     0.0175849      0.999841       1.79005
     0.999994   -0.00127434    0.00320739      0.370828    0.00132983      0.999848    -0.0173599       2.64339   -0.00318478      0.017364      0.999844       1.82969
     0.999994   -0.00159653    0.00294221      0.359962    0.00164698       0.99985    -0.0172249       2.66964   -0.00291427     0.0172297      0.999847       1.79801
