# 3dvolreg matrices (DICOM-to-DICOM, row-by-row):
     0.999974   -0.00284196    0.00656325     -0.359368    0.00298123      0.999768    -0.0213088       2.64658   -0.00650117     0.0213278      0.999751        1.7036
      0.99997   -0.00308754    0.00714962     -0.340265    0.00323861       0.99977    -0.0212161       2.57374   -0.00708246     0.0212386      0.999749       1.76612
     0.999973   -0.00340017    0.00644318     -0.382809    0.00353856      0.999761    -0.0215894        2.7016   -0.00636823     0.0216116      0.999746       1.67692
     0.999975   -0.00277948    0.00644302     -0.355354    0.00292458       0.99974    -0.0226212       2.60656   -0.00637847     0.0226395      0.999723       1.78224
     0.999972   -0.00307156    0.00686963     -0.355792    0.00322278       0.99975     -0.022112       2.54763       -0.0068     0.0221335      0.999732       1.80558
     0.999971   -0.00317971      0.006877      -0.37079    0.00333046      0.999752    -0.0220213       2.54675   -0.00680527     0.0220436      0.999734       1.83805
     0.999974   -0.00294916    0.00662533     -0.370684    0.00309232       0.99976    -0.0217023        2.6218   -0.00655973     0.0217222      0.999743       1.72625
     0.999971   -0.00280938     0.0070482     -0.352391    0.00295923      0.999768    -0.0213418       2.56383   -0.00698661     0.0213621      0.999747       1.77904
     0.999974   -0.00316691    0.00647671     -0.386992    0.00331344      0.999736     -0.022739       2.69027   -0.00640299     0.0227598       0.99972       1.71543
     0.999973   -0.00300521    0.00664706     -0.383195    0.00315739       0.99973    -0.0230044       2.58189   -0.00657613     0.0230248      0.999713       1.84284
     0.999971   -0.00294775    0.00696321     -0.378753     0.0031003      0.999753    -0.0219992       2.45802   -0.00689665     0.0220201      0.999734        1.8486
     0.999971   -0.00290223    0.00701042     -0.384589    0.00305653      0.999751    -0.0221014       2.57927   -0.00694453     0.0221222      0.999731       1.83331
     0.999971   -0.00272449    0.00715386     -0.375413    0.00287461      0.999774    -0.0210576       2.55638   -0.00709488     0.0210775      0.999753       1.80394
      0.99997   -0.00287807    0.00716485     -0.367746    0.00303654      0.999749    -0.0222059       2.65282   -0.00709914      0.022227      0.999728       1.78537
      0.99997   -0.00273075    0.00719869     -0.361246     0.0028863      0.999761    -0.0216872       2.57794   -0.00713774     0.0217074      0.999739       1.76886
     0.999973   -0.00257184    0.00681647     -0.373191    0.00272212      0.999751    -0.0221301       2.60999   -0.00675786     0.0221481      0.999732       1.79546
     0.999976   -0.00180311    0.00664843     -0.373213    0.00194426      0.999772    -0.0212861       2.53712   -0.00660853     0.0212985      0.999751       1.74373
     0.999977   -0.00193216    0.00647842     -0.372528    0.00208079      0.999733    -0.0230151       2.62866   -0.00643222     0.0230281      0.999714       1.60933
     0.999977   -0.00238587    0.00639944     -0.397758    0.00252598      0.999755    -0.0219765       2.58574   -0.00634544     0.0219921      0.999738       1.70455
      0.99998   -0.00240416    0.00590718     -0.422476    0.00253497       0.99975    -0.0222367       2.63644   -0.00585224     0.0222512      0.999735       1.65492
     0.999976   -0.00244224    0.00643637      -0.40337    0.00258266      0.999757    -0.0219007       2.57111   -0.00638132     0.0219168      0.999739       1.71677
     0.999976   -0.00257598    0.00638422     -0.406014    0.00272074      0.999737      -0.02277       2.59365   -0.00632388     0.0227868       0.99972       1.72434
     0.999976   -0.00259151    0.00646473     -0.398693    0.00273741      0.999739    -0.0226632       2.57524   -0.00640431     0.0226804      0.999722       1.69949
     0.999975   -0.00256422    0.00654508     -0.396252    0.00271089      0.999743    -0.0225007       2.55755   -0.00648571     0.0225179      0.999725       1.76981
     0.999975   -0.00265794    0.00657743     -0.391895    0.00280812      0.999733    -0.0229307       2.60861   -0.00651472     0.0229486      0.999715       1.71096
     0.999978    -0.0030887    0.00593696     -0.454335    0.00321154      0.999779    -0.0207939       2.65225   -0.00587142     0.0208125      0.999766       1.68001
     0.999984   -0.00352034    0.00453774     -0.528361    0.00361173      0.999788    -0.0202915       2.79286   -0.00446534     0.0203076      0.999784       1.54174
      0.99998   -0.00374471    0.00514339     -0.519898     0.0038427      0.999809    -0.0191749       2.65084    -0.0050706     0.0191943      0.999803       1.61353
     0.999984   -0.00358629    0.00446513     -0.534018    0.00367452      0.999795    -0.0199101       2.77247   -0.00439282     0.0199262      0.999792        1.5446
     0.999982   -0.00361846    0.00470115      -0.52781    0.00370818      0.999808    -0.0192168       2.67586   -0.00463072     0.0192339      0.999804       1.59287
     0.999984    -0.0035049    0.00448747     -0.534001    0.00359532      0.999787    -0.0203027       2.75105   -0.00441536     0.0203185      0.999784       1.56683
     0.999983   -0.00360962    0.00464332     -0.529963    0.00370125      0.999796     -0.019878       2.68544   -0.00457062     0.0198948      0.999792       1.57145
     0.999982   -0.00372299    0.00467412     -0.529074    0.00381708      0.999787     -0.020286       2.67944    -0.0045976     0.0203035      0.999783       1.61953
     0.999983   -0.00359098    0.00449796     -0.529351    0.00368021      0.999793    -0.0199895         2.715   -0.00442525     0.0200058       0.99979       1.54212
     0.999983   -0.00364161    0.00460517     -0.534225    0.00373473      0.999785    -0.0203757       2.67405   -0.00452998     0.0203926      0.999782       1.62414
     0.999984   -0.00354891    0.00437948      -0.53346     0.0036387       0.99978    -0.0206672       2.68886   -0.00430517     0.0206828      0.999777       1.57139
     0.999983   -0.00367661     0.0046033     -0.537395    0.00376867       0.99979    -0.0201542       2.66855   -0.00452824     0.0201712      0.999786       1.60383
     0.999986   -0.00340509    0.00409257      -0.54428    0.00348926      0.999779    -0.0207389       2.71138   -0.00402104     0.0207529      0.999777       1.53919
     0.999985   -0.00346218     0.0043277     -0.539517    0.00354812      0.999794     -0.020009       2.67883   -0.00425753      0.020024       0.99979       1.54565
     0.999987   -0.00349569    0.00373794     -0.558298    0.00357425      0.999768    -0.0212213       2.79032   -0.00366289     0.0212343      0.999768       1.49848
     0.999985     -0.003077    0.00443428     -0.533973    0.00316738      0.999784    -0.0205192        2.5409   -0.00437018      0.020533       0.99978       1.64083
     0.999981   -0.00383163    0.00476906     -0.500421    0.00393769      0.999741    -0.0224319       2.62753   -0.00468187     0.0224503      0.999737       1.59835
     0.999986   -0.00350124    0.00395999     -0.516898    0.00358761      0.999751    -0.0220163       2.66664   -0.00388192     0.0220302       0.99975       1.61769
     0.999983   -0.00350785    0.00465931     -0.491165    0.00360585      0.999769    -0.0211925       2.63992   -0.00458389      0.021209      0.999765       1.62437
     0.999981    -0.0037167    0.00491465     -0.493844    0.00382175      0.999761    -0.0215421       2.66194   -0.00483341     0.0215605      0.999756       1.63104
     0.999981    -0.0037101    0.00490498      -0.49721    0.00381528      0.999759    -0.0216106       2.67828   -0.00482362     0.0216289      0.999754       1.54601
      0.99998     -0.003686    0.00505889     -0.491305    0.00379114      0.999774    -0.0209325       2.65127   -0.00498059     0.0209513      0.999768       1.57946
     0.999982   -0.00371771    0.00478345     -0.494141    0.00382146      0.999754    -0.0218658       2.66742   -0.00470098     0.0218837      0.999749        1.5834
     0.999981   -0.00379129    0.00487627     -0.493898    0.00389644      0.999756    -0.0217384       2.66802   -0.00479267      0.021757      0.999752       1.59038
      0.99998   -0.00384138    0.00492924     -0.499663    0.00394713      0.999758    -0.0216266        2.6258   -0.00484497     0.0216456      0.999754       1.65337
      0.99998   -0.00395248    0.00499681     -0.502299    0.00405972      0.999758    -0.0216365       2.70265   -0.00491008     0.0216563      0.999753       1.59644
      0.99998   -0.00376597    0.00514825     -0.496898    0.00387689      0.999757    -0.0217088       2.63407   -0.00506525     0.0217283      0.999751       1.65744
      0.99998   -0.00382831    0.00511213     -0.496706    0.00393769       0.99976    -0.0215603       2.68242   -0.00502837       0.02158      0.999754       1.58228
      0.99998   -0.00383427    0.00508969     -0.503788    0.00393593       0.99979     -0.020115       2.68826   -0.00501149     0.0201347      0.999785       1.62729
     0.999982   -0.00336998    0.00496164     -0.484087     0.0034684      0.999795    -0.0199636       2.90529   -0.00489335     0.0199805      0.999788       1.40419
     0.999986   -0.00103534    0.00521578     -0.380302    0.00114682       0.99977    -0.0214161       3.01987    -0.0051924     0.0214218      0.999757       1.25267
     0.999987   -0.00106366    0.00493601     -0.412131    0.00116819      0.999774    -0.0212238       2.60694   -0.00491232     0.0212293      0.999763        1.5559
     0.999985   -0.00185948    0.00514022     -0.432232    0.00195833      0.999812    -0.0192921       2.61747   -0.00510338     0.0193019      0.999801       1.60885
     0.999985  -0.000823056    0.00546475     -0.395918   0.000926646      0.999819    -0.0189806       2.76069   -0.00544814     0.0189854      0.999805       1.56664
     0.999983   -0.00179705    0.00548539     -0.416457    0.00190093      0.999818    -0.0189913       2.81366   -0.00545026     0.0190015      0.999805       1.57316
     0.999984   -0.00191403     0.0053297     -0.427699     0.0020181      0.999806    -0.0195887       2.88922   -0.00529117     0.0195991      0.999794       1.49808
     0.999982   -0.00198212    0.00564306     -0.411379    0.00208731      0.999823    -0.0186961       2.79161   -0.00560501     0.0187076      0.999809        1.4988
     0.999981   -0.00241848    0.00574037     -0.425651    0.00253128      0.999802    -0.0197249       2.84689   -0.00569153     0.0197391      0.999789       1.52235
     0.999982   -0.00237756    0.00551604      -0.43483    0.00248468      0.999807    -0.0194963       2.81456   -0.00546862     0.0195096      0.999795       1.54789
     0.999983   -0.00297116    0.00494024     -0.479976    0.00307395      0.999776     -0.020932       2.89247   -0.00487695     0.0209468      0.999769       1.70037
     0.999986   -0.00254947    0.00457337     -0.489728    0.00264122      0.999793    -0.0201697       2.78884     -0.004521     0.0201815      0.999786       1.66885
     0.999983   -0.00265665    0.00512684      -0.46427    0.00275048      0.999827    -0.0183825       2.67185   -0.00507712     0.0183963      0.999818       1.59495
     0.999983    -0.0025792     0.0052425     -0.449693    0.00267339      0.999834      -0.01804       2.78531    -0.0051951     0.0180537      0.999824       1.57589
     0.999984   -0.00243867    0.00516901     -0.446623    0.00252959      0.999841     -0.017657       2.82713   -0.00512512     0.0176698      0.999831       1.56474
     0.999983   -0.00253891    0.00522986     -0.442364    0.00263103       0.99984    -0.0176827         2.867   -0.00518413     0.0176961       0.99983       1.54518
     0.999984   -0.00268117    0.00500759      -0.45734    0.00276999      0.999837    -0.0178159       2.89356   -0.00495901     0.0178295      0.999829       1.55468
     0.999983   -0.00308367    0.00501708     -0.475537    0.00317597      0.999824    -0.0184938       2.92421   -0.00495917     0.0185094      0.999816       1.57363
     0.999984   -0.00277846    0.00500192     -0.466233    0.00286838      0.999833    -0.0180604       2.80524   -0.00495091     0.0180744      0.999824       1.60532
     0.999982   -0.00276444    0.00527057     -0.452116    0.00285876      0.999834    -0.0179726       2.79517   -0.00522001     0.0179874      0.999825       1.63389
     0.999982   -0.00288028    0.00519952     -0.464924    0.00297124      0.999841     -0.017571       2.83383   -0.00514809     0.0175862      0.999832         1.633
     0.999983   -0.00290973     0.0050594     -0.466324    0.00300056      0.999833    -0.0180371       2.82516   -0.00500607      0.018052      0.999825       1.65825
     0.999982   -0.00292489    0.00525599     -0.457489    0.00301805      0.999837    -0.0178053       2.81404   -0.00520306     0.0178209      0.999828        1.6582
     0.999982   -0.00299081    0.00517102     -0.459173    0.00308867      0.999814     -0.019021        2.9109   -0.00511317     0.0190367      0.999806       1.66725
      0.99998   -0.00322351    0.00549267     -0.456916    0.00332778      0.999812    -0.0190797       2.76506   -0.00543014     0.0190976      0.999803       1.65129
     0.999977   -0.00334518    0.00597225     -0.436867    0.00346417      0.999793    -0.0200271       2.70555   -0.00590402     0.0200473      0.999782       1.65882
     0.999984   -0.00313301    0.00468564     -0.474708    0.00322381      0.999805    -0.0194961       2.90297   -0.00462364     0.0195109      0.999799       1.49877
     0.999981   -0.00316402    0.00532527     -0.451342     0.0032622      0.999823     -0.018531        2.7219    -0.0052657     0.0185481      0.999814       1.69882
      0.99998   -0.00331037    0.00546062     -0.444611     0.0034131      0.999815    -0.0189108       2.77921   -0.00539701     0.0189291      0.999806       1.76086
     0.999975   -0.00360112    0.00611234     -0.435741    0.00371526      0.999817     -0.018765       2.83056   -0.00604365     0.0187872      0.999805       1.66353
     0.999968   -0.00441992    0.00664394     -0.398989    0.00457671      0.999707    -0.0237724       2.93926   -0.00653692      0.023802      0.999695       1.07285
      0.99997   -0.00397233    0.00659932     -0.421184    0.00410905      0.999775    -0.0208333       2.80456   -0.00651507     0.0208598      0.999761       1.55939
     0.999972   -0.00378442    0.00642007     -0.417621    0.00391111      0.999796    -0.0198382         2.835   -0.00634368     0.0198628      0.999783       1.67652
      0.99997   -0.00405984    0.00662267     -0.419161    0.00418937      0.999798    -0.0196621       2.81989   -0.00654151     0.0196892      0.999785       1.60538
     0.999972   -0.00403808    0.00628054     -0.430004    0.00416751      0.999776    -0.0207338       2.86986   -0.00619541     0.0207594      0.999765       1.62876
      0.99997   -0.00412697    0.00655302     -0.419664     0.0042566      0.999793    -0.0198921       2.71898   -0.00646957     0.0199194      0.999781       1.69531
     0.999975   -0.00389791    0.00593729     -0.435984    0.00401853      0.999783    -0.0204411       2.87475   -0.00585632     0.0204644      0.999773       1.64061
     0.999972   -0.00406089    0.00636365     -0.422586    0.00418589      0.999796    -0.0197537       2.73268   -0.00628214     0.0197797      0.999785       1.71098
     0.999972   -0.00409397    0.00625501     -0.423593    0.00422167       0.99978      -0.02054       2.82915   -0.00616954     0.0205658      0.999769       1.64547
     0.999971   -0.00393075    0.00646117     -0.416176    0.00405779      0.999796    -0.0197693       2.78605   -0.00638215     0.0197949      0.999784       1.66164
     0.999971   -0.00415559    0.00645177     -0.419031    0.00428437      0.999789    -0.0200767       2.80785   -0.00636698     0.0201038      0.999778       1.64557
     0.999972   -0.00398802    0.00627176     -0.423312    0.00410999        0.9998    -0.0195574       2.79712   -0.00619251     0.0195826      0.999789       1.67394
     0.999972   -0.00420051    0.00612473     -0.445544    0.00432543       0.99978    -0.0205274       2.88671   -0.00603716     0.0205533      0.999771       1.61675
     0.999971   -0.00417964    0.00632035     -0.433402    0.00430632      0.999787    -0.0201651       2.78947   -0.00623473     0.0201917      0.999777       1.69288
     0.999972    -0.0042085    0.00611847     -0.454948    0.00432353      0.999812    -0.0189108       2.80568   -0.00603773     0.0189368      0.999802       1.70257
     0.999976   -0.00394614    0.00561923     -0.458902    0.00405222      0.999811     -0.018993       2.87284   -0.00554322     0.0190153      0.999804       1.66067
     0.999975   -0.00367113    0.00600156     -0.425167    0.00378667      0.999805    -0.0193555       2.77549   -0.00592933     0.0193778      0.999795       1.70704
     0.999973   -0.00360283     0.0063537     -0.407038    0.00372665      0.999801     -0.019584       2.84412   -0.00628188     0.0196072      0.999788       1.63828
     0.999973   -0.00375056    0.00632628     -0.410256    0.00387367      0.999801    -0.0195615       2.83354   -0.00625165     0.0195854      0.999789       1.59396
     0.999975   -0.00361511    0.00613745     -0.415284    0.00373316      0.999806     -0.019333       2.81891   -0.00606637     0.0193554      0.999794       1.69436
     0.999976   -0.00355353    0.00589764     -0.413079    0.00366491      0.999813    -0.0189834       2.82076   -0.00582908     0.0190046      0.999802        1.7068
     0.999978   -0.00328166    0.00578269     -0.405286    0.00339339      0.999806    -0.0194185       2.81215   -0.00571784     0.0194377      0.999795       1.72935
      0.99998   -0.00299346    0.00549603     -0.408792    0.00309822      0.999812    -0.0191526        2.8563   -0.00543766     0.0191692      0.999801        1.7441
      0.99998   -0.00302602    0.00563663     -0.404206    0.00313533      0.999805    -0.0194861       2.82828   -0.00557657     0.0195034      0.999794       1.73101
     0.999977   -0.00301434    0.00599545     -0.397974    0.00312832      0.999813    -0.0190938       2.80514   -0.00593678     0.0191121        0.9998       1.73072
     0.999981   -0.00300261    0.00546619     -0.402555    0.00311154      0.999795    -0.0200302       2.85783   -0.00540492     0.0200468      0.999784       1.64025
     0.999978   -0.00294881    0.00589201       -0.3947     0.0030616       0.99981     -0.019226       2.79548    -0.0058342     0.0192436      0.999798       1.71939
      0.99998   -0.00321445      0.005537     -0.419187    0.00332412      0.999796    -0.0199121       2.84116   -0.00547186     0.0199301      0.999786        1.7142
      0.99998   -0.00161406    0.00618108     -0.383184    0.00173394       0.99981    -0.0194383        2.7301   -0.00614853     0.0194486      0.999792       1.74492
     0.999981   -0.00283878    0.00552978       -0.4193    0.00295194      0.999784    -0.0205639       2.92886   -0.00547021     0.0205798      0.999773       1.62663
     0.999974   -0.00323955    0.00639602     -0.409021    0.00335988      0.999816    -0.0188923       2.72412   -0.00633364     0.0189133      0.999801       1.80195
     0.999978   -0.00295608    0.00594846     -0.416693    0.00307077      0.999808    -0.0193658       2.85588   -0.00589007     0.0193837      0.999795       1.65731
     0.999976   -0.00324421    0.00618588     -0.413001    0.00335548      0.999831    -0.0180626        2.8019   -0.00612624     0.0180829      0.999818       1.71361
      0.99998   -0.00139548    0.00622621     -0.346699    0.00148933      0.999885    -0.0150936       2.94174   -0.00620443     0.0151026      0.999867       1.61598
      0.99998   -0.00186578    0.00599384     -0.394873    0.00195698      0.999882    -0.0152468       2.98997   -0.00596468     0.0152582      0.999866        1.6189
     0.999985   -0.00288681    0.00461219     -0.470618    0.00295739      0.999878    -0.0153691       3.05696   -0.00456726     0.0153825      0.999871        1.5013
     0.999982   -0.00320417    0.00508659     -0.450151    0.00327603      0.999894    -0.0141828       2.91502   -0.00504061     0.0141992      0.999886       1.50663
      0.99999   -0.00245135    0.00377025     -0.474161     0.0025042      0.999898    -0.0140777       3.12195   -0.00373535      0.014087      0.999894       1.35262
     0.999987   -0.00293719    0.00421319     -0.473098    0.00299448      0.999902    -0.0136561        2.9909   -0.00417267     0.0136686      0.999898       1.39782
     0.999986   -0.00269739    0.00451239     -0.447462    0.00276975      0.999866    -0.0161075       3.13456   -0.00446834     0.0161198       0.99986       1.27108
     0.999987    -0.0019884     0.0046362     -0.437333    0.00207207      0.999834    -0.0181124       3.05098   -0.00459941     0.0181218      0.999825       1.39576
     0.999984   -0.00199409    0.00526781     -0.410761    0.00207604      0.999876    -0.0155974       2.77052   -0.00523605     0.0156081      0.999864       1.60406
     0.999982   -0.00220307    0.00553991     -0.392476    0.00228664      0.999883    -0.0151249       2.95517   -0.00550594     0.0151373       0.99987       1.59598
     0.999982   -0.00220804    0.00566637     -0.380248    0.00229032      0.999891    -0.0145555       2.98081   -0.00563361     0.0145682      0.999878       1.60441
      0.99998    -0.0021287    0.00596187     -0.374511    0.00221682      0.999888    -0.0148128       3.01392   -0.00592967     0.0148257      0.999873       1.59617
      0.99998   -0.00209639    0.00596802     -0.365968    0.00219155       0.99987    -0.0159835       3.05773   -0.00593374     0.0159963      0.999854       1.52853
     0.999981   -0.00191477    0.00592545      -0.36978     0.0020104      0.999867    -0.0161764       2.99489   -0.00589369      0.016188      0.999852       1.57169
     0.999982   -0.00202487    0.00561169       -0.3776    0.00211551      0.999867    -0.0161934       2.98138   -0.00557815      0.016205      0.999853        1.6346
      0.99998   -0.00232192    0.00585387     -0.373456    0.00241844       0.99986    -0.0165357        2.9379   -0.00581466     0.0165495      0.999846        1.6076
     0.999963   -0.00239895    0.00820308     -0.190772    0.00255166      0.999823    -0.0186565       3.03334   -0.00815687     0.0186767      0.999792       1.60592
     0.999965   -0.00196211    0.00812173     -0.200565    0.00209149      0.999871    -0.0159523       2.84421   -0.00808937     0.0159687       0.99984       1.58436
     0.999968   -0.00282504      0.007497     -0.231949    0.00296244      0.999827      -0.01838       2.93003   -0.00744378     0.0184016      0.999803       1.55336
     0.999979   -0.00259541    0.00598321     -0.331896    0.00270546      0.999826    -0.0184578       3.00987   -0.00593426     0.0184736      0.999812       1.42258
     0.999972   -0.00296149    0.00681153     -0.296806    0.00307931      0.999845    -0.0173518       2.86076   -0.00675909     0.0173723      0.999826       1.49314
     0.999972   -0.00307974    0.00678656     -0.312671    0.00320407      0.999826    -0.0183865       3.00791   -0.00672875     0.0184077      0.999808       1.52625
     0.999973   -0.00278747     0.0068456     -0.307594    0.00291899       0.99981    -0.0192785       3.05374   -0.00679056      0.019298      0.999791       1.55188
     0.999975   -0.00316175    0.00632489     -0.359447    0.00326962      0.999848    -0.0171181       2.85648    -0.0062698     0.0171384      0.999833       1.69115
     0.999977   -0.00249013    0.00627048     -0.358307    0.00257792      0.999898    -0.0140311       2.94905    -0.0062349     0.0140469      0.999882       1.69248
     0.999978   -0.00239206    0.00622961      -0.36224    0.00249419      0.999862     -0.016438       3.00518   -0.00618943     0.0164532      0.999845       1.63305
     0.999981    -0.0031074    0.00538514     -0.417226    0.00319349      0.999866    -0.0160521       3.05683   -0.00533454      0.016069      0.999857       1.64361
     0.999982   -0.00367285    0.00466318     -0.480162     0.0037492      0.999857    -0.0164704       3.00476   -0.00460203     0.0164876      0.999853       1.73434
     0.999986   -0.00332385    0.00418008     -0.489271    0.00340818      0.999787    -0.0203324       3.13796   -0.00411161     0.0203463      0.999785       1.56507
     0.999988   -0.00360699     0.0032579     -0.521048    0.00366543      0.999829    -0.0181128       2.83196   -0.00319201     0.0181245      0.999831       1.38467
     0.999988   -0.00352974    0.00349937     -0.511992    0.00359048       0.99984    -0.0175077       2.94008   -0.00343701       0.01752      0.999841        1.4152
     0.999986    -0.0035002    0.00392672      -0.49171    0.00356568      0.999853     -0.016794       2.99647   -0.00386736     0.0168078      0.999851       1.48515
     0.999978   -0.00423688    0.00502831     -0.499714    0.00432283      0.999843    -0.0172076       3.00314   -0.00495461      0.017229      0.999839        1.5991
     0.999976   -0.00470861    0.00516267     -0.498817    0.00479723      0.999839    -0.0172901        3.0032   -0.00508043     0.0173145      0.999837       1.58859
     0.999974   -0.00492512    0.00526386     -0.497743    0.00501546      0.999838    -0.0172893       2.94615   -0.00517785     0.0173152      0.999837       1.54345
     0.999974   -0.00494853    0.00530665     -0.494962    0.00504146      0.999832    -0.0176442       2.94276   -0.00521844     0.0176705       0.99983       1.56985
     0.999977    -0.0048446    0.00464751     -0.532617    0.00492931      0.999819    -0.0183921       3.06805   -0.00455757     0.0184146       0.99982        1.3078
     0.999974   -0.00496962    0.00525446     -0.518684    0.00506544      0.999818    -0.0183826       2.96722   -0.00516215     0.0184087      0.999817       1.42782
     0.999967   -0.00537016    0.00603256     -0.495727    0.00547253      0.999839    -0.0170839       2.88537   -0.00593984     0.0171163      0.999836       1.48831
     0.999969   -0.00519171    0.00597378      -0.47938    0.00530034      0.999818    -0.0183143       2.95905   -0.00587761     0.0183453      0.999814       1.54827
     0.999969   -0.00501849    0.00607342     -0.458241    0.00512444      0.999833    -0.0175567       2.89648   -0.00598429     0.0175873      0.999827        1.5944
     0.999968   -0.00470403    0.00641779     -0.409838    0.00482486      0.999809    -0.0189431       2.94413   -0.00632745     0.0189735        0.9998       1.39653
     0.999973    -0.0046033    0.00576833     -0.439306    0.00472268      0.999771    -0.0208567        3.0046     -0.005671     0.0208834      0.999766       1.37859
     0.999969   -0.00493727    0.00618532     -0.446385    0.00504832      0.999824    -0.0180689        2.8452   -0.00609502     0.0180996      0.999818       1.60334
     0.999965   -0.00510818    0.00655351     -0.436378    0.00522423      0.999828    -0.0178145       2.89833   -0.00646138     0.0178482       0.99982       1.59293
     0.999971   -0.00425534    0.00630729     -0.429172    0.00437629      0.999804    -0.0192874       3.03902   -0.00622398     0.0193144      0.999794       1.40926
     0.999971   -0.00422271    0.00634091     -0.423117     0.0043402      0.999817    -0.0186307       2.81426   -0.00626107     0.0186577      0.999806       1.54096
     0.999962   -0.00444126      0.007452     -0.367943    0.00457876      0.999818    -0.0185365       2.84328   -0.00736831     0.0185699        0.9998       1.50038
      0.99995   -0.00457107    0.00888188     -0.292791    0.00471222      0.999862    -0.0159366       2.90093   -0.00880781     0.0159776      0.999834       1.50413
     0.999947    -0.0049132    0.00902396     -0.304293    0.00507014      0.999835    -0.0174519       3.03287   -0.00893673     0.0174968      0.999807       1.51202
     0.999947   -0.00486896    0.00906144     -0.300563    0.00502118      0.999845    -0.0168518       2.91463   -0.00897799     0.0168964      0.999817       1.55249
     0.999945   -0.00511127    0.00911152     -0.297204    0.00527009      0.999833    -0.0174931       2.94934   -0.00902059     0.0175402      0.999805       1.54156
     0.999947   -0.00511186    0.00892821     -0.295481    0.00526945      0.999829    -0.0177176       2.90256   -0.00883612     0.0177637      0.999803       1.57251
     0.999955   -0.00472386    0.00817511     -0.318727    0.00487609      0.999813    -0.0187021       2.95987   -0.00808524     0.0187412      0.999792       1.53635
     0.999955   -0.00478601    0.00814646     -0.346493    0.00494598      0.999793    -0.0197319       2.99391   -0.00805034     0.0197713      0.999772       1.58477
     0.999956   -0.00574795     0.0073532     -0.417785    0.00587595      0.999829    -0.0175067       2.93933   -0.00725132     0.0175491       0.99982       1.68767
     0.999964   -0.00513089    0.00676762     -0.428362    0.00525932      0.999804    -0.0190968       2.83826   -0.00666831     0.0191317      0.999795       1.81521
     0.999957    -0.0053257     0.0075324     -0.395181    0.00546315      0.999817    -0.0183477       2.76213    -0.0074333      0.018388      0.999803        1.7809
     0.999957   -0.00552192    0.00744056     -0.406127    0.00566235      0.999804    -0.0189855       2.85945   -0.00733426     0.0190269      0.999792       1.76931
     0.999953   -0.00556499    0.00796457     -0.384812    0.00571255       0.99981    -0.0186264       2.82576    -0.0078594      0.018671      0.999795       1.73602
     0.999953     -0.005496    0.00797517     -0.377712    0.00564609      0.999805    -0.0189206       2.86311   -0.00786963     0.0189647      0.999789       1.73183
     0.999959    -0.0054083    0.00727231     -0.410228    0.00554868      0.999796    -0.0194249       2.88275   -0.00716577     0.0194645      0.999785       1.62389
     0.999962   -0.00512003    0.00698842     -0.411108    0.00525986      0.999783    -0.0201405       2.84936   -0.00688379     0.0201765      0.999773        1.6279
      0.99996   -0.00510756    0.00729323     -0.396374    0.00524588      0.999804    -0.0190734       2.76551   -0.00719438     0.0191109      0.999791       1.68896
     0.999961   -0.00525808    0.00703625     -0.411584    0.00539391      0.999797    -0.0194266       2.87565   -0.00693268     0.0194638      0.999787       1.64736
     0.999959   -0.00542639    0.00729943     -0.396952    0.00556576        0.9998    -0.0192107       2.83079   -0.00719373     0.0192506      0.999789       1.65505
     0.999961   -0.00531159    0.00698903     -0.433448    0.00544901      0.999789    -0.0197921       2.98834   -0.00688243     0.0198295       0.99978       1.44492
     0.999972   -0.00355964    0.00651125      -0.44824     0.0036862      0.999802      -0.01953       3.05876   -0.00644045     0.0195534      0.999788       1.32292
     0.999974   -0.00409674    0.00585492     -0.496656    0.00420033      0.999833    -0.0177917       2.76442   -0.00578105     0.0178158      0.999825       1.56035
     0.999964   -0.00502272    0.00679413     -0.460724    0.00514361      0.999827     -0.017894       2.80443   -0.00670307     0.0179284      0.999817       1.66336
     0.999962    -0.0051057    0.00702736     -0.446803    0.00522845      0.999832    -0.0175616       2.83429   -0.00693651     0.0175977      0.999821        1.6924
     0.999962   -0.00489531    0.00725416     -0.426411    0.00502141      0.999835    -0.0174676       2.91257   -0.00716745     0.0175033      0.999821       1.67994
      0.99996   -0.00484984    0.00753212     -0.410102    0.00498155      0.999833    -0.0175672       2.94261   -0.00744567      0.017604      0.999817       1.66271
      0.99995    -0.0055338    0.00830565     -0.387325    0.00567806      0.999832    -0.0174469       2.92921    -0.0082077     0.0174932      0.999813       1.64395
     0.999959   -0.00567453    0.00698741     -0.470697    0.00580063      0.999818    -0.0181607       2.97671   -0.00688308     0.0182005      0.999811       1.79699
     0.999952   -0.00618892    0.00765582     -0.448672    0.00632728      0.999815    -0.0181823       2.87127   -0.00754187     0.0182299      0.999805       1.75759
     0.999945   -0.00646546    0.00827275     -0.410318     0.0066213      0.999798    -0.0189516       2.78148   -0.00814855     0.0190053      0.999786       1.64432
     0.999934   -0.00688113    0.00915415     -0.374707    0.00704419      0.999815    -0.0179016       2.88158   -0.00902927     0.0179649      0.999798       1.78322
     0.999932   -0.00678445    0.00951326      -0.33593    0.00697219      0.999779    -0.0198426       2.83352   -0.00937653     0.0199076      0.999758       1.48018
     0.999922   -0.00697121     0.0103801     -0.290264    0.00719144      0.999747    -0.0213322       2.81144    -0.0102288     0.0214052      0.999719       1.54047
     0.999922   -0.00724778     0.0101982     -0.319952     0.0074608      0.999751     -0.021008       2.76213    -0.0100434     0.0210824      0.999727       1.55787
     0.999931    -0.0069249    0.00948383     -0.348738    0.00714435      0.999703    -0.0233045       2.78073   -0.00931963     0.0233707      0.999683         1.567
     0.999939   -0.00647666    0.00896418     -0.368019    0.00667691      0.999725    -0.0224928       2.75193   -0.00881603     0.0225513      0.999707        1.4549
     0.999945   -0.00647606    0.00823806     -0.392743    0.00665478      0.999739    -0.0218557       2.87257   -0.00809437     0.0219093      0.999727       1.25923
      0.99995   -0.00595774    0.00803566     -0.388199     0.0061349      0.999735    -0.0222042       2.85662   -0.00790124     0.0222524      0.999721        1.2691
     0.999943   -0.00630163    0.00859577     -0.366331    0.00648483      0.999749    -0.0214549       2.73686   -0.00845841     0.0215095      0.999733       1.35691
     0.999947   -0.00624419    0.00821233     -0.368643    0.00642435      0.999735    -0.0220974       2.84333   -0.00807217      0.022149      0.999722       1.35809
     0.999943   -0.00621126    0.00863337     -0.354541    0.00639927      0.999739    -0.0219228        2.7591   -0.00849495     0.0219768      0.999722       1.44438
     0.999944   -0.00616744    0.00858553      -0.35086    0.00635944      0.999726     -0.022519       2.83018   -0.00844429     0.0225724       0.99971       1.42906
     0.999943    -0.0063575    0.00863493     -0.358025    0.00654622      0.999736    -0.0220055       2.76803   -0.00849275     0.0220607      0.999721       1.43268
     0.999946   -0.00632163    0.00828762     -0.367047    0.00651632      0.999698    -0.0236787       2.85764   -0.00813543     0.0237314      0.999685       1.32474
     0.999944   -0.00609174    0.00860025     -0.346881    0.00628661       0.99972    -0.0228166       2.72424   -0.00845885     0.0228694      0.999703       1.32834
     0.999946   -0.00615797    0.00841368      -0.34793    0.00635049      0.999714    -0.0230496       2.82847   -0.00826934     0.0231017      0.999699       1.33694
      0.99995   -0.00575482    0.00822153     -0.350301    0.00593462       0.99974    -0.0220156       2.77597    -0.0080927     0.0220632      0.999724       1.36179
     0.999974   -0.00389484    0.00613114     -0.447384    0.00403121      0.999741    -0.0223902       2.80819   -0.00604234     0.0224143      0.999731       1.25189
     0.999969   -0.00472177    0.00624652     -0.416617     0.0048568      0.999751     -0.021781       2.76104   -0.00614212     0.0218107      0.999743         1.351
      0.99997   -0.00471984    0.00611117     -0.417919    0.00485103      0.999754    -0.0216334       2.83015   -0.00600756     0.0216624      0.999747        1.4669
      0.99997   -0.00499181    0.00589874     -0.437359    0.00510928      0.999786    -0.0200702       2.81631   -0.00579729     0.0200997      0.999781       1.58095
     0.999965   -0.00568215    0.00608427     -0.477141    0.00580679       0.99977    -0.0206684       3.01371   -0.00596542      0.020703      0.999768       1.52305
     0.999963   -0.00549835    0.00658385     -0.433164    0.00563166      0.999776    -0.0204047        2.7411   -0.00647019      0.020441       0.99977       1.53725
     0.999961   -0.00577064    0.00661583     -0.432741    0.00590394      0.999776      -0.02031       2.84173   -0.00649714     0.0203483      0.999772        1.5378
     0.999967   -0.00498338    0.00649089     -0.443544    0.00510658      0.999804    -0.0191041       2.84417   -0.00639442     0.0191366      0.999796       1.57258
     0.999966   -0.00609665    0.00561339     -0.514235    0.00619892      0.999812    -0.0183851        2.9786   -0.00550025     0.0184193      0.999815       1.50028
     0.999965   -0.00672966    0.00500093     -0.541926    0.00683173      0.999763    -0.0206826       2.92651   -0.00486056      0.020716      0.999774       1.44694
     0.999962   -0.00678263    0.00556328     -0.500151    0.00689211      0.999778    -0.0199021       2.85536   -0.00542705     0.0199397      0.999786        1.4753
     0.999955   -0.00705131    0.00634208     -0.476157    0.00717341      0.999785    -0.0194396       2.85759   -0.00620364     0.0194842      0.999791       1.57983
      0.99996    -0.0068858    0.00565997     -0.511247     0.0070015      0.999762    -0.0206833       2.93401    -0.0055162     0.0207221       0.99977       1.58026
     0.999956   -0.00704534    0.00619747     -0.491651    0.00716968      0.999769    -0.0202744        2.8048   -0.00605319      0.020318      0.999775       1.62144
     0.999955   -0.00704339    0.00639026     -0.481431     0.0071691      0.999777    -0.0198664       2.84461    -0.0062489     0.0199113      0.999782       1.63082
     0.999959   -0.00623365    0.00657851     -0.451695    0.00635426      0.999809    -0.0184747        2.9915   -0.00646209     0.0185158      0.999808       1.48534
     0.999982   -0.00282616     0.0053428     -0.443415    0.00289654      0.999909    -0.0132124        3.3715   -0.00530497     0.0132276      0.999898       1.34766
     0.999978   -0.00468105    0.00474882     -0.529051    0.00475264      0.999874    -0.0151787        2.8533   -0.00467716      0.015201      0.999874       1.67615
     0.999975   -0.00534595    0.00460997      -0.52275     0.0054127      0.999879    -0.0145919       2.83352    -0.0045314     0.0146165      0.999883       1.72443
     0.999977   -0.00415356    0.00536264     -0.497285    0.00422803      0.999894    -0.0139516        2.9555   -0.00530412      0.013974      0.999888       1.73163
     0.999969   -0.00442194    0.00644832     -0.430996    0.00452249      0.999867    -0.0156631       2.97874    -0.0063782     0.0156917      0.999857       1.72418
     0.999966   -0.00503217    0.00653138     -0.439262    0.00513212      0.999869    -0.0153782       2.96976   -0.00645314     0.0154112       0.99986       1.62317
     0.999966   -0.00525458    0.00631857     -0.433863    0.00536014      0.999844    -0.0168077       3.06135   -0.00622927      0.016841      0.999839       1.55602
     0.999964   -0.00551794    0.00647476     -0.416501    0.00562753      0.999839    -0.0170315       2.92027   -0.00637974     0.0170673      0.999834       1.58511
     0.999962   -0.00575521    0.00661077     -0.417415     0.0058652      0.999843    -0.0167399        2.9103   -0.00651339      0.016778      0.999838       1.62789
     0.999962   -0.00564602    0.00657122     -0.416664     0.0057567       0.99984    -0.0169479       2.91784   -0.00647448     0.0169851      0.999835       1.67057
