# 3dvolreg matrices (DICOM-to-DICOM, row-by-row):
     0.999999   -0.00114707   0.000573693    -0.0140632    0.00114463       0.99999    0.00424022      0.150808  -0.000578551   -0.00423956      0.999991      0.154912
            1  -0.000638731   -5.2362e-05    -0.0396463   0.000638918      0.999993    0.00365317      0.162479   5.00283e-05    -0.0036532      0.999993       0.17847
            1  -0.000741833   0.000289804    -0.0559758   0.000740818      0.999994    0.00348598      0.162948  -0.000292388   -0.00348576      0.999994      0.190667
            1  -0.000849649    0.00022329    -0.0473746    0.00084877      0.999992    0.00390913      0.167388   -0.00022661   -0.00390893      0.999992      0.203418
     0.999999   -0.00101187   9.51131e-05    -0.0251714    0.00101154      0.999993    0.00347073      0.170675  -9.86244e-05   -0.00347063      0.999994      0.222383
     0.999999  -0.000985454   0.000438012    -0.0441373   0.000983699      0.999992    0.00398756      0.144757  -0.000441937   -0.00398713      0.999992      0.196622
            1  -0.000835692   0.000389676    -0.0420363   0.000834209      0.999992    0.00378894       0.18936   -0.00039284   -0.00378861      0.999993      0.188118
     0.999999  -0.000956963   0.000467209    -0.0497163   0.000955372      0.999994    0.00339481      0.170373  -0.000470455   -0.00339436      0.999994      0.185449
     0.999999   -0.00101221   0.000516197    -0.0429299    0.00101046      0.999994    0.00338849      0.187796  -0.000519624   -0.00338797      0.999994      0.197772
     0.999999   -0.00119758   0.000668549    -0.0357623    0.00119512      0.999993    0.00366896      0.217284  -0.000672938   -0.00366815      0.999993      0.214152
     0.999999   -0.00141745   0.000534188    -0.0279819    0.00141465      0.999986    0.00519058      0.161297  -0.000541538   -0.00518982      0.999986       0.22248
     0.999998   -0.00172321   0.000472906   -0.00870047    0.00172021      0.999979    0.00628225       0.15458  -0.000483722   -0.00628143       0.99998      0.289833
     0.999998     -0.001795   0.000492474   -0.00806991    0.00179161      0.999975    0.00680355      0.134898  -0.000504674   -0.00680266      0.999977      0.276478
     0.999998   -0.00159838   0.000690118    -0.0061873    0.00159412       0.99998    0.00613706      0.153239  -0.000699913   -0.00613595      0.999981      0.284558
     0.999999   -0.00116835    0.00104023    -0.0259307    0.00116477      0.999993    0.00343984      0.137796   -0.00104424   -0.00343863      0.999994      0.151514
     0.999999   -0.00122587    0.00112034    -0.0334384    0.00122227      0.999994    0.00320667      0.162053   -0.00112427    -0.0032053      0.999994      0.155263
     0.999999   -0.00128927    0.00104972    -0.0279046    0.00128503      0.999991    0.00402341       0.16059    -0.0010549   -0.00402206      0.999991      0.218008
     0.999998   -0.00169285   0.000591539     0.0551666    0.00169053      0.999991    0.00390374       0.22164  -0.000598143   -0.00390273      0.999992      0.287918
     0.999999   -0.00135404   0.000942584     0.0139041    0.00135063      0.999993      0.003611       0.19968  -0.000947466   -0.00360972      0.999993      0.213465
     0.999998   -0.00130659    0.00121804    -0.0661027     0.0013025      0.999994    0.00335433      0.195446   -0.00122241   -0.00335273      0.999994      0.214191
     0.999998   -0.00119221    0.00162338    -0.0626659    0.00118646      0.999993    0.00353999      0.144408   -0.00162759   -0.00353805      0.999992       0.19579
     0.999998   -0.00133025    0.00139875    -0.0401728    0.00132625      0.999995    0.00286172      0.214705   -0.00140255   -0.00285986      0.999995      0.215551
     0.999998   -0.00134911    0.00160365    -0.0441178    0.00134359      0.999993    0.00344073      0.160299   -0.00160828   -0.00343856      0.999993      0.230886
     0.999996   -0.00169834     0.0021419    -0.0194523    0.00169152      0.999994    0.00317866      0.184442   -0.00214729   -0.00317502      0.999993      0.189053
     0.999996   -0.00165975    0.00227935    -0.0192743    0.00165386      0.999995    0.00258076      0.170833   -0.00228362   -0.00257698      0.999994      0.146236
     0.999997   -0.00152009    0.00192561    -0.0278526    0.00151393      0.999994     0.0031964      0.133094   -0.00193045   -0.00319347      0.999993      0.138333
     0.999996   -0.00187012    0.00202156    -0.0240901    0.00186453      0.999994    0.00276459      0.161469   -0.00202672   -0.00276081      0.999994    -0.0354507
     0.999997   -0.00142705    0.00173438    -0.0262435    0.00142146      0.999994     0.0032193      0.159461   -0.00173897   -0.00321683      0.999993      0.198798
     0.999998   -0.00114766    0.00169469    -0.0377317    0.00114279      0.999995    0.00287446      0.174746   -0.00169798   -0.00287251      0.999994      0.170978
     0.999998   -0.00134398    0.00169196    -0.0271775    0.00133839      0.999994    0.00329975      0.165761   -0.00169638   -0.00329748      0.999993      0.172329
     0.999998   -0.00127233    0.00167774    -0.0271325    0.00126633      0.999993    0.00357549      0.146419   -0.00168228   -0.00357335      0.999992      0.181049
     0.999998    -0.0013605    0.00158758    -0.0420623      0.001356      0.999995    0.00282905      0.191602   -0.00159142   -0.00282689      0.999995      0.148681
     0.999998   -0.00161762    0.00143314     -0.025721    0.00161306      0.999994    0.00318128      0.170989   -0.00143828   -0.00317896      0.999994      0.169929
     0.999998    -0.0016357    0.00106878    -0.0186102    0.00163118       0.99999    0.00421874      0.171213   -0.00107567   -0.00421699      0.999991      0.212516
     0.999999  -0.000896255     0.0012183    -0.0356319   0.000890605      0.999989    0.00463011      0.175195   -0.00122243   -0.00462902      0.999989      0.251367
     0.999999   -0.00133202     0.0010855    -0.0223705    0.00132558      0.999982    0.00590855      0.159247   -0.00109335   -0.00590711      0.999982       0.29547
     0.999999   -0.00134825    0.00103907    -0.0297016    0.00134189      0.999981    0.00609795      0.159233   -0.00104727   -0.00609655      0.999981      0.283096
     0.999999   -0.00137642     0.0010358    -0.0370321    0.00136902      0.999974    0.00710416      0.127376   -0.00104555   -0.00710273      0.999974      0.315102
     0.999999     -0.001379   0.000743624    -0.0439796    0.00137292      0.999966    0.00811087     0.0953479  -0.000754784   -0.00810984      0.999967       0.32327
     0.999999   -0.00109417   0.000941629    -0.0542137    0.00108763      0.999975    0.00692124      0.143016  -0.000949179   -0.00692021      0.999976      0.329498
     0.999998   -0.00166441   0.000997076    -0.0285993    0.00165909      0.999984     0.0053161      0.128378   -0.00100591   -0.00531443      0.999985      0.300539
     0.999998   -0.00154592    0.00149107    -0.0604852    0.00154073      0.999993    0.00347482      0.190873   -0.00149643   -0.00347251      0.999993      0.227773
     0.999998   -0.00115465    0.00172864    -0.0834567    0.00115262      0.999999    0.00117798      0.192771      -0.00173   -0.00117598      0.999998      0.152153
     0.999999  -0.000973798    0.00135064    -0.0615545   0.000971615      0.999998    0.00161613      0.185688   -0.00135221   -0.00161481      0.999998      0.162093
     0.999999  -0.000810985    0.00130476    -0.0404025   0.000810439             1   0.000418857      0.210292    -0.0013051  -0.000417799      0.999999     0.0876686
     0.999999   -0.00105154    0.00137131    -0.0433952    0.00104939      0.999998    0.00156825      0.210761   -0.00137295   -0.00156681      0.999998      0.180384
     0.999998  -0.000980482    0.00151172    -0.0449487   0.000976685      0.999996    0.00251072       0.14274   -0.00151417   -0.00250924      0.999996      0.130014
     0.999998   -0.00104464    0.00149761    -0.0352195    0.00104116      0.999997    0.00231757       0.14635   -0.00150003     -0.002316      0.999996      0.141132
     0.999998   -0.00130468    0.00164506    -0.0292267    0.00130095      0.999997    0.00226574      0.155845   -0.00164801    -0.0022636      0.999996      0.130304
     0.999998    -0.0012591    0.00133415    -0.0187142    0.00125478      0.999994     0.0032335       0.14677   -0.00133822   -0.00323182      0.999994      0.135353
            1  -0.000762261   0.000565963     0.0734642   0.000760227      0.999993    0.00358469      0.150173  -0.000568691   -0.00358426      0.999993      0.036709
            1  -0.000857822   0.000219868     0.0802319     0.0008568      0.999989     0.0046073       0.12126  -0.000223818   -0.00460711      0.999989      0.143821
     0.999999   -0.00136617   0.000590497     0.0757752    0.00136343      0.999988    0.00460186      0.158376  -0.000596777   -0.00460105      0.999989      0.193906
     0.999999    -0.0014181   0.000684268     0.0612107    0.00141401      0.999981    0.00592945      0.122694  -0.000692663   -0.00592848      0.999982      0.254064
     0.999999   -0.00131678   0.000576433     0.0627544    0.00131355      0.999984    0.00557033      0.125126  -0.000583758   -0.00556957      0.999984      0.244268
     0.999999   -0.00135071   0.000710081     0.0315272    0.00134702      0.999986    0.00516795      0.150393  -0.000717051   -0.00516699      0.999986      0.223816
     0.999999   -0.00146347   0.000827746   -0.00617087    0.00145869      0.999982     0.0057486      0.139836  -0.000836145   -0.00574739      0.999983      0.271398
     0.999999   -0.00146192   0.000814177     0.0127623    0.00145701      0.999981    0.00600798      0.156748  -0.000822944   -0.00600679      0.999982       0.27689
     0.999998   -0.00143899    0.00103927     0.0218111    0.00143251       0.99998    0.00620414      0.124256   -0.00104817   -0.00620264       0.99998       0.27543
     0.999997   -0.00173878    0.00144043     0.0572813     0.0017299       0.99998    0.00614348       0.17394   -0.00145108   -0.00614098       0.99998      0.257109
     0.999998   -0.00162003    0.00139981   -0.00732048    0.00161143       0.99998    0.00612329      0.187535    -0.0014097   -0.00612102       0.99998      0.253524
     0.999998   -0.00149832    0.00109976    -0.0216223    0.00149158       0.99998    0.00610125      0.188975   -0.00110888    -0.0060996      0.999981      0.254299
     0.999998   -0.00158494   0.000922254   -0.00277339    0.00157883      0.999977    0.00658119      0.146655  -0.000932663   -0.00657972      0.999978       0.30612
     0.999998    -0.0017601    0.00106507     0.0176924    0.00175288      0.999976    0.00673948      0.151122    -0.0010769    -0.0067376      0.999977      0.302873
     0.999998   -0.00168669    0.00108204      0.028263    0.00167832      0.999969    0.00769081      0.125669   -0.00109497   -0.00768898       0.99997      0.288618
     0.999998   -0.00150225     0.0010479    0.00885973    0.00149346      0.999964    0.00834412      0.134967    -0.0010604   -0.00834254      0.999965      0.283187
     0.999998   -0.00165057     0.0012511     0.0167785    0.00164248      0.999978    0.00643823      0.175766    -0.0012617   -0.00643616      0.999978      0.260845
     0.999998   -0.00167239    0.00117924     0.0240514    0.00166401      0.999974    0.00707273      0.149003   -0.00119104   -0.00707075      0.999974      0.313811
     0.999998    -0.0017778    0.00103934     0.0268489     0.0017702      0.999972    0.00726954      0.156398   -0.00105224   -0.00726768      0.999973      0.304516
     0.999997   -0.00197637    0.00137575     0.0555856    0.00196649      0.999973    0.00714416      0.144381   -0.00138983   -0.00714143      0.999974      0.298384
     0.999999   -0.00143688    0.00043982      0.122787    0.00143376      0.999974    0.00701586      0.144873  -0.000449889   -0.00701522      0.999975      0.294525
     0.999999    -0.0010884   0.000396607     0.0515008    0.00108527      0.999969    0.00782484      0.156686  -0.000405111   -0.00782441      0.999969       0.34673
     0.999999   -0.00126855   0.000823216      0.030819    0.00126204      0.999968    0.00785632      0.143757  -0.000833156   -0.00785527      0.999969      0.314895
     0.999999   -0.00124806   0.000749405     0.0372151    0.00124225       0.99997    0.00769939      0.153005  -0.000758992   -0.00769845       0.99997      0.335905
     0.999999   -0.00136034   0.000633532      0.041546    0.00135562      0.999972    0.00738476      0.161479  -0.000643559    -0.0073839      0.999973       0.35977
     0.999999   -0.00140743   0.000819183     0.0250495    0.00140105      0.999969    0.00772796      0.141065  -0.000830034    -0.0077268       0.99997      0.356125
     0.999999   -0.00135727   0.000691808     0.0230473    0.00135184      0.999969    0.00778177      0.136252  -0.000702348   -0.00778083      0.999969      0.352048
     0.999999   -0.00112545   0.000631414     0.0203982    0.00112059       0.99997     0.0076531      0.153098  -0.000640008   -0.00765238      0.999971      0.354366
     0.999999   -0.00104993   0.000613495    0.00640069    0.00104521       0.99997     0.0076445      0.171006  -0.000621502   -0.00764386      0.999971      0.348657
     0.999999   -0.00109503   0.000585776    -0.0022059    0.00109071      0.999973    0.00732584       0.15547  -0.000593781    -0.0073252      0.999973      0.360412
     0.999999   -0.00125349   0.000725481    -0.0140468     0.0012485      0.999976    0.00682885      0.195713  -0.000734024   -0.00682794      0.999976      0.364913
     0.999999   -0.00108213   0.000445112    -0.0231414    0.00107902      0.999975    0.00693881     0.0953755   -0.00045261   -0.00693832      0.999976       0.39058
     0.999999   -0.00105083   0.000268361   -0.00615407    0.00104949      0.999987    0.00496842      0.173636  -0.000273578   -0.00496814      0.999988      0.306574
     0.999999   -0.00125471   0.000746345    -0.0111774    0.00124958      0.999976    0.00683522      0.181901  -0.000754903   -0.00683428      0.999976      0.360336
     0.999999   -0.00115768   0.000800359    -0.0195905    0.00115171      0.999972    0.00742523      0.125126  -0.000808932    -0.0074243      0.999972      0.338073
     0.999999    -0.0011312   0.000858561    -0.0186342    0.00112511      0.999974    0.00706596      0.148362  -0.000866532   -0.00706499      0.999975      0.372998
     0.999996   -0.00273059   0.000495764     0.0182711    0.00272641      0.999962    0.00824965      0.163077  -0.000518272   -0.00824827      0.999966      0.417686
     0.999997   -0.00223808   0.000738219     0.0101196    0.00223198      0.999964    0.00817095      0.160069   -0.00075648   -0.00816928      0.999966      0.371907
     0.999998   -0.00202164   0.000918487     0.0107498    0.00201435      0.999967    0.00786888      0.136113  -0.000934365   -0.00786701      0.999969      0.367463
     0.999998   -0.00200902   0.000761629    0.00311489    0.00200243      0.999961    0.00855557      0.156176  -0.000778788   -0.00855403      0.999963      0.385438
     0.999998   -0.00197265   0.000804573   -0.00389503    0.00196579      0.999962    0.00844151       0.14953  -0.000821195   -0.00843991      0.999964      0.401091
     0.999997   -0.00215047   0.000966971     0.0215266    0.00214311      0.999969    0.00754856      0.127229  -0.000983174   -0.00754647      0.999971       0.34472
     0.999998   -0.00190226   0.000972328    0.00476119     0.0018954      0.999974     0.0070124      0.146835  -0.000985641   -0.00701054      0.999975      0.330151
     0.999998    -0.0017501    0.00106476    -0.0341645    0.00174246      0.999973    0.00713617      0.172972   -0.00107722    -0.0071343      0.999974      0.397645
     0.999997   -0.00191152    0.00146198    -0.0254545    0.00190011      0.999968    0.00776645      0.155525   -0.00147678   -0.00776365      0.999969      0.371487
     0.999998   -0.00162383    0.00105904   0.000338768    0.00161499      0.999964    0.00829633      0.176906   -0.00107247    -0.0082946      0.999965      0.394781
     0.999998    -0.0018657    0.00123134   -0.00597568    0.00185522      0.999962    0.00845994       0.17014   -0.00124707   -0.00845764      0.999963      0.401774
     0.999998   -0.00179107    0.00130157    -0.0146466    0.00178109      0.999969    0.00763232      0.167179    -0.0013152   -0.00762998       0.99997      0.340218
     0.999998   -0.00177007    0.00115408   -0.00523292    0.00176117      0.999969    0.00766711      0.146881   -0.00116762   -0.00766506       0.99997      0.371523
     0.999998   -0.00189687    0.00113193    0.00370296    0.00188854      0.999971    0.00731775       0.13927   -0.00114577    -0.0073156      0.999973      0.358065
     0.999998   -0.00172087     0.0013593    -0.0179093    0.00171028      0.999968     0.0077559       0.12413   -0.00137261   -0.00775355      0.999969      0.356901
     0.999998   -0.00166242     0.0011924    -0.0260732    0.00165281      0.999966    0.00802089      0.147597   -0.00120569   -0.00801891      0.999967      0.374181
     0.999998   -0.00154764   0.000988627    -0.0259825    0.00153988      0.999968    0.00780588      0.135591   -0.00100068   -0.00780434      0.999969      0.383386
     0.999998   -0.00170845    0.00124789   -0.00024191    0.00169864      0.999968    0.00782613      0.160837   -0.00126122     -0.007824      0.999969      0.391209
     0.999998   -0.00181368    0.00123427    -0.0118899    0.00180373      0.999966    0.00801927       0.14057   -0.00124877   -0.00801703      0.999967      0.391719
     0.999998   -0.00165704    0.00102744    -0.0165528     0.0016484      0.999964    0.00836116      0.161878   -0.00104125   -0.00835945      0.999965       0.39014
     0.999997   -0.00195339    0.00131776    -0.0400868    0.00194229      0.999963    0.00837406      0.136376   -0.00133407   -0.00837147      0.999964      0.358506
     0.999998   -0.00180038    0.00130115    -0.0552369    0.00178995      0.999967    0.00797241      0.149539   -0.00131546   -0.00797006      0.999967      0.364201
     0.999998   -0.00156269     0.0012488    -0.0219036    0.00155211      0.999963    0.00842872      0.149977   -0.00126192   -0.00842676      0.999964      0.393545
     0.999998   -0.00159333    0.00130517    -0.0305042    0.00158226      0.999963    0.00843721      0.133578   -0.00131857   -0.00843513      0.999964      0.395072
     0.999998   -0.00158351    0.00123969    -0.0255322    0.00157365      0.999967     0.0079193      0.153228   -0.00125219   -0.00791733      0.999968      0.371593
     0.999998   -0.00147221    0.00139485    -0.0123566    0.00146074      0.999965    0.00819269      0.158639   -0.00140687   -0.00819064      0.999965       0.38388
     0.999997   -0.00188473    0.00123606   -0.00546847    0.00187498      0.999967    0.00784652      0.143946    -0.0012508   -0.00784419      0.999968      0.397618
     0.999997   -0.00206715    0.00139981   -0.00836663    0.00205624      0.999968    0.00774555      0.167678   -0.00141578   -0.00774265      0.999969      0.392925
     0.999998   -0.00168715    0.00126941    -0.0486475     0.0016772      0.999968    0.00779422      0.149689   -0.00128252   -0.00779208      0.999969      0.401151
     0.999998   -0.00169111    0.00113119    -0.0490177    0.00168214      0.999968    0.00787883      0.144069   -0.00114448   -0.00787691      0.999968      0.417858
     0.999997    -0.0019191     0.0011863     -0.041627    0.00190992      0.999969    0.00769763      0.154841   -0.00120104   -0.00769535       0.99997      0.392431
     0.999997   -0.00195666     0.0012378    -0.0316371    0.00194688      0.999967    0.00785472      0.150361   -0.00125313   -0.00785229      0.999968      0.419288
     0.999997   -0.00193642    0.00120329    -0.0214074    0.00192677      0.999966    0.00797019      0.148324   -0.00121868   -0.00796785      0.999968      0.423027
     0.999998   -0.00158713    0.00107756    -0.0379858    0.00157847      0.999967    0.00799089      0.153046   -0.00109021   -0.00798917      0.999967      0.415458
     0.999998   -0.00160243   0.000775525    -0.0494672    0.00159557       0.99996     0.0087673      0.151272  -0.000789543   -0.00876605      0.999961      0.453807
     0.999998   -0.00162839   0.000752813    0.00439346     0.0016217       0.99996     0.0087948      0.159998  -0.000767104   -0.00879356      0.999961      0.392854
     0.999998   -0.00167709   0.000895773    0.00472655    0.00166928      0.999961    0.00864597      0.132707  -0.000910238   -0.00864446      0.999962      0.392039
     0.999998   -0.00184447    0.00123335     -0.028412    0.00183367       0.99996    0.00869872      0.139698   -0.00124935   -0.00869644      0.999961      0.436806
     0.999998    -0.0018031   0.000940382    -0.0176134    0.00179458      0.999958    0.00898399      0.140321  -0.000956542   -0.00898229      0.999959      0.442806
     0.999998   -0.00160694   0.000940106    -0.0291358    0.00159856       0.99996    0.00884943      0.152901  -0.000954289   -0.00884792       0.99996       0.44502
     0.999999    -0.0013901   0.000762159    -0.0271667    0.00138322      0.999959    0.00895983       0.14461  -0.000774583   -0.00895877       0.99996      0.445699
     0.999999   -0.00136885   0.000759816    -0.0449577    0.00136195      0.999959    0.00900759      0.160947  -0.000772115   -0.00900654      0.999959      0.439095
     0.999998   -0.00154053   0.000884576    -0.0432601    0.00153282      0.999961     0.0086622      0.148204  -0.000897887   -0.00866083      0.999962      0.437975
     0.999998   -0.00171746   0.000672611    0.00468682    0.00171193      0.999965    0.00814438      0.170855  -0.000686575   -0.00814322      0.999967      0.382251
     0.999998   -0.00183765    0.00107387    -0.0110684    0.00182857      0.999963     0.0083958      0.163168   -0.00108926   -0.00839381      0.999964      0.400171
     0.999998   -0.00185814    0.00104333    -0.0205982    0.00184876      0.999958    0.00892745      0.161381   -0.00105988    -0.0089255       0.99996      0.429959
     0.999997   -0.00192347     0.0012016    -0.0051844    0.00191305      0.999961    0.00861987      0.177629   -0.00121814   -0.00861755      0.999962      0.379077
     0.999998   -0.00183025    0.00109543    -0.0029269    0.00182042      0.999959    0.00891118      0.156036   -0.00111169   -0.00890916       0.99996      0.431937
     0.999998   -0.00175624    0.00126965   -0.00137845    0.00174519      0.999961    0.00864949      0.149934   -0.00128479   -0.00864725      0.999962       0.40127
     0.999998   -0.00156871    0.00145276    -0.0483692    0.00155656      0.999964    0.00832257      0.138206   -0.00146576   -0.00832029      0.999964      0.469672
     0.999999   -0.00100334     0.0012586     -0.096178   0.000995553       0.99998    0.00617377     0.0333709   -0.00126477   -0.00617251       0.99998      0.405311
     0.999998   -0.00136526    0.00149476    -0.0561283    0.00135722      0.999985    0.00536596      0.117837   -0.00150206   -0.00536392      0.999984      0.341439
     0.999998   -0.00164237    0.00120572   -0.00990446    0.00163548      0.999982    0.00569464      0.176507   -0.00121505   -0.00569265      0.999983      0.330741
     0.999997   -0.00162538    0.00176684    -0.0418194     0.0016159      0.999984    0.00535534      0.171953   -0.00177552   -0.00535247      0.999984      0.300626
     0.999997   -0.00181088     0.0015826    -0.0484228    0.00180164      0.999981    0.00582316      0.155734   -0.00159312   -0.00582029      0.999982      0.340999
     0.999997    -0.0016832     0.0014733    -0.0309086     0.0016749      0.999983     0.0056128      0.198139   -0.00148272   -0.00561032      0.999983      0.389925
     0.999998   -0.00141357    0.00154885    -0.0358845    0.00140464      0.999982    0.00575361      0.177748   -0.00155696   -0.00575142      0.999982      0.384462
     0.999998   -0.00146769    0.00132492     -0.019668    0.00146021      0.999983    0.00563091      0.174453   -0.00133317   -0.00562897      0.999983      0.354728
     0.999997   -0.00161997    0.00155638    -0.0423487    0.00161039       0.99998    0.00613719      0.157007   -0.00156629   -0.00613467       0.99998      0.358956
     0.999999  -0.000979487    0.00134899    -0.0778805   0.000970777      0.999979    0.00644253      0.118067   -0.00135527   -0.00644121      0.999978      0.365226
     0.999999   -0.00112439   0.000692044    -0.0796489    0.00112003       0.99998    0.00627112      0.156973  -0.000699081   -0.00627034       0.99998      0.398208
     0.999998   -0.00117008    0.00135279    -0.0684082    0.00116156       0.99998    0.00627963      0.138048   -0.00136011   -0.00627805      0.999979      0.373622
     0.999998   -0.00149966    0.00141505    -0.0555971    0.00149152      0.999982    0.00573405      0.189791   -0.00142363   -0.00573192      0.999983      0.387497
     0.999998   -0.00153314    0.00122325    -0.0522739     0.0015247      0.999975    0.00687242      0.160219   -0.00123376   -0.00687054      0.999976      0.447613
     0.999998   -0.00174334   0.000966122    -0.0444145    0.00173531      0.999965    0.00824501       0.15568  -0.000980462   -0.00824332      0.999966      0.498297
     0.999998   -0.00162745     0.0010619     -0.043384    0.00161832      0.999962    0.00853962      0.154416   -0.00107576   -0.00853788      0.999963      0.472459
     0.999998   -0.00153748    0.00116503    -0.0465711    0.00152724      0.999961    0.00873926      0.174938   -0.00117842   -0.00873746      0.999961      0.481643
     0.999998    -0.0016839    0.00114432    -0.0651524    0.00167466      0.999966    0.00803048      0.192198    -0.0011578   -0.00802854      0.999967      0.483453
     0.999998   -0.00143196    0.00113667    -0.0587227    0.00142201      0.999961    0.00870434      0.170683   -0.00114909   -0.00870271      0.999961      0.513735
     0.999998   -0.00160967    0.00131052     -0.065504    0.00159907      0.999966    0.00804655       0.16966   -0.00132342   -0.00804444      0.999967      0.397816
     0.999998   -0.00152348    0.00138534    -0.0606536    0.00151183      0.999964    0.00837712      0.139048   -0.00139806   -0.00837501      0.999964      0.479194
     0.999998   -0.00144465    0.00129097    -0.0587802    0.00143354      0.999962    0.00856496      0.165682    -0.0013033    -0.0085631      0.999962      0.463993
     0.999999   -0.00132721    0.00110308    -0.0499638    0.00131816      0.999966     0.0081622      0.142941   -0.00111388   -0.00816074      0.999966      0.468189
     0.999998   -0.00151289    0.00113327    -0.0486365    0.00150422       0.99997    0.00761267      0.159034   -0.00114475   -0.00761095       0.99997      0.466752
     0.999998   -0.00154337    0.00122392    -0.0375809    0.00153397       0.99997    0.00764268      0.193972   -0.00123568   -0.00764079       0.99997      0.455509
     0.999998   -0.00156317    0.00114235    -0.0437371    0.00155406      0.999967    0.00792826       0.17767   -0.00115471   -0.00792647      0.999968      0.487149
     0.999998   -0.00154016    0.00123196    -0.0500961    0.00153026      0.999967    0.00799531      0.169884   -0.00124423    -0.0079934      0.999967      0.434165
     0.999997   -0.00155239    0.00162728    -0.0332757    0.00153983      0.999969     0.0076912      0.186805   -0.00163917   -0.00768867      0.999969      0.415616
     0.999998   -0.00151456    0.00143496     -0.044277    0.00150391      0.999972    0.00739348      0.166757   -0.00144612   -0.00739131      0.999972      0.408166
     0.999998   -0.00161809    0.00122377    -0.0264564    0.00160903      0.999972    0.00736472      0.143598   -0.00123565   -0.00736274      0.999972      0.342757
     0.999997    -0.0018043    0.00168063    -0.0320104    0.00179177      0.999971    0.00743112      0.166789   -0.00169399   -0.00742809      0.999971      0.410965
     0.999994   -0.00208067    0.00274762    -0.0116509    0.00205481      0.999954    0.00938211      0.176024   -0.00276701   -0.00937641      0.999952       0.42415
     0.999996   -0.00192367     0.0019297     0.0246217    0.00190722      0.999962    0.00849013      0.183241   -0.00194596   -0.00848642      0.999962      0.402092
     0.999996    -0.0019782    0.00181549     0.0167974    0.00196289      0.999963    0.00839927      0.162417   -0.00183204   -0.00839568      0.999963      0.434313
     0.999997   -0.00203817    0.00162593   -0.00291706    0.00202392       0.99996    0.00871661      0.157235   -0.00164364   -0.00871329      0.999961         0.455
     0.999996   -0.00211201    0.00205888    -0.0289744    0.00209343      0.999957    0.00898642      0.182458   -0.00207777   -0.00898207      0.999958      0.419366
     0.999997   -0.00180662    0.00178019    -0.0791307    0.00179275      0.999968    0.00776469      0.158463   -0.00179416   -0.00776147      0.999968      0.401105
     0.999999   -0.00140514   0.000472683    -0.0505789    0.00140214      0.999979    0.00627433      0.157836   -0.00048149   -0.00627366       0.99998      0.383262
     0.999998   -0.00145846    0.00160326    -0.0761889    0.00144657      0.999972    0.00739419      0.108578     -0.001614   -0.00739186      0.999971       0.41003
     0.999999   -0.00135249    0.00103437    -0.0332068    0.00134516      0.999974    0.00705452     0.0443653   -0.00104389   -0.00705312      0.999975      0.463135
     0.999999   -0.00136743   0.000360379      0.107003     0.0013658      0.999989      0.004479      0.139548  -0.000366499    -0.0044785       0.99999      0.403933
     0.999998   -0.00101305    0.00170166   -0.00668517     0.0010026      0.999981     0.0061271     0.0598779   -0.00170784   -0.00612538       0.99998      0.408862
     0.999998  -0.000948083    0.00157844    -0.0329281   0.000940273      0.999987    0.00494104      0.116484    -0.0015831   -0.00493954      0.999987      0.365893
     0.999998  -0.000820915    0.00165795    -0.0542223   0.000813246      0.999989    0.00462135      0.123245   -0.00166172   -0.00461999      0.999988      0.385163
     0.999998   -0.00101741     0.0018492    -0.0700997    0.00100995      0.999991    0.00402831      0.127718   -0.00185329   -0.00402643       0.99999      0.331831
     0.999998  -0.000978634    0.00175913    -0.0672612   0.000971021       0.99999    0.00432345      0.152468   -0.00176334   -0.00432174      0.999989      0.340433
     0.999998  -0.000971648    0.00155041    -0.0712373   0.000963793      0.999987    0.00505873       0.16553   -0.00155531   -0.00505723      0.999986      0.381433
     0.999998   -0.00101601    0.00159103    -0.0691691    0.00100867      0.999989    0.00460991      0.154768   -0.00159569   -0.00460829      0.999988      0.353499
     0.999998   -0.00102222    0.00162774    -0.0641094    0.00101452      0.999988    0.00472246      0.141815   -0.00163255    -0.0047208      0.999988        0.3649
     0.999998   -0.00122631      0.001601    -0.0487367    0.00121861      0.999988    0.00479897      0.142568   -0.00160686   -0.00479701      0.999987      0.340396
     0.999998   -0.00122105    0.00169734    -0.0576843    0.00121284      0.999988    0.00483159      0.148406   -0.00170322   -0.00482952      0.999987      0.348483
     0.999999  -0.000325117    0.00143686    -0.0562888   0.000317762      0.999987    0.00511612      0.157005   -0.00143851   -0.00511566      0.999986      0.374423
     0.999999    0.00088687    0.00146346    -0.0640689  -0.000893786      0.999988    0.00473155      0.145693   -0.00145925   -0.00473285      0.999988      0.371757
     0.999999   -0.00026199    0.00160388     -0.051443   0.000255959      0.999993    0.00375945      0.179476   -0.00160485   -0.00375903      0.999992      0.356997
     0.999998  -0.000664217     0.0017503    -0.0545557   0.000657567      0.999993    0.00379676      0.182699   -0.00175281    -0.0037956      0.999991      0.330666
     0.999998  -0.000637723    0.00166503    -0.0546023   0.000630427       0.99999    0.00437876      0.185665   -0.00166781    -0.0043777      0.999989       0.36141
     0.999999  -0.000251157    0.00167288    -0.0571763   0.000243539       0.99999    0.00455278      0.144605   -0.00167401   -0.00455237      0.999988      0.312334
     0.999998  -0.000734233    0.00209751    -0.0612042   0.000724787       0.99999    0.00450047      0.127996   -0.00210079   -0.00449894      0.999988      0.280813
     0.999998  -0.000943493    0.00196277    -0.0797522    0.00093569      0.999992    0.00397255      0.183831    -0.0019665   -0.00397071       0.99999      0.350792
     0.999998   -0.00061877    0.00161944    -0.0598507    0.00061266      0.999993    0.00377048      0.151193   -0.00162176   -0.00376949      0.999992      0.340128
     0.999998  -0.000710071    0.00162923    -0.0381697   0.000703837      0.999992    0.00382371      0.170706   -0.00163194   -0.00382256      0.999991      0.324067
     0.999999  -0.000745069    0.00151995    -0.0391245   0.000737987      0.999989    0.00465433      0.136061    -0.0015234   -0.00465321      0.999988      0.262992
     0.999999  -0.000756477    0.00123728    -0.0314589   0.000750641      0.999989    0.00471081      0.151377   -0.00124083   -0.00470987      0.999988      0.345787
     0.999999   -0.00109496    0.00131717     0.0204369    0.00108757      0.999984    0.00559192      0.146063   -0.00132327   -0.00559048      0.999983       0.34681
     0.999998   -0.00132011     0.0014066    0.00792477    0.00131218      0.999983    0.00561764      0.136215   -0.00141399   -0.00561579      0.999983      0.349808
     0.999998   -0.00130523    0.00121577    0.00579313     0.0012981      0.999982    0.00585155      0.152313   -0.00122338   -0.00584996      0.999982      0.329948
     0.999998   -0.00125723    0.00131226    0.00240281    0.00124909       0.99998    0.00618818      0.131675   -0.00132002   -0.00618653       0.99998      0.400906
     0.999998   -0.00151762    0.00123173     0.0396936    0.00151016      0.999981    0.00603745      0.168026   -0.00124087   -0.00603558      0.999981      0.330223
     0.999998   -0.00154379    0.00126483     0.0509361     0.0015356      0.999978    0.00644601      0.155734   -0.00127476   -0.00644405      0.999978      0.363064
     0.999998   -0.00145986    0.00139892    0.00943035    0.00145118       0.99998    0.00618952      0.134329   -0.00140793   -0.00618748       0.99998        0.3712
     0.999998   -0.00136609    0.00124118    0.00329134    0.00135807      0.999978    0.00644364      0.128254   -0.00124995   -0.00644194      0.999978       0.34722
     0.999999   -0.00121956    0.00120414   -0.00236231    0.00121251      0.999982    0.00583512      0.152639   -0.00121123   -0.00583365      0.999982      0.340828
     0.999998   -0.00122737    0.00144863   -0.00678588    0.00121889      0.999982    0.00583949      0.183298   -0.00145577   -0.00583771      0.999982      0.347917
     0.999998   -0.00121962    0.00139325   -0.00705413     0.0012111      0.999981    0.00609936      0.154855   -0.00140066   -0.00609766       0.99998      0.385428
     0.999998   -0.00127234    0.00126861    0.00442954    0.00126495      0.999982    0.00581461      0.173693   -0.00127599     -0.005813      0.999982      0.358863
     0.999998   -0.00128073    0.00134461    0.00650162    0.00127269      0.999981    0.00596261      0.171031   -0.00135222   -0.00596089      0.999981      0.381113
