# 3dvolreg matrices (DICOM-to-DICOM, row-by-row):
            1  -0.000220098  -8.76327e-05     0.0021317   0.000220152             1   0.000614779    -0.0170973   8.74973e-05  -0.000614799             1    0.00555166
            1   5.99865e-05  -0.000199764    0.00542108  -5.99474e-05             1   0.000195691    0.00734288   0.000199776  -0.000195679             1     0.0244649
            1  -1.46962e-10  -4.67017e-11  -9.75732e-11   1.46962e-10             1   2.05918e-10   6.13659e-09   4.67017e-11  -2.05918e-10             1  -7.68485e-10
            1  -0.000119516  -0.000170126     0.0288495   0.000119435             1  -0.000474831    0.00396019   0.000170183    0.00047481             1   -0.00897858
            1  -0.000186866  -0.000775735    -0.0029537   0.000187673      0.999999    0.00104095   -0.00603757    0.00077554    -0.0010411      0.999999     0.0578529
            1  -0.000323062  -0.000333701    -0.0201916   0.000324239      0.999994    0.00353296    0.00686925   0.000332558   -0.00353307      0.999994      0.135081
            1  -0.000377721  -1.03429e-05    -0.0429315   0.000377745      0.999997    0.00246463    -0.0298373   9.41194e-06   -0.00246464      0.999997      0.130315
            1  -0.000654767  -0.000174856    0.00941243   0.000655086      0.999998    0.00183004   9.00888e-05   0.000173658   -0.00183015      0.999998      0.155929
            1  -0.000679012  -0.000102439     0.0189874   0.000679265      0.999997    0.00248539    -0.0023792   0.000100751   -0.00248546      0.999997      0.169751
            1  -0.000492926    0.00010782   -0.00642135   0.000492628      0.999996    0.00274902    -0.0528123  -0.000109174   -0.00274897      0.999996      0.102191
            1  -0.000432407  -0.000135208     0.0115438    0.00043268      0.999998    0.00202637     0.0012226   0.000134332   -0.00202643      0.999998      0.096983
            1  -0.000568526  -5.55716e-05    0.00292382   0.000568652      0.999997    0.00229125   -0.00337902   5.42689e-05   -0.00229128      0.999997      0.139353
            1  -0.000527463   0.000168136   -0.00414485   0.000527068      0.999997    0.00234479    -0.0343721  -0.000169372   -0.00234471      0.999997     0.0774677
     0.999999   -0.00108886   0.000708376    0.00673719    0.00108774      0.999998    0.00157654   -0.00971301  -0.000710092   -0.00157577      0.999999    0.00984712
     0.999999   -0.00148405   0.000445454    0.00214355    0.00148322      0.999997    0.00184856    -0.0694176  -0.000448196    -0.0018479      0.999998     0.0108321
     0.999999  -0.000836958   0.000713686  -0.000190622   0.000834302      0.999993    0.00371409    -0.0759166  -0.000716789   -0.00371349      0.999993      0.113133
     0.999999   -0.00112283   0.000728762   -0.00712994    0.00111997      0.999992    0.00391044    -0.0805974  -0.000733146   -0.00390962      0.999992      0.143514
     0.999999  -0.000871298   0.000585226     0.0256595   0.000869432      0.999995    0.00318227    -0.0810094  -0.000587995   -0.00318176      0.999995      0.069975
            1  -0.000787724  -6.10409e-05      0.113307   0.000787962      0.999992    0.00399657    -0.0910724   5.78922e-05   -0.00399662      0.999992     0.0879789
     0.999999   -0.00109144   0.000203329     0.0835142    0.00109084      0.999995    0.00294409    -0.0270206  -0.000206542   -0.00294387      0.999996      0.120249
     0.999999   -0.00119771   0.000323151      0.050799    0.00119681      0.999995    0.00276607    -0.0206917  -0.000326462   -0.00276568      0.999996     0.0762564
     0.999999   -0.00131228   0.000570265     0.0372025    0.00131057      0.999995    0.00299931    -0.0342765  -0.000574198   -0.00299856      0.999995     0.0632148
     0.999999   -0.00119754   0.000601147     0.0200616    0.00119571      0.999995    0.00303514    -0.0276366  -0.000604779   -0.00303441      0.999995    0.00810338
     0.999999  -0.000927118   0.000614041    0.00159899   0.000925557      0.999996    0.00253694    -0.0391436  -0.000616391   -0.00253637      0.999997   -0.00870624
     0.999999    -0.0010464    0.00043854   -0.00167816    0.00104529      0.999996    0.00252033    -0.0403906  -0.000441175   -0.00251987      0.999997   -0.00148848
     0.999999   -0.00102455   0.000258971    0.00881048    0.00102397      0.999997    0.00222613    -0.0321128  -0.000261251   -0.00222587      0.999997     0.0529361
     0.999999  -0.000955731   0.000424311     0.0125736   0.000954729      0.999997    0.00235534    -0.0212728  -0.000426561   -0.00235493      0.999997     0.0679402
     0.999999   -0.00120401   0.000529359     0.0175268    0.00120309      0.999998    0.00173226   -0.00337903  -0.000531443   -0.00173162      0.999998    -0.0092861
     0.999999   -0.00109129   0.000574199     0.0110882    0.00109009      0.999997    0.00209202     -0.036446  -0.000576481   -0.00209139      0.999998  -0.000714805
     0.999999   -0.00110622    0.00065739    0.00307015    0.00110486      0.999997    0.00205988     -0.027376  -0.000659667   -0.00205916      0.999998    -0.0208526
     0.999999  -0.000940099   0.000576246   -0.00810828   0.000938857      0.999997    0.00215298    -0.0291827  -0.000578268   -0.00215244      0.999998      0.026183
     0.999999    -0.0012291   0.000397988    0.00394648     0.0012284      0.999998    0.00175864    -0.0619888  -0.000400149   -0.00175815      0.999998    -0.0616744
     0.999999  -0.000818224  -0.000781332     0.0544397   0.000818149             1   -9.6053e-05     -0.052774   0.000781411   9.54137e-05             1     -0.189503
     0.999999    -0.0011425  -0.000229373     0.0711688     0.0011428      0.999998    0.00133893     -0.041696   0.000227843   -0.00133919      0.999999    -0.0721177
     0.999999   -0.00111088  -0.000112425     0.0573557    0.00111104      0.999998    0.00144216    -0.0459919   0.000110823   -0.00144228      0.999999    -0.0584645
     0.999999   -0.00110434   0.000309677     0.0468928    0.00110394      0.999999    0.00128114    -0.0281893  -0.000311091    -0.0012808      0.999999    -0.0770759
     0.999999  -0.000951992   0.000342827     0.0237083   0.000951378      0.999998    0.00178691    -0.0301517  -0.000344527   -0.00178658      0.999998     -0.050712
            1  -0.000967338   0.000242677     0.0121112   0.000966949      0.999998    0.00160052    -0.0343479  -0.000244224   -0.00160029      0.999999    -0.0780079
            1  -0.000815415   0.000285383    0.00626543   0.000814879      0.999998    0.00187313     -0.029274   -0.00028691    -0.0018729      0.999998    -0.0859055
            1  -0.000853315   0.000401224    -0.0228199   0.000853357             1  -0.000104961     0.0251593  -0.000401135   0.000105303             1     -0.138706
     0.999999  -0.000895368   0.000453274    -0.0165523   0.000894873      0.999999    0.00109014    -0.0524512  -0.000454249   -0.00108974      0.999999    -0.0796871
            1  -0.000899065   0.000398583    -0.0184931   0.000898507      0.999999    0.00139905    -0.0486842   -0.00039984   -0.00139869      0.999999    -0.0988191
            1  -0.000772824   0.000342689     -0.020162   0.000772155      0.999998    0.00194763    -0.0205406  -0.000344193   -0.00194736      0.999998    -0.0578817
            1  -0.000848911   0.000151439    -0.0155633    0.00084868      0.999998    0.00151602      -0.03348  -0.000152726   -0.00151589      0.999999    -0.0815338
     0.999999   -0.00102704    0.00025436    -0.0191763    0.00102675      0.999999    0.00113562    -0.0482305  -0.000255526   -0.00113536      0.999999    -0.0903516
     0.999999   -0.00100893   0.000523031     -0.018684    0.00100811      0.999998    0.00156409    -0.0277978  -0.000524608   -0.00156356      0.999999    -0.0782009
     0.999999  -0.000927708   0.000497297    -0.0190125   0.000927035      0.999999    0.00135133    -0.0138373   -0.00049855   -0.00135087      0.999999    -0.0618818
            1  -0.000907044   0.000280938    -0.0156922   0.000906741      0.999999    0.00107869    0.00746146  -0.000281917   -0.00107843      0.999999    -0.0638525
     0.999999  -0.000845345   0.000553158    -0.0315714   0.000844734      0.999999    0.00110546    -0.0351269  -0.000554091     -0.001105      0.999999    -0.0676109
     0.999999  -0.000703723   0.000775303    -0.0198529   0.000702635      0.999999     0.0014026    -0.0269252  -0.000776289   -0.00140206      0.999999    -0.0771618
     0.999999  -0.000727251   0.000804668    -0.0211527    0.00072566      0.999998    0.00197597    -0.0156598  -0.000806103   -0.00197538      0.999998    -0.0728798
            1  -0.000712557    0.00063822    -0.0296224   0.000711203      0.999998    0.00211817    -0.0211897  -0.000639727   -0.00211771      0.999998    -0.0307601
            1  -0.000655043   0.000524124    -0.0276698   0.000654249      0.999999     0.0015142     0.0106141  -0.000525115   -0.00151386      0.999999    -0.0213807
            1  -0.000836349    0.00043618    -0.0486055   0.000835618      0.999998    0.00167337   8.71537e-05  -0.000437579     -0.001673      0.999999    -0.0537282
            1  -0.000892331   0.000443041    -0.0367746   0.000891461      0.999998    0.00196142    -0.0218977  -0.000444791   -0.00196102      0.999998    0.00100709
            1  -0.000886837   0.000445505    -0.0204351    0.00088574      0.999997    0.00245644    -0.0142361  -0.000447682   -0.00245604      0.999997      -0.02819
     0.999999  -0.000897624   0.000497114   -0.00617126   0.000896627      0.999998    0.00200176    -0.0216984   -0.00049891   -0.00200132      0.999998    -0.0390433
            1  -0.000842669   0.000375679      0.018968   0.000841962      0.999998     0.0018767    -0.0143561   -0.00037726   -0.00187638      0.999998    -0.0175143
     0.999999    -0.0011252   0.000890617   -0.00442609    0.00112347      0.999997    0.00193982    -0.0113674  -0.000892797   -0.00193882      0.999998    -0.0470885
     0.999999   -0.00111769   0.000736226   -0.00860825    0.00111632      0.999998    0.00185334   -0.00437918  -0.000738296   -0.00185252      0.999998    -0.0406392
     0.999999   -0.00115705   0.000681685    -0.0131632    0.00115573      0.999997    0.00192408    -0.0400281  -0.000683909   -0.00192329      0.999998     -0.039695
     0.999999   -0.00086198    0.00076769    -0.0142401    0.00086014      0.999997    0.00239449    -0.0209897  -0.000769752   -0.00239383      0.999997    -0.0301636
            1  -0.000849729   0.000517374    -0.0240863     0.0008485      0.999997    0.00237215     -0.025432  -0.000519388   -0.00237171      0.999997   -0.00905518
     0.999999  -0.000846504   0.000646888    -0.0319004   0.000844879      0.999996    0.00250868    -0.0234202  -0.000649009   -0.00250813      0.999997    -0.0265156
     0.999999  -0.000954065   0.000831288    -0.0368905   0.000952186      0.999997    0.00225847    -0.0170416   -0.00083344   -0.00225768      0.999997    -0.0709173
     0.999999  -0.000752683   0.000902831    -0.0815644     0.0007513      0.999999    0.00153126    -0.0259275  -0.000903983   -0.00153058      0.999998    -0.0211037
     0.999999   -0.00101288   0.000366757    -0.0896552    0.00101163      0.999994    0.00340879    -0.0840558  -0.000370207   -0.00340841      0.999994     0.0577293
     0.999999   -0.00108518   0.000601681    -0.0484511    0.00108332      0.999995    0.00308294    0.00483567  -0.000605023   -0.00308229      0.999995     0.0343729
     0.999999  -0.000875009   0.000860779     -0.062793   0.000872943      0.999997    0.00239749    -0.0530415  -0.000862874   -0.00239674      0.999997      0.026199
     0.999999  -0.000787793   0.000825545    -0.0707547   0.000785193      0.999995    0.00314435    -0.0484345  -0.000828017    -0.0031437      0.999995     0.0322074
     0.999999  -0.000970476     0.0013915    -0.0242728   0.000967368      0.999997    0.00223245    -0.0178504   -0.00139366    -0.0022311      0.999997    -0.0629349
     0.999999  -0.000850882    0.00149004    -0.0370476   0.000848519      0.999998    0.00158582   -0.00303842   -0.00149139   -0.00158456      0.999998    -0.0480735
     0.999999  -0.000954008    0.00134782    -0.0535931   0.000951847      0.999998    0.00160311    -0.0042443   -0.00134935   -0.00160182      0.999998    -0.0386559
     0.999998    -0.0010646    0.00148986     -0.045527    0.00106198      0.999998    0.00176177    -0.0269328   -0.00149173   -0.00176018      0.999997    -0.0562531
     0.999999  -0.000963161    0.00137808    -0.0466253   0.000960669      0.999998    0.00180827    -0.0359579   -0.00137982   -0.00180694      0.999997    -0.0732535
     0.999999  -0.000965507     0.0011401    -0.0507126   0.000964004      0.999999    0.00131829     -0.038228   -0.00114137   -0.00131719      0.999998    -0.0669078
     0.999999  -0.000903092     0.0010094    -0.0654421   0.000902462      0.999999   0.000624774    -0.0478604   -0.00100997  -0.000623862      0.999999     -0.083224
            1  -0.000568325   0.000784425    -0.0942633   0.000567203      0.999999    0.00143051    -0.0521652  -0.000785237   -0.00143007      0.999999    -0.0279758
     0.999999  -0.000754827   0.000996505     -0.084874   0.000753565      0.999999    0.00126626     -0.049345   -0.00099746   -0.00126551      0.999999    -0.0465461
     0.999999  -0.000799363    0.00108742    -0.0842894   0.000798109      0.999999    0.00115397    -0.0345752   -0.00108834    -0.0011531      0.999999    -0.0558428
     0.999999  -0.000741241    0.00115125     -0.086422   0.000739937      0.999999    0.00113276    -0.0415317   -0.00115209   -0.00113191      0.999999    -0.0351662
     0.999999  -0.000780489      0.001323    -0.0872672   0.000778648      0.999999    0.00139165    -0.0386408   -0.00132409   -0.00139062      0.999998    -0.0299987
     0.999999  -0.000549781   0.000894232     -0.107659   0.000548292      0.999998    0.00166514    -0.0679914  -0.000895146   -0.00166465      0.999998    -0.0176809
            1  -0.000249573   0.000909354      -0.12143   0.000248253      0.999999    0.00145142    -0.0663028  -0.000909715   -0.00145119      0.999999    -0.0243491
     0.999999  -0.000477235    0.00106655     -0.116184   0.000475576      0.999999    0.00155492     -0.046263   -0.00106729   -0.00155441      0.999998    -0.0280968
     0.999999  -0.000617431   0.000983144     -0.108757   0.000616176      0.999999    0.00127647    -0.0711345  -0.000983931   -0.00127586      0.999999    -0.0330274
            1   -0.00055825   0.000788847     -0.100648   0.000556768      0.999998    0.00187781    -0.0662187  -0.000789894   -0.00187737      0.999998    -0.0107464
            1  -0.000488154    0.00086731    -0.0845223   0.000486445      0.999998    0.00196994    -0.0152729   -0.00086827   -0.00196951      0.999998     0.0197071
     0.999999  -0.000669235   0.000983456    -0.0913284   0.000667317      0.999998     0.0019496    -0.0153468  -0.000984758   -0.00194894      0.999998     0.0757823
     0.999999   -0.00063273   0.000938131    -0.0893248    0.00063085      0.999998    0.00200321    -0.0455835  -0.000939397   -0.00200261      0.999998      0.010336
     0.999999  -0.000892715     0.0013813    -0.0759419    0.00088956      0.999997    0.00228301    -0.0363166   -0.00138333   -0.00228178      0.999996    -0.0208051
     0.999999  -0.000789127    0.00100177     -0.063228    0.00078677      0.999997    0.00235025    -0.0409705   -0.00100362   -0.00234945      0.999997    0.00804819
     0.999999  -0.000641781   0.000857754    -0.0781761   0.000640012      0.999998    0.00206144    -0.0420593  -0.000859075   -0.00206089      0.999998     0.0177829
            1  -0.000428293   0.000831861    -0.0849566   0.000426121      0.999997    0.00260973    -0.0264317  -0.000832976   -0.00260937      0.999996    0.00298824
            1  -6.43713e-05   0.000988144    -0.0911344   6.12934e-05      0.999995     0.0031146    -0.0368239   -0.00098834   -0.00311454      0.999995     0.0309682
            1  -0.000535536      0.000579    -0.0615863   0.000533785      0.999995    0.00302026    -0.0438924  -0.000580614   -0.00301995      0.999995      0.032305
            1  -0.000413591   0.000781535    -0.0681477   0.000411305      0.999996    0.00292244    -0.0302906   -0.00078274   -0.00292212      0.999995     0.0153803
     0.999999  -0.000664029    0.00101023    -0.0708471   0.000661025      0.999995     0.0029713     -0.028186   -0.00101219   -0.00297063      0.999995     0.0564914
     0.999999   -0.00078283    0.00095243    -0.0698637   0.000780999      0.999998    0.00192187    -0.0132707  -0.000953932   -0.00192112      0.999998   -0.00069016
     0.999999  -0.000574436   0.000887433    -0.0695175   0.000572252      0.999997    0.00246005    -0.0185263  -0.000888843   -0.00245954      0.999997     0.0618908
            1  -0.000307108   0.000579273    -0.0673854   0.000305789      0.999997    0.00227462     0.0427366   -0.00057997   -0.00227444      0.999997      0.139828
            1   -0.00042314   0.000755644    -0.0849635   0.000420878      0.999995     0.0029901    -0.0197875  -0.000756906   -0.00298978      0.999995     0.0934327
            1  -0.000526646   0.000734385    -0.0802858   0.000524364      0.999995    0.00310342    -0.0494214  -0.000736016   -0.00310303      0.999995      0.103181
            1  -0.000430699   0.000632397     -0.111585   0.000428613      0.999994    0.00329553    -0.0466858  -0.000633813   -0.00329525      0.999994      0.108398
            1  -0.000472207   0.000613825    -0.0882494   0.000469226      0.999988    0.00484754    -0.0282208  -0.000616107   -0.00484725      0.999988      0.161472
            1  -0.000466328   0.000612533    -0.0777327    0.00046468      0.999996     0.0026883    -0.0279503  -0.000613784   -0.00268801      0.999996     0.0876906
     0.999999  -0.000222274    0.00100154    -0.0962986   0.000220131      0.999998    0.00213934    -0.0451784   -0.00100201   -0.00213912      0.999997     0.0600626
     0.999999    -0.0003952    0.00111523    -0.0943834   0.000392714      0.999997    0.00222813    -0.0161069   -0.00111611   -0.00222769      0.999997     0.0373083
            1  -0.000669612   0.000300365    -0.0727299    0.00066878      0.999996    0.00276168     0.0223573  -0.000302213   -0.00276148      0.999996      0.142191
            1  -0.000715362   6.85428e-05    -0.0746227   0.000714958      0.999983    0.00573228    -0.0529353  -7.26423e-05   -0.00573223      0.999984      0.217124
     0.999999   -0.00100052   0.000502787    -0.0408148   0.000997996      0.999987    0.00500593    -0.0244648  -0.000507789   -0.00500543      0.999987      0.165375
            1  -0.000765201   0.000590202    -0.0612814   0.000762097      0.999986    0.00524137    -0.0432501  -0.000594205   -0.00524092      0.999986      0.193062
     0.999999  -0.000677851   0.000782748    -0.0701937    0.00067405      0.999988    0.00484636    -0.0294465  -0.000786024   -0.00484583      0.999988      0.152977
     0.999999  -0.000829153   0.000825846    -0.0725078   0.000825217      0.999988    0.00475457    -0.0093791  -0.000829779   -0.00475388      0.999988      0.144077
     0.999999  -0.000973936   0.000620403     -0.070766   0.000970736      0.999986    0.00513669   -0.00922906  -0.000625397   -0.00513608      0.999987      0.146588
     0.999999   -0.00103193   0.000552428    -0.0692602    0.00102889      0.999984    0.00548337    -0.0118075  -0.000558078   -0.00548279      0.999985      0.174207
     0.999999  -0.000940217   0.000761156    -0.0981818   0.000936016      0.999984     0.0055009    -0.0570155  -0.000766317   -0.00550018      0.999985      0.152998
     0.999999    -0.0010242   0.000993229     -0.117064     0.0010186      0.999984    0.00561781    -0.0406179  -0.000998967   -0.00561679      0.999984      0.148416
     0.999999  -0.000911807   0.000657881     -0.109849   0.000908098      0.999984     0.0056166    -0.0133376  -0.000662992     -0.005616      0.999984      0.176709
     0.999999  -0.000847254   0.000789878    -0.0914565   0.000842703      0.999983     0.0057452    -0.0200792  -0.000794732   -0.00574453      0.999983      0.177129
     0.999999  -0.000736684   0.000813197    -0.0888515   0.000731957      0.999983    0.00579819    -0.0335279  -0.000817455   -0.00579759      0.999983      0.208524
            1  -0.000775549   0.000489353    -0.0911128   0.000772764      0.999984    0.00566642     -0.045998  -0.000493739   -0.00566604      0.999984      0.211661
            1  -0.000600203   0.000622696    -0.0963621   0.000596386      0.999981    0.00611116    -0.0397561  -0.000626353   -0.00611078      0.999981      0.219636
     0.999999  -0.000967925   0.000549081     -0.111727   0.000964673      0.999982    0.00589176    -0.0294768  -0.000554774   -0.00589123      0.999982      0.195903
     0.999999   -0.00102685   0.000339344    -0.0884078    0.00102469       0.99998    0.00629062    -0.0530903  -0.000345797   -0.00629027       0.99998      0.204679
            1  -0.000964436   0.000171785    -0.0682582    0.00096322      0.999975    0.00694313    -0.0423876  -0.000178477   -0.00694296      0.999976      0.230277
     0.999999   -0.00078733   0.000773459    -0.0783755   0.000782909      0.999983     0.0057002   0.000551086  -0.000777934   -0.00569959      0.999983      0.183062
     0.999999   -0.00105551   0.000993019     -0.103101    0.00104944      0.999981    0.00609311    -0.0181104  -0.000999432   -0.00609206      0.999981      0.197699
     0.999999  -0.000915362   0.000731937     -0.103481   0.000910441      0.999977    0.00669442    -0.0416884  -0.000738048   -0.00669374      0.999977      0.213358
     0.999999  -0.000937928   0.000587186    -0.0911167    0.00093431      0.999981     0.0061318    -0.0352396  -0.000592926   -0.00613125      0.999981      0.179375
     0.999999   -0.00106194   0.000680431    -0.0778776    0.00105746      0.999978    0.00654743    -0.0382554  -0.000687369   -0.00654671      0.999978      0.194944
     0.999999   -0.00105207    0.00054469    -0.0463289    0.00104862       0.99998    0.00631015   -0.00638882  -0.000551318   -0.00630957       0.99998      0.191036
     0.999999   -0.00103956   0.000645039    -0.0565666    0.00103525      0.999977    0.00664765    -0.0216563  -0.000651936   -0.00664698      0.999978      0.221625
     0.999999    -0.0010385   0.000555514    -0.0746384    0.00103486      0.999978    0.00651503    -0.0289806  -0.000562268   -0.00651445      0.999979      0.211268
     0.999999   -0.00110869   0.000600114     -0.083118    0.00110463      0.999977    0.00671674    -0.0501611  -0.000607546   -0.00671607      0.999977      0.218864
     0.999999  -0.000918571   0.000595428    -0.0808794   0.000914583      0.999977    0.00666329    -0.0370061  -0.000601535   -0.00666274      0.999978      0.211165
            1  -0.000817411   0.000369046      -0.10072   0.000815006      0.999979    0.00647106    -0.0437514  -0.000374327   -0.00647075      0.999979      0.204048
            1  -0.000830737   0.000510107     -0.111919   0.000827517       0.99998    0.00628102    -0.0422876  -0.000515314    -0.0062806       0.99998      0.198359
     0.999999    -0.0010431   0.000624611    -0.0967464    0.00103877      0.999976    0.00688998    -0.0560673  -0.000631783   -0.00688932      0.999976      0.201166
     0.999999   -0.00103288   0.000364967    -0.0788695    0.00103035      0.999976    0.00685803    -0.0405394  -0.000372042   -0.00685765      0.999976      0.245003
     0.999999  -0.000896241   0.000545714    -0.0906948   0.000892593      0.999978    0.00664784    -0.0320749   -0.00055166   -0.00664735      0.999978      0.200321
            1  -0.000765898    0.00052239    -0.0906467   0.000762303      0.999976    0.00684796    -0.0452502  -0.000527622   -0.00684756      0.999976      0.195061
            1  -0.000685097   0.000533048    -0.0910065   0.000681565      0.999978    0.00659806    -0.0487906  -0.000537557    -0.0065977      0.999978      0.191753
     0.999999    -0.0009293   0.000451059     -0.087938   0.000926237      0.999977    0.00674514    -0.0374722  -0.000457316   -0.00674472      0.999977      0.228713
            1  -0.000707735   0.000591107    -0.0865727   0.000703502      0.999974     0.0071308    -0.0603674  -0.000596139   -0.00713038      0.999974      0.198572
     0.999999  -0.000993401   0.000652164    -0.0572904   0.000988858      0.999975    0.00693055    -0.0198389  -0.000659033    -0.0069299      0.999976      0.178058
     0.999999   -0.00129288   0.000369563     -0.082355    0.00128988      0.999967    0.00800838    -0.0149333  -0.000379904    -0.0080079      0.999968      0.265305
     0.999999   -0.00121736   0.000343436    -0.0932475     0.0012148      0.999972    0.00734797    -0.0175418  -0.000352371   -0.00734755      0.999973      0.258759
     0.999999   -0.00124103   0.000594649    -0.0700427    0.00123741      0.999981    0.00604729     -0.014368  -0.000602142   -0.00604655      0.999982      0.205343
     0.999999   -0.00135995    0.00079679    -0.0572473    0.00135511      0.999981    0.00604941    0.00885312  -0.000805001   -0.00604832      0.999981       0.22791
     0.999999   -0.00153158   0.000685945    -0.0509392    0.00152663      0.999973    0.00715889    -0.0109181  -0.000696891   -0.00715783      0.999974      0.251954
     0.999999   -0.00154786   0.000689018    -0.0495387    0.00154257       0.99997    0.00761506    -0.0628908  -0.000700785   -0.00761398      0.999971      0.253686
     0.999999   -0.00135081   0.000934295    -0.0428094    0.00134376      0.999971    0.00750939    0.00329657  -0.000944412   -0.00750813      0.999971      0.241361
     0.999999   -0.00125802   0.000761527    -0.0514766    0.00125204      0.999969    0.00780809   -0.00396209  -0.000771326   -0.00780713      0.999969      0.252142
     0.999999   -0.00131815   0.000731176    -0.0679025    0.00131191      0.999963    0.00847952   -0.00102775  -0.000742327   -0.00847855      0.999964      0.280065
     0.999999  -0.000927795    0.00118155    -0.0690168   0.000920645      0.999981    0.00603761    -0.0152783   -0.00118713   -0.00603652      0.999981      0.192917
     0.999999   -0.00102721    0.00123952    -0.0515456    0.00102243      0.999992    0.00384639    -0.0975736   -0.00124346   -0.00384511      0.999992      0.126369
     0.999999  -0.000937219   0.000632105    -0.0283477   0.000935011      0.999993    0.00348455    0.00423071  -0.000635367   -0.00348395      0.999994     0.0605388
            1  -0.000599397   0.000139831    -0.0780947   0.000598731      0.999989    0.00471247     -0.010195  -0.000142654   -0.00471238      0.999989      0.122386
            1   -0.00072998   0.000378083    -0.0767402    0.00072824      0.999989    0.00458239    -0.0324734  -0.000381424   -0.00458212      0.999989      0.122554
            1  -0.000837534   0.000342158    -0.0659704   0.000835794      0.999987    0.00505555    0.00041003  -0.000346388   -0.00505526      0.999987      0.127621
            1  -0.000770151   0.000503485    -0.0652567   0.000767553      0.999987    0.00513879   -0.00634749  -0.000507436    -0.0051384      0.999987      0.141309
            1  -0.000844273   0.000347544    -0.0514191   0.000842637      0.999989    0.00468065    0.00192349  -0.000351492   -0.00468036      0.999989      0.133712
            1  -0.000899775  -4.98882e-07    -0.0672854   0.000899764      0.999985    0.00538456    -0.0146517  -4.34601e-06   -0.00538455      0.999986      0.149133
            1  -0.000716455   0.000261374      -0.09126   0.000714963      0.999984    0.00566447    -0.0227197  -0.000265428   -0.00566429      0.999984      0.167836
            1  -0.000937811   0.000321312    -0.0353592   0.000936363       0.99999    0.00447664    -0.0175595  -0.000325507   -0.00447634       0.99999      0.067298
     0.999999  -0.000968216   0.000487049     0.0319659   0.000966048       0.99999    0.00443322   -0.00294345  -0.000491336   -0.00443275       0.99999     0.0219809
     0.999999    -0.0011969   0.000558351    -0.0600325    0.00119479      0.999992    0.00377186     0.0581608  -0.000562861   -0.00377119      0.999993       0.16413
            1  -0.000708176   0.000415717    -0.0790834   0.000706323       0.99999    0.00443991    0.00337174  -0.000418857   -0.00443962       0.99999      0.157102
            1  -0.000494731   0.000274734    -0.0816993   0.000493496       0.99999    0.00447778   -0.00905226  -0.000276946   -0.00447764       0.99999      0.132359
            1  -0.000586654   0.000665989    -0.0767849   0.000583596      0.999989    0.00458264    0.00346781   -0.00066867   -0.00458225      0.999989     0.0965615
            1  -0.000703519   0.000648413      -0.11892    0.00070028      0.999987    0.00498256    -0.0205672  -0.000651911    -0.0049821      0.999987     0.0944769
            1  -0.000641688    0.00050568    -0.0880221   0.000638556      0.999981    0.00616824    -0.0586045  -0.000509628   -0.00616792      0.999981      0.203076
     0.999999  -0.000963684   0.000805828    -0.0810019   0.000958361      0.999978    0.00657943    -0.0256076  -0.000812151   -0.00657866      0.999978      0.190095
            1  -0.000929167  -0.000167161    -0.0279194   0.000930046      0.999985    0.00534266     0.0358699   0.000162194   -0.00534281      0.999986      0.131847
            1  -0.000813983   0.000154842    -0.0333965    0.00081308      0.999983    0.00574478    -0.0113309  -0.000159515   -0.00574465      0.999983       0.17963
            1  -0.000783065   0.000265873    -0.0706825   0.000781532      0.999983    0.00571613    -0.0360335  -0.000270345   -0.00571592      0.999984      0.165007
            1  -0.000724482   0.000213832    -0.0710369   0.000723306      0.999985    0.00544977   -0.00933869  -0.000217777   -0.00544961      0.999985      0.168971
            1  -0.000947809   0.000308852    -0.0743172     0.0009461      0.999985    0.00548552    -0.0291582  -0.000314047   -0.00548523      0.999985       0.15826
            1  -0.000831987   0.000180889    -0.0774257   0.000830992      0.999985    0.00542982    -0.0184405  -0.000185404   -0.00542967      0.999985       0.15391
            1  -0.000712547   0.000293424     -0.074959   0.000711129      0.999988    0.00480498    -0.0274195  -0.000296845   -0.00480477      0.999988      0.119926
            1  -0.000836908   0.000233426    -0.0683222   0.000835703      0.999987    0.00511825    -0.0194529  -0.000237707   -0.00511805      0.999987      0.151149
            1  -0.000569278  -0.000313977    -0.0776976   0.000570448      0.999993    0.00373941      0.023609   0.000311846   -0.00373959      0.999993      0.154302
            1  -0.000452928   -0.00018267     -0.100527    0.00045371      0.999991    0.00430125    -0.0337961    0.00018072   -0.00430133      0.999991      0.129362
            1  -0.000557314    0.00026321    -0.0822141   0.000555865      0.999985    0.00547156    -0.0411884  -0.000266255   -0.00547142      0.999985      0.168854
            1  -0.000548176   0.000169022    -0.0756715   0.000547379      0.999989    0.00467704      -0.01581  -0.000171584   -0.00467695      0.999989      0.157575
            1  -0.000678566   0.000186055    -0.0895649   0.000677651      0.999988    0.00487275    -0.0211918  -0.000189359   -0.00487262      0.999988      0.183053
            1  -0.000571986   0.000326447    -0.0882604   0.000570426      0.999989    0.00475785    -0.0217547  -0.000329164   -0.00475767      0.999989      0.138476
            1  -0.000573471    0.00011307    -0.0800436   0.000572941      0.999989    0.00463626    -0.0132516  -0.000115728   -0.00463619      0.999989      0.158981
            1  -0.000684747   1.96849e-05    -0.0835414   0.000684649      0.999989     0.0045873    -0.0141578  -2.28258e-05   -0.00458729      0.999989       0.15814
            1  -0.000660828   0.000283795     -0.095412   0.000659542       0.99999    0.00450794    -0.0368474  -0.000286771   -0.00450775       0.99999      0.132151
            1    -0.0004758   0.000318183    -0.0726589   0.000474128      0.999986    0.00523362    -0.0440668  -0.000320669   -0.00523347      0.999986     0.0447181
            1  -0.000910908   0.000163514     0.0375619   0.000910058      0.999986    0.00512327     -0.017148  -0.000168179   -0.00512311      0.999987     0.0422209
            1  -0.000808733  -0.000266398     0.0517331   0.000810266      0.999983    0.00580554     -0.079693   0.000261698   -0.00580575      0.999983      0.125837
            1  -0.000817094  -0.000180172     0.0135195   0.000818066      0.999985    0.00546283    -0.0352714   0.000175705   -0.00546297      0.999985      0.127703
            1  -0.000652461  -0.000212442    -0.0302297   0.000653664      0.999983     0.0057127    -0.0557002   0.000208711   -0.00571284      0.999984      0.145353
            1  -0.000501857   2.23594e-05    -0.0653627   0.000501731      0.999986    0.00533335      -0.04626  -2.50357e-05   -0.00533334      0.999986      0.128353
            1  -0.000340433  -0.000137379    -0.0431925     0.0003411      0.999988    0.00487871   -0.00917692   0.000135717   -0.00487876      0.999988     0.0595933
            1  -0.000402772   -6.6555e-05    -0.0443724   0.000403111      0.999987    0.00517145    -0.0129752   6.44712e-05   -0.00517147      0.999987      0.116794
            1  -0.000618135   0.000139259    -0.0545022   0.000617323      0.999983    0.00575345     -0.033878  -0.000142813   -0.00575336      0.999983      0.156578
            1   -0.00093171   0.000212005    -0.0406654   0.000930425      0.999982    0.00598686    -0.0112991   -0.00021758   -0.00598666      0.999982      0.180942
            1  -0.000936141   0.000176025    -0.0389101   0.000935029       0.99998    0.00621495    -0.0241427  -0.000181839   -0.00621479      0.999981      0.195148
            1  -0.000780577   -5.2493e-05    -0.0429317   0.000780854      0.999984    0.00551588    -0.0376613   4.81866e-05   -0.00551592      0.999985      0.166475
     0.999998   -0.00184861  -0.000182356    -0.0550248    0.00184962      0.999982    0.00574449    -0.0313778   0.000171733   -0.00574482      0.999983        0.1496
     0.999989   -0.00453443   0.000761511    -0.0583014    0.00453065      0.999978    0.00488863     0.0162118  -0.000783662   -0.00488513      0.999988     0.0994446
     0.999992   -0.00368494    0.00143362    -0.0340318    0.00367972      0.999987    0.00362289      0.024542   -0.00144696   -0.00361758      0.999992      0.047099
     0.999993   -0.00352756    0.00105421     -0.048411    0.00352406      0.999988    0.00330087     0.0214063   -0.00106585   -0.00329713      0.999994     0.0384421
     0.999993   -0.00352492    0.00112934    -0.0357576    0.00352033      0.999986    0.00403777   0.000530799   -0.00114356   -0.00403377      0.999991     0.0626769
     0.999994   -0.00335268    0.00128129    -0.0182641    0.00334758      0.999987    0.00396266    0.00323184   -0.00129455   -0.00395834      0.999991     0.0516976
     0.999994   -0.00335388    0.00126536   -0.00864381    0.00334859      0.999986    0.00416218    0.00830966    -0.0012793   -0.00415792      0.999991     0.0434911
     0.999994   -0.00327702    0.00118116   -0.00871279    0.00327118      0.999983    0.00491199   -0.00938778   -0.00119724   -0.00490809      0.999987     0.0824717
     0.999994   -0.00337588   0.000952588     0.0222245    0.00336997      0.999976    0.00613445   -0.00882567  -0.000973274    -0.0061312      0.999981     0.0788489
