# 3dvolreg matrices (DICOM-to-DICOM, row-by-row):
     0.999998   -0.00166362   0.000540718     0.0740128    0.00166117      0.999988    0.00451637      0.299947  -0.000548226   -0.00451547       0.99999       0.47593
     0.999998   -0.00171164   0.000693224     0.0912109    0.00170848      0.999988    0.00453875       0.29592  -0.000700984   -0.00453756      0.999989       0.52377
     0.999998   -0.00182823   0.000755002      0.122729     0.0018246      0.999987    0.00477751      0.346989  -0.000763727   -0.00477613      0.999988      0.505915
     0.999997   -0.00217444    0.00067796      0.110111    0.00217132      0.999987    0.00456914      0.317297  -0.000687886   -0.00456766      0.999989      0.499415
     0.999997   -0.00240251   0.000642521     0.0922193    0.00239964      0.999987     0.0044289      0.305096  -0.000653153   -0.00442734       0.99999      0.455898
     0.999996    -0.0025167   0.000860766     0.0874699    0.00251299      0.999988     0.0042803      0.298934  -0.000871528   -0.00427812       0.99999      0.456477
     0.999997   -0.00244018   0.000585639     0.0848494    0.00243722      0.999985     0.0049933      0.290801  -0.000597814   -0.00499185      0.999987      0.493674
     0.999997   -0.00230073   0.000535866     0.0853172    0.00229818      0.999986     0.0047128      0.305026  -0.000546701   -0.00471155      0.999989      0.499525
     0.999998   -0.00196302    0.00106147     0.0988397    0.00195789      0.999987    0.00481231       0.30224    -0.0010709   -0.00481022      0.999988      0.467644
     0.999997   -0.00211375    0.00112333     0.0815613    0.00210846      0.999987    0.00468966      0.332803   -0.00113322   -0.00468728      0.999988       0.47982
     0.999998   -0.00198217   0.000800757     0.0559111    0.00197839      0.999987    0.00469586      0.282819  -0.000810054   -0.00469427      0.999989      0.496422
     0.999997   -0.00219201   0.000723838     0.0615677    0.00218859      0.999987    0.00468689      0.289451  -0.000734102   -0.00468529      0.999989      0.501176
     0.999998   -0.00211205   0.000593242     0.0779632    0.00210932      0.999987    0.00456117      0.281632  -0.000602868   -0.00455991      0.999989      0.517188
     0.999998   -0.00191859   0.000370798     0.0772618    0.00191676      0.999986    0.00487066       0.27478  -0.000380138   -0.00486994      0.999988      0.521108
     0.999998    -0.0020956   0.000679111     0.0728384    0.00209204      0.999984    0.00520146       0.29605  -0.000690001   -0.00520003      0.999986      0.511278
     0.999998   -0.00193912   0.000491777     0.0685268    0.00193637      0.999983    0.00553664       0.31495  -0.000502505   -0.00553567      0.999985      0.536449
     0.999998   -0.00190728   0.000585166     0.0603146    0.00190439      0.999986    0.00490759      0.343851  -0.000594518   -0.00490646      0.999988       0.54536
     0.999998   -0.00181707   0.000546304     0.0564928    0.00181439      0.999986    0.00487193      0.282232  -0.000555149   -0.00487093      0.999988      0.529726
     0.999999   -0.00163884   0.000372514      0.058294    0.00163713      0.999988    0.00455358       0.29323  -0.000379972   -0.00455296       0.99999      0.483842
     0.999998   -0.00169807     0.0004976     0.0442944    0.00169584      0.999989    0.00445012      0.302335  -0.000505151   -0.00444927       0.99999      0.478914
     0.999996   -0.00241043    0.00161609      0.066258    0.00240424       0.99999    0.00381982      0.313697   -0.00162528   -0.00381591      0.999991      0.409463
     0.999996   -0.00245847    0.00111379      0.140074    0.00245415       0.99999    0.00386242      0.304607   -0.00112328   -0.00385967      0.999992       0.41319
     0.999998  -0.000981397   -0.00153443     0.0593797   0.000986784      0.999993    0.00351385      0.315321    0.00153097   -0.00351536      0.999993      0.439297
     0.999999   -0.00133551  -0.000725241     0.0564448    0.00133884      0.999988    0.00460561      0.316513   0.000719082   -0.00460657      0.999989      0.477343
     0.999999   -0.00123286  -0.000295717     0.0509038     0.0012341       0.99999    0.00420515       0.26351    0.00029053   -0.00420551      0.999991      0.473723
            1  -0.000981037  -4.83645e-05     0.0444924   0.000981219      0.999992    0.00391159      0.282571   4.45267e-05   -0.00391163      0.999992      0.428074
            1  -0.000995006  -7.38854e-06     0.0334418   0.000995028       0.99999    0.00428769      0.268428    3.1222e-06   -0.00428769      0.999991      0.440505
     0.999999   -0.00128142   1.61162e-05      0.040712    0.00128133       0.99999    0.00439532      0.271769  -2.17483e-05   -0.00439529       0.99999      0.425173
     0.999999   -0.00107984  -2.30486e-05     0.0433275    0.00107993      0.999992    0.00395876      0.279235   1.87736e-05   -0.00395878      0.999992      0.403915
     0.999999   -0.00106953    4.0765e-06     0.0412642     0.0010695      0.999992    0.00372964      0.286941  -8.06541e-06   -0.00372963      0.999993      0.405106
     0.999999   -0.00114447   0.000163265     0.0411899    0.00114385      0.999992    0.00377754      0.288905  -0.000167587   -0.00377735      0.999993      0.419229
     0.999999   -0.00108586    0.00012202     0.0374415    0.00108539      0.999992    0.00377337      0.285663  -0.000126116   -0.00377323      0.999993      0.424831
     0.999999   -0.00120496   6.54289e-05     0.0364178    0.00120466       0.99999    0.00433005      0.278689  -7.06458e-05   -0.00432997      0.999991      0.474566
            1  -0.000973402  -0.000202475     0.0326794   0.000974411      0.999987    0.00504349      0.269436   0.000197563   -0.00504368      0.999987      0.492095
     0.999999  -0.000994789  -0.000740229     0.0240042   0.000998172      0.999989    0.00458298      0.313995   0.000735662   -0.00458371      0.999989      0.508175
            1   -0.00091751   4.56254e-05     0.0282734   0.000917332      0.999993    0.00375348      0.228749  -4.90689e-05   -0.00375344      0.999993      0.471733
     0.999999   -0.00143839  -0.000313538      0.070808    0.00143945      0.999993    0.00341287      0.344989   0.000308627   -0.00341332      0.999994       0.51827
     0.999999   -0.00163698   5.65922e-05     0.0583125    0.00163676      0.999992    0.00370702      0.331476    -6.266e-05   -0.00370693      0.999993      0.516915
     0.999999   -0.00130074  -0.000189856     0.0430205    0.00130158      0.999989    0.00448941      0.289148   0.000184014   -0.00448965       0.99999       0.50693
     0.999999   -0.00131714  -0.000177589     0.0509115    0.00131792      0.999989    0.00447434      0.291914   0.000171694   -0.00447457       0.99999       0.49511
     0.999999   -0.00125185  -0.000356477     0.0476421     0.0012535      0.999988    0.00467859      0.283566   0.000350616   -0.00467903      0.999989      0.492027
     0.999999   -0.00130905   -0.00041699     0.0534286    0.00131095      0.999989    0.00458281      0.282798   0.000410986   -0.00458335      0.999989      0.479713
     0.999999   -0.00129755   1.05413e-05     0.0607696    0.00129749      0.999989    0.00447533      0.263725  -1.63482e-05   -0.00447531       0.99999      0.461004
            1  -0.000609647    0.00014839     0.0213402   0.000608615      0.999976    0.00685815      0.151393  -0.000152568   -0.00685806      0.999976      0.427816
     0.999999   -0.00133106   0.000535097     0.0337668    0.00132798      0.999983     0.0057136       0.22862  -0.000542693   -0.00571289      0.999984      0.451089
     0.999999   -0.00124935   0.000349475     0.0536338    0.00124779      0.999989    0.00443631      0.293958  -0.000355014   -0.00443587       0.99999       0.48775
     0.999999   -0.00130525  -3.30543e-06     0.0357661    0.00130525      0.999986     0.0050984        0.2784  -3.34933e-06    -0.0050984      0.999987       0.47968
     0.999999   -0.00132265   8.09584e-05     0.0590284    0.00132223      0.999987    0.00497866      0.287369  -8.75423e-05   -0.00497855      0.999988      0.507524
     0.999999   -0.00138361  -0.000203511     0.0624729     0.0013845      0.999989    0.00444036      0.300555   0.000197365   -0.00444063       0.99999      0.523389
     0.999999   -0.00155797   -0.00032574     0.0899081    0.00155949      0.999988    0.00469784      0.271156   0.000318416   -0.00469834      0.999989      0.480749
     0.999998   -0.00172589   0.000171316      0.124551    0.00172512      0.999989    0.00437885      0.246254  -0.000178871   -0.00437854       0.99999      0.490789
     0.999999   -0.00156101   0.000128915     0.0923407    0.00156044       0.99999    0.00425038      0.287378  -0.000135549   -0.00425018      0.999991      0.494423
     0.999999   -0.00160913   0.000503489     0.0416575    0.00160666      0.999987    0.00487135      0.291196  -0.000511321   -0.00487054      0.999988      0.468429
            1  -0.000897756   0.000294332      -0.13331   0.000896293      0.999987    0.00493439      0.185925  -0.000298758   -0.00493412      0.999988      0.391583
     0.999999   -0.00114612   0.000188479    -0.0286302    0.00114551      0.999994    0.00320273      0.295368  -0.000192149   -0.00320251      0.999995      0.578886
     0.999999   -0.00155535   0.000341679     0.0259911    0.00155388       0.99999    0.00427033      0.298427  -0.000348317   -0.00426979      0.999991      0.582396
     0.999999   -0.00126588  -4.56293e-05     0.0278305    0.00126611      0.999985    0.00538653      0.247501   3.88099e-05   -0.00538658      0.999985      0.491595
     0.999999   -0.00122351   0.000507567      0.010065    0.00122089      0.999986    0.00512064      0.265077  -0.000513825   -0.00512001      0.999987      0.485137
     0.999998   -0.00221246  -7.50956e-06     0.0728145    0.00221248      0.999992    0.00344789      0.352028  -1.18837e-07    -0.0034479      0.999994        0.5176
     0.999997   -0.00178701   -0.00137354      0.198394    0.00179328      0.999988     0.0045811       0.38224    0.00136533   -0.00458356      0.999989       1.01948
     0.999999   -0.00118078  -0.000492279      0.152025    0.00118363      0.999982    0.00582956      0.326133   0.000485387   -0.00583014      0.999983       0.87066
     0.999999   -0.00111331   0.000361041     0.0700714    0.00111134      0.999985    0.00540526      0.353647  -0.000367053   -0.00540485      0.999985      0.731897
     0.999999     -0.000924   0.000649668      0.067147   0.000920509      0.999985    0.00535317      0.276424  -0.000654604   -0.00535257      0.999985      0.668167
     0.999999  -0.000985172    0.00056358     0.0575479   0.000983241      0.999994     0.0034176      0.279838  -0.000566944   -0.00341704      0.999994      0.622938
     0.999999  -0.000971247   0.000292431     0.0442731   0.000970161      0.999993    0.00369219      0.293735  -0.000296015   -0.00369191      0.999993      0.633017
     0.999999   -0.00106613   0.000346164     0.0365816    0.00106486      0.999993    0.00365598      0.308501  -0.000350059   -0.00365561      0.999993      0.608414
     0.999999    -0.0009678  -0.000363152     0.0508052   0.000969305      0.999991    0.00416698       0.31088   0.000359115   -0.00416733      0.999991      0.598695
     0.999999  -0.000821745   -0.00121254     0.0490173   0.000826976       0.99999    0.00432066      0.275981    0.00120898   -0.00432166       0.99999      0.468647
     0.999999   -0.00101619   -0.00056531     0.0585345    0.00101906      0.999986    0.00510048      0.260791   0.000560119   -0.00510105      0.999987      0.560938
     0.999998   -0.00189471   0.000670448       0.11242    0.00189091      0.999982    0.00561592      0.246899  -0.000681077   -0.00561464      0.999984      0.632638
     0.999999   -0.00148762  -0.000241174      0.106776    0.00148889      0.999985    0.00535385      0.225313   0.000233206   -0.00535421      0.999986      0.643378
     0.999998   -0.00170868   -0.00123934     0.0821274    0.00171717      0.999975    0.00688205       0.30478    0.00122755   -0.00688416      0.999976      0.738183
     0.999998   -0.00170102  -0.000764075      0.071247    0.00170588      0.999978    0.00640738      0.263107   0.000753159   -0.00640867      0.999979      0.713598
     0.999998   -0.00166724  -0.000552572     0.0956541    0.00167048      0.999981     0.0059066      0.265022   0.000542714   -0.00590751      0.999982      0.638451
     0.999999   -0.00149048  -0.000371598      0.105611    0.00149273       0.99998     0.0061307      0.265167   0.000362453   -0.00613124      0.999981      0.662193
     0.999999   -0.00122658  -0.000282774     0.0908319    0.00122804      0.999986     0.0052003      0.248669   0.000276392   -0.00520064      0.999986      0.605842
     0.999999   -0.00113255  -0.000869616     0.0778003    0.00113791       0.99998    0.00617843       0.25736   0.000862601   -0.00617942      0.999981      0.637711
     0.999999  -0.000548397   -0.00120329     0.0592282    0.00055666      0.999976    0.00687808      0.262151    0.00119949   -0.00687874      0.999976      0.671531
            1  -0.000961384   0.000147842      0.060177   0.000960544      0.999984    0.00557715      0.282001  -0.000153201   -0.00557701      0.999984      0.597642
     0.999999   -0.00126881   0.000172837     0.0530725     0.0012678      0.999983    0.00571089      0.279702   -0.00018008   -0.00571067      0.999984      0.617678
     0.999999   -0.00154142   4.66848e-05     0.0476907    0.00154115      0.999985    0.00529089      0.298653  -5.48396e-05   -0.00529082      0.999986      0.572513
     0.999999   -0.00147515   0.000202857     0.0534353    0.00147391      0.999981    0.00598949      0.285601  -0.000211689   -0.00598919      0.999982      0.674155
     0.999999   -0.00126648   8.06306e-05     0.0498861    0.00126595       0.99998    0.00624117      0.264438  -8.85333e-05   -0.00624106      0.999981      0.638613
     0.999999   -0.00139813  -4.24475e-05     0.0432201    0.00139836       0.99998    0.00612709      0.267836   3.38802e-05   -0.00612714      0.999981      0.650904
     0.999999   -0.00142803  -5.20184e-05     0.0645446    0.00142833      0.999979    0.00636009      0.259166   4.29349e-05   -0.00636016       0.99998      0.665281
     0.999999   -0.00159934  -9.65686e-05     0.0777089     0.0015999       0.99998    0.00609628       0.26079   8.68166e-05   -0.00609643      0.999981      0.632203
     0.999999   -0.00153415  -0.000272037     0.0656964     0.0015358       0.99998    0.00618556       0.28067   0.000262542   -0.00618597      0.999981      0.609384
     0.999999   -0.00139269  -7.01259e-05     0.0691615     0.0013931      0.999979    0.00628893       0.28401    6.1366e-05   -0.00628902       0.99998      0.660417
     0.999999   -0.00152579   0.000119779     0.0720625    0.00152483       0.99997    0.00758216      0.290119  -0.000131345   -0.00758196      0.999971       0.70719
     0.999999   -0.00142067  -3.14794e-05     0.0598736    0.00142089      0.999963     0.0084375      0.276572   1.94913e-05   -0.00843754      0.999964      0.714706
     0.999999   -0.00120438   0.000433767     0.0583326    0.00120056      0.999962    0.00868287      0.262188  -0.000444208   -0.00868234      0.999962      0.735423
     0.999999   -0.00123747  -8.80095e-05     0.0485061    0.00123805      0.999975    0.00701403      0.291865   7.93276e-05   -0.00701413      0.999975      0.613664
     0.999999   -0.00119986  -0.000123006     0.0349772    0.00120065      0.999977    0.00661452      0.297754   0.000115067   -0.00661467      0.999978      0.630067
     0.999999   -0.00145456  -1.73282e-05     0.0464338    0.00145464      0.999978    0.00646019       0.29377    7.9311e-06    -0.0064602      0.999979      0.643589
     0.999999   -0.00155087   -1.4694e-05     0.0524797    0.00155093      0.999976    0.00678531      0.287281   4.17052e-06   -0.00678532      0.999977      0.667123
     0.999999   -0.00171488    0.00017976     0.0535217    0.00171362      0.999976    0.00677842      0.273039   -0.00019138    -0.0067781      0.999977      0.628035
     0.999998   -0.00190978   0.000211774     0.0513643    0.00190832      0.999976     0.0066906      0.291223  -0.000224547   -0.00669019      0.999978      0.665556
     0.999998   -0.00202596   0.000170492     0.0413587      0.002025      0.999983    0.00545666      0.268285  -0.000181544    -0.0054563      0.999985      0.596855
     0.999998   -0.00206467   0.000112904     0.0943142    0.00206415      0.999988    0.00440143      0.303546   -0.00012199   -0.00440119       0.99999      0.591701
     0.999999   -0.00169234   0.000262759     0.0662754    0.00169101      0.999986      0.004978      0.279397  -0.000271179   -0.00497755      0.999988      0.591178
     0.999999    -0.0015871   0.000102948     0.0547284     0.0015866      0.999988    0.00468423      0.277132  -0.000110381   -0.00468406      0.999989      0.565154
     0.999998   -0.00192602   0.000118721     0.0635698    0.00192532      0.999982    0.00564808      0.294538  -0.000129597   -0.00564784      0.999984      0.611096
     0.999998   -0.00175382    0.00029946      0.074915    0.00175236      0.999987    0.00479309      0.284586  -0.000307863   -0.00479256      0.999988      0.547659
     0.999998   -0.00187801   4.79191e-05     0.0755013    0.00187771      0.999982    0.00561432      0.301778   -5.8462e-05   -0.00561422      0.999984      0.597028
     0.999998   -0.00190221  -0.000380894     0.0770195    0.00190487      0.999973    0.00711877      0.278402   0.000367342   -0.00711948      0.999975      0.599065
     0.999998   -0.00190926  -0.000891833     0.0991751    0.00191623      0.999967    0.00787645      0.287386   0.000876766   -0.00787814      0.999969      0.681083
     0.999998    -0.0021648  -0.000254015     0.0624267    0.00216674      0.999966    0.00790853      0.284394   0.000236886   -0.00790906      0.999969      0.582548
     0.999997   -0.00231923   -0.00045937     0.0283347    0.00232245      0.999972    0.00713847      0.341287   0.000442801   -0.00713951      0.999974      0.541997
     0.999999   -0.00160586   0.000259727     0.0297776    0.00160392      0.999972    0.00728496      0.235043  -0.000271418   -0.00728453      0.999973      0.714807
     0.999999    -0.0016653   0.000394035     0.0463653    0.00166257      0.999975    0.00682418      0.276274  -0.000405389   -0.00682351      0.999977      0.624249
     0.999998   -0.00183284   0.000291203     0.0402883    0.00183085      0.999976    0.00668984      0.273511  -0.000303458    -0.0066893      0.999978      0.647351
     0.999998   -0.00192391   0.000194713     0.0630182    0.00192261      0.999977    0.00645891      0.283838  -0.000207135   -0.00645852      0.999979      0.658836
     0.999998   -0.00188588   0.000395929     0.0670235    0.00188325      0.999977    0.00654931      0.294932  -0.000408271   -0.00654856      0.999978      0.610764
     0.999998   -0.00180544   0.000655685      0.057697    0.00180127      0.999979    0.00629735       0.31738   -0.00066704   -0.00629616       0.99998      0.599366
     0.999998   -0.00188385   0.000425609     0.0622563    0.00188155      0.999984    0.00533554      0.329469  -0.000435654   -0.00533473      0.999986      0.533838
     0.999997   -0.00220061    0.00060669     0.0612573     0.0021974      0.999984    0.00524364      0.317439   -0.00061822    -0.0052423      0.999986      0.555298
     0.999997   -0.00228007   0.000970405     0.0459901    0.00227512      0.999985    0.00506831      0.314524  -0.000981946   -0.00506609      0.999987       0.51619
     0.999998   -0.00198133   0.000638729      0.055497    0.00197831      0.999987    0.00469214      0.341053  -0.000648017   -0.00469087      0.999989      0.512859
     0.999998   -0.00200562   0.000483677     0.0940782    0.00200436      0.999995    0.00260679      0.358865  -0.000488903   -0.00260582      0.999996      0.425202
     0.999997   -0.00229591   -6.4063e-06      0.111991    0.00229592      0.999996    0.00168145      0.331202   2.54581e-06   -0.00168146      0.999999      0.361837
     0.999997   -0.00227392   0.000521672     0.0822062    0.00227295      0.999996     0.0018484      0.313424  -0.000525873   -0.00184721      0.999998      0.429738
     0.999998   -0.00188955   0.000661325     0.0672954     0.0018883      0.999996    0.00188993      0.308418  -0.000664894   -0.00188868      0.999998      0.453939
     0.999998   -0.00202593    0.00048562     0.0781197    0.00202484      0.999995    0.00223684       0.31898  -0.000490149   -0.00223585      0.999997      0.463894
     0.999998   -0.00207211   0.000419172     0.0457534    0.00207108      0.999995    0.00245769      0.280664  -0.000424263   -0.00245682      0.999997      0.384309
     0.999998   -0.00189952   0.000215987      0.029439     0.0018989      0.999994     0.0028262       0.27648  -0.000221354   -0.00282579      0.999996      0.459048
     0.999999   -0.00170317   0.000241188     0.0362061    0.00170239      0.999993    0.00321923      0.298161  -0.000246669   -0.00321881      0.999995      0.522324
     0.999998   -0.00177167    0.00062265     0.0740853    0.00176961      0.999993    0.00329224      0.291465  -0.000628478   -0.00329114      0.999994      0.400557
     0.999998     -0.001881   0.000249256     0.0961582    0.00188005      0.999991    0.00377646      0.293425  -0.000256357   -0.00377598      0.999993      0.445034
     0.999998   -0.00187134   0.000289949      0.056035    0.00187016       0.99999    0.00401974      0.276934  -0.000297469   -0.00401919      0.999992      0.490197
     0.999998   -0.00181523   0.000549419     0.0376038    0.00181286      0.999989    0.00428171      0.271839  -0.000557185    -0.0042807      0.999991      0.459888
     0.999998   -0.00193569   0.000685224     0.0271674    0.00193287       0.99999    0.00410281      0.262207  -0.000693158   -0.00410148      0.999991      0.456077
     0.999998   -0.00198354   0.000805064     0.0166208    0.00198028       0.99999    0.00403416      0.267028  -0.000813058   -0.00403256      0.999992       0.45765
     0.999998   -0.00194896   0.000726628     0.0386904    0.00194625      0.999991    0.00370994      0.301418  -0.000733852   -0.00370852      0.999993      0.465101
     0.999998   -0.00198499   0.000670525     0.0423061    0.00198248      0.999991    0.00372497      0.288466  -0.000677913   -0.00372363      0.999993      0.493445
     0.999998   -0.00206393   0.000811659     0.0245486    0.00206113      0.999992    0.00343248      0.281013  -0.000818737   -0.00343079      0.999994      0.465589
     0.999998   -0.00203555   0.000793321     0.0131232     0.0020328      0.999992    0.00345807      0.319821  -0.000800354   -0.00345645      0.999994      0.473264
     0.999998   -0.00208048   0.000569991     0.0329889    0.00207794      0.999988    0.00442785      0.311701  -0.000579196   -0.00442665       0.99999      0.524958
     0.999998   -0.00210937   0.000725139     0.0254052    0.00210608      0.999988    0.00451083      0.270834  -0.000734645   -0.00450929       0.99999      0.466667
     0.999998   -0.00193061   0.000832368     0.0301594    0.00192682      0.999988    0.00453795      0.272957  -0.000841119   -0.00453633      0.999989      0.494817
     0.999998   -0.00165887    0.00107548     0.0360966     0.0016547      0.999991    0.00387022      0.299174   -0.00108189   -0.00386844      0.999992      0.477524
     0.999998   -0.00201711   0.000594357     0.0389656    0.00201488      0.999991    0.00371889      0.247921  -0.000601853   -0.00371769      0.999993      0.482211
     0.999998   -0.00207431   0.000384667     0.0542658    0.00207273       0.99999     0.0040679      0.340156  -0.000393101   -0.00406709      0.999992      0.532635
     0.999998   -0.00191551   0.000619729     0.0481847    0.00191275      0.999988     0.0044151      0.354296  -0.000628179    -0.0044139       0.99999      0.529989
     0.999998   -0.00192596   0.000505786     0.0446062    0.00192344      0.999986    0.00494245      0.309209  -0.000515298   -0.00494147      0.999988      0.533272
     0.999998    -0.0019601   0.000588782      0.040324    0.00195746      0.999988    0.00446216      0.292569  -0.000597521     -0.004461       0.99999      0.525189
     0.999998   -0.00179902   0.000378365     0.0258304    0.00179729      0.999988    0.00453804      0.294747  -0.000386524   -0.00453735       0.99999      0.534222
     0.999998   -0.00171314   0.000283612     0.0319853    0.00171185      0.999989    0.00447943      0.290198  -0.000291283   -0.00447894       0.99999       0.52834
     0.999998   -0.00184455   0.000320385     0.0465814    0.00184303      0.999987    0.00467906      0.294163  -0.000329012   -0.00467847      0.999989      0.495944
     0.999998   -0.00205298   0.000669754     0.0463076    0.00205011      0.999989    0.00426732      0.325564  -0.000678508   -0.00426593      0.999991      0.511437
     0.999998   -0.00203953   0.000817018     0.0458448    0.00203538      0.999985    0.00505108      0.287077  -0.000827308    -0.0050494      0.999987      0.533708
     0.999997   -0.00219707    0.00113707    0.00314126    0.00219052      0.999981    0.00572987      0.309573   -0.00114964   -0.00572736      0.999983      0.470118
     0.999998   -0.00193364    0.00098098    0.00852007    0.00192769       0.99998    0.00603104      0.280982  -0.000992622   -0.00602914      0.999981      0.534668
     0.999998   -0.00191226   0.000865006     0.0252721    0.00190746      0.999983    0.00551504       0.30189  -0.000875537   -0.00551338      0.999984      0.551859
     0.999998    -0.0018945   0.000839469     0.0294628    0.00188963      0.999982    0.00576449        0.3145  -0.000850374   -0.00576289      0.999983      0.537286
     0.999998    -0.0020037   0.000765388     0.0271437    0.00199922      0.999981    0.00580608      0.303784  -0.000777007   -0.00580454      0.999983      0.578882
     0.999998   -0.00200804   0.000737098     0.0297081    0.00200395      0.999983    0.00551178      0.302573  -0.000748154   -0.00551029      0.999985       0.53999
     0.999998   -0.00194442   0.000841376      0.029997    0.00193954      0.999982    0.00576314      0.306237  -0.000852566   -0.00576149      0.999983       0.53473
     0.999998   -0.00199493   0.000774512     0.0299953    0.00199049      0.999982    0.00568131      0.316907  -0.000785831   -0.00567975      0.999984      0.570454
     0.999998   -0.00207114   0.000801318     0.0331867    0.00206628       0.99998    0.00602454      0.303494  -0.000813779   -0.00602287      0.999982      0.591899
     0.999998   -0.00183831   0.000687016     0.0185204    0.00183401      0.999979    0.00621346      0.277427  -0.000698424   -0.00621218       0.99998      0.578958
     0.999998     -0.001887   0.000295527   -0.00156176    0.00188514      0.999979    0.00615731      0.305417  -0.000307139   -0.00615674      0.999981      0.591692
     0.999996   -0.00268405   0.000311181     0.0972718    0.00268224       0.99998    0.00569368      0.370753  -0.000326457   -0.00569282      0.999984      0.604928
     0.999998   -0.00211247  -8.20733e-05     0.0702279    0.00211295      0.999978    0.00634994      0.325533   6.86574e-05    -0.0063501       0.99998       0.65051
     0.999999   -0.00154743  -0.000262296     0.0267023    0.00154945      0.999968    0.00786981      0.275735    0.00025011   -0.00787021      0.999969      0.654628
     0.999999   -0.00118611   -0.00054494    0.00419152    0.00118976      0.999976    0.00676238      0.279116   0.000536906   -0.00676302      0.999977      0.632968
            1  -0.000891245  -0.000285214    0.00509252    0.00089306      0.999979    0.00642834      0.279555   0.000279479   -0.00642859      0.999979        0.6247
            1  -0.000184937   5.73924e-05     0.0159662   0.000184562      0.999979    0.00647376      0.268486  -5.85884e-05   -0.00647375      0.999979      0.592893
            1  -0.000887327  -5.67897e-05     0.0299552   0.000887657      0.999981    0.00610412      0.306614   5.13723e-05   -0.00610417      0.999981      0.621672
     0.999999   -0.00102671   0.000679795    -0.0298788    0.00102058      0.999959    0.00896253      0.152234  -0.000688969   -0.00896183       0.99996      0.778274
            1  -0.000319733  -0.000473949     0.0275172   0.000323247      0.999972    0.00743381     0.0391289   0.000471559   -0.00743396      0.999972      0.684335
     0.999998   -0.00111274   -0.00137945     0.0617823    0.00111608      0.999996    0.00242669      0.311104    0.00137674   -0.00242823      0.999996      0.909073
     0.999997   -0.00109213   -0.00201208     0.0757901    0.00109369      0.999999   0.000773365      0.406587    0.00201123  -0.000775564      0.999998        0.8951
     0.999998  -0.000872068   -0.00167639     0.0743207   0.000874155      0.999999    0.00124414      0.396431     0.0016753    -0.0012456      0.999998      0.771443
     0.999997  -0.000202102   -0.00260009      0.142686   0.000205798      0.999999    0.00142107      0.430358     0.0025998    -0.0014216      0.999996      0.651854
     0.999997   -0.00117292   -0.00214236      0.107295    0.00117654      0.999998    0.00169285       0.42991    0.00214037   -0.00169537      0.999996      0.739251
     0.999997   -0.00155994   -0.00176745      0.106257    0.00156404      0.999996    0.00232378      0.403057    0.00176382   -0.00232654      0.999996      0.876194
     0.999997   -0.00128266   -0.00202474       0.14573    0.00128729      0.999997    0.00228795      0.397266    0.00202179   -0.00229055      0.999995      0.854811
     0.999998   -0.00128908   -0.00130826      0.131364    0.00129221      0.999996    0.00239412      0.368585    0.00130517   -0.00239581      0.999996      0.801649
     0.999998   -0.00148693   -0.00134274      0.134727    0.00148971      0.999997    0.00206925       0.37007    0.00133966   -0.00207125      0.999997       0.77381
     0.999998   -0.00177983   -0.00111535      0.153193    0.00178218      0.999996    0.00211337      0.355773    0.00111158   -0.00211535      0.999997      0.764449
     0.999998   -0.00182514   -0.00112665      0.151885    0.00182794      0.999995    0.00248842      0.377559    0.00112211   -0.00249047      0.999996        0.7682
     0.999997    -0.0018675   -0.00134333      0.149547    0.00187201      0.999993    0.00335802      0.395304    0.00133705   -0.00336053      0.999993      0.840383
     0.999999   -0.00127017  -0.000597933      0.160424     0.0012724      0.999992    0.00374297      0.325103   0.000593174   -0.00374373      0.999993      0.842106
     0.999997   -0.00203737   -0.00132396      0.154339    0.00204117      0.999994    0.00287454      0.369403    0.00131809   -0.00287724      0.999995      0.870578
     0.999998   -0.00170978   -0.00109768      0.123187    0.00171331      0.999993    0.00322191      0.368359    0.00109216   -0.00322378      0.999994      0.901642
     0.999998   -0.00176113  -0.000919561      0.117537    0.00176431      0.999992    0.00347145      0.348885    0.00091344   -0.00347307      0.999994      0.903049
     0.999998   -0.00189108  -0.000810602      0.106065    0.00189444       0.99999     0.0041692      0.332684   0.000802709   -0.00417073      0.999991      0.878892
     0.999998   -0.00181625  -0.000547774     0.0693186    0.00181849       0.99999    0.00411295      0.350347   0.000540298   -0.00411394      0.999991      0.811801
     0.999998   -0.00148052  -0.000942164     0.0957819    0.00148374      0.999993     0.0034199      0.311969   0.000937094   -0.00342129      0.999994      0.726215
     0.999997   -0.00136406   -0.00197053      0.117473    0.00136708      0.999998    0.00153485      0.313485    0.00196843   -0.00153754      0.999997      0.640783
     0.999998   -0.00168396   -0.00118487      0.101701    0.00168464      0.999998    0.00057697      0.338963     0.0011839  -0.000578965      0.999999      0.659644
     0.999997   -0.00217076  -0.000765573      0.176154    0.00217171      0.999997    0.00124242      0.341534   0.000762873   -0.00124408      0.999999      0.657023
     0.999997   -0.00229363  -0.000454719      0.140387    0.00229453      0.999995    0.00199753      0.310516   0.000450135   -0.00199857      0.999998      0.660536
     0.999998   -0.00202301  -0.000438558      0.108998    0.00202405      0.999995    0.00237012      0.331053   0.000433761     -0.002371      0.999997      0.684321
     0.999998    -0.0017265  -0.000834441      0.110823    0.00172851      0.999996    0.00240474      0.340564   0.000830286   -0.00240618      0.999997       0.74266
     0.999997   -0.00201021   -0.00113872      0.114703    0.00201393      0.999993    0.00327396      0.332749    0.00113213   -0.00327625      0.999994      0.761332
     0.999996   -0.00245609   -0.00145925     0.0820232     0.0024624      0.999988    0.00434094      0.368346    0.00144857   -0.00434451       0.99999      0.742951
     0.999998   -0.00195807   -0.00101397     0.0862218    0.00195872      0.999998   0.000639664      0.337584    0.00101271  -0.000641649      0.999999      0.638196
     0.999997   -0.00227143  -0.000633973      0.100213    0.00227244      0.999996    0.00159038      0.324574   0.000630358   -0.00159181      0.999999      0.660954
     0.999997   -0.00228515   -0.00044213      0.082916    0.00228575      0.999996    0.00137693      0.380031   0.000438982   -0.00137793      0.999999      0.649209
     0.999997   -0.00221859  -0.000675589     0.0764939    0.00222016      0.999995    0.00233988      0.351974   0.000670394   -0.00234137      0.999997      0.710966
     0.999997   -0.00224924  -0.000683809     0.0899741    0.00225091      0.999994    0.00246221      0.350406   0.000678267   -0.00246375      0.999997      0.714175
     0.999997   -0.00226144  -0.000678126     0.0957696    0.00226308      0.999995    0.00241819      0.342848   0.000672654   -0.00241972      0.999997      0.731703
     0.999997   -0.00231742  -0.000752354     0.0990346     0.0023193      0.999994    0.00249793      0.315056   0.000746561   -0.00249967      0.999997      0.714141
     0.999998   -0.00155176  -0.000801437     0.0373852    0.00155348      0.999996    0.00215973      0.316735   0.000798083   -0.00216097      0.999997      0.659876
     0.999998   0.000255212   -0.00183401    -0.0376541  -0.000247709      0.999992    0.00409032      0.397806    0.00183504   -0.00408986       0.99999      0.692452
     0.999997  -0.000541177   -0.00234588     0.0306909   0.000549064      0.999994    0.00336284      0.382183    0.00234405   -0.00336412      0.999992      0.749073
     0.999999  -0.000949405  -0.000987252    0.00505303   0.000952339      0.999995      0.002975      0.281458   0.000984423   -0.00297594      0.999995      0.596016
     0.999999    -0.0009681   -0.00142438     0.0208528   0.000971786      0.999996    0.00258928      0.273918    0.00142187   -0.00259066      0.999996      0.598096
     0.999999   -0.00100442   -0.00139771     0.0122747    0.00100733      0.999997    0.00208971      0.302289    0.00139561   -0.00209112      0.999997       0.64636
     0.999999   -0.00114557   -0.00117597     0.0173605    0.00114849      0.999996    0.00248614      0.288042    0.00117312   -0.00248749      0.999996      0.641637
     0.999998   -0.00123315   -0.00126666     0.0106059     0.0012366      0.999996    0.00272255      0.292411     0.0012633   -0.00272411      0.999995      0.639344
