# 3dvolreg matrices (DICOM-to-DICOM, row-by-row):
     0.999997    -0.0010334    0.00222361      0.166822    0.00102629      0.999994    0.00319417      0.309383    -0.0022269   -0.00319188      0.999992     0.0223916
     0.999997   -0.00110948    0.00228417      0.164808    0.00110376      0.999996    0.00250484      0.308372   -0.00228694   -0.00250231      0.999994    -0.0393369
     0.999997   -0.00113854    0.00207173      0.164007    0.00113189      0.999994    0.00320988      0.339581   -0.00207537   -0.00320752      0.999993    -0.0242213
     0.999997   -0.00109385    0.00199772      0.183117    0.00108925      0.999997    0.00230071      0.286935   -0.00200023   -0.00229852      0.999995    -0.0587787
     0.999998   -0.00112303    0.00169608        0.1626    0.00111745      0.999994    0.00329117      0.328313   -0.00169977   -0.00328926      0.999993    -0.0242475
     0.999997   -0.00101104    0.00203443      0.173735    0.00100591      0.999996    0.00251891      0.315052   -0.00203697   -0.00251686      0.999995    -0.0501436
     0.999996   -0.00065627    0.00261278       0.16859   0.000648306      0.999995    0.00304787      0.259862   -0.00261477   -0.00304617      0.999992    0.00844694
     0.999996  -0.000537591    0.00271662      0.168127   0.000528243      0.999994    0.00344056      0.395773   -0.00271845   -0.00343912       0.99999    -0.0262897
     0.999996  -0.000340366    0.00288765      0.183428    0.00032952      0.999993    0.00375543      0.222119   -0.00288891   -0.00375446      0.999989    -0.0211322
     0.999996  -0.000604763    0.00264314      0.163788   0.000594715      0.999993    0.00380068      0.382868   -0.00264542    -0.0037991      0.999989    -0.0261358
     0.999996   -0.00050242    0.00273484      0.171793   0.000492155      0.999993    0.00375276      0.227959   -0.00273671    -0.0037514      0.999989    -0.0245015
     0.999996  -0.000517125    0.00285999      0.177285   0.000506024      0.999992    0.00388066      0.344733   -0.00286197    -0.0038792      0.999988    -0.0109062
     0.999995  -0.000577357    0.00303483      0.165947   0.000566769      0.999994     0.0034886      0.291289   -0.00303683   -0.00348687      0.999989    -0.0291151
     0.999996  -0.000685897    0.00288284      0.164591   0.000675806      0.999994    0.00349969      0.261235   -0.00288522   -0.00349773       0.99999      0.026477
     0.999995  -0.000737815    0.00293467      0.150248   0.000728848      0.999995    0.00305561      0.385935   -0.00293691   -0.00305346      0.999991    -0.0148686
     0.999996  -0.000675403    0.00290343      0.173405    0.00066428      0.999992    0.00383015      0.188918   -0.00290599   -0.00382821      0.999988     0.0147047
     0.999996   -0.00132141    0.00246438      0.141293    0.00131431      0.999995    0.00288102      0.399826   -0.00246817   -0.00287777      0.999993     0.0671339
     0.999995   -0.00200494    0.00243012       0.11962    0.00199868      0.999995    0.00257556      0.254253   -0.00243527   -0.00257069      0.999994     0.0484953
     0.999994   -0.00151766    0.00306237      0.138365     0.0015088      0.999995    0.00289291      0.389979   -0.00306675   -0.00288827      0.999991     0.0105211
     0.999993   -0.00169231      0.003309      0.126772    0.00168315      0.999995    0.00276924      0.278249   -0.00331367   -0.00276365      0.999991    0.00442345
     0.999992   -0.00159433    0.00362375      0.112105    0.00158277      0.999994    0.00319139      0.288389   -0.00362881   -0.00318563      0.999988     0.0379574
     0.999992   -0.00179113     0.0036745      0.103893    0.00178051      0.999994    0.00289135       0.36877   -0.00367966   -0.00288478      0.999989    -0.0188409
     0.999991   -0.00162999    0.00380803      0.110259    0.00161652      0.999992    0.00353899      0.220223   -0.00381377    -0.0035328      0.999986     0.0218444
     0.999991   -0.00172478    0.00377829      0.087919    0.00171238      0.999993    0.00328347      0.396963   -0.00378393   -0.00327698      0.999987     0.0309086
     0.999991   -0.00200256    0.00378766     0.0882655    0.00198958      0.999992    0.00342577      0.247924   -0.00379449    -0.0034182      0.999987      0.013023
     0.999992   -0.00199486    0.00360825      0.098157    0.00198198      0.999992    0.00357097      0.375314   -0.00361534   -0.00356379      0.999987     0.0154383
     0.999991   -0.00234607    0.00366326     0.0866718    0.00233358      0.999991    0.00340893       0.29144   -0.00367123   -0.00340035      0.999987    -0.0511605
     0.999991   -0.00216661    0.00377773      0.086811    0.00215353      0.999992    0.00346319      0.303691   -0.00378521   -0.00345502      0.999987      0.017863
     0.999989   -0.00199195    0.00419182     0.0862003    0.00197621      0.999991    0.00375605      0.337306   -0.00419927   -0.00374772      0.999984    -0.0242365
     0.999989   -0.00209836    0.00430432     0.0745588    0.00208137       0.99999    0.00394699      0.210832   -0.00431256   -0.00393799      0.999983    0.00990648
     0.999989   -0.00216354    0.00413131     0.0687381     0.0021462      0.999989    0.00419661        0.3791   -0.00414034    -0.0041877      0.999983   -0.00655523
     0.999989   -0.00217801    0.00416961     0.0695346      0.002162       0.99999    0.00384088      0.202191   -0.00417794   -0.00383182      0.999984     0.0371718
     0.999989   -0.00219184    0.00421359     0.0719289    0.00217571       0.99999    0.00383041      0.399303   -0.00422194    -0.0038212      0.999984     0.0206228
     0.999988   -0.00228491    0.00424863     0.0544055    0.00226831       0.99999     0.0039077      0.200222   -0.00425752   -0.00389802      0.999983     0.0331961
     0.999988   -0.00226282    0.00427108     0.0613313     0.0022493      0.999992     0.0031684      0.361713   -0.00427822   -0.00315876      0.999986     0.0253629
     0.999987   -0.00233138    0.00444375     0.0659878    0.00231425       0.99999    0.00385675      0.263756    -0.0044527   -0.00384642      0.999983    -0.0215935
     0.999988   -0.00211472    0.00442078     0.0650618    0.00209597      0.999989    0.00424102      0.306944   -0.00442969    -0.0042317      0.999981     0.0265671
     0.999988   -0.00221612    0.00431775     0.0634414    0.00219748      0.999988    0.00431688      0.314612   -0.00432727   -0.00430734      0.999981   -0.00488487
     0.999988   -0.00228255    0.00441526       0.06866    0.00226185      0.999986    0.00468769      0.221931    -0.0044259   -0.00467764      0.999979     0.0300648
     0.999987   -0.00242976    0.00445798     0.0500019    0.00240896      0.999986    0.00466657      0.401259   -0.00446926   -0.00465577      0.999979    -0.0398703
     0.999987    -0.0026618    0.00437798     0.0477243    0.00263935      0.999983    0.00512634      0.204419   -0.00439155   -0.00511472      0.999977     -0.038571
     0.999986   -0.00251893    0.00469815     0.0541987    0.00249669      0.999986    0.00473218      0.349766      -0.00471   -0.00472038      0.999978    -0.0568887
     0.999983   -0.00261572    0.00529318     0.0291069    0.00258999      0.999985     0.0048637      0.205953   -0.00530582   -0.00484991      0.999974    -0.0510072
     0.999999  -0.000826282    0.00115843      0.178197   0.000822213      0.999994    0.00350858      0.342735   -0.00116132   -0.00350763      0.999993     0.0514518
            1  -0.000512203   0.000792404      0.222216   0.000509707      0.999995    0.00314698      0.337647  -0.000794012   -0.00314657      0.999995     0.0240405
            1   -0.00059361   0.000768123        0.2025    0.00059098      0.999994    0.00341997      0.251102  -0.000770148   -0.00341952      0.999994     0.0818428
            1  -0.000606615   0.000670921      0.223095   0.000604533      0.999995    0.00309907      0.410535  -0.000672798   -0.00309866      0.999995     0.0121537
            1  -0.000511277   0.000817476      0.228844   0.000508827      0.999995    0.00299428      0.220432  -0.000819003   -0.00299387      0.999995     0.0468399
            1  -0.000687399   0.000701509      0.215122   0.000685691      0.999997    0.00243236      0.396716  -0.000703179   -0.00243188      0.999997     -0.023399
     0.999999  -0.000626294   0.000850803      0.215483   0.000623534      0.999995     0.0032402      0.197843  -0.000852827   -0.00323967      0.999994     0.0206629
            1  -0.000360506   0.000773865      0.237583   0.000358091      0.999995     0.0031198      0.398395  -0.000774986   -0.00311952      0.999995   -0.00342079
     0.999999  -0.000501206   0.000947318      0.216196   0.000497991      0.999994    0.00339133      0.209671  -0.000949012   -0.00339086      0.999994     0.0157064
     0.999999  -0.000517703   0.000954236      0.221829   0.000514345      0.999994    0.00351509      0.325974   -0.00095605   -0.00351459      0.999993     0.0431228
     0.999999  -0.000307794    0.00107885      0.213816   0.000304244      0.999995    0.00328968       0.29696   -0.00107986   -0.00328935      0.999994    0.00400782
     0.999999  -0.000493242   0.000913262      0.224166   0.000490024      0.999994    0.00352088      0.280818  -0.000914993   -0.00352043      0.999993     0.0204281
     0.999999  -0.000391928    0.00117125      0.217659    0.00038818      0.999995     0.0031989      0.382322    -0.0011725   -0.00319844      0.999994    -0.0172079
     0.999999  -0.000342668    0.00151172      0.200214   0.000337859      0.999995    0.00318075       0.24259    -0.0015128   -0.00318024      0.999994     0.0195021
     0.999999  -0.000279773    0.00151765      0.216926   0.000275051      0.999995    0.00311044      0.382828   -0.00151852   -0.00311002      0.999994     0.0276849
     0.999999  -0.000448974    0.00138556      0.207384    0.00044498      0.999996    0.00288196      0.276076   -0.00138685   -0.00288134      0.999995    0.00112646
     0.999999  -0.000431688    0.00125658      0.220412   0.000427859      0.999995    0.00304587      0.311594   -0.00125789   -0.00304533      0.999995     0.0415109
     0.999999  -0.000297261    0.00154655      0.216101   0.000292968      0.999996    0.00277567      0.289912   -0.00154737   -0.00277521      0.999995     0.0281365
     0.999999  -0.000214258    0.00163865      0.208581   0.000209549      0.999996    0.00287324       0.32068   -0.00163926   -0.00287289      0.999995     0.0631666
     0.999998  -0.000290153     0.0018003      0.188735   0.000286252      0.999998     0.0021668      0.353499   -0.00180092   -0.00216628      0.999996     0.0533158
     0.999999  -0.000579245    0.00131845      0.181195   0.000576907      0.999998    0.00177327      0.238792   -0.00131948   -0.00177251      0.999998      0.141864
     0.999999  -0.000435638    0.00140278      0.220144   0.000433449      0.999999     0.0015601      0.474371   -0.00140346   -0.00155949      0.999998     0.0672199
     0.999999  -0.000376997    0.00151244      0.208436   0.000373725      0.999998    0.00216365      0.239866   -0.00151325   -0.00216309      0.999997      0.094522
     0.999998  -0.000314068    0.00174764      0.201598   0.000310577      0.999998    0.00199732      0.439551   -0.00174826   -0.00199678      0.999996     0.0360607
     0.999998  -0.000537752    0.00197651      0.191253   0.000531858      0.999995    0.00298122      0.215191    -0.0019781   -0.00298016      0.999994      0.054614
     0.999998  -0.000514097     0.0018497      0.198343   0.000509684      0.999997    0.00238546      0.427536   -0.00185092   -0.00238451      0.999995     -0.023028
     0.999998  -0.000835885    0.00162279      0.185466   0.000831245      0.999996    0.00285802      0.225816   -0.00162517   -0.00285667      0.999995     0.0176393
     0.999999  -0.000751937    0.00151933      0.185104   0.000748178      0.999997     0.0024732      0.457265   -0.00152118   -0.00247206      0.999996    -0.0117789
     0.999999  -0.000869884    0.00147157      0.187399   0.000865924      0.999996    0.00268972      0.243368    -0.0014739   -0.00268844      0.999995     0.0226032
     0.999998  -0.000917441    0.00150066      0.187731   0.000913765      0.999997    0.00244829      0.397622    -0.0015029   -0.00244691      0.999996      0.039892
     0.999998  -0.000915322    0.00197675      0.179622   0.000910671      0.999997     0.0023527      0.284917    -0.0019789    -0.0023509      0.999995  -0.000886758
     0.999998  -0.000980727    0.00198069      0.171692   0.000975502      0.999996    0.00263722       0.32415   -0.00198327   -0.00263528      0.999995     0.0603029
     0.999998   -0.00111813    0.00151147      0.146827      0.001115      0.999997     0.0020664      0.382942   -0.00151378   -0.00206471      0.999997     0.0565571
     0.999998   -0.00135392    0.00117366      0.175859    0.00135148      0.999997    0.00208199       0.27121   -0.00117648    -0.0020804      0.999997     0.0777746
     0.999998   -0.00119649    0.00151674      0.178779     0.0011935      0.999997     0.0019694      0.460497   -0.00151909   -0.00196758      0.999997     0.0661601
     0.999998   -0.00125156    0.00121236      0.165124    0.00124854      0.999996    0.00249033      0.206459   -0.00121547   -0.00248881      0.999996      0.092284
     0.999999   -0.00117779   0.000942262      0.204083    0.00117601      0.999998    0.00188288      0.461779  -0.000944478   -0.00188177      0.999998    -0.0467358
     0.999999   -0.00134462   0.000742131      0.190907    0.00134274      0.999996    0.00252274      0.234108   -0.00074552   -0.00252174      0.999997    0.00749993
     0.999999   -0.00113999   0.000611333      0.197679    0.00113857      0.999997    0.00230972      0.451474  -0.000613964   -0.00230903      0.999997    -0.0497464
     0.999999   -0.00119961   0.000805233        0.1933    0.00119749      0.999996    0.00262612      0.223651   -0.00080838   -0.00262515      0.999996   -0.00121744
     0.999999   -0.00115239    0.00110043      0.202039    0.00114978      0.999997    0.00237718      0.424068   -0.00110316   -0.00237591      0.999997    -0.0379058
     0.999999   -0.00133873   0.000996282      0.177354    0.00133627      0.999996    0.00246177      0.224123  -0.000999574   -0.00246044      0.999996   -0.00418075
     0.999999    -0.0013186   0.000676685      0.187394    0.00131717      0.999997    0.00211422      0.450326   -0.00067947   -0.00211333      0.999998    -0.0395362
     0.999999   -0.00131899   0.000625339      0.180605    0.00131746      0.999996     0.0024351       0.25641  -0.000628549   -0.00243427      0.999997     -0.051062
     0.999999   -0.00129759   0.000593157      0.197179    0.00129622      0.999997    0.00230315       0.40238  -0.000596144   -0.00230238      0.999997    -0.0407599
     0.999999   -0.00130599   0.000870434       0.19293    0.00130424      0.999997    0.00200876      0.299621  -0.000873055   -0.00200762      0.999998    -0.0374685
     0.999999   -0.00155439    0.00044168      0.170199    0.00155343      0.999996    0.00215343      0.309308  -0.000445025   -0.00215274      0.999998     0.0525787
     0.999999   -0.00148255   0.000586041      0.179469    0.00148128      0.999997    0.00216039      0.398505  -0.000589242   -0.00215952      0.999997    -0.0304933
     0.999999   -0.00163028   0.000575448      0.166985    0.00162878      0.999995    0.00260534      0.256274  -0.000579693    -0.0026044      0.999996   -0.00843373
     0.999999   -0.00136434   0.000471705      0.198457    0.00136332      0.999997    0.00215941      0.415287   -0.00047465   -0.00215876      0.999998    -0.0574514
     0.999998   -0.00166184   0.000488364      0.184848    0.00166062      0.999995    0.00249926      0.228054  -0.000492515   -0.00249845      0.999997    -0.0202428
     0.999999   -0.00151349   0.000602347      0.187192    0.00151221      0.999997    0.00211395      0.408373  -0.000605544   -0.00211303      0.999998    -0.0413734
     0.999998   -0.00162771   0.000742209      0.169835    0.00162598      0.999996    0.00232503      0.269453  -0.000745991   -0.00232382      0.999997    -0.0512636
     0.999999   -0.00150116   0.000454541      0.176216    0.00149993      0.999995    0.00269475      0.336314  -0.000458584   -0.00269407      0.999996     0.0120574
     0.999999   -0.00144035   0.000714192      0.196766    0.00143862      0.999996    0.00241401      0.332402  -0.000717666   -0.00241298      0.999997     -0.061545
     0.999998   -0.00155847   0.000765103      0.176328    0.00155616      0.999994    0.00300328      0.234196  -0.000769779   -0.00300208      0.999995    0.00122207
     0.999998    -0.0017505   0.000690367      0.180225    0.00174883      0.999996    0.00241137      0.419977  -0.000694585   -0.00241016      0.999997    -0.0541301
     0.999998   -0.00190347   0.000521729      0.161754    0.00190196      0.999994    0.00288473      0.251383  -0.000527217   -0.00288374      0.999996    -0.0320833
     0.999998   -0.00194852   0.000222159      0.172847    0.00194787      0.999994    0.00290528      0.424895  -0.000227818   -0.00290484      0.999996    -0.0513206
     0.999998   -0.00200951    0.00029511      0.168878    0.00200865      0.999994    0.00289243      0.282813  -0.000300921   -0.00289183      0.999996    -0.0613062
     0.999998   -0.00198206   0.000472873      0.167156     0.0019806      0.999993    0.00306798      0.310244  -0.000478951   -0.00306704      0.999995     0.0036125
     0.999998   -0.00192794  -5.32859e-05      0.177174    0.00192807      0.999995    0.00238241      0.397455   4.86925e-05    -0.0023825      0.999997    -0.0346091
     0.999998   -0.00202982  -4.44251e-05      0.178842    0.00202994      0.999994    0.00271723      0.237916   3.89094e-05   -0.00271731      0.999996  -0.000106584
     0.999998   -0.00181177    0.00023332      0.192807    0.00181121      0.999996    0.00237356      0.435106  -0.000237619   -0.00237314      0.999997    -0.0580035
     0.999998   -0.00211181   0.000381716      0.171774    0.00211078      0.999994    0.00267317      0.203609  -0.000387359   -0.00267236      0.999996    -0.0287701
     0.999998   -0.00188336   0.000613783      0.177048    0.00188222      0.999997    0.00185196      0.416962  -0.000617269    -0.0018508      0.999998    -0.0630202
     0.999998   -0.00195499   0.000506841      0.153055    0.00195369      0.999995    0.00254195      0.263049  -0.000511808   -0.00254096      0.999997    -0.0452584
     0.999998   -0.00194806   0.000488839      0.164972    0.00194669      0.999994    0.00278564      0.366816  -0.000494263   -0.00278468      0.999996   0.000567485
     0.999998   -0.00215055   0.000558005      0.172907    0.00214916      0.999995    0.00248222      0.336374   -0.00056334   -0.00248101      0.999997    -0.0385342
     0.999997   -0.00231786   0.000282422      0.142071    0.00231696      0.999992    0.00314522      0.298287   -0.00028971   -0.00314455      0.999995    0.00293385
     0.999997   -0.00225091   0.000277095      0.156833     0.0022502      0.999994    0.00253666      0.404613  -0.000282803   -0.00253603      0.999997    -0.0374802
     0.999997   -0.00236212   0.000126473      0.147774    0.00236182      0.999994    0.00235484      0.244611  -0.000132035   -0.00235453      0.999997     -0.010569
     0.999997   -0.00244994   0.000502425       0.16752    0.00244877      0.999994    0.00232595      0.422096  -0.000508121   -0.00232472      0.999997   -0.00348653
     0.999996   -0.00259751   0.000547683      0.142264    0.00259641      0.999995    0.00200016      0.304458  -0.000552876   -0.00199873      0.999998    -0.0450441
     0.999996   -0.00285871   3.74218e-05      0.141418    0.00285864      0.999994    0.00181417      0.347628  -4.26077e-05   -0.00181405      0.999998     0.0125562
     0.999996   -0.00280528   0.000249241      0.139289    0.00280491      0.999995    0.00144845      0.393852  -0.000253303   -0.00144775      0.999999    -0.0282064
     0.999996   -0.00286971   0.000507895      0.126455    0.00286873      0.999994    0.00191909      0.279451  -0.000513399   -0.00191762      0.999998      0.005944
     0.999996   -0.00289279    0.00036322      0.139385    0.00289227      0.999995    0.00140839      0.436217  -0.000367292   -0.00140733      0.999999     0.0210529
     0.999995   -0.00301188   0.000270535      0.131629    0.00301151      0.999995    0.00136165      0.282322  -0.000274635   -0.00136083      0.999999    0.00526971
     0.999995     -0.003034    0.00032425      0.136206     0.0030336      0.999995    0.00123183      0.409619  -0.000327986   -0.00123084      0.999999     0.0302685
     0.999996   -0.00290175   0.000359819      0.130601    0.00290141      0.999995   0.000955549      0.358828   -0.00036259  -0.000954501      0.999999    -0.0110264
     0.999996   -0.00290922   0.000543382      0.134795    0.00290868      0.999995   0.000992234      0.314594  -0.000546266   -0.00099065      0.999999     0.0247004
     0.999995   -0.00298212   0.000788709      0.123569    0.00298095      0.999994    0.00147689      0.424957  -0.000793108   -0.00147454      0.999999    -0.0261843
     0.999995   -0.00293077    0.00069279       0.12293    0.00292973      0.999995    0.00149646      0.259051  -0.000697172   -0.00149442      0.999999    -0.0187884
     0.999995   -0.00297737   0.000737298      0.119032    0.00297673      0.999995   0.000865918      0.471819  -0.000739873  -0.000863719      0.999999    -0.0331149
     0.999995   -0.00306943   0.000608376       0.11845     0.0030688      0.999995    0.00104948      0.322706  -0.000611595   -0.00104761      0.999999    -0.0742632
     0.999995    -0.0031836   0.000131107      0.120251    0.00318342      0.999994    0.00136279      0.373168  -0.000135445   -0.00136236      0.999999    -0.0243152
     0.999995   -0.00309665   0.000537817      0.132138    0.00309587      0.999994    0.00144679      0.404111  -0.000542294   -0.00144512      0.999999    -0.0749162
     0.999995   -0.00307212   0.000740317      0.110111    0.00307081      0.999994    0.00175183       0.24951  -0.000745694   -0.00174955      0.999998    0.00301311
     0.999995   -0.00306957   0.000414946      0.123512    0.00306898      0.999994    0.00142007      0.458344  -0.000419302   -0.00141879      0.999999    -0.0256429
     0.999996    -0.0029392   0.000474941      0.128546     0.0029383      0.999994    0.00189065      0.241744  -0.000480495   -0.00188925      0.999998    -0.0323933
     0.999995   -0.00309232   0.000302013       0.13177    0.00309193      0.999994    0.00126058      0.438096   -0.00030591   -0.00125964      0.999999     -0.025213
     0.999995   -0.00308485   0.000233321      0.120525    0.00308448      0.999994    0.00155551      0.307861  -0.000238119   -0.00155478      0.999999    -0.0402662
     0.999995   -0.00314885   1.74404e-05      0.114078    0.00314881      0.999993    0.00222367      0.357431  -2.44423e-05   -0.00222361      0.999998     0.0119099
     0.999995   -0.00319139   0.000219347      0.144706    0.00319109      0.999994    0.00132343      0.364081  -0.000223569   -0.00132272      0.999999    -0.0690882
     0.999995   -0.00305477   0.000549373      0.119015    0.00305375      0.999994    0.00184286      0.305324  -0.000554999   -0.00184118      0.999998    -0.0301347
     0.999996    -0.0027902   0.000543808      0.126409    0.00278922      0.999994    0.00179497      0.451652  -0.000548813   -0.00179345      0.999998     -0.055472
     0.999996   -0.00265554   0.000743844      0.131373    0.00265379      0.999994    0.00234345      0.242609  -0.000750062   -0.00234147      0.999997    -0.0309351
     0.999996   -0.00260385   0.000505178      0.126467    0.00260254      0.999993    0.00258468      0.414063  -0.000511905   -0.00258335      0.999997    -0.0206229
     0.999997    -0.0025078   0.000553762      0.145359    0.00250671      0.999995     0.0019634      0.271181  -0.000558683     -0.001962      0.999998    -0.0794633
     0.999997   -0.00251439   0.000468848      0.143888    0.00251326      0.999994     0.0024016      0.362841  -0.000474884   -0.00240042      0.999997    -0.0444684
     0.999997   -0.00248612   0.000599335      0.162069    0.00248499      0.999995    0.00188539       0.38733  -0.000604019   -0.00188389      0.999998     -0.114089
     0.999996   -0.00267078   0.000866535       0.12954     0.0026689      0.999994    0.00216297      0.258644  -0.000872306   -0.00216065      0.999997    -0.0580926
     0.999996   -0.00259683    0.00109258       0.14085    0.00259457      0.999994    0.00206788      0.442869   -0.00109794   -0.00206504      0.999997    -0.0611104
     0.999996   -0.00263803    0.00128487      0.128321    0.00263529      0.999994    0.00212765      0.287457   -0.00129048   -0.00212425      0.999997    -0.0678463
     0.999996   -0.00274157    0.00103293      0.119162     0.0027389      0.999993    0.00257039      0.351235   -0.00103997   -0.00256755      0.999996    -0.0383798
     0.999995   -0.00293323    0.00076334      0.130147    0.00293227      0.999995    0.00125469      0.374456  -0.000767017   -0.00125244      0.999999    -0.0836791
     0.999995   -0.00311656   0.000683534      0.110521    0.00311551      0.999994    0.00152423      0.286638  -0.000688281    -0.0015221      0.999999    -0.0665103
     0.999995   -0.00321397   0.000754569      0.127322    0.00321285      0.999994    0.00147663      0.460445  -0.000759311   -0.00147419      0.999999    -0.0991589
     0.999994   -0.00327173    0.00103436      0.115609    0.00327069      0.999994   0.000998281      0.257882   -0.00103762  -0.000994892      0.999999     -0.108379
     0.999994   -0.00327073    0.00105832      0.105347     0.0032692      0.999994    0.00143892       0.37625   -0.00106302   -0.00143545      0.999998    -0.0783124
     0.999994   -0.00312044    0.00130893      0.108173    0.00311802      0.999993    0.00184681      0.372476   -0.00131468   -0.00184272      0.999997     -0.136574
     0.999994   -0.00304202    0.00157787      0.113178    0.00303825      0.999993    0.00238444      0.269551   -0.00158512   -0.00237963      0.999996    -0.0994501
     0.999995   -0.00288689    0.00156859     0.0988216    0.00288303      0.999993    0.00246051      0.411757   -0.00157568   -0.00245598      0.999996    -0.0875053
     0.999994   -0.00297864    0.00152483     0.0991979    0.00297528      0.999993    0.00219673      0.290598   -0.00153136   -0.00219218      0.999996     -0.123535
     0.999995   -0.00293919    0.00151574      0.107774    0.00293577      0.999993    0.00225235      0.373542   -0.00152235   -0.00224789      0.999996    -0.0848701
     0.999995   -0.00282772    0.00140376      0.106149    0.00282467      0.999994    0.00217302      0.372601    -0.0014099   -0.00216905      0.999997     -0.106764
     0.999995   -0.00293297    0.00115623      0.100302    0.00293066      0.999994    0.00199241      0.279361   -0.00116207   -0.00198901      0.999997    -0.0723204
     0.999995    -0.0030699    0.00105451       0.12267    0.00306801      0.999994    0.00178565      0.453708   -0.00105998    -0.0017824      0.999998     -0.100876
     0.999994   -0.00314075    0.00129284      0.103831    0.00313873      0.999994    0.00156352      0.255723   -0.00129774   -0.00155946      0.999998    -0.0863484
     0.999994   -0.00325609   0.000863647      0.102329    0.00325493      0.999994     0.0013414       0.44047  -0.000868009   -0.00133858      0.999999    -0.0670658
     0.999994   -0.00335545   0.000857655      0.113404    0.00335436      0.999994    0.00126717      0.288016  -0.000861902   -0.00126428      0.999999    -0.0802586
     0.999994   -0.00335051   0.000654109       0.10957    0.00334983      0.999994    0.00103878      0.393482  -0.000657585   -0.00103659      0.999999    -0.0464557
     0.999994   -0.00332628   0.000688638       0.11306    0.00332558      0.999994    0.00101641      0.346448  -0.000692015   -0.00101411      0.999999    -0.0788287
     0.999994   -0.00347229   0.000798083      0.103702     0.0034715      0.999993   0.000994035      0.330733  -0.000801529  -0.000991258      0.999999    -0.0135218
     0.999994    -0.0033452   0.000953104       0.10232    0.00334447      0.999994   0.000768499      0.428676  -0.000955669  -0.000765306      0.999999     -0.127103
     0.999994   -0.00340773   0.000918072      0.101936    0.00340667      0.999994    0.00114355      0.298605  -0.000921963   -0.00114041      0.999999    -0.0658405
     0.999994   -0.00349215   0.000872507      0.107558    0.00349164      0.999994    0.00058562      0.446834  -0.000874547   -0.00058257      0.999999    -0.0947847
     0.999993   -0.00368672   0.000957011      0.087294    0.00368604      0.999993   0.000720346      0.304633   -0.00095966  -0.000716813      0.999999     -0.069106
     0.999993   -0.00351077    0.00103318     0.0827854    0.00350958      0.999993    0.00114309      0.461109   -0.00103718   -0.00113946      0.999999    -0.0754558
     0.999993   -0.00359866   0.000985529      0.085407    0.00359767      0.999993    0.00100033      0.320174  -0.000989122  -0.000996774      0.999999    -0.0769461
     0.999993   -0.00370185   0.000832593     0.0823115    0.00370106      0.999993   0.000942703      0.419916  -0.000836077  -0.000939615      0.999999    -0.0612726
     0.999993   -0.00368456     0.0011613     0.0954367    0.00368385      0.999993   0.000609265      0.333965   -0.00116354  -0.000604982      0.999999     -0.108485
     0.999992   -0.00389628   0.000968611     0.0724426    0.00389543      0.999992   0.000876148       0.36684  -0.000972017  -0.000872368      0.999999    -0.0384998
     0.999992   -0.00403214   0.000728957      0.079274    0.00403201      0.999992   0.000180869      0.408853   -0.00072968  -0.000177928             1    -0.0613527
     0.999998  -0.000674586    0.00199911      0.179375   0.000666414      0.999991    0.00408556      0.205137   -0.00200184   -0.00408421       0.99999      0.142405
