# 3dvolreg matrices (DICOM-to-DICOM, row-by-row):
            1   0.000144496  -0.000153068    0.00694209  -0.000144467             1   0.000189396    -0.0109871   0.000153095  -0.000189374             1     0.0855997
            1   9.70502e-05   2.15399e-05    0.00708315  -9.70528e-05             1   0.000119378    -0.0196655  -2.15284e-05   -0.00011938             1   0.000231652
            1   6.08527e-11  -8.94831e-11   2.72793e-09  -6.08527e-11             1  -2.88868e-11   7.25822e-09   8.94831e-11   2.88868e-11             1  -7.76313e-09
            1  -0.000110414   0.000160101     -0.010681   0.000110414             1   1.07035e-06     0.0272282  -0.000160101  -1.05267e-06             1    -0.0411326
            1    8.9727e-05   0.000179859    0.00636735  -8.97606e-05             1   0.000186533    -0.0643745  -0.000179842  -0.000186549             1     0.0244502
            1    5.8352e-05   0.000497927   -0.00687024  -5.84625e-05             1   0.000221895      0.067773  -0.000497914  -0.000221924             1    -0.0101697
            1   -2.7533e-05   0.000556828    -0.0088473   2.72645e-05             1   0.000482167    -0.0817416  -0.000556841  -0.000482152             1    0.00917492
            1  -0.000133614   0.000523879    -0.0200366   0.000133292             1   0.000613804    0.00875916  -0.000523961  -0.000613735             1     0.0171064
            1  -0.000189757    0.00083779    -0.0361906   0.000188908      0.999999    0.00101309    0.00530186  -0.000837982   -0.00101293      0.999999    0.00196468
     0.999999  -0.000164696    0.00101325     -0.025729   0.000163279      0.999999    0.00139805    -0.0491171   -0.00101348   -0.00139788      0.999999  -0.000767079
     0.999999  -0.000296036    0.00143082    -0.0289295   0.000293623      0.999999    0.00168593     0.0309213   -0.00143132   -0.00168551      0.999998    -0.0218377
     0.999998  -0.000193471    0.00172262    -0.0476642   0.000190798      0.999999     0.0015515      -0.04946   -0.00172292   -0.00155117      0.999997    -0.0335946
     0.999999  -6.84591e-05    0.00139334    -0.0453271   6.61044e-05      0.999999    0.00168989    -0.0260568   -0.00139345    -0.0016898      0.999998     0.0258494
     0.999999  -0.000226503    0.00136985    -0.0395699   0.000224188      0.999999    0.00168942     0.0357088   -0.00137023   -0.00168911      0.999998     0.0166542
     0.999999  -0.000118296    0.00170109     -0.044877   0.000115995      0.999999    0.00135296    -0.0995558   -0.00170125   -0.00135276      0.999998     0.0446445
     0.999999  -0.000186933    0.00160997    -0.0501435   0.000185077      0.999999    0.00115261   -0.00659189   -0.00161019   -0.00115231      0.999998     0.0680492
     0.999999  -0.000320883    0.00153213    -0.0616149   0.000318847      0.999999    0.00132893     0.0155404   -0.00153256   -0.00132844      0.999998     0.0238612
     0.999999  -0.000292272    0.00157826    -0.0528538   0.000290878             1   0.000883458    -0.0992391   -0.00157852  -0.000882998      0.999998     0.0651554
     0.999999  -0.000214046    0.00158679    -0.0523258   0.000212365      0.999999    0.00105922       0.05563   -0.00158702   -0.00105888      0.999998      0.063563
     0.999998   -0.00012311    0.00189975    -0.0470153   0.000120859      0.999999     0.0011847     -0.103282    -0.0018999   -0.00118447      0.999997     0.0761526
     0.999998  -0.000137849    0.00184578    -0.0545522   0.000135434      0.999999    0.00130863    -0.0226521   -0.00184596   -0.00130838      0.999997      0.111702
     0.999998  -0.000223507     0.0018442    -0.0502433   0.000220921      0.999999    0.00140227    -0.0162012   -0.00184452   -0.00140186      0.999997     0.0646943
     0.999998   -0.00021747    0.00192434    -0.0504143   0.000214213      0.999999    0.00169248    -0.0884447   -0.00192471   -0.00169207      0.999997     0.0768401
     0.999998  -6.82104e-05    0.00218936    -0.0600721   6.38423e-05      0.999998    0.00199513     0.0575079   -0.00218949   -0.00199499      0.999996     0.0562292
     0.999997  -0.000106811    0.00241337    -0.0609704   0.000101378      0.999997    0.00225136    -0.0801479    -0.0024136   -0.00225111      0.999995     0.0343276
     0.999997   6.64181e-05    0.00229409     -0.055327  -7.15307e-05      0.999998    0.00222859    -0.0446935   -0.00229393   -0.00222874      0.999995     0.0820026
     0.999997   -6.9834e-06    0.00247609    -0.0841779   7.93472e-07      0.999997    0.00249988      0.028513    -0.0024761   -0.00249987      0.999994     0.0448018
     0.999997  -5.01331e-06    0.00260847    -0.0431273  -1.10061e-06      0.999997    0.00234387     -0.149709   -0.00260847   -0.00234386      0.999994     0.0765035
     0.999996  -7.70292e-06     0.0026959    -0.0644803   1.19243e-06      0.999997    0.00241495     -0.019648   -0.00269591   -0.00241494      0.999993     0.0910984
     0.999995  -1.51562e-07    0.00307343    -0.0709784  -6.72614e-06      0.999997    0.00223778    -0.0553198   -0.00307342   -0.00223779      0.999993     0.0430466
            1   0.000133199  -0.000601709     0.0206485  -0.000132823             1   0.000626083    -0.0593757   0.000601792  -0.000626003             1       0.14117
     0.999999   0.000244928   -0.00116291      0.027687  -0.000244749             1   0.000154654     0.0821934    0.00116295  -0.000154369      0.999999      0.147664
            1   0.000371378  -0.000615354     0.0386363  -0.000371265             1   0.000184794     -0.089189   0.000615422  -0.000184566             1      0.127407
            1   0.000463185  -0.000682571     0.0335681  -0.000462902             1   0.000414398      0.034138   0.000682763  -0.000414082             1      0.131027
            1   0.000389793  -0.000424266     0.0348081  -0.000389689             1   0.000245354    -0.0609777   0.000424361  -0.000245188             1     0.0880554
            1   0.000357941  -0.000251964     0.0296932  -0.000357819             1   0.000483499    -0.0313245   0.000252137  -0.000483408             1      0.120456
            1   0.000227343  -0.000146752     0.0290887  -0.000227245             1   0.000670638     0.0437306   0.000146904  -0.000670605             1      0.077998
            1   0.000274671  -0.000111656     0.0228781  -0.000274536      0.999999    0.00120172    -0.0784936   0.000111986   -0.00120169      0.999999      0.104433
            1   0.000238344  -0.000462709     0.0099768   -0.00023783      0.999999    0.00111116     0.0294333   0.000462973   -0.00111104      0.999999      0.109461
            1   0.000191264  -0.000414372    0.00856852  -0.000191092             1   0.000415171    -0.0037187   0.000414452  -0.000415092             1     0.0731944
            1   0.000228363  -0.000516866      0.020518  -0.000227967             1   0.000767537    -0.0184159   0.000517041  -0.000767419             1     0.0871299
            1   0.000104815  -0.000264244    0.00540721  -0.000104698             1   0.000440459     0.0533805    0.00026429  -0.000440432             1     0.0621121
            1   3.22934e-05  -0.000158716     0.0185005  -3.21654e-05             1    0.00080659     -0.066026   0.000158742  -0.000806585             1      0.102271
            1   0.000147133  -0.000426959   -0.00225258  -0.000146937             1   0.000457756     0.0455579   0.000427026  -0.000457693             1      0.137101
            1   0.000200657   -0.00057814     0.0206848  -0.000200516             1   0.000244884    0.00822239   0.000578189  -0.000244768             1     0.0889147
            1   0.000336735   -0.00042053    0.00808658  -0.000336655             1   0.000190405    -0.0247385   0.000420595  -0.000190264             1      0.156757
     0.999999   0.000779458  -0.000640588     0.0280438  -0.000779669             1   -0.00032926    -0.0439398   0.000640331    0.00032976             1      0.215965
     0.999999   0.000800214   -0.00105404     0.0514258  -0.000800266             1  -4.90665e-05     0.0220488      0.001054   4.99099e-05      0.999999      0.166503
     0.999999   0.000634657   -0.00117299     0.0586488  -0.000635052             1  -0.000336015     0.0728657    0.00117277    0.00033676      0.999999      0.140406
     0.999999   0.000637823  -0.000899466     0.0587385  -0.000637862             1  -4.35149e-05     -0.106072   0.000899438   4.40886e-05             1       0.13226
     0.999999   0.000510118  -0.000861765     0.0433494   -0.00051009             1   3.24517e-05      0.067779   0.000861781  -3.20121e-05             1      0.130548
     0.999999   0.000424273  -0.000961499     0.0441978   -0.00042416             1   0.000117002     0.0239266   0.000961549  -0.000116594             1     0.0954094
     0.999999   0.000421949   -0.00101309     0.0352085  -0.000421988             1  -3.80607e-05    -0.0293117    0.00101308   3.84882e-05      0.999999      0.143064
            1    0.00031237  -0.000802651     0.0251013  -0.000312116             1   0.000316645     0.0747866    0.00080275  -0.000316394             1      0.134926
            1    0.00027927  -0.000309021     0.0265914  -0.000279119             1   0.000488656    -0.0715163   0.000309157  -0.000488569             1      0.129779
            1   0.000114432  -0.000112569     0.0126037  -0.000114299      0.999999    0.00117934     0.0130937   0.000112704   -0.00117933      0.999999      0.162858
            1   0.000142025  -0.000283958   -0.00201604  -0.000141859             1   0.000586892   -0.00941527   0.000284041  -0.000586852             1      0.168199
            1   0.000364924  -0.000482703     0.0199708  -0.000364687             1   0.000490904     -0.044936   0.000482882  -0.000490728             1      0.138096
            1   0.000176659  -0.000751023     0.0106339  -0.000176244             1   0.000552627     0.0784442   0.000751121  -0.000552494             1      0.142587
            1   0.000352482  -0.000587751     0.0252447  -0.000352229             1   0.000430602    -0.0674169   0.000587903  -0.000430395             1      0.136765
            1   0.000334037  -0.000564341     0.0208624  -0.000333658             1   0.000671692    0.00847339   0.000564565  -0.000671503             1      0.162828
     0.999999   0.000157421   -0.00106186     0.0177567  -0.000157863             1  -0.000416141    0.00905204    0.00106179   0.000416308      0.999999      0.172118
     0.999999   0.000455462    -0.0012184     0.0398801  -0.000455023             1   0.000360693   -0.00272148    0.00121856  -0.000360138      0.999999       0.18378
            1   0.000250104  -0.000805818     0.0426442  -0.000249635             1   0.000581865     0.0329824   0.000805963  -0.000581664             1      0.111022
            1   0.000269847  -0.000819285     0.0226615  -0.000268835      0.999999    0.00123495    -0.0858492   0.000819617   -0.00123473      0.999999      0.125827
     0.999999   6.35117e-05   -0.00106926     0.0178524  -6.18329e-05      0.999999    0.00156996     0.0473507    0.00106936   -0.00156989      0.999998      0.103191
            1   0.000188771  -0.000732002     0.0163729  -0.000187469      0.999998    0.00177817     -0.062007   0.000732336   -0.00177803      0.999998     0.0519706
            1   0.000209532  -0.000963635     0.0221653  -0.000207629      0.999998      0.001975    -0.0280735   0.000964047    -0.0019748      0.999998     0.0919243
            1   2.17238e-05  -0.000689822     0.0161362   -2.0403e-05      0.999998    0.00191474     0.0254387   0.000689863   -0.00191472      0.999998      0.086518
            1    0.00026466  -0.000632653     0.0317139  -0.000263289      0.999998    0.00216741     -0.103447   0.000633225   -0.00216724      0.999997      0.103458
            1   0.000154647  -0.000561358    0.00897019  -0.000153514      0.999998     0.0020172     0.0427873   0.000561669   -0.00201711      0.999998     0.0978788
            1   0.000266872  -0.000514088     0.0279757  -0.000265978      0.999998    0.00173841     -0.121225   0.000514552   -0.00173827      0.999998      0.095262
            1   0.000230018  -0.000509387      0.025988  -0.000229098      0.999998    0.00180574    -0.0299639   0.000509801   -0.00180562      0.999998      0.104299
            1   0.000248079  -0.000542846    0.00638502  -0.000247292      0.999999    0.00145057      0.019765   0.000543205   -0.00145044      0.999999      0.104194
            1   0.000540322  -0.000477908     0.0251372  -0.000539708      0.999999     0.0012845    -0.0883933   0.000478602   -0.00128424      0.999999     0.0986914
            1   0.000720397  -0.000439872     0.0265703   -0.00071966      0.999998    0.00167371   -0.00289305   0.000441077    -0.0016734      0.999999      0.128265
            1   0.000802724  -0.000270293     0.0496231  -0.000802381      0.999999    0.00126735    -0.0198775    0.00027131   -0.00126714      0.999999     0.0844491
            1   0.000733465  -0.000418436     0.0502215  -0.000732987      0.999999     0.0011424    -0.0739882   0.000419273   -0.00114209      0.999999      0.113421
            1   0.000512544  -0.000426408     0.0340171  -0.000512131      0.999999   0.000967484     0.0180118   0.000426904  -0.000967265      0.999999      0.115329
            1   0.000577574  -0.000309982     0.0262906  -0.000577291      0.999999   0.000913109    -0.0379082   0.000310509   -0.00091293             1     0.0881566
            1    0.00058566  -0.000294733     0.0319978  -0.000585272      0.999999    0.00131363    -0.0626309   0.000295502   -0.00131346      0.999999      0.105188
            1   0.000452312  -0.000219192     0.0258828  -0.000451986      0.999999    0.00148584     0.0279819   0.000219864   -0.00148574      0.999999      0.100083
            1   0.000367248   -0.00024134     0.0146274  -0.000366936      0.999999    0.00128961    -0.0461238   0.000241813   -0.00128953      0.999999     0.0604979
            1   0.000572209  -0.000278062     0.0270821  -0.000571683      0.999998    0.00188913    -0.0528421   0.000279142   -0.00188898      0.999998     0.0760803
            1   0.000321543  -0.000199407      0.013328  -0.000321154      0.999998    0.00194755     0.0439566   0.000200032   -0.00194748      0.999998     0.0420655
            1   0.000425462  -3.62788e-05     0.0222499  -0.000425391      0.999998      0.001923     -0.122614   3.70969e-05   -0.00192298      0.999998     0.0615617
            1   0.000564149   -0.00045055    0.00778422   -0.00056342      0.999999    0.00161712    0.00599166   0.000451462   -0.00161686      0.999999      0.105076
            1   0.000701675  -0.000264064     0.0402774  -0.000701407      0.999999    0.00101484    -0.0176847   0.000264776   -0.00101466      0.999999     0.0770237
            1   0.000837554  -0.000374325     0.0241233  -0.000837174      0.999999    0.00101478    -0.0119798   0.000375175   -0.00101446      0.999999      0.105914
     0.999999    0.00100168  -0.000419458     0.0429185   -0.00100117      0.999999    0.00121438     -0.125876   0.000420674   -0.00121395      0.999999      0.104775
            1   0.000880146  -6.30905e-05     0.0446193  -0.000880094      0.999999   0.000813298      0.109681   6.38062e-05  -0.000813242             1     0.0579454
            1   0.000920678  -0.000311056      0.040202   -0.00092039      0.999999   0.000923167     -0.144209   0.000311905   -0.00092288             1     0.0758854
            1   0.000557038   -0.00059324     0.0386365  -0.000556692             1   0.000583026     0.0815063   0.000593565  -0.000582695             1      0.067737
            1   0.000609072  -0.000224628     0.0359869  -0.000608878      0.999999   0.000863094     -0.100112   0.000225153  -0.000862957             1     0.0775585
            1   0.000452275  -0.000425522      0.029322  -0.000451634      0.999999    0.00150378    0.00708347   0.000426201   -0.00150359      0.999999     0.0933554
            1   0.000428879  -0.000480551     0.0296297  -0.000428264      0.999999    0.00127828    -0.0127747   0.000481099   -0.00127807      0.999999     0.0816972
            1   0.000578439  -0.000185726      0.028594  -0.000578169      0.999999    0.00145061    -0.0664233   0.000186565   -0.00145051      0.999999     0.0862193
            1   0.000577492  -0.000251756       0.01894  -0.000577115      0.999999    0.00149473     0.0539098   0.000252618   -0.00149459      0.999999     0.0645396
            1   0.000750262   0.000191162     0.0257292  -0.000750552      0.999999     0.0015192    -0.0739445  -0.000190022   -0.00151934      0.999999     0.0302126
            1   0.000518183  -0.000121353     0.0204504   -0.00051799      0.999999    0.00158801    -0.0371845   0.000122176   -0.00158794      0.999999     0.0726939
            1   0.000510413  -0.000262954     0.0213608  -0.000510155      0.999999   0.000981246     0.0291388   0.000263455  -0.000981112      0.999999     0.0685443
            1   0.000645279    -0.0002393      0.020579  -0.000644939      0.999999    0.00141787     -0.122862   0.000240214   -0.00141772      0.999999     0.0870639
            1   0.000479571  -0.000244667     0.0184164  -0.000479278      0.999999    0.00119719     0.0663913   0.000245241   -0.00119707      0.999999     0.0690462
            1    0.00072439   0.000148585     0.0244963  -0.000724636      0.999998    0.00165969     -0.130249  -0.000147383    -0.0016598      0.999999     0.0436655
            1   0.000897963     0.0001581     0.0305354  -0.000898207      0.999998    0.00154786     0.0574818  -0.000156709     -0.001548      0.999999    0.00937348
            1   0.000662826  -2.33388e-05     0.0192614   -0.00066279      0.999999    0.00151917     -0.147243   2.43457e-05   -0.00151916      0.999999     0.0412604
            1   0.000634418  -2.41186e-05     0.0248614  -0.000634386      0.999999    0.00133885      0.023921    2.4968e-05   -0.00133884      0.999999     0.0594447
            1   0.000487905   9.08921e-05     0.0187191  -0.000488017      0.999999    0.00123281      -0.02489  -9.02905e-05   -0.00123286      0.999999     0.0330016
            1   0.000572431   0.000175556     0.0189231  -0.000572695      0.999999    0.00151117    -0.0654608  -0.000174691   -0.00151127      0.999999      0.058174
            1   0.000395679  -0.000146912     0.0190508  -0.000395529      0.999999    0.00101755     0.0658129   0.000147315   -0.00101749      0.999999    0.00764426
            1   0.000463179  -0.000161935     0.0157828  -0.000462958      0.999999    0.00136215     -0.101268   0.000162566   -0.00136208      0.999999   0.000896174
            1   0.000555334  -4.81132e-05     0.0177296   -0.00055527      0.999999    0.00131194     0.0683075   4.88417e-05   -0.00131191      0.999999    0.00498192
            1   0.000459093    8.5773e-05     0.0200376  -0.000459202      0.999999    0.00126611    -0.0608122  -8.51916e-05   -0.00126615      0.999999    -0.0079537
            1   0.000435205   8.27622e-05     0.0194731  -0.000435323      0.999999    0.00143507    -0.0378777  -8.21375e-05    -0.0014351      0.999999     0.0639822
            1   0.000494978   0.000116185    0.00846859  -0.000495106      0.999999    0.00110528     0.0256902  -0.000115638   -0.00110534      0.999999     0.0307026
            1   0.000537741  -4.21328e-05     0.0171352  -0.000537688      0.999999    0.00126423     -0.103259   4.28126e-05   -0.00126421      0.999999     0.0498094
            1    0.00064847   -1.8034e-05     0.0155138  -0.000648454      0.999999   0.000869871      0.067307    1.8598e-05  -0.000869859             1    0.00319457
            1   0.000361554   -1.7819e-05     0.0122746  -0.000361533      0.999999    0.00112988     -0.117779   1.82274e-05   -0.00112987      0.999999    -0.0417913
            1   0.000318708  -4.62411e-05     0.0238218  -0.000318685             1   0.000498349     0.0262826   4.63999e-05  -0.000498335             1    -0.0129917
            1   0.000411528   0.000329807    0.00982214  -0.000411794             1   0.000805017   -0.00692886  -0.000329475  -0.000805152             1    -0.0572125
            1   6.08909e-05   0.000288974    0.00100933  -6.13165e-05      0.999999    0.00147297    -0.0874485  -0.000288884   -0.00147298      0.999999    -0.0378541
            1   0.000183141   0.000408097    0.00223417  -0.000183682      0.999999    0.00132636     0.0448324  -0.000407854   -0.00132644      0.999999    -0.0206101
            1    0.00014996   0.000601285  -0.000603103  -0.000150901      0.999999    0.00156603     -0.111516  -0.000601049   -0.00156612      0.999999    -0.0305174
            1   0.000177626   0.000510145   -0.00919418  -0.000178328      0.999999    0.00137663   -0.00264889    -0.0005099   -0.00137672      0.999999  -0.000440285
            1    0.00023681   0.000589921   -0.00918948  -0.000237488      0.999999    0.00114956   -0.00885748  -0.000589649    -0.0011497      0.999999    -0.0456764
            1   0.000213649   0.000551903   -0.00737091  -0.000214489      0.999999     0.0015218    -0.0728322  -0.000551577   -0.00152192      0.999999    -0.0281328
            1   0.000181889   0.000437785    -0.0060543  -0.000182401      0.999999     0.0011698      0.064586  -0.000437572   -0.00116988      0.999999    -0.0302693
            1   7.47197e-05   0.000685735    -0.0165972  -7.55483e-05      0.999999    0.00120838    -0.0993741  -0.000685644   -0.00120843      0.999999    -0.0276545
            1   0.000135233   0.000923291    -0.0128688  -0.000136473      0.999999    0.00134231    -0.0052692  -0.000923108   -0.00134244      0.999999     0.0215158
            1   0.000162782   0.000656643    -0.0132431   -0.00016344      0.999999    0.00100251    -0.0054794  -0.000656479   -0.00100262      0.999999    -0.0147897
            1   0.000374397   0.000700701    -0.0137459  -0.000375248      0.999999    0.00121442    -0.0708929  -0.000700246   -0.00121468      0.999999    0.00205244
            1    0.00038355      0.000767   -0.00214876  -0.000384108             1   0.000727482      0.069941  -0.000766721  -0.000727776      0.999999    -0.0337911
            1    0.00022541   0.000830962   -0.00680948  -0.000226231      0.999999   0.000987408    -0.0948687  -0.000830739  -0.000987596      0.999999    -0.0298618
            1   0.000154726    0.00084889    -0.0117303  -0.000155752      0.999999    0.00120862    0.00443741  -0.000848702   -0.00120876      0.999999    -0.0149727
            1  -0.000109649   0.000846927    -0.0113352   0.000108819             1   0.000980521    -0.0322054  -0.000847035  -0.000980428      0.999999    -0.0798749
     0.999999   0.000113208    0.00112703    -0.0169347  -0.000114639      0.999999    0.00127022    -0.0680627   -0.00112689   -0.00127035      0.999999    -0.0243586
     0.999999   0.000104041     0.0010482      -0.01472  -0.000104798             1   0.000722745      0.043049   -0.00104812  -0.000722854      0.999999    -0.0715938
            1    8.2182e-05   0.000950698    -0.0149711   -8.3204e-05      0.999999    0.00107499     -0.104225  -0.000950609   -0.00107507      0.999999     -0.038726
            1   9.86258e-06   0.000801979    -0.0156932  -1.10729e-05      0.999999    0.00150922     0.0354332  -0.000801963   -0.00150923      0.999999    -0.0351197
            1  -0.000160157   0.000807148    -0.0270605   0.000159146      0.999999    0.00125246    -0.0334478  -0.000807348   -0.00125233      0.999999     -0.069251
            1  -0.000191312   0.000816912    -0.0350429   0.000189771      0.999998    0.00188713    -0.0240215  -0.000817272   -0.00188697      0.999998    -0.0441452
            1  -0.000252652   0.000811034    -0.0334379   0.000251159      0.999998    0.00184059     0.0239374  -0.000811498   -0.00184039      0.999998    -0.0614114
            1  -0.000220863   0.000969864    -0.0371503   0.000219096      0.999998    0.00182205    -0.0948208  -0.000970264   -0.00182184      0.999998    -0.0435687
            1  -0.000278484   0.000690159     -0.032761   0.000277277      0.999998    0.00174861     0.0162119  -0.000690645   -0.00174842      0.999998    -0.0124687
            1  -0.000192826   0.000536069    -0.0273302   0.000192084      0.999999    0.00138405   -0.00946809  -0.000536336   -0.00138395      0.999999    -0.0268031
            1  -0.000341243   0.000375992    -0.0319134   0.000340575      0.999998    0.00177569    -0.0581795  -0.000376597   -0.00177556      0.999998     0.0112888
            1  -0.000428755  -2.52492e-06    -0.0214641   0.000428757      0.999999    0.00121903    -0.0417005   2.00226e-06   -0.00121903      0.999999     0.0605377
            1  -0.000414023   0.000174265    -0.0349206   0.000413693      0.999998    0.00189104    -0.0438619  -0.000175047   -0.00189097      0.999998    0.00997792
            1   -0.00056125   0.000401438     -0.024339   0.000560523      0.999998    0.00180744    -0.0114234  -0.000402451   -0.00180721      0.999998    -0.0548122
            1  -0.000331924   0.000551745    -0.0212142   0.000331027      0.999999    0.00162663    -0.0641143  -0.000552284   -0.00162644      0.999999    -0.0618341
            1  -0.000473479   0.000446784    -0.0226278   0.000472655      0.999998    0.00184192   -0.00841785  -0.000447655   -0.00184171      0.999998    -0.0422389
            1  -0.000389745   0.000584962    -0.0305585   0.000388563      0.999998    0.00201873     -0.068854  -0.000585747    -0.0020185      0.999998     -0.117628
            1  -0.000574767     0.0002714    -0.0412504    0.00057428      0.999998    0.00179032    -0.0438721  -0.000272428   -0.00179016      0.999998    -0.0735617
            1  -0.000702013   0.000585713    -0.0301635   0.000701123      0.999999    0.00151793    -0.0222548  -0.000586778   -0.00151751      0.999999     -0.112786
            1  -0.000593873   0.000645624    -0.0525445   0.000592502      0.999998    0.00212215     -0.065926  -0.000646882   -0.00212177      0.999998    -0.0780061
            1  -0.000646737   0.000627552    -0.0373909   0.000645722      0.999998    0.00161618     0.0346134  -0.000628596   -0.00161578      0.999998      -0.13149
     0.999999  -0.000661102    0.00075137    -0.0386487   0.000659675      0.999998    0.00189835     -0.137557  -0.000752624   -0.00189785      0.999998    -0.0979084
            1  -0.000689912   0.000683828    -0.0400596   0.000688803      0.999998    0.00162017     0.0369694  -0.000684945    -0.0016197      0.999998    -0.0917729
            1   -0.00055044   0.000651387    -0.0378415   0.000549306      0.999998    0.00174025     -0.088181  -0.000652343   -0.00173989      0.999998     -0.119958
            1  -0.000535541   0.000263311    -0.0464593   0.000535101      0.999998    0.00166997  -0.000137336  -0.000264205   -0.00166983      0.999999    -0.0965281
            1  -0.000586522   0.000511861    -0.0331293   0.000585693      0.999999    0.00161776    -0.0537892  -0.000512809   -0.00161746      0.999999     -0.135233
            1   -0.00072569    0.00024611    -0.0418924   0.000725233      0.999998    0.00185046    -0.0502529  -0.000247452   -0.00185028      0.999998    -0.0979129
            1  -0.000920088  -3.82038e-05    -0.0250559   0.000920135      0.999999    0.00123565     0.0158324   3.70669e-05   -0.00123568      0.999999     -0.146836
            1  -0.000751139   0.000272778    -0.0244693   0.000750656      0.999998    0.00176657     -0.115515  -0.000274105   -0.00176636      0.999998     -0.142796
            1  -0.000760357   0.000441618    -0.0349462   0.000759766      0.999999    0.00133849     0.0288675  -0.000442635   -0.00133815      0.999999     -0.151318
     0.999999  -0.000710156   0.000757907    -0.0474165   0.000708801      0.999998    0.00178666    -0.0980301  -0.000759174   -0.00178612      0.999998     -0.159415
     0.999999   -0.00079153    0.00072178    -0.0481233   0.000789981      0.999997    0.00214307    -0.0291031  -0.000723475    -0.0021425      0.999997     -0.128147
     0.999999  -0.000877964   0.000682411    -0.0506111   0.000876829      0.999998     0.0016625    0.00922997   -0.00068387    -0.0016619      0.999998      -0.16022
     0.999999  -0.000880493    0.00071694    -0.0556034   0.000879012      0.999997    0.00206451    -0.0939587  -0.000718756   -0.00206388      0.999998     -0.170581
     0.999999  -0.000866275   0.000682913    -0.0608849   0.000864752      0.999997    0.00222789     0.0355262  -0.000684842   -0.00222729      0.999997     -0.151139
     0.999999  -0.000849848   0.000942157    -0.0560169   0.000847923      0.999998    0.00204111    -0.0697829  -0.000943889   -0.00204031      0.999997     -0.209343
     0.999999  -0.000883292   0.000806933    -0.0586374   0.000881492      0.999997    0.00222851    -0.0482522  -0.000808899    -0.0022278      0.999997     -0.151266
     0.999999  -0.000638537   0.000996292    -0.0481179   0.000636555      0.999998    0.00198836    -0.0174746  -0.000997559   -0.00198773      0.999998     -0.184921
     0.999999   -0.00085225   0.000991522    -0.0476039   0.000849823      0.999997    0.00244525     -0.121563  -0.000993603   -0.00244441      0.999997     -0.174164
     0.999999   -0.00108479   0.000727239    -0.0729096    0.00108327      0.999997    0.00208638     0.0335039    -0.0007295   -0.00208559      0.999998     -0.165761
     0.999999  -0.000889414   0.000792968    -0.0556237   0.000887757      0.999997    0.00208754     -0.128336  -0.000794823   -0.00208684      0.999998     -0.181754
     0.999999  -0.000913394   0.000894701    -0.0621864   0.000911836      0.999998    0.00173967     0.0390926  -0.000896289   -0.00173885      0.999998     -0.183743
     0.999999  -0.000980553   0.000837716     -0.059729   0.000979051      0.999998    0.00179178     -0.080737  -0.000839471   -0.00179096      0.999998     -0.226486
     0.999999  -0.000853901   0.000747779    -0.0614635   0.000852532      0.999998    0.00182837    -0.0280027  -0.000749338   -0.00182773      0.999998      -0.17389
