# 3dvolreg matrices (DICOM-to-DICOM, row-by-row):
     0.999993   -0.00202053    0.00315563    -0.0767013    0.00202719      0.999996   -0.00210956     0.0739664   -0.00315135    0.00211594      0.999993      0.075638
     0.999993   -0.00190457    0.00313808    -0.0947639    0.00190693      0.999998  -0.000748368    -0.0322022   -0.00313665   0.000754347      0.999995    -0.0352785
     0.999994   -0.00157672     0.0029772    -0.0528155     0.0015822      0.999997   -0.00184108      0.160933   -0.00297429    0.00184578      0.999994     0.0563455
     0.999993   -0.00176862    0.00332551    -0.0526791    0.00177155      0.999998  -0.000879666    -0.0178464   -0.00332395   0.000885551      0.999994    -0.0335906
     0.999994   -0.00155915    0.00321747    -0.0631958    0.00156361      0.999998   -0.00138504      0.122873    -0.0032153    0.00139006      0.999994       0.05507
     0.999993   -0.00162165    0.00350052    -0.0550299    0.00162596      0.999998   -0.00122754     0.0357316   -0.00349852    0.00123323      0.999993     0.0187413
     0.999993   -0.00164289    0.00343561    -0.0532371    0.00164626      0.999998  -0.000977727      0.026704     -0.003434   0.000983376      0.999994   -0.00391591
     0.999992   -0.00160105    0.00359209    -0.0501241     0.0016072      0.999997   -0.00171062      0.113655   -0.00358934    0.00171638      0.999992     0.0648653
     0.999992   -0.00182199    0.00365056    -0.0788056    0.00182584      0.999998   -0.00105153    -0.0098439   -0.00364864    0.00105819      0.999993    0.00393657
      0.99999   -0.00224207    0.00386971      -0.06536    0.00224992      0.999995   -0.00202634      0.152545   -0.00386515    0.00203502       0.99999      0.112399
      0.99999   -0.00234204    0.00376115     -0.111027    0.00234595      0.999997   -0.00103646    -0.0221824   -0.00375871    0.00104527      0.999992   -0.00256935
     0.999991   -0.00217527    0.00373401    -0.0988934    0.00218285      0.999996   -0.00202722      0.158742   -0.00372959    0.00203535      0.999991      0.159122
     0.999988   -0.00284276    0.00402069    -0.0816272    0.00284734      0.999995   -0.00113331   -0.00699872   -0.00401745    0.00114474      0.999991      0.115978
     0.999987   -0.00294619    0.00408433     -0.169761    0.00295305      0.999994   -0.00167325      0.107786   -0.00407938    0.00168529       0.99999      0.147193
     0.999987   -0.00279168    0.00415901     -0.142543    0.00279663      0.999995   -0.00118364      -0.00393   -0.00415569    0.00119526      0.999991     0.0826692
     0.999989   -0.00268871      0.003944      -0.15678    0.00269598      0.999995   -0.00183839      0.102763   -0.00393903      0.001849      0.999991       0.17141
     0.999987   -0.00275722    0.00428806     -0.129888    0.00276151      0.999996  -0.000994139    0.00919711    -0.0042853    0.00100597       0.99999     0.0627926
     0.999992   -0.00197742    0.00350559     -0.147676    0.00198553      0.999995   -0.00231115      0.125003     -0.003501    0.00231809      0.999991      0.127962
      0.99999   -0.00214622    0.00379613     -0.067705    0.00215082      0.999997   -0.00120839    -0.0274362   -0.00379352    0.00121654      0.999992     0.0243149
     0.999991   -0.00201781    0.00368801     -0.101448    0.00202554      0.999996   -0.00209223      0.137409   -0.00368377    0.00209968      0.999991      0.104497
      0.99999   -0.00214473    0.00394692     -0.100353    0.00214955      0.999997   -0.00121666    -0.0253739    -0.0039443    0.00122513      0.999991      0.014881
      0.99999   -0.00221328    0.00395826    -0.0870987    0.00222184      0.999995   -0.00216112      0.155637   -0.00395346    0.00216989       0.99999      0.149426
     0.999989   -0.00243532    0.00400119     -0.115919    0.00244183      0.999996   -0.00162317    0.00118198   -0.00399722    0.00163293      0.999991     0.0738921
      0.99999   -0.00216449     0.0039907     -0.129162    0.00217363      0.999995   -0.00228578       0.13363   -0.00398573    0.00229443      0.999989      0.152373
      0.99999   -0.00221836    0.00389306    -0.0980697    0.00222282      0.999997   -0.00114147       0.01441   -0.00389052    0.00115011      0.999992   0.000710008
     0.999991    -0.0022657    0.00357519     -0.105629    0.00227173      0.999996   -0.00168395      0.107656   -0.00357136    0.00169206      0.999992     0.0855031
     0.999989   -0.00253881    0.00393819    -0.0971703    0.00254452      0.999996   -0.00144575     0.0236744    -0.0039345    0.00145575      0.999991     0.0234106
     0.999991   -0.00218852    0.00365945     -0.129215    0.00219541      0.999996   -0.00187931      0.122558   -0.00365533    0.00188732      0.999992       0.12174
      0.99999   -0.00200757    0.00389969    -0.0699694    0.00201291      0.999997   -0.00136594     0.0498659   -0.00389693    0.00137378      0.999991     0.0804507
     0.999993   -0.00185733    0.00312392    -0.0861203    0.00186672      0.999994   -0.00300591      0.150602   -0.00311832    0.00301172      0.999991      0.230029
     0.999994   -0.00188057    0.00294408     -0.094936     0.0018873      0.999996   -0.00228745   -0.00720151   -0.00293976    0.00229299      0.999993      0.148961
     0.999993   -0.00223587     0.0031449    -0.0721033    0.00224077      0.999996   -0.00155557     0.0954179   -0.00314141     0.0015626      0.999994      0.090839
     0.999991   -0.00250864    0.00333573     -0.100455    0.00251604      0.999994    -0.0022164       0.11383   -0.00333015    0.00222477      0.999992      0.140323
     0.999993   -0.00256321    0.00281241     -0.110384    0.00257024      0.999994   -0.00249895     0.0347903   -0.00280598    0.00250616      0.999993      0.138677
     0.999992   -0.00254888    0.00297959     -0.111024    0.00255264      0.999996   -0.00125909     0.0164846   -0.00297637    0.00126668      0.999995    -0.0205177
     0.999993    -0.0022133    0.00285801     -0.082182    0.00222002      0.999995   -0.00234774      0.139348    -0.0028528    0.00235407      0.999993     0.0763709
     0.999992   -0.00228514    0.00312964    -0.0874939    0.00228941      0.999996    -0.0013636    -0.0369032   -0.00312651    0.00137075      0.999994    -0.0344066
     0.999992   -0.00219238    0.00324098    -0.0718518    0.00219905      0.999995   -0.00205691      0.154029   -0.00323646    0.00206402      0.999993     0.0358633
     0.999992   -0.00225829    0.00325469    -0.0747546     0.0022617      0.999997   -0.00104436    -0.0259377   -0.00325232    0.00105172      0.999994    -0.0643218
     0.999994   -0.00217413    0.00279896    -0.0820083    0.00218188      0.999994   -0.00276774      0.173299   -0.00279292    0.00277383      0.999992     0.0822524
     0.999994   -0.00207785    0.00267232    -0.0716941    0.00208174      0.999997   -0.00145355    -0.0185652   -0.00266929     0.0014591      0.999995     -0.048748
     0.999994   -0.00202677    0.00263234    -0.0606035    0.00203172      0.999996   -0.00188034      0.148715   -0.00262851    0.00188568      0.999995     0.0727288
     0.999995   -0.00205985    0.00246585    -0.0424016    0.00206085      0.999998  -0.000403035     -0.021395   -0.00246501   0.000408115      0.999997    -0.0444623
     0.999993   -0.00229622     0.0030387     -0.080419    0.00230071      0.999996   -0.00147404      0.129689   -0.00303531    0.00148103      0.999994   -9.7538e-05
     0.999993   -0.00216375     0.0028998     -0.095776    0.00216567      0.999997  -0.000660673    -0.0194761   -0.00289837   0.000666949      0.999996    -0.0673044
     0.999993   -0.00221394    0.00294329    -0.0747257    0.00221919      0.999996   -0.00177897      0.134407   -0.00293934    0.00178549      0.999994     0.0735761
     0.999993   -0.00207716    0.00294758    -0.0738832     0.0020794      0.999998  -0.000756165   -0.00217036     -0.002946    0.00076229      0.999995    -0.0140514
     0.999994   -0.00193389    0.00270714    -0.0787931    0.00193915      0.999996   -0.00194272      0.140403   -0.00270337    0.00194795      0.999994      0.102204
     0.999994   -0.00209423     0.0029066    -0.0690707    0.00209602      0.999998  -0.000613807    -0.0539203   -0.00290531   0.000619895      0.999996    -0.0347687
     0.999995   -0.00193605    0.00263059    -0.0640745    0.00194145      0.999996   -0.00205206      0.139856   -0.00262661    0.00205716      0.999994     0.0432768
     0.999995   -0.00185705    0.00271966    -0.0669022    0.00185952      0.999998  -0.000905318    -0.0500993   -0.00271797    0.00091037      0.999996    -0.0736351
     0.999993   -0.00213581    0.00302817       -0.0436      0.002141      0.999996   -0.00171295      0.130459    -0.0030245    0.00171942      0.999994    -0.0434299
     0.999993   -0.00252094    0.00280386    -0.0749447    0.00252552      0.999995   -0.00162892    0.00201479   -0.00279974    0.00163599      0.999995     -0.146106
     0.999994   -0.00220423    0.00265181      -0.12039    0.00221033      0.999995   -0.00229827      0.117754   -0.00264673    0.00230411      0.999994    -0.0630614
     0.999995   -0.00204142    0.00257262     -0.044341    0.00204474      0.999997   -0.00128909     0.0275452   -0.00256998    0.00129435      0.999996     -0.142595
     0.999994   -0.00216413     0.0026142    -0.0568948    0.00217018      0.999995   -0.00231444      0.123862   -0.00260918     0.0023201      0.999994      -0.06222
     0.999994   -0.00223373    0.00277133     -0.061265    0.00223704      0.999997   -0.00119368    -0.0107099   -0.00276865    0.00119987      0.999995     -0.171658
     0.999995   -0.00192711    0.00237746    -0.0742109    0.00193331      0.999995   -0.00260777      0.170889   -0.00237242    0.00261235      0.999994    -0.0278715
     0.999995   -0.00205026    0.00246836    -0.0575635     0.0020537      0.999997   -0.00139324    -0.0105843   -0.00246549     0.0013983      0.999996     -0.147077
     0.999996   -0.00190978    0.00222632    -0.0793134    0.00191553      0.999995   -0.00258353      0.154785   -0.00222137    0.00258778      0.999994    -0.0346876
     0.999995   -0.00188417    0.00260988    -0.0445896     0.0018884      0.999997   -0.00161634    0.00920578   -0.00260683    0.00162126      0.999995     -0.134022
     0.999995   -0.00192098    0.00236689    -0.0692123    0.00192696      0.999995   -0.00252868      0.138362   -0.00236202    0.00253323      0.999994    -0.0529568
     0.999996   -0.00179009     0.0023206    -0.0508159    0.00179477      0.999996   -0.00201728     0.0319593   -0.00231698    0.00202144      0.999995     -0.116529
     0.999996   -0.00188147    0.00213875    -0.0438621    0.00188549      0.999996   -0.00187701     0.0706494   -0.00213521    0.00188103      0.999996     -0.118987
     0.999995    -0.0018978    0.00246615    -0.0525159    0.00190235      0.999996   -0.00184116     0.0752861   -0.00246265    0.00184584      0.999995     -0.138548
     0.999995    -0.0020844    0.00227412    -0.0460189    0.00208926      0.999996    -0.0021368     0.0433833   -0.00226965    0.00214154      0.999995     -0.110818
     0.999994   -0.00226954    0.00264747    -0.0616501    0.00227622      0.999994   -0.00252337      0.107925   -0.00264173    0.00252938      0.999993    -0.0603725
     0.999995   -0.00219614    0.00247125    -0.0765473    0.00220078      0.999996   -0.00187903     0.0100969   -0.00246711    0.00188446      0.999995     -0.114487
     0.999993   -0.00221359    0.00284936    -0.0719507    0.00221975      0.999995   -0.00215988      0.137733   -0.00284456     0.0021662      0.999994    -0.0984492
     0.999994   -0.00241043     0.0026268    -0.0826738    0.00241406      0.999996   -0.00137874   -0.00340847   -0.00262347    0.00138507      0.999996     -0.152638
     0.999994   -0.00216943    0.00263278     -0.088463    0.00217645      0.999994   -0.00266518      0.163951   -0.00262698    0.00267089      0.999993    -0.0655721
     0.999994   -0.00249921    0.00248506    -0.0814229     0.0025026      0.999996   -0.00136226    -0.0140937   -0.00248165    0.00136847      0.999996     -0.150766
     0.999993   -0.00251287    0.00260824    -0.0781472    0.00251897      0.999994   -0.00233943      0.174343   -0.00260235    0.00234598      0.999994    -0.0574342
     0.999993   -0.00264222    0.00269978    -0.0817231      0.002646      0.999996    -0.0013961     -0.028768   -0.00269608    0.00140324      0.999995     -0.111569
     0.999994   -0.00243699     0.0023372    -0.0886167    0.00244283      0.999994   -0.00249975      0.148126   -0.00233109    0.00250545      0.999994    -0.0160996
     0.999994   -0.00248925    0.00244219    -0.0701269    0.00249303      0.999996   -0.00154901     0.0064111   -0.00243833    0.00155509      0.999996     -0.114209
     0.999993   -0.00256202    0.00258952     -0.128907    0.00256755      0.999994     -0.002136     0.0837638   -0.00258403    0.00214264      0.999994    -0.0363405
     0.999993   -0.00236571    0.00277705     -0.125617    0.00237107      0.999995   -0.00192571     0.0468967   -0.00277248    0.00193228      0.999994     0.0870065
     0.999994   -0.00232971    0.00243553    -0.0908973    0.00233498      0.999995   -0.00216385     0.0760554   -0.00243048    0.00216953      0.999995     0.0592301
     0.999994   -0.00265439    0.00239014    -0.0272857    0.00266074      0.999993   -0.00265863     0.0915535   -0.00238307    0.00266497      0.999994     0.0329188
     0.999993   -0.00292177    0.00215016     -0.103053    0.00292788      0.999992   -0.00284641     0.0641648   -0.00214182    0.00285269      0.999994     0.0658824
     0.999991   -0.00308605    0.00274233     -0.102573    0.00309282      0.999992   -0.00246645     0.0547562   -0.00273469    0.00247491      0.999993     0.0409807
     0.999991   -0.00323945    0.00278418     -0.112271    0.00324667      0.999991   -0.00259335     0.0482523   -0.00277575    0.00260237      0.999993     0.0516581
     0.999992   -0.00314395    0.00250514     -0.122777    0.00315258      0.999989   -0.00345049      0.118987   -0.00249426    0.00345836      0.999991     0.0589093
     0.999994   -0.00290871    0.00212041     -0.110011    0.00291548      0.999991   -0.00319734     0.0882497   -0.00211109    0.00320351      0.999993     0.0472486
     0.999992   -0.00299542    0.00252134    -0.0905495    0.00300198      0.999992   -0.00260204     0.0654745   -0.00251353    0.00260959      0.999993    -0.0498259
     0.999993   -0.00298325     0.0020519     -0.114673    0.00298951      0.999991   -0.00305608     0.0980964   -0.00204277     0.0030622      0.999993    0.00175211
     0.999994   -0.00281569    0.00215062    -0.0803733    0.00282195      0.999992   -0.00291172     0.0969994   -0.00214241    0.00291777      0.999993     0.0688899
     0.999993   -0.00287597    0.00232111     -0.108356    0.00288212      0.999992   -0.00264958     0.0918619   -0.00231347    0.00265625      0.999994      0.055034
     0.999994   -0.00266993    0.00239227    -0.0871956     0.0026742      0.999995   -0.00178512     0.0597129   -0.00238749    0.00179151      0.999996    -0.0371576
     0.999995   -0.00244346    0.00200411     -0.106823    0.00244815      0.999994   -0.00234068     0.0678816   -0.00199838    0.00234558      0.999995    -0.0304181
     0.999994   -0.00239915     0.0023174    -0.0760881    0.00240339      0.999995   -0.00182718     0.0843724   -0.00231301    0.00183274      0.999996    -0.0677198
     0.999995   -0.00228011    0.00203879    -0.0709954    0.00228345      0.999996   -0.00163466      0.025213   -0.00203505    0.00163931      0.999997    -0.0789926
     0.999994   -0.00251473    0.00230598    -0.0663112    0.00252044      0.999994   -0.00247839      0.114794   -0.00229974    0.00248419      0.999994     -0.018237
     0.999994   -0.00268715    0.00206953     -0.098584    0.00269086      0.999995   -0.00178822    -0.0190402   -0.00206471    0.00179378      0.999996    -0.0618186
     0.999993   -0.00264152    0.00245414     -0.080387    0.00264786      0.999993   -0.00258542       0.12264   -0.00244729     0.0025919      0.999994   -0.00176634
     0.999993   -0.00275639    0.00246115    -0.0780792    0.00276068      0.999995   -0.00174113    -0.0218562   -0.00245634    0.00174791      0.999995    -0.0707143
     0.999992   -0.00299476    0.00268483      -0.10047    0.00300115      0.999993   -0.00237883      0.138482   -0.00267768    0.00238686      0.999994    -0.0521265
     0.999992   -0.00292563    0.00258648     -0.150443    0.00292985      0.999994   -0.00163084    -0.0216211   -0.00258169    0.00163841      0.999995     -0.127451
      0.99999   -0.00331345    0.00286356     -0.093892    0.00332022      0.999992   -0.00236146      0.123869   -0.00285572    0.00237094      0.999993    -0.0786319
     0.999991   -0.00318407    0.00281943      -0.14055     0.0031887      0.999994    -0.0016379    -0.0231793   -0.00281419    0.00164688      0.999995     -0.125687
      0.99999   -0.00334184    0.00306463     -0.109645    0.00334902      0.999992   -0.00233957        0.1142   -0.00305679    0.00234981      0.999993     -0.032752
     0.999989   -0.00358175     0.0030579     -0.135745    0.00358857      0.999991   -0.00222698     0.0122017    -0.0030499    0.00223793      0.999993    -0.0663444
     0.999989   -0.00361637    0.00296981     -0.152852    0.00362313      0.999991   -0.00227352     0.0743015   -0.00296156    0.00228426      0.999993    -0.0797879
     0.999989   -0.00358219    0.00290126      -0.16211     0.0035889      0.999991   -0.00231296     0.0566116   -0.00289295    0.00232335      0.999993    -0.0490068
     0.999987    -0.0039062    0.00317788     -0.153855    0.00391193      0.999991   -0.00179885     0.0332737   -0.00317082    0.00181126      0.999993    -0.0814144
     0.999988   -0.00410825    0.00281545     -0.190925    0.00411403      0.999989   -0.00205153     0.0180907   -0.00280699    0.00206308      0.999994    -0.0777127
     0.999986   -0.00432715    0.00308591     -0.170997    0.00433024       0.99999  -0.000995093   -0.00298347   -0.00308157    0.00100844      0.999995     -0.198509
     0.999989   -0.00387341    0.00257468     -0.196602    0.00387849      0.999991   -0.00196868     0.0577743   -0.00256703    0.00197865      0.999995     -0.106688
     0.999988   -0.00375609    0.00310053     -0.150769     0.0037607      0.999992   -0.00148274   -0.00219113   -0.00309493    0.00149438      0.999994     -0.162681
     0.999988   -0.00380465    0.00316956     -0.155872     0.0038103      0.999991   -0.00177747     0.0448053   -0.00316277    0.00178952      0.999993     -0.132343
     0.999984   -0.00438093    0.00348757     -0.131689    0.00438705      0.999989   -0.00174875     0.0653741   -0.00347987    0.00176403      0.999992     -0.103303
     0.999986   -0.00434599    0.00285257     -0.285096    0.00435401      0.999987   -0.00280979      0.200547   -0.00284032    0.00282217      0.999992   -0.00979732
     0.999988   -0.00425032    0.00222437     -0.227613    0.00425265       0.99999    -0.0010448     -0.241622   -0.00221991    0.00105424      0.999997     -0.110536
     0.999988   -0.00427497    0.00221304     -0.138473    0.00427422      0.999991   0.000341895     0.0273239   -0.00221449  -0.000332432      0.999997     -0.234888
     0.999988   -0.00440183    0.00229896     -0.148437    0.00440299       0.99999  -0.000500221     0.0514949   -0.00229674   0.000510337      0.999997       -0.2025
     0.999987   -0.00440979    0.00248507      -0.17784    0.00441115       0.99999  -0.000541582    -0.0415795   -0.00248266   0.000552537      0.999997     -0.193421
     0.999988   -0.00436278    0.00223524     -0.161663    0.00436322       0.99999   -0.00019287    0.00335716   -0.00223438    0.00020262      0.999997      -0.31283
     0.999989   -0.00404526     0.0023656     -0.189792    0.00404913       0.99999   -0.00163512     0.0552324   -0.00235896    0.00164468      0.999996     -0.230969
      0.99999   -0.00398972    0.00176816     -0.134987    0.00399153      0.999992   -0.00102447    -0.0607562   -0.00176406    0.00103152      0.999998     -0.302508
     0.999991   -0.00384613    0.00159492     -0.128295    0.00384952       0.99999   -0.00212762      0.095266   -0.00158672    0.00213374      0.999996     -0.221996
     0.999991   -0.00386446    0.00152122     -0.126968    0.00386676      0.999991   -0.00151346    -0.0422345   -0.00151536    0.00151933      0.999998     -0.272684
     0.999989    -0.0042408    0.00186213     -0.135583    0.00424477      0.999989   -0.00213225     0.0727543   -0.00185306    0.00214013      0.999996     -0.231856
     0.999988    -0.0043065    0.00218673     -0.153845    0.00430998      0.999989   -0.00159049    -0.0330103   -0.00217986     0.0015999      0.999996     -0.277861
     0.999995   -0.00116317    0.00299126    -0.0137888    0.00117506      0.999991   -0.00397852      0.181773   -0.00298661    0.00398201      0.999988      0.328668
     0.999997   -0.00095748    0.00238388    -0.0376172   0.000963144      0.999997   -0.00237602     0.0687536    -0.0023816    0.00237831      0.999994      0.100552
     0.999996  -0.000909745     0.0025714     0.0152297   0.000919386      0.999993   -0.00375073      0.231314   -0.00256797    0.00375308       0.99999      0.190843
     0.999996   -0.00116095    0.00272439    -0.0150191    0.00116824      0.999996   -0.00267636     0.0505572   -0.00272127    0.00267954      0.999993      0.107006
     0.999995    -0.0012611    0.00305673    -0.0319605    0.00127283      0.999992   -0.00384132      0.206966   -0.00305186    0.00384519      0.999988       0.22987
     0.999995   -0.00150587    0.00287988    -0.0566731     0.0015143      0.999995   -0.00292713     0.0535372   -0.00287545    0.00293148      0.999992      0.155995
     0.999996   -0.00115517    0.00242902     -0.034394    0.00116527      0.999991   -0.00416036      0.216252   -0.00242419    0.00416317      0.999988      0.274183
     0.999995   -0.00138227    0.00296764     -0.031263    0.00139085      0.999995   -0.00288982     0.0415857   -0.00296363    0.00289393      0.999991      0.164527
     0.999995   -0.00131145    0.00277959    -0.0229318    0.00132207      0.999992   -0.00382188      0.209307   -0.00277455    0.00382554      0.999989      0.254004
     0.999995   -0.00137517     0.0029007    -0.0345881    0.00138331      0.999995    -0.0028064     0.0795089   -0.00289683     0.0028104      0.999992      0.184352
     0.999996   -0.00113901    0.00240287    -0.0323951    0.00114949       0.99999   -0.00436538      0.200734   -0.00239788    0.00436813      0.999988       0.32015
     0.999996   -0.00121077     0.0027001    -0.0248148    0.00121847      0.999995   -0.00285107     0.0736592   -0.00269663    0.00285434      0.999992      0.195776
     0.999996   -0.00100969    0.00261672    -0.0207092    0.00102036      0.999991   -0.00408004      0.158489   -0.00261258    0.00408269      0.999988      0.261666
     0.999995   -0.00127721     0.0030574    -0.0380165    0.00128713      0.999994   -0.00324358     0.0869028   -0.00305324     0.0032475       0.99999      0.177233
     0.999996   -0.00108408    0.00266405    -0.0250914    0.00109335      0.999993   -0.00347973       0.14963   -0.00266026    0.00348262       0.99999      0.210019
     0.999995    -0.0011065    0.00294606    -0.0291837     0.0011173      0.999993   -0.00366765      0.136441   -0.00294198    0.00367093      0.999989      0.215474
     0.999996   -0.00101615    0.00276102    -0.0398818    0.00102464      0.999995   -0.00307652     0.0820112   -0.00275788    0.00307934      0.999991      0.161331
     0.999995   -0.00115497    0.00300211    -0.0198246    0.00116695      0.999991   -0.00399292      0.197941   -0.00299747    0.00399641      0.999988      0.266541
     0.999995   -0.00118009    0.00282084    -0.0323243    0.00118874      0.999995   -0.00306593     0.0683729   -0.00281721    0.00306927      0.999991      0.160934
     0.999996  -0.000920492    0.00266465   -0.00366565    0.00093137      0.999991   -0.00408414      0.230627   -0.00266087     0.0040866      0.999988      0.239248
     0.999996   -0.00104332    0.00270063    -0.0108252     0.0010517      0.999995   -0.00310507      0.087837   -0.00269738     0.0031079      0.999992      0.143732
     0.999998  -0.000436589     0.0020668    -0.0140271   0.000445015      0.999992   -0.00407819      0.230799     -0.002065     0.0040791       0.99999       0.22483
     0.999996    -0.0007176    0.00265433     0.0302471   0.000725762      0.999995   -0.00307518     0.0780856   -0.00265211    0.00307709      0.999992      0.147854
     0.999997  -0.000553309    0.00239533   0.000848214   0.000562469      0.999993   -0.00382523      0.210951    -0.0023932    0.00382656       0.99999       0.21619
     0.999995  -0.000650893    0.00299848    -0.0352324   0.000658579      0.999996   -0.00256297     0.0632084    -0.0029968    0.00256493      0.999992       0.17194
     0.999993   -0.00142793    0.00348262    -0.0842833    0.00143271      0.999998   -0.00137053     0.0659801   -0.00348066    0.00137551      0.999993      0.230809
     0.999991   -0.00151951    0.00390147    -0.0561167    0.00153111      0.999994   -0.00297183      0.120442   -0.00389693    0.00297778      0.999988      0.240023
     0.999996   -0.00144556    0.00231384     0.0379584    0.00145544       0.99999   -0.00427287       0.17136   -0.00230764    0.00427622      0.999988      0.251841
     0.999997  -0.000951464    0.00229377   -0.00298393   0.000961115      0.999991   -0.00420984      0.156296   -0.00228974    0.00421204      0.999989      0.276058
     0.999998  -0.000952788    0.00189387     0.0259788   0.000964121      0.999982   -0.00599237      0.283839   -0.00188813    0.00599418       0.99998      0.386671
     0.999991   -0.00207122    0.00379788     -0.120523    0.00206873      0.999998   0.000659066     -0.067997   -0.00379924  -0.000651203      0.999993      -0.12171
     0.999995   -0.00170979    0.00272917      -0.03992    0.00172261      0.999987   -0.00470233      0.175558   -0.00272109    0.00470701      0.999985       0.26295
      0.99999   -0.00259066    0.00368113     -0.049036    0.00260407       0.99999   -0.00364288     0.0715009   -0.00367165    0.00365243      0.999987      0.190014
      0.99999   -0.00252439    0.00368516     -0.141688    0.00254139      0.999986   -0.00461562      0.214409   -0.00367346    0.00462494      0.999983      0.286616
     0.999989    -0.0026786     0.0037204    -0.0965731    0.00269071      0.999991   -0.00325205     0.0460117   -0.00371166    0.00326203      0.999988      0.200791
     0.999991   -0.00308623    0.00305922     -0.130823    0.00309284      0.999993   -0.00215989      0.166021   -0.00305254    0.00216933      0.999993      0.277573
      0.99999   -0.00313957    0.00327464     -0.124899    0.00314687      0.999993   -0.00222654   -0.00108671   -0.00326762    0.00223682      0.999992      0.192957
      0.99999   -0.00320937    0.00306572     -0.139934    0.00321948      0.999989   -0.00329978      0.185297   -0.00305509    0.00330962       0.99999      0.280202
     0.999991   -0.00319095    0.00271683     -0.143977    0.00319754      0.999992   -0.00242476    -0.0137649   -0.00270907    0.00243342      0.999993      0.176068
     0.999993   -0.00292472    0.00240347     -0.131919    0.00293119      0.999992   -0.00269331        0.1569   -0.00239558    0.00270033      0.999993      0.197477
     0.999993   -0.00317964    0.00217467    -0.0959148    0.00318432      0.999993   -0.00215317    0.00351092   -0.00216781    0.00216008      0.999995       0.12776
     0.999992   -0.00310731    0.00269722     -0.109199    0.00311469      0.999991   -0.00273515      0.118388   -0.00268869    0.00274353      0.999993         0.163
     0.999993   -0.00291005     0.0025184     -0.113057    0.00291692      0.999992   -0.00272871       0.02508   -0.00251044    0.00273603      0.999993      0.183065
      0.99999    -0.0029673    0.00326511     -0.100693    0.00297729      0.999991   -0.00305861      0.131579     -0.003256     0.0030683       0.99999      0.220642
     0.999991   -0.00304211    0.00299476      -0.12981       0.00305      0.999992   -0.00263253     0.0246301   -0.00298673    0.00264164      0.999992      0.151608
     0.999988   -0.00349078     0.0034951     -0.112163    0.00350266      0.999988    -0.0033978      0.163943    -0.0034832       0.00341      0.999988      0.243168
     0.999988   -0.00379736    0.00299698     -0.185192    0.00380602      0.999989   -0.00288824     0.0305643   -0.00298598    0.00289961      0.999991      0.153505
     0.999991   -0.00317449    0.00278583      -0.13605    0.00318205      0.999991   -0.00271447      0.121345   -0.00277718    0.00272331      0.999992      0.125435
     0.999991   -0.00327078    0.00262969     -0.111713    0.00327632      0.999992   -0.00210493       0.01556   -0.00262279    0.00211353      0.999994      0.107742
     0.999991   -0.00332359    0.00273463     -0.135072     0.0033334      0.999988   -0.00359189      0.154327   -0.00272266    0.00360097       0.99999      0.176342
      0.99999   -0.00347709    0.00276232     -0.134015    0.00348338      0.999991   -0.00227818   -0.00640074   -0.00275438    0.00228778      0.999994     0.0714444
     0.999992   -0.00307625    0.00241572     -0.136841    0.00308511      0.999988   -0.00367179      0.182584    -0.0024044    0.00367921       0.99999      0.167596
     0.999994   -0.00275823     0.0022665     -0.103361    0.00276362      0.999993    -0.0023781  -0.000138348   -0.00225992    0.00238435      0.999995     0.0858222
     0.999991   -0.00314775    0.00272956    -0.0957225    0.00315794      0.999988   -0.00373825       0.20308   -0.00271776    0.00374684      0.999989      0.211481
     0.999992   -0.00312926    0.00261936     -0.132925    0.00313687      0.999991   -0.00290777   -0.00625391   -0.00261023    0.00291596      0.999992      0.110393
