# 3dvolreg matrices (DICOM-to-DICOM, row-by-row):
            1  -0.000427634  -0.000209519   -0.00145497   0.000427635             1   7.32435e-06     0.0413745   0.000209516  -7.41394e-06             1     0.0184794
            1  -0.000223513   0.000195737   -0.00974708   0.000223559             1  -0.000234654     0.0771489  -0.000195684   0.000234698             1     0.0213187
            1   1.66423e-11   5.91104e-11  -9.44284e-10  -1.66423e-11             1   7.55015e-11   3.15282e-09  -5.91104e-11  -7.55015e-11             1   3.59999e-09
            1  -0.000181314   0.000481686    0.00436783   0.000181402             1  -0.000182886      0.122833  -0.000481652   0.000182973             1        0.0298
            1  -0.000356569   0.000292596   -0.00880516    0.00035649             1   0.000270219    -0.0348783  -0.000292692  -0.000270115             1    0.00764606
            1  -0.000232375   0.000553327    -0.0209527   0.000232688             1  -0.000566759      0.133347  -0.000553195   0.000566888             1     0.0990814
            1   -0.00040143   0.000658324     -0.032754   0.000401496             1  -9.97219e-05    -0.0267248  -0.000658284   9.99862e-05             1     0.0152864
            1   2.50798e-05   0.000756677    -0.0287709  -2.45765e-05             1  -0.000665148      0.108768  -0.000756694   0.000665129      0.999999     0.0704233
            1  -0.000387836   0.000863118   -0.00546528   0.000387984             1  -0.000171335     0.0142443  -0.000863052   0.000171669             1   -0.00281074
            1   3.59025e-05   0.000320467   -0.00914327  -3.57175e-05             1  -0.000577332        0.1301  -0.000320488   0.000577321             1     0.0691452
            1  -0.000162794    0.00090333   -0.00664956   0.000163225             1  -0.000477419     0.0579249  -0.000903252   0.000477566      0.999999     0.0345292
            1   4.57418e-05    0.00059708    -0.0215164   -4.5746e-05             1   7.09939e-06     0.0449007   -0.00059708   -7.1267e-06             1     0.0286368
     0.999999   0.000166606    0.00110086   -0.00663852  -0.000166017             1  -0.000535246      0.122322   -0.00110095   0.000535063      0.999999     0.0814663
     0.999999   5.44666e-05    0.00102443    0.00546238  -5.49523e-05             1   0.000474141   -0.00863236    -0.0010244  -0.000474197      0.999999     0.0383944
     0.999999    0.00010339    0.00121905    -0.0192972  -0.000102978             1  -0.000338314      0.144874   -0.00121908   0.000338188      0.999999      0.102714
     0.999999   0.000257582    0.00125025   -0.00599076  -0.000258399             1   0.000653367    -0.0205276   -0.00125008  -0.000653689      0.999999     0.0312931
     0.999999   0.000280143     0.0011228   -0.00847719  -0.000279887             1  -0.000228277      0.140691   -0.00112286   0.000227963      0.999999      0.115149
     0.999999   0.000250068    0.00154137     0.0174084  -0.000249931             1  -8.90116e-05     0.0125193   -0.00154139   8.86263e-05      0.999999        0.1218
     0.999999  -0.000194447    0.00167457    -0.0377298   0.000195771             1   -0.00079032      0.101229   -0.00167442   0.000790646      0.999998      0.167433
     0.999999   1.80997e-05     0.0015572    -0.0479343  -1.88678e-05             1   0.000493287   -0.00436456   -0.00155719  -0.000493316      0.999999     0.0358039
     0.999999   0.000422574    0.00148283     -0.021582  -0.000422401             1  -0.000117341      0.104318   -0.00148288   0.000116714      0.999999     0.0841643
     0.999999   0.000344419    0.00160398     0.0186759  -0.000344282             1  -8.55418e-05     0.0522936   -0.00160401   8.49894e-05      0.999999     0.0795873
     0.999999   0.000421833    0.00148309    -0.0130934   -0.00042224             1    0.00027403      0.039339   -0.00148297  -0.000274656      0.999999     0.0716627
     0.999998   0.000175449    0.00177845    -0.0043831  -0.000175456             1   4.03127e-06      0.107641   -0.00177845   -4.3433e-06      0.999998     0.0809631
     0.999999  -6.37764e-06    0.00166654    -0.0224062    5.8324e-06             1   0.000327173    0.00665739   -0.00166654  -0.000327163      0.999999     0.0559569
     0.999998  -0.000240013    0.00174466    -0.0908409   0.000240792             1  -0.000446541      0.102346   -0.00174455   0.000446961      0.999998     0.0801962
     0.999998  -0.000320404     0.0017848    -0.0240665   0.000319437             1   0.000542327    -0.0281065   -0.00178497  -0.000541756      0.999998     0.0434493
     0.999998   -0.00039476    0.00191631    -0.0319285   0.000394861             1  -5.24492e-05      0.170649   -0.00191629   5.32058e-05      0.999998       0.20515
     0.999998  -0.000547281    0.00180809    -0.0790357   0.000541843      0.999995    0.00300643    -0.0587998   -0.00180973   -0.00300544      0.999994     0.0914984
     0.999998  -0.000367163     0.0019497    -0.0430661    0.00036491      0.999999    0.00115627     0.0675681   -0.00195013   -0.00115556      0.999997      0.174536
     0.999998  -0.000525928    0.00183772    -0.0637064   0.000522243      0.999998    0.00200463    -0.0753261   -0.00183877   -0.00200367      0.999996     0.0863801
     0.999998  -0.000491274    0.00178609     -0.068235   0.000488458      0.999999    0.00157678     0.0936602   -0.00178687   -0.00157591      0.999997      0.158584
     0.999998  -0.000477593    0.00167558    -0.0590323   0.000474587      0.999998    0.00179447    -0.0707246   -0.00167643   -0.00179367      0.999997      0.160536
     0.999998  -0.000863957    0.00194175    -0.0401028   0.000863913             1   2.36684e-05      0.132927   -0.00194177  -2.19908e-05      0.999998      0.253107
     0.999998   -0.00106986    0.00166821    -0.0906638    0.00106742      0.999998    0.00146276     -0.118505   -0.00166977   -0.00146098      0.999998      0.136248
     0.999998  -0.000679664    0.00178748    -0.0859025   0.000677602      0.999999    0.00115401     0.0800153   -0.00178826    -0.0011528      0.999998      0.118224
     0.999998  -0.000857751    0.00182813    -0.0633683   0.000855547      0.999999     0.0012062    -0.0370908   -0.00182916   -0.00120463      0.999998     0.0974326
     0.999998  -0.000936284    0.00172907    -0.0900483   0.000934687      0.999999   0.000924633     0.0747235   -0.00172993  -0.000923015      0.999998      0.125814
     0.999998   -0.00104288    0.00195508    -0.0814535    0.00104038      0.999999    0.00127676     -0.063214   -0.00195641   -0.00127472      0.999997      0.076111
     0.999998   -0.00087719    0.00197516    -0.0713428   0.000875779      0.999999   0.000715122      0.132444   -0.00197579  -0.000713391      0.999998      0.151926
     0.999998  -0.000601869     0.0019911     -0.101906    0.00059858      0.999998    0.00165216    -0.0802531    -0.0019921   -0.00165097      0.999997     0.0502827
     0.999998  -0.000501771    0.00197543    -0.0544131   0.000500292             1   0.000748776      0.118418   -0.00197581  -0.000747786      0.999998       0.16431
     0.999998  -0.000746639    0.00184538    -0.0741771   0.000743818      0.999999    0.00152876    -0.0631653   -0.00184652   -0.00152739      0.999997     0.0953906
     0.999998  -0.000516325    0.00194734    -0.0899941   0.000515729             1     0.0003064     0.0973591    -0.0019475  -0.000305395      0.999998      0.190814
     0.999998   -0.00101997    0.00189971    -0.0743167    0.00101785      0.999999    0.00111573     -0.035817   -0.00190084    -0.0011138      0.999998      0.103113
     0.999998   -0.00112026     0.0015445    -0.0957469    0.00111892      0.999999   0.000872293     0.0543944   -0.00154548  -0.000870564      0.999998      0.164308
     0.999998    -0.0011606    0.00158536    -0.0845297    0.00115928      0.999999   0.000835914    0.00199273   -0.00158632  -0.000834074      0.999998      0.164475
     0.999998   -0.00107964    0.00164846    -0.0651027    0.00107762      0.999999    0.00122567     0.0148362   -0.00164978   -0.00122389      0.999998      0.192806
     0.999998   -0.00072921    0.00178858    -0.0664288   0.000727677      0.999999   0.000857758     0.0296814    -0.0017892  -0.000856455      0.999998      0.199806
     0.999998  -0.000587638    0.00167053    -0.0844751   0.000585583      0.999999    0.00122996    -0.0117241   -0.00167125   -0.00122898      0.999998       0.14225
     0.999998  -0.000533321    0.00174952    -0.0471424    0.00053172      0.999999   0.000915373      0.062679      -0.00175  -0.000914441      0.999998      0.142803
     0.999998  -0.000849387    0.00190848    -0.0828313   0.000846702      0.999999    0.00140727    -0.0504525   -0.00190967   -0.00140565      0.999997     0.0896458
     0.999998  -0.000899743    0.00184616     -0.075762   0.000899753             1  -4.57597e-06     0.0904584   -0.00184616   6.23705e-06      0.999998      0.203451
     0.999998  -0.000894341    0.00192753    -0.0820656    0.00089302      0.999999   0.000685666    -0.0256463   -0.00192814  -0.000683943      0.999998      0.132895
     0.999998  -0.000846024    0.00175299    -0.0764566    0.00084642             1  -0.000225158      0.124665    -0.0017528   0.000226641      0.999998      0.237928
     0.999998  -0.000863368    0.00191364    -0.0747025   0.000861236      0.999999    0.00111483    -0.0774078    -0.0019146   -0.00111318      0.999998      0.107942
     0.999997   -0.00129152    0.00220724    -0.0797192    0.00129128      0.999999   0.000107098      0.160363   -0.00220737  -0.000104247      0.999998      0.226897
     0.999998   -0.00102172     0.0019355     -0.113614    0.00101952      0.999999    0.00113444    -0.0832131   -0.00193666   -0.00113247      0.999997      0.148873
     0.999998  -0.000691164    0.00192633     -0.077435   0.000691325             1  -8.32388e-05      0.161578   -0.00192628   8.45703e-05      0.999998      0.229325
     0.999998  -0.000642253    0.00162395    -0.0830544   0.000640581      0.999999    0.00102949    -0.0663112   -0.00162461   -0.00102844      0.999998       0.12131
     0.999998  -0.000659048    0.00175689    -0.0740551   0.000658789             1   0.000148473      0.136761   -0.00175699  -0.000147315      0.999998      0.189478
     0.999999  -0.000332713    0.00137328    -0.0699222   0.000331986             1   0.000529351    -0.0534854   -0.00137345  -0.000528894      0.999999      0.139251
     0.999999  -0.000338921    0.00166545    -0.0323303   0.000337796             1   0.000675984     0.0751506   -0.00166568   -0.00067542      0.999998      0.119588
     0.999998  -0.000598618     0.0018994    -0.0378993   0.000598007             1    0.00032208     0.0161847   -0.00189959  -0.000320944      0.999998      0.152679
     0.999998  -0.000796302    0.00207775    -0.0917073   0.000795643             1    0.00031779     0.0627372     -0.002078  -0.000316136      0.999998       0.14702
     0.999997   -0.00113507    0.00219287    -0.0665228    0.00113512      0.999999  -1.96168e-05      0.027985   -0.00219285   2.21059e-05      0.999998       0.14548
     0.999997  -0.000821032     0.0023186    -0.0877775   0.000820311             1   0.000311769     0.0593245   -0.00231885  -0.000309866      0.999997      0.124552
     0.999998   -0.00051031    0.00209998    -0.0876171   0.000510538             1   -0.00010807     0.0754367   -0.00209993   0.000109141      0.999998      0.187738
     0.999998  -0.000655278    0.00207756    -0.0766475    0.00065495             1   0.000158365     0.0454009   -0.00207766  -0.000157004      0.999998      0.130401
     0.999998  -0.000501923    0.00210284    -0.0558515   0.000500681             1   0.000590966     0.0460909   -0.00210314  -0.000589912      0.999998      0.155173
     0.999998  -0.000304757    0.00209513    -0.0836947   0.000304254             1   0.000240189     0.0769109   -0.00209521  -0.000239551      0.999998      0.149294
     0.999998  -3.04373e-05    0.00205027    -0.0480563    2.9095e-05             1   0.000654683    -0.0128151   -0.00205029  -0.000654622      0.999998      0.119842
     0.999998   7.72468e-05    0.00198727    -0.0363079  -7.67593e-05             1  -0.000245351      0.135771   -0.00198729   0.000245198      0.999998      0.188607
     0.999998   7.22866e-05    0.00175294    -0.0431532  -7.37072e-05             1   0.000810323    -0.0525954   -0.00175288  -0.000810451      0.999998      0.107722
     0.999998   5.01953e-05    0.00197491    -0.0184946   -4.9189e-05             1  -0.000509572      0.177285   -0.00197494   0.000509474      0.999998      0.227102
     0.999999   2.72119e-05    0.00170214    -0.0624881  -2.82709e-05             1   0.000622139    -0.0303024   -0.00170212  -0.000622186      0.999998       0.10122
     0.999998   6.45455e-05    0.00208479    -0.0150459  -6.34772e-05             1  -0.000512471      0.166618   -0.00208483   0.000512338      0.999998      0.225008
     0.999998  -0.000193366     0.0021699    -0.0615458   0.000193846             1  -0.000221218    -0.0361142   -0.00216985   0.000221638      0.999998      0.161687
     0.999998   7.91503e-05    0.00208285    -0.0387997  -7.69835e-05      0.999999   -0.00104039      0.134744   -0.00208293    0.00104022      0.999997      0.230522
     0.999997   3.41374e-05    0.00263295    -0.0447139    -3.283e-05             1  -0.000496587     0.0323048   -0.00263296   0.000496499      0.999996      0.153535
     0.999999  -0.000463795   -0.00153559     0.0156094   0.000464205             1   0.000266938     0.0492934    0.00153547  -0.000267651      0.999999    -0.0435297
     0.999999  -0.000856957   -0.00106102     0.0246957   0.000856983             1   2.34621e-05       0.05735      0.001061  -2.43713e-05      0.999999    -0.0616348
     0.999999   -0.00103926   -0.00082917    -0.0151009    0.00103947      0.999999   0.000248566    0.00937181   0.000828911  -0.000249428             1    -0.0293842
     0.999999   -0.00112311  -0.000851041    -0.0150381    0.00112332      0.999999   0.000253432     0.0809297   0.000850756  -0.000254388             1   -0.00186812
     0.999999  -0.000762432  -0.000898003    -0.0260284   0.000762806             1   0.000416716      0.021235   0.000897685  -0.000417401             1   -0.00588556
     0.999999  -0.000646114  -0.000763518     0.0148198   0.000646696             1   0.000762505     0.0566187   0.000763025  -0.000762998      0.999999    -0.0267882
     0.999999   -0.00100681   -0.00030279    0.00499689    0.00100706      0.999999   0.000812964   -0.00220323   0.000301971  -0.000813268             1    -0.0376128
            1  -0.000775579  -0.000550172    -0.0399163   0.000776418      0.999999    0.00152552    0.00890419   0.000548988   -0.00152595      0.999999     -0.101187
     0.999999  -0.000867618  -0.000740287    0.00336375   0.000868755      0.999998     0.0015376    -0.0080021   0.000738951   -0.00153824      0.999999     -0.114474
            1  -0.000768206  -0.000561386    -0.0184686   0.000768831      0.999999    0.00111535     0.0420792   0.000560529   -0.00111578      0.999999     -0.106436
            1  -0.000579183  -0.000625116    -0.0184857   0.000580311      0.999998    0.00180638    -0.0598815   0.000624069   -0.00180674      0.999998     -0.191306
     0.999999  -0.000584525  -0.000834474     0.0409866   0.000585191             1   0.000797421     0.0784045   0.000834008  -0.000797908      0.999999    -0.0913458
            1  -0.000453787  -0.000809156    -0.0119071   0.000455199      0.999998    0.00174464    -0.0646872   0.000808363   -0.00174501      0.999998     -0.221275
            1  -0.000445342  -0.000649917     0.0209568   0.000445686             1     0.0005292     0.0840451   0.000649681   -0.00052949             1     -0.100334
            1  -0.000609545  -0.000554911     0.0242134    0.00061048      0.999998    0.00168718    -0.0602196   0.000553882   -0.00168752      0.999998     -0.226387
     0.999999  -0.000553656  -0.000947019    -0.0202386   0.000553602             1  -5.74561e-05      0.128352    0.00094705   5.69318e-05             1     -0.108033
     0.999999  -0.000252801   -0.00111704     0.0172043    0.00025431      0.999999    0.00135154    -0.0698889     0.0011167   -0.00135182      0.999998     -0.237717
     0.999999  -0.000266229   -0.00103029     0.0452605   0.000266437             1   0.000202525      0.153756    0.00103024  -0.000202799      0.999999     -0.109759
            1  -0.000318246   -0.00086364    0.00566734    0.00031967      0.999999    0.00164943    -0.0777855   0.000863114   -0.00164971      0.999998     -0.188173
            1  -0.000184849  -0.000977135     0.0323043   0.000185138             1   0.000296633      0.137411    0.00097708  -0.000296814      0.999999    -0.0419355
     0.999999  -0.000664934  -0.000868866     0.0382047   0.000666388      0.999998    0.00167359    -0.0798996   0.000867751   -0.00167416      0.999998     -0.197084
     0.999999  -0.000880043  -0.000947934    -0.0133858   0.000880133             1   9.45827e-05      0.132345    0.00094785  -9.54169e-05             1    -0.0573447
     0.999999  -0.000910866  -0.000768225    -0.0036474   0.000911973      0.999999    0.00144183    -0.0836033   0.000766911   -0.00144253      0.999999      -0.15952
     0.999999   -0.00118582  -0.000592476    0.00118446    0.00118587      0.999999   9.31636e-05      0.145746   0.000592365  -9.38661e-05             1    -0.0889556
     0.999999   -0.00143496  -0.000457518    -0.0292925    0.00143531      0.999999      0.000766     -0.093024   0.000456418  -0.000766656             1     -0.109006
     0.999999  -0.000933512  -0.000854251    -0.0598621   0.000933418             1  -0.000110687      0.128911   0.000854354    0.00010989             1    -0.0527162
            1  -0.000883774  -0.000430279    -0.0172649   0.000884137      0.999999   0.000845211    -0.0633848   0.000429532  -0.000845591             1     -0.152173
            1  -0.000910196  -0.000305108    -0.0282683   0.000910257             1   0.000198802     0.0977007   0.000304927   -0.00019908             1    -0.0870455
     0.999999   -0.00106626  -0.000141932    -0.0323739     0.0010664      0.999999   0.000969219    -0.0334962   0.000140899  -0.000969369             1     -0.185742
            1  -0.000644724  -0.000490082    -0.0235296   0.000644752             1   5.85114e-05      0.115277   0.000490044  -5.88274e-05             1     -0.083112
            1  -0.000906654  -0.000278159    -0.0188029   0.000906888      0.999999   0.000844301    -0.0447351   0.000277393  -0.000844553             1      -0.17318
     0.999999  -0.000924135  -0.000413092    -0.0195278   0.000924272             1   0.000331018      0.102299   0.000412786    -0.0003314             1    -0.0891579
            1  -0.000988375  -4.00556e-06    -0.0310583    0.00098838      0.999998    0.00165928    -0.0473486   2.36557e-06   -0.00165928      0.999999     -0.180376
            1  -0.000971045  -6.97991e-05    -0.0429537    0.00097115      0.999998    0.00152158     0.0613731   6.83215e-05   -0.00152164      0.999999    -0.0875654
     0.999999   -0.00119579  -9.66957e-05    -0.0226265    0.00119591      0.999999    0.00117245   -0.00497301   9.52935e-05   -0.00117256      0.999999    -0.0337447
     0.999999   -0.00121232  -0.000284251    -0.0679158    0.00121256      0.999999   0.000841358     0.0260911   0.000283231  -0.000841702             1     0.0136653
     0.999999   -0.00122011  -7.89751e-05    -0.0280058    0.00122022      0.999998    0.00144131    -0.0304361   7.72164e-05   -0.00144141      0.999999     -0.061815
     0.999999   -0.00142057  -0.000302188    -0.0621989    0.00142078      0.999999   0.000677371     0.0946512   0.000301225  -0.000677799             1     0.0126868
     0.999999   -0.00146405   -0.00011936    -0.0596789    0.00146429      0.999997    0.00201478     -0.115994    0.00011641   -0.00201496      0.999998     -0.106905
     0.999999   -0.00112817  -0.000292348     -0.056243    0.00112836      0.999999   0.000643993      0.106354   0.000291621  -0.000644323             1    -0.0138696
     0.999999   -0.00148422   0.000182004    -0.0250317    0.00148389      0.999997    0.00179487     -0.121735  -0.000184668    -0.0017946      0.999998     -0.132983
            1  -0.000939379  -0.000238619    -0.0638089   0.000939598      0.999999   0.000919804     0.0855781   0.000237755  -0.000920028             1    -0.0737221
     0.999999   -0.00112115    1.5068e-05    -0.0066757    0.00112113      0.999999    0.00127702    -0.0310525  -1.64997e-05     -0.001277      0.999999     -0.110336
     0.999999   -0.00113843   0.000195682    -0.0505511    0.00113821      0.999999      0.001119     0.0328273  -0.000196956   -0.00111878      0.999999    -0.0672007
     0.999998   -0.00192349    0.00064638    -0.0477357    0.00192273      0.999997     0.0011727    0.00615127  -0.000648634   -0.00117145      0.999999    -0.0479644
     0.999999   -0.00151156    2.2059e-05    -0.0981857    0.00151153      0.999998    0.00138323    -0.0334657  -2.41498e-05    -0.0013832      0.999999    -0.0867638
     0.999999   -0.00161298   0.000199097    -0.0671309    0.00161287      0.999999   0.000544861     0.0723021  -0.000199976  -0.000544539             1    -0.0131659
     0.999999   -0.00146392  -0.000207224    -0.0756671    0.00146418      0.999998    0.00126077    -0.0552743   0.000205378   -0.00126107      0.999999    -0.0530946
     0.999999    -0.0015174   0.000171186    -0.0470622    0.00151716      0.999998    0.00139171     0.0377655  -0.000173298   -0.00139145      0.999999     -0.054277
     0.999999   -0.00159282   9.80973e-07    -0.0480078    0.00159282      0.999998     0.0010753    -0.0287824  -2.69373e-06   -0.00107529      0.999999    -0.0329643
     0.999999   -0.00155338   1.52363e-05    -0.0749383    0.00155336      0.999998    0.00137327    0.00687112  -1.73695e-05   -0.00137325      0.999999     -0.113009
     0.999999   -0.00155619  -0.000169858     -0.052235    0.00155636      0.999998   0.000982904     0.0036139   0.000168329  -0.000983167             1    -0.0497741
     0.999999   -0.00124375  -0.000489336    -0.0773937    0.00124435      0.999998    0.00122534     0.0144713   0.000487811   -0.00122595      0.999999     -0.119029
     0.999999   -0.00107002  -0.000494905     -0.027352    0.00107065      0.999999    0.00127036     -0.017064   0.000493545   -0.00127089      0.999999     -0.112181
     0.999999     -0.001247   -6.8671e-05    -0.0290964    0.00124708      0.999998    0.00126821    0.00602399   6.70894e-05   -0.00126829      0.999999     -0.141707
     0.999999   -0.00112407  -0.000209531    -0.0449961    0.00112436      0.999998    0.00137356    -0.0307899   0.000207987    -0.0013738      0.999999     -0.160404
            1  -0.000971163   0.000150099    -0.0552429   0.000971035      0.999999   0.000852016      0.033305  -0.000150927   -0.00085187             1     -0.129679
     0.999999   -0.00122741   0.000375499    -0.0151835    0.00122685      0.999998    0.00148718    -0.0327826  -0.000377324   -0.00148672      0.999999     -0.172555
     0.999998    -0.0017483   0.000651951    -0.0802961    0.00174803      0.999998   0.000421566      0.058575  -0.000652687  -0.000420426             1     -0.113027
     0.999998   -0.00180764   0.000283717     -0.103214    0.00180734      0.999998    0.00106722     -0.060435  -0.000285646   -0.00106671      0.999999     -0.203107
     0.999999   -0.00153977    0.00026328    -0.0534898    0.00153971      0.999999   0.000232596      0.104592  -0.000263638   -0.00023219             1    -0.0699289
     0.999998   -0.00165673   0.000642945     -0.059707    0.00165595      0.999998    0.00121558    -0.0657898  -0.000644958   -0.00121451      0.999999     -0.115072
     0.999999   -0.00165845   0.000113874    -0.0723164    0.00165848      0.999999  -0.000233024       0.10411  -0.000113487   0.000233213             1    -0.0166845
     0.999998   -0.00186588  -0.000136609    -0.0788996    0.00186602      0.999998    0.00104874    -0.0696104   0.000134652     -0.001049      0.999999     -0.149503
     0.999997   -0.00229876    0.00060452    -0.0736899    0.00229871      0.999997    7.5652e-05      0.151919  -0.000604693  -7.42622e-05             1    -0.0699184
     0.999998   -0.00208999  -0.000205142     -0.104499    0.00209021      0.999997    0.00105624     -0.111052   0.000202934   -0.00105667      0.999999     -0.164558
     0.999998   -0.00217954   0.000220057    -0.0849769    0.00217953      0.999998   5.13896e-05      0.112832  -0.000220168  -5.09099e-05             1    -0.0755915
     0.999997   -0.00217054  -0.000688505    -0.0832783    0.00217094      0.999997   0.000577617    -0.0720012   0.000687249   -0.00057911             1    -0.0837315
     0.999998   -0.00170568  -0.000511185    -0.0940648    0.00170589      0.999998   0.000395966     0.0733118   0.000510509  -0.000396837             1     -0.116155
     0.999999   -0.00159195  -0.000654332    -0.0472155    0.00159212      0.999999   0.000251393    -0.0178089   0.000653931  -0.000252434             1      -0.10497
     0.999999   -0.00165577  -0.000179406    -0.0552195    0.00165586      0.999998   0.000523654     0.0192394   0.000178539  -0.000523951             1     -0.157883
     0.999999   -0.00153338  -0.000503656    -0.0645679    0.00153344      0.999999   0.000123002     0.0213174   0.000503466  -0.000123774             1     -0.134378
     0.999999   -0.00143821  -0.000276419    -0.0515537    0.00143835      0.999999    0.00051197      0.043671   0.000275682  -0.000512367             1     -0.171871
     0.999998   -0.00180804  -0.000190455    -0.0603788     0.0018081      0.999998   0.000273024     0.0121832   0.000189961  -0.000273367             1     -0.151747
     0.999998    -0.0017859   2.53665e-05    -0.0825095    0.00178588      0.999998   0.000542723     0.0148677  -2.63357e-05  -0.000542677             1     -0.180721
     0.999999   -0.00156947  -0.000130563    -0.0729311    0.00156956      0.999999   0.000702195    0.00597942   0.000129461  -0.000702399             1     -0.165813
     0.999999   -0.00160743   0.000291273    -0.0594637    0.00160727      0.999999   0.000561188     0.0397041  -0.000292175  -0.000560719             1     -0.146639
     0.999999   -0.00157305    7.2182e-06    -0.0694718    0.00157304      0.999999   0.000638657    -0.0216698  -8.22283e-06  -0.000638645             1     -0.166197
     0.999999   -0.00169503   0.000199993    -0.0677571    0.00169497      0.999999   0.000261593     0.0577701  -0.000200436  -0.000261254             1     -0.130759
     0.999998   -0.00191734  -0.000194648    -0.0775064    0.00191742      0.999998   0.000437693    -0.0184668   0.000193808  -0.000438066             1     -0.137355
     0.999998   -0.00194535   0.000254688    -0.0875495    0.00194523      0.999998   0.000470565     0.0409132  -0.000255603  -0.000470068             1     -0.158237
     0.999998   -0.00183385   5.55779e-05    -0.0728186    0.00183379      0.999998    0.00102291     -0.040165  -5.74536e-05   -0.00102281      0.999999     -0.204233
     0.999998   -0.00177527   0.000149718     -0.101905    0.00177513      0.999998   0.000928636     0.0288086  -0.000151366  -0.000928368             1     -0.222492
     0.999999    -0.0016937  -8.66556e-05    -0.0719225    0.00169375      0.999998   0.000510789   -0.00569618   8.57903e-05  -0.000510935             1     -0.180896
     0.999998   -0.00185634   0.000335395    -0.0710914    0.00185614      0.999998   0.000611922    0.00705423   -0.00033653  -0.000611298             1     -0.200079
     0.999998   -0.00202336   0.000298899    -0.0849794    0.00202316      0.999998   0.000664554    -0.0308036  -0.000300243  -0.000663948             1      -0.22634
     0.999998   -0.00215167   0.000574864     -0.118998    0.00215161      0.999998   0.000106082     0.0724296  -0.000575091  -0.000104845             1      -0.18215
     0.999997   -0.00224946   0.000755634     -0.100113    0.00224859      0.999997     0.0011467    -0.0614897  -0.000758211     -0.001145      0.999999     -0.254799
     0.999997   -0.00214907   0.000752788     -0.127518    0.00214925      0.999998  -0.000234203      0.097341  -0.000752283    0.00023582             1     -0.137306
     0.999997    -0.0023793   0.000810438    -0.0881359    0.00237852      0.999997   0.000959696      -0.07169  -0.000812719  -0.000957765      0.999999     -0.239494
     0.999996   -0.00256105   0.000812318     -0.114556    0.00256206      0.999996   -0.00125238      0.168671  -0.000809107    0.00125446      0.999999    0.00591808
     0.999997   -0.00254968   0.000359072     -0.161875    0.00254974      0.999997  -0.000157469      -0.10076  -0.000358669   0.000158384             1    -0.0732101
     0.999997   -0.00234299   0.000734912     -0.119403    0.00234231      0.999997   0.000926035      0.028064   -0.00073708  -0.000924311      0.999999     -0.199069
     0.999999    -0.0016685    0.00033477      -0.11636    0.00166855      0.999999  -0.000123607     0.0843876  -0.000334563   0.000124165             1     -0.114095
     0.999998   -0.00201729   0.000491304    -0.0804599    0.00201685      0.999998   0.000883325     -0.077021  -0.000493084  -0.000882332      0.999999     -0.213391
     0.999998   -0.00217171   0.000369554     -0.103343    0.00217189      0.999998  -0.000485824      0.117733  -0.000368498   0.000486626             1    -0.0983255
     0.999997   -0.00236876   0.000451293     -0.121448    0.00236848      0.999997   0.000606291    -0.0928231  -0.000452727   -0.00060522             1     -0.205791
     0.999996   -0.00254017   0.000864775      -0.12637    0.00253997      0.999997   0.000232046      0.102223  -0.000865361  -0.000229849             1     -0.201777
     0.999997   -0.00255259   0.000600367     -0.131953    0.00255209      0.999996   0.000834171    -0.0906914  -0.000602494  -0.000832636      0.999999      -0.24816
