# 3dvolreg matrices (DICOM-to-DICOM, row-by-row):
     0.999979    0.00514164   -0.00387845      0.600554   -0.00512115      0.999973    0.00527598     -0.262309    0.00390548   -0.00525601      0.999979      -0.11055
     0.999977    0.00539682   -0.00411573      0.597143   -0.00537636      0.999973    0.00496628     -0.251902    0.00414242   -0.00494404      0.999979     -0.122465
     0.999978    0.00527467   -0.00413333      0.616169   -0.00525519      0.999975    0.00471098     -0.244883    0.00415807   -0.00468916       0.99998    -0.0916601
     0.999976    0.00545495   -0.00426312      0.608032   -0.00543461      0.999974     0.0047694     -0.230449    0.00428903   -0.00474612       0.99998     -0.101711
     0.999973    0.00568243   -0.00461892       0.61372   -0.00566153      0.999974    0.00452515     -0.284044    0.00464451   -0.00449888      0.999979     -0.115831
      0.99997    0.00621788   -0.00470113      0.662848   -0.00619453      0.999968     0.0049641     -0.272206    0.00473185   -0.00493483      0.999977     -0.140996
      0.99997    0.00606623   -0.00483346      0.640651   -0.00604637      0.999973    0.00411332     -0.246467    0.00485828   -0.00408397       0.99998     -0.143405
     0.999968    0.00651963   -0.00465164      0.663716   -0.00650082      0.999971    0.00404724     -0.240817    0.00467789   -0.00401687      0.999981      -0.13102
      0.99997    0.00637218   -0.00437209      0.679658   -0.00635322       0.99997    0.00433727     -0.215628     0.0043996   -0.00430937      0.999981     -0.123684
     0.999972    0.00634051    -0.0039965      0.658889   -0.00632104      0.999968    0.00486514     -0.226998    0.00402722   -0.00483974       0.99998     -0.156982
     0.999975    0.00581122   -0.00400966      0.630497   -0.00579192      0.999972    0.00480693     -0.229108    0.00403748   -0.00478359       0.99998     -0.144423
     0.999976    0.00586845   -0.00374286      0.608079   -0.00584917       0.99997    0.00514151      -0.24562    0.00377292   -0.00511949       0.99998     -0.144578
     0.999974    0.00582421    -0.0042623      0.621574   -0.00580115      0.999969    0.00540353     -0.276014    0.00429364   -0.00537867      0.999976     -0.118603
     0.999971    0.00610128   -0.00457203      0.643179   -0.00607781      0.999968    0.00513042     -0.226364    0.00460319   -0.00510249      0.999976     -0.148363
     0.999971    0.00617527    -0.0044994      0.664989   -0.00615199      0.999968    0.00516963     -0.270758    0.00453118    -0.0051418      0.999977     -0.136324
     0.999971    0.00626056   -0.00438679      0.663841   -0.00623637      0.999965    0.00550653     -0.273816    0.00442112   -0.00547901      0.999975     -0.183467
     0.999971    0.00633195   -0.00423148      0.652228   -0.00630979      0.999966    0.00523036     -0.217393    0.00426445   -0.00520351      0.999977     -0.202383
     0.999967    0.00676348   -0.00452507      0.657984   -0.00673905      0.999963    0.00539222     -0.267774    0.00456137   -0.00536155      0.999975     -0.211769
     0.999967    0.00692061   -0.00433271      0.692847   -0.00689659      0.999961    0.00553668      -0.27503    0.00437085   -0.00550661      0.999975     -0.210231
     0.999968    0.00691994   -0.00407989       0.68072   -0.00689593      0.999959    0.00586976     -0.284401    0.00412034   -0.00584144      0.999974     -0.220374
     0.999968    0.00695884   -0.00395858      0.663757   -0.00693758      0.999962    0.00535893     -0.225725    0.00399572   -0.00533129      0.999978     -0.216809
     0.999966    0.00724498   -0.00384879      0.678498   -0.00722291      0.999958    0.00571901     -0.252452    0.00389006   -0.00569102      0.999976      -0.19216
     0.999969    0.00679059   -0.00406893      0.714188   -0.00676644       0.99996    0.00592059     -0.268322    0.00410897   -0.00589287      0.999974     -0.194506
     0.999973     0.0064361   -0.00352803      0.645377   -0.00641421       0.99996    0.00618171      -0.26758    0.00356768   -0.00615891      0.999975     -0.157335
     0.999972    0.00690208   -0.00301808      0.662204   -0.00688349      0.999958    0.00612676     -0.234301    0.00306024   -0.00610581      0.999977     -0.190526
     0.999973    0.00681999   -0.00284998      0.678587   -0.00680163      0.999956    0.00640439      -0.28998    0.00289353   -0.00638483      0.999975     -0.204636
     0.999971    0.00696355   -0.00305318      0.609208   -0.00694342      0.999954    0.00655357     -0.269418    0.00309868   -0.00653218      0.999974     -0.239548
     0.999973     0.0067801   -0.00279725      0.638209   -0.00676285      0.999958    0.00613297     -0.253432    0.00283871   -0.00611389      0.999977     -0.189928
     0.999972    0.00681096   -0.00323836      0.632791   -0.00678981      0.999956    0.00649583     -0.303462    0.00328246   -0.00647366      0.999974     -0.239509
      0.99997    0.00704057   -0.00324945      0.634688   -0.00701999      0.999955    0.00630231     -0.264893    0.00329368   -0.00627931      0.999975     -0.216539
     0.999968    0.00731016   -0.00325336      0.680743   -0.00728969      0.999954    0.00626051     -0.265415    0.00329897   -0.00623659      0.999975     -0.214257
     0.999966    0.00759786   -0.00334549      0.678753   -0.00757656      0.999951    0.00633685     -0.280196    0.00339347   -0.00631128      0.999974     -0.271009
     0.999966    0.00759087   -0.00324895      0.663242   -0.00756971       0.99995    0.00647542     -0.304962    0.00329794   -0.00645061      0.999974     -0.261975
     0.999972    0.00688857   -0.00277474      0.700915   -0.00686871      0.999951    0.00710522     -0.216492    0.00282355   -0.00708597      0.999971     -0.217681
     0.999973     0.0066734   -0.00310227      0.595751   -0.00665049      0.999951    0.00733645     -0.297662    0.00315107   -0.00731562      0.999968     -0.277396
     0.999972    0.00666325   -0.00326923      0.633851   -0.00664031      0.999954    0.00697758     -0.310285    0.00331557   -0.00695568       0.99997     -0.314221
     0.999976    0.00629127   -0.00274348      0.635126   -0.00627366       0.99996    0.00638009     -0.270744    0.00278351   -0.00636273      0.999976     -0.279454
     0.999978    0.00628922   -0.00228859      0.636869   -0.00627417      0.999959    0.00652358     -0.282304    0.00232952   -0.00650908      0.999976     -0.249939
     0.999978    0.00622418   -0.00238723       0.59524   -0.00620802      0.999958    0.00672046      -0.26494    0.00242896   -0.00670549      0.999975     -0.264921
     0.999977    0.00632658   -0.00245906      0.632879   -0.00631055      0.999959    0.00647533     -0.250629    0.00249993   -0.00645966      0.999976     -0.250389
     0.999977    0.00630046   -0.00250102      0.585375   -0.00628419      0.999959    0.00645838     -0.254142    0.00254161   -0.00644252      0.999976      -0.24874
     0.999975    0.00635541   -0.00295528      0.601087   -0.00633684       0.99996    0.00625315     -0.300312    0.00299491   -0.00623427      0.999976     -0.238487
     0.999976    0.00630289   -0.00296129      0.624365   -0.00628423      0.999961    0.00626717     -0.252963    0.00300068   -0.00624841      0.999976     -0.219435
     0.999974    0.00646491   -0.00321833      0.606175    -0.0064448       0.99996    0.00622121     -0.250501    0.00325842   -0.00620031      0.999975     -0.218169
     0.999972    0.00652569   -0.00377039      0.605667   -0.00650297      0.999961    0.00600745     -0.274503    0.00380945   -0.00598276      0.999975     -0.226528
     0.999969    0.00683099   -0.00396092      0.639062   -0.00680735      0.999959    0.00594942     -0.244711     0.0040014   -0.00592227      0.999974     -0.237095
     0.999964    0.00714516   -0.00451878      0.669614   -0.00711805      0.999957    0.00598662     -0.285251    0.00456136   -0.00595424      0.999972     -0.244263
     0.999962    0.00732884   -0.00478583      0.688978   -0.00729953      0.999955    0.00611309     -0.290054    0.00483041   -0.00607792       0.99997     -0.272131
     0.999964    0.00728401   -0.00429191      0.739066   -0.00725881      0.999956    0.00585855     -0.264775     0.0043344   -0.00582719      0.999974     -0.281389
     0.999967    0.00713134   -0.00391908      0.697828   -0.00710753      0.999956    0.00605649      -0.29073     0.0039621   -0.00602844      0.999974     -0.297523
     0.999968    0.00704001   -0.00378875      0.667336   -0.00701647      0.999956    0.00619195     -0.254089    0.00383217   -0.00616516      0.999974     -0.298842
     0.999968    0.00721153   -0.00345339      0.682779      -0.00719      0.999955    0.00620456     -0.256513    0.00349798   -0.00617953      0.999975     -0.291216
     0.999965    0.00764017   -0.00342361      0.693961   -0.00761757      0.999949    0.00656637      -0.26354    0.00347361   -0.00654006      0.999973      -0.25658
     0.999966     0.0075124   -0.00330933      0.648329   -0.00749039       0.99995    0.00661249     -0.284846    0.00335884   -0.00658748      0.999973     -0.290369
     0.999969    0.00719278   -0.00310151      0.658881   -0.00717259      0.999953    0.00647074     -0.220982    0.00314791    -0.0064483      0.999974     -0.247602
      0.99997    0.00716548   -0.00297535      0.682001   -0.00714643      0.999954    0.00636713     -0.275585    0.00302084   -0.00634568      0.999975     -0.237453
     0.999971    0.00715926   -0.00277657       0.62929   -0.00714125      0.999954    0.00644257     -0.246981    0.00282257   -0.00642255      0.999975     -0.233288
     0.999971    0.00692827   -0.00302175      0.652512   -0.00690926      0.999957    0.00625784     -0.323087    0.00306498   -0.00623678      0.999976     -0.275322
     0.999967     0.0075102   -0.00298151      0.659082   -0.00749145      0.999952    0.00625026      -0.20182    0.00302831   -0.00622772      0.999976      -0.22678
     0.999966    0.00767197   -0.00299238      0.665146   -0.00765242       0.99995    0.00649359     -0.266563    0.00304205   -0.00647047      0.999974      -0.20979
     0.999965    0.00790756   -0.00268367      0.702394   -0.00788924      0.999946    0.00677244      -0.25877    0.00273708   -0.00675103      0.999973     -0.206048
     0.999962    0.00822169   -0.00276426      0.680808   -0.00820207      0.999942    0.00703598       -0.2344    0.00282194   -0.00701304      0.999971     -0.204516
     0.999986     0.0040198   -0.00341802      0.562209   -0.00400387      0.999981    0.00465561     -0.255234    0.00343667   -0.00464186      0.999983     -0.099471
     0.999985    0.00432461   -0.00335447      0.545421   -0.00430856      0.999979      0.004776     -0.273744    0.00337505   -0.00476147      0.999983     -0.116898
     0.999986    0.00422453   -0.00320942      0.569351    -0.0042091       0.99998    0.00479977     -0.268313    0.00322963   -0.00478619      0.999983     -0.123607
     0.999988    0.00406459   -0.00286646       0.52863   -0.00405194      0.999982    0.00440703     -0.246017    0.00288433   -0.00439536      0.999986     -0.106243
     0.999988    0.00383624   -0.00302604      0.541223    -0.0038225      0.999982    0.00453209     -0.264297    0.00304337   -0.00452047      0.999985    -0.0675536
     0.999986    0.00420934   -0.00318825      0.479124   -0.00419468      0.999981    0.00459346      -0.19739    0.00320753   -0.00458002      0.999984    -0.0946319
     0.999988    0.00404006   -0.00276636      0.559545   -0.00402769      0.999982    0.00446467     -0.233856    0.00278434   -0.00445347      0.999986    -0.0785696
     0.999988    0.00404279   -0.00260249      0.515698   -0.00403095      0.999982    0.00453953     -0.236136    0.00262079   -0.00452899      0.999986     -0.128602
     0.999988    0.00409071   -0.00282415      0.532892   -0.00407814      0.999982    0.00444149     -0.289369    0.00284227   -0.00442992      0.999986     -0.116199
     0.999987    0.00427304   -0.00277892      0.525079   -0.00425977       0.99998    0.00476358     -0.241946    0.00279922   -0.00475168      0.999985     -0.138138
     0.999988    0.00413959   -0.00250288      0.546322   -0.00412813      0.999981    0.00456921     -0.272295    0.00252174   -0.00455882      0.999986     -0.121506
      0.99999    0.00386988   -0.00232631      0.537756   -0.00385864      0.999981    0.00481653     -0.248409    0.00234491    -0.0048075      0.999986     -0.106398
     0.999988    0.00401071   -0.00277166      0.484264   -0.00399861      0.999983    0.00435803     -0.223762    0.00278909   -0.00434689      0.999987     -0.102453
     0.999984    0.00443146   -0.00354816       0.51018   -0.00441527       0.99998    0.00455922     -0.217927    0.00356829   -0.00454348      0.999983    -0.0418151
     0.999981    0.00477094   -0.00390041       0.55744   -0.00475288      0.999978    0.00462737      -0.24602     0.0039224   -0.00460874      0.999982     0.0331801
     0.999982    0.00486788   -0.00355212      0.601197   -0.00485018      0.999976    0.00497463     -0.261425    0.00357625   -0.00495731      0.999981     0.0376545
     0.999984     0.0048967   -0.00270897      0.604946   -0.00488286      0.999975    0.00509183     -0.245662    0.00273383   -0.00507852      0.999983   -0.00279684
     0.999988    0.00435016   -0.00209142       0.55023   -0.00433944      0.999978    0.00510074     -0.259304    0.00211356    -0.0050916      0.999985   -0.00409369
     0.999988    0.00443152   -0.00206432       0.49746   -0.00442173      0.999979    0.00472355     -0.243204    0.00208521   -0.00471436      0.999987    -0.0199131
     0.999988     0.0042757   -0.00219845      0.544898   -0.00426632      0.999982    0.00425709     -0.290888    0.00221661   -0.00424767      0.999989    -0.0334116
     0.999989    0.00409363     -0.002064      0.526367   -0.00408505      0.999983    0.00414422     -0.234583    0.00208093   -0.00413574      0.999989    -0.0344382
     0.999991    0.00376877   -0.00213432      0.528276   -0.00375957      0.999984    0.00429873     -0.238173    0.00215049   -0.00429066      0.999988    0.00383253
      0.99999    0.00381665   -0.00232945      0.493529   -0.00380674      0.999984     0.0042435     -0.239386    0.00234561   -0.00423459      0.999988    -0.0196388
     0.999991    0.00367344   -0.00197745       0.50719   -0.00366459      0.999983    0.00446113     -0.237415    0.00199381   -0.00445384      0.999988    -0.0136085
     0.999994    0.00336072   -0.00119237      0.488101    -0.0033555      0.999985    0.00435131     -0.198238    0.00120697   -0.00434728       0.99999    -0.0213681
     0.999994    0.00332262  -0.000530726      0.465375   -0.00332032      0.999985     0.0042766     -0.244532   0.000544928   -0.00427482      0.999991    0.00200687
     0.999969    0.00593652   -0.00508275       0.61744   -0.00590474      0.999963    0.00624664     -0.290488    0.00511965   -0.00621643      0.999968     -0.175841
     0.999964    0.00650089   -0.00546953      0.637388   -0.00646714       0.99996    0.00616609     -0.260895     0.0055094    -0.0061305      0.999966     -0.170612
     0.999954    0.00749807   -0.00598205      0.705595   -0.00746216      0.999954    0.00600354     -0.299673    0.00602679   -0.00595863      0.999964     -0.163797
     0.999959    0.00698026   -0.00577112      0.707759    -0.0069431      0.999955    0.00643449     -0.250558    0.00581578   -0.00639415      0.999963     -0.178152
     0.999962    0.00684786   -0.00540475      0.719415     -0.006812      0.999955    0.00662532     -0.280223    0.00544988   -0.00658825      0.999963      -0.18579
     0.999965    0.00667457   -0.00496116      0.676148   -0.00664088      0.999955     0.0067754     -0.293153    0.00500616   -0.00674222      0.999965     -0.209151
     0.999962     0.0067981   -0.00543832      0.703585   -0.00676021      0.999953    0.00695514      -0.29622    0.00548534   -0.00691812      0.999961     -0.204108
     0.999962    0.00692314    -0.0052728      0.684744   -0.00688903      0.999955    0.00645879      -0.26657    0.00531728   -0.00642222      0.999965     -0.188518
     0.999961    0.00708949   -0.00518042      0.701205   -0.00705818      0.999957    0.00603851     -0.263905      0.005223   -0.00600171      0.999968     -0.182039
      0.99996    0.00722636   -0.00533524      0.716467   -0.00719412      0.999956    0.00603676     -0.245738    0.00537863   -0.00599814      0.999968     -0.151502
     0.999961    0.00717763   -0.00516841      0.707694   -0.00714457      0.999954    0.00638599     -0.259598    0.00521401   -0.00634882      0.999966     -0.155187
     0.999962     0.0070611   -0.00511642      0.720253   -0.00702858      0.999955    0.00634688     -0.291054      0.005161   -0.00631068      0.999967     -0.238688
     0.999967    0.00673408   -0.00452099       0.68077    -0.0067046      0.999956    0.00650451     -0.235022    0.00456459   -0.00647399      0.999969     -0.231394
     0.999962     0.0071272   -0.00501578      0.673849   -0.00709376      0.999953    0.00665408     -0.302041    0.00506297   -0.00661824      0.999965     -0.244293
     0.999962    0.00704494    -0.0051673      0.712568   -0.00701005      0.999953    0.00673913     -0.248632    0.00521454   -0.00670265      0.999964      -0.23253
     0.999961    0.00727345    -0.0050821      0.683967   -0.00723954      0.999952     0.0066583     -0.257232    0.00513029   -0.00662125      0.999965     -0.229051
     0.999963    0.00715533   -0.00474784      0.723336   -0.00712426      0.999953     0.0065292     -0.318438    0.00479434   -0.00649513      0.999967     -0.232035
     0.999964    0.00705377   -0.00472443      0.718117   -0.00702257      0.999954    0.00658995     -0.267866     0.0047707   -0.00655653      0.999967     -0.219145
     0.999967     0.0069926   -0.00412195      0.671283   -0.00696484      0.999953    0.00670981     -0.237815    0.00416867   -0.00668088      0.999969     -0.229588
     0.999967    0.00684843   -0.00427598      0.670931   -0.00682002      0.999955    0.00662322     -0.300714    0.00432115   -0.00659384      0.999969     -0.236283
     0.999968    0.00677946   -0.00425556      0.672474   -0.00675123      0.999955    0.00661371     -0.307289    0.00430021   -0.00658476      0.999969     -0.228986
     0.999973    0.00634463    -0.0037372      0.701831   -0.00632011      0.999959    0.00653725     -0.273971    0.00377852   -0.00651346      0.999972     -0.216516
     0.999974    0.00640455    -0.0033123      0.653876   -0.00638264      0.999958    0.00658349      -0.24342    0.00335432   -0.00656217      0.999973     -0.207012
     0.999971    0.00668712   -0.00352221      0.617305   -0.00666363      0.999956    0.00663743     -0.268181    0.00356644   -0.00661377      0.999972       -0.2329
     0.999971    0.00667547   -0.00364843      0.651315   -0.00665056      0.999955    0.00679857     -0.291828    0.00369365   -0.00677411       0.99997     -0.308121
     0.999974    0.00595019   -0.00409554      0.670774   -0.00592223      0.999959    0.00680499     -0.312182    0.00413586   -0.00678056      0.999968     -0.247541
     0.999973    0.00613738    -0.0040377      0.608596   -0.00611019      0.999959      0.006712     -0.269691    0.00407873   -0.00668715      0.999969     -0.273752
     0.999971    0.00612935   -0.00443969      0.638209   -0.00609854      0.999957    0.00691825     -0.301342     0.0044819   -0.00689098      0.999966     -0.245645
     0.999967    0.00633122     -0.005028      0.610412   -0.00629741      0.999958    0.00671157     -0.254784    0.00507028   -0.00667969      0.999965     -0.267167
     0.999967    0.00629907   -0.00511425      0.679419   -0.00626558      0.999959    0.00653791     -0.305224    0.00515522   -0.00650565      0.999966     -0.256845
     0.999969    0.00626496   -0.00481174      0.646962   -0.00623201      0.999957    0.00683384     -0.267454    0.00485435   -0.00680364      0.999965     -0.300195
     0.999966    0.00649102   -0.00506803      0.655143   -0.00645527      0.999954     0.0070397      -0.30504    0.00511349   -0.00700674      0.999962     -0.342309
     0.999965    0.00660595   -0.00513792      0.679723    -0.0065712      0.999956     0.0067528      -0.29257     0.0051823    -0.0067188      0.999964     -0.345931
     0.999964    0.00670528   -0.00514417      0.673384   -0.00666865      0.999953    0.00710539     -0.327645    0.00519157   -0.00707083      0.999962     -0.373862
     0.999965    0.00656297   -0.00510357      0.704212   -0.00652635      0.999953    0.00715885      -0.30552    0.00515031    -0.0071253      0.999961     -0.356434
     0.999967     0.0066506   -0.00458471      0.671098   -0.00661831      0.999953    0.00702209     -0.263389     0.0046312   -0.00699152      0.999965      -0.35194
      0.99997    0.00666002   -0.00385191      0.665168   -0.00663151      0.999951    0.00736652     -0.292276    0.00390078   -0.00734076      0.999965     -0.356483
     0.999974     0.0061889   -0.00376153      0.684087   -0.00616164      0.999955    0.00721718     -0.289072    0.00380603   -0.00719381      0.999967     -0.349782
     0.999971    0.00621957   -0.00429535      0.608312   -0.00618774      0.999954    0.00738477     -0.285612    0.00434108   -0.00735798      0.999964     -0.387583
     0.999974    0.00588775   -0.00418488      0.640232   -0.00585769      0.999957    0.00715776     -0.293301    0.00422684   -0.00713306      0.999966     -0.378229
     0.999968    0.00643349   -0.00485094      0.608958   -0.00639747      0.999952    0.00740515     -0.306212    0.00489835   -0.00737387      0.999961     -0.378581
     0.999969    0.00640569   -0.00448106      0.682731   -0.00637164      0.999951    0.00757073     -0.249681    0.00452934   -0.00754195      0.999961     -0.362431
     0.999971    0.00643902    -0.0041596      0.638659   -0.00640831      0.999952    0.00735381     -0.295959    0.00420675   -0.00732694      0.999964     -0.338397
     0.999972    0.00624036   -0.00423735      0.668242   -0.00620941      0.999954    0.00727814      -0.30016    0.00428257   -0.00725163      0.999965     -0.327333
     0.999965    0.00692222   -0.00467592        0.6269   -0.00688872      0.999951    0.00714323     -0.284028    0.00472514   -0.00711077      0.999964     -0.346227
     0.999964    0.00710489   -0.00456716      0.685697   -0.00707092      0.999948    0.00741249     -0.307002    0.00461958   -0.00737993      0.999962     -0.345958
     0.999968    0.00698263   -0.00387824       0.70268   -0.00695457       0.99995    0.00720155     -0.251627    0.00392833   -0.00717435      0.999967     -0.363023
     0.999968    0.00708735    -0.0035958      0.686689   -0.00705927      0.999945    0.00776363     -0.286338    0.00365062     -0.007738      0.999963     -0.395856
     0.999968    0.00718273   -0.00342725      0.661442   -0.00715539      0.999943    0.00792437     -0.305195    0.00348397    -0.0078996      0.999963     -0.398002
     0.999969    0.00711553   -0.00324705      0.679578    -0.0070908      0.999946    0.00756409     -0.286806    0.00330069   -0.00754084      0.999966     -0.394057
     0.999969    0.00685729   -0.00374335      0.666887   -0.00682911      0.999949    0.00748843     -0.310555    0.00379451   -0.00746264      0.999965     -0.391001
     0.999969    0.00685816   -0.00375282      0.679367    -0.0068318      0.999952    0.00699079     -0.276327    0.00380059   -0.00696494      0.999969     -0.367931
     0.999974    0.00662386   -0.00291578      0.664549   -0.00660237      0.999951    0.00732115     -0.271673    0.00296413   -0.00730171      0.999969      -0.38257
     0.999978    0.00617595   -0.00240226      0.656109   -0.00615774      0.999953    0.00751252     -0.291527    0.00244854   -0.00749756      0.999969     -0.356777
     0.999976    0.00647154   -0.00253554      0.575922   -0.00645281      0.999952    0.00732732     -0.262823    0.00258284   -0.00731078       0.99997      -0.38264
     0.999973    0.00666457   -0.00298871      0.623002   -0.00664198       0.99995    0.00750709     -0.323711    0.00303859   -0.00748704      0.999967     -0.384473
     0.999973    0.00686935   -0.00261391      0.650676   -0.00684872      0.999946    0.00782156     -0.274661     0.0026675   -0.00780344      0.999966     -0.388325
     0.999975    0.00671404   -0.00233933      0.655918   -0.00669545      0.999947    0.00786845     -0.310582    0.00239203   -0.00785259      0.999966      -0.33272
     0.999977    0.00638705   -0.00208699      0.624998   -0.00636918      0.999944    0.00845822     -0.291083     0.0021409   -0.00844473      0.999962     -0.339993
     0.999973    0.00696558   -0.00246597      0.599635   -0.00694525      0.999943    0.00815629     -0.294779    0.00252264   -0.00813894      0.999964     -0.376222
      0.99997    0.00737554    -0.0023308      0.645754   -0.00735684      0.999941    0.00793327     -0.295221    0.00238917   -0.00791588      0.999966     -0.396383
     0.999966    0.00783218   -0.00267908        0.6615   -0.00781141       0.99994    0.00767582     -0.321381    0.00273903   -0.00765463      0.999967     -0.434101
     0.999967    0.00770464   -0.00253387      0.684579   -0.00768482      0.999941    0.00774051     -0.282751    0.00259335   -0.00772079      0.999967      -0.41331
     0.999968    0.00763121    -0.0023747      0.684206   -0.00761186      0.999939     0.0080552     -0.313928    0.00243602   -0.00803687      0.999965     -0.438367
     0.999972    0.00732977   -0.00171387      0.671903   -0.00731568      0.999941     0.0080854     -0.276655    0.00177303   -0.00807263      0.999966     -0.423956
     0.999975    0.00703385    -0.0012046      0.632475   -0.00702431      0.999945     0.0077503     -0.293717    0.00125905   -0.00774164      0.999969     -0.452339
     0.999972    0.00725891   -0.00153991       0.62302   -0.00724748      0.999947    0.00730017     -0.319701    0.00159282    -0.0072888      0.999972      -0.42507
     0.999975    0.00695582  -0.000976711      0.638498   -0.00694826      0.999947    0.00753886     -0.255521     0.0010291   -0.00753189      0.999971     -0.381146
     0.999978    0.00657374  -0.000742782      0.615049   -0.00656788      0.999949    0.00763709     -0.295245   0.000792948   -0.00763205      0.999971     -0.363533
     0.999976    0.00682232  -0.000852595      0.604701   -0.00681553      0.999947    0.00772955     -0.291182   0.000905283   -0.00772356       0.99997     -0.393857
     0.999977    0.00663559   -0.00103206      0.597008   -0.00662757      0.999949    0.00759442     -0.306223     0.0010824   -0.00758741      0.999971     -0.385886
     0.999978    0.00664276   -0.00080492      0.597258   -0.00663632      0.999948    0.00774799     -0.286014   0.000856346   -0.00774247       0.99997     -0.373118
     0.999976    0.00677379   -0.00127496      0.600278   -0.00676337      0.999945    0.00800916      -0.27834    0.00132914   -0.00800035      0.999967     -0.393111
     0.999974    0.00707047   -0.00132172      0.641852   -0.00705939      0.999941    0.00821042     -0.303138    0.00137969   -0.00820087      0.999965     -0.365976
     0.999972     0.0074008   -0.00111211      0.637058    -0.0073915      0.999939    0.00814797     -0.299221    0.00117235   -0.00813952      0.999966     -0.354554
     0.999971    0.00744439    -0.0015444      0.621875    -0.0074317       0.99994    0.00806608     -0.305952    0.00160435   -0.00805437      0.999966     -0.406851
     0.999973    0.00730042   -0.00126734      0.641819   -0.00728991      0.999941    0.00810636     -0.346916    0.00132645    -0.0080969      0.999966      -0.41803
     0.999975    0.00695311   -0.00119827      0.626925   -0.00694297      0.999942    0.00826769     -0.317899    0.00125568   -0.00825916      0.999965     -0.446285
     0.999976    0.00678202   -0.00120123      0.620232   -0.00677216      0.999945    0.00802894      -0.34918    0.00125562   -0.00802062      0.999967     -0.474714
     0.999979    0.00652002  -0.000441991      0.606105   -0.00651636      0.999948    0.00781771     -0.254219    0.00049294   -0.00781466      0.999969     -0.472254
     0.999982    0.00478891   -0.00357666       0.58367   -0.00477178      0.999977    0.00478235     -0.266763    0.00359948   -0.00476519      0.999982     0.0829846
     0.999984    0.00462288    -0.0031476      0.571053   -0.00460571      0.999975    0.00544258     -0.239043    0.00317268     -0.005428       0.99998    -0.0423087
     0.999986    0.00463622   -0.00264022      0.553289   -0.00462126      0.999973     0.0056444     -0.232128    0.00266632   -0.00563212      0.999981    -0.0569694
     0.999987     0.0043013   -0.00269581      0.558621   -0.00428568      0.999974    0.00577508     -0.256926    0.00272058   -0.00576345       0.99998    -0.0304599
     0.999986     0.0042539   -0.00304252        0.5292   -0.00423739      0.999976     0.0054125     -0.268096    0.00306547   -0.00539953      0.999981   -0.00262959
     0.999982    0.00472781   -0.00371286      0.526376    -0.0047105      0.999978     0.0046556     -0.242904    0.00373478   -0.00463803      0.999982   -0.00505381
     0.999982    0.00483958   -0.00358448      0.562436   -0.00482111      0.999975    0.00514366     -0.233402    0.00360928   -0.00512628       0.99998     -0.017766
     0.999985    0.00438395   -0.00331907      0.594521   -0.00436436      0.999973    0.00588449     -0.287353    0.00334478   -0.00586991      0.999977    -0.0550561
     0.999985    0.00479717   -0.00254871       0.54566   -0.00478208      0.999971    0.00589276     -0.224333     0.0025769   -0.00588048      0.999979    -0.0534727
     0.999987    0.00471864   -0.00175304      0.588887   -0.00470818      0.999971    0.00592109     -0.273359    0.00178093   -0.00591276      0.999981    -0.0518046
     0.999988    0.00479897    -0.0012025      0.540307   -0.00479237      0.999974     0.0054301     -0.193354    0.00122853   -0.00542427      0.999985    -0.0902682
