# 3dvolreg matrices (DICOM-to-DICOM, row-by-row):
            1   -0.00065362   0.000501722    0.00481235   0.000653659             1  -7.93576e-05    -0.0216281   -0.00050167   7.96855e-05             1    -0.0133269
            1  -0.000715053   0.000470673    0.00436369   0.000714966             1    0.00018476    -0.0344968  -0.000470805  -0.000184423             1    -0.0237002
            1  -8.41278e-11   -3.5386e-11  -1.47821e-09   8.41278e-11             1  -4.33636e-11   4.78919e-09    3.5386e-11   4.33636e-11             1  -1.79874e-10
            1   0.000771506  -0.000244813     0.0626172  -0.000771405             1     0.0004139    -0.0309319   0.000245132  -0.000413711             1     -0.015355
            1   0.000358151   2.40827e-05     0.0943708  -0.000358169             1   0.000747621     -0.055828  -2.38149e-05   -0.00074763             1    -0.0319124
            1    0.00027574  -0.000420125         0.033   -0.00027543             1   0.000736005   -0.00331084   0.000420328   -0.00073589             1    -0.0136285
            1    0.00037707  -0.000274567      0.054152  -0.000376945             1   0.000455692    -0.0178503   0.000274738  -0.000455588             1   -0.00882552
            1   3.02141e-05  -0.000114552     0.0527069   -3.0115e-05             1   0.000865401    -0.0420368   0.000114578  -0.000865398             1    -0.0287823
            1  -0.000729165   0.000259204     0.0443212   0.000728696      0.999998    0.00180578    -0.0224368  -0.000260521   -0.00180559      0.999998    -0.0152114
            1   -0.00044963   0.000393013   -0.00669632   0.000448905      0.999998    0.00184413    -0.0314979  -0.000393842   -0.00184395      0.999998    -0.0439549
            1  -0.000476787   0.000576602     0.0134304   0.000475696      0.999998    0.00189162    -0.0555311  -0.000577503   -0.00189134      0.999998    -0.0534533
            1  -0.000369178   0.000259848   -0.00570253   0.000368674      0.999998    0.00193741    -0.0482243  -0.000260562   -0.00193732      0.999998    -0.0144882
     0.999999   -0.00101573     0.0004493     0.0223134    0.00101481      0.999997    0.00203998     -0.059108  -0.000451371   -0.00203952      0.999998    -0.0204074
     0.999999   -0.00101997   0.000658957   -0.00771384    0.00101881      0.999998    0.00175842    -0.0140996  -0.000660749   -0.00175775      0.999998     0.0323295
     0.999999   -0.00102586   1.86081e-07    -0.0110349    0.00102586      0.999998    0.00152891     -0.107063  -1.75453e-06   -0.00152891      0.999999   -0.00433086
            1  -0.000460331   -2.0266e-05   -0.00539331   0.000460358      0.999999    0.00132716    0.00428897   1.96551e-05   -0.00132717      0.999999     0.0144883
            1   -0.00023098  -5.21331e-05     0.0330082   0.000231055      0.999999    0.00144414     -0.070951   5.17994e-05   -0.00144415      0.999999     0.0232294
            1  -0.000180215  -5.88296e-05     0.0427991   0.000180308      0.999999    0.00158134    -0.0415184   5.85446e-05   -0.00158135      0.999999     0.0234472
            1  -0.000515701   3.77571e-05     0.0350803   0.000515625      0.999998     0.0019879    -0.0514837  -3.87821e-05   -0.00198788      0.999998     0.0122299
            1  -0.000578599   0.000173725     0.0273787   0.000578271      0.999998    0.00188047    -0.0449975  -0.000174813   -0.00188037      0.999998      0.015046
            1  -0.000380143    0.00023263     0.0224758   0.000379702      0.999998    0.00189496    -0.0585142   -0.00023335   -0.00189487      0.999998     0.0136081
     0.999999  -0.000835102    0.00080827     0.0290104    0.00083332      0.999997    0.00220246    -0.0490876  -0.000810107   -0.00220178      0.999997     0.0359299
     0.999999   -0.00138068   0.000955961    -0.0224962    0.00137848      0.999996    0.00229171    -0.0181111  -0.000959121   -0.00229038      0.999997     0.0789655
     0.999999   -0.00140496   0.000720545    -0.0534079    0.00140332      0.999996    0.00226934    -0.0782167  -0.000723731   -0.00226832      0.999997     0.0782881
     0.999999   -0.00133548   0.000786364    -0.0386125    0.00133397      0.999997    0.00191976    -0.0498947  -0.000788926    -0.0019187      0.999998      0.109464
     0.999998   -0.00133412    0.00157522    -0.0304931    0.00133081      0.999997    0.00210473    -0.0208342   -0.00157802   -0.00210263      0.999997     0.0857223
     0.999998   -0.00140072     0.0016781    -0.0494987    0.00139751      0.999997    0.00191049    -0.0576472   -0.00168077   -0.00190814      0.999997     0.0854437
     0.999998   -0.00106144     0.0018921     -0.032358    0.00105819      0.999998    0.00172035    -0.0231941   -0.00189393   -0.00171834      0.999997     0.0898219
     0.999994   -0.00219636    0.00268471    -0.0317456    0.00218937      0.999994    0.00260547    -0.0767515   -0.00269041   -0.00259958      0.999993      0.131601
     0.999994   -0.00237227    0.00260264     -0.114837    0.00236482      0.999993    0.00286161    -0.0467016   -0.00260941   -0.00285543      0.999993      0.161543
     0.999995   -0.00195069    0.00246334    -0.0919236    0.00194481      0.999995     0.0023884     -0.060497   -0.00246799    -0.0023836      0.999994      0.117014
     0.999996   -0.00147752     0.0023378    -0.0834932    0.00147171      0.999996    0.00248517    -0.0285127   -0.00234146   -0.00248172      0.999994       0.10842
     0.999995    -0.0010872      0.002912    -0.0351335    0.00107963      0.999996     0.0025991    -0.0574895   -0.00291482   -0.00259594      0.999992      0.046484
     0.999996   -0.00124073    0.00258753    -0.0508257    0.00123467      0.999996    0.00234061     -0.154245   -0.00259043    -0.0023374      0.999994      0.066364
     0.999996   -0.00115849    0.00252551    -0.0728216    0.00115121      0.999995    0.00288402     0.0383225   -0.00252884    -0.0028811      0.999993     0.0724377
     0.999996  -0.000640622    0.00271662     -0.058339   0.000633948      0.999997    0.00245696     -0.102009   -0.00271819   -0.00245522      0.999993     0.0659551
     0.999995  -0.000848449    0.00306067    -0.0429309   0.000841809      0.999997    0.00217005    -0.0521575    -0.0030625   -0.00216746      0.999993     0.0191737
     0.999992    -0.0014337     0.0036227    -0.0535159    0.00142506      0.999996    0.00238638    -0.0470525   -0.00362611    -0.0023812      0.999991     0.0466758
            1  -0.000362138  -0.000314093    0.00167193   0.000361819      0.999999   -0.00101668     0.0143694   0.000314461    0.00101656      0.999999    0.00422677
            1  -0.000514812   0.000845317     0.0235536   0.000515085             1  -0.000322596     0.0377444   -0.00084515   0.000323031             1     0.0242138
     0.999999  -0.000790629   0.000935666  -0.000272412    0.00079104             1  -0.000438188    0.00055264  -0.000935319   0.000438928      0.999999     0.0462189
     0.999999   -0.00127352    0.00051639    -0.0193777    0.00127345      0.999999   0.000126323    -0.0308543   -0.00051655  -0.000125666             1      0.116881
     0.999999  -0.000979094   0.000296464    -0.0552023   0.000978968      0.999999   0.000426574     0.0234682  -0.000296882  -0.000426283             1      0.198652
            1  -0.000931308   0.000299354    -0.0171053   0.000931244             1   0.000215877     -0.025125  -0.000299555  -0.000215598             1      0.149109
            1  -0.000488835  -4.45703e-05    -0.0025948   0.000488845             1   0.000223599   -0.00526222    4.4461e-05  -0.000223621             1      0.140023
            1  -0.000156836  -0.000370848     0.0157195   0.000156934             1    0.00026472    -0.0121182   0.000370807  -0.000264779             1      0.115666
            1   0.000667076  -0.000692163     0.0365792   -0.00066703             1   6.60606e-05   -0.00935422   0.000692206  -6.55989e-05             1      0.116325
     0.999999    0.00102115  -0.000692267      0.083373   -0.00102125      0.999999  -0.000144746    -0.0175113   0.000692119   0.000145453             1     0.0802566
     0.999999    0.00115199   -0.00069622     0.0944839   -0.00115195      0.999999   6.35303e-05    -0.0235844   0.000696293  -6.27283e-05             1     0.0511301
     0.999999    0.00117224  -0.000306938     0.0922599   -0.00117234      0.999999  -0.000338653    -0.0227634   0.000306541   0.000339013             1     0.0482455
            1   0.000924112  -0.000247918      0.132082  -0.000924313      0.999999  -0.000813788     0.0547204   0.000247166   0.000814016             1     0.0799275
            1   0.000882686  -0.000271068     0.0563501  -0.000882807             1  -0.000446295     0.0322062   0.000270674   0.000446534             1     0.0559816
     0.999999     0.0012493  -0.000835427     0.0860983    -0.0012496      0.999999  -0.000354746   -0.00449992   0.000834983   0.000355789             1     0.0913549
     0.999999    0.00141306  -0.000992422      0.129941    -0.0014135      0.999999  -0.000448166     0.0236696   0.000991787   0.000449568      0.999999       0.10023
     0.999998    0.00153692  -0.000809628      0.104325   -0.00153742      0.999999  -0.000617572     0.0300517   0.000808677   0.000618815      0.999999      0.102333
     0.999999    0.00104741  -0.000704361      0.121152   -0.00104752      0.999999  -0.000161636    0.00626726   0.000704191   0.000162373             1      0.137406
     0.999999    0.00124388  -0.000894315     0.0787692   -0.00124421      0.999999  -0.000370143     0.0267754   0.000893853   0.000371255             1      0.116686
     0.999999    0.00133397   -0.00082124       0.10105   -0.00133442      0.999999  -0.000537045     0.0151718   0.000820523    0.00053814             1      0.136302
     0.999998    0.00186267    -0.0011567      0.113891   -0.00186327      0.999998  -0.000512198     0.0333324    0.00115575   0.000514352      0.999999      0.134922
     0.999996    0.00231343   -0.00151956      0.140322   -0.00231392      0.999997  -0.000325552    0.00149433     0.0015188   0.000329067      0.999999     0.0968202
     0.999994    0.00271005   -0.00191197      0.138835   -0.00271081      0.999996  -0.000397446    -0.0239771    0.00191089   0.000402627      0.999998     0.0553573
     0.999999   -0.00122643     0.0011323     -0.032435    0.00122636      0.999999   6.50119e-05     0.0348952   -0.00113238  -6.36232e-05      0.999999    -0.0443297
     0.999999  -0.000810317    0.00112123    -0.0268433   0.000810632             1  -0.000280641    -0.0188789     -0.001121   0.000281549      0.999999    -0.0231401
     0.999999    -0.0007114    0.00136555    0.00317786   0.000711639             1  -0.000174813   -0.00838913   -0.00136543   0.000175784      0.999999     -0.055888
     0.999999   -0.00106872   0.000806821    -0.0117281     0.0010688      0.999999  -0.000108186    -0.0403242  -0.000806705   0.000109048             1    -0.0102106
     0.999999   -0.00147028   0.000875364    -0.0116135    0.00147016      0.999999   0.000135287    0.00376749  -0.000875562     -0.000134             1     0.0169024
     0.999999  -0.000747881   0.000715824      0.009231   0.000747798             1   0.000116154    -0.0296641  -0.000715911  -0.000115618             1    -0.0347002
            1  -0.000721375    0.00053711   -0.00260563   0.000721202             1    0.00032254     0.0272946  -0.000537342  -0.000322153             1    -0.0690152
            1  -0.000401696   0.000242809    -0.0342167   0.000401635             1   0.000252859   0.000620772  -0.000242911  -0.000252762             1    -0.0673249
            1  -0.000236893    0.00026266     0.0298571   0.000236746             1   0.000557938    -0.0510909  -0.000262792  -0.000557876             1    -0.0836789
            1   -0.00045627     8.243e-05    0.00295132   0.000456227             1   0.000520685     -0.023576  -8.26675e-05  -0.000520648             1    -0.0724672
            1  -0.000954694   6.03245e-05     0.0171734   0.000954646      0.999999    0.00077757    -0.0123049  -6.10668e-05  -0.000777512             1     0.0364673
      0.99999   -0.00322856   -0.00308167      0.179909    0.00325779      0.999949    0.00952821      0.121679    0.00305075   -0.00953815       0.99995      0.848719
            1   1.94612e-05    0.00039503     -0.120835  -1.88032e-05      0.999999   -0.00166575    -0.0819554  -0.000395062    0.00166575      0.999999     -0.583962
     0.999999  -0.000579652  -0.000819317    -0.0506478   0.000576877      0.999994   -0.00338268    -0.0875883   0.000821273    0.00338221      0.999994     0.0209322
     0.999999  -0.000958253   0.000298101    -0.0277872   0.000958021      0.999999   0.000778453     0.0300849  -0.000298847  -0.000778167             1    -0.0615408
     0.999999   -0.00120803   0.000298282     0.0115426    0.00120796      0.999999   0.000248758    -0.0520675  -0.000298582  -0.000248397             1    -0.0771662
     0.999999   -0.00120591   0.000244182    -0.0137018    0.00120594      0.999999  -0.000108459   -0.00256772  -0.000244051   0.000108754             1    -0.0916814
     0.999999   -0.00139057   0.000264784    -0.0226417     0.0013907      0.999999  -0.000463143    -0.0266379   -0.00026414   0.000463511             1    -0.0895711
     0.999999   -0.00162911   0.000142894    -0.0293839    0.00162924      0.999998  -0.000908661    -0.0157943  -0.000141413   0.000908893             1    -0.0901232
     0.999998   -0.00188651   0.000439427    -0.0489612    0.00188682      0.999998  -0.000695659    0.00834852  -0.000438114   0.000696487             1    -0.0884224
     0.999999   -0.00166941   0.000431186    -0.0630824     0.0016697      0.999998   -0.00067913    -0.0170206  -0.000430051   0.000679848             1    -0.0785102
     0.999999   -0.00132054   0.000153089    -0.0307977    0.00132068      0.999999  -0.000863179    -0.0153292  -0.000151949    0.00086338             1     -0.109452
     0.999999   -0.00149923   0.000854179    -0.0182869    0.00149993      0.999999  -0.000823221      0.013655  -0.000852943   0.000824501      0.999999       -0.1463
     0.999998   -0.00171359    0.00100516    -0.0665352     0.0017144      0.999998  -0.000808487   -0.00082985   -0.00100377   0.000810208      0.999999     -0.146839
     0.999997   -0.00195495     0.0011973    -0.0303763    0.00195612      0.999998  -0.000978017     0.0126684   -0.00119539   0.000980356      0.999999     -0.132906
     0.999999   -0.00161179   0.000562644    -0.0959533     0.0016128      0.999997   -0.00180193    -0.0153852  -0.000559738    0.00180284      0.999998     -0.173694
     0.999999   -0.00123329   0.000773543    -0.0442129    0.00123443      0.999998   -0.00148234     0.0607474  -0.000771713    0.00148329      0.999999     -0.124331
     0.999999   -0.00116893   0.000665332    -0.0126608    0.00116982      0.999998    -0.0013437   -0.00884679   -0.00066376    0.00134448      0.999999     -0.121505
            1  -0.000741777    0.00027037    -0.0263099   0.000742113      0.999999   -0.00124474   -0.00968207  -0.000269447    0.00124494      0.999999     -0.157409
            1  -0.000408803   0.000135951   -0.00355291   0.000408996      0.999999   -0.00142228    0.00924067   -0.00013537    0.00142233      0.999999     -0.171911
            1  -0.000312667  -0.000116571     0.0171702   0.000312491      0.999999    -0.0015056    0.00439954   0.000117042    0.00150556      0.999999     -0.179739
            1  -0.000160744  -6.49501e-05   -0.00155198   0.000160618      0.999998   -0.00193349     0.0443298   6.52607e-05    0.00193348      0.999998     -0.210006
            1  -9.06504e-05   0.000387304     0.0401066   9.16149e-05      0.999997     -0.002491   -0.00242224  -0.000387077    0.00249104      0.999997      -0.22326
            1  -4.03173e-05   0.000548765     0.0221185   4.15514e-05      0.999997   -0.00224913     0.0387938  -0.000548673    0.00224915      0.999997     -0.227964
            1   7.98296e-05   0.000798175     0.0269702  -7.79622e-05      0.999997   -0.00233932     0.0561674   -0.00079836    0.00233926      0.999997     -0.195369
            1  -1.12058e-05   0.000624898     0.0306344   1.27239e-05      0.999997   -0.00242929    0.00206252  -0.000624869    0.00242929      0.999997      -0.21342
            1  -3.56124e-06   0.000641429     0.0132708   5.15564e-06      0.999997   -0.00248571     0.0824684  -0.000641418    0.00248572      0.999997     -0.176177
            1  -0.000486736   0.000673841     0.0283412   0.000488406      0.999997   -0.00248061   0.000576186  -0.000672631    0.00248094      0.999997     -0.203947
            1  -0.000662084   0.000580276    0.00271195   0.000663748      0.999996   -0.00287246     0.0304187  -0.000578372    0.00287285      0.999996     -0.213488
     0.999999  -0.000426795   0.000983662    0.00670728     0.0004292      0.999997    -0.0024459     0.0385077  -0.000982615    0.00244632      0.999997     -0.221185
     0.999999  -1.39555e-05    0.00122318     0.0208589   1.61108e-05      0.999998   -0.00176205      0.017756   -0.00122316    0.00176206      0.999998     -0.255487
            1   6.95492e-05   0.000987518     0.0206311   -6.7801e-05      0.999998   -0.00177028   -0.00875326  -0.000987639    0.00177021      0.999998     -0.281006
            1  -0.000606372   0.000429564     0.0179676   0.000606466             1  -0.000216687    -0.0066965  -0.000429432   0.000216947             1      0.117698
     0.999999   -0.00088934   0.000862662    -0.0142935    0.00088942             1  -9.28856e-05     0.0233385  -0.000862579   9.36528e-05             1     0.0521805
     0.999999  -0.000844385   0.000627612    -0.0172848   0.000844785      0.999999  -0.000637297    -0.0354266  -0.000627073   0.000637827             1     0.0567551
     0.999999  -0.000898927    0.00098169   -0.00741043   0.000899818      0.999999  -0.000907613     0.0264892  -0.000980873   0.000908496      0.999999     0.0431009
     0.999998   -0.00116752    0.00176156    0.00252931    0.00116857      0.999999  -0.000595088    0.00401012   -0.00176087   0.000597145      0.999998     0.0776357
     0.999998   -0.00112351    0.00139744    -0.0291509    0.00112423      0.999999  -0.000512018     0.0258013   -0.00139686   0.000513588      0.999999      0.100379
     0.999998   -0.00108967    0.00167934    -0.0399692    0.00109056      0.999999  -0.000527905   -0.00552658   -0.00167876   0.000529735      0.999998     0.0518791
     0.999999  -0.000633685    0.00114616      -0.04548   0.000634245             1  -0.000488237    -0.0112216   -0.00114585   0.000488963      0.999999     0.0436479
            1  -4.31707e-05     0.0008218    0.00303155    4.3262e-05             1  -0.000111072   -0.00137975  -0.000821796   0.000111108             1      0.061887
            1   9.25195e-05   0.000792015     0.0142196  -9.23532e-05             1  -0.000210013    -0.0133929  -0.000792034    0.00020994             1     0.0842893
            1  -0.000392532   0.000347341    0.00837981   0.000392713             1  -0.000520999   -0.00933346  -0.000347137   0.000521135             1     0.0819278
            1  -0.000229666   0.000736949    -0.0103992   0.000230293             1  -0.000851878    -0.0214239  -0.000736753   0.000852047      0.999999     0.0366401
            1   0.000290485   0.000840219     0.0483944  -0.000290021             1  -0.000552271     0.0201835   -0.00084038   0.000552027      0.999999     0.0171941
     0.999999    0.00101623    0.00085632     0.0423916   -0.00101637      0.999999   0.000154531    -0.0189165  -0.000856163  -0.000155401             1    0.00189552
     0.999999    0.00116624    0.00115287     0.0596958   -0.00116646      0.999999    0.00018553    -0.0388082   -0.00115266  -0.000186874      0.999999   -0.00544154
     0.999999    0.00106439    0.00065856     0.0479569   -0.00106464      0.999999   0.000378291   -0.00136409  -0.000658156  -0.000378992             1     0.0036946
     0.999999    0.00136642   0.000418976     0.0644471   -0.00136667      0.999999   0.000587973    -0.0311908  -0.000418172  -0.000588545             1    0.00705397
     0.999999    0.00156717   0.000437255     0.0707151   -0.00156733      0.999999   0.000353842    0.00976654  -0.000436699  -0.000354527             1     0.0122007
     0.999999    0.00155761   0.000698882     0.0789323   -0.00155756      0.999999  -8.00033e-05    -0.0321012  -0.000699006   7.89147e-05             1     0.0101436
     0.999999    0.00106295    0.00120752     0.0793149   -0.00106285      0.999999  -8.07522e-05    0.00648105   -0.00120761   7.94686e-05      0.999999     0.0256605
     0.999999   0.000607914     0.0013552     0.0465654  -0.000608097             1   0.000135054     0.0170253   -0.00135512  -0.000135878      0.999999     0.0606735
     0.999999   0.000939653   0.000534935    0.00147238  -0.000939598             1   -0.00010322   -0.00146684  -0.000535032   0.000102718             1     0.0293905
     0.999999   0.000727285   0.000925016     0.0610759    -0.0007272             1  -9.22522e-05     0.0226572  -0.000925083   9.15795e-05             1     0.0124487
     0.999999   0.000970037   0.000944461    0.00422956  -0.000970136             1   0.000104486    -0.0164795  -0.000944359  -0.000105402             1     0.0285367
     0.999999    0.00104687   0.000903126     0.0839263   -0.00104718      0.999999   0.000342156    -0.0284193  -0.000902767  -0.000343101             1     0.0532991
     0.999999   0.000536187    0.00111389     0.0738731  -0.000536966             1   0.000698775    -0.0368988   -0.00111351  -0.000699373      0.999999     0.0709149
     0.999999   0.000592463   0.000951714     0.0167864  -0.000592812             1   0.000366715   -0.00495926  -0.000951496  -0.000367279      0.999999     0.0648666
     0.999999   0.000834374    0.00111075     0.0308422  -0.000834646             1   0.000244472   -0.00422868   -0.00111054  -0.000245399      0.999999     0.0806945
     0.999999    0.00111037   0.000790364     0.0271314   -0.00111072      0.999999     0.0004409    0.00387885  -0.000789874  -0.000441778             1      0.055323
     0.999999     0.0011375     0.0011409      0.075066   -0.00113793      0.999999   0.000378582    -0.0324414   -0.00114047  -0.000379879      0.999999     0.0370562
     0.999998   0.000958612    0.00150519     0.0841184  -0.000959956      0.999999   0.000892589    -0.0453337   -0.00150434  -0.000894032      0.999998   -0.00502022
     0.999998    0.00107078    0.00139576     0.0346197   -0.00107236      0.999999    0.00112882    -0.0445575   -0.00139455   -0.00113032      0.999998    -0.0137937
     0.999998     0.0012211    0.00136017      0.058825   -0.00122261      0.999999    0.00111136    -0.0385582   -0.00135881   -0.00111302      0.999998   -0.00355191
     0.999998    0.00153689    0.00135182     0.0642879   -0.00153816      0.999998   0.000936707     0.0131714   -0.00135038  -0.000938784      0.999999    -0.0159689
     0.999998    0.00102039    0.00179004     0.0759115   -0.00102242      0.999999    0.00113695    -0.0292017   -0.00178888   -0.00113878      0.999998     0.0168302
     0.999998   0.000826833     0.0019785     0.0341841  -0.000828802      0.999999   0.000994629     0.0087219   -0.00197767  -0.000996266      0.999998      0.024277
     0.999998   0.000694279    0.00164511     0.0145304  -0.000695749      0.999999   0.000893369    -0.0186047   -0.00164449  -0.000894512      0.999998     0.0131685
     0.999999   0.000794749    0.00129091     0.0381226  -0.000795817      0.999999   0.000827342    -0.0482935   -0.00129025  -0.000828369      0.999999     0.0382463
     0.999999   0.000720901    0.00101736     0.0256934  -0.000721733      0.999999   0.000817498    -0.0225395   -0.00101677  -0.000818231      0.999999     0.0386398
     0.999999    0.00138885   0.000457691     0.0319535   -0.00138899      0.999999   0.000302956    -0.0144891   -0.00045727  -0.000303591             1     0.0205088
     0.999999     0.0015127   0.000779781     0.0895879   -0.00151319      0.999999   0.000627829     0.0203285   -0.00077883  -0.000629008      0.999999     0.0213243
     0.999998    0.00184532    0.00081663     0.0823613   -0.00184593      0.999998   0.000749695    -0.0282027  -0.000815245    -0.0007512      0.999999    -0.0248438
     0.999997    0.00229278   0.000527408     0.0926248   -0.00229325      0.999997   0.000894296    -0.0491003  -0.000525356  -0.000895503      0.999999    -0.0304503
     0.999998    0.00217027   0.000531721      0.114354   -0.00217077      0.999997   0.000942886    -0.0200311  -0.000529673  -0.000944038      0.999999   -0.00961489
     0.999997    0.00231246   0.000760189      0.118104   -0.00231333      0.999997    0.00114592    -0.0210413  -0.000757536   -0.00114768      0.999999    -0.0293961
     0.999997     0.0024129   0.000672171      0.108706   -0.00241349      0.999997   0.000866675    -0.0340441  -0.000670078  -0.000868294      0.999999    -0.0344065
     0.999999   -0.00157652   0.000266015    -0.0244341    0.00157671      0.999999  -0.000697413    -0.0238997  -0.000264915   0.000697832             1    -0.0011179
     0.999999   -0.00153522   0.000717347    -0.0141078    0.00153558      0.999999  -0.000507514     0.0180157  -0.000716567   0.000508615             1   0.000454715
     0.999998   -0.00171954   0.000564864    -0.0380985    0.00171982      0.999998  -0.000491682    -0.0137646  -0.000564018   0.000492653             1    0.00417281
     0.999999   -0.00155739    0.00067999    -0.0572107    0.00155756      0.999999  -0.000254117     0.0220888  -0.000679593   0.000255175             1    -0.0095751
     0.999999   -0.00147277   0.000824638    -0.0514543    0.00147301      0.999999  -0.000296763    -0.0152431  -0.000824201   0.000297977             1   -0.00114588
     0.999999   -0.00143212   0.000887325    -0.0232271    0.00143204      0.999999   8.76998e-05    -0.0320134   -0.00088745   -8.6429e-05             1     0.0020137
     0.999999   -0.00144652   0.000922676    -0.0424264    0.00144626      0.999999   0.000284871    -0.0235445  -0.000923087  -0.000283536             1     0.0154167
     0.999999   -0.00151456    0.00058011    -0.0369803    0.00151421      0.999999   0.000600553    -0.0542811  -0.000581019  -0.000599674             1     0.0127688
     0.999998   -0.00165676   0.000896365    -0.0606604    0.00165668      0.999999   8.37092e-05     0.0197555  -0.000896502  -8.22241e-05             1     0.0157008
     0.999998     -0.001721   0.000544064    -0.0366568    0.00172108      0.999999  -0.000134808    -0.0825462  -0.000543831   0.000135744             1     0.0227509
     0.999999   -0.00146119   0.000639995    -0.0449861    0.00146117      0.999999   2.47407e-05     0.0797829  -0.000640031  -2.38055e-05             1    0.00896105
     0.999999  -0.000956721   0.000449355    -0.0225117   0.000956481      0.999999   0.000533647    -0.0616628  -0.000449865  -0.000533217             1      0.024249
            1  -0.000622895   0.000655946    0.00998993   0.000622668             1   0.000345558    -0.0272305  -0.000656161  -0.000345149             1   -0.00270772
            1  -0.000510788   0.000571885    0.00287802   0.000510736             1   9.25084e-05    -0.0124278  -0.000571932  -9.22163e-05             1    -0.0345503
            1  -0.000534382   0.000554149     0.0242454   0.000534503             1  -0.000218985    -0.0269581  -0.000554032   0.000219281             1    -0.0292447
            1  -0.000163352   0.000310002    -0.0257794   0.000163583             1   -0.00074638    0.00340827   -0.00030988    0.00074643             1    -0.0251923
            1  -7.73229e-05   0.000516943     0.0291831   7.77407e-05             1  -0.000808384    -0.0139491   -0.00051688   0.000808425             1    0.00388872
     0.999999  -0.000231818    0.00109305     0.0412593    0.00023237             1  -0.000504435  -0.000755938   -0.00109293   0.000504688      0.999999     0.0216885
            1   -0.00027829    0.00089851     0.0128875   0.000278807             1   -0.00057519   -0.00183577   -0.00089835    0.00057544      0.999999    0.00395665
     0.999999  -0.000243645   0.000971418     0.0107588   0.000244337             1  -0.000712315    -0.0162738  -0.000971244   0.000712552      0.999999     0.0047419
     0.999999  -0.000602312    0.00115516   -0.00276441   0.000603317      0.999999  -0.000870075    0.00267453   -0.00115464   0.000870771      0.999999    -0.0162317
     0.999999  -0.000711759    0.00115017    0.00785597   0.000712082             1  -0.000280531   -0.00896517   -0.00114997    0.00028135      0.999999    -0.0293463
     0.999999  -0.000682312   0.000908136    -0.0153338   0.000682629             1  -0.000348647     0.0131842  -0.000907898   0.000349267             1   -0.00160104
     0.999999  -0.000718678   0.000732801   -0.00817126   0.000719122             1  -0.000605116   -0.00960043  -0.000732366   0.000605643             1    0.00484218
            1   -0.00055745   0.000439599   -0.00503693   0.000557812             1   -0.00082521     0.0099765  -0.000439138   0.000825455             1    0.00773045
            1  -0.000254537    0.00076171     0.0117501   0.000254755             1  -0.000285967   -0.00416578  -0.000761638   0.000286161             1    0.00919712
            1  -8.02665e-05    0.00048379  -0.000832164   8.03833e-05             1  -0.000241393    -0.0319747   -0.00048377   0.000241432             1    -0.0231965
            1  -0.000256687   0.000183806     0.0217788   0.000256694             1  -3.60491e-05   -0.00370135  -0.000183797   3.60963e-05             1    -0.0418555
            1  -0.000859103   0.000337863     0.0234505   0.000859153             1  -0.000148348     -0.020879  -0.000337735   0.000148638             1    -0.0582666
            1  -0.000278104   0.000103795     -0.014882   0.000278108             1  -4.27483e-05   -0.00543878  -0.000103784   4.27772e-05             1    -0.0512949
