# 3dvolreg matrices (DICOM-to-DICOM, row-by-row):
     0.999982   -0.00338927   -0.00496208     -0.358806    0.00330309      0.999845    -0.0172745     0.0183838    0.00501986     0.0172578      0.999838      0.403564
      0.99996  -0.000780337   -0.00887293      -0.66015   0.000492493      0.999475    -0.0323967     -0.691343    0.00889355     0.0323911      0.999436      0.381303
     0.999963  -0.000546786   -0.00858945     -0.675175   0.000283056      0.999529    -0.0306752     -0.625358    0.00860218     0.0306717      0.999492      0.348387
     0.999962  -0.000677507   -0.00873982     -0.646035   0.000408955      0.999529    -0.0306926     -0.634091     0.0087565     0.0306878      0.999491      0.360373
     0.999973   -0.00144541   -0.00724765      -0.46317    0.00122301      0.999531    -0.0305975     -0.574946    0.00728847     0.0305878      0.999506      0.268993
     0.999976  -0.000715898   -0.00692098     -0.556831   0.000488465      0.999462    -0.0328073     -0.672825    0.00694074     0.0328031      0.999438       0.34436
     0.999978   -0.00100164   -0.00662655     -0.588202   0.000798371      0.999531     -0.030607     -0.589169     0.0066541     0.0306011       0.99951      0.364161
     0.999978   -0.00124536   -0.00651803      -0.58846    0.00105485      0.999574    -0.0291503     -0.596921    0.00655156     0.0291428      0.999554      0.403443
     0.999982  -0.000835912   -0.00592487     -0.559116   0.000652569      0.999523    -0.0308793     -0.579662    0.00594785     0.0308748      0.999506      0.308561
      0.99997   -0.00404936   -0.00656677     -0.532885    0.00410342      0.999958    0.00824007      0.748704    0.00653312   -0.00826677      0.999944      0.586023
     0.999955   -0.00749565   -0.00585624     -0.378323     0.0076571      0.999577     0.0280517       1.44285     0.0056435    -0.0280952      0.999589      0.553676
     0.999963   -0.00744808   -0.00435271     -0.315271    0.00753991      0.999741     0.0214754       1.19633    0.00419163    -0.0215074       0.99976        0.5981
     0.999964   -0.00783276   -0.00341116     -0.206588    0.00789751      0.999781     0.0194013       1.14382    0.00325845    -0.0194275      0.999806      0.523019
     0.999962   -0.00826706   -0.00268171     -0.132331    0.00830491      0.999862     0.0144211      0.922783    0.00256212    -0.0144428      0.999892      0.506614
     0.999965   -0.00805498   -0.00217177    -0.0518703    0.00808291      0.999881     0.0131729       0.89981     0.0020654      -0.01319      0.999911      0.427232
     0.999953   -0.00930579   -0.00276726    -0.0282754    0.00935437      0.999793     0.0180936       1.03062    0.00259831    -0.0181186      0.999832      0.659254
     0.999943    -0.0102338   -0.00305512    -0.0164624     0.0102888      0.999775     0.0185527        1.1056    0.00286457    -0.0185831      0.999823      0.692738
     0.999949   -0.00962676   -0.00296521    -0.0217354     0.0096839      0.999755     0.0198981       1.19356    0.00277293    -0.0199258      0.999798      0.726744
     0.999934     -0.010955   -0.00360152     0.0181308     0.0110189      0.999773     0.0182273       1.11241    0.00340102    -0.0182657      0.999827      0.782114
     0.999912    -0.0124881   -0.00437444     0.0890678       0.01255      0.999817      0.014418       1.04555    0.00419359    -0.0144717      0.999886      0.757098
     0.999952    -0.0093993   -0.00271083     0.0170902    0.00944501      0.999804     0.0173748       1.09567    0.00254699    -0.0173996      0.999845      0.894263
     0.999943    -0.0103397    -0.0026774      0.110931     0.0103849      0.999794     0.0174624       1.12397    0.00249629    -0.0174892      0.999844      0.811668
     0.999937    -0.0110047   -0.00222951      0.166911     0.0110366      0.999829     0.0148451      0.994767    0.00206576    -0.0148687      0.999887      0.818226
     0.999944    -0.0103203   -0.00214222      0.121976     0.0103515      0.999832     0.0151394         1.023    0.00198561    -0.0151608      0.999883       0.84721
     0.999946    -0.0100493   -0.00262428     0.0735757     0.0100867      0.999842      0.014653        1.0093    0.00247661    -0.0146787      0.999889      0.834114
     0.999952   -0.00961074   -0.00179951     0.0979288    0.00963456      0.999859     0.0137338      0.990379    0.00166726    -0.0137505      0.999904      0.818656
     0.999972   -0.00741454  -0.000740112     0.0667601    0.00742309      0.999897     0.0123038      0.928995   0.000648809    -0.0123089      0.999924      0.822191
     0.999967    -0.0080251  -0.000892567     0.0786725    0.00803682       0.99987     0.0140059      0.977543   0.000780052    -0.0140126      0.999902      0.865249
     0.999968   -0.00789933   -0.00151005      0.111004    0.00791462      0.999915     0.0104043       1.04727    0.00142773    -0.0104159      0.999945      0.741774
     0.999969   -0.00761829    -0.0018998       0.12593    0.00763498      0.999931    0.00893902       1.02705    0.00183157   -0.00895325      0.999958      0.716248
     0.999969    -0.0076942   -0.00183589      0.107668     0.0077093      0.999935    0.00836883      0.919232    0.00177138   -0.00838272      0.999963      0.746633
     0.999966   -0.00818027   -0.00126763      0.120353    0.00819282      0.999914     0.0102362      0.970841    0.00118379    -0.0102462      0.999947      0.790235
     0.999964   -0.00846389   -0.00108476       0.11257    0.00847443      0.999913     0.0101029      0.965115   0.000999156    -0.0101118      0.999948      0.762377
     0.999963   -0.00860593  -0.000890342      0.123013    0.00861508      0.999904     0.0108428       1.00289   0.000796943    -0.0108501      0.999941      0.772221
     0.999963   -0.00852758  -0.000988363       0.11168    0.00853778      0.999905     0.0108236      0.957899    0.00089597    -0.0108316      0.999941      0.800758
     0.999964   -0.00836911   -0.00132855     0.0974563    0.00838293      0.999907     0.0107606       0.98333    0.00123837    -0.0107714      0.999941      0.795445
     0.999965   -0.00822437   -0.00175399     0.0614361    0.00824065      0.999921    0.00948465      0.873383    0.00167585   -0.00949876      0.999953      0.853546
     0.999966   -0.00809004   -0.00186077     0.0726681    0.00810865      0.999915     0.0102174      0.928562    0.00177795    -0.0102321      0.999946      0.803568
     0.999954   -0.00877965   -0.00375112    -0.0173903    0.00886525      0.999686     0.0234492        1.3326    0.00354407    -0.0234814      0.999718      0.896283
      0.99995   -0.00954567    -0.0031411      0.065921    0.00961955      0.999656     0.0244118       1.40953    0.00290699    -0.0244407      0.999697      0.870401
     0.999952    -0.0094279   -0.00251871      0.100251      0.009486      0.999663     0.0241482        1.3658     0.0022902    -0.0241709      0.999705      0.966806
     0.999956   -0.00918186   -0.00198311      0.143728    0.00922474      0.999697     0.0228202       1.36955    0.00177298    -0.0228375      0.999738      0.922492
     0.999954   -0.00941161   -0.00174886      0.178962     0.0094461      0.999737     0.0208854        1.2689    0.00155183     -0.020901       0.99978      0.990239
     0.999957    -0.0091287   -0.00151342      0.178633    0.00915668      0.999765     0.0196525       1.24603    0.00133367    -0.0196655      0.999806      0.964122
     0.999953   -0.00943826      -0.00221      0.120495    0.00948164      0.999744     0.0205197       1.25197    0.00201576    -0.0205396      0.999787      0.973488
      0.99995   -0.00970255   -0.00239264     0.0957191    0.00974946      0.999744      0.020442       1.29196    0.00219368    -0.0204643      0.999788      0.935755
     0.999953   -0.00934833   -0.00258528     0.0752297    0.00939877      0.999751     0.0202393       1.27219    0.00239543    -0.0202627      0.999792      0.985951
     0.999954   -0.00929865   -0.00237363      0.115793    0.00934073      0.999787     0.0183788       1.36159    0.00220222    -0.0184002      0.999828       0.79872
     0.999954   -0.00928637   -0.00227109     0.0867046    0.00932893      0.999766     0.0195099       1.15383    0.00208938    -0.0195302      0.999807      0.904987
      0.99995   -0.00955195   -0.00288313     0.0478125     0.0095973      0.999824     0.0161468      0.880046    0.00272839    -0.0161737      0.999865      0.914322
      0.99995   -0.00957323   -0.00275465     0.0120463    0.00961342      0.999842     0.0149688       1.19395    0.00261091    -0.0149945      0.999884      0.750528
     0.999948   -0.00914683   -0.00444611    -0.0936695    0.00920473      0.999871     0.0131811       1.64563    0.00432497    -0.0132213      0.999903      0.281364
      0.99994    -0.0100793   -0.00430722    -0.0329149      0.010121      0.999901    0.00978816       1.43852    0.00420813   -0.00983117      0.999943      0.337043
     0.999964   -0.00792949   -0.00315287    -0.0371758    0.00795998      0.999921    0.00977908        1.1862    0.00307508   -0.00980382      0.999947      0.792311
     0.999965   -0.00767251   -0.00320348     -0.039616     0.0077158      0.999876     0.0137267        1.4064    0.00309776     -0.013751      0.999901      0.850954
     0.999957   -0.00783821   -0.00503558    -0.0477853    0.00791918      0.999836      0.016266       1.57382    0.00490725    -0.0163052      0.999855      0.713869
     0.999962   -0.00744507   -0.00457334     -0.049937    0.00750556      0.999883     0.0133549       1.34591    0.00447338    -0.0133887        0.9999      0.766833
     0.999965   -0.00744356   -0.00389989    -0.0133687    0.00748551      0.999913     0.0108542       1.29901    0.00381876     -0.010883      0.999933       0.68008
     0.999956   -0.00820717   -0.00451698     -0.039502    0.00825829      0.999901     0.0114173       1.23435    0.00442283    -0.0114541      0.999925      0.787147
     0.999954   -0.00849296    -0.0043948    -0.0641195    0.00854111      0.999902      0.011058        1.1424    0.00430046    -0.0110951      0.999929      0.854232
     0.999962    -0.0077554   -0.00397321    -0.0729114    0.00778626      0.999939    0.00781042       1.04303     0.0039124   -0.00784106      0.999962      0.879959
     0.999966   -0.00723352    -0.0040009    -0.0989568    0.00725158      0.999964    0.00451808      0.949192    0.00396808   -0.00454694      0.999982      0.758784
      0.99995     -0.008895   -0.00445876    -0.0864904    0.00891887      0.999946    0.00536171      0.947441    0.00441082   -0.00540121      0.999976      0.804045
     0.999944   -0.00975407    -0.0041035    -0.0175504     0.0097768      0.999937    0.00555471      0.949999    0.00404906   -0.00559451      0.999976      0.795202
     0.999949   -0.00938889   -0.00361093    -0.0284009    0.00941125      0.999936      0.006225      0.953973    0.00355225   -0.00625867      0.999974      0.845618
     0.999952   -0.00920773   -0.00343712    -0.0278156    0.00922956      0.999937    0.00638932      0.997948    0.00337807   -0.00642073      0.999974      0.811453
     0.999954   -0.00895196   -0.00338218    -0.0493538    0.00897329       0.99994    0.00634453      0.987431    0.00332518   -0.00637459      0.999974      0.818035
     0.999957   -0.00849956   -0.00369754    -0.0478233    0.00851659      0.999953    0.00461393      0.919411    0.00365815   -0.00464523      0.999983      0.802709
     0.999954   -0.00846413   -0.00440179    -0.0533497     0.0084755      0.999961    0.00257002      0.852919    0.00437987   -0.00260721      0.999987      0.815765
      0.99995    -0.0095622   -0.00306552     0.0779004    0.00957195      0.999949    0.00318372      0.844034    0.00303492    -0.0032129       0.99999      0.838902
     0.999949   -0.00976136   -0.00250338     0.0908866     0.0097695      0.999947    0.00326291      0.848986     0.0024714    -0.0032872      0.999992      0.857682
     0.999941    -0.0106442   -0.00216404      0.154569     0.0106493       0.99994     0.0023683      0.780007     0.0021387   -0.00239121      0.999995      0.885875
     0.999931    -0.0114833   -0.00235184       0.15904     0.0114893      0.999931    0.00258418      0.798031      0.002322   -0.00261102      0.999994      0.792723
     0.999939    -0.0107355   -0.00275674      0.083301     0.0107429      0.999939    0.00267905       0.76776    0.00272781    -0.0027085      0.999993      0.851762
     0.999942    -0.0104132   -0.00277574     0.0760461     0.0104186      0.999944    0.00193187       0.79219    0.00275547   -0.00196067      0.999994      0.824556
     0.999941    -0.0104273   -0.00299754     0.0696104     0.0104422      0.999933    0.00497879      0.759897    0.00294542   -0.00500979      0.999983      0.883373
     0.999941    -0.0104151   -0.00318931     0.0788594     0.0104335      0.999929     0.0058199      0.767977    0.00312847   -0.00585283      0.999978      0.861802
     0.999946    -0.0099421   -0.00295234     0.0636533    0.00995364      0.999943    0.00392034      0.768625     0.0029132   -0.00394952      0.999988      0.884119
     0.999945   -0.00994903    -0.0034309     0.0167172     0.0099586      0.999947    0.00278379      0.726002    0.00340302    -0.0028178       0.99999      0.840588
     0.999949   -0.00942085   -0.00354559   -0.00208522    0.00942253      0.999956   0.000458551      0.674524    0.00354111  -0.000491936      0.999994      0.851747
     0.999962   -0.00795715   -0.00356728    -0.0760436    0.00795276      0.999968   -0.00124403      0.637066    0.00357706    0.00121562      0.999993      0.868359
     0.999964   -0.00752099   -0.00398143     -0.140346     0.0075181      0.999971  -0.000740658      0.597636    0.00398688   0.000710699      0.999992      0.885959
     0.999962   -0.00787399   -0.00379428     -0.121062    0.00787006      0.999968   -0.00104977      0.601373    0.00380243    0.00101987      0.999992      0.849567
      0.99996   -0.00802814   -0.00383826      -0.12771    0.00803033      0.999968   0.000556448      0.635581    0.00383367  -0.000587248      0.999992      0.915943
     0.999955   -0.00885264   -0.00334025     -0.041438      0.008852      0.999961  -0.000205645      0.623955    0.00334194   0.000176068      0.999994      0.849104
     0.999951   -0.00937345   -0.00309096    0.00717732    0.00937349      0.999956  -3.06028e-06      0.576389    0.00309086   -2.5913e-05      0.999995      0.889342
     0.999954   -0.00903346   -0.00310208    -0.0148102    0.00903431      0.999959   0.000259701      0.659154    0.00309961  -0.000287715      0.999995      0.900486
     0.999953   -0.00923585   -0.00307992    -0.0139625     0.0092406      0.999956    0.00153261       0.69375    0.00306563     -0.001561      0.999994      0.973115
      0.99995   -0.00962519   -0.00272614     0.0300724    0.00962684      0.999953   0.000593656      0.724452     0.0027203   -0.00061987      0.999996      0.924531
     0.999954   -0.00916707    -0.0027622    0.00556529    0.00916971      0.999958   0.000943944      0.707388    0.00275343   -0.00096923      0.999996      0.965759
     0.999957   -0.00880213   -0.00293785    -0.0245142     0.0088035      0.999961   0.000453622      0.713763    0.00293374  -0.000479466      0.999996      0.972579
     0.999959   -0.00862385   -0.00269403    -0.0681838    0.00862229      0.999963   -0.00058818      0.638994      0.002699   0.000564927      0.999996      0.984764
     0.999959   -0.00855543   -0.00297731    -0.0956052    0.00855348      0.999963  -0.000666531      0.708868     0.0029829   0.000641037      0.999995       0.96288
     0.999962   -0.00836932   -0.00242227     -0.063773    0.00836835      0.999965  -0.000407833      0.719152     0.0024256   0.000387547      0.999997      0.945212
     0.999969   -0.00759623   -0.00208973    -0.0801639    0.00759285       0.99997   -0.00162219      0.691918    0.00210199    0.00160627      0.999997       0.86126
     0.999972    -0.0072641   -0.00202908    -0.0892906    0.00725971      0.999971    -0.0021652      0.655027    0.00204475     0.0021504      0.999996      0.836377
     0.999969   -0.00766109   -0.00206128    -0.0586623    0.00765652      0.999968   -0.00221569      0.661566    0.00207819    0.00219983      0.999995      0.810434
     0.999966   -0.00796411   -0.00195604    -0.0588875    0.00796184      0.999968   -0.00116572      0.662934    0.00196526    0.00115011      0.999997      0.940627
      0.99997    -0.0072978   -0.00270419    -0.0493894    0.00729399      0.999972   -0.00141563      0.771807    0.00271444    0.00139586      0.999995      0.866042
     0.999978   -0.00642456   -0.00179847   -0.00820717    0.00642251      0.999979   -0.00114531      0.794819    0.00180579    0.00113373      0.999998      0.865591
     0.999974    -0.0072282  -0.000150372     0.0696035    0.00722787      0.999972   -0.00210685      0.689723   0.000165596     0.0021057      0.999998      0.813871
     0.999966   -0.00825597  -1.50151e-05     0.0957508    0.00825589      0.999962   -0.00289093      0.618537   3.88819e-05     0.0028907      0.999996      0.873729
      0.99997    -0.0077724  -0.000522984     0.0473129     0.0077706      0.999964   -0.00336292      0.646289   0.000549104    0.00335875      0.999994      0.849877
     0.999975   -0.00696706   -0.00148685    -0.0418383    0.00696095      0.999967   -0.00407256      0.582396    0.00151518    0.00406211      0.999991      0.861707
     0.999961   -0.00876815  -0.000966767      0.113717    0.00876944      0.999961    0.00133076      0.761087    0.00095506   -0.00133919      0.999999      0.773152
     0.999958   -0.00907801   -0.00129847      0.050008    0.00910105      0.999778     0.0190067       1.33095    0.00112564    -0.0190177      0.999819      0.850945
     0.999958   -0.00910989  -0.000858366     0.0740222    0.00912429      0.999785     0.0186108       1.36008   0.000688639    -0.0186178      0.999826      0.829107
     0.999959   -0.00901035  -0.000855559     0.0385706    0.00902476      0.999785     0.0186872       1.32208   0.000686996    -0.0186942      0.999825      0.893448
      0.99996   -0.00891112  -0.000563693     0.0441355     0.0089197      0.999804     0.0177028       1.33563   0.000405831    -0.0177071      0.999843      0.842119
     0.999962   -0.00871591  -0.000354774     0.0185602    0.00872065       0.99982     0.0168586       1.27692   0.000207772     -0.016861      0.999858      0.916265
     0.999962   -0.00861419   -0.00094569    -0.0101464    0.00863209      0.999744     0.0209193       1.44945   0.000765245    -0.0209267      0.999781      0.922794
     0.999958   -0.00904312   -0.00137349    -0.0265685       0.00908      0.999516     0.0297615       1.69345    0.00110368    -0.0297727      0.999556      0.954177
     0.999961   -0.00883335  -0.000916817   -0.00437166    0.00885746      0.999483     0.0308921       1.77971   0.000643462     -0.030899      0.999522      0.910854
     0.999968   -0.00799734  -0.000629389    -0.0428242    0.00801183      0.999576     0.0280075       1.65006   0.000405136    -0.0280116      0.999608      0.959616
     0.999966   -0.00828293  -0.000118779      0.021538    0.00828309      0.999594     0.0272501       1.64982   -0.00010698    -0.0272501      0.999629      0.918323
     0.999965   -0.00836786    0.00013846  -0.000965288     0.0083606      0.999566     0.0282606       1.65872   -0.00037488    -0.0282585      0.999601      0.971627
     0.999971   -0.00755985   6.97698e-05    -0.0629833    0.00755512      0.999598     0.0273214       1.67493  -0.000276287      -0.02732      0.999627      0.956785
     0.999976   -0.00693571   0.000256306    -0.0938303    0.00692655      0.999629     0.0263516       1.63817  -0.000438978    -0.0263492      0.999653      0.963872
     0.999977   -0.00680296   0.000707775    -0.0750351    0.00678211      0.999635     0.0261692       1.65377  -0.000885545    -0.0261638      0.999657      0.945497
     0.999976   -0.00695356   0.000278177     -0.100811    0.00694421      0.999651     0.0254872        1.6138  -0.000455306    -0.0254846      0.999675      0.903395
     0.999975   -0.00706366   0.000348978    -0.0900265    0.00705229      0.999642     0.0258261       1.61227   -0.00053128     -0.025823      0.999666      0.927682
     0.999975    -0.0070158   0.000414145     -0.082555    0.00700312      0.999657      0.025237       1.59571  -0.000591061    -0.0252335      0.999681      0.935481
     0.999978   -0.00664782   0.000237714     -0.113414    0.00663984      0.999668     0.0248902       1.59143  -0.000403101    -0.0248881       0.99969      0.966734
     0.999972    -0.0074685  -0.000121845     -0.125667    0.00746774       0.99925     0.0380003        2.0401  -0.000162052    -0.0380002      0.999278      0.970767
     0.999978    -0.0065867    0.00105341    -0.0882933     0.0065385      0.999154     0.0406046       2.14581   -0.00131997    -0.0405968      0.999175      0.966204
     0.999978   -0.00646821    0.00157577    -0.0674568     0.0064025      0.999233     0.0386437       2.06408   -0.00182451    -0.0386328      0.999252      0.945119
     0.999976   -0.00663937    0.00179808    -0.0697132    0.00656384      0.999211     0.0391741       2.08031   -0.00205675    -0.0391613      0.999231      0.999474
     0.999976   -0.00670624    0.00178399      -0.05913    0.00663351      0.999254     0.0380502       2.06108   -0.00203783    -0.0380375      0.999274      0.944021
      0.99998   -0.00626517    0.00082135     -0.131296    0.00623037      0.999292     0.0371148       1.99769    -0.0010533    -0.0371089      0.999311      0.971591
      0.99998   -0.00631651   0.000693408     -0.121359    0.00628784      0.999347     0.0355803       1.99229  -0.000917699    -0.0355752      0.999367      0.905474
     0.999976   -0.00690644    0.00112834    -0.0914331    0.00686173      0.999338     0.0357207       1.96102   -0.00137429    -0.0357121      0.999361      0.992489
     0.999978   -0.00658076    0.00099223    -0.0793311    0.00654171      0.999357     0.0352394        2.0134   -0.00122349    -0.0352322      0.999378      0.885629
     0.999982   -0.00593123   0.000471701     -0.106641    0.00591162      0.999397      0.034217       1.99679  -0.000674365    -0.0342136      0.999414      0.881422
     0.999982   -0.00604027   0.000488899    -0.0963041    0.00602124      0.999456     0.0324351       1.90745   -0.00068455    -0.0324315      0.999474      0.877982
     0.999978    -0.0065617   0.000143459     -0.115786    0.00655354      0.999448     0.0325802       1.88288  -0.000357161    -0.0325786      0.999469      0.929099
     0.999978   -0.00664624   6.22657e-05     -0.116409    0.00664093      0.999476     0.0316791       1.88101   -0.00027278    -0.0316779      0.999498      0.905858
     0.999977   -0.00684888  -0.000136352     -0.132311    0.00684991      0.999539       0.02959       1.88523  -6.63688e-05    -0.0295902      0.999562      0.974123
      0.99997   -0.00766278  -0.000859728     -0.102573    0.00768422      0.999562     0.0285845       1.78442   0.000640314    -0.0285903      0.999591       0.97305
     0.999971   -0.00759572  -0.000956728     -0.117274    0.00761852      0.999616     0.0266359       1.68508   0.000754042    -0.0266424      0.999645       0.98485
      0.99997   -0.00777674  -0.000711158    -0.0946796    0.00779269      0.999627     0.0261712       1.69043   0.000507366     -0.026176      0.999657      0.914034
     0.999969   -0.00788645  -0.000634241    -0.0889002    0.00790005      0.999644     0.0254655       1.65031   0.000433183    -0.0254697      0.999675      0.961275
     0.999972   -0.00744654  -0.000743732     -0.117826    0.00746287      0.999657     0.0251152       1.64977   0.000556455      -0.02512      0.999684      0.920843
     0.999972    -0.0075017  -0.000768335     -0.126392    0.00751887      0.999646     0.0255235       1.64429   0.000576593    -0.0255285      0.999674      0.972885
     0.999974   -0.00717725  -0.000684642     -0.131757    0.00719197      0.999669     0.0247061       1.63678   0.000507093    -0.0247104      0.999695      0.942745
     0.999976   -0.00694545  -0.000592089     -0.145557    0.00695803      0.999666     0.0248881       1.62348   0.000419032    -0.0248916       0.99969      0.985038
     0.999975   -0.00705336  -0.000514848     -0.102839    0.00706311      0.999725     0.0223772       1.55215   0.000356871    -0.0223803      0.999749      0.946036
     0.999974   -0.00718181  -0.000437895      -0.11326    0.00718982      0.999723     0.0224169       1.54788    0.00027678    -0.0224194      0.999749      0.988797
     0.999976   -0.00688981  -0.000192101     -0.105918    0.00689238      0.999727     0.0223352       1.55163   3.81625e-05     -0.022336      0.999751      0.883769
     0.999966   -0.00824056    -0.0010175     -0.101877    0.00826105      0.999721     0.0221135       1.51017   0.000834987    -0.0221211      0.999755      0.636125
     0.999963   -0.00859363  -0.000200231     0.0137838    0.00859596      0.999724     0.0218811       1.50626   1.21377e-05     -0.021882      0.999761      0.636789
     0.999957   -0.00917754   -0.00115993     -0.136773    0.00920038      0.999726     0.0215189       1.56077   0.000962123    -0.0215287      0.999768      0.137561
      0.99996   -0.00798874   -0.00399142     -0.368219    0.00805698      0.999816     0.0173828       1.32198    0.00385182    -0.0174143      0.999841     -0.283018
     0.999968   -0.00524751   -0.00597502     -0.375697    0.00529444      0.999955    0.00786688      0.871867    0.00593347   -0.00789827      0.999951      0.389113
     0.999959   -0.00747103   -0.00511837     -0.201106    0.00750991      0.999943    0.00761987      0.926705    0.00506115     -0.007658      0.999958      0.173854
     0.999951   -0.00886526   -0.00433221    -0.0549607    0.00889635      0.999934    0.00720989      0.856911    0.00426801   -0.00724808      0.999965       0.21503
     0.999962   -0.00791578   -0.00364532     -0.154367    0.00794669      0.999932    0.00854425      0.930506    0.00357743   -0.00857289      0.999957    -0.0791286
      0.99987   -0.00567246    -0.0150617      -0.34063    0.00570961      0.999981    0.00242487      0.638701     0.0150477   -0.00251055      0.999884      0.241261
      0.99984    -0.0106545    -0.0143916     -0.349399      0.010975      0.999689     0.0223731        1.4911     0.0141488    -0.0225275      0.999646        2.0327
     0.999842     -0.012017    -0.0130704     -0.501582     0.0127541      0.998244     0.0578531       2.61157     0.0123522    -0.0580107       0.99824       2.57658
     0.999869    -0.0112712    -0.0116144     -0.392326      0.011814      0.998788     0.0477801       2.26705     0.0110618     -0.047911       0.99879       2.12836
     0.999892    -0.0105576    -0.0102676     -0.357851     0.0110142      0.998904     0.0454845       2.13173    0.00977615    -0.0455926      0.998912       1.94058
     0.999897    -0.0103755   -0.00987698     -0.430502     0.0108075       0.99894     0.0447371       2.07583    0.00940235    -0.0448393       0.99895       1.97428
       0.9999    -0.0107083   -0.00920443      -0.40939      0.011101      0.998981     0.0437368       2.06062    0.00872671    -0.0438347      0.999001       1.99471
     0.999905    -0.0106006   -0.00880036     -0.342954     0.0109796      0.998962     0.0442002       2.01083    0.00832268    -0.0442926      0.998984       1.90438
     0.999913    -0.0107932   -0.00753621     -0.229611     0.0111145       0.99897     0.0439821       1.98426    0.00705374    -0.0440621      0.999004       1.77053
      0.99992    -0.0107638   -0.00669674     -0.199956     0.0110321      0.999081     0.0414109       1.87865    0.00624484    -0.0414815       0.99912       1.78413
      0.99993    -0.0103807   -0.00565977     -0.156639      0.010601      0.999127        0.0404       1.82956    0.00523545    -0.0404572      0.999168       1.77085
     0.999931     -0.010415    -0.0054989     -0.160938     0.0106187      0.999205     0.0384156       1.73407    0.00509444    -0.0384713      0.999247       1.77846
     0.999931    -0.0106215   -0.00492519     -0.124774     0.0108051      0.999185     0.0388855       1.77017    0.00450815    -0.0389361      0.999232       1.81813
     0.999932    -0.0110121   -0.00382699    -0.0455971     0.0111399       0.99932     0.0351554       1.62851    0.00343725    -0.0351956      0.999375       1.76922
     0.999936    -0.0108247   -0.00315821    -0.0115974     0.0109242      0.999383     0.0333911       1.56972    0.00279481    -0.0334235      0.999437       1.77924
     0.999938    -0.0107041   -0.00310298    0.00989216     0.0107984      0.999425     0.0321382       1.52006    0.00275719    -0.0321697      0.999479       1.71856
     0.999933     -0.011221   -0.00270388     0.0330978     0.0113022      0.999418     0.0321722       1.50216     0.0023413    -0.0322007      0.999479       1.73506
     0.999931    -0.0115424   -0.00230166     0.0674141     0.0116111      0.999405     0.0324775       1.53205    0.00192542     -0.032502       0.99947       1.71298
     0.999929    -0.0116858   -0.00243855     0.0264908     0.0117597       0.99939     0.0328846       1.52254    0.00205278     -0.032911      0.999456       1.78291
     0.999922    -0.0122084   -0.00271882     0.0417106     0.0122903      0.999397     0.0324868       1.50535    0.00232057    -0.0325177      0.999468       1.73219
     0.999919    -0.0123302   -0.00299565      0.064034     0.0124229      0.999373     0.0331672       1.50533    0.00258482    -0.0332017      0.999445       1.66986
     0.999927    -0.0118892   -0.00221705     0.0724078     0.0119573      0.999357     0.0337919       1.48338    0.00181387    -0.0338159      0.999426       1.60487
     0.999905    -0.0134144   -0.00323021     0.0719805     0.0135694      0.998446     0.0540538       2.25995    0.00250009    -0.0540925      0.998533       1.57409
     0.999888    -0.0146553   -0.00313935      0.119076     0.0148149      0.998153     0.0589239       2.35698    0.00227001    -0.0589637      0.998258       1.56358
     0.999906    -0.0135927   -0.00154819      0.141884     0.0136568      0.998427     0.0543719       2.20658   0.000806692     -0.054388       0.99852       1.58124
     0.999908    -0.0135171   -0.00107601      0.145265     0.0135548      0.998543     0.0522245       2.12735   0.000368518    -0.0522343      0.998635       1.59659
     0.999901    -0.0140076    -0.0010399      0.179179     0.0140428      0.998529     0.0523751       2.13924   0.000304724    -0.0523845      0.998627       1.59991
     0.999901    -0.0140406  -0.000403607      0.212597     0.0140424      0.998525     0.0524559       2.10641  -0.000333501    -0.0524564      0.998623       1.59251
     0.999911    -0.0133244   0.000728433      0.243214     0.0132728      0.998715     0.0489085       2.01073   -0.00137917    -0.0488944      0.998803       1.57754
     0.999907    -0.0136451   0.000822605      0.260852     0.0135906      0.998778     0.0475078       1.91202   -0.00146985    -0.0474921      0.998871       1.57475
     0.999907      -0.01362   0.000732514      0.255254     0.0135699      0.998778     0.0475183       1.92764   -0.00137882    -0.0475039       0.99887       1.58208
     0.999912    -0.0132507   0.000363292      0.242285      0.013219      0.998808     0.0469807        1.9139  -0.000985385    -0.0469718      0.998896       1.56684
     0.999924    -0.0123126   0.000677479       0.27855     0.0122697      0.998912     0.0449879       1.90445   -0.00123066    -0.0449761      0.998987       1.54375
      0.99992    -0.0126438   0.000613577      0.311114     0.0126036      0.998917     0.0447856       1.89723   -0.00117917    -0.0447743      0.998996       1.52368
     0.999905    -0.0137008     0.0013382      0.416232     0.0136356      0.999092     0.0403708        1.8594   -0.00189009    -0.0403487      0.999184       1.32497
      0.99993    -0.0117696     0.0009253      0.299014     0.0117175      0.998963     0.0439914       1.99835    -0.0014421    -0.0439775      0.999031       1.20781
     0.999897    -0.0125268    -0.0069529    0.00932453     0.0132613      0.992894      0.118257       4.73691    0.00542212     -0.118337      0.992959       1.52561
     0.999817    -0.0182873     -0.005634      0.182426     0.0186665      0.996867     0.0768667       3.06832    0.00421067    -0.0769578      0.997025       1.85292
     0.999823    -0.0182764   -0.00449381      0.201685     0.0185546      0.997189     0.0725899       2.91133    0.00315449    -0.0726604      0.997352       1.90131
     0.999835    -0.0179389   -0.00275037      0.262621     0.0180859      0.997456     0.0689509       2.85792    0.00150647    -0.0689892      0.997616       1.77599
     0.999823    -0.0186384   -0.00241708       0.32556     0.0187566      0.997684     0.0653778       2.70824    0.00119294    -0.0654116      0.997858       1.62816
     0.999753    -0.0221873   -0.00113518      0.705225     0.0222144        0.9977     0.0640357       2.79436  -0.000288207    -0.0640451      0.997947       1.50667
     0.999819    -0.0188469   -0.00243823      0.835343     0.0189224      0.999174     0.0359611       1.86357    0.00175847    -0.0360007       0.99935       1.36778
     0.999777    -0.0201744   -0.00625373      0.634778     0.0203799      0.999188     0.0347521       1.76867    0.00554755    -0.0348718      0.999376       1.45833
     0.999745    -0.0218211    -0.0057706      0.666726     0.0220405      0.998909     0.0411719       2.01729    0.00486589    -0.0412886      0.999135       1.50078
     0.999751    -0.0214228   -0.00621742      0.571835     0.0216817      0.998748     0.0450916       2.09961    0.00524365    -0.0452152      0.998964       1.50692
     0.999771    -0.0207309   -0.00529253      0.575993     0.0209409      0.998843     0.0432918       2.06833    0.00438893    -0.0433927      0.999048        1.5537
     0.999774    -0.0207014    -0.0048854      0.533607     0.0208903       0.99888     0.0424437       1.96507    0.00400128    -0.0425361      0.999087       1.56856
     0.999815     -0.018884   -0.00359173       0.48962     0.0190234      0.998857     0.0438571       2.08604    0.00275942    -0.0439174      0.999031       1.60475
     0.999832     -0.018227   -0.00168135      0.538001     0.0182807      0.998989      0.041063       1.98971   0.000931188    -0.0410869      0.999155       1.62075
     0.999825    -0.0186628   -0.00117217       0.56497     0.0186949      0.999017     0.0401909       1.91745   0.000420941    -0.0402058      0.999191       1.62596
     0.999819     -0.019009  -0.000751067      0.589032     0.0190238      0.999021     0.0399348       1.91519  -8.78815e-06    -0.0399418      0.999202       1.66768
     0.999811    -0.0194109  -0.000892654      0.599941      0.019431      0.999038     0.0393046       1.91004   0.000128859    -0.0393145      0.999227       1.64354
     0.999804    -0.0197937  -0.000780335      0.601078      0.019809      0.998971     0.0408097       1.94941  -2.82413e-05    -0.0408171      0.999167       1.64682
     0.999802    -0.0199065    0.00056657      0.631731     0.0198691      0.999035     0.0391774       1.89497   -0.00134591    -0.0391584      0.999232       1.59614
     0.999788    -0.0205561   -0.00116867      0.632115     0.0205845      0.999174     0.0350428       1.70274   0.000447364    -0.0350595      0.999385       1.62745
