# 3dvolreg matrices (DICOM-to-DICOM, row-by-row):
     0.999992   -0.00310918    0.00249009      0.218483    0.00309529       0.99998    0.00556343     0.0755258   -0.00250734   -0.00555568      0.999981      0.140597
     0.999999   -0.00100323    0.00102236     0.0334069   0.000998436      0.999989    0.00467812      0.216958   -0.00102704    -0.0046771      0.999989     0.0939291
            1   3.10856e-13   1.44673e-10   2.48751e-09  -3.10856e-13             1   1.88359e-11  -8.73956e-10  -1.44673e-10  -1.88359e-11             1   4.51399e-09
            1   6.05681e-05  -1.80639e-05    -0.0359061  -6.05789e-05             1  -0.000598408     -0.180581   1.80277e-05   0.000598409             1      0.118308
     0.999999   0.000600578    0.00111916   -0.00166335  -0.000600236             1   -0.00030587     -0.144497   -0.00111934   0.000305198      0.999999      0.160399
     0.999999   0.000192287    0.00153702    -0.0244392  -0.000193009             1   0.000470067    -0.0805079   -0.00153693  -0.000470363      0.999999      0.255817
     0.999987   -0.00387668   -0.00345618      0.186365    0.00384298      0.999946   -0.00970555     -0.451449    0.00349362    0.00969214      0.999947    0.00302034
     0.999999  -0.000794017  -0.000944404      0.153923   0.000777553       0.99985    -0.0173078     -0.715125   0.000958005     0.0173071       0.99985     0.0718281
            1   1.61846e-07   0.000444651     0.0917599   6.43265e-06       0.99989    -0.0148307     -0.596215  -0.000444604     0.0148307       0.99989     0.0968252
            1  -0.000699554  -8.35991e-05     0.0885399   0.000698835      0.999965   -0.00832113     -0.445281   8.94173e-05    0.00832107      0.999965      0.154536
     0.999999   -0.00156094   -0.00044072     0.0905604    0.00155935      0.999992   -0.00358443     -0.252575   0.000446312    0.00358374      0.999993      0.130007
     0.999998   -0.00196598  -0.000456246     0.0928097    0.00196378      0.999987   -0.00476699     -0.302923   0.000465612    0.00476608      0.999989      0.194326
     0.999997   -0.00228605  -0.000242421      0.128528    0.00228466      0.999982   -0.00559596     -0.338304   0.000255209    0.00559539      0.999984      0.144978
     0.999997   -0.00231854  -0.000405168      0.160565    0.00231553      0.999971   -0.00727513     -0.421292   0.000422024    0.00727417      0.999973      0.130857
     0.999996    -0.0026802  -0.000127189      0.249618    0.00267897      0.999957   -0.00884887      -0.49621     0.0001509     0.0088485      0.999961     0.0750076
     0.999993   -0.00353721   0.000721478      0.357582    0.00354398      0.999948   -0.00960324     -0.530352  -0.000687471    0.00960573      0.999954     0.0968408
     0.999997   -0.00244693   0.000496815      0.308747    0.00245148      0.999953   -0.00936468     -0.473523  -0.000473877    0.00936586      0.999956     0.0633916
     0.999999   -0.00169243  -0.000210911      0.254546      0.001691      0.999977   -0.00663205     -0.319416    0.00022213    0.00663168      0.999978     0.0722623
     0.999997   -0.00240578   0.000802427       0.32085     0.0024126       0.99996   -0.00861801     -0.498509  -0.000781662    0.00861992      0.999963     0.0821197
     0.999995   -0.00267705    0.00136291      0.345447    0.00269034      0.999948   -0.00984828     -0.533878   -0.00133648     0.0098519      0.999951      0.111765
     0.999996   -0.00229638    0.00136289      0.303137    0.00230982      0.999948   -0.00994657     -0.522476   -0.00133998    0.00994968       0.99995      0.095338
     0.999998   -0.00193184    0.00110246      0.290307     0.0019425      0.999951   -0.00974607      -0.50931   -0.00108358    0.00974819      0.999952      0.122312
     0.999997   -0.00207677    0.00123192       0.28535    0.00208919      0.999946    -0.0101703     -0.520942   -0.00121073     0.0101729      0.999948      0.103673
     0.999996   -0.00235216    0.00165837      0.331123    0.00236903      0.999945    -0.0102404     -0.514926    -0.0016342     0.0102443      0.999946      0.109024
     0.999995   -0.00244992    0.00206611      0.349415    0.00247111      0.999944    -0.0103199     -0.515279   -0.00204072     0.0103249      0.999945     0.0692334
     0.999996   -0.00225489    0.00165513       0.32496    0.00227223      0.999942    -0.0105542     -0.578792   -0.00163123      0.010558      0.999943      0.117198
     0.999996    -0.0021979    0.00189946      0.349369    0.00221771      0.999943    -0.0104888     -0.532923    -0.0018763     0.0104929      0.999943     0.0437553
     0.999995   -0.00251524    0.00216119      0.366024    0.00253986      0.999931    -0.0114641     -0.558234    -0.0021322     0.0114695      0.999932     0.0837948
     0.999994   -0.00225128    0.00249697      0.366019    0.00228374      0.999912    -0.0130768     -0.625301   -0.00246731     0.0130824      0.999911     0.0409844
     0.999994   -0.00243232    0.00251802      0.353436     0.0024652      0.999911    -0.0131394     -0.652353   -0.00248583     0.0131455      0.999911      0.129942
      0.99999   -0.00281159    0.00335016      0.391273      0.002862      0.999881    -0.0151376     -0.671943    -0.0033072     0.0151471       0.99988     0.0772679
      0.99999   -0.00306115    0.00335152      0.397891    0.00311217      0.999878    -0.0153249     -0.712509    -0.0033042     0.0153352      0.999877      0.118379
     0.999986   -0.00390807    0.00367721      0.487828     0.0039673       0.99986    -0.0162399     -0.740725   -0.00361323     0.0162543      0.999861     0.0578515
     0.999981   -0.00447086    0.00413266      0.541705    0.00453433       0.99987    -0.0154801     -0.762523   -0.00406291     0.0154985      0.999872      0.138008
     0.999989   -0.00347726    0.00324591      0.489024    0.00353104      0.999854    -0.0167122     -0.728469   -0.00318733     0.0167235      0.999855     0.0910149
     0.999986   -0.00397215    0.00336103      0.508428    0.00403666      0.999803     -0.019409     -0.861536   -0.00328328     0.0194223      0.999806      0.161019
     0.999988    -0.0033678    0.00344229       0.47797    0.00344012      0.999769    -0.0212259     -0.880235   -0.00337001     0.0212375      0.999769     0.0731577
     0.999991   -0.00254447    0.00340685       0.44065    0.00261251      0.999794    -0.0201194     -0.856831   -0.00335496     0.0201281      0.999792      0.103702
     0.999991   -0.00215075    0.00369947      0.448171    0.00222747       0.99978    -0.0208605     -0.876204   -0.00365379     0.0208685      0.999776     0.0481927
     0.999989   -0.00329799    0.00321463      0.476727    0.00336645      0.999763    -0.0215303     -0.923153   -0.00314286     0.0215409      0.999763      0.100277
      0.99999   -0.00276482    0.00349186      0.492238     0.0028465      0.999717    -0.0236076     -0.972034    -0.0034256     0.0236173      0.999715   -0.00818521
      0.99999   -0.00256574    0.00376123      0.509417    0.00266216      0.999662    -0.0258588      -1.06458   -0.00369361     0.0258685      0.999659     0.0558541
     0.999988   -0.00380359    0.00323773      0.478774     0.0038446      0.999911    -0.0127547     -0.645705   -0.00318893      0.012767      0.999913     0.0882715
     0.999972   -0.00753775   0.000349681      0.332608    0.00752461       0.99956     0.0287029      0.752136  -0.000565883    -0.0286995      0.999588      0.111303
     0.999965   -0.00839713   0.000472534      0.369633    0.00838223      0.999635     0.0256729      0.620222   -0.00068794     -0.025668       0.99967       0.16255
     0.999963   -0.00847057    0.00166679      0.439915    0.00843255       0.99973     0.0216306      0.468473   -0.00184956    -0.0216158      0.999765      0.121245
     0.999965   -0.00810968     0.0018544      0.442072    0.00807238      0.999781     0.0193089      0.381411   -0.00201058    -0.0192933      0.999812      0.159764
     0.999973   -0.00721601    0.00162954      0.392421    0.00718571      0.999814     0.0178939      0.339378   -0.00175836    -0.0178817      0.999839      0.195876
     0.999973   -0.00700707    0.00219803      0.431475    0.00697465      0.999872     0.0144263      0.209227   -0.00229884    -0.0144105      0.999894      0.195165
      0.99996   -0.00817916    0.00367685      0.592372    0.00812787      0.999872     0.0137552      0.172767   -0.00378889    -0.0137248      0.999899      0.191088
     0.999963   -0.00787616    0.00358817      0.546428    0.00782821      0.999882     0.0131863      0.139354    -0.0036916    -0.0131577      0.999907      0.172279
     0.999969   -0.00728195    0.00284725      0.459625    0.00723596      0.999848     0.0158426      0.239766   -0.00296219    -0.0158215       0.99987      0.165448
     0.999969   -0.00706208    0.00337884      0.488807    0.00700884      0.999855     0.0155179      0.202876   -0.00348794    -0.0154938      0.999874       0.15085
     0.999969   -0.00687123    0.00383478      0.511893    0.00681578      0.999875     0.0142926       0.18105    -0.0039325     -0.014266      0.999891       0.16049
     0.999968   -0.00691158      0.003999      0.511502    0.00685884      0.999891     0.0130531      0.127368   -0.00408879    -0.0130253      0.999907      0.159954
     0.999961   -0.00729554    0.00500612      0.566487    0.00723432        0.9999     0.0121419     0.0830999    -0.0050942    -0.0121052      0.999914        0.1793
     0.999964   -0.00685813    0.00508501      0.549044    0.00680058      0.999914     0.0112495     0.0551917   -0.00516172    -0.0112145      0.999924      0.156251
     0.999962   -0.00712202    0.00503931      0.540602    0.00706504      0.999912     0.0112357     0.0421991   -0.00511888    -0.0111997      0.999924      0.191098
      0.99996   -0.00729251    0.00511933      0.546284    0.00724015      0.999922     0.0101742     0.0129729   -0.00519313    -0.0101367      0.999935      0.165968
     0.999957   -0.00768069    0.00524042       0.54863    0.00762511      0.999915      0.010543   -0.00091168   -0.00532096    -0.0105026      0.999931      0.219316
     0.999957   -0.00755519    0.00531817      0.566702    0.00749996      0.999919     0.0103298     0.0103318   -0.00539578    -0.0102894      0.999933       0.17307
     0.999957   -0.00781754    0.00499639      0.581558    0.00776634      0.999918     0.0101861     0.0022333   -0.00507561    -0.0101469      0.999936       0.19005
     0.999962   -0.00729299    0.00480104      0.554265    0.00724685      0.999928    0.00955806    -0.0222963    -0.0048704    -0.0095229      0.999943       0.17099
     0.999961   -0.00719812    0.00505953      0.559204    0.00715114      0.999932    0.00924278    -0.0227676   -0.00512572   -0.00920624      0.999944      0.198205
     0.999959   -0.00752318    0.00511264      0.586027    0.00747769      0.999933     0.0088578    -0.0350913   -0.00517894   -0.00881921      0.999948      0.122779
     0.999955   -0.00774196    0.00549293      0.608043    0.00769129      0.999928    0.00918538    -0.0319336   -0.00556365   -0.00914272      0.999943      0.194254
     0.999964     -0.007035    0.00471885      0.530722    0.00699356      0.999937    0.00874162     -0.033061   -0.00478005    -0.0087083      0.999951      0.169354
      0.99997   -0.00662192    0.00411453      0.493526    0.00658413      0.999937    0.00913007    -0.0135306   -0.00417472   -0.00910271       0.99995      0.146142
     0.999965   -0.00703463    0.00447818      0.531997    0.00699655       0.99994    0.00846275    -0.0610118   -0.00453744   -0.00843112      0.999954      0.217933
     0.999963   -0.00706832    0.00498048      0.544503    0.00702932      0.999945    0.00780603    -0.0332216   -0.00503538   -0.00777073      0.999957      0.201776
     0.999969   -0.00713817    0.00337658      0.523719    0.00711489      0.999951    0.00685685    -0.0661255   -0.00342536   -0.00683262      0.999971      0.299735
     0.999967   -0.00724738    0.00357873      0.669233    0.00723344      0.999966     0.0038925    -0.0726802   -0.00360682   -0.00386648      0.999986       0.25308
     0.999967   -0.00694408    0.00431337      0.621033    0.00693147      0.999972    0.00293127     -0.205665   -0.00433361   -0.00290127      0.999986      0.239385
     0.999969   -0.00682307    0.00399292      0.586906    0.00681776      0.999976    0.00134097      -0.24624   -0.00400197   -0.00131371      0.999991      0.144686
     0.999973   -0.00634425    0.00366828      0.554539    0.00634293       0.99998   0.000372701     -0.313796   -0.00367057  -0.000349423      0.999993      0.161553
     0.999975   -0.00612566    0.00354751      0.539149    0.00612827      0.999981  -0.000725442     -0.374987     -0.003543   0.000747164      0.999993      0.100816
     0.999971   -0.00616924    0.00437638      0.574343     0.0061717      0.999981  -0.000549468     -0.387778   -0.00437291   0.000576462       0.99999      0.112212
     0.999966   -0.00633152    0.00521075      0.640591     0.0063329       0.99998  -0.000248772      -0.36938   -0.00520907   0.000281763      0.999986      0.106484
     0.999964   -0.00671629    0.00524275      0.651285    0.00671944      0.999977  -0.000583359     -0.374017   -0.00523872   0.000618566      0.999986     0.0900517
     0.999969   -0.00617404    0.00488919      0.604626    0.00617765      0.999981  -0.000723026     -0.383086   -0.00488464   0.000753208      0.999988      0.117466
     0.999969   -0.00605936    0.00509126       0.60562    0.00606355      0.999981  -0.000807585     -0.406325   -0.00508627   0.000838431      0.999987      0.106654
      0.99997   -0.00589282    0.00503223      0.579303    0.00589918      0.999982   -0.00124832     -0.367901   -0.00502478    0.00127797      0.999987     0.0709319
     0.999973   -0.00554477    0.00473412      0.576309    0.00553692      0.999983    0.00167018     -0.191972    -0.0047433   -0.00164392      0.999987     0.0497569
     0.999974   -0.00550406     0.0046556      0.626158    0.00552936       0.99997    -0.0054391     -0.415607   -0.00462552     0.0054647      0.999974     -0.179652
     0.999974   -0.00666665     0.0026144      0.535828    0.00668462      0.999954   -0.00692602     -0.608791    -0.0025681    0.00694332      0.999973    -0.0259338
     0.999972   -0.00714542    0.00236979      0.496749    0.00713783      0.999969    0.00319569     -0.255206   -0.00239255   -0.00317868      0.999992     0.0922784
     0.999969   -0.00741992    0.00269876      0.526345    0.00741642      0.999972    0.00130467     -0.373622   -0.00270836   -0.00128462      0.999996       0.15004
     0.999966   -0.00770203    0.00303779      0.540485    0.00770261       0.99997  -0.000177153     -0.392279   -0.00303634   0.000200546      0.999995     0.0618067
     0.999963   -0.00778547    0.00367178      0.571912    0.00778635       0.99997  -0.000225943     -0.359085   -0.00366991   0.000254524      0.999993      0.118277
     0.999956   -0.00809318    0.00477109      0.621239     0.0080897      0.999967   0.000749592     -0.235108     -0.004777  -0.000710962      0.999988     0.0505977
     0.999957   -0.00804399    0.00460961      0.608623    0.00804129      0.999967   0.000604273      -0.33034   -0.00461432   -0.00056718      0.999989     0.0720065
     0.999959    -0.0078111     0.0044994      0.599704    0.00781093      0.999969   5.60249e-05     -0.364866    -0.0044997  -2.08781e-05       0.99999      0.061688
     0.999961    -0.0075263    0.00461485      0.580892    0.00752749      0.999972  -0.000238771     -0.363246   -0.00461292     0.0002735      0.999989      0.139044
     0.999967   -0.00682348      0.004414      0.575106    0.00683664      0.999972   -0.00297424     -0.460853   -0.00439358    0.00300432      0.999986      0.101681
      0.99997   -0.00637162    0.00437118      0.557953    0.00638441      0.999975   -0.00291828     -0.493537   -0.00435248     0.0029461      0.999986      0.117821
     0.999971   -0.00609927    0.00457401      0.551032     0.0061108      0.999978   -0.00251075     -0.463538    -0.0045586    0.00253863      0.999986     0.0771591
     0.999965   -0.00650844    0.00521576      0.592939    0.00651996      0.999976   -0.00219432     -0.481694   -0.00520135    0.00222825      0.999984      0.141438
     0.999957   -0.00718945    0.00591596       0.63151    0.00720395      0.999971   -0.00243403     -0.483544   -0.00589829    0.00247654       0.99998      0.167562
     0.999954   -0.00755858    0.00589646      0.644223    0.00757272      0.999968   -0.00237778     -0.458565    -0.0058783    0.00242232       0.99998      0.141015
     0.999955     -0.007403    0.00596394      0.643407    0.00741819      0.999969     -0.002528      -0.50723   -0.00594504    0.00257213      0.999979      0.118256
     0.999955   -0.00759897    0.00572956      0.630756    0.00761473      0.999967    -0.0027329     -0.478997    -0.0057086    0.00277641       0.99998      0.132607
     0.999954   -0.00752383    0.00595336      0.656139    0.00754592      0.999965   -0.00369771     -0.522501   -0.00592533    0.00374247      0.999975      0.147742
     0.999951   -0.00760896    0.00632285      0.680284    0.00763497      0.999962   -0.00409986     -0.523612   -0.00629141    0.00414794      0.999972      0.203289
     0.999942   -0.00845792    0.00670659      0.753551     0.0084898      0.999953   -0.00473891      -0.56365   -0.00666619    0.00479557      0.999966      0.197381
     0.999945   -0.00817209    0.00649931       0.71854    0.00820072      0.999957   -0.00439012      -0.51353   -0.00646315    0.00444318      0.999969      0.218562
     0.999943   -0.00842292    0.00661537      0.706554    0.00845222      0.999955   -0.00441374     -0.514533   -0.00657789     0.0044694      0.999968      0.182875
     0.999938   -0.00893237    0.00659744      0.708206    0.00895778      0.999953   -0.00383145      -0.53644   -0.00656291    0.00389031      0.999971      0.160769
     0.999938    -0.0089345    0.00663354      0.717754    0.00896473       0.99995   -0.00454098     -0.542789   -0.00659263    0.00460016      0.999968      0.114987
     0.999936   -0.00889339    0.00693952      0.746174     0.0089254       0.99995   -0.00459634     -0.557969   -0.00689829    0.00465798      0.999965      0.130874
     0.999936   -0.00892637     0.0069074       0.74372    0.00895698       0.99995   -0.00441409     -0.554997   -0.00686765    0.00447568      0.999966     0.0829966
     0.999942   -0.00864726    0.00641643      0.707558    0.00867655      0.999952   -0.00455204     -0.551599   -0.00637676    0.00460744      0.999969      0.149563
     0.999942   -0.00882017    0.00624782      0.708696    0.00885321      0.999947   -0.00527981     -0.593656   -0.00620092    0.00533482      0.999967      0.134529
     0.999935   -0.00903729    0.00691825      0.753966    0.00908941       0.99993     -0.007541     -0.663793   -0.00684962    0.00760339      0.999948      0.159766
     0.999957   -0.00810625    0.00447992      0.582287    0.00807055      0.999936    0.00793027    -0.0677072   -0.00454392   -0.00789377      0.999959      0.110339
     0.999956   -0.00911858   -0.00212923      0.277959    0.00921025      0.998806     0.0479776        1.1472     0.0016892    -0.0479951      0.998846      0.265778
     0.999931    -0.0117221   0.000443976       0.47301     0.0117114      0.999748     0.0191451      0.155336  -0.000668285    -0.0191386      0.999817      0.152207
     0.999936    -0.0113113    0.00096519      0.455856     0.0112908      0.999754     0.0190728      0.146563   -0.00118069    -0.0190607      0.999818      0.249609
     0.999935    -0.0112358    0.00167157      0.484448     0.0112041      0.999777     0.0178845      0.119126   -0.00187215    -0.0178646      0.999839      0.189657
      0.99993    -0.0116473    0.00206493      0.523388     0.0116104      0.999787     0.0170768     0.0597173   -0.00226339    -0.0170516      0.999852      0.254964
     0.999927    -0.0118507    0.00219471      0.543411     0.0118127      0.999793     0.0165829     0.0869858   -0.00239077    -0.0165558       0.99986      0.224213
     0.999929    -0.0117421    0.00212344      0.535119     0.0117044      0.999787     0.0169776      0.074799   -0.00232234    -0.0169515      0.999854      0.300839
     0.999926       -0.0119    0.00261421      0.569738     0.0118569      0.999803     0.0159214     0.0649446   -0.00280316    -0.0158892       0.99987      0.245425
     0.999925    -0.0119561    0.00257449      0.591995     0.0119141      0.999805     0.0157359     0.0570294   -0.00276213    -0.0157041      0.999873      0.284116
     0.999927    -0.0117702    0.00284426      0.613736     0.0117268      0.999822     0.0148085     0.0226639   -0.00301805    -0.0147741      0.999886      0.233242
     0.999932     -0.011173     0.0032957      0.574525     0.0111274      0.999846     0.0135621    -0.0145722   -0.00344672    -0.0135245      0.999903      0.327146
     0.999935    -0.0108314    0.00361999      0.574135     0.0107853      0.999863     0.0125341    -0.0424085   -0.00375526    -0.0124942      0.999915      0.286213
     0.999932    -0.0110948    0.00353578      0.603705     0.0110479      0.999854     0.0130339    -0.0473283   -0.00367988     -0.012994      0.999909      0.355912
     0.999936    -0.0104287    0.00436375      0.592291     0.0103729      0.999867     0.0126125    -0.0437849    -0.0044947    -0.0125665      0.999911       0.30372
     0.999935    -0.0103337    0.00489645      0.577476     0.0102723       0.99987     0.0124033    -0.0282435   -0.00502399    -0.0123522      0.999911      0.310929
     0.999932    -0.0106137       0.00478      0.569091     0.0105554      0.999872     0.0120623    -0.0748888   -0.00490741    -0.0120111      0.999916      0.329426
     0.999936    -0.0103426    0.00467771      0.533625     0.0102906      0.999887     0.0110027    -0.0710826   -0.00479098    -0.0109538      0.999929      0.295535
     0.999928    -0.0105449    0.00568738      0.615382     0.0104924      0.999903    0.00918264     -0.169067   -0.00578366   -0.00912231      0.999942      0.291739
      0.99993    -0.0103333    0.00570354      0.615712     0.0102849      0.999911    0.00846387     -0.198841    -0.0057905   -0.00840462      0.999948      0.254568
     0.999933     -0.010451    0.00491613      0.612139     0.0104081      0.999908    0.00866262     -0.208736   -0.00500621   -0.00861087       0.99995      0.270474
     0.999931    -0.0105762    0.00516578      0.652866     0.0105335      0.999911    0.00822144     -0.203599   -0.00525227   -0.00816646      0.999953      0.307742
     0.999935    -0.0100549    0.00532726      0.625954     0.0100171      0.999925    0.00706978     -0.241084   -0.00539795   -0.00701595      0.999961      0.290035
     0.999925    -0.0108378    0.00573849      0.685108     0.0108022      0.999922    0.00619318      -0.26967   -0.00580516   -0.00613073      0.999964      0.299099
     0.999911    -0.0116622      0.006552      0.786915     0.0116304       0.99992    0.00487932     -0.326978   -0.00660838   -0.00480269      0.999967      0.317271
     0.999918    -0.0113643    0.00593195      0.745971     0.0113307       0.99992    0.00566923      -0.31413   -0.00599591   -0.00560155      0.999966      0.396584
     0.999919    -0.0113282    0.00575821      0.742025      0.011295       0.99992    0.00575908     -0.272411   -0.00582299   -0.00569358      0.999967      0.291434
     0.999913    -0.0117035    0.00603912      0.764245      0.011666      0.999913    0.00621634     -0.295524   -0.00611134   -0.00614535      0.999962      0.351227
     0.999915    -0.0118313    0.00548969       0.75927     0.0117902      0.999903    0.00747195     -0.203142   -0.00557755   -0.00740659      0.999957      0.362339
     0.999923    -0.0111132    0.00554351      0.711446     0.0110792       0.99992    0.00612606     -0.221118   -0.00561115   -0.00606417      0.999966      0.402395
     0.999924    -0.0109656    0.00565814      0.702814     0.0109367      0.999927    0.00511659      -0.30971   -0.00571384   -0.00505432      0.999971      0.273817
     0.999927    -0.0110045    0.00502177      0.676865     0.0109783      0.999926    0.00520662     -0.290275    -0.0050787   -0.00515111      0.999974      0.278668
     0.999923    -0.0112398     0.0053513      0.686215     0.0112143      0.999926    0.00478489     -0.305528   -0.00540468   -0.00472451      0.999974      0.341892
     0.999924    -0.0110147    0.00558037      0.684128     0.0109944      0.999933    0.00365183     -0.334045   -0.00562022    -0.0035902      0.999978      0.347204
     0.999933    -0.0101868     0.0055619      0.678968     0.0101689      0.999943    0.00323791     -0.352296   -0.00559457   -0.00318114      0.999979      0.297636
      0.99993    -0.0102437    0.00584825      0.694887     0.0102306      0.999945    0.00226707     -0.381544   -0.00587115   -0.00220708       0.99998      0.358196
     0.999923    -0.0104705    0.00673018      0.720526     0.0104569      0.999943    0.00205217     -0.381925   -0.00675128   -0.00198163      0.999975      0.394635
     0.999926    -0.0105768    0.00606488      0.697469     0.0105686      0.999943    0.00138868     -0.369929   -0.00607922   -0.00132448      0.999981       0.33163
     0.999924    -0.0115834    0.00413355      0.681555     0.0115786      0.999932    0.00118691     -0.419551   -0.00414702   -0.00113896      0.999991      0.542536
     0.999917    -0.0118152    0.00515389      0.741782     0.0118153       0.99993   1.19138e-05     -0.404108   -0.00515367   4.89817e-05      0.999987      0.533063
     0.999915    -0.0118478    0.00547498      0.743908     0.0118518       0.99993  -0.000707055     -0.474605   -0.00546621   0.000771883      0.999985      0.527601
     0.999911    -0.0118306     0.0061427      0.796025     0.0118393      0.999929   -0.00138731     -0.466868   -0.00612585    0.00145991       0.99998      0.432176
     0.999906    -0.0120638    0.00648685      0.830246     0.0120718      0.999926   -0.00118904     -0.486884   -0.00647203    0.00126724      0.999978      0.470789
       0.9999    -0.0122768    0.00700076      0.878995     0.0122848      0.999924   -0.00110776     -0.461481   -0.00698663    0.00119365      0.999975      0.429752
     0.999903    -0.0118924    0.00721465      0.877671     0.0119052      0.999928   -0.00172746     -0.513669   -0.00719358    0.00181319      0.999972      0.467689
     0.999907    -0.0117301    0.00700859      0.844387     0.0117495      0.999927   -0.00272748     -0.518153   -0.00697609    0.00280957      0.999972      0.470237
     0.999886     -0.013006    0.00762097      0.947302     0.0130235      0.999913   -0.00224892     -0.545723   -0.00759105    0.00234791      0.999968      0.433216
      0.99989    -0.0124917    0.00795094      0.943959     0.0125052       0.99992   -0.00165718     -0.573222    -0.0079296    0.00175643      0.999967      0.444084
     0.999895    -0.0122159    0.00782095      0.923932     0.0122301      0.999924   -0.00177787      -0.54597   -0.00779864    0.00187334      0.999968      0.429334
     0.999893    -0.0124315    0.00773595      0.893853     0.0124466      0.999921   -0.00190808      -0.55703   -0.00771161    0.00200416      0.999968      0.472828
     0.999899    -0.0112103    0.00878311       0.89284     0.0112339      0.999933   -0.00264923     -0.586179   -0.00875282    0.00274763      0.999958      0.374894
     0.999898    -0.0112215    0.00885918      0.908751     0.0112477      0.999933   -0.00291035     -0.602712   -0.00882592     0.0030097      0.999957      0.440266
     0.999898    -0.0116768     0.0081682      0.915075     0.0117069      0.999925   -0.00364239     -0.590431   -0.00812506    0.00373765       0.99996      0.469793
     0.999899    -0.0115429    0.00834352      0.901784     0.0115841      0.999921   -0.00490565     -0.625339   -0.00828623     0.0050018      0.999953      0.521994
     0.999909    -0.0106504      0.008271      0.874724     0.0106982      0.999926   -0.00575503     -0.640936   -0.00820909    0.00584299      0.999949      0.463685
     0.999909    -0.0107827    0.00816427      0.867803     0.0108275      0.999926   -0.00545672       -0.6314   -0.00810483    0.00554462      0.999952      0.488329
     0.999899    -0.0114401    0.00844829      0.918314     0.0114912      0.999916   -0.00602017     -0.655466    -0.0083787    0.00611665      0.999946      0.423726
     0.999889    -0.0122817    0.00838351      0.947254      0.012332      0.999906   -0.00598126     -0.667913   -0.00830926    0.00608398      0.999947      0.467674
     0.999875    -0.0130914    0.00884376      0.981459     0.0131442      0.999896   -0.00593783      -0.67011    -0.0087651    0.00605333      0.999943      0.444174
     0.999874    -0.0133663    0.00853352      0.979264     0.0134121      0.999896    -0.0053291     -0.653607    -0.0084614    0.00544289      0.999949      0.414838
      0.99988    -0.0129576    0.00843695      0.993314     0.0130067      0.999899   -0.00579215     -0.674131   -0.00836104     0.0059012      0.999948       0.37832
     0.999897     -0.011798     0.0081391      0.923752     0.0118384      0.999918   -0.00492996     -0.623175   -0.00808027    0.00502581      0.999955      0.450878
     0.999891    -0.0124148    0.00793161      0.919353      0.012452      0.999912   -0.00464744     -0.602099   -0.00787321     0.0047457      0.999958       0.39736
      0.99988    -0.0130362    0.00833443      0.972218      0.013081        0.9999   -0.00533674      -0.63415   -0.00826403    0.00544512      0.999951      0.360541
     0.999876    -0.0127073    0.00932621       1.01976     0.0127633      0.999901   -0.00597079     -0.649637   -0.00924941    0.00608908      0.999939      0.206101
     0.999869    -0.0133845    0.00910514       1.01355     0.0134366      0.999894   -0.00567836     -0.670197   -0.00902817    0.00579996      0.999942      0.261176
     0.999884    -0.0123183     0.0089589       0.97914     0.0123716      0.999906   -0.00591725     -0.636141   -0.00888517     0.0060274      0.999942       0.14914
     0.999883    -0.0123218    0.00902965      0.960644     0.0123725      0.999908   -0.00557747     -0.683106   -0.00896009    0.00568854      0.999944      0.266409
     0.999891    -0.0117541    0.00891714      0.940138     0.0118165      0.999906   -0.00697713     -0.696744   -0.00883429    0.00708174      0.999936      0.256419
     0.999894    -0.0116675    0.00867951      0.928836     0.0117323      0.999903   -0.00744674     -0.712857   -0.00859179    0.00754778      0.999935      0.309209
     0.999859    -0.0134926    0.00995946       1.05578     0.0135716      0.999877   -0.00791175     -0.704779   -0.00985148     0.0080458      0.999919    -0.0119053
      0.99991    -0.0104952    0.00833085      0.843497     0.0106252       0.99982    -0.0157138     -0.896815   -0.00816443     0.0158009      0.999842      0.322291
     0.999967   -0.00687474    0.00431582       0.55827    0.00695415      0.999802    -0.0186636     -0.905706   -0.00418666      0.018693      0.999817      0.503728
     0.999969   -0.00723371    0.00326045      0.532759    0.00728626      0.999839    -0.0164032     -0.829569   -0.00314127     0.0164265       0.99986      0.514131
     0.999963    -0.0080257    0.00298447      0.502689    0.00807384      0.999832    -0.0164857     -0.848454   -0.00285166     0.0165092       0.99986      0.443216
     0.999954   -0.00786814    0.00550959      0.637244    0.00796003      0.999826    -0.0168592      -0.88981   -0.00537599     0.0169023      0.999843      0.363698
     0.999953   -0.00708975    0.00662997      0.652136    0.00720354      0.999824    -0.0172984      -0.90333   -0.00650617     0.0173454      0.999828      0.343442
     0.999945   -0.00792778    0.00682017      0.712888    0.00805202      0.999799    -0.0183867     -0.966621   -0.00667303     0.0184406      0.999808      0.320933
     0.999943    -0.0084731    0.00648313      0.736406    0.00859312      0.999788    -0.0187144     -0.988266   -0.00632318      0.018769      0.999804      0.289214
     0.999934   -0.00905913    0.00711869      0.819231    0.00919172      0.999781    -0.0188199      -0.99239   -0.00694663     0.0188841      0.999798      0.255904
     0.999929   -0.00962676    0.00699124      0.817331    0.00975056      0.999792    -0.0178955      -1.00759   -0.00681751     0.0179624      0.999815      0.349496
     0.999922   -0.00987656    0.00762031       0.83062     0.0100085      0.999797     -0.017473      -0.97431   -0.00744619     0.0175479      0.999818      0.267502
     0.999927   -0.00959857    0.00739985      0.844679    0.00972709      0.999799    -0.0175323     -0.986286   -0.00723007      0.017603      0.999819      0.336019
     0.999923   -0.00995052    0.00737958      0.865578     0.0100832      0.999784    -0.0181633     -0.980923   -0.00719725     0.0182364      0.999808       0.24904
     0.999923   -0.00995354    0.00744475      0.830113      0.010084      0.999793    -0.0176926      -1.00332    -0.0072671     0.0177663      0.999816      0.340433
     0.999916    -0.0103306    0.00786412      0.875575     0.0104701      0.999785    -0.0179106     -0.994916    -0.0076774     0.0179914      0.999809      0.289918
     0.999941   -0.00918134    0.00587135       0.73136    0.00929834      0.999752    -0.0202208     -0.994366   -0.00568424     0.0202742      0.999778      0.430492
      0.99997   -0.00774121   8.34383e-05      0.347339    0.00774084      0.999648    -0.0253586      -1.03147   0.000112897     0.0253585      0.999678      0.616266
     0.999972   -0.00740906   -0.00115504      0.233281     0.0073788      0.999677    -0.0243092      -0.99739    0.00133478        0.0243      0.999704      0.653128
     0.999973   -0.00723096   -0.00130754      0.212866    0.00719656       0.99967    -0.0246395       -0.9985    0.00148528     0.0246294      0.999696      0.631214
     0.999953   -0.00964808  -0.000860211      0.366381    0.00962266       0.99962    -0.0258224      -1.07967    0.00110902     0.0258129      0.999666      0.589101
     0.999952   -0.00982955   0.000129713      0.438619    0.00982962      0.999617    -0.0258541      -1.08236    0.00012447     0.0258541      0.999666      0.566678
     0.999987   -0.00501126  -0.000820516     0.0928542    0.00498842      0.999655    -0.0258004     -0.995237   0.000949526      0.025796      0.999667      0.570617
     0.999985   -0.00538817  -0.000945522      0.102654    0.00536107      0.999631     -0.026642       -1.0078    0.00108872     0.0266366      0.999645      0.620054
     0.999974   -0.00714132   0.000338986      0.235091    0.00714786      0.999613     -0.026887     -0.982046  -0.000146847     0.0268887      0.999638      0.484615
     0.999966   -0.00827107   9.55969e-05      0.361444    0.00827064      0.999602    -0.0269738       -1.0548   0.000127543     0.0269736      0.999636      0.457844
     0.999957    -0.0090136    0.00210703      0.509479    0.00906524      0.999622    -0.0259381      -1.03265   -0.00187244     0.0259561      0.999661      0.402174
     0.999952   -0.00948637    0.00232491      0.533265    0.00954127      0.999645    -0.0248638      -1.05796   -0.00208822     0.0248848      0.999688      0.453483
      0.99995   -0.00959354    0.00294875      0.611271    0.00966569      0.999628    -0.0255136      -1.07185   -0.00270289     0.0255408       0.99967      0.378377
