# 3dvolreg matrices (DICOM-to-DICOM, row-by-row):
     0.999878    -0.0153296    0.00285229      0.839634     0.0153321      0.999882  -0.000872035      0.108855   -0.00283859   0.000915661      0.999996      0.603972
      0.99992    -0.0126116   0.000647247      0.624537     0.0126032      0.999852     0.0116832      0.466821  -0.000794494    -0.0116741      0.999932      0.689882
     0.999919    -0.0127337   0.000771129      0.660152     0.0127283      0.999897     0.0066255      0.330583  -0.000855417   -0.00661514      0.999978      0.666037
     0.999898    -0.0141532    0.00202814      0.767194     0.0141417      0.999884    0.00557165      0.330651   -0.00210676    -0.0055424      0.999982      0.667504
     0.999897    -0.0141408    0.00224407       0.76485     0.0141329      0.999894    0.00351692       0.23033   -0.00229357   -0.00348484      0.999991      0.615642
     0.999889    -0.0148066     0.0018905        0.7584     0.0148059       0.99989   0.000413934       0.10458   -0.00189642  -0.000385897      0.999998      0.583215
     0.999877     -0.015393     0.0030268      0.857659     0.0153956      0.999881  -0.000844945     0.0591522   -0.00301343   0.000891441      0.999995      0.591725
     0.999896    -0.0141197    0.00286895      0.766153     0.0141218        0.9999  -0.000700987     0.0408207   -0.00285877   0.000741429      0.999996      0.666187
     0.999889    -0.0145446    0.00316251      0.812512     0.0145508      0.999892   -0.00193271    -0.0146308   -0.00313406    0.00197852      0.999993      0.554457
      0.99988    -0.0150498    0.00375322      0.869686     0.0150579      0.999884   -0.00214519    -0.0489209   -0.00372051    0.00220144      0.999991      0.578272
     0.999882    -0.0148842    0.00370246      0.901105     0.0148955      0.999884   -0.00305187    -0.0517025    -0.0036566    0.00310667      0.999988      0.536253
     0.999886    -0.0145651    0.00401786      0.892572     0.0145841      0.999882   -0.00473869     -0.130262   -0.00394837    0.00479675      0.999981      0.593578
     0.999893    -0.0140242    0.00410187      0.913467     0.0140503      0.999881   -0.00641785     -0.165952   -0.00401137    0.00647479      0.999971      0.559759
     0.999897    -0.0137133    0.00415332      0.888057     0.0137402      0.999884   -0.00651054      -0.19182   -0.00406355    0.00656694       0.99997      0.638176
      0.99993    -0.0113348    0.00351117      0.709993     0.0113751      0.999867    -0.0116679     -0.181126   -0.00337845      0.011707      0.999926      0.707838
      0.99994    -0.0103839    0.00357914      0.674676     0.0104086      0.999922   -0.00696508     -0.130986   -0.00350654    0.00700191      0.999969      0.753056
     0.999929    -0.0106207    0.00544652      0.774557     0.0106734      0.999896   -0.00974037     -0.128852    -0.0053425    0.00979781      0.999938      0.645401
     0.999881    -0.0116625     0.0100681        1.2077     0.0115641      0.999885    0.00977695       1.44955     -0.010181   -0.00965936      0.999902      -1.67302
      0.99994     -0.009739    0.00502343       1.02611    0.00963383      0.999742     0.0205513       1.33914   -0.00522229    -0.0205017      0.999776     -0.807514
     0.999912    -0.0131513    0.00151723      0.804982      0.013118       0.99971     0.0201914      0.848403   -0.00178233    -0.0201698      0.999795      0.799505
     0.999927    -0.0119992   -0.00123509      0.711573     0.0120187      0.999779     0.0172453       1.18176    0.00102788    -0.0172589      0.999851      0.589877
     0.999935    -0.0111126   -0.00270679       0.64604     0.0111451      0.999862     0.0122829       1.02771    0.00256992    -0.0123122      0.999921      0.565029
     0.999917    -0.0128774  -0.000439402      0.818629     0.0128813      0.999862     0.0104904      0.887029   0.000304253    -0.0104952      0.999945      0.464828
     0.999916    -0.0129422    0.00101312      0.919528     0.0129343      0.999888    0.00749839      0.732229   -0.00111006   -0.00748465      0.999971       0.46108
     0.999927    -0.0120896   0.000851322      0.757434     0.0120862      0.999919    0.00392761      0.580018  -0.000898737   -0.00391703      0.999992      0.596926
     0.999874     -0.014721    0.00591446       0.91407     0.0147211      0.999892   2.23468e-05      0.348373   -0.00591414   6.47231e-05      0.999983      0.703748
     0.999875    -0.0142912    0.00674764       1.05165     0.0143533      0.999854   -0.00923408     0.0286693   -0.00661469    0.00932978      0.999935      0.730049
     0.999897    -0.0142652    0.00168169      0.980566     0.0142747      0.999881   -0.00576945     0.0302213   -0.00159918    0.00579286      0.999982      0.798394
     0.999862    -0.0165422    0.00150503       1.02507     0.0165529      0.999836   -0.00735262    -0.0120902   -0.00138315    0.00737652      0.999972      0.701934
     0.999878    -0.0155917   0.000846967      0.979703     0.0156011        0.9998    -0.0125148     -0.200885  -0.000651671     0.0125265      0.999921      0.636999
      0.99986    -0.0167394   0.000382978       1.07712     0.0167425      0.999805    -0.0104397     -0.184511   -0.00020815     0.0104446      0.999945      0.633352
     0.999848    -0.0173543    0.00167376       1.15294     0.0173714       0.99979    -0.0108407     -0.223796   -0.00148528     0.0108681       0.99994      0.589871
     0.999859    -0.0166986    0.00197985       1.12328     0.0167225      0.999779    -0.0127687     -0.288921   -0.00176619        0.0128      0.999917       0.50887
     0.999874    -0.0158664   0.000586026       1.00317     0.0158729      0.999784    -0.0134061     -0.368906  -0.000373192     0.0134138       0.99991      0.511645
     0.999882    -0.0153348   0.000589206      0.966626     0.0153421      0.999761    -0.0155565     -0.386424   -0.00035051     0.0155637      0.999879      0.493978
     0.999883    -0.0152777   0.000841139      0.952137      0.015289      0.999761    -0.0156309     -0.409906  -0.000602133     0.0156419      0.999877      0.568469
     0.999871    -0.0160004    0.00100644       1.02516     0.0160163      0.999701    -0.0184998     -0.483687  -0.000710138     0.0185136      0.999828       0.66198
     0.999871    -0.0159812    0.00149348        1.0398     0.0160052      0.999714    -0.0177826     -0.419295   -0.00120886     0.0178043      0.999841       0.74935
     0.999894    -0.0143718    0.00225113       1.04309     0.0144027      0.999793    -0.0143936     -0.341837    -0.0020438     0.0144245      0.999894      0.682904
     0.999896    -0.0111462    0.00914866       1.28733     0.0112889      0.999813    -0.0157047     -0.383967    -0.0089719     0.0158064      0.999835      0.449396
     0.999974   -0.00558638    0.00463581      0.552287    0.00568913      0.999732    -0.0224539      -0.49404   -0.00450913     0.0224796      0.999737      0.615037
     0.999938    -0.0110184    0.00151565      0.590582       0.01108      0.998712    -0.0495152      -1.21908  -0.000968116     0.0495289      0.998772     -0.200798
     0.999141    -0.0385286     0.0152539       2.03013     0.0387177      0.999174    -0.0123047     -0.547976    -0.0147672     0.0128847      0.999808      0.275036
     0.999497    -0.0292604     0.0122178       1.56654     0.0293653      0.999533   -0.00849941     -0.328327    -0.0119634    0.00885392      0.999889      0.626808
     0.999497    -0.0298137     0.0107804       1.55979     0.0299464      0.999475     -0.012367     -0.451224    -0.0104061     0.0126836      0.999865        0.6045
     0.999494    -0.0297887     0.0111238       1.57226     0.0299388      0.999459    -0.0135787     -0.474523    -0.0107133     0.0139049      0.999846      0.484789
     0.999511    -0.0291002     0.0114612       1.48536      0.029265      0.999467    -0.0144882     -0.505106    -0.0110334     0.0148165      0.999829      0.588556
     0.999489    -0.0295236     0.0122142       1.54691     0.0297047      0.999447    -0.0149275       -0.5182    -0.0117668     0.0152827      0.999814      0.522257
     0.999534     -0.028427     0.0111424       1.45571     0.0285739      0.999504     -0.013251     -0.448937    -0.0107602     0.0135632       0.99985      0.500347
     0.999554    -0.0273878     0.0119126       1.36806     0.0275271      0.999553     -0.011685     -0.462855    -0.0115872     0.0120077      0.999861      0.571381
     0.999576    -0.0266248     0.0117897       1.32385     0.0267616      0.999574    -0.0116065     -0.404185    -0.0114757     0.0119171      0.999863      0.374004
     0.999678    -0.0227585     0.0111996       1.23293     0.0229199      0.999632    -0.0145051      -0.42938    -0.0108653     0.0147571      0.999832      0.401524
      0.99972    -0.0224124    0.00759431       1.13886     0.0225569      0.999555    -0.0195181      0.397926   -0.00715348     0.0196839      0.999781   -0.00246184
     0.999717    -0.0230564    0.00590815       1.08952     0.0231174      0.999678    -0.0104711     0.0988539   -0.00566482     0.0106047      0.999928      0.252395
     0.999729    -0.0214959    0.00888911       1.13593     0.0215977        0.9997    -0.0115191     -0.190539   -0.00863884      0.011708      0.999894      0.403875
     0.999705    -0.0217997     0.0107072       1.21207     0.0219222      0.999694     -0.011463     -0.184891    -0.0104541     0.0116944      0.999877      0.418127
     0.999693     -0.022585     0.0101726       1.26968     0.0227092      0.999667     -0.012262     -0.191242   -0.00989223     0.0124892      0.999873      0.408839
     0.999693    -0.0226331     0.0100633        1.2939     0.0227837      0.999626    -0.0151136      -0.28871   -0.00971751     0.0153382      0.999835      0.454362
      0.99967    -0.0235271     0.0103058       1.37363     0.0236958      0.999582    -0.0165714     -0.355755   -0.00991163     0.0168101       0.99981      0.399087
     0.999642    -0.0244964     0.0107895       1.45674     0.0246835      0.999541    -0.0175562     -0.438773    -0.0103544     0.0178162      0.999788      0.452112
     0.999677    -0.0232348     0.0102538       1.38048     0.0234184      0.999561    -0.0181625     -0.447739   -0.00982732     0.0183968      0.999782      0.486211
     0.999668    -0.0233889     0.0107793       1.38121     0.0235646      0.999587    -0.0164697     -0.422248    -0.0103896     0.0167183      0.999806      0.516849
     0.999663    -0.0236221     0.0107237       1.41668     0.0238155      0.999549    -0.0182779     -0.448679    -0.0102871     0.0185272      0.999775      0.423102
     0.999667    -0.0234945     0.0106698       1.38449     0.0236582        0.9996    -0.0154801     -0.395316    -0.0103018     0.0157274      0.999823       0.53102
     0.999673    -0.0233393     0.0104404       1.39611     0.0235057      0.999594    -0.0161114     -0.381196    -0.0100601     0.0163515      0.999816      0.402709
     0.999665    -0.0236361      0.010574       1.42145      0.023817      0.999566    -0.0173219     -0.451659      -0.01016     0.0175679      0.999794      0.428866
     0.999679    -0.0230454     0.0104897       1.40681     0.0232368      0.999559    -0.0185109     -0.465133    -0.0100584     0.0187487      0.999774      0.376492
      0.99966    -0.0242659    0.00955311       1.38773     0.0244447      0.999519    -0.0190688     -0.543357    -0.0090858     0.0192958      0.999773      0.442332
     0.999659    -0.0242937    0.00957722       1.37698     0.0244772       0.99951    -0.0195325     -0.512701     -0.009098     0.0197602      0.999763      0.444779
      0.99968    -0.0231863     0.0101335        1.2904     0.0233559      0.999583    -0.0169575     -0.425667   -0.00973611     0.0171887      0.999805      0.576947
     0.999689    -0.0226226     0.0104819       1.32862     0.0228132       0.99957    -0.0184363     -0.437792    -0.0100604     0.0186697      0.999775      0.540361
      0.99972    -0.0208146     0.0112529       1.32497     0.0210362       0.99958    -0.0199536     -0.514244    -0.0108328     0.0201847      0.999738       0.51472
     0.999696    -0.0220174     0.0111129       1.34974     0.0222158       0.99959    -0.0180624     -0.472059    -0.0107107     0.0183038      0.999775      0.490404
     0.999694    -0.0222561     0.0107738        1.3167     0.0224386      0.999601    -0.0171285     -0.444611    -0.0103883      0.017365      0.999795      0.539617
     0.999688    -0.0225417     0.0107461       1.33748     0.0227278      0.999588     -0.017522     -0.459949    -0.0103467     0.0177608      0.999789      0.647219
     0.999681    -0.0226753     0.0111489       1.36597     0.0228598      0.999599    -0.0167138     -0.435946    -0.0107654     0.0169633      0.999798      0.617985
     0.999687    -0.0222865     0.0113871       1.37608     0.0224852      0.999592     -0.017629     -0.470798    -0.0109896     0.0178795       0.99978      0.631186
     0.999677    -0.0224968     0.0118027       1.46264     0.0227011       0.99959    -0.0174742     -0.552336    -0.0114047     0.0177365      0.999778       0.88875
      0.99968    -0.0222264     0.0120649       1.48555     0.0224509      0.999571    -0.0188025     -0.535586    -0.0116418     0.0190673       0.99975      0.796711
     0.999718    -0.0207828      0.011491       1.37694     0.0209976      0.999601    -0.0189044     -0.579294    -0.0110935     0.0191403      0.999755      0.784141
     0.999737    -0.0200985     0.0110007       1.29746     0.0203004      0.999622    -0.0185645     -0.420016    -0.0106234      0.018783      0.999767      0.374953
      0.99983    -0.0163269    0.00862097      0.918522     0.0165324      0.999567    -0.0243395     -0.539913   -0.00821985     0.0244779      0.999667     0.0977611
     0.999874    -0.0137481    0.00798782      0.682805     0.0139523      0.999562    -0.0261059     -0.616405   -0.00762542      0.026214      0.999627      0.187633
     0.999874    -0.0136564    0.00813827      0.652313     0.0138532        0.9996    -0.0246383     -0.549917   -0.00779855     0.0247479      0.999663      0.180686
      0.99988    -0.0134653    0.00763129      0.602944     0.0136538      0.999589    -0.0252106     -0.589774   -0.00728868     0.0253118      0.999653      0.188035
     0.999881    -0.0132873    0.00787759      0.631097     0.0134958      0.999544    -0.0270251     -0.634578   -0.00751491     0.0271282      0.999604       0.10009
     0.999864    -0.0142512    0.00824571      0.708803     0.0144703      0.999526     -0.027157      -0.67455   -0.00785479     0.0272727      0.999597      0.120808
     0.999862    -0.0142915    0.00847833        0.7178     0.0145223      0.999508    -0.0278162     -0.680644   -0.00807662     0.0279355      0.999577     0.0711258
     0.999875    -0.0141408    0.00703832       0.61597     0.0143275      0.999527    -0.0272237      -0.65556   -0.00665003     0.0273212      0.999605      0.190164
     0.999876    -0.0137913    0.00754707      0.582282     0.0139914      0.999534    -0.0271364     -0.640577   -0.00716931     0.0272387      0.999603      0.181808
     0.999877    -0.0140015     0.0071131       0.56936     0.0141965      0.999503    -0.0281466     -0.699703   -0.00671547     0.0282442      0.999578      0.256954
     0.999875    -0.0142563    0.00679111      0.584236     0.0144162      0.999605    -0.0241089     -0.504468   -0.00644473     0.0242038      0.999686      0.254271
     0.999872    -0.0141395    0.00743112      0.600056     0.0143225       0.99958    -0.0251846     -0.565667    -0.0070719     0.0252878      0.999655       0.25717
     0.999873    -0.0134959    0.00845774      0.620287     0.0137141       0.99956    -0.0262885     -0.613236   -0.00809923     0.0264011      0.999619      0.234259
     0.999873     -0.013528     0.0083971      0.608726     0.0137488      0.999546    -0.0268193     -0.633898   -0.00803047     0.0269314      0.999605      0.244267
     0.999864     -0.014381    0.00809477      0.638406     0.0146105      0.999472    -0.0290348     -0.684165   -0.00767294     0.0291491      0.999546      0.206557
     0.999853    -0.0152121    0.00792473      0.587913     0.0153911      0.999616     -0.023034     -0.322408   -0.00757129     0.0231526      0.999703      0.209985
     0.999858    -0.0152477    0.00715592      0.451171     0.0153009      0.999855   -0.00744353      0.176938   -0.00704139    0.00755197      0.999947      0.323876
     0.999843    -0.0171355    0.00447346      0.421242     0.0171593      0.999838   -0.00535111      0.110088   -0.00438104    0.00542704      0.999976      0.397477
     0.999855     -0.016622    0.00364732      0.390894     0.0166507      0.999829   -0.00798736     0.0263883   -0.00351393    0.00804694      0.999961      0.389965
     0.999844     -0.017249    0.00377963      0.459316     0.0172819      0.999812   -0.00884637    -0.0587161   -0.00362632    0.00891031      0.999954      0.370932
     0.999842    -0.0172699    0.00431783      0.516244      0.017312      0.999801   -0.00990646    -0.0648256   -0.00414589    0.00997964      0.999942      0.351917
     0.999848    -0.0167711    0.00475199      0.506467     0.0168209      0.999802    -0.0106388     -0.108664   -0.00457263     0.0107171      0.999932      0.398695
     0.999838    -0.0172416    0.00518546       0.54519     0.0172974      0.999791    -0.0109198     -0.102573    -0.0049961     0.0110078      0.999927      0.392169
     0.999841    -0.0169575    0.00550291      0.528459     0.0170193       0.99979    -0.0113788     -0.104679    -0.0053088     0.0114706       0.99992      0.316565
      0.99985    -0.0162973    0.00583562      0.540614     0.0163723      0.999781    -0.0130421     -0.146347   -0.00562179     0.0131357      0.999898      0.387512
     0.999854    -0.0158611    0.00634954      0.555889     0.0159469      0.999779    -0.0136987     -0.146175   -0.00613086      0.013798      0.999886      0.321058
     0.999848     -0.016228    0.00636104      0.575529     0.0163093      0.999783    -0.0129317     -0.182969   -0.00614981     0.0130335      0.999896      0.394044
     0.999844    -0.0164635    0.00637886      0.571431     0.0165407      0.999788    -0.0122358     -0.144548   -0.00617606     0.0123394      0.999905      0.345221
     0.999847    -0.0163339    0.00618314      0.569919     0.0164085      0.999791    -0.0122097      -0.13163   -0.00598241     0.0123093      0.999906      0.366804
     0.999851    -0.0162212    0.00585242      0.556747     0.0162959      0.999783    -0.0129503     -0.152692   -0.00564109     0.0130438      0.999899      0.343772
     0.999855    -0.0158449    0.00625615      0.573174     0.0159266      0.999786    -0.0132378      -0.15129   -0.00604506     0.0133356      0.999893       0.36804
     0.999855    -0.0158442    0.00623314      0.575714     0.0159248      0.999787    -0.0130974     -0.173193    -0.0060243     0.0131947      0.999895      0.361023
     0.999831    -0.0169537    0.00706851      0.680258     0.0170515      0.999756    -0.0140172     -0.189376   -0.00682915     0.0141353      0.999877      0.338883
     0.999828    -0.0169768    0.00749489      0.728482     0.0170891      0.999739    -0.0151904     -0.235795   -0.00723505     0.0153158      0.999857      0.322844
     0.999839    -0.0161176    0.00791346      0.718873     0.0162402      0.999745    -0.0156793     -0.226512   -0.00765873     0.0158053      0.999846      0.326042
     0.999826    -0.0169305    0.00780835      0.776092     0.0170638      0.999704    -0.0173265     -0.312987   -0.00751269     0.0174567      0.999819      0.334907
     0.999806    -0.0180981    0.00771833      0.857828     0.0182535      0.999622    -0.0205625     -0.431949   -0.00734327     0.0206994      0.999759      0.327505
      0.99979    -0.0187643    0.00828057      0.889871     0.0189275      0.999619    -0.0200926     -0.404666   -0.00790039     0.0202451      0.999764      0.304928
     0.999813    -0.0176278    0.00800874      0.843737     0.0177876      0.999635    -0.0203398     -0.427824   -0.00764727     0.0204784      0.999761      0.324753
     0.999818    -0.0171729    0.00826893      0.855978     0.0173447      0.999625     -0.021177     -0.433294   -0.00790217     0.0213165      0.999742      0.274866
     0.999805    -0.0182501    0.00757365      0.887161     0.0184316      0.999527    -0.0246292     -0.565491   -0.00712058      0.024764      0.999668      0.285445
     0.999801    -0.0186772    0.00695167      0.927423     0.0188708      0.999404    -0.0289134     -0.712263    -0.0064075     0.0290389      0.999558      0.214014
     0.999794    -0.0189193    0.00730382      0.931027      0.019121      0.999408    -0.0286143     -0.699978   -0.00675813     0.0287481      0.999564      0.249039
     0.999798    -0.0186593    0.00753026      0.864757      0.018837      0.999528    -0.0242531     -0.547567   -0.00707416     0.0243901      0.999677      0.366997
     0.999806       -0.0182     0.0075875      0.834583     0.0183708      0.999565    -0.0230779     -0.482212   -0.00716418     0.0232128      0.999705      0.304281
     0.999818     -0.017405    0.00782869      0.806656     0.0175877      0.999559    -0.0239115     -0.520688   -0.00740906     0.0240449      0.999683      0.315608
     0.999834     -0.016315    0.00811838      0.804346     0.0165214      0.999525    -0.0260345     -0.597037   -0.00768977     0.0261643      0.999628      0.301924
     0.999833     -0.016197    0.00847662      0.875044     0.0164693      0.999316    -0.0331093     -0.810498   -0.00793455     0.0332434      0.999416      0.230244
     0.999833    -0.0163475     0.0081931      0.890798     0.0166165      0.999287    -0.0339164     -0.852813   -0.00763281     0.0340468      0.999391      0.156515
     0.999839    -0.0159056    0.00834054      0.867896     0.0161732      0.999322    -0.0330684     -0.838376   -0.00780891      0.033198      0.999418      0.209336
     0.999842    -0.0153463    0.00898097      0.894292     0.0156485      0.999279    -0.0346041     -0.850575   -0.00844344     0.0347392      0.999361      0.168634
     0.999831    -0.0157354     0.0095113       0.88968     0.0160287      0.999372    -0.0315918      -0.78101   -0.00900822     0.0317389      0.999456      0.278002
     0.999844    -0.0150229    0.00925725      0.863146     0.0152877      0.999456    -0.0292381     -0.675253   -0.00881297      0.029375       0.99953      0.235802
     0.999834    -0.0154966    0.00960092      0.846236     0.0157606      0.999482    -0.0280574     -0.665806   -0.00916115     0.0282041       0.99956      0.330197
     0.999821    -0.0160721    0.00995494      0.912157     0.0163795      0.999366    -0.0316039     -0.760662   -0.00944069     0.0317613      0.999451      0.249257
     0.999796    -0.0181155    0.00892527      0.877562     0.0182493      0.999719     -0.015155     -0.229999   -0.00864821     0.0153148      0.999845       0.36656
     0.999749    -0.0220861    0.00367547      0.663314     0.0219037      0.998796     0.0438838       1.80905   -0.00464027    -0.0437923       0.99903      0.384572
     0.999737    -0.0227141    0.00329111      0.645937     0.0225294      0.998585      0.048162       1.91418   -0.00438041    -0.0480752      0.998834      0.467515
     0.999739    -0.0224555     0.0041354      0.648001       0.02225      0.998767      0.044385        1.7413   -0.00512699    -0.0442814      0.999006      0.450635
     0.999715    -0.0235361    0.00399597      0.712317     0.0233678      0.999007     0.0379319       1.55335   -0.00488477    -0.0378277      0.999272      0.274337
     0.999725    -0.0228963    0.00512551      0.797968     0.0227374      0.999316     0.0291602       1.23768   -0.00578967    -0.0290356      0.999562      0.347117
     0.999716    -0.0231783    0.00544866      0.833401     0.0230325      0.999411      0.025447       1.16798   -0.00603527    -0.0253143      0.999661      0.308432
     0.999726    -0.0226509    0.00588184      0.811413      0.022497      0.999434      0.025025       1.10723   -0.00644535    -0.0248859       0.99967      0.392091
     0.999732    -0.0221538    0.00666597      0.839396     0.0219895      0.999475     0.0237762       1.09196   -0.00718921    -0.0236233      0.999695      0.322462
     0.999739    -0.0216736    0.00717111      0.861334     0.0215141      0.999535     0.0216178      0.979698   -0.00763631    -0.0214579      0.999741      0.403226
     0.999742    -0.0213526    0.00777923      0.897421     0.0211989      0.999588     0.0193248      0.928726   -0.00818866    -0.0191548      0.999783      0.354372
     0.999743    -0.0212877    0.00782219      0.845074     0.0211367      0.999598     0.0189046      0.887549   -0.00822148    -0.0187344      0.999791      0.410206
     0.999745    -0.0211422    0.00795409      0.848474     0.0209828      0.999587     0.0196203      0.957704   -0.00836563    -0.0194484      0.999776      0.300073
     0.999742    -0.0212089     0.0080793      0.868404     0.0210544      0.999603     0.0187481       0.88555   -0.00847372    -0.0185731      0.999792      0.380192
     0.999739    -0.0211057    0.00872136      0.927335     0.0209538      0.999633     0.0171571      0.879295   -0.00908028    -0.0169699      0.999815      0.254047
     0.999745    -0.0210129    0.00824823      0.945757     0.0209011      0.999691     0.0134201      0.690422   -0.00852768    -0.0132443      0.999876      0.335348
      0.99975    -0.0207398    0.00839161       0.95207     0.0206248      0.999695     0.0135664      0.739256   -0.00867042    -0.0133899      0.999873      0.300989
     0.999756    -0.0206007    0.00801995      0.906406     0.0204761      0.999673      0.015321      0.749366   -0.00833295     -0.015153       0.99985      0.404505
      0.99975    -0.0209742    0.00769242      0.911845     0.0208603      0.999676     0.0146019      0.789056   -0.00799619    -0.0144378      0.999864      0.320383
     0.999766    -0.0201187    0.00798974      0.876312     0.0200007      0.999694     0.0145873      0.803235   -0.00828077    -0.0144241      0.999862      0.337143
     0.999775    -0.0191467    0.00914539      0.903779     0.0190249      0.999732     0.0132206      0.767902   -0.00939607    -0.0130437      0.999871      0.221364
     0.999771    -0.0192107    0.00938493      0.944062     0.0190964      0.999744      0.012118      0.679394   -0.00961532     -0.011936      0.999883      0.259293
     0.999787    -0.0184683     0.0091922      0.933252     0.0183617      0.999765     0.0115519      0.676816   -0.00940338    -0.0113807      0.999891      0.212591
     0.999782     -0.019001    0.00866725      0.913393     0.0189123      0.999769     0.0102064      0.614918   -0.00885919    -0.0100403       0.99991      0.295219
     0.999791    -0.0184777    0.00869435      0.903958     0.0183952      0.999786     0.0094771      0.607237   -0.00886761   -0.00931519      0.999917       0.24437
     0.999795    -0.0182034    0.00889146      0.898199     0.0181131      0.999785     0.0101284      0.622631   -0.00907392   -0.00996526      0.999909      0.236055
      0.99979    -0.0184162    0.00898056      0.931377     0.0183322      0.999788    0.00934597      0.597323   -0.00915078   -0.00917938      0.999916      0.245433
     0.999778    -0.0187122    0.00966138      0.998849     0.0186354      0.999795    0.00797874      0.574929   -0.00980869   -0.00779693      0.999921      0.155165
     0.999778    -0.0187983    0.00951079       1.00007     0.0187147      0.999786    0.00880362      0.580777   -0.00967425   -0.00862367      0.999916      0.208962
     0.999774    -0.0189244    0.00967745      0.993128     0.0188351       0.99978    0.00923867      0.590724   -0.00985015   -0.00905431       0.99991      0.195978
     0.999775    -0.0189762    0.00949239       0.98298     0.0188981      0.999787     0.0082502       0.57146   -0.00964693   -0.00806895      0.999921      0.207122
     0.999783    -0.0186384    0.00927044      0.963974     0.0185728      0.999802    0.00711359      0.520867    -0.0094012   -0.00693987      0.999932      0.173144
      0.99979    -0.0183538    0.00917006      0.947177     0.0182853      0.999805    0.00750312      0.512876   -0.00930598   -0.00733387       0.99993      0.188227
     0.999787    -0.0186917    0.00874212      0.948009     0.0186352      0.999805    0.00650334      0.513544   -0.00886197   -0.00633905      0.999941       0.13683
     0.999761    -0.0200408    0.00877403      0.967551     0.0199798      0.999776    0.00698969      0.525797   -0.00891214   -0.00681271      0.999937      0.226479
     0.999762    -0.0199143    0.00894664      0.959269     0.0198587      0.999783    0.00626797      0.525567   -0.00906953   -0.00608881       0.99994      0.127147
     0.999763    -0.0198347    0.00893381      0.956799     0.0197687      0.999777    0.00741061      0.526616   -0.00907881   -0.00723224      0.999933       0.19302
     0.999771    -0.0194178    0.00901001      0.946252     0.0193484      0.999783    0.00772875      0.551312   -0.00915813   -0.00755265       0.99993      0.181467
     0.999781      -0.01892    0.00897996      0.955274     0.0188572      0.999798    0.00702127      0.547788   -0.00911098   -0.00685039      0.999935      0.198048
     0.999786    -0.0187165    0.00885908      0.919877     0.0186605      0.999806    0.00635677      0.507114   -0.00897633    -0.0061901      0.999941      0.187267
     0.999807    -0.0176568     0.0086684      0.893671     0.0176051      0.999827     0.0060005      0.492134   -0.00877285   -0.00584673      0.999944       0.17449
     0.999794    -0.0180131    0.00940207      0.932376     0.0179661      0.999826    0.00505633      0.478205   -0.00949151   -0.00488637      0.999943      0.141158
     0.999782    -0.0182094     0.0101952      0.956147       0.01816      0.999823    0.00491544      0.463775    -0.0102829   -0.00472922      0.999936      0.207767
     0.999781    -0.0174026     0.0116344      0.987714      0.017352       0.99984    0.00444366      0.465803    -0.0117099   -0.00424081      0.999922      0.152159
     0.999788    -0.0172466      0.011251      0.985345     0.0171767      0.999833    0.00628324      0.515512    -0.0113575   -0.00608865      0.999917      0.185192
     0.999786    -0.0177183     0.0107173      0.965745     0.0176515      0.999824    0.00629817      0.517068     -0.010827   -0.00610764      0.999923      0.152962
      0.99977    -0.0186039     0.0106901      0.970529     0.0185382      0.999809    0.00621301      0.514673    -0.0108037    -0.0060134      0.999924      0.215024
     0.999768    -0.0187398      0.010621      0.984487     0.0186708      0.999804    0.00655743      0.522838    -0.0107418   -0.00635761      0.999922      0.204143
      0.99976    -0.0189527     0.0110051      0.996349     0.0188827      0.999801    0.00643681      0.523958    -0.0111249   -0.00622746      0.999919      0.201382
     0.999764     -0.019003     0.0105277      0.986587     0.0189324      0.999798    0.00676288      0.532371    -0.0106541   -0.00656197      0.999922      0.243286
     0.999749    -0.0200463     0.0100249      0.952955     0.0199896      0.999784    0.00571628      0.435558    -0.0101373   -0.00551445      0.999933      0.286576
     0.999733    -0.0205784     0.0105481       1.02542     0.0205337       0.99978    0.00433268      0.483315    -0.0106349   -0.00411493      0.999935      0.204401
     0.999727    -0.0206058     0.0110206       1.06011     0.0205492      0.999775    0.00522872      0.497585    -0.0111259   -0.00500082      0.999926      0.247885
     0.999736    -0.0200589     0.0112088       1.06587     0.0200135      0.999791    0.00414738      0.467208    -0.0112897   -0.00392195      0.999929      0.201689
     0.999741    -0.0196308     0.0115188       1.02043     0.0195792      0.999798    0.00457865      0.458664    -0.0116063   -0.00435193      0.999923      0.255351
     0.999745    -0.0193288     0.0116899        1.0164      0.019276      0.999804    0.00461434      0.464112    -0.0117768   -0.00438783      0.999921      0.210195
     0.999742    -0.0194998      0.011676      0.997269     0.0194347      0.999795    0.00566568       0.47097    -0.0117841   -0.00543729      0.999916      0.295284
      0.99974     -0.019477     0.0118235      0.997019     0.0194194      0.999799    0.00497213      0.493171     -0.011918   -0.00474123      0.999918      0.219938
     0.999734    -0.0198319     0.0117695       1.00553     0.0197685       0.99979    0.00547526      0.448864    -0.0118756   -0.00524113      0.999916      0.303159
      0.99973     -0.019876     0.0120234       1.03653     0.0198168      0.999791    0.00502655      0.463109    -0.0121208   -0.00478693      0.999915      0.191952
     0.999729    -0.0199524     0.0119917       1.04879     0.0198875      0.999787     0.0055031      0.468727    -0.0120989   -0.00526312      0.999913      0.269993
     0.999736     -0.019695     0.0118643       1.03437     0.0196555      0.999801    0.00344088      0.425884    -0.0119297   -0.00320678      0.999924      0.206648
     0.999736     -0.019683     0.0118466        1.0432     0.0196597      0.999805    0.00208495      0.351913    -0.0118853    -0.0018515      0.999928      0.273146
     0.999725    -0.0199173     0.0124043       1.08411     0.0198994      0.999801    0.00156375      0.358865     -0.012433   -0.00131648      0.999922      0.227972
      0.99973    -0.0197901     0.0121586       1.04083     0.0197539        0.9998    0.00309603      0.380419    -0.0122174   -0.00285502      0.999921      0.308222
     0.999729    -0.0198158     0.0122123       1.03776     0.0197844      0.999801    0.00268944      0.410678    -0.0122631    -0.0024471      0.999922      0.208618
     0.999731    -0.0198884     0.0118986       1.01742     0.0198478      0.999797     0.0035209      0.382918    -0.0119662   -0.00328379      0.999923      0.305434
     0.999733    -0.0197228     0.0120187       1.04557     0.0196793      0.999799     0.0037279      0.445162    -0.0120898   -0.00349039      0.999921      0.175317
     0.999736    -0.0197278     0.0117941       1.05994     0.0196791      0.999797    0.00423167      0.401336    -0.0118752   -0.00399846      0.999921      0.269841
     0.999746    -0.0192989     0.0116045       1.02443     0.0192761      0.999812    0.00206837      0.342136    -0.0116423   -0.00184415      0.999931      0.224187
     0.999753     -0.019336     0.0109533      0.972085     0.0193266      0.999813   0.000960223      0.300587    -0.0109698  -0.000748295       0.99994      0.314624
     0.999728    -0.0202993      0.011508        1.0543     0.0202921      0.999794   0.000739141      0.322222    -0.0115206  -0.000505418      0.999934      0.211166
      0.99972    -0.0206763     0.0114995       1.07897     0.0206705      0.999786   0.000628817      0.273795      -0.01151  -0.000390941      0.999934      0.263611
      0.99973    -0.0201169     0.0116399       1.08473     0.0201081      0.999797   0.000875445      0.322513    -0.0116551  -0.000641153      0.999932      0.170473
     0.999727    -0.0201013     0.0119444       1.07702     0.0200746      0.999796    0.00234528      0.336971    -0.0119891   -0.00210486      0.999926      0.246284
     0.999727    -0.0200052     0.0120332       1.09176     0.0199863      0.999799    0.00168679      0.339934    -0.0120645   -0.00144584      0.999926      0.163021
